1.0000 0.0000
2.0000 0.0000
3.0000 0.0000
4.0000 0.0000
5.0000 0.0000
6.0000 0.0000
7.0000 0.0000
8.0000 0.0000
9.0000 0.0000
10.0000 0.0000
11.0000 0.0000
12.0000 0.0000
13.0000 0.0000
14.0000 0.0000
15.0000 0.0000
16.0000 0.0000
17.0000 0.0000
18.0000 0.0000
19.0000 0.0000
20.0000 0.0000
21.0000 0.0000
22.0000 0.0000
23.0000 0.0000
24.0000 0.0000
25.0000 0.0000
26.0000 0.0000
27.0000 0.0000
28.0000 0.0000
29.0000 0.0000
30.0000 0.0000
31.0000 0.0000
32.0000 0.0000
33.0000 0.0000
34.0000 0.0000
35.0000 0.0000
36.0000 0.0000
37.0000 0.0000
38.0000 0.0000
39.0000 0.0000
40.0000 0.0000
41.0000 0.0000
42.0000 0.0000
43.0000 0.0000
44.0000 0.0000
45.0000 0.0000
46.0000 0.0000
47.0000 0.0000
48.0000 0.0000
49.0000 0.0000
50.0000 0.0000
51.0000 0.0000
52.0000 0.0000
53.0000 0.0000
54.0000 0.0000
55.0000 0.0000
56.0000 0.0000
57.0000 0.0000
58.0000 0.0000
59.0000 0.0000
60.0000 0.0000
61.0000 0.0000
62.0000 0.0000
63.0000 0.0000
64.0000 0.0000
65.0000 0.0000
66.0000 0.0000
67.0000 0.0000
68.0000 0.0000
69.0000 0.0000
70.0000 0.0000
71.0000 0.0000
72.0000 0.0000
73.0000 0.0000
74.0000 0.0000
75.0000 0.0000
76.0000 0.0000
77.0000 0.0000
78.0000 0.0000
79.0000 0.0000
80.0000 0.0000
81.0000 0.0000
82.0000 0.0000
83.0000 0.0000
84.0000 0.0000
85.0000 0.0000
86.0000 0.0000
87.0000 0.0000
88.0000 0.0000
89.0000 0.0000
90.0000 0.0000
91.0000 0.0000
92.0000 0.0000
93.0000 0.0000
94.0000 0.0000
95.0000 0.0000
96.0000 0.0000
97.0000 0.0000
98.0000 0.0000
99.0000 0.0000
100.0000 0.0000
101.0000 0.0000
102.0000 0.0000
103.0000 0.0000
104.0000 0.0000
105.0000 0.0000
106.0000 0.0000
107.0000 0.0000
108.0000 0.0000
109.0000 0.0000
110.0000 0.0000
111.0000 0.0000
112.0000 0.0000
113.0000 0.0000
114.0000 0.0000
115.0000 0.0000
116.0000 0.0000
117.0000 0.0000
118.0000 0.0000
119.0000 0.0000
120.0000 0.0000
121.0000 0.0000
122.0000 0.0000
123.0000 0.0000
124.0000 0.0000
125.0000 0.0000
126.0000 0.0000
127.0000 0.0000
128.0000 0.0000
129.0000 0.0000
130.0000 0.0000
131.0000 0.0000
132.0000 0.0000
133.0000 0.0000
134.0000 0.0000
135.0000 0.0000
136.0000 0.0000
137.0000 0.0000
138.0000 0.0000
139.0000 0.0000
140.0000 0.0000
141.0000 0.0000
142.0000 0.0000
143.0000 0.0000
144.0000 0.0000
145.0000 0.0000
146.0000 0.0000
147.0000 0.0000
148.0000 0.0000
149.0000 0.0000
150.0000 0.0000
151.0000 0.0000
152.0000 0.0000
153.0000 0.0000
154.0000 0.0000
155.0000 0.0000
156.0000 0.0000
157.0000 0.0000
158.0000 0.0000
159.0000 0.0000
160.0000 0.0000
161.0000 0.0000
162.0000 0.0000
163.0000 0.0000
164.0000 0.0000
165.0000 0.0000
166.0000 0.0000
167.0000 0.0000
168.0000 0.0000
169.0000 0.0000
170.0000 0.0000
171.0000 0.0000
172.0000 0.0000
173.0000 0.0000
174.0000 0.0000
175.0000 0.0000
176.0000 0.0000
177.0000 0.0000
178.0000 0.0000
179.0000 0.0000
180.0000 0.0000
181.0000 0.0000
182.0000 0.0000
183.0000 0.0000
184.0000 0.0000
185.0000 0.0000
186.0000 0.0000
187.0000 0.0000
188.0000 0.0000
189.0000 0.0000
190.0000 0.0000
191.0000 0.0000
192.0000 0.0000
193.0000 0.0000
194.0000 0.0000
195.0000 0.0000
196.0000 0.0000
197.0000 0.0000
198.0000 0.0000
199.0000 0.0000
200.0000 0.0000
201.0000 0.0000
202.0000 0.0000
203.0000 0.0000
204.0000 0.0000
205.0000 0.0000
206.0000 0.0000
207.0000 0.0000
208.0000 0.0000
209.0000 0.0000
210.0000 0.0000
211.0000 0.1200
212.0000 0.1447
213.0000 0.1481
214.0000 0.1513
215.0000 0.1575
216.0000 0.1656
217.0000 0.1743
218.0000 0.1831
219.0000 0.1916
220.0000 0.1998
221.0000 0.2076
222.0000 0.2151
223.0000 0.2223
224.0000 0.2292
225.0000 0.2358
226.0000 0.2422
227.0000 0.2482
228.0000 0.2541
229.0000 0.2597
230.0000 0.2651
231.0000 0.2702
232.0000 0.2751
233.0000 0.2799
234.0000 0.2844
235.0000 0.2888
236.0000 0.2930
237.0000 0.2970
238.0000 0.3008
239.0000 0.3045
240.0000 0.3081
241.0000 0.3115
242.0000 0.3147
243.0000 0.3179
244.0000 0.3209
245.0000 0.3237
246.0000 0.3265
247.0000 0.3291
248.0000 0.3317
249.0000 0.3341
250.0000 0.3364
251.0000 0.3387
252.0000 0.3408
253.0000 0.3429
254.0000 0.3449
255.0000 0.3468
256.0000 0.3486
257.0000 0.3503
258.0000 0.3520
259.0000 0.3536
260.0000 0.3551
261.0000 0.3566
262.0000 0.3580
263.0000 0.3594
264.0000 0.3607
265.0000 0.3619
266.0000 0.3631
267.0000 0.3643
268.0000 0.3654
269.0000 0.3664
270.0000 0.3675
271.0000 0.3684
272.0000 0.3694
273.0000 0.3703
274.0000 0.3711
275.0000 0.3719
276.0000 0.3727
277.0000 0.3735
278.0000 0.3742
279.0000 0.3749
280.0000 0.3756
281.0000 0.3762
282.0000 0.3768
283.0000 0.3774
284.0000 0.3780
285.0000 0.3785
286.0000 0.3791
287.0000 0.3796
288.0000 0.3800
289.0000 0.3805
290.0000 0.3809
291.0000 0.3814
292.0000 0.3818
293.0000 0.3822
294.0000 0.3825
295.0000 0.3829
296.0000 0.3832
297.0000 0.3836
298.0000 0.3839
299.0000 0.3842
300.0000 0.3845
301.0000 0.3848
302.0000 0.3850
303.0000 0.3853
304.0000 0.3855
305.0000 0.3858
306.0000 0.3860
307.0000 0.3862
308.0000 0.3864
309.0000 0.3866
310.0000 0.3868
311.0000 0.3870
312.0000 0.3872
313.0000 0.3873
314.0000 0.3875
315.0000 0.3876
316.0000 0.3878
317.0000 0.3879
318.0000 0.3881
319.0000 0.3882
320.0000 0.3883
321.0000 0.3885
322.0000 0.3886
323.0000 0.3887
324.0000 0.3888
325.0000 0.3889
326.0000 0.3890
327.0000 0.3891
328.0000 0.3892
329.0000 0.3893
330.0000 0.3893
331.0000 0.3894
332.0000 0.3895
333.0000 0.3896
334.0000 0.3896
335.0000 0.3897
336.0000 0.3898
337.0000 0.3898
338.0000 0.3899
339.0000 0.3900
340.0000 0.3900
341.0000 0.3901
342.0000 0.3901
343.0000 0.3902
344.0000 0.3902
345.0000 0.3903
346.0000 0.3903
347.0000 0.3903
348.0000 0.3904
349.0000 0.3904
350.0000 0.3905
351.0000 0.3905
352.0000 0.3905
353.0000 0.3906
354.0000 0.3906
355.0000 0.3906
356.0000 0.3906
357.0000 0.3907
358.0000 0.3907
359.0000 0.3907
360.0000 0.3907
361.0000 0.3908
362.0000 0.3908
363.0000 0.3908
364.0000 0.3908
365.0000 0.3908
366.0000 0.3909
367.0000 0.3909
368.0000 0.3909
369.0000 0.3909
370.0000 0.3909
371.0000 0.3909
372.0000 0.3910
373.0000 0.3910
374.0000 0.3910
375.0000 0.3910
376.0000 0.3910
377.0000 0.3910
378.0000 0.3910
379.0000 0.3911
380.0000 0.3911
381.0000 0.3911
382.0000 0.3911
383.0000 0.3911
384.0000 0.3911
385.0000 0.3911
386.0000 0.3911
387.0000 0.3911
388.0000 0.3911
389.0000 0.3911
390.0000 0.3911
391.0000 0.3912
392.0000 0.3912
393.0000 0.3912
394.0000 0.3912
395.0000 0.3912
396.0000 0.3912
397.0000 0.3912
398.0000 0.3912
399.0000 0.3912
400.0000 0.3912
401.0000 0.3912
402.0000 0.3912
403.0000 0.3912
404.0000 0.3912
405.0000 0.3912
406.0000 0.3912
407.0000 0.3912
408.0000 0.3912
409.0000 0.3912
410.0000 0.3912
411.0000 0.3912
412.0000 0.3912
413.0000 0.3912
414.0000 0.3912
415.0000 0.3912
416.0000 0.3912
417.0000 0.3913
418.0000 0.3913
419.0000 0.3913
420.0000 0.3913
421.0000 0.3913
422.0000 0.3913
423.0000 0.3913
424.0000 0.3913
425.0000 0.3913
426.0000 0.3913
427.0000 0.3913
428.0000 0.3913
429.0000 0.3913
430.0000 0.3913
431.0000 0.3913
432.0000 0.3913
433.0000 0.3913
434.0000 0.3913
435.0000 0.3913
436.0000 0.3913
437.0000 0.3913
438.0000 0.3913
439.0000 0.3913
440.0000 0.3913
441.0000 0.3913
442.0000 0.3913
443.0000 0.3913
444.0000 0.3913
445.0000 0.3913
446.0000 0.3913
447.0000 0.3913
448.0000 0.3913
449.0000 0.3913
450.0000 0.3913
451.0000 0.3913
452.0000 0.3913
453.0000 0.3913
454.0000 0.3913
455.0000 0.3913
456.0000 0.3913
457.0000 0.3913
458.0000 0.3913
459.0000 0.3913
460.0000 0.3913
461.0000 0.3913
462.0000 0.3913
463.0000 0.3913
464.0000 0.3913
465.0000 0.3913
466.0000 0.3913
467.0000 0.3913
468.0000 0.3913
469.0000 0.3913
470.0000 0.3913
471.0000 0.3913
472.0000 0.3913
473.0000 0.3913
474.0000 0.3913
475.0000 0.3913
476.0000 0.3913
477.0000 0.3913
478.0000 0.3913
479.0000 0.3913
480.0000 0.3913
481.0000 0.3913
482.0000 0.3913
483.0000 0.3913
484.0000 0.3913
485.0000 0.3913
486.0000 0.3913
487.0000 0.3913
488.0000 0.3913
489.0000 0.3913
490.0000 0.3913
491.0000 0.3913
492.0000 0.3913
493.0000 0.3913
494.0000 0.3913
495.0000 0.3913
496.0000 0.3913
497.0000 0.3913
498.0000 0.3913
499.0000 0.3913
500.0000 0.3913
501.0000 0.3913
502.0000 0.3913
503.0000 0.3913
504.0000 0.3913
505.0000 0.3913
506.0000 0.3913
507.0000 0.3913
508.0000 0.3913
509.0000 0.3913
510.0000 0.3913
511.0000 0.1512
512.0000 0.1020
513.0000 0.0951
514.0000 0.0886
515.0000 0.0763
516.0000 0.0601
517.0000 0.0426
518.0000 0.0251
519.0000 0.0081
520.0000 -0.0082
521.0000 -0.0239
522.0000 -0.0389
523.0000 -0.0533
524.0000 -0.0671
525.0000 -0.0803
526.0000 -0.0930
527.0000 -0.1052
528.0000 -0.1169
529.0000 -0.1281
530.0000 -0.1388
531.0000 -0.1491
532.0000 -0.1590
533.0000 -0.1685
534.0000 -0.1776
535.0000 -0.1863
536.0000 -0.1947
537.0000 -0.2027
538.0000 -0.2104
539.0000 -0.2178
540.0000 -0.2248
541.0000 -0.2316
542.0000 -0.2382
543.0000 -0.2444
544.0000 -0.2504
545.0000 -0.2561
546.0000 -0.2617
547.0000 -0.2670
548.0000 -0.2720
549.0000 -0.2769
550.0000 -0.2816
551.0000 -0.2860
552.0000 -0.2903
553.0000 -0.2945
554.0000 -0.2984
555.0000 -0.3022
556.0000 -0.3058
557.0000 -0.3093
558.0000 -0.3127
559.0000 -0.3159
560.0000 -0.3190
561.0000 -0.3219
562.0000 -0.3247
563.0000 -0.3275
564.0000 -0.3301
565.0000 -0.3326
566.0000 -0.3350
567.0000 -0.3373
568.0000 -0.3395
569.0000 -0.3416
570.0000 -0.3436
571.0000 -0.3456
572.0000 -0.3474
573.0000 -0.3492
574.0000 -0.3509
575.0000 -0.3526
576.0000 -0.3542
577.0000 -0.3557
578.0000 -0.3571
579.0000 -0.3585
580.0000 -0.3599
581.0000 -0.3611
582.0000 -0.3624
583.0000 -0.3636
584.0000 -0.3647
585.0000 -0.3658
586.0000 -0.3668
587.0000 -0.3678
588.0000 -0.3688
589.0000 -0.3697
590.0000 -0.3706
591.0000 -0.3714
592.0000 -0.3722
593.0000 -0.3730
594.0000 -0.3738
595.0000 -0.3745
596.0000 -0.3752
597.0000 -0.3758
598.0000 -0.3765
599.0000 -0.3771
600.0000 -0.3776
601.0000 -0.3782
602.0000 -0.3787
603.0000 -0.3792
604.0000 -0.3797
605.0000 -0.3802
606.0000 -0.3807
607.0000 -0.3811
608.0000 -0.3815
609.0000 -0.3819
610.0000 -0.3823
611.0000 -0.3827
612.0000 -0.3830
613.0000 -0.3834
614.0000 -0.3837
615.0000 -0.3840
616.0000 -0.3843
617.0000 -0.3846
618.0000 -0.3848
619.0000 -0.3851
620.0000 -0.3854
621.0000 -0.3856
622.0000 -0.3858
623.0000 -0.3861
624.0000 -0.3863
625.0000 -0.3865
626.0000 -0.3867
627.0000 -0.3869
628.0000 -0.3870
629.0000 -0.3872
630.0000 -0.3874
631.0000 -0.3875
632.0000 -0.3877
633.0000 -0.3878
634.0000 -0.3880
635.0000 -0.3881
636.0000 -0.3883
637.0000 -0.3884
638.0000 -0.3885
639.0000 -0.3886
640.0000 -0.3887
641.0000 -0.3888
642.0000 -0.3889
643.0000 -0.3890
644.0000 -0.3891
645.0000 -0.3892
646.0000 -0.3893
647.0000 -0.3894
648.0000 -0.3895
649.0000 -0.3895
650.0000 -0.3896
651.0000 -0.3897
652.0000 -0.3897
653.0000 -0.3898
654.0000 -0.3899
655.0000 -0.3899
656.0000 -0.3900
657.0000 -0.3900
658.0000 -0.3901
659.0000 -0.3901
660.0000 -0.3902
661.0000 -0.3902
662.0000 -0.3903
663.0000 -0.3903
664.0000 -0.3904
665.0000 -0.3904
666.0000 -0.3904
667.0000 -0.3905
668.0000 -0.3905
669.0000 -0.3905
670.0000 -0.3906
671.0000 -0.3906
672.0000 -0.3906
673.0000 -0.3907
674.0000 -0.3907
675.0000 -0.3907
676.0000 -0.3907
677.0000 -0.3908
678.0000 -0.3908
679.0000 -0.3908
680.0000 -0.3908
681.0000 -0.3908
682.0000 -0.3909
683.0000 -0.3909
684.0000 -0.3909
685.0000 -0.3909
686.0000 -0.3909
687.0000 -0.3909
688.0000 -0.3910
689.0000 -0.3910
690.0000 -0.3910
691.0000 -0.3910
692.0000 -0.3910
693.0000 -0.3910
694.0000 -0.3910
695.0000 -0.3910
696.0000 -0.3911
697.0000 -0.3911
698.0000 -0.3911
699.0000 -0.3911
700.0000 -0.3911
701.0000 -0.3911
702.0000 -0.3911
703.0000 -0.3911
704.0000 -0.3911
705.0000 -0.3911
706.0000 -0.3911
707.0000 -0.3911
708.0000 -0.3912
709.0000 -0.3912
710.0000 -0.3912
711.0000 -0.3912
712.0000 -0.3912
713.0000 -0.3912
714.0000 -0.3912
715.0000 -0.3912
716.0000 -0.3912
717.0000 -0.3912
718.0000 -0.3912
719.0000 -0.3912
720.0000 -0.3912
721.0000 -0.3912
722.0000 -0.3912
723.0000 -0.3912
724.0000 -0.3912
725.0000 -0.3912
726.0000 -0.3912
727.0000 -0.3912
728.0000 -0.3912
729.0000 -0.3912
730.0000 -0.3912
731.0000 -0.3912
732.0000 -0.3912
733.0000 -0.3913
734.0000 -0.3913
735.0000 -0.3913
736.0000 -0.3913
737.0000 -0.3913
738.0000 -0.3913
739.0000 -0.3913
740.0000 -0.3913
741.0000 -0.3913
742.0000 -0.3913
743.0000 -0.3913
744.0000 -0.3913
745.0000 -0.3913
746.0000 -0.3913
747.0000 -0.3913
748.0000 -0.3913
749.0000 -0.3913
750.0000 -0.3913
751.0000 -0.3913
752.0000 -0.3913
753.0000 -0.3913
754.0000 -0.3913
755.0000 -0.3913
756.0000 -0.3913
757.0000 -0.3913
758.0000 -0.3913
759.0000 -0.3913
760.0000 -0.3913
761.0000 -0.3913
762.0000 -0.3913
763.0000 -0.3913
764.0000 -0.3913
765.0000 -0.3913
766.0000 -0.3913
767.0000 -0.3913
768.0000 -0.3913
769.0000 -0.3913
770.0000 -0.3913
771.0000 -0.3913
772.0000 -0.3913
773.0000 -0.3913
774.0000 -0.3913
775.0000 -0.3913
776.0000 -0.3913
777.0000 -0.3913
778.0000 -0.3913
779.0000 -0.3913
780.0000 -0.3913
781.0000 -0.3913
782.0000 -0.3913
783.0000 -0.3913
784.0000 -0.3913
785.0000 -0.3913
786.0000 -0.3913
787.0000 -0.3913
788.0000 -0.3913
789.0000 -0.3913
790.0000 -0.3913
791.0000 -0.3913
792.0000 -0.3913
793.0000 -0.3913
794.0000 -0.3913
795.0000 -0.3913
796.0000 -0.3913
797.0000 -0.3913
798.0000 -0.3913
799.0000 -0.3913
800.0000 -0.3913
801.0000 -0.3913
802.0000 -0.3913
803.0000 -0.3913
804.0000 -0.3913
805.0000 -0.3913
806.0000 -0.3913
807.0000 -0.3913
808.0000 -0.3913
809.0000 -0.3913
810.0000 -0.3913
811.0000 -0.0312
812.0000 0.0427
813.0000 0.0530
814.0000 0.0627
815.0000 0.0812
816.0000 0.1055
817.0000 0.1317
818.0000 0.1580
819.0000 0.1835
820.0000 0.2080
821.0000 0.2315
822.0000 0.2540
823.0000 0.2756
824.0000 0.2963
825.0000 0.3161
826.0000 0.3352
827.0000 0.3534
828.0000 0.3709
829.0000 0.3877
830.0000 0.4039
831.0000 0.4193
832.0000 0.4341
833.0000 0.4484
834.0000 0.4620
835.0000 0.4751
836.0000 0.4876
837.0000 0.4997
838.0000 0.5112
839.0000 0.5223
840.0000 0.5329
841.0000 0.5431
842.0000 0.5529
843.0000 0.5623
844.0000 0.5712
845.0000 0.5799
846.0000 0.5881
847.0000 0.5961
848.0000 0.6037
849.0000 0.6110
850.0000 0.6180
851.0000 0.6247
852.0000 0.6312
853.0000 0.6373
854.0000 0.6433
855.0000 0.6490
856.0000 0.6544
857.0000 0.6596
858.0000 0.6647
859.0000 0.6695
860.0000 0.6741
861.0000 0.6785
862.0000 0.6828
863.0000 0.6868
864.0000 0.6908
865.0000 0.6945
866.0000 0.6981
867.0000 0.7015
868.0000 0.7049
869.0000 0.7080
870.0000 0.7111
871.0000 0.7140
872.0000 0.7168
873.0000 0.7195
874.0000 0.7221
875.0000 0.7245
876.0000 0.7269
877.0000 0.7292
878.0000 0.7313
879.0000 0.7334
880.0000 0.7354
881.0000 0.7374
882.0000 0.7392
883.0000 0.7410
884.0000 0.7427
885.0000 0.7443
886.0000 0.7459
887.0000 0.7474
888.0000 0.7488
889.0000 0.7502
890.0000 0.7515
891.0000 0.7528
892.0000 0.7540
893.0000 0.7552
894.0000 0.7563
895.0000 0.7574
896.0000 0.7584
897.0000 0.7594
898.0000 0.7603
899.0000 0.7612
900.0000 0.7621
901.0000 0.7629
902.0000 0.7638
903.0000 0.7645
904.0000 0.7653
905.0000 0.7660
906.0000 0.7666
907.0000 0.7673
908.0000 0.7679
909.0000 0.7685
910.0000 0.7691
