1.0000 0.0000
2.0000 3812.0000
3.0000 3818.0000
4.0000 3825.0000
5.0000 3825.0000
6.0000 3825.0000
7.0000 3818.0000
8.0000 3818.0000
9.0000 32767.0000
10.0000 32767.0000
11.0000 32767.0000
12.0000 32767.0000
13.0000 3818.0000
14.0000 3812.0000
15.0000 3793.0000
16.0000 3762.0000
17.0000 3731.0000
18.0000 3706.0000
19.0000 3693.0000
20.0000 3681.0000
21.0000 3668.0000
22.0000 3662.0000
23.0000 3662.0000
24.0000 3668.0000
25.0000 3675.0000
26.0000 3681.0000
27.0000 3693.0000
28.0000 3706.0000
29.0000 3712.0000
30.0000 3712.0000
31.0000 3712.0000
32.0000 3718.0000
33.0000 3718.0000
