1.0000 0.0000
2.0000 0.0000
3.0000 0.0000
4.0000 0.0000
5.0000 0.0000
6.0000 0.0000
7.0000 0.0000
8.0000 0.0000
9.0000 0.0000
10.0000 0.0000
11.0000 0.0053
12.0000 0.0031
13.0000 -0.0026
14.0000 -0.0072
15.0000 -0.0092
16.0000 -0.0092
17.0000 -0.0081
18.0000 -0.0067
19.0000 -0.0052
20.0000 -0.0040
21.0000 -0.0029
22.0000 -0.0021
23.0000 -0.0013
24.0000 -0.0007
25.0000 -0.0003
26.0000 0.0000
27.0000 0.0002
28.0000 0.0003
29.0000 0.0003
30.0000 0.0004
31.0000 0.0003
32.0000 0.0003
33.0000 0.0002
34.0000 0.0002
35.0000 0.0001
36.0000 0.0001
37.0000 0.0000
38.0000 0.0000
39.0000 0.0000
40.0000 0.0000
41.0000 0.0000
42.0000 -0.0000
43.0000 -0.0000
44.0000 -0.0000
45.0000 -0.0000
46.0000 -0.0000
47.0000 -0.0000
48.0000 -0.0000
49.0000 -0.0000
50.0000 -0.0000
51.0000 -0.0000
52.0000 0.0000
53.0000 0.0000
54.0000 0.0000
55.0000 0.0000
56.0000 0.0000
57.0000 0.0000
58.0000 -0.0000
59.0000 -0.0000
60.0000 -0.0000
61.0000 0.0000
62.0000 0.0000
63.0000 0.0000
64.0000 0.0000
65.0000 0.0000
66.0000 0.0000
67.0000 0.0000
68.0000 -0.0000
69.0000 0.0000
70.0000 0.0000
71.0000 0.0000
72.0000 0.0000
73.0000 0.0000
74.0000 -0.0000
75.0000 0.0000
76.0000 -0.0000
77.0000 -0.0000
78.0000 -0.0000
79.0000 -0.0000
80.0000 0.0000
81.0000 -0.0000
82.0000 -0.0000
83.0000 -0.0000
84.0000 0.0000
85.0000 0.0000
86.0000 0.0000
87.0000 -0.0000
88.0000 -0.0000
89.0000 0.0000
90.0000 0.0000
91.0000 0.0000
92.0000 0.0000
93.0000 -0.0000
94.0000 -0.0000
95.0000 -0.0000
96.0000 -0.0000
97.0000 0.0000
98.0000 0.0000
99.0000 0.0000
100.0000 0.0000
101.0000 0.0000
102.0000 -0.0000
103.0000 -0.0000
104.0000 -0.0000
105.0000 -0.0000
106.0000 -0.0000
107.0000 0.0000
108.0000 0.0000
109.0000 0.0000
110.0000 -0.0000
111.0000 0.4308
112.0000 0.7794
113.0000 0.9567
114.0000 1.0160
115.0000 1.0214
116.0000 1.0120
117.0000 1.0036
118.0000 0.9996
119.0000 0.9986
120.0000 0.9990
121.0000 0.9997
122.0000 1.0002
123.0000 1.0005
124.0000 1.0006
125.0000 1.0005
126.0000 1.0005
127.0000 1.0004
128.0000 1.0002
129.0000 1.0002
130.0000 1.0001
131.0000 1.0001
132.0000 1.0000
133.0000 1.0000
134.0000 0.9999
135.0000 0.9999
136.0000 0.9999
137.0000 0.9999
138.0000 1.0000
139.0000 1.0000
140.0000 1.0000
141.0000 1.0000
142.0000 0.9999
143.0000 1.0000
144.0000 1.0000
145.0000 1.0000
146.0000 1.0000
147.0000 1.0000
148.0000 0.9999
149.0000 1.0000
150.0000 0.9999
151.0000 1.0000
152.0000 1.0000
153.0000 1.0000
154.0000 1.0000
155.0000 1.0000
156.0000 1.0000
157.0000 1.0000
158.0000 1.0000
159.0000 0.9999
160.0000 1.0000
161.0000 1.0000
162.0000 1.0000
163.0000 1.0000
164.0000 1.0000
165.0000 1.0000
166.0000 1.0000
167.0000 0.9999
168.0000 0.9999
169.0000 1.0000
170.0000 1.0001
171.0000 1.0001
172.0000 1.0000
173.0000 1.0000
174.0000 1.0000
175.0000 1.0001
176.0000 1.0000
177.0000 1.0000
178.0000 0.9999
179.0000 1.0000
180.0000 1.0000
181.0000 1.0000
182.0000 1.0000
183.0000 1.0000
184.0000 1.0001
185.0000 1.0001
186.0000 1.0000
187.0000 1.0000
188.0000 1.0000
189.0000 0.9999
190.0000 0.9999
191.0000 0.9999
192.0000 1.0000
193.0000 1.0000
194.0000 1.0000
195.0000 1.0000
196.0000 1.0001
197.0000 1.0001
198.0000 1.0000
199.0000 1.0000
200.0000 0.9998
201.0000 0.9999
202.0000 1.0000
203.0000 1.0001
204.0000 1.0001
205.0000 1.0000
206.0000 1.0000
207.0000 1.0000
208.0000 1.0000
209.0000 0.9999
210.0000 0.9998
211.0000 1.0257
212.0000 1.0358
213.0000 1.0327
214.0000 1.0256
215.0000 1.0195
216.0000 1.0152
217.0000 1.0120
218.0000 1.0094
219.0000 1.0071
220.0000 1.0051
221.0000 1.0034
222.0000 1.0020
223.0000 1.0010
224.0000 1.0003
225.0000 0.9998
226.0000 0.9995
227.0000 0.9994
228.0000 0.9994
229.0000 0.9994
230.0000 0.9994
231.0000 0.9995
232.0000 0.9996
233.0000 0.9997
234.0000 0.9998
235.0000 0.9999
236.0000 1.0000
237.0000 1.0000
238.0000 1.0000
239.0000 1.0001
240.0000 1.0001
241.0000 1.0001
242.0000 1.0000
243.0000 1.0000
244.0000 1.0000
245.0000 1.0000
246.0000 1.0000
247.0000 1.0000
248.0000 1.0000
249.0000 1.0000
250.0000 1.0000
251.0000 1.0000
252.0000 1.0000
253.0000 1.0000
254.0000 1.0000
255.0000 1.0000
256.0000 1.0000
257.0000 1.0000
258.0000 1.0000
259.0000 1.0000
260.0000 1.0000
261.0000 1.0000
262.0000 1.0000
263.0000 1.0000
264.0000 1.0000
265.0000 1.0000
266.0000 1.0000
267.0000 1.0000
268.0000 1.0000
269.0000 1.0000
270.0000 1.0000
271.0000 1.0000
272.0000 1.0000
273.0000 1.0000
274.0000 1.0000
275.0000 1.0000
276.0000 1.0000
277.0000 1.0000
278.0000 1.0000
279.0000 1.0000
280.0000 1.0000
281.0000 1.0000
282.0000 1.0000
283.0000 1.0000
284.0000 1.0000
285.0000 1.0000
286.0000 1.0000
287.0000 0.9999
288.0000 0.9999
289.0000 1.0000
290.0000 1.0001
291.0000 1.0001
292.0000 1.0000
293.0000 1.0000
294.0000 1.0000
295.0000 1.0000
296.0000 1.0000
297.0000 1.0000
298.0000 1.0000
299.0000 0.9999
300.0000 1.0000
301.0000 1.0000
302.0000 1.0000
303.0000 1.0001
304.0000 1.0001
305.0000 1.0000
306.0000 1.0000
307.0000 1.0000
308.0000 1.0000
309.0000 1.0000
310.0000 1.0000
311.0000 0.9893
312.0000 0.9937
313.0000 1.0052
314.0000 1.0144
315.0000 1.0184
316.0000 1.0184
317.0000 1.0163
318.0000 1.0134
319.0000 1.0106
320.0000 1.0080
321.0000 1.0059
322.0000 1.0041
323.0000 1.0026
324.0000 1.0014
325.0000 1.0005
326.0000 0.9999
327.0000 0.9996
328.0000 0.9994
329.0000 0.9993
330.0000 0.9993
331.0000 0.9994
332.0000 0.9995
333.0000 0.9996
334.0000 0.9997
335.0000 0.9997
336.0000 0.9998
337.0000 0.9999
338.0000 1.0000
339.0000 1.0000
340.0000 1.0000
341.0000 0.9999
342.0000 1.0000
343.0000 1.0000
344.0000 1.0001
345.0000 1.0000
346.0000 1.0001
347.0000 1.0000
348.0000 1.0000
349.0000 1.0000
350.0000 1.0000
351.0000 1.0001
352.0000 1.0000
353.0000 1.0000
354.0000 1.0000
355.0000 1.0000
356.0000 0.9999
357.0000 1.0000
358.0000 1.0000
359.0000 1.0000
360.0000 1.0000
361.0000 1.0000
362.0000 1.0000
363.0000 1.0000
364.0000 1.0000
365.0000 1.0000
366.0000 1.0000
367.0000 1.0000
368.0000 1.0000
369.0000 1.0000
370.0000 1.0000
371.0000 0.9999
372.0000 1.0000
373.0000 1.0000
374.0000 1.0000
375.0000 1.0000
376.0000 1.0000
377.0000 1.0000
378.0000 1.0000
379.0000 1.0000
380.0000 1.0000
381.0000 1.0000
382.0000 1.0000
383.0000 1.0000
384.0000 1.0000
385.0000 1.0000
386.0000 1.0000
387.0000 1.0000
388.0000 1.0000
389.0000 1.0000
390.0000 0.9999
391.0000 1.0000
392.0000 1.0000
393.0000 1.0000
394.0000 1.0001
395.0000 1.0001
396.0000 1.0000
397.0000 1.0000
398.0000 1.0000
399.0000 1.0000
400.0000 1.0000
401.0000 1.0000
402.0000 1.0000
403.0000 1.0000
404.0000 1.0000
405.0000 1.0000
406.0000 1.0000
407.0000 1.0000
408.0000 1.0000
409.0000 1.0000
410.0000 1.0000
411.0000 0.1384
412.0000 -0.5587
413.0000 -0.9133
414.0000 -1.0319
415.0000 -1.0428
416.0000 -1.0240
417.0000 -1.0072
418.0000 -0.9992
419.0000 -0.9971
420.0000 -0.9980
421.0000 -0.9994
422.0000 -1.0004
423.0000 -1.0011
424.0000 -1.0012
425.0000 -1.0010
426.0000 -1.0010
427.0000 -1.0008
428.0000 -1.0004
429.0000 -1.0003
430.0000 -1.0003
431.0000 -1.0002
432.0000 -1.0001
433.0000 -1.0000
434.0000 -0.9999
435.0000 -0.9998
436.0000 -0.9998
437.0000 -0.9998
438.0000 -0.9999
439.0000 -0.9999
440.0000 -1.0000
441.0000 -0.9999
442.0000 -0.9998
443.0000 -1.0000
444.0000 -1.0000
445.0000 -1.0000
446.0000 -1.0001
447.0000 -0.9999
448.0000 -0.9999
449.0000 -1.0000
450.0000 -0.9999
451.0000 -1.0000
452.0000 -1.0001
453.0000 -1.0000
454.0000 -1.0000
455.0000 -1.0001
456.0000 -1.0001
457.0000 -0.9999
458.0000 -0.9999
459.0000 -0.9999
460.0000 -0.9999
461.0000 -1.0000
462.0000 -1.0001
463.0000 -1.0001
464.0000 -1.0000
465.0000 -0.9999
466.0000 -0.9999
467.0000 -0.9998
468.0000 -0.9999
469.0000 -1.0000
470.0000 -1.0001
471.0000 -1.0001
472.0000 -0.9999
473.0000 -0.9999
474.0000 -1.0000
475.0000 -1.0002
476.0000 -1.0000
477.0000 -0.9999
478.0000 -0.9998
479.0000 -0.9999
480.0000 -1.0000
481.0000 -1.0000
482.0000 -1.0000
483.0000 -1.0000
484.0000 -1.0002
485.0000 -1.0001
486.0000 -1.0001
487.0000 -1.0000
488.0000 -1.0000
489.0000 -0.9998
490.0000 -0.9998
491.0000 -0.9998
492.0000 -1.0000
493.0000 -1.0001
494.0000 -1.0000
495.0000 -1.0001
496.0000 -1.0002
497.0000 -1.0002
498.0000 -1.0001
499.0000 -0.9999
500.0000 -0.9997
501.0000 -0.9998
502.0000 -1.0000
503.0000 -1.0001
504.0000 -1.0001
505.0000 -1.0001
506.0000 -1.0001
507.0000 -1.0000
508.0000 -0.9999
509.0000 -0.9998
510.0000 -0.9997
511.0000 -1.0515
512.0000 -1.0717
513.0000 -1.0654
514.0000 -1.0512
515.0000 -1.0390
516.0000 -1.0304
517.0000 -1.0240
518.0000 -1.0188
519.0000 -1.0143
520.0000 -1.0103
521.0000 -1.0068
522.0000 -1.0040
523.0000 -1.0020
524.0000 -1.0005
525.0000 -0.9996
526.0000 -0.9990
527.0000 -0.9988
528.0000 -0.9988
529.0000 -0.9988
530.0000 -0.9989
531.0000 -0.9990
532.0000 -0.9992
533.0000 -0.9994
534.0000 -0.9996
535.0000 -0.9998
536.0000 -0.9999
537.0000 -1.0000
538.0000 -1.0001
539.0000 -1.0001
540.0000 -1.0001
541.0000 -1.0001
542.0000 -1.0000
543.0000 -1.0000
544.0000 -1.0000
545.0000 -1.0001
546.0000 -1.0001
547.0000 -1.0001
548.0000 -1.0001
549.0000 -1.0000
550.0000 -1.0000
551.0000 -1.0000
552.0000 -1.0000
553.0000 -1.0000
554.0000 -1.0000
555.0000 -1.0000
556.0000 -1.0001
557.0000 -1.0000
558.0000 -1.0000
559.0000 -1.0000
560.0000 -0.9999
561.0000 -1.0000
562.0000 -1.0000
563.0000 -0.9999
564.0000 -0.9999
565.0000 -1.0000
566.0000 -1.0000
567.0000 -1.0001
568.0000 -1.0000
569.0000 -0.9999
570.0000 -0.9999
571.0000 -1.0000
572.0000 -1.0001
573.0000 -1.0001
574.0000 -1.0000
575.0000 -1.0000
576.0000 -1.0000
577.0000 -1.0000
578.0000 -1.0000
579.0000 -1.0000
580.0000 -1.0000
581.0000 -1.0000
582.0000 -1.0000
583.0000 -1.0000
584.0000 -1.0000
585.0000 -1.0000
586.0000 -1.0000
587.0000 -0.9999
588.0000 -0.9998
589.0000 -1.0000
590.0000 -1.0002
591.0000 -1.0002
592.0000 -1.0001
593.0000 -1.0000
594.0000 -1.0000
595.0000 -0.9999
596.0000 -1.0000
597.0000 -1.0000
598.0000 -0.9999
599.0000 -0.9999
600.0000 -1.0000
601.0000 -1.0000
602.0000 -1.0000
603.0000 -1.0001
604.0000 -1.0002
605.0000 -1.0001
606.0000 -0.9999
607.0000 -0.9999
608.0000 -1.0000
609.0000 -1.0000
610.0000 -1.0000
611.0000 -0.9840
612.0000 -0.9905
613.0000 -1.0078
614.0000 -1.0216
615.0000 -1.0276
616.0000 -1.0276
617.0000 -1.0244
618.0000 -1.0202
619.0000 -1.0159
620.0000 -1.0120
621.0000 -1.0088
622.0000 -1.0062
623.0000 -1.0040
624.0000 -1.0021
625.0000 -1.0007
626.0000 -0.9999
627.0000 -0.9993
628.0000 -0.9991
629.0000 -0.9990
630.0000 -0.9989
631.0000 -0.9990
632.0000 -0.9992
633.0000 -0.9994
634.0000 -0.9995
635.0000 -0.9996
636.0000 -0.9997
637.0000 -0.9999
638.0000 -1.0000
639.0000 -0.9999
640.0000 -0.9999
641.0000 -0.9999
642.0000 -1.0000
643.0000 -1.0001
644.0000 -1.0001
645.0000 -1.0000
646.0000 -1.0001
647.0000 -1.0000
648.0000 -1.0000
649.0000 -1.0000
650.0000 -1.0001
651.0000 -1.0001
652.0000 -1.0000
653.0000 -1.0000
654.0000 -1.0000
655.0000 -0.9999
656.0000 -0.9999
657.0000 -0.9999
658.0000 -1.0000
659.0000 -1.0001
660.0000 -1.0001
661.0000 -1.0000
662.0000 -0.9999
663.0000 -1.0000
664.0000 -0.9999
665.0000 -0.9999
666.0000 -1.0000
667.0000 -0.9999
668.0000 -1.0000
669.0000 -1.0000
670.0000 -1.0000
671.0000 -0.9999
672.0000 -0.9999
673.0000 -1.0000
674.0000 -1.0001
675.0000 -1.0000
676.0000 -0.9999
677.0000 -1.0000
678.0000 -1.0000
679.0000 -1.0001
680.0000 -1.0000
681.0000 -1.0000
682.0000 -1.0000
683.0000 -1.0000
684.0000 -1.0000
685.0000 -1.0000
686.0000 -1.0000
687.0000 -1.0001
688.0000 -1.0000
689.0000 -0.9999
690.0000 -0.9998
691.0000 -0.9999
692.0000 -1.0000
693.0000 -1.0001
694.0000 -1.0002
695.0000 -1.0002
696.0000 -1.0000
697.0000 -1.0000
698.0000 -1.0000
699.0000 -1.0000
700.0000 -0.9999
701.0000 -1.0000
702.0000 -1.0000
703.0000 -0.9999
704.0000 -0.9999
705.0000 -1.0000
706.0000 -1.0000
707.0000 -1.0000
708.0000 -1.0000
709.0000 -1.0000
710.0000 -1.0000
711.0000 0.2923
712.0000 1.3381
713.0000 1.8700
714.0000 2.0478
715.0000 2.0642
716.0000 2.0359
717.0000 2.0107
718.0000 1.9987
719.0000 1.9957
720.0000 1.9970
721.0000 1.9991
722.0000 2.0006
723.0000 2.0016
724.0000 2.0018
725.0000 2.0015
726.0000 2.0015
727.0000 2.0012
728.0000 2.0006
729.0000 2.0004
730.0000 2.0004
731.0000 2.0002
732.0000 2.0001
733.0000 2.0000
734.0000 1.9998
735.0000 1.9997
736.0000 1.9997
737.0000 1.9997
738.0000 1.9999
739.0000 1.9999
740.0000 2.0000
741.0000 1.9999
742.0000 1.9997
743.0000 2.0000
744.0000 2.0000
745.0000 2.0000
746.0000 2.0001
747.0000 1.9999
748.0000 1.9998
749.0000 2.0000
750.0000 1.9998
751.0000 2.0000
752.0000 2.0001
753.0000 2.0000
754.0000 2.0001
755.0000 2.0001
756.0000 2.0001
757.0000 1.9999
758.0000 1.9999
759.0000 1.9998
760.0000 1.9999
761.0000 2.0000
762.0000 2.0001
763.0000 2.0001
764.0000 2.0000
765.0000 1.9999
766.0000 1.9999
767.0000 1.9998
768.0000 1.9998
769.0000 2.0000
770.0000 2.0002
771.0000 2.0001
772.0000 1.9998
773.0000 1.9999
774.0000 2.0001
775.0000 2.0003
776.0000 2.0000
777.0000 1.9999
778.0000 1.9997
779.0000 1.9999
780.0000 2.0000
781.0000 2.0000
782.0000 1.9999
783.0000 2.0001
784.0000 2.0003
785.0000 2.0002
786.0000 2.0001
787.0000 1.9999
788.0000 2.0000
789.0000 1.9998
790.0000 1.9997
791.0000 1.9997
792.0000 2.0000
793.0000 2.0001
794.0000 2.0000
795.0000 2.0001
796.0000 2.0003
797.0000 2.0003
798.0000 2.0001
799.0000 1.9999
800.0000 1.9995
801.0000 1.9997
802.0000 2.0000
803.0000 2.0002
804.0000 2.0001
805.0000 2.0001
806.0000 2.0001
807.0000 2.0001
808.0000 1.9999
809.0000 1.9997
810.0000 1.9995
811.0000 2.0772
812.0000 2.1075
813.0000 2.0980
814.0000 2.0768
815.0000 2.0585
816.0000 2.0455
817.0000 2.0360
818.0000 2.0282
819.0000 2.0214
820.0000 2.0154
821.0000 2.0103
822.0000 2.0061
823.0000 2.0030
824.0000 2.0008
825.0000 1.9994
826.0000 1.9985
827.0000 1.9981
828.0000 1.9982
829.0000 1.9982
830.0000 1.9983
831.0000 1.9985
832.0000 1.9988
833.0000 1.9991
834.0000 1.9994
835.0000 1.9997
836.0000 1.9999
837.0000 2.0001
838.0000 2.0001
839.0000 2.0002
840.0000 2.0002
841.0000 2.0002
842.0000 2.0001
843.0000 2.0000
844.0000 2.0000
845.0000 2.0001
846.0000 2.0001
847.0000 2.0001
848.0000 2.0001
849.0000 2.0000
850.0000 2.0000
851.0000 2.0000
852.0000 2.0000
853.0000 2.0000
854.0000 2.0000
855.0000 2.0000
856.0000 2.0001
857.0000 2.0000
858.0000 2.0000
859.0000 1.9999
860.0000 1.9999
861.0000 2.0000
862.0000 2.0001
863.0000 1.9999
864.0000 1.9999
865.0000 2.0000
866.0000 2.0000
867.0000 2.0001
868.0000 1.9999
869.0000 1.9999
870.0000 1.9999
871.0000 2.0000
872.0000 2.0001
873.0000 2.0001
874.0000 2.0001
875.0000 2.0000
876.0000 2.0000
877.0000 2.0001
878.0000 2.0000
879.0000 2.0000
880.0000 2.0000
881.0000 2.0000
882.0000 2.0000
883.0000 2.0001
884.0000 2.0000
885.0000 2.0000
886.0000 1.9999
887.0000 1.9998
888.0000 1.9998
889.0000 1.9999
890.0000 2.0003
891.0000 2.0002
892.0000 2.0001
893.0000 2.0000
894.0000 1.9999
895.0000 1.9999
896.0000 2.0000
897.0000 2.0000
898.0000 1.9999
899.0000 1.9998
900.0000 2.0000
901.0000 2.0000
902.0000 2.0000
903.0000 2.0002
904.0000 2.0003
905.0000 2.0001
906.0000 1.9999
907.0000 1.9999
908.0000 2.0000
909.0000 2.0000
910.0000 1.9999
