1.0000 0.0000
2.0000 0.0000
3.0000 0.0000
4.0000 0.0000
5.0000 0.0000
6.0000 0.0000
7.0000 0.0000
8.0000 0.0000
9.0000 0.0000
10.0000 0.0000
11.0000 -0.1620
12.0000 -0.0021
13.0000 -0.0973
14.0000 -0.0607
15.0000 -0.0999
16.0000 -0.0948
17.0000 -0.1135
18.0000 -0.1175
19.0000 -0.1287
20.0000 -0.1347
21.0000 -0.1427
22.0000 -0.1486
23.0000 -0.1548
24.0000 -0.1600
25.0000 -0.1650
26.0000 -0.1694
27.0000 -0.1736
28.0000 -0.1775
29.0000 -0.1811
30.0000 -0.1846
31.0000 -0.1878
32.0000 -0.1910
33.0000 -0.1940
34.0000 -0.1970
35.0000 -0.1999
36.0000 -0.2028
37.0000 -0.2056
38.0000 -0.2084
39.0000 -0.2112
40.0000 -0.2139
41.0000 -0.2166
42.0000 -0.2193
43.0000 -0.2219
44.0000 -0.2245
45.0000 -0.2271
46.0000 -0.2296
47.0000 -0.2320
48.0000 -0.2343
49.0000 -0.2366
50.0000 -0.2388
51.0000 -0.2410
52.0000 -0.2431
53.0000 -0.2450
54.0000 -0.2470
55.0000 -0.2488
56.0000 -0.2505
57.0000 -0.2522
58.0000 -0.2538
59.0000 -0.2554
60.0000 -0.2569
61.0000 -0.2583
62.0000 -0.2596
63.0000 -0.2609
64.0000 -0.2621
65.0000 -0.2633
66.0000 -0.2645
67.0000 -0.2655
68.0000 -0.2666
69.0000 -0.2676
70.0000 -0.2685
71.0000 -0.2695
72.0000 -0.2703
73.0000 -0.2712
74.0000 -0.2720
75.0000 -0.2728
76.0000 -0.2735
77.0000 -0.2743
78.0000 -0.2749
79.0000 -0.2756
80.0000 -0.2762
81.0000 -0.2769
82.0000 -0.2774
83.0000 -0.2780
84.0000 -0.2785
85.0000 -0.2791
86.0000 -0.2795
87.0000 -0.2800
88.0000 -0.2805
89.0000 -0.2809
90.0000 -0.2813
91.0000 -0.2817
92.0000 -0.2821
93.0000 -0.2824
94.0000 -0.2828
95.0000 -0.2831
96.0000 -0.2834
97.0000 -0.2837
98.0000 -0.2840
99.0000 -0.2843
100.0000 -0.2845
101.0000 -0.2848
102.0000 -0.2850
103.0000 -0.2852
104.0000 -0.2854
105.0000 -0.2856
106.0000 -0.2858
107.0000 -0.2860
108.0000 -0.2862
109.0000 -0.2863
110.0000 -0.2865
111.0000 -1.3821
112.0000 -0.7837
113.0000 -1.1451
114.0000 -0.9382
115.0000 -1.0312
116.0000 -0.9345
117.0000 -0.9309
118.0000 -0.8639
119.0000 -0.8264
120.0000 -0.7692
121.0000 -0.7231
122.0000 -0.6730
123.0000 -0.6295
124.0000 -0.5879
125.0000 -0.5519
126.0000 -0.5199
127.0000 -0.4930
128.0000 -0.4706
129.0000 -0.4527
130.0000 -0.4387
131.0000 -0.4283
132.0000 -0.4211
133.0000 -0.4164
134.0000 -0.4139
135.0000 -0.4130
136.0000 -0.4133
137.0000 -0.4145
138.0000 -0.4161
139.0000 -0.4178
140.0000 -0.4195
141.0000 -0.4209
142.0000 -0.4218
143.0000 -0.4222
144.0000 -0.4220
145.0000 -0.4212
146.0000 -0.4198
147.0000 -0.4177
148.0000 -0.4151
149.0000 -0.4121
150.0000 -0.4086
151.0000 -0.4048
152.0000 -0.4007
153.0000 -0.3964
154.0000 -0.3920
155.0000 -0.3876
156.0000 -0.3831
157.0000 -0.3787
158.0000 -0.3744
159.0000 -0.3702
160.0000 -0.3662
161.0000 -0.3623
162.0000 -0.3586
163.0000 -0.3551
164.0000 -0.3518
165.0000 -0.3487
166.0000 -0.3458
167.0000 -0.3430
168.0000 -0.3404
169.0000 -0.3380
170.0000 -0.3357
171.0000 -0.3335
172.0000 -0.3314
173.0000 -0.3294
174.0000 -0.3275
175.0000 -0.3257
176.0000 -0.3239
177.0000 -0.3222
178.0000 -0.3206
179.0000 -0.3190
180.0000 -0.3174
181.0000 -0.3159
182.0000 -0.3145
183.0000 -0.3130
184.0000 -0.3116
185.0000 -0.3102
186.0000 -0.3089
187.0000 -0.3076
188.0000 -0.3063
189.0000 -0.3051
190.0000 -0.3039
191.0000 -0.3027
192.0000 -0.3016
193.0000 -0.3005
194.0000 -0.2995
195.0000 -0.2985
196.0000 -0.2975
197.0000 -0.2966
198.0000 -0.2956
199.0000 -0.2948
200.0000 -0.2939
201.0000 -0.2931
202.0000 -0.2924
203.0000 -0.2916
204.0000 -0.2909
205.0000 -0.2902
206.0000 -0.2896
207.0000 -0.2890
208.0000 -0.2884
209.0000 -0.2878
210.0000 2.0083
211.0000 0.3004
212.0000 1.4165
213.0000 0.9178
214.0000 1.3002
215.0000 1.1433
216.0000 1.2583
217.0000 1.1892
218.0000 1.2006
219.0000 1.1474
220.0000 1.1170
221.0000 1.0643
222.0000 1.0188
223.0000 0.9673
224.0000 0.9201
225.0000 0.8738
226.0000 0.8320
227.0000 0.7940
228.0000 0.7610
229.0000 0.7328
230.0000 0.7095
231.0000 0.6909
232.0000 0.6768
233.0000 0.6665
234.0000 0.6598
235.0000 0.6561
236.0000 0.6548
237.0000 0.6555
238.0000 0.6577
239.0000 0.6609
240.0000 0.6647
241.0000 0.6688
242.0000 0.6728
243.0000 0.6767
244.0000 0.6800
245.0000 0.6829
246.0000 0.6850
247.0000 0.6865
248.0000 0.6872
249.0000 0.6872
250.0000 0.6866
251.0000 0.6853
252.0000 0.6836
253.0000 0.6813
254.0000 0.6787
255.0000 0.6757
256.0000 0.6726
257.0000 0.6693
258.0000 0.6659
259.0000 0.6625
260.0000 0.6591
261.0000 0.6558
262.0000 0.6526
263.0000 0.6495
264.0000 0.6466
265.0000 0.6439
266.0000 0.6413
267.0000 0.6388
268.0000 0.6366
269.0000 0.6345
270.0000 0.6325
271.0000 0.6307
272.0000 0.6290
273.0000 0.6274
274.0000 0.6259
275.0000 0.6244
276.0000 0.6231
277.0000 0.6218
278.0000 0.6206
279.0000 0.6194
280.0000 0.6183
281.0000 0.6172
282.0000 0.6161
283.0000 0.6150
284.0000 0.6140
285.0000 0.6130
286.0000 0.6120
287.0000 0.6111
288.0000 0.6101
289.0000 0.6092
290.0000 0.6083
291.0000 0.6074
292.0000 0.6065
293.0000 0.6057
294.0000 0.6049
295.0000 0.6041
296.0000 0.6034
297.0000 0.6027
298.0000 0.6020
299.0000 0.6013
300.0000 0.6007
301.0000 0.6000
302.0000 0.5994
303.0000 0.5989
304.0000 0.5984
305.0000 0.5978
306.0000 0.5974
307.0000 0.5969
308.0000 0.5964
309.0000 0.5960
310.0000 0.5956
311.0000 0.9193
312.0000 0.5991
313.0000 0.7892
314.0000 0.7157
315.0000 0.7937
316.0000 0.7832
317.0000 0.8203
318.0000 0.8279
319.0000 0.8501
320.0000 0.8619
321.0000 0.8776
322.0000 0.8892
323.0000 0.9014
324.0000 0.9115
325.0000 0.9214
326.0000 0.9301
327.0000 0.9383
328.0000 0.9459
329.0000 0.9530
330.0000 0.9597
331.0000 0.9661
332.0000 0.9723
333.0000 0.9782
334.0000 0.9840
335.0000 0.9897
336.0000 0.9954
337.0000 1.0009
338.0000 1.0064
339.0000 1.0119
340.0000 1.0173
341.0000 1.0226
342.0000 1.0279
343.0000 1.0331
344.0000 1.0382
345.0000 1.0432
346.0000 1.0482
347.0000 1.0530
348.0000 1.0576
349.0000 1.0622
350.0000 1.0666
351.0000 1.0708
352.0000 1.0749
353.0000 1.0788
354.0000 1.0826
355.0000 1.0863
356.0000 1.0898
357.0000 1.0931
358.0000 1.0963
359.0000 1.0994
360.0000 1.1023
361.0000 1.1051
362.0000 1.1078
363.0000 1.1103
364.0000 1.1128
365.0000 1.1152
366.0000 1.1174
367.0000 1.1196
368.0000 1.1217
369.0000 1.1237
370.0000 1.1256
371.0000 1.1274
372.0000 1.1292
373.0000 1.1309
374.0000 1.1325
375.0000 1.1340
376.0000 1.1355
377.0000 1.1370
378.0000 1.1384
379.0000 1.1397
380.0000 1.1410
381.0000 1.1422
382.0000 1.1434
383.0000 1.1445
384.0000 1.1456
385.0000 1.1466
386.0000 1.1476
387.0000 1.1485
388.0000 1.1495
389.0000 1.1503
390.0000 1.1511
391.0000 1.1519
392.0000 1.1527
393.0000 1.1534
394.0000 1.1541
395.0000 1.1548
396.0000 1.1554
397.0000 1.1560
398.0000 1.1565
399.0000 1.1571
400.0000 1.1576
401.0000 1.1581
402.0000 1.1586
403.0000 1.1590
404.0000 1.1594
405.0000 1.1599
406.0000 1.1602
407.0000 1.1606
408.0000 1.1610
409.0000 1.1613
410.0000 1.1616
411.0000 3.3528
412.0000 2.1560
413.0000 2.8788
414.0000 2.4651
415.0000 2.6511
416.0000 2.4577
417.0000 2.4504
418.0000 2.3165
419.0000 2.2415
420.0000 2.1270
421.0000 2.0348
422.0000 1.9347
423.0000 1.8476
424.0000 1.7645
425.0000 1.6924
426.0000 1.6285
427.0000 1.5748
428.0000 1.5300
429.0000 1.4941
430.0000 1.4661
431.0000 1.4454
432.0000 1.4309
433.0000 1.4216
434.0000 1.4165
435.0000 1.4148
436.0000 1.4154
437.0000 1.4177
438.0000 1.4209
439.0000 1.4244
440.0000 1.4277
441.0000 1.4305
442.0000 1.4324
443.0000 1.4332
444.0000 1.4328
445.0000 1.4312
446.0000 1.4283
447.0000 1.4242
448.0000 1.4191
449.0000 1.4129
450.0000 1.4060
451.0000 1.3984
452.0000 1.3902
453.0000 1.3816
454.0000 1.3728
455.0000 1.3639
456.0000 1.3550
457.0000 1.3462
458.0000 1.3376
459.0000 1.3292
460.0000 1.3211
461.0000 1.3134
462.0000 1.3060
463.0000 1.2991
464.0000 1.2925
465.0000 1.2863
466.0000 1.2804
467.0000 1.2749
468.0000 1.2697
469.0000 1.2648
470.0000 1.2602
471.0000 1.2558
472.0000 1.2516
473.0000 1.2477
474.0000 1.2439
475.0000 1.2402
476.0000 1.2367
477.0000 1.2333
478.0000 1.2300
479.0000 1.2268
480.0000 1.2237
481.0000 1.2207
482.0000 1.2177
483.0000 1.2148
484.0000 1.2120
485.0000 1.2093
486.0000 1.2066
487.0000 1.2040
488.0000 1.2015
489.0000 1.1990
490.0000 1.1966
491.0000 1.1943
492.0000 1.1920
493.0000 1.1899
494.0000 1.1878
495.0000 1.1857
496.0000 1.1838
497.0000 1.1819
498.0000 1.1801
499.0000 1.1784
500.0000 1.1767
501.0000 1.1751
502.0000 1.1736
503.0000 1.1721
504.0000 1.1707
505.0000 1.1693
506.0000 1.1680
507.0000 1.1667
508.0000 1.1655
509.0000 1.1644
510.0000 -3.4277
511.0000 -0.0120
512.0000 -2.2442
513.0000 -1.2467
514.0000 -2.0117
515.0000 -1.6978
516.0000 -1.9277
517.0000 -1.7896
518.0000 -1.8124
519.0000 -1.7060
520.0000 -1.6453
521.0000 -1.5397
522.0000 -1.4488
523.0000 -1.3457
524.0000 -1.2514
525.0000 -1.1587
526.0000 -1.0752
527.0000 -0.9992
528.0000 -0.9332
529.0000 -0.8767
530.0000 -0.8303
531.0000 -0.7931
532.0000 -0.7647
533.0000 -0.7443
534.0000 -0.7308
535.0000 -0.7234
536.0000 -0.7208
537.0000 -0.7222
538.0000 -0.7265
539.0000 -0.7329
540.0000 -0.7405
541.0000 -0.7487
542.0000 -0.7569
543.0000 -0.7645
544.0000 -0.7713
545.0000 -0.7769
546.0000 -0.7812
547.0000 -0.7841
548.0000 -0.7856
549.0000 -0.7856
550.0000 -0.7844
551.0000 -0.7819
552.0000 -0.7783
553.0000 -0.7738
554.0000 -0.7685
555.0000 -0.7627
556.0000 -0.7564
557.0000 -0.7498
558.0000 -0.7430
559.0000 -0.7362
560.0000 -0.7294
561.0000 -0.7228
562.0000 -0.7164
563.0000 -0.7103
564.0000 -0.7044
565.0000 -0.6989
566.0000 -0.6937
567.0000 -0.6888
568.0000 -0.6843
569.0000 -0.6801
570.0000 -0.6762
571.0000 -0.6725
572.0000 -0.6691
573.0000 -0.6659
574.0000 -0.6629
575.0000 -0.6601
576.0000 -0.6574
577.0000 -0.6548
578.0000 -0.6524
579.0000 -0.6500
580.0000 -0.6477
581.0000 -0.6455
582.0000 -0.6434
583.0000 -0.6413
584.0000 -0.6392
585.0000 -0.6372
586.0000 -0.6352
587.0000 -0.6333
588.0000 -0.6314
589.0000 -0.6295
590.0000 -0.6277
591.0000 -0.6260
592.0000 -0.6243
593.0000 -0.6226
594.0000 -0.6210
595.0000 -0.6194
596.0000 -0.6179
597.0000 -0.6165
598.0000 -0.6151
599.0000 -0.6138
600.0000 -0.6125
601.0000 -0.6113
602.0000 -0.6101
603.0000 -0.6090
604.0000 -0.6079
605.0000 -0.6069
606.0000 -0.6059
607.0000 -0.6050
608.0000 -0.6041
609.0000 -0.6032
610.0000 -0.6024
611.0000 -1.0877
612.0000 -0.6072
613.0000 -0.8923
614.0000 -0.7818
615.0000 -0.8987
616.0000 -0.8827
617.0000 -0.9383
618.0000 -0.9496
619.0000 -0.9827
620.0000 -1.0003
621.0000 -1.0237
622.0000 -1.0410
623.0000 -1.0591
624.0000 -1.0743
625.0000 -1.0890
626.0000 -1.1020
627.0000 -1.1142
628.0000 -1.1255
629.0000 -1.1361
630.0000 -1.1460
631.0000 -1.1556
632.0000 -1.1647
633.0000 -1.1736
634.0000 -1.1822
635.0000 -1.1907
636.0000 -1.1991
637.0000 -1.2074
638.0000 -1.2156
639.0000 -1.2238
640.0000 -1.2318
641.0000 -1.2398
642.0000 -1.2477
643.0000 -1.2555
644.0000 -1.2631
645.0000 -1.2706
646.0000 -1.2780
647.0000 -1.2851
648.0000 -1.2921
649.0000 -1.2989
650.0000 -1.3055
651.0000 -1.3118
652.0000 -1.3179
653.0000 -1.3238
654.0000 -1.3295
655.0000 -1.3349
656.0000 -1.3401
657.0000 -1.3451
658.0000 -1.3499
659.0000 -1.3545
660.0000 -1.3589
661.0000 -1.3631
662.0000 -1.3671
663.0000 -1.3710
664.0000 -1.3747
665.0000 -1.3782
666.0000 -1.3816
667.0000 -1.3848
668.0000 -1.3879
669.0000 -1.3909
670.0000 -1.3938
671.0000 -1.3965
672.0000 -1.3992
673.0000 -1.4017
674.0000 -1.4041
675.0000 -1.4065
676.0000 -1.4087
677.0000 -1.4109
678.0000 -1.4130
679.0000 -1.4150
680.0000 -1.4169
681.0000 -1.4187
682.0000 -1.4205
683.0000 -1.4222
684.0000 -1.4238
685.0000 -1.4253
686.0000 -1.4268
687.0000 -1.4283
688.0000 -1.4296
689.0000 -1.4309
690.0000 -1.4322
691.0000 -1.4333
692.0000 -1.4345
693.0000 -1.4356
694.0000 -1.4366
695.0000 -1.4376
696.0000 -1.4385
697.0000 -1.4394
698.0000 -1.4403
699.0000 -1.4411
700.0000 -1.4419
701.0000 -1.4426
702.0000 -1.4433
703.0000 -1.4440
704.0000 -1.4446
705.0000 -1.4453
706.0000 -1.4458
707.0000 -1.4464
708.0000 -1.4469
709.0000 -1.4474
710.0000 -1.4479
711.0000 -4.7347
712.0000 -2.9395
713.0000 -4.0238
714.0000 -3.4031
715.0000 -3.6822
716.0000 -3.3921
717.0000 -3.3812
718.0000 -3.1802
719.0000 -3.0678
720.0000 -2.8960
721.0000 -2.7578
722.0000 -2.6075
723.0000 -2.4769
724.0000 -2.3523
725.0000 -2.2442
726.0000 -2.1483
727.0000 -2.0677
728.0000 -2.0005
729.0000 -1.9467
730.0000 -1.9047
731.0000 -1.8736
732.0000 -1.8518
733.0000 -1.8379
734.0000 -1.8303
735.0000 -1.8277
736.0000 -1.8287
737.0000 -1.8321
738.0000 -1.8369
739.0000 -1.8422
740.0000 -1.8472
741.0000 -1.8513
742.0000 -1.8541
743.0000 -1.8553
744.0000 -1.8547
745.0000 -1.8523
746.0000 -1.8480
747.0000 -1.8419
748.0000 -1.8342
749.0000 -1.8250
750.0000 -1.8146
751.0000 -1.8031
752.0000 -1.7908
753.0000 -1.7780
754.0000 -1.7648
755.0000 -1.7514
756.0000 -1.7381
757.0000 -1.7248
758.0000 -1.7119
759.0000 -1.6993
760.0000 -1.6872
761.0000 -1.6757
762.0000 -1.6646
763.0000 -1.6542
764.0000 -1.6443
765.0000 -1.6350
766.0000 -1.6262
767.0000 -1.6179
768.0000 -1.6101
769.0000 -1.6028
770.0000 -1.5958
771.0000 -1.5893
772.0000 -1.5830
773.0000 -1.5771
774.0000 -1.5714
775.0000 -1.5659
776.0000 -1.5606
777.0000 -1.5555
778.0000 -1.5506
779.0000 -1.5458
780.0000 -1.5411
781.0000 -1.5366
782.0000 -1.5322
783.0000 -1.5278
784.0000 -1.5236
785.0000 -1.5195
786.0000 -1.5155
787.0000 -1.5116
788.0000 -1.5078
789.0000 -1.5041
790.0000 -1.5005
791.0000 -1.4970
792.0000 -1.4936
793.0000 -1.4904
794.0000 -1.4872
795.0000 -1.4842
796.0000 -1.4813
797.0000 -1.4785
798.0000 -1.4758
799.0000 -1.4731
800.0000 -1.4706
801.0000 -1.4682
802.0000 -1.4659
803.0000 -1.4637
804.0000 -1.4616
805.0000 -1.4595
806.0000 -1.4576
807.0000 -1.4557
808.0000 -1.4539
809.0000 -1.4522
810.0000 5.4360
811.0000 0.3124
812.0000 3.6607
813.0000 2.1645
814.0000 3.3119
815.0000 2.8411
816.0000 3.1860
817.0000 2.9788
818.0000 3.0130
819.0000 2.8535
820.0000 2.7623
821.0000 2.6040
822.0000 2.4677
823.0000 2.3130
824.0000 2.1716
825.0000 2.0325
826.0000 1.9072
827.0000 1.7931
828.0000 1.6943
829.0000 1.6095
830.0000 1.5398
831.0000 1.4840
832.0000 1.4415
833.0000 1.4108
834.0000 1.3906
835.0000 1.3794
836.0000 1.3756
837.0000 1.3777
838.0000 1.3842
839.0000 1.3938
840.0000 1.4052
841.0000 1.4175
842.0000 1.4297
843.0000 1.4412
844.0000 1.4513
845.0000 1.4598
846.0000 1.4662
847.0000 1.4706
848.0000 1.4728
849.0000 1.4729
850.0000 1.4709
851.0000 1.4672
852.0000 1.4618
853.0000 1.4551
854.0000 1.4472
855.0000 1.4384
856.0000 1.4290
857.0000 1.4191
858.0000 1.4089
859.0000 1.3987
860.0000 1.3885
861.0000 1.3786
862.0000 1.3690
863.0000 1.3598
864.0000 1.3510
865.0000 1.3428
866.0000 1.3350
867.0000 1.3277
868.0000 1.3209
869.0000 1.3145
870.0000 1.3087
871.0000 1.3032
872.0000 1.2980
873.0000 1.2933
874.0000 1.2888
875.0000 1.2845
876.0000 1.2805
877.0000 1.2767
878.0000 1.2730
879.0000 1.2694
880.0000 1.2660
881.0000 1.2627
882.0000 1.2595
883.0000 1.2563
884.0000 1.2532
885.0000 1.2502
886.0000 1.2472
887.0000 1.2443
888.0000 1.2415
889.0000 1.2387
890.0000 1.2360
891.0000 1.2334
892.0000 1.2308
893.0000 1.2283
894.0000 1.2259
895.0000 1.2236
896.0000 1.2213
897.0000 1.2191
898.0000 1.2171
899.0000 1.2151
900.0000 1.2131
901.0000 1.2113
902.0000 1.2095
903.0000 1.2078
904.0000 1.2062
905.0000 1.2047
906.0000 1.2032
907.0000 1.2018
908.0000 1.2005
909.0000 1.1992
910.0000 1.1980
