1.0000 0.0000
2.0000 0.0000
3.0000 0.0000
4.0000 0.0000
5.0000 0.0000
6.0000 0.0000
7.0000 0.0000
8.0000 0.0000
9.0000 0.0000
10.0000 0.0000
11.0000 -0.3193
12.0000 0.1009
13.0000 -0.0376
14.0000 0.0934
15.0000 0.0538
16.0000 0.1040
17.0000 0.0994
18.0000 0.1232
19.0000 0.1283
20.0000 0.1416
21.0000 0.1480
22.0000 0.1563
23.0000 0.1616
24.0000 0.1670
25.0000 0.1710
26.0000 0.1746
27.0000 0.1777
28.0000 0.1805
29.0000 0.1830
30.0000 0.1854
31.0000 0.1878
32.0000 0.1902
33.0000 0.1927
34.0000 0.1953
35.0000 0.1980
36.0000 0.2009
37.0000 0.2039
38.0000 0.2071
39.0000 0.2103
40.0000 0.2137
41.0000 0.2171
42.0000 0.2206
43.0000 0.2241
44.0000 0.2276
45.0000 0.2310
46.0000 0.2344
47.0000 0.2378
48.0000 0.2410
49.0000 0.2442
50.0000 0.2472
51.0000 0.2502
52.0000 0.2530
53.0000 0.2557
54.0000 0.2583
55.0000 0.2607
56.0000 0.2631
57.0000 0.2653
58.0000 0.2675
59.0000 0.2695
60.0000 0.2715
61.0000 0.2733
62.0000 0.2751
63.0000 0.2768
64.0000 0.2784
65.0000 0.2800
66.0000 0.2815
67.0000 0.2829
68.0000 0.2843
69.0000 0.2857
70.0000 0.2870
71.0000 0.2882
72.0000 0.2894
73.0000 0.2906
74.0000 0.2918
75.0000 0.2929
76.0000 0.2939
77.0000 0.2949
78.0000 0.2959
79.0000 0.2969
80.0000 0.2978
81.0000 0.2987
82.0000 0.2995
83.0000 0.3004
84.0000 0.3012
85.0000 0.3019
86.0000 0.3027
87.0000 0.3034
88.0000 0.3040
89.0000 0.3047
90.0000 0.3053
91.0000 0.3059
92.0000 0.3065
93.0000 0.3070
94.0000 0.3076
95.0000 0.3081
96.0000 0.3085
97.0000 0.3090
98.0000 0.3094
99.0000 0.3099
100.0000 0.3103
101.0000 0.3107
102.0000 0.3110
103.0000 0.3114
104.0000 0.3117
105.0000 0.3121
106.0000 0.3124
107.0000 0.3127
108.0000 0.3130
109.0000 0.3132
110.0000 5.7069
111.0000 2.8811
112.0000 3.9003
113.0000 2.9244
114.0000 3.1698
115.0000 2.7546
116.0000 2.7250
117.0000 2.4793
118.0000 2.3604
119.0000 2.1775
120.0000 2.0442
121.0000 1.9005
122.0000 1.7841
123.0000 1.6761
124.0000 1.5885
125.0000 1.5147
126.0000 1.4578
127.0000 1.4146
128.0000 1.3851
129.0000 1.3669
130.0000 1.3588
131.0000 1.3589
132.0000 1.3655
133.0000 1.3771
134.0000 1.3921
135.0000 1.4093
136.0000 1.4275
137.0000 1.4456
138.0000 1.4630
139.0000 1.4789
140.0000 1.4930
141.0000 1.5049
142.0000 1.5144
143.0000 1.5215
144.0000 1.5263
145.0000 1.5289
146.0000 1.5293
147.0000 1.5280
148.0000 1.5250
149.0000 1.5207
150.0000 1.5153
151.0000 1.5091
152.0000 1.5023
153.0000 1.4951
154.0000 1.4878
155.0000 1.4804
156.0000 1.4732
157.0000 1.4663
158.0000 1.4596
159.0000 1.4534
160.0000 1.4476
161.0000 1.4422
162.0000 1.4373
163.0000 1.4328
164.0000 1.4288
165.0000 1.4252
166.0000 1.4219
167.0000 1.4189
168.0000 1.4162
169.0000 1.4137
170.0000 1.4114
171.0000 1.4093
172.0000 1.4073
173.0000 1.4054
174.0000 1.4036
175.0000 1.4019
176.0000 1.4001
177.0000 1.3984
178.0000 1.3967
179.0000 1.3950
180.0000 1.3934
181.0000 1.3917
182.0000 1.3900
183.0000 1.3883
184.0000 1.3867
185.0000 1.3850
186.0000 1.3834
187.0000 1.3818
188.0000 1.3802
189.0000 1.3786
190.0000 1.3771
191.0000 1.3756
192.0000 1.3742
193.0000 1.3728
194.0000 1.3714
195.0000 1.3701
196.0000 1.3689
197.0000 1.3677
198.0000 1.3665
199.0000 1.3654
200.0000 1.3643
201.0000 1.3633
202.0000 1.3623
203.0000 1.3614
204.0000 1.3605
205.0000 1.3596
206.0000 1.3588
207.0000 1.3580
208.0000 1.3572
209.0000 1.3565
210.0000 1.3557
211.0000 -2.7528
212.0000 -0.7310
213.0000 -2.0494
214.0000 -1.3605
215.0000 -1.7230
216.0000 -1.4148
217.0000 -1.4305
218.0000 -1.2201
219.0000 -1.1105
220.0000 -0.9287
221.0000 -0.7841
222.0000 -0.6239
223.0000 -0.4854
224.0000 -0.3531
225.0000 -0.2398
226.0000 -0.1405
227.0000 -0.0592
228.0000 0.0064
229.0000 0.0559
230.0000 0.0911
231.0000 0.1133
232.0000 0.1242
233.0000 0.1255
234.0000 0.1190
235.0000 0.1065
236.0000 0.0895
237.0000 0.0696
238.0000 0.0481
239.0000 0.0261
240.0000 0.0046
241.0000 -0.0158
242.0000 -0.0343
243.0000 -0.0507
244.0000 -0.0646
245.0000 -0.0760
246.0000 -0.0847
247.0000 -0.0909
248.0000 -0.0948
249.0000 -0.0965
250.0000 -0.0963
251.0000 -0.0945
252.0000 -0.0913
253.0000 -0.0870
254.0000 -0.0819
255.0000 -0.0762
256.0000 -0.0702
257.0000 -0.0640
258.0000 -0.0578
259.0000 -0.0517
260.0000 -0.0459
261.0000 -0.0404
262.0000 -0.0354
263.0000 -0.0307
264.0000 -0.0265
265.0000 -0.0227
266.0000 -0.0193
267.0000 -0.0164
268.0000 -0.0138
269.0000 -0.0115
270.0000 -0.0095
271.0000 -0.0077
272.0000 -0.0062
273.0000 -0.0048
274.0000 -0.0035
275.0000 -0.0024
276.0000 -0.0013
277.0000 -0.0002
278.0000 0.0008
279.0000 0.0018
280.0000 0.0029
281.0000 0.0039
282.0000 0.0050
283.0000 0.0060
284.0000 0.0071
285.0000 0.0082
286.0000 0.0094
287.0000 0.0105
288.0000 0.0116
289.0000 0.0127
290.0000 0.0138
291.0000 0.0149
292.0000 0.0160
293.0000 0.0171
294.0000 0.0181
295.0000 0.0191
296.0000 0.0201
297.0000 0.0210
298.0000 0.0219
299.0000 0.0227
300.0000 0.0236
301.0000 0.0243
302.0000 0.0251
303.0000 0.0258
304.0000 0.0265
305.0000 0.0271
306.0000 0.0277
307.0000 0.0283
308.0000 0.0289
309.0000 0.0294
310.0000 0.0299
311.0000 0.6691
312.0000 -0.1710
313.0000 0.1064
314.0000 -0.1551
315.0000 -0.0754
316.0000 -0.1755
317.0000 -0.1659
318.0000 -0.2131
319.0000 -0.2230
320.0000 -0.2493
321.0000 -0.2618
322.0000 -0.2780
323.0000 -0.2883
324.0000 -0.2988
325.0000 -0.3065
326.0000 -0.3137
327.0000 -0.3195
328.0000 -0.3248
329.0000 -0.3296
330.0000 -0.3342
331.0000 -0.3387
332.0000 -0.3434
333.0000 -0.3482
334.0000 -0.3532
335.0000 -0.3585
336.0000 -0.3641
337.0000 -0.3700
338.0000 -0.3762
339.0000 -0.3826
340.0000 -0.3892
341.0000 -0.3959
342.0000 -0.4027
343.0000 -0.4096
344.0000 -0.4165
345.0000 -0.4233
346.0000 -0.4300
347.0000 -0.4366
348.0000 -0.4430
349.0000 -0.4492
350.0000 -0.4553
351.0000 -0.4611
352.0000 -0.4667
353.0000 -0.4720
354.0000 -0.4771
355.0000 -0.4820
356.0000 -0.4867
357.0000 -0.4911
358.0000 -0.4953
359.0000 -0.4994
360.0000 -0.5032
361.0000 -0.5069
362.0000 -0.5104
363.0000 -0.5138
364.0000 -0.5170
365.0000 -0.5201
366.0000 -0.5231
367.0000 -0.5259
368.0000 -0.5287
369.0000 -0.5314
370.0000 -0.5340
371.0000 -0.5365
372.0000 -0.5389
373.0000 -0.5412
374.0000 -0.5434
375.0000 -0.5456
376.0000 -0.5477
377.0000 -0.5498
378.0000 -0.5517
379.0000 -0.5537
380.0000 -0.5555
381.0000 -0.5573
382.0000 -0.5590
383.0000 -0.5606
384.0000 -0.5622
385.0000 -0.5637
386.0000 -0.5652
387.0000 -0.5666
388.0000 -0.5679
389.0000 -0.5692
390.0000 -0.5705
391.0000 -0.5717
392.0000 -0.5728
393.0000 -0.5739
394.0000 -0.5750
395.0000 -0.5760
396.0000 -0.5769
397.0000 -0.5779
398.0000 -0.5788
399.0000 -0.5796
400.0000 -0.5804
401.0000 -0.5812
402.0000 -0.5819
403.0000 -0.5827
404.0000 -0.5833
405.0000 -0.5840
406.0000 -0.5846
407.0000 -0.5852
408.0000 -0.5858
409.0000 -0.5864
410.0000 -11.3738
411.0000 -5.7221
412.0000 -7.7605
413.0000 -5.8086
414.0000 -6.2994
415.0000 -5.4691
416.0000 -5.4099
417.0000 -4.9185
418.0000 -4.6806
419.0000 -4.3150
420.0000 -4.0483
421.0000 -3.7609
422.0000 -3.5282
423.0000 -3.3121
424.0000 -3.1369
425.0000 -2.9893
426.0000 -2.8755
427.0000 -2.7892
428.0000 -2.7301
429.0000 -2.6938
430.0000 -2.6776
431.0000 -2.6777
432.0000 -2.6910
433.0000 -2.7142
434.0000 -2.7443
435.0000 -2.7786
436.0000 -2.8149
437.0000 -2.8512
438.0000 -2.8859
439.0000 -2.9178
440.0000 -2.9459
441.0000 -2.9697
442.0000 -2.9888
443.0000 -3.0031
444.0000 -3.0127
445.0000 -3.0177
446.0000 -3.0187
447.0000 -3.0160
448.0000 -3.0100
449.0000 -3.0014
450.0000 -2.9906
451.0000 -2.9782
452.0000 -2.9646
453.0000 -2.9503
454.0000 -2.9356
455.0000 -2.9209
456.0000 -2.9065
457.0000 -2.8926
458.0000 -2.8793
459.0000 -2.8668
460.0000 -2.8552
461.0000 -2.8445
462.0000 -2.8347
463.0000 -2.8257
464.0000 -2.8177
465.0000 -2.8104
466.0000 -2.8038
467.0000 -2.7978
468.0000 -2.7924
469.0000 -2.7875
470.0000 -2.7829
471.0000 -2.7787
472.0000 -2.7747
473.0000 -2.7710
474.0000 -2.7673
475.0000 -2.7638
476.0000 -2.7603
477.0000 -2.7569
478.0000 -2.7535
479.0000 -2.7502
480.0000 -2.7468
481.0000 -2.7434
482.0000 -2.7401
483.0000 -2.7367
484.0000 -2.7334
485.0000 -2.7301
486.0000 -2.7268
487.0000 -2.7236
488.0000 -2.7204
489.0000 -2.7173
490.0000 -2.7143
491.0000 -2.7113
492.0000 -2.7084
493.0000 -2.7056
494.0000 -2.7029
495.0000 -2.7003
496.0000 -2.6978
497.0000 -2.6954
498.0000 -2.6931
499.0000 -2.6909
500.0000 -2.6887
501.0000 -2.6867
502.0000 -2.6847
503.0000 -2.6828
504.0000 -2.6810
505.0000 -2.6793
506.0000 -2.6776
507.0000 -2.6760
508.0000 -2.6745
509.0000 -2.6730
510.0000 -2.6716
511.0000 5.5456
512.0000 1.5019
513.0000 4.1388
514.0000 2.7609
515.0000 3.4859
516.0000 2.8695
517.0000 2.9009
518.0000 2.4801
519.0000 2.2609
520.0000 1.8972
521.0000 1.6081
522.0000 1.2877
523.0000 1.0108
524.0000 0.7462
525.0000 0.5195
526.0000 0.3209
527.0000 0.1583
528.0000 0.0272
529.0000 -0.0718
530.0000 -0.1423
531.0000 -0.1866
532.0000 -0.2084
533.0000 -0.2110
534.0000 -0.1981
535.0000 -0.1730
536.0000 -0.1392
537.0000 -0.0994
538.0000 -0.0563
539.0000 -0.0123
540.0000 0.0308
541.0000 0.0715
542.0000 0.1086
543.0000 0.1413
544.0000 0.1692
545.0000 0.1918
546.0000 0.2093
547.0000 0.2218
548.0000 0.2295
549.0000 0.2329
550.0000 0.2325
551.0000 0.2288
552.0000 0.2225
553.0000 0.2139
554.0000 0.2037
555.0000 0.1923
556.0000 0.1802
557.0000 0.1678
558.0000 0.1554
559.0000 0.1433
560.0000 0.1317
561.0000 0.1208
562.0000 0.1106
563.0000 0.1013
564.0000 0.0929
565.0000 0.0853
566.0000 0.0786
567.0000 0.0726
568.0000 0.0674
569.0000 0.0629
570.0000 0.0589
571.0000 0.0554
572.0000 0.0523
573.0000 0.0495
574.0000 0.0470
575.0000 0.0447
576.0000 0.0425
577.0000 0.0403
578.0000 0.0383
579.0000 0.0362
580.0000 0.0342
581.0000 0.0321
582.0000 0.0300
583.0000 0.0278
584.0000 0.0257
585.0000 0.0235
586.0000 0.0212
587.0000 0.0190
588.0000 0.0167
589.0000 0.0145
590.0000 0.0122
591.0000 0.0100
592.0000 0.0079
593.0000 0.0058
594.0000 0.0037
595.0000 0.0017
596.0000 -0.0002
597.0000 -0.0021
598.0000 -0.0038
599.0000 -0.0056
600.0000 -0.0072
601.0000 -0.0088
602.0000 -0.0102
603.0000 -0.0117
604.0000 -0.0130
605.0000 -0.0143
606.0000 -0.0155
607.0000 -0.0167
608.0000 -0.0178
609.0000 -0.0189
610.0000 -0.0199
611.0000 -0.9789
612.0000 0.2810
613.0000 -0.1354
614.0000 0.2567
615.0000 0.1369
616.0000 0.2869
617.0000 0.2723
618.0000 0.3429
619.0000 0.3576
620.0000 0.3969
621.0000 0.4155
622.0000 0.4396
623.0000 0.4550
624.0000 0.4706
625.0000 0.4820
626.0000 0.4926
627.0000 0.5012
628.0000 0.5090
629.0000 0.5161
630.0000 0.5230
631.0000 0.5296
632.0000 0.5365
633.0000 0.5436
634.0000 0.5511
635.0000 0.5589
636.0000 0.5673
637.0000 0.5760
638.0000 0.5852
639.0000 0.5947
640.0000 0.6046
641.0000 0.6146
642.0000 0.6248
643.0000 0.6350
644.0000 0.6453
645.0000 0.6554
646.0000 0.6655
647.0000 0.6753
648.0000 0.6849
649.0000 0.6942
650.0000 0.7032
651.0000 0.7119
652.0000 0.7202
653.0000 0.7282
654.0000 0.7359
655.0000 0.7432
656.0000 0.7501
657.0000 0.7568
658.0000 0.7631
659.0000 0.7691
660.0000 0.7749
661.0000 0.7804
662.0000 0.7856
663.0000 0.7907
664.0000 0.7955
665.0000 0.8001
666.0000 0.8046
667.0000 0.8089
668.0000 0.8130
669.0000 0.8170
670.0000 0.8209
671.0000 0.8246
672.0000 0.8282
673.0000 0.8317
674.0000 0.8351
675.0000 0.8383
676.0000 0.8415
677.0000 0.8445
678.0000 0.8475
679.0000 0.8503
680.0000 0.8531
681.0000 0.8557
682.0000 0.8583
683.0000 0.8608
684.0000 0.8631
685.0000 0.8654
686.0000 0.8676
687.0000 0.8697
688.0000 0.8718
689.0000 0.8737
690.0000 0.8756
691.0000 0.8774
692.0000 0.8791
693.0000 0.8807
694.0000 0.8823
695.0000 0.8838
696.0000 0.8853
697.0000 0.8866
698.0000 0.8880
699.0000 0.8893
700.0000 0.8905
701.0000 0.8916
702.0000 0.8928
703.0000 0.8938
704.0000 0.8949
705.0000 0.8959
706.0000 0.8968
707.0000 0.8977
708.0000 0.8986
709.0000 0.8994
710.0000 17.0805
711.0000 8.6030
712.0000 11.6606
713.0000 8.7328
714.0000 9.4690
715.0000 8.2236
716.0000 8.1348
717.0000 7.3977
718.0000 7.0409
719.0000 6.4923
720.0000 6.0923
721.0000 5.6613
722.0000 5.3121
723.0000 4.9881
724.0000 4.7252
725.0000 4.5038
726.0000 4.3331
727.0000 4.2037
728.0000 4.1151
729.0000 4.0606
730.0000 4.0363
731.0000 4.0365
732.0000 4.0565
733.0000 4.0912
734.0000 4.1363
735.0000 4.1878
736.0000 4.2423
737.0000 4.2967
738.0000 4.3488
739.0000 4.3966
740.0000 4.4388
741.0000 4.4745
742.0000 4.5032
743.0000 4.5246
744.0000 4.5389
745.0000 4.5466
746.0000 4.5480
747.0000 4.5439
748.0000 4.5349
749.0000 4.5220
750.0000 4.5059
751.0000 4.4872
752.0000 4.4668
753.0000 4.4453
754.0000 4.4233
755.0000 4.4013
756.0000 4.3797
757.0000 4.3588
758.0000 4.3389
759.0000 4.3202
760.0000 4.3027
761.0000 4.2867
762.0000 4.2719
763.0000 4.2586
764.0000 4.2464
765.0000 4.2355
766.0000 4.2256
767.0000 4.2167
768.0000 4.2086
769.0000 4.2012
770.0000 4.1943
771.0000 4.1880
772.0000 4.1820
773.0000 4.1764
774.0000 4.1709
775.0000 4.1656
776.0000 4.1605
777.0000 4.1553
778.0000 4.1503
779.0000 4.1452
780.0000 4.1401
781.0000 4.1351
782.0000 4.1300
783.0000 4.1250
784.0000 4.1200
785.0000 4.1151
786.0000 4.1101
787.0000 4.1053
788.0000 4.1006
789.0000 4.0959
790.0000 4.0913
791.0000 4.0869
792.0000 4.0826
793.0000 4.0784
794.0000 4.0744
795.0000 4.0705
796.0000 4.0667
797.0000 4.0631
798.0000 4.0596
799.0000 4.0563
800.0000 4.0531
801.0000 4.0500
802.0000 4.0470
803.0000 4.0442
804.0000 4.0415
805.0000 4.0389
806.0000 4.0364
807.0000 4.0340
808.0000 4.0317
809.0000 4.0294
810.0000 4.0273
811.0000 -8.2984
812.0000 -2.2329
813.0000 -6.1882
814.0000 -4.1213
815.0000 -5.2088
816.0000 -4.2842
817.0000 -4.3314
818.0000 -3.7002
819.0000 -3.3713
820.0000 -2.8259
821.0000 -2.3922
822.0000 -1.9115
823.0000 -1.4962
824.0000 -1.0993
825.0000 -0.7593
826.0000 -0.4615
827.0000 -0.2175
828.0000 -0.0208
829.0000 0.1277
830.0000 0.2334
831.0000 0.2999
832.0000 0.3325
833.0000 0.3364
834.0000 0.3171
835.0000 0.2795
836.0000 0.2287
837.0000 0.1690
838.0000 0.1045
839.0000 0.0385
840.0000 -0.0262
841.0000 -0.0873
842.0000 -0.1430
843.0000 -0.1921
844.0000 -0.2338
845.0000 -0.2678
846.0000 -0.2940
847.0000 -0.3127
848.0000 -0.3243
849.0000 -0.3294
850.0000 -0.3288
851.0000 -0.3233
852.0000 -0.3137
853.0000 -0.3009
854.0000 -0.2856
855.0000 -0.2685
856.0000 -0.2504
857.0000 -0.2318
858.0000 -0.2132
859.0000 -0.1950
860.0000 -0.1776
861.0000 -0.1612
862.0000 -0.1460
863.0000 -0.1320
864.0000 -0.1193
865.0000 -0.1080
866.0000 -0.0979
867.0000 -0.0890
868.0000 -0.0812
869.0000 -0.0743
870.0000 -0.0684
871.0000 -0.0631
872.0000 -0.0585
873.0000 -0.0543
874.0000 -0.0505
875.0000 -0.0470
876.0000 -0.0437
877.0000 -0.0406
878.0000 -0.0375
879.0000 -0.0344
880.0000 -0.0313
881.0000 -0.0282
882.0000 -0.0250
883.0000 -0.0218
884.0000 -0.0185
885.0000 -0.0152
886.0000 -0.0119
887.0000 -0.0085
888.0000 -0.0051
889.0000 -0.0017
890.0000 0.0016
891.0000 0.0049
892.0000 0.0081
893.0000 0.0113
894.0000 0.0144
895.0000 0.0174
896.0000 0.0203
897.0000 0.0231
898.0000 0.0257
899.0000 0.0283
900.0000 0.0307
901.0000 0.0331
902.0000 0.0353
903.0000 0.0375
904.0000 0.0395
905.0000 0.0414
906.0000 0.0433
907.0000 0.0450
908.0000 0.0467
909.0000 0.0483
910.0000 0.0498
