1.0000 0.0000
2.0000 0.0000
3.0000 0.0000
4.0000 0.0000
5.0000 0.0000
6.0000 0.0000
7.0000 0.0000
8.0000 0.0000
9.0000 0.0000
10.0000 8.5887
11.0000 1.5882
12.0000 0.8923
13.0000 0.7400
14.0000 0.9647
15.0000 0.9886
16.0000 1.0580
17.0000 1.0524
18.0000 1.0633
19.0000 1.0526
20.0000 1.0492
21.0000 1.0400
22.0000 1.0338
23.0000 1.0264
24.0000 1.0204
25.0000 1.0144
26.0000 1.0091
27.0000 1.0040
28.0000 0.9993
29.0000 0.9949
30.0000 0.9907
31.0000 0.9867
32.0000 0.9828
33.0000 0.9790
34.0000 0.9753
35.0000 0.9716
36.0000 0.9679
37.0000 0.9642
38.0000 0.9606
39.0000 0.9569
40.0000 0.9532
41.0000 0.9494
42.0000 0.9457
43.0000 0.9421
44.0000 0.9384
45.0000 0.9347
46.0000 0.9311
47.0000 0.9276
48.0000 0.9241
49.0000 0.9206
50.0000 0.9173
51.0000 0.9140
52.0000 0.9108
53.0000 0.9077
54.0000 0.9047
55.0000 0.9017
56.0000 0.8989
57.0000 0.8962
58.0000 0.8935
59.0000 0.8909
60.0000 0.8885
61.0000 0.8861
62.0000 0.8838
63.0000 0.8816
64.0000 0.8794
65.0000 0.8774
66.0000 0.8754
67.0000 0.8735
68.0000 0.8716
69.0000 0.8698
70.0000 0.8681
71.0000 0.8664
72.0000 0.8648
73.0000 0.8633
74.0000 0.8618
75.0000 0.8603
76.0000 0.8589
77.0000 0.8576
78.0000 0.8562
79.0000 0.8550
80.0000 0.8538
81.0000 0.8526
82.0000 0.8515
83.0000 0.8504
84.0000 0.8494
85.0000 0.8484
86.0000 0.8474
87.0000 0.8465
88.0000 0.8456
89.0000 0.8447
90.0000 0.8439
91.0000 0.8431
92.0000 0.8424
93.0000 0.8417
94.0000 0.8410
95.0000 0.8403
96.0000 0.8397
97.0000 0.8391
98.0000 0.8385
99.0000 0.8379
100.0000 0.8374
101.0000 0.8369
102.0000 0.8364
103.0000 0.8359
104.0000 0.8355
105.0000 0.8351
106.0000 0.8347
107.0000 0.8343
108.0000 0.8339
109.0000 0.8336
110.0000 0.8333
111.0000 -2.4749
112.0000 -1.0104
113.0000 -1.5213
114.0000 -1.0161
115.0000 -1.2115
116.0000 -1.0611
117.0000 -1.1161
118.0000 -1.0459
119.0000 -1.0347
120.0000 -0.9798
121.0000 -0.9433
122.0000 -0.8937
123.0000 -0.8523
124.0000 -0.8097
125.0000 -0.7731
126.0000 -0.7400
127.0000 -0.7127
128.0000 -0.6902
129.0000 -0.6730
130.0000 -0.6607
131.0000 -0.6529
132.0000 -0.6491
133.0000 -0.6487
134.0000 -0.6512
135.0000 -0.6559
136.0000 -0.6624
137.0000 -0.6700
138.0000 -0.6782
139.0000 -0.6868
140.0000 -0.6951
141.0000 -0.7031
142.0000 -0.7104
143.0000 -0.7169
144.0000 -0.7224
145.0000 -0.7268
146.0000 -0.7302
147.0000 -0.7326
148.0000 -0.7340
149.0000 -0.7344
150.0000 -0.7340
151.0000 -0.7329
152.0000 -0.7311
153.0000 -0.7288
154.0000 -0.7260
155.0000 -0.7229
156.0000 -0.7195
157.0000 -0.7160
158.0000 -0.7123
159.0000 -0.7087
160.0000 -0.7051
161.0000 -0.7015
162.0000 -0.6980
163.0000 -0.6947
164.0000 -0.6914
165.0000 -0.6883
166.0000 -0.6854
167.0000 -0.6826
168.0000 -0.6800
169.0000 -0.6774
170.0000 -0.6750
171.0000 -0.6727
172.0000 -0.6705
173.0000 -0.6684
174.0000 -0.6663
175.0000 -0.6643
176.0000 -0.6623
177.0000 -0.6604
178.0000 -0.6586
179.0000 -0.6567
180.0000 -0.6549
181.0000 -0.6531
182.0000 -0.6513
183.0000 -0.6496
184.0000 -0.6478
185.0000 -0.6461
186.0000 -0.6444
187.0000 -0.6427
188.0000 -0.6411
189.0000 -0.6395
190.0000 -0.6379
191.0000 -0.6363
192.0000 -0.6348
193.0000 -0.6333
194.0000 -0.6319
195.0000 -0.6304
196.0000 -0.6291
197.0000 -0.6277
198.0000 -0.6264
199.0000 -0.6252
200.0000 -0.6240
201.0000 -0.6228
202.0000 -0.6216
203.0000 -0.6205
204.0000 -0.6195
205.0000 -0.6184
206.0000 -0.6174
207.0000 -0.6165
208.0000 -0.6156
209.0000 -0.6147
210.0000 -0.6138
211.0000 -0.9361
212.0000 1.7754
213.0000 0.7241
214.0000 1.4496
215.0000 1.1166
216.0000 1.3717
217.0000 1.2716
218.0000 1.3466
219.0000 1.2951
220.0000 1.2919
221.0000 1.2424
222.0000 1.2056
223.0000 1.1528
224.0000 1.1049
225.0000 1.0537
226.0000 1.0068
227.0000 0.9625
228.0000 0.9235
229.0000 0.8893
230.0000 0.8609
231.0000 0.8381
232.0000 0.8207
233.0000 0.8084
234.0000 0.8008
235.0000 0.7972
236.0000 0.7970
237.0000 0.7997
238.0000 0.8046
239.0000 0.8112
240.0000 0.8188
241.0000 0.8269
242.0000 0.8353
243.0000 0.8434
244.0000 0.8510
245.0000 0.8579
246.0000 0.8639
247.0000 0.8689
248.0000 0.8728
249.0000 0.8756
250.0000 0.8774
251.0000 0.8782
252.0000 0.8781
253.0000 0.8771
254.0000 0.8754
255.0000 0.8731
256.0000 0.8703
257.0000 0.8671
258.0000 0.8635
259.0000 0.8598
260.0000 0.8559
261.0000 0.8520
262.0000 0.8480
263.0000 0.8441
264.0000 0.8403
265.0000 0.8366
266.0000 0.8331
267.0000 0.8297
268.0000 0.8265
269.0000 0.8234
270.0000 0.8205
271.0000 0.8177
272.0000 0.8150
273.0000 0.8125
274.0000 0.8101
275.0000 0.8078
276.0000 0.8055
277.0000 0.8033
278.0000 0.8012
279.0000 0.7992
280.0000 0.7972
281.0000 0.7952
282.0000 0.7933
283.0000 0.7913
284.0000 0.7895
285.0000 0.7876
286.0000 0.7857
287.0000 0.7839
288.0000 0.7821
289.0000 0.7804
290.0000 0.7786
291.0000 0.7769
292.0000 0.7752
293.0000 0.7735
294.0000 0.7719
295.0000 0.7703
296.0000 0.7688
297.0000 0.7673
298.0000 0.7658
299.0000 0.7644
300.0000 0.7630
301.0000 0.7617
302.0000 0.7604
303.0000 0.7591
304.0000 0.7579
305.0000 0.7567
306.0000 0.7556
307.0000 0.7545
308.0000 0.7534
309.0000 0.7524
310.0000 -16.4259
311.0000 -2.4260
312.0000 -1.0351
313.0000 -0.7314
314.0000 -1.1815
315.0000 -1.2302
316.0000 -1.3698
317.0000 -1.3593
318.0000 -1.3819
319.0000 -1.3613
320.0000 -1.3551
321.0000 -1.3373
322.0000 -1.3257
323.0000 -1.3115
324.0000 -1.3001
325.0000 -1.2886
326.0000 -1.2785
327.0000 -1.2689
328.0000 -1.2601
329.0000 -1.2517
330.0000 -1.2438
331.0000 -1.2362
332.0000 -1.2289
333.0000 -1.2217
334.0000 -1.2147
335.0000 -1.2076
336.0000 -1.2006
337.0000 -1.1936
338.0000 -1.1866
339.0000 -1.1795
340.0000 -1.1724
341.0000 -1.1653
342.0000 -1.1582
343.0000 -1.1510
344.0000 -1.1439
345.0000 -1.1369
346.0000 -1.1299
347.0000 -1.1230
348.0000 -1.1162
349.0000 -1.1096
350.0000 -1.1030
351.0000 -1.0967
352.0000 -1.0904
353.0000 -1.0844
354.0000 -1.0785
355.0000 -1.0728
356.0000 -1.0673
357.0000 -1.0619
358.0000 -1.0567
359.0000 -1.0517
360.0000 -1.0469
361.0000 -1.0423
362.0000 -1.0378
363.0000 -1.0334
364.0000 -1.0293
365.0000 -1.0252
366.0000 -1.0213
367.0000 -1.0175
368.0000 -1.0139
369.0000 -1.0104
370.0000 -1.0070
371.0000 -1.0037
372.0000 -1.0006
373.0000 -0.9975
374.0000 -0.9946
375.0000 -0.9917
376.0000 -0.9890
377.0000 -0.9863
378.0000 -0.9837
379.0000 -0.9813
380.0000 -0.9789
381.0000 -0.9766
382.0000 -0.9744
383.0000 -0.9722
384.0000 -0.9702
385.0000 -0.9682
386.0000 -0.9663
387.0000 -0.9644
388.0000 -0.9627
389.0000 -0.9610
390.0000 -0.9594
391.0000 -0.9578
392.0000 -0.9563
393.0000 -0.9549
394.0000 -0.9535
395.0000 -0.9522
396.0000 -0.9509
397.0000 -0.9497
398.0000 -0.9486
399.0000 -0.9475
400.0000 -0.9464
401.0000 -0.9454
402.0000 -0.9445
403.0000 -0.9436
404.0000 -0.9427
405.0000 -0.9418
406.0000 -0.9410
407.0000 -0.9403
408.0000 -0.9396
409.0000 -0.9389
410.0000 -0.9382
411.0000 5.6781
412.0000 2.7491
413.0000 3.7709
414.0000 2.7606
415.0000 3.1514
416.0000 2.8506
417.0000 2.9606
418.0000 2.8201
419.0000 2.7978
420.0000 2.6880
421.0000 2.6150
422.0000 2.5158
423.0000 2.4330
424.0000 2.3477
425.0000 2.2747
426.0000 2.2084
427.0000 2.1537
428.0000 2.1087
429.0000 2.0745
430.0000 2.0498
431.0000 2.0342
432.0000 2.0265
433.0000 2.0258
434.0000 2.0308
435.0000 2.0403
436.0000 2.0532
437.0000 2.0684
438.0000 2.0849
439.0000 2.1019
440.0000 2.1187
441.0000 2.1346
442.0000 2.1492
443.0000 2.1621
444.0000 2.1731
445.0000 2.1821
446.0000 2.1889
447.0000 2.1937
448.0000 2.1964
449.0000 2.1973
450.0000 2.1965
451.0000 2.1942
452.0000 2.1906
453.0000 2.1860
454.0000 2.1804
455.0000 2.1742
456.0000 2.1675
457.0000 2.1604
458.0000 2.1532
459.0000 2.1458
460.0000 2.1386
461.0000 2.1314
462.0000 2.1245
463.0000 2.1178
464.0000 2.1113
465.0000 2.1052
466.0000 2.0993
467.0000 2.0937
468.0000 2.0884
469.0000 2.0834
470.0000 2.0785
471.0000 2.0739
472.0000 2.0695
473.0000 2.0652
474.0000 2.0611
475.0000 2.0571
476.0000 2.0532
477.0000 2.0494
478.0000 2.0456
479.0000 2.0419
480.0000 2.0383
481.0000 2.0347
482.0000 2.0311
483.0000 2.0276
484.0000 2.0241
485.0000 2.0207
486.0000 2.0173
487.0000 2.0140
488.0000 2.0107
489.0000 2.0075
490.0000 2.0043
491.0000 2.0012
492.0000 1.9981
493.0000 1.9951
494.0000 1.9922
495.0000 1.9894
496.0000 1.9867
497.0000 1.9840
498.0000 1.9814
499.0000 1.9789
500.0000 1.9764
501.0000 1.9741
502.0000 1.9718
503.0000 1.9696
504.0000 1.9675
505.0000 1.9654
506.0000 1.9634
507.0000 1.9615
508.0000 1.9596
509.0000 1.9578
510.0000 1.9561
511.0000 2.6008
512.0000 -2.8223
513.0000 -0.7197
514.0000 -2.1706
515.0000 -1.5047
516.0000 -2.0148
517.0000 -1.8146
518.0000 -1.9646
519.0000 -1.8617
520.0000 -1.8552
521.0000 -1.7562
522.0000 -1.6826
523.0000 -1.5771
524.0000 -1.4812
525.0000 -1.3788
526.0000 -1.2851
527.0000 -1.1964
528.0000 -1.1184
529.0000 -1.0501
530.0000 -0.9933
531.0000 -0.9476
532.0000 -0.9129
533.0000 -0.8883
534.0000 -0.8730
535.0000 -0.8658
536.0000 -0.8655
537.0000 -0.8709
538.0000 -0.8807
539.0000 -0.8938
540.0000 -0.9090
541.0000 -0.9253
542.0000 -0.9420
543.0000 -0.9583
544.0000 -0.9735
545.0000 -0.9873
546.0000 -0.9992
547.0000 -1.0092
548.0000 -1.0170
549.0000 -1.0227
550.0000 -1.0263
551.0000 -1.0278
552.0000 -1.0276
553.0000 -1.0256
554.0000 -1.0223
555.0000 -1.0177
556.0000 -1.0120
557.0000 -1.0056
558.0000 -0.9985
559.0000 -0.9910
560.0000 -0.9833
561.0000 -0.9754
562.0000 -0.9675
563.0000 -0.9597
564.0000 -0.9521
565.0000 -0.9448
566.0000 -0.9377
567.0000 -0.9309
568.0000 -0.9244
569.0000 -0.9182
570.0000 -0.9124
571.0000 -0.9068
572.0000 -0.9015
573.0000 -0.8964
574.0000 -0.8916
575.0000 -0.8870
576.0000 -0.8825
577.0000 -0.8781
578.0000 -0.8739
579.0000 -0.8698
580.0000 -0.8658
581.0000 -0.8619
582.0000 -0.8580
583.0000 -0.8542
584.0000 -0.8504
585.0000 -0.8466
586.0000 -0.8429
587.0000 -0.8393
588.0000 -0.8357
589.0000 -0.8322
590.0000 -0.8287
591.0000 -0.8252
592.0000 -0.8219
593.0000 -0.8185
594.0000 -0.8153
595.0000 -0.8121
596.0000 -0.8090
597.0000 -0.8060
598.0000 -0.8031
599.0000 -0.8002
600.0000 -0.7975
601.0000 -0.7948
602.0000 -0.7922
603.0000 -0.7897
604.0000 -0.7872
605.0000 -0.7849
606.0000 -0.7826
607.0000 -0.7804
608.0000 -0.7783
609.0000 -0.7762
610.0000 24.9917
611.0000 3.9924
612.0000 1.9064
613.0000 1.4513
614.0000 2.1269
615.0000 2.2003
616.0000 2.4101
617.0000 2.3948
618.0000 2.4291
619.0000 2.3985
620.0000 2.3896
621.0000 2.3632
622.0000 2.3461
623.0000 2.3251
624.0000 2.3083
625.0000 2.2913
626.0000 2.2765
627.0000 2.2623
628.0000 2.2494
629.0000 2.2370
630.0000 2.2255
631.0000 2.2143
632.0000 2.2035
633.0000 2.1929
634.0000 2.1825
635.0000 2.1722
636.0000 2.1619
637.0000 2.1515
638.0000 2.1411
639.0000 2.1307
640.0000 2.1202
641.0000 2.1097
642.0000 2.0991
643.0000 2.0886
644.0000 2.0780
645.0000 2.0676
646.0000 2.0573
647.0000 2.0470
648.0000 2.0369
649.0000 2.0270
650.0000 2.0173
651.0000 2.0079
652.0000 1.9986
653.0000 1.9896
654.0000 1.9809
655.0000 1.9724
656.0000 1.9642
657.0000 1.9562
658.0000 1.9485
659.0000 1.9411
660.0000 1.9339
661.0000 1.9270
662.0000 1.9203
663.0000 1.9138
664.0000 1.9076
665.0000 1.9016
666.0000 1.8958
667.0000 1.8902
668.0000 1.8848
669.0000 1.8795
670.0000 1.8745
671.0000 1.8696
672.0000 1.8649
673.0000 1.8603
674.0000 1.8559
675.0000 1.8517
676.0000 1.8476
677.0000 1.8436
678.0000 1.8398
679.0000 1.8361
680.0000 1.8325
681.0000 1.8291
682.0000 1.8258
683.0000 1.8226
684.0000 1.8195
685.0000 1.8165
686.0000 1.8137
687.0000 1.8110
688.0000 1.8083
689.0000 1.8058
690.0000 1.8034
691.0000 1.8010
692.0000 1.7988
693.0000 1.7967
694.0000 1.7946
695.0000 1.7927
696.0000 1.7908
697.0000 1.7890
698.0000 1.7872
699.0000 1.7856
700.0000 1.7840
701.0000 1.7825
702.0000 1.7811
703.0000 1.7797
704.0000 1.7784
705.0000 1.7771
706.0000 1.7759
707.0000 1.7748
708.0000 1.7737
709.0000 1.7727
710.0000 1.7717
711.0000 -8.1527
712.0000 -3.7593
713.0000 -5.2919
714.0000 -3.7765
715.0000 -4.3628
716.0000 -3.9115
717.0000 -4.0765
718.0000 -3.8659
719.0000 -3.8323
720.0000 -3.6676
721.0000 -3.5581
722.0000 -3.4094
723.0000 -3.2851
724.0000 -3.1571
725.0000 -3.0476
726.0000 -2.9482
727.0000 -2.8662
728.0000 -2.7987
729.0000 -2.7473
730.0000 -2.7103
731.0000 -2.6869
732.0000 -2.6755
733.0000 -2.6744
734.0000 -2.6818
735.0000 -2.6961
736.0000 -2.7154
737.0000 -2.7382
738.0000 -2.7630
739.0000 -2.7886
740.0000 -2.8137
741.0000 -2.8376
742.0000 -2.8595
743.0000 -2.8789
744.0000 -2.8954
745.0000 -2.9088
746.0000 -2.9191
747.0000 -2.9262
748.0000 -2.9303
749.0000 -2.9317
750.0000 -2.9305
751.0000 -2.9270
752.0000 -2.9216
753.0000 -2.9146
754.0000 -2.9063
755.0000 -2.8970
756.0000 -2.8869
757.0000 -2.8763
758.0000 -2.8654
759.0000 -2.8545
760.0000 -2.8436
761.0000 -2.8329
762.0000 -2.8224
763.0000 -2.8124
764.0000 -2.8027
765.0000 -2.7935
766.0000 -2.7847
767.0000 -2.7763
768.0000 -2.7683
769.0000 -2.7607
770.0000 -2.7535
771.0000 -2.7466
772.0000 -2.7399
773.0000 -2.7335
774.0000 -2.7274
775.0000 -2.7214
776.0000 -2.7155
777.0000 -2.7098
778.0000 -2.7041
779.0000 -2.6986
780.0000 -2.6931
781.0000 -2.6877
782.0000 -2.6824
783.0000 -2.6771
784.0000 -2.6719
785.0000 -2.6668
786.0000 -2.6617
787.0000 -2.6567
788.0000 -2.6518
789.0000 -2.6469
790.0000 -2.6421
791.0000 -2.6375
792.0000 -2.6329
793.0000 -2.6284
794.0000 -2.6241
795.0000 -2.6198
796.0000 -2.6157
797.0000 -2.6117
798.0000 -2.6078
799.0000 -2.6040
800.0000 -2.6004
801.0000 -2.5968
802.0000 -2.5934
803.0000 -2.5901
804.0000 -2.5869
805.0000 -2.5838
806.0000 -2.5808
807.0000 -2.5780
808.0000 -2.5752
809.0000 -2.5725
810.0000 -2.5699
811.0000 -3.5369
812.0000 4.5977
813.0000 1.4438
814.0000 3.6202
815.0000 2.6213
816.0000 3.3865
817.0000 3.0862
818.0000 3.3112
819.0000 3.1568
820.0000 3.1470
821.0000 2.9986
822.0000 2.8881
823.0000 2.7300
824.0000 2.5860
825.0000 2.4324
826.0000 2.2920
827.0000 2.1589
828.0000 2.0418
829.0000 1.9394
830.0000 1.8543
831.0000 1.7857
832.0000 1.7336
833.0000 1.6967
834.0000 1.6737
835.0000 1.6629
836.0000 1.6625
837.0000 1.6706
838.0000 1.6853
839.0000 1.7049
840.0000 1.7277
841.0000 1.7523
842.0000 1.7773
843.0000 1.8017
844.0000 1.8245
845.0000 1.8452
846.0000 1.8631
847.0000 1.8780
848.0000 1.8898
849.0000 1.8983
850.0000 1.9037
851.0000 1.9060
852.0000 1.9056
853.0000 1.9027
854.0000 1.8977
855.0000 1.8907
856.0000 1.8823
857.0000 1.8726
858.0000 1.8620
859.0000 1.8508
860.0000 1.8392
861.0000 1.8273
862.0000 1.8155
863.0000 1.8039
864.0000 1.7925
865.0000 1.7814
866.0000 1.7708
867.0000 1.7606
868.0000 1.7509
869.0000 1.7416
870.0000 1.7328
871.0000 1.7245
872.0000 1.7165
873.0000 1.7089
874.0000 1.7017
875.0000 1.6947
876.0000 1.6880
877.0000 1.6815
878.0000 1.6752
879.0000 1.6690
880.0000 1.6630
881.0000 1.6571
882.0000 1.6512
883.0000 1.6455
884.0000 1.6398
885.0000 1.6342
886.0000 1.6287
887.0000 1.6232
888.0000 1.6178
889.0000 1.6125
890.0000 1.6073
891.0000 1.6021
892.0000 1.5971
893.0000 1.5921
894.0000 1.5872
895.0000 1.5825
896.0000 1.5778
897.0000 1.5733
898.0000 1.5689
899.0000 1.5646
900.0000 1.5605
901.0000 1.5565
902.0000 1.5526
903.0000 1.5488
904.0000 1.5451
905.0000 1.5416
906.0000 1.5382
907.0000 1.5349
908.0000 1.5317
909.0000 1.5286
910.0000 1.5257
