1.0000 0.0000
2.0000 0.0000
3.0000 0.0000
4.0000 0.0000
5.0000 0.0000
6.0000 0.0000
7.0000 0.0000
8.0000 0.0000
9.0000 0.0000
10.0000 0.0000
11.0000 0.0706
12.0000 0.0334
13.0000 0.0553
14.0000 0.0483
15.0000 0.0602
16.0000 0.0618
17.0000 0.0686
18.0000 0.0713
19.0000 0.0750
20.0000 0.0769
21.0000 0.0786
22.0000 0.0793
23.0000 0.0796
24.0000 0.0792
25.0000 0.0785
26.0000 0.0773
27.0000 0.0759
28.0000 0.0742
29.0000 0.0724
30.0000 0.0705
31.0000 0.0685
32.0000 0.0665
33.0000 0.0645
34.0000 0.0626
35.0000 0.0607
36.0000 0.0589
37.0000 0.0572
38.0000 0.0556
39.0000 0.0541
40.0000 0.0527
41.0000 0.0513
42.0000 0.0500
43.0000 0.0488
44.0000 0.0476
45.0000 0.0465
46.0000 0.0454
47.0000 0.0443
48.0000 0.0433
49.0000 0.0423
50.0000 0.0413
51.0000 0.0402
52.0000 0.0393
53.0000 0.0383
54.0000 0.0373
55.0000 0.0363
56.0000 0.0353
57.0000 0.0343
58.0000 0.0333
59.0000 0.0324
60.0000 0.0314
61.0000 0.0304
62.0000 0.0295
63.0000 0.0286
64.0000 0.0277
65.0000 0.0268
66.0000 0.0259
67.0000 0.0250
68.0000 0.0242
69.0000 0.0233
70.0000 0.0225
71.0000 0.0218
72.0000 0.0210
73.0000 0.0203
74.0000 0.0196
75.0000 0.0189
76.0000 0.0182
77.0000 0.0175
78.0000 0.0169
79.0000 0.0163
80.0000 0.0157
81.0000 0.0151
82.0000 0.0146
83.0000 0.0140
84.0000 0.0135
85.0000 0.0130
86.0000 0.0125
87.0000 0.0121
88.0000 0.0116
89.0000 0.0112
90.0000 0.0107
91.0000 0.0103
92.0000 0.0099
93.0000 0.0095
94.0000 0.0092
95.0000 0.0088
96.0000 0.0084
97.0000 0.0081
98.0000 0.0078
99.0000 0.0075
100.0000 0.0072
101.0000 0.0069
102.0000 0.0066
103.0000 0.0063
104.0000 0.0060
105.0000 0.0058
106.0000 0.0056
107.0000 0.0053
108.0000 0.0051
109.0000 0.0049
110.0000 0.0047
111.0000 0.4817
112.0000 0.4404
113.0000 0.5621
114.0000 0.5126
115.0000 0.5109
116.0000 0.4501
117.0000 0.4028
118.0000 0.3362
119.0000 0.2752
120.0000 0.2105
121.0000 0.1510
122.0000 0.0946
123.0000 0.0443
124.0000 -0.0002
125.0000 -0.0379
126.0000 -0.0692
127.0000 -0.0940
128.0000 -0.1127
129.0000 -0.1259
130.0000 -0.1341
131.0000 -0.1381
132.0000 -0.1384
133.0000 -0.1358
134.0000 -0.1308
135.0000 -0.1242
136.0000 -0.1165
137.0000 -0.1081
138.0000 -0.0995
139.0000 -0.0910
140.0000 -0.0829
141.0000 -0.0755
142.0000 -0.0687
143.0000 -0.0628
144.0000 -0.0578
145.0000 -0.0537
146.0000 -0.0504
147.0000 -0.0479
148.0000 -0.0461
149.0000 -0.0450
150.0000 -0.0443
151.0000 -0.0442
152.0000 -0.0443
153.0000 -0.0447
154.0000 -0.0453
155.0000 -0.0459
156.0000 -0.0466
157.0000 -0.0472
158.0000 -0.0478
159.0000 -0.0482
160.0000 -0.0485
161.0000 -0.0486
162.0000 -0.0486
163.0000 -0.0484
164.0000 -0.0481
165.0000 -0.0476
166.0000 -0.0470
167.0000 -0.0463
168.0000 -0.0454
169.0000 -0.0445
170.0000 -0.0435
171.0000 -0.0424
172.0000 -0.0413
173.0000 -0.0402
174.0000 -0.0391
175.0000 -0.0380
176.0000 -0.0369
177.0000 -0.0358
178.0000 -0.0347
179.0000 -0.0337
180.0000 -0.0327
181.0000 -0.0317
182.0000 -0.0308
183.0000 -0.0298
184.0000 -0.0290
185.0000 -0.0281
186.0000 -0.0273
187.0000 -0.0265
188.0000 -0.0258
189.0000 -0.0250
190.0000 -0.0243
191.0000 -0.0236
192.0000 -0.0230
193.0000 -0.0223
194.0000 -0.0217
195.0000 -0.0210
196.0000 -0.0204
197.0000 -0.0198
198.0000 -0.0192
199.0000 -0.0186
200.0000 -0.0180
201.0000 -0.0175
202.0000 -0.0169
203.0000 -0.0164
204.0000 -0.0159
205.0000 -0.0153
206.0000 -0.0148
207.0000 -0.0143
208.0000 -0.0139
209.0000 -0.0134
210.0000 -0.0129
211.0000 0.2715
212.0000 -0.0486
213.0000 0.0467
214.0000 -0.0396
215.0000 0.0222
216.0000 0.0367
217.0000 0.1074
218.0000 0.1685
219.0000 0.2509
220.0000 0.3309
221.0000 0.4168
222.0000 0.4994
223.0000 0.5801
224.0000 0.6552
225.0000 0.7246
226.0000 0.7867
227.0000 0.8414
228.0000 0.8884
229.0000 0.9278
230.0000 0.9600
231.0000 0.9854
232.0000 1.0047
233.0000 1.0185
234.0000 1.0276
235.0000 1.0328
236.0000 1.0348
237.0000 1.0343
238.0000 1.0319
239.0000 1.0282
240.0000 1.0237
241.0000 1.0189
242.0000 1.0141
243.0000 1.0095
244.0000 1.0055
245.0000 1.0021
246.0000 0.9994
247.0000 0.9974
248.0000 0.9962
249.0000 0.9957
250.0000 0.9959
251.0000 0.9967
252.0000 0.9980
253.0000 0.9997
254.0000 1.0017
255.0000 1.0039
256.0000 1.0062
257.0000 1.0086
258.0000 1.0109
259.0000 1.0132
260.0000 1.0153
261.0000 1.0173
262.0000 1.0191
263.0000 1.0206
264.0000 1.0219
265.0000 1.0230
266.0000 1.0239
267.0000 1.0246
268.0000 1.0250
269.0000 1.0253
270.0000 1.0254
271.0000 1.0254
272.0000 1.0252
273.0000 1.0250
274.0000 1.0246
275.0000 1.0242
276.0000 1.0238
277.0000 1.0233
278.0000 1.0227
279.0000 1.0222
280.0000 1.0217
281.0000 1.0211
282.0000 1.0206
283.0000 1.0201
284.0000 1.0196
285.0000 1.0191
286.0000 1.0186
287.0000 1.0181
288.0000 1.0177
289.0000 1.0173
290.0000 1.0168
291.0000 1.0164
292.0000 1.0160
293.0000 1.0156
294.0000 1.0152
295.0000 1.0149
296.0000 1.0145
297.0000 1.0141
298.0000 1.0137
299.0000 1.0134
300.0000 1.0130
301.0000 1.0126
302.0000 1.0123
303.0000 1.0119
304.0000 1.0115
305.0000 1.0112
306.0000 1.0108
307.0000 1.0105
308.0000 1.0101
309.0000 1.0098
310.0000 1.0095
311.0000 0.8680
312.0000 0.9420
313.0000 0.8978
314.0000 0.9116
315.0000 0.8874
316.0000 0.8840
317.0000 0.8702
318.0000 0.8645
319.0000 0.8567
320.0000 0.8527
321.0000 0.8490
322.0000 0.8474
323.0000 0.8466
324.0000 0.8471
325.0000 0.8484
326.0000 0.8505
327.0000 0.8532
328.0000 0.8563
329.0000 0.8597
330.0000 0.8634
331.0000 0.8672
332.0000 0.8710
333.0000 0.8748
334.0000 0.8785
335.0000 0.8820
336.0000 0.8854
337.0000 0.8887
338.0000 0.8918
339.0000 0.8947
340.0000 0.8975
341.0000 0.9001
342.0000 0.9025
343.0000 0.9049
344.0000 0.9071
345.0000 0.9092
346.0000 0.9113
347.0000 0.9133
348.0000 0.9153
349.0000 0.9173
350.0000 0.9192
351.0000 0.9211
352.0000 0.9230
353.0000 0.9249
354.0000 0.9268
355.0000 0.9287
356.0000 0.9306
357.0000 0.9325
358.0000 0.9344
359.0000 0.9363
360.0000 0.9382
361.0000 0.9400
362.0000 0.9419
363.0000 0.9437
364.0000 0.9455
365.0000 0.9472
366.0000 0.9489
367.0000 0.9506
368.0000 0.9523
369.0000 0.9539
370.0000 0.9554
371.0000 0.9570
372.0000 0.9584
373.0000 0.9599
374.0000 0.9613
375.0000 0.9626
376.0000 0.9640
377.0000 0.9652
378.0000 0.9665
379.0000 0.9677
380.0000 0.9688
381.0000 0.9700
382.0000 0.9711
383.0000 0.9721
384.0000 0.9731
385.0000 0.9741
386.0000 0.9751
387.0000 0.9760
388.0000 0.9769
389.0000 0.9778
390.0000 0.9786
391.0000 0.9794
392.0000 0.9802
393.0000 0.9810
394.0000 0.9817
395.0000 0.9825
396.0000 0.9831
397.0000 0.9838
398.0000 0.9845
399.0000 0.9851
400.0000 0.9857
401.0000 0.9863
402.0000 0.9868
403.0000 0.9874
404.0000 0.9879
405.0000 0.9884
406.0000 0.9889
407.0000 0.9893
408.0000 0.9898
409.0000 0.9902
410.0000 0.9906
411.0000 0.0366
412.0000 0.1192
413.0000 -0.1242
414.0000 -0.0253
415.0000 -0.0218
416.0000 0.0998
417.0000 0.1944
418.0000 0.3276
419.0000 0.4496
420.0000 0.5790
421.0000 0.6979
422.0000 0.8108
423.0000 0.9113
424.0000 1.0003
425.0000 1.0757
426.0000 1.1383
427.0000 1.1878
428.0000 1.2254
429.0000 1.2518
430.0000 1.2682
431.0000 1.2761
432.0000 1.2767
433.0000 1.2715
434.0000 1.2616
435.0000 1.2484
436.0000 1.2329
437.0000 1.2162
438.0000 1.1990
439.0000 1.1820
440.0000 1.1659
441.0000 1.1509
442.0000 1.1374
443.0000 1.1256
444.0000 1.1156
445.0000 1.1073
446.0000 1.1007
447.0000 1.0957
448.0000 1.0922
449.0000 1.0899
450.0000 1.0886
451.0000 1.0883
452.0000 1.0886
453.0000 1.0894
454.0000 1.0905
455.0000 1.0918
456.0000 1.0931
457.0000 1.0944
458.0000 1.0955
459.0000 1.0964
460.0000 1.0970
461.0000 1.0972
462.0000 1.0972
463.0000 1.0968
464.0000 1.0962
465.0000 1.0952
466.0000 1.0940
467.0000 1.0925
468.0000 1.0908
469.0000 1.0889
470.0000 1.0869
471.0000 1.0848
472.0000 1.0827
473.0000 1.0804
474.0000 1.0782
475.0000 1.0760
476.0000 1.0737
477.0000 1.0716
478.0000 1.0694
479.0000 1.0673
480.0000 1.0653
481.0000 1.0634
482.0000 1.0615
483.0000 1.0597
484.0000 1.0579
485.0000 1.0562
486.0000 1.0546
487.0000 1.0531
488.0000 1.0515
489.0000 1.0501
490.0000 1.0486
491.0000 1.0473
492.0000 1.0459
493.0000 1.0446
494.0000 1.0433
495.0000 1.0420
496.0000 1.0408
497.0000 1.0396
498.0000 1.0384
499.0000 1.0372
500.0000 1.0361
501.0000 1.0350
502.0000 1.0339
503.0000 1.0328
504.0000 1.0317
505.0000 1.0307
506.0000 1.0297
507.0000 1.0287
508.0000 1.0277
509.0000 1.0268
510.0000 1.0259
511.0000 0.4570
512.0000 1.0972
513.0000 0.9066
514.0000 1.0792
515.0000 0.9557
516.0000 0.9266
517.0000 0.7851
518.0000 0.6629
519.0000 0.4983
520.0000 0.3382
521.0000 0.1664
522.0000 0.0012
523.0000 -0.1603
524.0000 -0.3105
525.0000 -0.4492
526.0000 -0.5734
527.0000 -0.6829
528.0000 -0.7768
529.0000 -0.8557
530.0000 -0.9200
531.0000 -0.9708
532.0000 -1.0093
533.0000 -1.0370
534.0000 -1.0552
535.0000 -1.0656
536.0000 -1.0696
537.0000 -1.0685
538.0000 -1.0637
539.0000 -1.0563
540.0000 -1.0474
541.0000 -1.0378
542.0000 -1.0282
543.0000 -1.0191
544.0000 -1.0110
545.0000 -1.0041
546.0000 -0.9987
547.0000 -0.9948
548.0000 -0.9924
549.0000 -0.9915
550.0000 -0.9919
551.0000 -0.9934
552.0000 -0.9960
553.0000 -0.9994
554.0000 -1.0033
555.0000 -1.0077
556.0000 -1.0124
557.0000 -1.0172
558.0000 -1.0219
559.0000 -1.0264
560.0000 -1.0307
561.0000 -1.0346
562.0000 -1.0381
563.0000 -1.0412
564.0000 -1.0439
565.0000 -1.0461
566.0000 -1.0478
567.0000 -1.0491
568.0000 -1.0500
569.0000 -1.0506
570.0000 -1.0508
571.0000 -1.0508
572.0000 -1.0505
573.0000 -1.0499
574.0000 -1.0493
575.0000 -1.0484
576.0000 -1.0475
577.0000 -1.0465
578.0000 -1.0455
579.0000 -1.0444
580.0000 -1.0433
581.0000 -1.0422
582.0000 -1.0412
583.0000 -1.0401
584.0000 -1.0391
585.0000 -1.0381
586.0000 -1.0372
587.0000 -1.0363
588.0000 -1.0354
589.0000 -1.0345
590.0000 -1.0337
591.0000 -1.0328
592.0000 -1.0320
593.0000 -1.0312
594.0000 -1.0305
595.0000 -1.0297
596.0000 -1.0289
597.0000 -1.0282
598.0000 -1.0275
599.0000 -1.0267
600.0000 -1.0260
601.0000 -1.0252
602.0000 -1.0245
603.0000 -1.0238
604.0000 -1.0231
605.0000 -1.0224
606.0000 -1.0217
607.0000 -1.0210
608.0000 -1.0203
609.0000 -1.0196
610.0000 -1.0189
611.0000 -0.8065
612.0000 -0.9174
613.0000 -0.8510
614.0000 -0.8715
615.0000 -0.8351
616.0000 -0.8298
617.0000 -0.8089
618.0000 -0.8003
619.0000 -0.7885
620.0000 -0.7824
621.0000 -0.7767
622.0000 -0.7741
623.0000 -0.7728
624.0000 -0.7735
625.0000 -0.7753
626.0000 -0.7783
627.0000 -0.7822
628.0000 -0.7868
629.0000 -0.7919
630.0000 -0.7973
631.0000 -0.8028
632.0000 -0.8085
633.0000 -0.8141
634.0000 -0.8195
635.0000 -0.8248
636.0000 -0.8298
637.0000 -0.8346
638.0000 -0.8392
639.0000 -0.8435
640.0000 -0.8476
641.0000 -0.8514
642.0000 -0.8550
643.0000 -0.8585
644.0000 -0.8618
645.0000 -0.8649
646.0000 -0.8680
647.0000 -0.8710
648.0000 -0.8739
649.0000 -0.8768
650.0000 -0.8796
651.0000 -0.8825
652.0000 -0.8853
653.0000 -0.8881
654.0000 -0.8909
655.0000 -0.8937
656.0000 -0.8966
657.0000 -0.8994
658.0000 -0.9022
659.0000 -0.9050
660.0000 -0.9077
661.0000 -0.9105
662.0000 -0.9132
663.0000 -0.9159
664.0000 -0.9186
665.0000 -0.9212
666.0000 -0.9237
667.0000 -0.9262
668.0000 -0.9287
669.0000 -0.9311
670.0000 -0.9334
671.0000 -0.9357
672.0000 -0.9379
673.0000 -0.9400
674.0000 -0.9421
675.0000 -0.9441
676.0000 -0.9461
677.0000 -0.9480
678.0000 -0.9499
679.0000 -0.9516
680.0000 -0.9534
681.0000 -0.9551
682.0000 -0.9567
683.0000 -0.9583
684.0000 -0.9598
685.0000 -0.9613
686.0000 -0.9627
687.0000 -0.9641
688.0000 -0.9654
689.0000 -0.9667
690.0000 -0.9680
691.0000 -0.9692
692.0000 -0.9704
693.0000 -0.9715
694.0000 -0.9726
695.0000 -0.9737
696.0000 -0.9747
697.0000 -0.9757
698.0000 -0.9767
699.0000 -0.9776
700.0000 -0.9785
701.0000 -0.9794
702.0000 -0.9802
703.0000 -0.9810
704.0000 -0.9818
705.0000 -0.9826
706.0000 -0.9833
707.0000 -0.9840
708.0000 -0.9847
709.0000 -0.9853
710.0000 -0.9859
711.0000 0.4451
712.0000 0.3212
713.0000 0.6863
714.0000 0.5380
715.0000 0.5327
716.0000 0.3504
717.0000 0.2084
718.0000 0.0086
719.0000 -0.1744
720.0000 -0.3685
721.0000 -0.5468
722.0000 -0.7162
723.0000 -0.8669
724.0000 -1.0004
725.0000 -1.1136
726.0000 -1.2074
727.0000 -1.2817
728.0000 -1.3381
729.0000 -1.3776
730.0000 -1.4023
731.0000 -1.4141
732.0000 -1.4151
733.0000 -1.4072
734.0000 -1.3924
735.0000 -1.3726
736.0000 -1.3494
737.0000 -1.3243
738.0000 -1.2985
739.0000 -1.2730
740.0000 -1.2488
741.0000 -1.2263
742.0000 -1.2061
743.0000 -1.1884
744.0000 -1.1733
745.0000 -1.1609
746.0000 -1.1510
747.0000 -1.1436
748.0000 -1.1382
749.0000 -1.1348
750.0000 -1.1329
751.0000 -1.1324
752.0000 -1.1329
753.0000 -1.1341
754.0000 -1.1357
755.0000 -1.1377
756.0000 -1.1397
757.0000 -1.1416
758.0000 -1.1432
759.0000 -1.1445
760.0000 -1.1454
761.0000 -1.1458
762.0000 -1.1458
763.0000 -1.1453
764.0000 -1.1442
765.0000 -1.1428
766.0000 -1.1409
767.0000 -1.1387
768.0000 -1.1362
769.0000 -1.1334
770.0000 -1.1304
771.0000 -1.1272
772.0000 -1.1240
773.0000 -1.1206
774.0000 -1.1173
775.0000 -1.1139
776.0000 -1.1106
777.0000 -1.1073
778.0000 -1.1041
779.0000 -1.1010
780.0000 -1.0980
781.0000 -1.0951
782.0000 -1.0922
783.0000 -1.0895
784.0000 -1.0869
785.0000 -1.0844
786.0000 -1.0819
787.0000 -1.0796
788.0000 -1.0773
789.0000 -1.0751
790.0000 -1.0730
791.0000 -1.0709
792.0000 -1.0688
793.0000 -1.0669
794.0000 -1.0649
795.0000 -1.0630
796.0000 -1.0612
797.0000 -1.0594
798.0000 -1.0576
799.0000 -1.0558
800.0000 -1.0541
801.0000 -1.0524
802.0000 -1.0508
803.0000 -1.0492
804.0000 -1.0476
805.0000 -1.0460
806.0000 -1.0445
807.0000 -1.0430
808.0000 -1.0416
809.0000 -1.0402
810.0000 -1.0388
811.0000 -0.1855
812.0000 -1.1458
813.0000 -0.8599
814.0000 -1.1189
815.0000 -0.9335
816.0000 -0.8900
817.0000 -0.6776
818.0000 -0.4944
819.0000 -0.2474
820.0000 -0.0072
821.0000 0.2504
822.0000 0.4981
823.0000 0.7404
824.0000 0.9657
825.0000 1.1738
826.0000 1.3601
827.0000 1.5243
828.0000 1.6652
829.0000 1.7835
830.0000 1.8800
831.0000 1.9562
832.0000 2.0140
833.0000 2.0555
834.0000 2.0829
835.0000 2.0984
836.0000 2.1044
837.0000 2.1028
838.0000 2.0956
839.0000 2.0845
840.0000 2.0711
841.0000 2.0567
842.0000 2.0422
843.0000 2.0286
844.0000 2.0165
845.0000 2.0062
846.0000 1.9981
847.0000 1.9922
848.0000 1.9886
849.0000 1.9872
850.0000 1.9878
851.0000 1.9902
852.0000 1.9940
853.0000 1.9990
854.0000 2.0050
855.0000 2.0116
856.0000 2.0186
857.0000 2.0257
858.0000 2.0328
859.0000 2.0396
860.0000 2.0460
861.0000 2.0519
862.0000 2.0572
863.0000 2.0618
864.0000 2.0658
865.0000 2.0691
866.0000 2.0717
867.0000 2.0737
868.0000 2.0751
869.0000 2.0759
870.0000 2.0762
871.0000 2.0761
872.0000 2.0757
873.0000 2.0749
874.0000 2.0739
875.0000 2.0726
876.0000 2.0713
877.0000 2.0698
878.0000 2.0682
879.0000 2.0666
880.0000 2.0650
881.0000 2.0634
882.0000 2.0618
883.0000 2.0602
884.0000 2.0587
885.0000 2.0572
886.0000 2.0558
887.0000 2.0544
888.0000 2.0531
889.0000 2.0518
890.0000 2.0505
891.0000 2.0493
892.0000 2.0481
893.0000 2.0469
894.0000 2.0457
895.0000 2.0446
896.0000 2.0434
897.0000 2.0423
898.0000 2.0412
899.0000 2.0401
900.0000 2.0390
901.0000 2.0379
902.0000 2.0368
903.0000 2.0357
904.0000 2.0346
905.0000 2.0335
906.0000 2.0325
907.0000 2.0314
908.0000 2.0304
909.0000 2.0294
910.0000 2.0284
