1.0000 0.0000
2.0000 0.0000
3.0000 0.0000
4.0000 0.0000
5.0000 0.0000
6.0000 0.0000
7.0000 0.0000
8.0000 0.0000
9.0000 0.0000
10.0000 0.0000
11.0000 0.0000
12.0000 0.0000
13.0000 0.0000
14.0000 0.0002
15.0000 0.0008
16.0000 0.0018
17.0000 0.0030
18.0000 0.0045
19.0000 0.0063
20.0000 0.0083
21.0000 0.0104
22.0000 0.0127
23.0000 0.0152
24.0000 0.0178
25.0000 0.0204
26.0000 0.0232
27.0000 0.0260
28.0000 0.0289
29.0000 0.0319
30.0000 0.0349
31.0000 0.0379
32.0000 0.0409
33.0000 0.0440
34.0000 0.0470
35.0000 0.0501
36.0000 0.0531
37.0000 0.0562
38.0000 0.0592
39.0000 0.0623
40.0000 0.0653
41.0000 0.0683
42.0000 0.0712
43.0000 0.0742
44.0000 0.0771
45.0000 0.0800
46.0000 0.0828
47.0000 0.0857
48.0000 0.0885
49.0000 0.0912
50.0000 0.0939
51.0000 0.0966
52.0000 0.0993
53.0000 0.1019
54.0000 0.1045
55.0000 0.1071
56.0000 0.1096
57.0000 0.1121
58.0000 0.1145
59.0000 0.1169
60.0000 0.1193
61.0000 0.1216
62.0000 0.1240
63.0000 0.1262
64.0000 0.1285
65.0000 0.1307
66.0000 0.1328
67.0000 0.1350
68.0000 0.1371
69.0000 0.1392
70.0000 0.1412
71.0000 0.1432
72.0000 0.1452
73.0000 0.1471
74.0000 0.1490
75.0000 0.1509
76.0000 0.1528
77.0000 0.1546
78.0000 0.1564
79.0000 0.1581
80.0000 0.1599
81.0000 0.1616
82.0000 0.1633
83.0000 0.1649
84.0000 0.1666
85.0000 0.1682
86.0000 0.1697
87.0000 0.1713
88.0000 0.1728
89.0000 0.1743
90.0000 0.1758
91.0000 0.1772
92.0000 0.1787
93.0000 0.1801
94.0000 0.1814
95.0000 0.1828
96.0000 0.1841
97.0000 0.1854
98.0000 0.1867
99.0000 0.1880
100.0000 0.1893
101.0000 0.1905
102.0000 0.1917
103.0000 0.1929
104.0000 0.1941
105.0000 0.1952
106.0000 0.1963
107.0000 0.1975
108.0000 0.1986
109.0000 0.1996
110.0000 0.2007
111.0000 0.2017
112.0000 0.2028
113.0000 0.2038
114.0000 0.2048
115.0000 0.2057
116.0000 0.2067
117.0000 0.2076
118.0000 0.2086
119.0000 0.2095
120.0000 0.2104
121.0000 0.2113
122.0000 0.2121
123.0000 0.2130
124.0000 0.2138
125.0000 0.2147
126.0000 0.2155
127.0000 0.2163
128.0000 0.2171
129.0000 0.2178
130.0000 0.2186
131.0000 0.2194
132.0000 0.2201
133.0000 0.2208
134.0000 0.2215
135.0000 0.2222
136.0000 0.2229
137.0000 0.2236
138.0000 0.2243
139.0000 0.2249
140.0000 0.2256
141.0000 0.2262
142.0000 0.2268
143.0000 0.2274
144.0000 0.2281
145.0000 0.2286
146.0000 0.2292
147.0000 0.2298
148.0000 0.2304
149.0000 0.2309
150.0000 0.2315
151.0000 0.2320
152.0000 0.2325
153.0000 0.2331
154.0000 0.2336
155.0000 0.2341
156.0000 0.2346
157.0000 0.2351
158.0000 0.2355
159.0000 0.2360
160.0000 0.2365
161.0000 0.2369
162.0000 0.2374
163.0000 0.2378
164.0000 0.2383
165.0000 0.2387
166.0000 0.2391
167.0000 0.2395
168.0000 0.2399
169.0000 0.2403
170.0000 0.2407
171.0000 0.2411
172.0000 0.2415
173.0000 0.2419
174.0000 0.2422
175.0000 0.2426
176.0000 0.2429
177.0000 0.2433
178.0000 0.2436
179.0000 0.2440
180.0000 0.2443
181.0000 0.2446
182.0000 0.2450
183.0000 0.2453
184.0000 0.2456
185.0000 0.2459
186.0000 0.2462
187.0000 0.2465
188.0000 0.2468
189.0000 0.2471
190.0000 0.2473
191.0000 0.2476
192.0000 0.2479
193.0000 0.2482
194.0000 0.2484
195.0000 0.2487
196.0000 0.2489
197.0000 0.2492
198.0000 0.2494
199.0000 0.2497
200.0000 0.2499
201.0000 0.2502
202.0000 0.2504
203.0000 0.2506
204.0000 0.2508
205.0000 0.2511
206.0000 0.2513
207.0000 0.2515
208.0000 0.2517
209.0000 0.2519
210.0000 0.2521
211.0000 0.2523
212.0000 0.2525
213.0000 0.2527
214.0000 0.2529
215.0000 0.2531
216.0000 0.2533
217.0000 0.2534
218.0000 0.2536
219.0000 0.2538
220.0000 0.2540
221.0000 0.2541
222.0000 0.2543
223.0000 0.2545
224.0000 0.2546
225.0000 0.2548
226.0000 0.2549
227.0000 0.2551
228.0000 0.2552
229.0000 0.2554
230.0000 0.2555
231.0000 0.2557
232.0000 0.2558
233.0000 0.2560
234.0000 0.2561
235.0000 0.2562
236.0000 0.2564
237.0000 0.2565
238.0000 0.2566
239.0000 0.2567
240.0000 0.2569
241.0000 0.2570
242.0000 0.2571
243.0000 0.2572
244.0000 0.2573
245.0000 0.2575
246.0000 0.2576
247.0000 0.2577
248.0000 0.2578
249.0000 0.2579
250.0000 0.2580
251.0000 0.2581
252.0000 0.2582
253.0000 0.2583
254.0000 0.2584
255.0000 0.2585
256.0000 0.2586
257.0000 0.2587
258.0000 0.2588
259.0000 0.2589
260.0000 0.2590
261.0000 0.2590
262.0000 0.2591
263.0000 0.2592
264.0000 0.2593
265.0000 0.2594
266.0000 0.2595
267.0000 0.2595
268.0000 0.2596
269.0000 0.2597
270.0000 0.2598
271.0000 0.2598
272.0000 0.2599
273.0000 0.2600
274.0000 0.2601
275.0000 0.2601
276.0000 0.2602
277.0000 0.2603
278.0000 0.2603
279.0000 0.2604
280.0000 0.2604
281.0000 0.2605
282.0000 0.2606
283.0000 0.2606
284.0000 0.2607
285.0000 0.2608
286.0000 0.2608
287.0000 0.2609
288.0000 0.2609
289.0000 0.2610
290.0000 0.2610
291.0000 0.2611
292.0000 0.2611
293.0000 0.2612
294.0000 0.2612
295.0000 0.2613
296.0000 0.2613
297.0000 0.2614
298.0000 0.2614
299.0000 0.2615
300.0000 0.2615
