1.0000 26.1200
2.0000 26.1800
3.0000 26.1800
4.0000 26.1800
5.0000 26.1800
6.0000 26.1800
7.0000 26.1800
8.0000 26.1800
9.0000 26.1800
10.0000 26.1800
11.0000 26.2500
12.0000 26.2500
13.0000 26.3100
14.0000 26.3700
15.0000 26.4300
16.0000 26.5000
17.0000 26.5600
18.0000 26.6800
19.0000 26.7500
20.0000 26.8700
21.0000 26.9300
22.0000 27.0600
23.0000 27.1800
24.0000 27.3100
25.0000 27.4300
26.0000 27.5600
27.0000 27.6800
28.0000 27.8100
29.0000 27.9300
30.0000 28.0600
31.0000 28.2500
32.0000 28.3700
33.0000 28.5000
34.0000 28.6200
35.0000 28.8100
36.0000 28.9300
37.0000 29.0600
38.0000 29.1800
39.0000 29.3700
40.0000 29.5000
41.0000 29.6800
42.0000 29.8100
43.0000 29.9300
44.0000 30.1200
45.0000 30.2500
46.0000 30.3700
47.0000 30.5000
48.0000 30.6800
49.0000 30.8100
50.0000 31.0000
51.0000 31.1200
52.0000 31.2500
53.0000 31.3700
54.0000 31.5600
55.0000 31.6800
56.0000 31.8100
57.0000 31.9300
58.0000 32.0600
59.0000 32.2500
60.0000 32.3700
61.0000 32.5000
62.0000 32.6200
63.0000 32.7500
64.0000 32.8700
65.0000 33.0000
66.0000 33.1200
67.0000 33.2500
68.0000 33.3700
69.0000 33.5000
70.0000 33.5600
71.0000 33.6800
72.0000 33.8100
73.0000 33.9300
74.0000 34.0600
75.0000 34.1200
76.0000 34.2500
77.0000 34.3700
78.0000 34.4300
79.0000 34.5600
80.0000 34.6800
81.0000 34.7500
82.0000 34.8700
83.0000 34.9300
84.0000 35.0600
85.0000 35.1200
86.0000 35.2500
87.0000 35.3100
88.0000 35.3700
89.0000 35.5000
90.0000 35.5600
91.0000 35.6200
92.0000 35.7500
93.0000 35.8100
94.0000 35.8700
95.0000 35.9300
96.0000 36.0600
97.0000 36.1200
98.0000 36.1800
99.0000 36.2500
100.0000 36.3100
101.0000 36.3700
102.0000 36.4300
103.0000 36.5000
104.0000 36.6200
105.0000 36.6800
106.0000 36.7500
107.0000 36.8100
108.0000 36.8700
109.0000 36.9300
110.0000 37.0600
111.0000 37.1200
112.0000 37.1800
113.0000 37.2500
114.0000 37.3100
115.0000 37.3700
116.0000 37.3700
117.0000 37.4300
118.0000 37.5000
119.0000 37.5600
120.0000 37.6200
121.0000 37.6800
122.0000 37.7500
123.0000 37.8100
124.0000 37.8700
125.0000 37.9300
126.0000 38.0000
127.0000 38.0600
128.0000 38.1200
129.0000 38.1800
130.0000 38.2500
131.0000 38.3100
132.0000 38.3100
133.0000 38.3700
134.0000 38.4300
135.0000 38.4300
136.0000 38.5000
137.0000 38.5600
138.0000 38.6200
139.0000 38.6200
140.0000 38.6800
141.0000 38.6800
142.0000 38.7500
143.0000 38.8100
144.0000 38.8700
145.0000 38.8700
146.0000 38.9300
147.0000 38.9300
148.0000 39.0000
149.0000 39.0000
150.0000 39.0600
151.0000 39.0600
152.0000 39.0600
153.0000 39.1200
154.0000 39.1800
155.0000 39.1800
156.0000 39.2500
157.0000 39.2500
158.0000 39.2500
159.0000 39.3100
160.0000 39.3100
161.0000 39.3700
162.0000 39.3700
163.0000 39.4300
164.0000 39.4300
165.0000 39.5000
166.0000 39.5000
167.0000 39.5600
168.0000 39.5600
169.0000 39.6200
170.0000 39.6800
171.0000 39.6800
172.0000 39.7500
173.0000 39.8100
174.0000 39.8100
175.0000 39.8700
176.0000 39.9300
177.0000 39.9300
178.0000 39.9300
179.0000 40.0000
180.0000 40.0000
181.0000 40.0000
182.0000 40.0000
183.0000 40.0000
184.0000 40.0600
185.0000 40.0600
186.0000 40.0600
187.0000 40.0600
188.0000 40.0600
189.0000 40.1200
190.0000 40.1200
191.0000 40.1200
192.0000 40.1200
193.0000 40.1800
194.0000 40.1800
195.0000 40.1800
196.0000 40.1800
197.0000 40.2500
198.0000 40.2500
199.0000 40.2500
200.0000 40.2500
201.0000 40.2500
202.0000 40.3100
203.0000 40.3100
204.0000 40.3100
205.0000 40.3100
206.0000 40.3100
207.0000 40.3100
208.0000 40.3100
209.0000 40.3700
210.0000 40.3700
211.0000 40.3700
212.0000 40.3700
213.0000 40.3700
214.0000 40.3700
215.0000 40.3700
216.0000 40.3700
217.0000 40.3700
218.0000 40.4300
219.0000 40.4300
220.0000 40.4300
221.0000 40.4300
222.0000 40.5000
223.0000 40.5000
224.0000 40.5600
225.0000 40.5600
226.0000 40.5600
227.0000 40.6200
228.0000 40.6200
229.0000 40.6200
230.0000 40.6200
231.0000 40.6200
232.0000 40.6800
233.0000 40.6800
234.0000 40.6800
235.0000 40.6800
236.0000 40.6800
237.0000 40.6800
238.0000 40.6800
239.0000 40.7500
240.0000 40.6800
241.0000 40.6800
242.0000 40.6800
243.0000 40.6800
244.0000 40.7500
245.0000 40.6800
246.0000 40.7500
247.0000 40.7500
248.0000 40.7500
249.0000 40.7500
250.0000 40.7500
251.0000 40.7500
252.0000 40.7500
253.0000 40.7500
254.0000 40.8100
255.0000 40.8100
256.0000 40.8100
257.0000 40.8100
258.0000 40.8700
259.0000 40.8700
260.0000 40.8700
261.0000 40.8700
262.0000 40.9300
263.0000 40.9300
264.0000 40.9300
265.0000 40.9300
266.0000 41.0000
267.0000 41.0000
268.0000 41.0000
269.0000 41.0000
270.0000 41.0000
271.0000 41.0000
272.0000 41.0000
273.0000 41.0000
274.0000 41.0000
275.0000 41.0000
276.0000 41.0000
277.0000 41.0000
278.0000 41.0000
279.0000 41.0000
280.0000 41.0000
281.0000 41.0000
282.0000 41.0000
283.0000 41.0000
284.0000 41.0000
285.0000 41.0000
286.0000 41.0000
287.0000 41.0000
288.0000 41.0000
289.0000 41.0000
290.0000 41.0000
291.0000 41.0000
292.0000 41.0000
293.0000 41.0000
294.0000 41.0000
295.0000 41.0600
296.0000 41.0600
297.0000 41.0600
298.0000 41.1200
299.0000 41.1200
300.0000 41.1200
301.0000 41.1200
302.0000 41.1200
303.0000 41.1200
304.0000 41.1800
305.0000 41.1800
306.0000 41.1800
307.0000 41.1800
308.0000 41.1800
309.0000 41.1800
310.0000 41.2500
311.0000 41.2500
312.0000 41.2500
313.0000 41.2500
314.0000 41.1800
315.0000 41.2500
316.0000 41.1800
317.0000 41.1800
318.0000 41.1800
319.0000 41.1800
320.0000 41.1800
321.0000 41.1800
322.0000 41.1800
323.0000 41.1800
324.0000 41.1800
325.0000 41.1800
326.0000 41.1800
327.0000 41.1800
328.0000 41.1800
329.0000 41.1200
330.0000 41.1800
331.0000 41.1200
332.0000 41.1200
333.0000 41.1800
334.0000 41.1800
335.0000 41.1800
336.0000 41.1800
337.0000 41.1800
338.0000 41.1800
339.0000 41.1800
340.0000 41.1800
341.0000 41.1800
342.0000 41.1800
343.0000 41.1800
344.0000 41.1800
345.0000 41.2500
346.0000 41.2500
347.0000 41.2500
348.0000 41.2500
349.0000 41.2500
350.0000 41.2500
351.0000 41.2500
352.0000 41.2500
353.0000 41.2500
354.0000 41.2500
355.0000 41.3100
356.0000 41.2500
357.0000 41.2500
358.0000 41.2500
359.0000 41.2500
360.0000 41.2500
361.0000 41.2500
362.0000 41.2500
363.0000 41.2500
364.0000 41.2500
365.0000 41.2500
366.0000 41.2500
367.0000 41.2500
368.0000 41.2500
369.0000 41.2500
370.0000 41.2500
371.0000 41.2500
372.0000 41.1800
373.0000 41.1800
374.0000 41.1800
375.0000 41.1800
376.0000 41.1800
377.0000 41.1800
378.0000 41.1800
379.0000 41.1800
380.0000 41.1800
381.0000 41.1800
382.0000 41.1800
383.0000 41.1800
384.0000 41.1800
385.0000 41.1800
386.0000 41.1800
387.0000 41.2500
388.0000 41.2500
389.0000 41.2500
390.0000 41.2500
391.0000 41.2500
392.0000 41.2500
393.0000 41.2500
394.0000 41.2500
395.0000 41.2500
396.0000 41.2500
397.0000 41.2500
398.0000 41.3100
399.0000 41.3100
400.0000 41.3100
401.0000 41.3100
402.0000 41.3100
403.0000 41.3100
404.0000 41.3100
405.0000 41.3100
406.0000 41.3100
407.0000 41.3100
408.0000 41.3100
409.0000 41.3100
410.0000 41.3100
411.0000 41.3100
412.0000 41.3100
413.0000 41.3100
414.0000 41.3100
415.0000 41.3100
416.0000 41.3100
417.0000 41.3100
418.0000 41.3100
419.0000 41.3100
420.0000 0.0000
421.0000 0.0000
422.0000 0.0000
423.0000 0.0000
424.0000 0.0000
425.0000 0.0000
426.0000 0.0000
427.0000 0.0000
428.0000 0.0000
429.0000 0.0000
430.0000 0.0000
431.0000 0.0000
432.0000 0.0000
433.0000 0.0000
434.0000 0.0000
435.0000 0.0000
436.0000 0.0000
437.0000 0.0000
438.0000 0.0000
439.0000 0.0000
440.0000 0.0000
441.0000 0.0000
442.0000 0.0000
443.0000 0.0000
444.0000 0.0000
445.0000 0.0000
446.0000 0.0000
447.0000 0.0000
448.0000 0.0000
449.0000 0.0000
450.0000 0.0000
451.0000 0.0000
452.0000 0.0000
453.0000 0.0000
454.0000 0.0000
455.0000 0.0000
456.0000 0.0000
457.0000 0.0000
458.0000 0.0000
459.0000 0.0000
460.0000 0.0000
461.0000 0.0000
462.0000 0.0000
463.0000 0.0000
464.0000 0.0000
465.0000 0.0000
466.0000 0.0000
467.0000 0.0000
468.0000 0.0000
469.0000 0.0000
470.0000 0.0000
471.0000 0.0000
472.0000 0.0000
473.0000 0.0000
474.0000 0.0000
475.0000 0.0000
476.0000 0.0000
477.0000 0.0000
478.0000 0.0000
479.0000 0.0000
480.0000 0.0000
481.0000 0.0000
482.0000 0.0000
483.0000 0.0000
484.0000 0.0000
485.0000 0.0000
486.0000 0.0000
487.0000 0.0000
488.0000 0.0000
489.0000 0.0000
490.0000 0.0000
491.0000 0.0000
492.0000 0.0000
493.0000 0.0000
494.0000 0.0000
495.0000 0.0000
496.0000 0.0000
497.0000 0.0000
498.0000 0.0000
499.0000 0.0000
500.0000 0.0000
