1.0000 41.9200
2.0000 41.9200
3.0000 41.8600
4.0000 41.9200
5.0000 41.9200
6.0000 41.9200
7.0000 41.9200
8.0000 41.8600
9.0000 41.8600
10.0000 41.8600
11.0000 41.8600
12.0000 41.8600
13.0000 41.8600
14.0000 41.8600
15.0000 41.8000
16.0000 41.8000
17.0000 41.8000
18.0000 41.8000
19.0000 41.8000
20.0000 41.8000
21.0000 41.8000
22.0000 41.8000
23.0000 41.8000
24.0000 41.8000
25.0000 41.8000
26.0000 41.8000
27.0000 41.7300
28.0000 41.7300
29.0000 41.8000
30.0000 41.8000
31.0000 41.8000
32.0000 41.8000
33.0000 41.8000
34.0000 41.8000
35.0000 41.8000
36.0000 41.8000
37.0000 41.8000
38.0000 41.8000
39.0000 41.8000
40.0000 41.8000
41.0000 41.8000
42.0000 41.8000
43.0000 41.8000
44.0000 41.8000
45.0000 41.8000
46.0000 41.8000
47.0000 41.8000
48.0000 41.8000
49.0000 41.8000
50.0000 41.8000
51.0000 41.8600
52.0000 41.8600
53.0000 41.8600
54.0000 41.8600
55.0000 41.8600
56.0000 41.8600
57.0000 41.8600
58.0000 41.8600
59.0000 41.8600
60.0000 41.9200
61.0000 41.9200
62.0000 41.9200
63.0000 41.9200
64.0000 41.9800
65.0000 41.9800
66.0000 42.0500
67.0000 42.0500
68.0000 42.0500
69.0000 42.1100
70.0000 42.1100
71.0000 42.1100
72.0000 42.1100
73.0000 42.1700
74.0000 42.1700
75.0000 42.1700
76.0000 42.1700
77.0000 42.1700
78.0000 42.2300
79.0000 42.2300
80.0000 42.2300
81.0000 42.2300
82.0000 42.2300
83.0000 42.2300
84.0000 42.2300
85.0000 42.2300
86.0000 42.2300
87.0000 42.2300
88.0000 42.2300
89.0000 42.2300
90.0000 42.2300
91.0000 42.3000
92.0000 42.2300
93.0000 42.3000
94.0000 42.3000
95.0000 42.3000
96.0000 42.3000
97.0000 42.3000
98.0000 42.3600
99.0000 42.3600
100.0000 42.3600
101.0000 42.3600
102.0000 42.3600
103.0000 42.3600
104.0000 42.3600
105.0000 42.3600
106.0000 42.3600
107.0000 42.3600
108.0000 42.3600
109.0000 42.3600
110.0000 42.3600
111.0000 42.3600
112.0000 42.3600
113.0000 42.3600
114.0000 42.4200
115.0000 42.4200
116.0000 42.4200
117.0000 42.4200
118.0000 42.4800
119.0000 42.4800
120.0000 42.4800
121.0000 42.4800
122.0000 42.5500
123.0000 42.5500
124.0000 42.5500
125.0000 42.5500
126.0000 42.5500
127.0000 42.5500
128.0000 42.5500
129.0000 42.5500
130.0000 42.5500
131.0000 42.5500
132.0000 42.5500
133.0000 42.5500
134.0000 42.5500
135.0000 42.5500
136.0000 42.6100
137.0000 42.6100
138.0000 42.6100
139.0000 42.6100
140.0000 42.6100
141.0000 42.6100
142.0000 42.6100
143.0000 42.6100
144.0000 42.5500
145.0000 42.6100
146.0000 42.6100
147.0000 42.6100
148.0000 42.6100
149.0000 42.6100
150.0000 42.6100
151.0000 42.6100
152.0000 42.6100
153.0000 42.6700
154.0000 42.6700
155.0000 42.6700
156.0000 42.6700
157.0000 42.6700
158.0000 42.7300
159.0000 42.7300
160.0000 42.7300
161.0000 42.7300
162.0000 42.7300
163.0000 42.7300
164.0000 42.7300
165.0000 42.7300
166.0000 42.7300
167.0000 42.7300
168.0000 42.7300
169.0000 42.7300
170.0000 42.7300
171.0000 42.7300
172.0000 42.7300
173.0000 42.7300
174.0000 42.7300
175.0000 42.7300
176.0000 42.7300
177.0000 42.7300
178.0000 42.8000
179.0000 42.7300
180.0000 42.8000
181.0000 42.8000
182.0000 42.8000
183.0000 42.8000
184.0000 42.8000
185.0000 42.8000
186.0000 42.8000
187.0000 42.8000
188.0000 42.8000
189.0000 42.8000
190.0000 42.8000
191.0000 42.8000
192.0000 42.8000
193.0000 42.8000
194.0000 42.8000
195.0000 42.8000
196.0000 42.8000
197.0000 42.8600
198.0000 42.8600
199.0000 42.8600
200.0000 42.8600
201.0000 42.8600
202.0000 42.8600
203.0000 42.8600
204.0000 42.9200
205.0000 42.9200
206.0000 42.9200
207.0000 42.9200
208.0000 42.9200
209.0000 42.9200
210.0000 42.9200
211.0000 42.9800
212.0000 42.9800
213.0000 42.9800
214.0000 42.9800
215.0000 42.9800
216.0000 42.9800
217.0000 42.9800
218.0000 42.9800
219.0000 42.9800
220.0000 42.9800
221.0000 43.0500
222.0000 42.9800
223.0000 42.9800
224.0000 42.9800
225.0000 43.0500
226.0000 43.0500
227.0000 43.0500
228.0000 43.0500
229.0000 43.0500
230.0000 43.0500
231.0000 43.0500
232.0000 43.0500
233.0000 43.0500
234.0000 43.0500
235.0000 43.0500
236.0000 43.0500
237.0000 43.1100
238.0000 43.1100
239.0000 43.1100
240.0000 43.1100
241.0000 43.1100
242.0000 43.1100
243.0000 43.1100
244.0000 43.1100
245.0000 43.1100
246.0000 43.1100
247.0000 43.1100
248.0000 43.1100
249.0000 43.1100
250.0000 43.1100
251.0000 43.0500
252.0000 43.0500
253.0000 43.0500
254.0000 43.0500
255.0000 43.0500
256.0000 43.0500
257.0000 43.0500
258.0000 43.0500
259.0000 43.0500
260.0000 43.0500
261.0000 43.0500
262.0000 43.0500
263.0000 43.0500
264.0000 43.0500
265.0000 43.1100
266.0000 43.1100
267.0000 43.0500
268.0000 43.1100
269.0000 43.1100
270.0000 43.0500
271.0000 43.0500
272.0000 43.0500
273.0000 43.0500
274.0000 43.0500
275.0000 43.0500
276.0000 43.1100
277.0000 43.1100
278.0000 43.1100
279.0000 43.1100
280.0000 43.1100
281.0000 43.1700
282.0000 43.1100
283.0000 43.1100
284.0000 43.1100
285.0000 43.1700
286.0000 43.1100
287.0000 43.1100
288.0000 43.1100
289.0000 43.1100
290.0000 43.1100
291.0000 43.0500
292.0000 43.0500
293.0000 43.0500
294.0000 43.0500
295.0000 43.0500
296.0000 43.0500
297.0000 43.0500
298.0000 43.0500
299.0000 43.0500
300.0000 43.0500
301.0000 43.0500
302.0000 43.0500
303.0000 43.0500
304.0000 43.1100
305.0000 43.1100
306.0000 43.1100
307.0000 43.1100
308.0000 43.1100
309.0000 43.0500
310.0000 43.0500
