1.0000 0.0000
2.0000 0.0000
3.0000 0.0000
4.0000 0.0000
5.0000 0.0000
6.0000 0.0000
7.0000 0.0000
8.0000 0.0000
9.0000 0.0000
10.0000 0.0000
11.0000 0.0000
12.0000 0.0000
13.0000 0.0000
14.0000 0.0000
15.0000 0.0000
16.0000 0.0000
17.0000 0.0000
18.0000 0.0000
19.0000 0.0000
20.0000 0.0000
21.0000 0.0000
22.0000 0.0000
23.0000 0.0000
24.0000 0.0000
25.0000 0.0000
26.0000 0.0000
27.0000 0.0000
28.0000 0.0000
29.0000 0.0000
30.0000 0.0000
31.0000 0.0000
32.0000 0.0000
33.0000 0.0000
34.0000 0.0000
35.0000 0.0000
36.0000 0.0000
37.0000 0.0000
38.0000 0.0000
39.0000 0.0000
40.0000 0.0000
41.0000 0.0000
42.0000 0.0000
43.0000 0.0000
44.0000 0.0000
45.0000 0.0000
46.0000 0.0000
47.0000 0.0000
48.0000 0.0000
49.0000 0.0000
50.0000 0.0040
51.0000 0.0040
52.0000 0.0040
53.0000 0.0040
54.0000 0.0080
55.0000 0.0080
56.0000 0.0127
57.0000 0.0127
58.0000 0.0127
59.0000 0.0167
60.0000 0.0167
61.0000 0.0167
62.0000 0.0167
63.0000 0.0207
64.0000 0.0207
65.0000 0.0207
66.0000 0.0207
67.0000 0.0207
68.0000 0.0247
69.0000 0.0247
70.0000 0.0247
71.0000 0.0247
72.0000 0.0247
73.0000 0.0247
74.0000 0.0247
75.0000 0.0247
76.0000 0.0247
77.0000 0.0247
78.0000 0.0247
79.0000 0.0247
80.0000 0.0247
81.0000 0.0293
82.0000 0.0247
83.0000 0.0293
84.0000 0.0293
85.0000 0.0293
86.0000 0.0293
87.0000 0.0293
88.0000 0.0333
89.0000 0.0333
90.0000 0.0333
91.0000 0.0333
92.0000 0.0333
93.0000 0.0333
94.0000 0.0333
95.0000 0.0333
96.0000 0.0333
97.0000 0.0333
98.0000 0.0333
99.0000 0.0333
100.0000 0.0333
101.0000 0.0333
102.0000 0.0333
103.0000 0.0333
104.0000 0.0373
105.0000 0.0373
106.0000 0.0373
107.0000 0.0373
108.0000 0.0413
109.0000 0.0413
110.0000 0.0413
111.0000 0.0413
112.0000 0.0460
113.0000 0.0460
114.0000 0.0460
115.0000 0.0460
116.0000 0.0460
117.0000 0.0460
118.0000 0.0460
119.0000 0.0460
120.0000 0.0460
121.0000 0.0460
122.0000 0.0460
123.0000 0.0460
124.0000 0.0460
125.0000 0.0460
126.0000 0.0500
127.0000 0.0500
128.0000 0.0500
129.0000 0.0500
130.0000 0.0500
131.0000 0.0500
132.0000 0.0500
133.0000 0.0500
134.0000 0.0460
135.0000 0.0500
136.0000 0.0500
137.0000 0.0500
138.0000 0.0500
139.0000 0.0500
140.0000 0.0500
141.0000 0.0500
142.0000 0.0500
143.0000 0.0540
144.0000 0.0540
145.0000 0.0540
146.0000 0.0540
147.0000 0.0540
148.0000 0.0580
149.0000 0.0580
150.0000 0.0580
151.0000 0.0580
152.0000 0.0580
153.0000 0.0580
154.0000 0.0580
155.0000 0.0580
156.0000 0.0580
157.0000 0.0580
158.0000 0.0580
159.0000 0.0580
160.0000 0.0580
161.0000 0.0580
162.0000 0.0580
163.0000 0.0580
164.0000 0.0580
165.0000 0.0580
166.0000 0.0580
167.0000 0.0580
168.0000 0.0627
169.0000 0.0580
170.0000 0.0627
171.0000 0.0627
172.0000 0.0627
173.0000 0.0627
174.0000 0.0627
175.0000 0.0627
176.0000 0.0627
177.0000 0.0627
178.0000 0.0627
179.0000 0.0627
180.0000 0.0627
181.0000 0.0627
182.0000 0.0627
183.0000 0.0627
184.0000 0.0627
185.0000 0.0627
186.0000 0.0627
187.0000 0.0667
188.0000 0.0667
189.0000 0.0667
190.0000 0.0667
191.0000 0.0667
192.0000 0.0667
193.0000 0.0667
194.0000 0.0707
195.0000 0.0707
196.0000 0.0707
197.0000 0.0707
198.0000 0.0707
199.0000 0.0707
200.0000 0.0707
201.0000 0.0747
202.0000 0.0747
203.0000 0.0747
204.0000 0.0747
205.0000 0.0747
206.0000 0.0747
207.0000 0.0747
208.0000 0.0747
209.0000 0.0747
210.0000 0.0747
211.0000 0.0793
212.0000 0.0747
213.0000 0.0747
214.0000 0.0747
215.0000 0.0793
216.0000 0.0793
217.0000 0.0793
218.0000 0.0793
219.0000 0.0793
220.0000 0.0793
221.0000 0.0793
222.0000 0.0793
223.0000 0.0793
224.0000 0.0793
225.0000 0.0793
226.0000 0.0793
227.0000 0.0833
228.0000 0.0833
229.0000 0.0833
230.0000 0.0833
231.0000 0.0833
232.0000 0.0833
233.0000 0.0833
234.0000 0.0833
235.0000 0.0833
236.0000 0.0833
237.0000 0.0833
238.0000 0.0833
239.0000 0.0833
240.0000 0.0833
241.0000 0.0793
242.0000 0.0793
243.0000 0.0793
244.0000 0.0793
245.0000 0.0793
246.0000 0.0793
247.0000 0.0793
248.0000 0.0793
249.0000 0.0793
250.0000 0.0793
251.0000 0.0793
252.0000 0.0793
253.0000 0.0793
254.0000 0.0793
255.0000 0.0833
256.0000 0.0833
257.0000 0.0793
258.0000 0.0833
259.0000 0.0833
260.0000 0.0793
261.0000 0.0793
262.0000 0.0793
263.0000 0.0793
264.0000 0.0793
265.0000 0.0793
266.0000 0.0833
267.0000 0.0833
268.0000 0.0833
269.0000 0.0833
270.0000 0.0833
271.0000 0.0873
272.0000 0.0833
273.0000 0.0833
274.0000 0.0833
275.0000 0.0873
276.0000 0.0833
277.0000 0.0833
278.0000 0.0833
279.0000 0.0833
280.0000 0.0833
281.0000 0.0793
282.0000 0.0793
283.0000 0.0793
284.0000 0.0793
285.0000 0.0793
286.0000 0.0793
287.0000 0.0793
288.0000 0.0793
289.0000 0.0793
290.0000 0.0793
291.0000 0.0793
292.0000 0.0793
293.0000 0.0793
294.0000 0.0833
295.0000 0.0833
296.0000 0.0833
297.0000 0.0833
298.0000 0.0833
299.0000 0.0793
300.0000 0.0793
