1.0000 39.6200
2.0000 39.6200
3.0000 39.6200
4.0000 39.6200
5.0000 39.6200
6.0000 39.6200
7.0000 39.6200
8.0000 39.6200
9.0000 39.6200
10.0000 40.1200
11.0000 40.1200
12.0000 40.1200
13.0000 40.1800
14.0000 40.1800
15.0000 40.1800
16.0000 40.1800
17.0000 40.1800
18.0000 40.1800
19.0000 40.1800
20.0000 40.1800
21.0000 40.1800
22.0000 40.1800
23.0000 40.1800
24.0000 40.1800
25.0000 40.2500
26.0000 40.2500
27.0000 40.2500
28.0000 40.3100
29.0000 40.3100
30.0000 40.3700
31.0000 40.3700
32.0000 40.4300
33.0000 40.5000
34.0000 40.5000
35.0000 40.5600
36.0000 40.6200
37.0000 40.6800
38.0000 40.7500
39.0000 40.8100
40.0000 40.9300
41.0000 41.0000
42.0000 41.0600
43.0000 41.1200
44.0000 41.1800
45.0000 41.2500
46.0000 41.3100
47.0000 41.3700
48.0000 41.4300
49.0000 41.5000
50.0000 41.5600
51.0000 41.6200
52.0000 41.6200
53.0000 41.6800
54.0000 41.7500
55.0000 41.8100
56.0000 41.8700
57.0000 41.9300
58.0000 42.0000
59.0000 42.0600
60.0000 42.0600
61.0000 42.0600
62.0000 42.0600
63.0000 42.1200
64.0000 42.1200
65.0000 42.1800
66.0000 42.1800
67.0000 42.2500
68.0000 42.2500
69.0000 42.2500
70.0000 42.3100
71.0000 42.3100
72.0000 42.3100
73.0000 42.3700
74.0000 42.3700
75.0000 42.3700
76.0000 42.3700
77.0000 42.4300
78.0000 42.4300
79.0000 42.4300
80.0000 42.4300
81.0000 42.4300
82.0000 42.4300
83.0000 42.4300
84.0000 42.5000
85.0000 42.5000
86.0000 42.5000
87.0000 42.5000
88.0000 42.4300
89.0000 42.5000
90.0000 42.5000
91.0000 42.5000
92.0000 42.5000
93.0000 42.5000
94.0000 42.5000
95.0000 42.5000
96.0000 42.5000
97.0000 42.5600
98.0000 42.5600
99.0000 42.5600
100.0000 42.5600
101.0000 42.6200
102.0000 42.6200
103.0000 42.6200
104.0000 42.5600
105.0000 42.6200
106.0000 42.5600
107.0000 42.5600
108.0000 42.5600
109.0000 42.5600
110.0000 42.5600
111.0000 42.5600
112.0000 42.5600
113.0000 42.5600
114.0000 42.5600
115.0000 42.5600
116.0000 42.5600
117.0000 42.5600
118.0000 42.5600
119.0000 42.5600
120.0000 42.5000
121.0000 42.5600
122.0000 42.5000
123.0000 42.5000
124.0000 42.5000
125.0000 42.5000
126.0000 42.5000
127.0000 42.5000
128.0000 42.5000
129.0000 42.5000
130.0000 42.5000
131.0000 42.5000
132.0000 42.5000
133.0000 42.5000
134.0000 42.5000
135.0000 42.5000
136.0000 42.5000
137.0000 42.5000
138.0000 42.5000
139.0000 42.5000
140.0000 42.5000
141.0000 42.5000
142.0000 42.5000
143.0000 42.5000
144.0000 42.5000
145.0000 42.5600
146.0000 42.5000
147.0000 42.5000
148.0000 42.5000
149.0000 42.5000
150.0000 42.5000
151.0000 42.5000
152.0000 42.4300
153.0000 42.4300
154.0000 42.5000
155.0000 42.5000
156.0000 42.5000
157.0000 42.5000
158.0000 42.4300
159.0000 42.4300
160.0000 42.4300
161.0000 42.5000
162.0000 42.5000
163.0000 42.4300
164.0000 42.4300
165.0000 42.4300
166.0000 42.4300
167.0000 42.3700
168.0000 42.3700
169.0000 42.3700
170.0000 42.3700
171.0000 42.3700
172.0000 42.3700
173.0000 42.3700
174.0000 42.3700
175.0000 42.3700
176.0000 42.4300
177.0000 42.4300
178.0000 42.5000
179.0000 42.5000
180.0000 42.5000
181.0000 42.5600
182.0000 42.5600
183.0000 42.5600
184.0000 42.5600
185.0000 42.5600
186.0000 42.5600
187.0000 42.5600
188.0000 42.5600
189.0000 42.5600
190.0000 42.5600
191.0000 42.5600
192.0000 42.6200
193.0000 42.5600
194.0000 42.5600
195.0000 42.5600
196.0000 42.5600
197.0000 42.5600
198.0000 42.5600
199.0000 42.5600
200.0000 42.5600
201.0000 42.5600
202.0000 42.5600
203.0000 42.5600
204.0000 42.5600
205.0000 42.5600
206.0000 42.6200
207.0000 42.6200
208.0000 42.6200
209.0000 42.6200
210.0000 42.6800
211.0000 42.6800
212.0000 42.6800
213.0000 42.6800
214.0000 42.6800
215.0000 42.6800
216.0000 42.6800
217.0000 42.6800
218.0000 42.6800
219.0000 42.6800
220.0000 42.6800
221.0000 42.6800
222.0000 42.6800
223.0000 42.6800
224.0000 42.7500
225.0000 42.7500
226.0000 42.7500
227.0000 42.8100
228.0000 42.8100
229.0000 42.8100
230.0000 42.8100
231.0000 42.8100
232.0000 42.8100
233.0000 42.7500
234.0000 42.7500
235.0000 42.7500
236.0000 42.7500
237.0000 42.7500
238.0000 42.7500
239.0000 42.7500
240.0000 42.7500
241.0000 42.7500
242.0000 42.7500
243.0000 42.7500
244.0000 42.7500
245.0000 42.7500
246.0000 42.7500
247.0000 42.6800
248.0000 42.6800
249.0000 42.6800
250.0000 42.6800
251.0000 42.6800
252.0000 42.6800
253.0000 42.6200
254.0000 42.6200
255.0000 42.6200
256.0000 42.6200
257.0000 42.6200
258.0000 42.5600
259.0000 42.5600
260.0000 42.5600
261.0000 42.5600
262.0000 42.5600
263.0000 42.5600
264.0000 42.6200
265.0000 42.5600
266.0000 42.5600
267.0000 42.5600
268.0000 42.5600
269.0000 42.5600
270.0000 42.5600
271.0000 42.5600
272.0000 42.6200
273.0000 42.6200
274.0000 42.6200
275.0000 42.6200
276.0000 42.6200
277.0000 42.6200
278.0000 42.6200
279.0000 42.6200
280.0000 42.6200
281.0000 42.6200
282.0000 42.6200
283.0000 42.6200
284.0000 42.6200
285.0000 42.6200
286.0000 42.6200
287.0000 42.6200
288.0000 42.6200
289.0000 42.6200
290.0000 42.6200
291.0000 42.6200
292.0000 42.6200
293.0000 42.6200
294.0000 42.6200
295.0000 42.6200
296.0000 42.6200
297.0000 42.6200
298.0000 42.6200
299.0000 42.6200
300.0000 42.6200
301.0000 42.6200
302.0000 42.6200
303.0000 42.6200
304.0000 42.6200
305.0000 42.6200
306.0000 42.6200
307.0000 42.6200
308.0000 42.6800
309.0000 42.6800
310.0000 42.6800
311.0000 42.6800
312.0000 42.6800
313.0000 42.6800
314.0000 42.6800
315.0000 42.6800
316.0000 42.6800
317.0000 42.6800
318.0000 42.6800
319.0000 42.6800
320.0000 42.6800
321.0000 42.6800
322.0000 42.6800
323.0000 42.6800
324.0000 42.7500
325.0000 42.7500
326.0000 42.7500
327.0000 42.7500
328.0000 42.6800
329.0000 42.7500
330.0000 42.7500
331.0000 42.7500
332.0000 42.7500
333.0000 42.7500
334.0000 42.7500
335.0000 42.7500
336.0000 42.7500
337.0000 42.7500
338.0000 42.7500
339.0000 42.7500
340.0000 42.7500
341.0000 42.7500
342.0000 42.7500
343.0000 42.7500
344.0000 42.7500
345.0000 42.7500
346.0000 42.7500
347.0000 42.7500
348.0000 42.6800
349.0000 42.6800
350.0000 42.6800
351.0000 42.6800
352.0000 42.6800
353.0000 42.6800
354.0000 42.6800
355.0000 42.6800
356.0000 42.6800
357.0000 42.6800
358.0000 42.6800
359.0000 42.7500
360.0000 42.7500
361.0000 42.7500
362.0000 42.7500
363.0000 42.6800
364.0000 42.6800
365.0000 42.6800
366.0000 42.7500
367.0000 42.7500
368.0000 42.7500
369.0000 42.7500
370.0000 42.7500
371.0000 42.7500
372.0000 42.7500
373.0000 42.7500
374.0000 42.7500
375.0000 42.7500
376.0000 42.7500
377.0000 42.7500
378.0000 42.7500
379.0000 42.7500
380.0000 42.6800
381.0000 42.6800
382.0000 42.6800
383.0000 42.6800
384.0000 42.6200
385.0000 42.6200
386.0000 42.6200
387.0000 42.6200
388.0000 42.6200
389.0000 42.6200
390.0000 42.6200
391.0000 42.6200
392.0000 42.6200
393.0000 42.6200
394.0000 42.6200
395.0000 42.6200
396.0000 42.6200
397.0000 42.6200
398.0000 42.5600
399.0000 42.5600
400.0000 42.5600
401.0000 42.5600
402.0000 42.5600
403.0000 42.5000
404.0000 42.5000
405.0000 42.5000
406.0000 42.4300
407.0000 42.4300
408.0000 42.4300
409.0000 42.4300
410.0000 42.3700
411.0000 42.3700
412.0000 42.3700
413.0000 42.3700
414.0000 42.3700
415.0000 42.3100
416.0000 42.3100
417.0000 42.3100
418.0000 42.3100
419.0000 42.3100
420.0000 42.3100
421.0000 42.3100
422.0000 42.3100
423.0000 42.3100
424.0000 42.3100
425.0000 42.3100
426.0000 42.3100
427.0000 42.3100
428.0000 42.3100
429.0000 42.3100
430.0000 42.3100
431.0000 42.3100
432.0000 42.3700
433.0000 42.3700
434.0000 42.3700
435.0000 42.4300
436.0000 42.4300
437.0000 42.4300
438.0000 42.5000
439.0000 42.5000
440.0000 42.5000
441.0000 42.5000
442.0000 42.5000
443.0000 42.5600
444.0000 42.5600
445.0000 42.5600
446.0000 42.6200
447.0000 42.6200
448.0000 42.6200
449.0000 42.6800
450.0000 42.6800
451.0000 42.6800
452.0000 42.6800
453.0000 42.6800
454.0000 42.6800
455.0000 42.6800
456.0000 42.6200
457.0000 42.6200
458.0000 42.6200
459.0000 42.6200
460.0000 42.6200
461.0000 42.5600
462.0000 42.6200
463.0000 42.5600
464.0000 42.6200
465.0000 42.6200
466.0000 42.6200
467.0000 42.6200
468.0000 42.6200
469.0000 42.6200
470.0000 42.6200
471.0000 42.6800
472.0000 42.6800
473.0000 42.6800
474.0000 42.7500
475.0000 42.7500
476.0000 42.6800
477.0000 42.6800
478.0000 42.6800
479.0000 42.6200
480.0000 42.6200
481.0000 42.6200
482.0000 42.6200
483.0000 42.6200
484.0000 42.5600
485.0000 42.5600
486.0000 42.5600
487.0000 42.5000
488.0000 42.5000
489.0000 42.5000
490.0000 42.5000
491.0000 42.5000
492.0000 42.5600
493.0000 42.5600
494.0000 42.5600
495.0000 42.5600
496.0000 42.5600
497.0000 42.5600
498.0000 42.5600
499.0000 42.5600
500.0000 42.5600
501.0000 42.5600
502.0000 42.5600
503.0000 42.5600
504.0000 42.5000
505.0000 42.5600
506.0000 42.5600
507.0000 42.5600
508.0000 42.5000
509.0000 42.5000
510.0000 42.5600
511.0000 42.5600
512.0000 42.5600
513.0000 42.5600
514.0000 42.5600
515.0000 42.5600
516.0000 42.6200
517.0000 42.6200
518.0000 42.6200
519.0000 42.6200
520.0000 42.6200
521.0000 42.6200
522.0000 42.6200
523.0000 42.6200
524.0000 42.6200
525.0000 42.6200
526.0000 42.6200
527.0000 42.6200
528.0000 42.6800
529.0000 42.6800
530.0000 42.6800
531.0000 42.6800
532.0000 42.6800
533.0000 42.6200
534.0000 42.6200
535.0000 42.6200
536.0000 42.6200
537.0000 42.6200
538.0000 42.6200
539.0000 42.6200
540.0000 42.6200
541.0000 42.5600
542.0000 42.6200
543.0000 42.6200
544.0000 42.6200
545.0000 42.6200
546.0000 42.6200
547.0000 42.6200
548.0000 42.6200
549.0000 42.6200
550.0000 42.6200
551.0000 42.5600
552.0000 42.5600
553.0000 42.5600
554.0000 42.5600
555.0000 42.5600
556.0000 42.6200
557.0000 42.6200
558.0000 42.6200
559.0000 42.6200
560.0000 42.6200
561.0000 42.6200
562.0000 42.5600
563.0000 42.6200
564.0000 42.6200
565.0000 42.6200
566.0000 42.6200
567.0000 42.5600
568.0000 42.5600
569.0000 42.5600
570.0000 42.5600
571.0000 42.5600
572.0000 42.5600
573.0000 42.6200
574.0000 42.6200
575.0000 42.6200
576.0000 42.6200
577.0000 42.6200
578.0000 42.6200
579.0000 42.6200
580.0000 42.6200
581.0000 42.6200
582.0000 42.6200
583.0000 42.6200
584.0000 42.6200
585.0000 42.6200
586.0000 42.6200
587.0000 42.6200
588.0000 42.6200
589.0000 42.6200
590.0000 42.6200
591.0000 42.6200
592.0000 42.6200
593.0000 42.6800
594.0000 42.6800
595.0000 42.6800
596.0000 42.6800
597.0000 42.6800
598.0000 42.7500
599.0000 42.7500
600.0000 42.7500
601.0000 42.7500
602.0000 42.7500
603.0000 42.7500
604.0000 42.7500
605.0000 42.7500
606.0000 42.7500
607.0000 42.7500
608.0000 42.7500
609.0000 42.7500
610.0000 42.7500
611.0000 42.8100
612.0000 42.8100
613.0000 42.8100
614.0000 42.7500
615.0000 42.7500
616.0000 42.7500
617.0000 42.7500
618.0000 42.7500
619.0000 42.7500
620.0000 42.7500
621.0000 42.7500
622.0000 42.7500
623.0000 42.6800
624.0000 42.6800
625.0000 42.6800
626.0000 42.6800
627.0000 42.6200
628.0000 42.6200
629.0000 42.6200
630.0000 42.5600
631.0000 42.5600
632.0000 42.5000
633.0000 42.5000
634.0000 42.4300
635.0000 42.3700
636.0000 42.3100
637.0000 42.3100
638.0000 42.2500
639.0000 42.1800
640.0000 42.1200
641.0000 42.1200
642.0000 42.0600
643.0000 42.0000
644.0000 41.9300
645.0000 41.9300
646.0000 41.8700
647.0000 41.8100
648.0000 41.7500
649.0000 41.6800
650.0000 41.6200
651.0000 41.5600
652.0000 41.5000
653.0000 41.4300
654.0000 41.4300
655.0000 41.3700
656.0000 41.3100
657.0000 41.2500
658.0000 41.2500
659.0000 41.1800
660.0000 41.1200
661.0000 41.1200
662.0000 41.0600
663.0000 41.0600
664.0000 41.0000
665.0000 41.0000
666.0000 40.9300
667.0000 40.9300
668.0000 40.8700
669.0000 40.8700
670.0000 40.8100
671.0000 40.8100
672.0000 40.7500
673.0000 40.7500
674.0000 40.7500
675.0000 40.7500
676.0000 40.7500
677.0000 40.7500
678.0000 40.6800
679.0000 40.6800
680.0000 40.6800
681.0000 40.6800
682.0000 40.6800
683.0000 40.6800
684.0000 40.6800
685.0000 40.6800
686.0000 40.6800
687.0000 40.6200
688.0000 40.6800
689.0000 40.6800
690.0000 40.6800
691.0000 40.6800
692.0000 40.6800
693.0000 40.6200
694.0000 40.6200
695.0000 40.6200
696.0000 40.6200
697.0000 40.6200
698.0000 40.6800
699.0000 40.6800
700.0000 40.6800
701.0000 40.6800
702.0000 40.7500
703.0000 40.7500
704.0000 40.7500
705.0000 40.7500
706.0000 40.7500
707.0000 40.8100
708.0000 40.8100
709.0000 40.7500
710.0000 40.7500
711.0000 40.7500
712.0000 40.6800
713.0000 40.6800
714.0000 40.6800
715.0000 40.6800
716.0000 40.6800
717.0000 40.6800
718.0000 40.6800
719.0000 40.6200
720.0000 40.6200
721.0000 40.6200
722.0000 40.6800
723.0000 40.6800
724.0000 40.6800
725.0000 40.6800
726.0000 40.6800
727.0000 40.6200
728.0000 40.6200
729.0000 40.6200
730.0000 40.6200
731.0000 40.6200
732.0000 40.6200
733.0000 40.6200
734.0000 40.6200
735.0000 40.6200
736.0000 40.6200
737.0000 40.6200
738.0000 40.5600
739.0000 40.5600
740.0000 40.5600
741.0000 40.5600
742.0000 40.5600
743.0000 40.5600
744.0000 40.5600
745.0000 40.5600
746.0000 40.5000
747.0000 40.5000
748.0000 40.5000
749.0000 40.5600
750.0000 40.5000
751.0000 40.5000
752.0000 40.5600
753.0000 40.5000
754.0000 40.5000
755.0000 40.5000
756.0000 40.5000
757.0000 40.5600
758.0000 40.5600
759.0000 40.5600
760.0000 40.5600
761.0000 40.5600
762.0000 40.5600
763.0000 40.5600
764.0000 40.6200
765.0000 40.6200
766.0000 40.6200
767.0000 40.6200
768.0000 40.6200
769.0000 40.6200
770.0000 40.6200
771.0000 40.6200
772.0000 40.6800
773.0000 40.6800
774.0000 40.6800
775.0000 40.6200
776.0000 40.6200
777.0000 40.6200
778.0000 40.6200
779.0000 40.6200
780.0000 40.6200
781.0000 40.6800
782.0000 40.6200
783.0000 40.6200
784.0000 40.6200
785.0000 40.6200
786.0000 40.6200
787.0000 40.6200
788.0000 40.6800
789.0000 40.6800
790.0000 40.6800
791.0000 40.6800
792.0000 40.6800
793.0000 40.6800
794.0000 40.6800
795.0000 40.6800
796.0000 40.6800
797.0000 40.6200
798.0000 40.6200
799.0000 40.6200
800.0000 40.6200
801.0000 40.5600
802.0000 40.5600
803.0000 40.5600
804.0000 40.6200
805.0000 40.6200
806.0000 40.6200
807.0000 40.6200
808.0000 40.5600
809.0000 40.6200
810.0000 40.5600
811.0000 40.5600
812.0000 40.5600
813.0000 40.5600
814.0000 40.5600
815.0000 40.5600
816.0000 40.5600
817.0000 40.6200
818.0000 40.6200
819.0000 40.6200
820.0000 40.6200
821.0000 40.6200
822.0000 40.6200
823.0000 40.6200
824.0000 40.6200
825.0000 40.6800
826.0000 40.6800
827.0000 40.6800
828.0000 40.6800
829.0000 40.6800
830.0000 40.6200
831.0000 40.5600
832.0000 40.5600
833.0000 40.5600
834.0000 40.5600
835.0000 40.5600
836.0000 40.5600
837.0000 40.5600
838.0000 40.5000
839.0000 40.5000
840.0000 40.5000
841.0000 40.5000
842.0000 40.5000
843.0000 40.5000
844.0000 40.5000
845.0000 40.5000
846.0000 40.5000
847.0000 40.5000
848.0000 40.4300
849.0000 40.4300
850.0000 40.4300
851.0000 40.4300
852.0000 40.4300
853.0000 40.4300
854.0000 40.4300
855.0000 40.4300
856.0000 40.4300
857.0000 40.4300
858.0000 40.5000
859.0000 40.5000
860.0000 40.5000
861.0000 40.5600
862.0000 40.5600
863.0000 40.5600
864.0000 40.5000
865.0000 40.5000
866.0000 40.5000
867.0000 40.5600
868.0000 40.5600
869.0000 40.5600
870.0000 40.5600
871.0000 40.6200
872.0000 40.6200
873.0000 40.6200
874.0000 40.6200
875.0000 40.6200
876.0000 40.6800
877.0000 40.6800
878.0000 40.6800
879.0000 40.6800
880.0000 40.6800
881.0000 40.6800
882.0000 40.6800
883.0000 40.6800
884.0000 40.6800
885.0000 40.6800
886.0000 40.7500
887.0000 40.7500
888.0000 40.7500
889.0000 40.7500
890.0000 40.7500
891.0000 40.8100
892.0000 40.7500
893.0000 40.7500
894.0000 40.7500
895.0000 40.7500
896.0000 40.6800
897.0000 40.6800
898.0000 40.6200
899.0000 40.6200
900.0000 40.6200
901.0000 40.6200
902.0000 40.6200
903.0000 40.6200
904.0000 40.6800
905.0000 40.6800
906.0000 40.6800
907.0000 40.6800
908.0000 40.6800
909.0000 40.6200
910.0000 40.6200
911.0000 40.6200
912.0000 40.6200
913.0000 40.6800
914.0000 40.6800
915.0000 40.6800
916.0000 40.6800
917.0000 40.7500
918.0000 40.7500
919.0000 40.7500
920.0000 40.7500
921.0000 40.7500
922.0000 40.7500
923.0000 40.7500
924.0000 40.7500
925.0000 40.7500
926.0000 40.7500
927.0000 40.7500
928.0000 40.6800
929.0000 40.6800
930.0000 40.6800
931.0000 40.6200
932.0000 40.6200
933.0000 40.6800
934.0000 40.6800
935.0000 40.6800
936.0000 40.6800
937.0000 40.6800
938.0000 40.6800
939.0000 40.6800
940.0000 40.6800
941.0000 40.6800
942.0000 40.6800
943.0000 40.6800
944.0000 40.6800
945.0000 40.6200
946.0000 40.6200
947.0000 40.6200
948.0000 40.6200
949.0000 40.6200
950.0000 40.6200
951.0000 40.6200
952.0000 40.6200
953.0000 40.6200
954.0000 40.6200
955.0000 40.5600
956.0000 40.5600
957.0000 40.5600
958.0000 40.5600
959.0000 40.5600
960.0000 40.5600
961.0000 40.5000
962.0000 40.5000
963.0000 40.5000
964.0000 40.5000
965.0000 40.5000
966.0000 40.5000
967.0000 40.5000
968.0000 40.5000
969.0000 40.5000
970.0000 40.5600
971.0000 40.5600
972.0000 40.5600
973.0000 40.5600
974.0000 40.5600
975.0000 40.5600
976.0000 40.5600
977.0000 40.5600
978.0000 40.5600
979.0000 40.5600
980.0000 40.5600
981.0000 40.5600
982.0000 40.5600
983.0000 40.5600
984.0000 40.5600
985.0000 40.5600
986.0000 40.5000
987.0000 40.5600
988.0000 40.5000
989.0000 40.5600
990.0000 40.5600
991.0000 40.5600
992.0000 40.5600
993.0000 40.6200
994.0000 40.6200
995.0000 40.6200
996.0000 40.6200
997.0000 40.6200
998.0000 40.6800
999.0000 40.6800
1000.0000 40.6800
1001.0000 40.6800
1002.0000 40.6800
1003.0000 40.6800
1004.0000 40.6800
1005.0000 40.6800
1006.0000 40.6800
1007.0000 40.6800
1008.0000 40.6200
1009.0000 40.6200
1010.0000 40.6200
1011.0000 40.5600
1012.0000 40.6200
1013.0000 40.6200
1014.0000 40.5600
1015.0000 40.5600
1016.0000 40.5600
1017.0000 40.5600
1018.0000 40.6200
1019.0000 40.6200
1020.0000 40.6200
1021.0000 40.6200
1022.0000 40.6200
1023.0000 40.6200
1024.0000 40.6200
1025.0000 40.6200
1026.0000 40.6200
1027.0000 40.6800
1028.0000 40.6800
1029.0000 40.6800
1030.0000 40.6800
1031.0000 40.6800
1032.0000 40.6800
1033.0000 40.6200
1034.0000 40.6800
1035.0000 40.6800
1036.0000 40.6800
1037.0000 40.6800
1038.0000 40.6800
1039.0000 40.6800
1040.0000 40.6800
1041.0000 40.6800
1042.0000 40.6800
1043.0000 40.6800
1044.0000 40.7500
1045.0000 40.7500
1046.0000 40.7500
1047.0000 40.7500
1048.0000 40.7500
1049.0000 40.7500
1050.0000 40.7500
1051.0000 40.7500
1052.0000 40.7500
1053.0000 40.7500
1054.0000 40.7500
1055.0000 40.7500
1056.0000 40.6800
1057.0000 40.6800
1058.0000 40.6800
1059.0000 40.6800
1060.0000 40.6800
1061.0000 40.6800
1062.0000 40.6800
1063.0000 40.6800
1064.0000 40.6800
1065.0000 40.6800
1066.0000 40.7500
1067.0000 40.7500
1068.0000 40.6800
1069.0000 40.6800
1070.0000 40.6800
1071.0000 40.6800
1072.0000 40.7500
1073.0000 40.7500
1074.0000 40.7500
1075.0000 40.6800
1076.0000 40.6800
1077.0000 40.6800
1078.0000 40.7500
1079.0000 40.7500
1080.0000 40.7500
1081.0000 40.7500
1082.0000 40.7500
1083.0000 40.6800
1084.0000 40.6800
1085.0000 40.7500
1086.0000 40.7500
1087.0000 40.7500
1088.0000 40.7500
1089.0000 40.7500
1090.0000 40.7500
1091.0000 40.7500
1092.0000 40.8100
1093.0000 40.8100
1094.0000 40.8100
1095.0000 40.7500
1096.0000 40.7500
1097.0000 40.7500
1098.0000 40.7500
1099.0000 40.7500
1100.0000 40.7500
1101.0000 40.7500
1102.0000 40.7500
1103.0000 40.7500
1104.0000 40.7500
1105.0000 40.7500
1106.0000 40.7500
1107.0000 40.7500
1108.0000 40.7500
1109.0000 40.7500
1110.0000 40.7500
1111.0000 40.6800
1112.0000 40.6800
1113.0000 40.6200
1114.0000 40.5600
1115.0000 40.5600
1116.0000 40.5000
1117.0000 40.5000
1118.0000 40.5000
1119.0000 40.4300
1120.0000 40.4300
1121.0000 40.4300
1122.0000 40.4300
1123.0000 40.4300
1124.0000 40.4300
1125.0000 40.4300
1126.0000 40.4300
1127.0000 40.4300
1128.0000 40.3700
1129.0000 40.4300
1130.0000 40.4300
1131.0000 40.3700
1132.0000 40.4300
1133.0000 40.4300
1134.0000 40.4300
1135.0000 40.3700
1136.0000 40.3700
1137.0000 40.3700
1138.0000 40.3700
1139.0000 40.3700
1140.0000 40.3700
1141.0000 40.3700
1142.0000 40.3700
1143.0000 40.3700
1144.0000 40.3700
1145.0000 40.4300
1146.0000 40.4300
1147.0000 40.4300
1148.0000 40.4300
1149.0000 40.5000
1150.0000 40.5000
1151.0000 40.5000
1152.0000 40.5000
1153.0000 40.5000
1154.0000 40.5600
1155.0000 40.5600
1156.0000 40.5600
1157.0000 40.5600
1158.0000 40.5600
1159.0000 40.5600
1160.0000 40.5600
1161.0000 40.5600
1162.0000 40.5600
1163.0000 40.5600
1164.0000 40.5600
1165.0000 40.5600
1166.0000 40.5600
1167.0000 40.5600
1168.0000 40.5600
1169.0000 40.5600
1170.0000 40.5600
1171.0000 40.5600
1172.0000 40.5600
1173.0000 40.5600
1174.0000 40.5600
1175.0000 40.5600
1176.0000 40.5600
1177.0000 40.5600
1178.0000 40.6200
1179.0000 40.6200
1180.0000 40.6200
1181.0000 40.6200
1182.0000 40.6200
1183.0000 40.6200
1184.0000 40.5600
1185.0000 40.5600
1186.0000 40.6200
1187.0000 40.6200
1188.0000 40.6200
1189.0000 40.6800
1190.0000 40.6800
1191.0000 40.6800
1192.0000 40.6800
1193.0000 40.6800
1194.0000 40.6800
1195.0000 40.6800
1196.0000 40.6800
1197.0000 40.6800
1198.0000 40.6800
1199.0000 40.6800
1200.0000 40.6800
1201.0000 40.6800
1202.0000 40.6800
1203.0000 40.6800
1204.0000 40.6800
1205.0000 40.6800
1206.0000 40.7500
1207.0000 40.7500
1208.0000 40.7500
1209.0000 40.7500
1210.0000 40.7500
1211.0000 40.7500
1212.0000 40.7500
1213.0000 40.7500
1214.0000 40.7500
1215.0000 40.7500
1216.0000 40.7500
1217.0000 40.7500
1218.0000 40.7500
1219.0000 40.6800
1220.0000 40.7500
1221.0000 40.7500
1222.0000 40.6800
1223.0000 40.7500
1224.0000 40.7500
1225.0000 40.7500
1226.0000 40.7500
1227.0000 40.7500
1228.0000 40.7500
1229.0000 40.7500
1230.0000 40.7500
1231.0000 40.7500
1232.0000 40.8100
1233.0000 40.8100
1234.0000 40.8100
1235.0000 40.8700
1236.0000 40.8700
1237.0000 40.8700
1238.0000 40.9300
1239.0000 40.9300
1240.0000 40.9300
1241.0000 41.0000
1242.0000 41.0000
1243.0000 41.0000
1244.0000 41.0600
1245.0000 41.0600
1246.0000 41.1200
1247.0000 41.1200
1248.0000 41.1800
1249.0000 41.1800
1250.0000 41.2500
1251.0000 41.2500
1252.0000 41.3100
1253.0000 41.3700
1254.0000 41.4300
1255.0000 41.4300
1256.0000 41.5000
1257.0000 41.5000
1258.0000 41.5000
1259.0000 41.5000
1260.0000 41.5000
1261.0000 41.5000
1262.0000 41.4300
1263.0000 41.4300
1264.0000 41.4300
1265.0000 41.4300
1266.0000 41.4300
1267.0000 41.4300
1268.0000 41.4300
1269.0000 41.5000
1270.0000 41.5000
1271.0000 41.5600
1272.0000 41.5600
1273.0000 41.5600
1274.0000 41.5600
1275.0000 41.5600
1276.0000 41.5600
1277.0000 41.5600
1278.0000 41.5600
1279.0000 41.5600
1280.0000 41.6200
1281.0000 41.6200
1282.0000 41.6200
1283.0000 41.6200
1284.0000 41.6200
1285.0000 41.6200
1286.0000 41.6800
1287.0000 41.6800
1288.0000 41.6800
1289.0000 41.6800
1290.0000 41.6800
1291.0000 41.7500
1292.0000 41.7500
1293.0000 41.7500
1294.0000 41.7500
1295.0000 41.6800
1296.0000 41.7500
1297.0000 41.7500
1298.0000 41.7500
1299.0000 41.6800
1300.0000 41.6800
1301.0000 41.7500
1302.0000 41.7500
1303.0000 41.7500
1304.0000 41.7500
1305.0000 41.6800
1306.0000 41.6800
1307.0000 41.6800
1308.0000 41.6800
1309.0000 41.6800
1310.0000 41.6800
1311.0000 41.6800
1312.0000 41.6200
1313.0000 41.6200
1314.0000 41.6200
1315.0000 41.6200
1316.0000 41.6200
1317.0000 41.6200
1318.0000 41.6200
1319.0000 41.6200
1320.0000 41.6200
1321.0000 41.6200
1322.0000 41.6200
1323.0000 41.6200
1324.0000 41.6200
1325.0000 41.6200
1326.0000 41.6200
1327.0000 41.6200
1328.0000 41.5600
1329.0000 41.6200
1330.0000 41.5600
1331.0000 41.6200
1332.0000 41.6200
1333.0000 41.6200
1334.0000 41.5600
1335.0000 41.6200
1336.0000 41.6200
1337.0000 41.6200
1338.0000 41.5600
1339.0000 41.5600
1340.0000 41.5600
1341.0000 41.5600
1342.0000 41.5600
1343.0000 41.5600
1344.0000 41.5600
1345.0000 41.5600
1346.0000 41.5600
1347.0000 41.5600
1348.0000 41.5600
1349.0000 41.5600
1350.0000 41.5600
1351.0000 41.5600
1352.0000 41.5600
1353.0000 41.5600
1354.0000 41.5600
1355.0000 41.5600
1356.0000 41.5600
1357.0000 41.5600
1358.0000 41.5600
1359.0000 41.5600
1360.0000 41.5600
1361.0000 41.5600
1362.0000 41.5600
1363.0000 41.6200
1364.0000 41.6200
1365.0000 41.6200
1366.0000 41.6200
1367.0000 41.6200
1368.0000 41.6200
1369.0000 41.6200
1370.0000 41.6200
1371.0000 41.6200
1372.0000 41.6200
1373.0000 41.6200
1374.0000 41.6200
1375.0000 41.6800
1376.0000 41.6800
1377.0000 41.6800
1378.0000 41.6800
1379.0000 41.6800
1380.0000 41.6800
1381.0000 41.6200
1382.0000 41.6200
1383.0000 41.6200
1384.0000 41.6200
1385.0000 41.6200
1386.0000 41.6200
1387.0000 41.6200
1388.0000 41.6200
1389.0000 41.6200
1390.0000 41.6200
1391.0000 41.5600
1392.0000 41.5600
1393.0000 41.5600
1394.0000 41.5600
1395.0000 41.5600
1396.0000 41.5600
1397.0000 41.5600
1398.0000 41.5600
1399.0000 41.5600
1400.0000 41.5600
1401.0000 41.5600
1402.0000 41.5600
1403.0000 41.5600
1404.0000 41.5600
1405.0000 41.5600
1406.0000 41.5600
1407.0000 41.5600
1408.0000 41.5600
1409.0000 41.5600
1410.0000 41.5600
1411.0000 41.5600
1412.0000 41.5600
1413.0000 41.5600
1414.0000 41.5600
1415.0000 41.5600
1416.0000 41.5600
1417.0000 41.5600
1418.0000 41.5600
1419.0000 41.5600
1420.0000 41.5600
1421.0000 41.5600
1422.0000 41.5600
1423.0000 41.5600
1424.0000 41.5600
1425.0000 41.5600
1426.0000 41.5600
1427.0000 41.5600
1428.0000 41.6200
1429.0000 41.6200
1430.0000 41.6200
1431.0000 41.6200
1432.0000 41.6200
1433.0000 41.6200
1434.0000 41.6200
1435.0000 41.6200
1436.0000 41.6800
1437.0000 41.6800
1438.0000 41.6800
1439.0000 41.6200
1440.0000 41.6200
1441.0000 41.6200
1442.0000 41.6200
1443.0000 41.6800
1444.0000 41.6800
1445.0000 41.6800
1446.0000 41.6800
1447.0000 41.6800
1448.0000 41.6800
1449.0000 41.6800
1450.0000 41.6800
1451.0000 41.6800
1452.0000 41.6800
1453.0000 41.6800
1454.0000 41.7500
1455.0000 41.6800
1456.0000 41.7500
1457.0000 41.7500
1458.0000 41.7500
1459.0000 41.7500
1460.0000 41.6800
1461.0000 41.6800
1462.0000 41.7500
1463.0000 41.7500
1464.0000 41.7500
1465.0000 41.7500
1466.0000 41.7500
1467.0000 41.7500
1468.0000 41.6800
1469.0000 41.6800
1470.0000 41.6800
1471.0000 41.6800
1472.0000 41.6200
1473.0000 41.6200
1474.0000 41.6200
1475.0000 41.6200
1476.0000 41.6200
1477.0000 41.6200
1478.0000 41.6200
1479.0000 41.5600
1480.0000 41.5600
1481.0000 41.5600
1482.0000 41.5600
1483.0000 41.5600
1484.0000 41.5600
1485.0000 41.5600
1486.0000 41.5600
1487.0000 41.5600
1488.0000 41.5600
1489.0000 41.5600
1490.0000 41.5600
1491.0000 41.5000
1492.0000 41.5000
1493.0000 41.4300
1494.0000 41.4300
1495.0000 41.4300
1496.0000 41.5000
1497.0000 41.5000
1498.0000 41.5000
1499.0000 41.5000
1500.0000 41.5000
1501.0000 41.5000
1502.0000 41.5600
1503.0000 41.5600
1504.0000 41.5600
1505.0000 41.5600
1506.0000 41.5600
1507.0000 41.5600
1508.0000 41.6200
1509.0000 41.6200
1510.0000 41.6200
1511.0000 41.6200
1512.0000 41.6200
1513.0000 41.6200
1514.0000 41.6200
1515.0000 41.6200
1516.0000 41.6200
1517.0000 41.6200
1518.0000 41.6200
1519.0000 41.6200
1520.0000 41.6200
1521.0000 41.6200
1522.0000 41.6800
1523.0000 41.6800
1524.0000 41.6800
1525.0000 41.6800
1526.0000 41.6800
1527.0000 41.6800
1528.0000 41.6800
1529.0000 41.7500
1530.0000 41.7500
1531.0000 41.7500
1532.0000 41.7500
1533.0000 41.7500
1534.0000 41.7500
1535.0000 41.7500
1536.0000 41.6800
1537.0000 41.6800
1538.0000 41.6800
1539.0000 41.6800
1540.0000 41.6800
1541.0000 41.6800
1542.0000 41.6800
1543.0000 41.6800
1544.0000 41.6800
1545.0000 41.6800
1546.0000 41.6800
1547.0000 41.6800
1548.0000 41.6800
1549.0000 41.6800
1550.0000 41.6800
1551.0000 41.6800
1552.0000 41.6800
1553.0000 41.6200
1554.0000 41.6200
1555.0000 41.5600
1556.0000 41.5600
1557.0000 41.5600
1558.0000 41.5600
1559.0000 41.5600
1560.0000 41.5600
1561.0000 41.5600
1562.0000 41.5600
1563.0000 41.5600
1564.0000 41.5600
1565.0000 41.5600
1566.0000 41.5600
1567.0000 41.5600
1568.0000 41.5600
1569.0000 41.6200
1570.0000 41.6200
1571.0000 41.6200
1572.0000 41.5600
1573.0000 41.5600
1574.0000 41.5600
1575.0000 41.5600
1576.0000 41.5600
1577.0000 41.5600
1578.0000 41.5600
1579.0000 41.5600
1580.0000 41.5600
1581.0000 41.5600
1582.0000 41.5600
1583.0000 41.5600
1584.0000 41.5000
1585.0000 41.5000
1586.0000 41.5000
1587.0000 41.5000
1588.0000 41.5000
1589.0000 41.5000
1590.0000 41.5000
1591.0000 41.5000
1592.0000 41.5000
1593.0000 41.4300
1594.0000 41.4300
1595.0000 41.4300
1596.0000 41.4300
1597.0000 41.4300
1598.0000 41.4300
1599.0000 41.4300
1600.0000 41.4300
1601.0000 41.4300
1602.0000 41.4300
1603.0000 41.4300
1604.0000 41.4300
1605.0000 41.5000
1606.0000 41.5000
1607.0000 41.5000
1608.0000 41.5600
1609.0000 41.5600
1610.0000 41.5600
1611.0000 41.5600
1612.0000 41.6200
1613.0000 41.6200
1614.0000 41.6200
1615.0000 41.6800
1616.0000 41.6800
1617.0000 41.6800
1618.0000 41.6800
1619.0000 41.6800
1620.0000 41.6800
1621.0000 41.6800
1622.0000 41.6800
1623.0000 41.6800
1624.0000 41.6800
1625.0000 41.6800
1626.0000 41.6800
1627.0000 41.6800
1628.0000 41.6800
1629.0000 41.6800
1630.0000 41.6200
1631.0000 41.6800
1632.0000 41.6800
1633.0000 41.6200
1634.0000 41.6200
1635.0000 41.6200
1636.0000 41.6200
1637.0000 41.6800
1638.0000 41.6800
1639.0000 41.6800
1640.0000 41.6800
1641.0000 41.6800
1642.0000 41.6200
1643.0000 41.6200
1644.0000 41.6200
1645.0000 41.6200
1646.0000 41.6200
1647.0000 41.6200
1648.0000 41.6200
1649.0000 41.6200
1650.0000 41.6200
1651.0000 41.5600
1652.0000 41.5600
1653.0000 41.5600
1654.0000 41.5600
1655.0000 41.5600
1656.0000 41.5600
1657.0000 41.5600
1658.0000 41.5600
1659.0000 41.5600
1660.0000 41.5600
1661.0000 41.6200
1662.0000 41.5600
1663.0000 41.5600
1664.0000 41.5600
1665.0000 41.5600
1666.0000 41.5600
1667.0000 41.5600
1668.0000 41.5600
1669.0000 41.5600
1670.0000 41.5600
1671.0000 41.5600
1672.0000 41.5600
1673.0000 41.5600
1674.0000 41.5600
1675.0000 41.5600
1676.0000 41.5600
1677.0000 41.5600
1678.0000 41.5600
1679.0000 41.5600
1680.0000 41.5000
1681.0000 41.5600
1682.0000 41.5000
1683.0000 41.5600
1684.0000 41.5600
1685.0000 41.5600
1686.0000 41.5600
1687.0000 41.5600
1688.0000 41.5600
1689.0000 41.6200
1690.0000 41.6200
1691.0000 41.6200
1692.0000 41.6200
1693.0000 41.6200
1694.0000 41.6200
1695.0000 41.6200
1696.0000 41.6800
1697.0000 41.6800
1698.0000 41.6800
1699.0000 41.6800
1700.0000 41.6800
1701.0000 41.6800
1702.0000 41.7500
1703.0000 41.7500
1704.0000 41.7500
1705.0000 41.7500
1706.0000 41.6800
1707.0000 41.6800
1708.0000 41.6800
1709.0000 41.6800
1710.0000 41.6800
1711.0000 41.6800
1712.0000 41.6800
1713.0000 41.6800
1714.0000 41.6800
1715.0000 41.6800
1716.0000 41.6800
1717.0000 41.6800
1718.0000 41.6800
1719.0000 41.6800
1720.0000 41.6800
1721.0000 41.6800
1722.0000 41.6800
1723.0000 41.6800
1724.0000 41.6800
1725.0000 41.6800
1726.0000 41.6800
1727.0000 41.6800
1728.0000 41.6200
1729.0000 41.6200
1730.0000 41.6200
1731.0000 41.6200
1732.0000 41.6200
1733.0000 41.6200
1734.0000 41.6200
1735.0000 41.5600
1736.0000 41.5600
1737.0000 41.5600
1738.0000 41.5600
1739.0000 41.5600
1740.0000 41.5600
1741.0000 41.6200
1742.0000 41.6200
1743.0000 41.6200
1744.0000 41.6200
1745.0000 41.6200
1746.0000 41.6200
1747.0000 41.6200
1748.0000 41.6200
1749.0000 41.6200
1750.0000 41.6200
1751.0000 41.6200
1752.0000 41.5600
1753.0000 41.5600
1754.0000 41.5600
1755.0000 41.5600
1756.0000 41.5600
1757.0000 41.5600
1758.0000 41.5600
1759.0000 41.5600
1760.0000 41.5600
1761.0000 41.5600
1762.0000 41.5600
1763.0000 41.5600
1764.0000 41.5600
1765.0000 41.5600
1766.0000 41.5600
1767.0000 41.5600
1768.0000 41.6200
1769.0000 41.6200
1770.0000 41.6200
1771.0000 41.6200
1772.0000 41.6200
1773.0000 41.6200
1774.0000 41.6200
1775.0000 41.6200
1776.0000 41.6200
1777.0000 41.6200
1778.0000 41.6200
1779.0000 41.6200
1780.0000 41.6200
1781.0000 41.6200
1782.0000 41.6200
1783.0000 41.6200
1784.0000 41.6200
1785.0000 41.6200
1786.0000 41.6200
1787.0000 41.6200
1788.0000 41.6200
1789.0000 41.6800
1790.0000 41.6800
1791.0000 41.6800
1792.0000 41.6800
1793.0000 41.7500
1794.0000 41.7500
1795.0000 41.7500
1796.0000 41.7500
1797.0000 41.7500
1798.0000 41.7500
1799.0000 41.7500
1800.0000 41.7500
1801.0000 41.7500
1802.0000 41.6800
1803.0000 41.6800
1804.0000 41.6200
1805.0000 41.6200
1806.0000 41.5600
1807.0000 41.5600
1808.0000 41.5600
1809.0000 41.5600
1810.0000 41.5600
