1.0000 39.6200
2.0000 39.6200
3.0000 39.6200
4.0000 39.6200
5.0000 39.6200
6.0000 39.6200
7.0000 39.6200
8.0000 39.6200
9.0000 39.6200
10.0000 39.6200
11.0000 39.6200
12.0000 39.6200
13.0000 39.6200
14.0000 39.6200
15.0000 39.6200
16.0000 39.6200
17.0000 39.6200
18.0000 39.6200
19.0000 39.6200
20.0000 39.6200
21.0000 39.6800
22.0000 39.6800
23.0000 39.6800
24.0000 39.6800
25.0000 39.6800
26.0000 39.7500
27.0000 39.7500
28.0000 39.8100
29.0000 39.8700
30.0000 39.9300
31.0000 40.0000
32.0000 40.0600
33.0000 40.1200
34.0000 40.1800
35.0000 40.3100
36.0000 40.3700
37.0000 40.4300
38.0000 40.5600
39.0000 40.5600
40.0000 40.6800
41.0000 40.7500
42.0000 40.8100
43.0000 40.8700
44.0000 40.9300
45.0000 41.0600
46.0000 41.0600
47.0000 41.1800
48.0000 41.2500
49.0000 41.2500
50.0000 41.3700
51.0000 41.4300
52.0000 41.5000
53.0000 41.5600
54.0000 41.6200
55.0000 41.7500
56.0000 41.8100
57.0000 41.8700
58.0000 41.9300
59.0000 42.0000
60.0000 42.0600
61.0000 42.1200
62.0000 42.1800
63.0000 42.1800
64.0000 42.2500
65.0000 42.3100
66.0000 42.3100
67.0000 42.3700
68.0000 42.4300
69.0000 42.4300
70.0000 42.5000
71.0000 42.5600
72.0000 42.5600
73.0000 42.5600
74.0000 42.5600
75.0000 42.6200
76.0000 42.6200
77.0000 42.6200
78.0000 42.6800
79.0000 42.6800
80.0000 42.6800
81.0000 42.6800
82.0000 42.6800
83.0000 42.6800
84.0000 42.6200
85.0000 42.6200
86.0000 42.5600
87.0000 42.5600
88.0000 42.5000
89.0000 42.5000
90.0000 42.5000
91.0000 42.5000
92.0000 42.5000
93.0000 42.5000
94.0000 42.5000
95.0000 42.5000
96.0000 42.5000
97.0000 42.5000
98.0000 42.5000
99.0000 42.5600
100.0000 42.5600
101.0000 42.5600
102.0000 42.5600
103.0000 42.6200
104.0000 42.6200
105.0000 42.6200
106.0000 42.6200
107.0000 42.6200
108.0000 42.6200
109.0000 42.5600
110.0000 42.5600
111.0000 42.5600
112.0000 42.6200
113.0000 42.6200
114.0000 42.6200
115.0000 42.6200
116.0000 42.6200
117.0000 42.6200
118.0000 42.6200
119.0000 42.5600
120.0000 42.5600
121.0000 42.5600
122.0000 42.5600
123.0000 42.5600
124.0000 42.6200
125.0000 42.6200
126.0000 42.6200
127.0000 42.6200
128.0000 42.6800
129.0000 42.6200
130.0000 42.6200
131.0000 42.6200
132.0000 42.5600
133.0000 42.5600
134.0000 42.5000
135.0000 42.5000
136.0000 42.5000
137.0000 42.5000
138.0000 42.5000
139.0000 42.5000
140.0000 42.5000
141.0000 42.5000
142.0000 42.5000
143.0000 42.5600
144.0000 42.5600
145.0000 42.6200
146.0000 42.6200
147.0000 42.6200
148.0000 42.6800
149.0000 42.6800
150.0000 42.6800
151.0000 42.6800
152.0000 42.6800
153.0000 42.6800
154.0000 42.6800
155.0000 42.6800
156.0000 42.6800
157.0000 42.7500
158.0000 42.7500
159.0000 42.7500
160.0000 42.7500
161.0000 42.7500
162.0000 42.7500
163.0000 42.6800
164.0000 42.6800
165.0000 42.6200
166.0000 42.5600
167.0000 42.5600
168.0000 42.5600
169.0000 42.5600
170.0000 42.5600
171.0000 42.5000
172.0000 42.5000
173.0000 42.5000
174.0000 42.5000
175.0000 42.5000
176.0000 42.5000
177.0000 42.5000
178.0000 42.5600
179.0000 42.5600
180.0000 42.5600
181.0000 42.5600
182.0000 42.5600
183.0000 42.6200
184.0000 42.6200
185.0000 42.6200
186.0000 42.6200
187.0000 42.6200
188.0000 42.6200
189.0000 42.6200
190.0000 42.6200
191.0000 42.6200
192.0000 42.6200
193.0000 42.5600
194.0000 42.5600
195.0000 42.5600
196.0000 42.5600
197.0000 42.5600
198.0000 42.5600
199.0000 42.5000
200.0000 42.5000
201.0000 42.5000
202.0000 42.5000
203.0000 42.5000
204.0000 42.5000
205.0000 42.5000
206.0000 42.5000
207.0000 42.5000
208.0000 42.5000
209.0000 42.5000
210.0000 42.5000
211.0000 42.5000
212.0000 42.5000
213.0000 42.5000
214.0000 42.5000
215.0000 42.5600
216.0000 42.5600
217.0000 42.5600
218.0000 42.5600
219.0000 42.5600
220.0000 42.5600
221.0000 42.5600
222.0000 42.5600
223.0000 42.5600
224.0000 42.5600
225.0000 42.5600
226.0000 42.5600
227.0000 42.5600
228.0000 42.6200
229.0000 42.6200
230.0000 42.6200
231.0000 42.6200
232.0000 42.6200
233.0000 42.6200
234.0000 42.6800
235.0000 42.6800
236.0000 42.6800
237.0000 42.6800
238.0000 42.6800
239.0000 42.7500
240.0000 42.7500
241.0000 42.7500
242.0000 42.7500
243.0000 42.7500
244.0000 42.7500
245.0000 42.7500
246.0000 42.7500
247.0000 42.7500
248.0000 42.7500
249.0000 42.7500
250.0000 42.7500
251.0000 42.7500
252.0000 42.7500
253.0000 42.7500
254.0000 42.7500
255.0000 42.7500
256.0000 42.7500
257.0000 42.7500
258.0000 42.7500
259.0000 42.7500
260.0000 42.7500
261.0000 42.7500
262.0000 42.6800
263.0000 42.6800
264.0000 42.6800
265.0000 42.6800
266.0000 42.6800
267.0000 42.6800
268.0000 42.6200
269.0000 42.6200
270.0000 42.6200
271.0000 42.6200
272.0000 42.5600
273.0000 42.5600
274.0000 42.5600
275.0000 42.5000
276.0000 42.5000
277.0000 42.4300
278.0000 42.4300
279.0000 42.4300
280.0000 42.4300
281.0000 42.4300
282.0000 42.3700
283.0000 42.3700
284.0000 42.3700
285.0000 42.3700
286.0000 42.3700
287.0000 42.3100
288.0000 42.3100
289.0000 42.3100
290.0000 42.3100
291.0000 42.3100
292.0000 42.3700
293.0000 42.3700
294.0000 42.3700
295.0000 42.4300
296.0000 42.4300
297.0000 42.5000
298.0000 42.5000
299.0000 42.5000
300.0000 42.5000
301.0000 42.5000
302.0000 42.5600
303.0000 42.5600
304.0000 42.5600
305.0000 42.5600
306.0000 42.5600
307.0000 42.5600
308.0000 42.5000
309.0000 42.5000
310.0000 42.5000
311.0000 42.5000
312.0000 42.5000
313.0000 42.5000
314.0000 42.5000
315.0000 42.5000
316.0000 42.5000
317.0000 42.5000
318.0000 42.5000
319.0000 42.5000
320.0000 42.5600
321.0000 42.5000
322.0000 42.5000
323.0000 42.5600
324.0000 42.5600
325.0000 42.5600
326.0000 42.5600
327.0000 42.5600
328.0000 42.6200
329.0000 42.6200
330.0000 42.6200
331.0000 42.6200
332.0000 42.5600
333.0000 42.5600
334.0000 42.5600
335.0000 42.5600
336.0000 42.5600
337.0000 42.5600
338.0000 42.5600
339.0000 42.5600
340.0000 42.6200
341.0000 42.6200
342.0000 42.6800
343.0000 42.6800
344.0000 42.7500
345.0000 42.6800
346.0000 42.7500
347.0000 42.7500
348.0000 42.7500
349.0000 42.7500
350.0000 42.7500
351.0000 42.7500
352.0000 42.7500
353.0000 42.7500
354.0000 42.7500
355.0000 42.6800
356.0000 42.6800
357.0000 42.6800
358.0000 42.6800
359.0000 42.7500
360.0000 42.7500
361.0000 42.6800
362.0000 42.6800
363.0000 42.6800
364.0000 42.6800
365.0000 42.6800
366.0000 42.6800
367.0000 42.6800
368.0000 42.6800
369.0000 42.6800
370.0000 42.6800
371.0000 42.6800
372.0000 42.6800
373.0000 42.6800
374.0000 42.6800
375.0000 42.6800
376.0000 42.6800
377.0000 42.6800
378.0000 42.6800
379.0000 42.7500
380.0000 42.7500
381.0000 42.7500
382.0000 42.7500
383.0000 42.7500
384.0000 42.7500
385.0000 42.7500
386.0000 42.7500
387.0000 42.8100
388.0000 42.8100
389.0000 42.8100
390.0000 42.8100
391.0000 42.8100
392.0000 42.8100
393.0000 42.8100
394.0000 42.7500
395.0000 42.7500
396.0000 42.7500
397.0000 42.7500
398.0000 42.7500
399.0000 42.7500
400.0000 42.8100
401.0000 42.8100
402.0000 42.8100
403.0000 42.8700
404.0000 42.8700
405.0000 42.8700
406.0000 42.8700
407.0000 42.8700
408.0000 42.9300
409.0000 42.9300
410.0000 42.9300
411.0000 42.9300
412.0000 42.9300
413.0000 42.9300
414.0000 42.9300
415.0000 42.9300
416.0000 42.9300
417.0000 42.9300
418.0000 42.9300
419.0000 42.9300
420.0000 42.9300
421.0000 42.9300
422.0000 42.8700
423.0000 42.8700
424.0000 42.8100
425.0000 42.7500
426.0000 42.7500
427.0000 42.7500
428.0000 42.6800
429.0000 42.6800
430.0000 42.6800
431.0000 42.6200
432.0000 42.6200
433.0000 42.5600
434.0000 42.5600
435.0000 42.5600
436.0000 42.5000
437.0000 42.5000
438.0000 42.5000
439.0000 42.5000
440.0000 42.5600
441.0000 42.5600
442.0000 42.5600
443.0000 42.5600
444.0000 42.5600
445.0000 42.5000
446.0000 42.5000
447.0000 42.5000
448.0000 42.5000
449.0000 42.5000
450.0000 42.5000
451.0000 42.5000
452.0000 42.5600
453.0000 42.5600
454.0000 42.6200
455.0000 42.6200
456.0000 42.6200
457.0000 42.6200
458.0000 42.6200
459.0000 42.6200
460.0000 42.6200
461.0000 42.6200
462.0000 42.6200
463.0000 42.6200
464.0000 42.5600
465.0000 42.5600
466.0000 42.5600
467.0000 42.5600
468.0000 42.5600
469.0000 42.5000
470.0000 42.5000
471.0000 42.5000
472.0000 42.5000
473.0000 42.5000
474.0000 42.5000
475.0000 42.5000
476.0000 42.5000
477.0000 42.5000
478.0000 42.5000
479.0000 42.5000
480.0000 42.5000
481.0000 42.5000
482.0000 42.5000
483.0000 42.5000
484.0000 42.5600
485.0000 42.5600
486.0000 42.5600
487.0000 42.5600
488.0000 42.6200
489.0000 42.6200
490.0000 42.6200
491.0000 42.6200
492.0000 42.6800
493.0000 42.6800
494.0000 42.6800
495.0000 42.6800
496.0000 42.7500
497.0000 42.6800
498.0000 42.6800
499.0000 42.7500
500.0000 42.7500
501.0000 42.8100
502.0000 42.8100
503.0000 42.8100
504.0000 42.8100
505.0000 42.8100
506.0000 42.8100
507.0000 42.8100
508.0000 42.8100
509.0000 42.8100
510.0000 42.8100
511.0000 42.8100
512.0000 42.8100
513.0000 42.8100
514.0000 42.7500
515.0000 42.7500
516.0000 42.7500
517.0000 42.7500
518.0000 42.7500
519.0000 42.7500
520.0000 42.7500
521.0000 42.6800
522.0000 42.6800
523.0000 42.6800
524.0000 42.6800
525.0000 42.6800
526.0000 42.6800
527.0000 42.6800
528.0000 42.6800
529.0000 42.6800
530.0000 42.6800
531.0000 42.6800
532.0000 42.6800
533.0000 42.6800
534.0000 42.6800
535.0000 42.6800
536.0000 42.6800
537.0000 42.6800
538.0000 42.6800
539.0000 42.6200
540.0000 42.6200
541.0000 42.6200
542.0000 42.6200
543.0000 42.5600
544.0000 42.5600
545.0000 42.5600
546.0000 42.6200
547.0000 42.6200
548.0000 42.6200
549.0000 42.6200
550.0000 42.6200
551.0000 42.6200
552.0000 42.6800
553.0000 42.6200
554.0000 42.6200
555.0000 42.6200
556.0000 42.5600
557.0000 42.5600
558.0000 42.5600
559.0000 42.5600
560.0000 42.5600
561.0000 42.5600
562.0000 42.5600
563.0000 42.5600
564.0000 42.5600
565.0000 42.5600
566.0000 42.6200
567.0000 42.6200
568.0000 42.6800
569.0000 42.6800
570.0000 42.6800
571.0000 42.6800
572.0000 42.6800
573.0000 42.6800
574.0000 42.6800
575.0000 42.6800
576.0000 42.6800
577.0000 42.6800
578.0000 42.6800
579.0000 42.6800
580.0000 42.6800
581.0000 42.6800
582.0000 42.6800
583.0000 42.6800
584.0000 42.6800
585.0000 42.6800
586.0000 42.6200
587.0000 42.6200
588.0000 42.6200
589.0000 42.6200
590.0000 42.6200
591.0000 42.6200
592.0000 42.6200
593.0000 42.6200
594.0000 42.6200
595.0000 42.6200
596.0000 42.5600
597.0000 42.5600
598.0000 42.6200
599.0000 42.6200
600.0000 42.6200
601.0000 42.5600
602.0000 42.5600
603.0000 42.5600
604.0000 42.5600
605.0000 42.5600
606.0000 42.5600
607.0000 42.6200
608.0000 42.6200
609.0000 42.6200
610.0000 42.6200
611.0000 42.6800
612.0000 42.6800
613.0000 42.6800
614.0000 42.6800
615.0000 42.6800
616.0000 42.6800
617.0000 42.6800
618.0000 42.6800
619.0000 42.6800
620.0000 42.6200
621.0000 42.6200
622.0000 42.5600
623.0000 42.5600
624.0000 42.5600
625.0000 42.5000
626.0000 42.5000
627.0000 42.4300
628.0000 42.4300
629.0000 42.3700
630.0000 42.3700
631.0000 42.3700
632.0000 42.3100
633.0000 42.3100
634.0000 42.3100
635.0000 42.2500
636.0000 42.1800
637.0000 42.1800
638.0000 42.1200
639.0000 42.1200
640.0000 42.0600
641.0000 42.0000
642.0000 42.0000
643.0000 41.9300
644.0000 41.8700
645.0000 41.8700
646.0000 41.8100
647.0000 41.7500
648.0000 41.6200
649.0000 41.5600
650.0000 41.5600
651.0000 41.4300
652.0000 41.3700
653.0000 41.3700
654.0000 41.2500
655.0000 41.1800
656.0000 41.1200
657.0000 41.0600
658.0000 41.0600
659.0000 41.0000
660.0000 40.9300
661.0000 40.9300
662.0000 40.8700
663.0000 40.8700
664.0000 40.8100
665.0000 40.8100
666.0000 40.8100
667.0000 40.8100
668.0000 40.8100
669.0000 40.8100
670.0000 40.8100
671.0000 40.8100
672.0000 40.7500
673.0000 40.7500
674.0000 40.7500
675.0000 40.6800
676.0000 40.6800
677.0000 40.6800
678.0000 40.6800
679.0000 40.6200
680.0000 40.6200
681.0000 40.6200
682.0000 40.6200
683.0000 40.6200
684.0000 40.6200
685.0000 40.6200
686.0000 40.6800
687.0000 40.6800
688.0000 40.6800
689.0000 40.6200
690.0000 40.6200
691.0000 40.6200
692.0000 40.5600
693.0000 40.5600
694.0000 40.5600
695.0000 40.5600
696.0000 40.6200
697.0000 40.6200
698.0000 40.6200
699.0000 40.6200
700.0000 40.6200
701.0000 40.6200
702.0000 40.6200
703.0000 40.6200
704.0000 40.6200
705.0000 40.6200
706.0000 40.6200
707.0000 40.6200
708.0000 40.6200
709.0000 40.6800
710.0000 40.6800
711.0000 40.6200
712.0000 40.6200
713.0000 40.6200
714.0000 40.6200
715.0000 40.6200
716.0000 40.6200
717.0000 40.6200
718.0000 40.6200
719.0000 40.6200
720.0000 40.5600
721.0000 40.5600
722.0000 40.5600
723.0000 40.5600
724.0000 40.5600
725.0000 40.5600
726.0000 40.5600
727.0000 40.5600
728.0000 40.5000
729.0000 40.5000
730.0000 40.5000
731.0000 40.5600
732.0000 40.5600
733.0000 40.5600
734.0000 40.5600
735.0000 40.5600
736.0000 40.5600
737.0000 40.5600
738.0000 40.5000
739.0000 40.5000
740.0000 40.4300
741.0000 40.4300
742.0000 40.4300
743.0000 40.4300
744.0000 40.4300
745.0000 40.3700
746.0000 40.3700
747.0000 40.3700
748.0000 40.3700
749.0000 40.3700
750.0000 40.4300
751.0000 40.4300
752.0000 40.4300
753.0000 40.4300
754.0000 40.4300
755.0000 40.4300
756.0000 40.5000
757.0000 40.5000
758.0000 40.5000
759.0000 40.5000
760.0000 40.5600
761.0000 40.5600
762.0000 40.6200
763.0000 40.6200
764.0000 40.6200
765.0000 40.6800
766.0000 40.6800
767.0000 40.6800
768.0000 40.6800
769.0000 40.6800
770.0000 40.6800
771.0000 40.6800
772.0000 40.6800
773.0000 40.6800
774.0000 40.6800
775.0000 40.7500
776.0000 40.7500
777.0000 40.7500
778.0000 40.7500
779.0000 40.8100
780.0000 40.8100
781.0000 40.8100
782.0000 40.8100
783.0000 40.8100
784.0000 40.8100
785.0000 40.8700
786.0000 40.8700
787.0000 40.8700
788.0000 40.8700
789.0000 40.8700
790.0000 40.8700
791.0000 40.8700
792.0000 40.8700
793.0000 40.8700
794.0000 40.8700
795.0000 40.8700
796.0000 40.8700
797.0000 40.8100
798.0000 40.8100
799.0000 40.8100
800.0000 40.8100
801.0000 40.8100
802.0000 40.8100
803.0000 40.8100
804.0000 40.8100
805.0000 40.8100
806.0000 40.8100
807.0000 40.8100
808.0000 40.8100
809.0000 40.7500
810.0000 40.7500
811.0000 40.7500
812.0000 40.6800
813.0000 40.6800
814.0000 40.6800
815.0000 40.6800
816.0000 40.6200
817.0000 40.6800
818.0000 40.6800
819.0000 40.6200
820.0000 40.6200
821.0000 40.6200
822.0000 40.6200
823.0000 40.5600
824.0000 40.5600
825.0000 40.5600
826.0000 40.5600
827.0000 40.5600
828.0000 40.5600
829.0000 40.5600
830.0000 40.5600
831.0000 40.5600
832.0000 40.5600
833.0000 40.5600
834.0000 40.5600
835.0000 40.5600
836.0000 40.5000
837.0000 40.5000
838.0000 40.5000
839.0000 40.5000
840.0000 40.5600
841.0000 40.5600
842.0000 40.5600
843.0000 40.5600
844.0000 40.5600
845.0000 40.6200
846.0000 40.6200
847.0000 40.6200
848.0000 40.6200
849.0000 40.6800
850.0000 40.6800
851.0000 40.6800
852.0000 40.6800
853.0000 40.6800
854.0000 40.7500
855.0000 40.7500
856.0000 40.7500
857.0000 40.7500
858.0000 40.7500
859.0000 40.7500
860.0000 40.7500
861.0000 40.7500
862.0000 40.6800
863.0000 40.6800
864.0000 40.6800
865.0000 40.6800
866.0000 40.7500
867.0000 40.7500
868.0000 40.7500
869.0000 40.6800
870.0000 40.6800
871.0000 40.6800
872.0000 40.6200
873.0000 40.6200
874.0000 40.5600
875.0000 40.5600
876.0000 40.5600
877.0000 40.5000
878.0000 40.5600
879.0000 40.5000
880.0000 40.5000
881.0000 40.5000
882.0000 40.5000
883.0000 40.5000
884.0000 40.5000
885.0000 40.5000
886.0000 40.5000
887.0000 40.4300
888.0000 40.4300
889.0000 40.4300
890.0000 40.4300
891.0000 40.4300
892.0000 40.4300
893.0000 40.3700
894.0000 40.4300
895.0000 40.4300
896.0000 40.4300
897.0000 40.4300
898.0000 40.4300
899.0000 40.5000
900.0000 40.5000
901.0000 40.5000
902.0000 40.5000
903.0000 40.5600
904.0000 40.6200
905.0000 40.6200
906.0000 40.6200
907.0000 40.6200
908.0000 40.6200
909.0000 40.6200
910.0000 40.6200
911.0000 40.6200
912.0000 40.6200
913.0000 40.6200
914.0000 40.6200
915.0000 40.6800
916.0000 40.6800
917.0000 40.6800
918.0000 40.6800
919.0000 40.6800
920.0000 40.6800
921.0000 40.6800
922.0000 40.6800
923.0000 40.6800
924.0000 40.6800
925.0000 40.6800
926.0000 40.6800
927.0000 40.6800
928.0000 40.6800
929.0000 40.6800
930.0000 40.6800
931.0000 40.6800
932.0000 40.7500
933.0000 40.7500
934.0000 40.7500
935.0000 40.7500
936.0000 40.7500
937.0000 40.7500
938.0000 40.6800
939.0000 40.6800
940.0000 40.6800
941.0000 40.6800
942.0000 40.6800
943.0000 40.6800
944.0000 40.6200
945.0000 40.6200
946.0000 40.6200
947.0000 40.6200
948.0000 40.6800
949.0000 40.6800
950.0000 40.6800
951.0000 40.6800
952.0000 40.6200
953.0000 40.5600
954.0000 40.5600
955.0000 40.5600
956.0000 40.5000
957.0000 40.5000
958.0000 40.5000
959.0000 40.4300
960.0000 40.4300
961.0000 40.4300
962.0000 40.4300
963.0000 40.4300
964.0000 40.4300
965.0000 40.4300
966.0000 40.4300
967.0000 40.4300
968.0000 40.4300
969.0000 40.5000
970.0000 40.4300
971.0000 40.5000
972.0000 40.5000
973.0000 40.5000
974.0000 40.5000
975.0000 40.5000
976.0000 40.5000
977.0000 40.5000
978.0000 40.5000
979.0000 40.5000
980.0000 40.5000
981.0000 40.5000
982.0000 40.5000
983.0000 40.5000
984.0000 40.5000
985.0000 40.5000
986.0000 40.5000
987.0000 40.5000
988.0000 40.5600
989.0000 40.5600
990.0000 40.5600
991.0000 40.5600
992.0000 40.5600
993.0000 40.5600
994.0000 40.5600
995.0000 40.5600
996.0000 40.5600
997.0000 40.5600
998.0000 40.5600
999.0000 40.5600
1000.0000 40.6200
1001.0000 40.6200
1002.0000 40.6200
1003.0000 40.6200
1004.0000 40.6200
1005.0000 40.6200
1006.0000 40.6200
1007.0000 40.6200
1008.0000 40.6200
1009.0000 40.6800
1010.0000 40.6800
1011.0000 40.6800
1012.0000 40.6800
1013.0000 40.6800
1014.0000 40.6800
1015.0000 40.6800
1016.0000 40.6800
1017.0000 40.7500
1018.0000 40.7500
1019.0000 40.7500
1020.0000 40.7500
1021.0000 40.7500
1022.0000 40.7500
1023.0000 40.7500
1024.0000 40.7500
1025.0000 40.7500
1026.0000 40.7500
1027.0000 40.7500
1028.0000 40.7500
1029.0000 40.7500
1030.0000 40.7500
1031.0000 40.7500
1032.0000 40.7500
1033.0000 40.7500
1034.0000 40.7500
1035.0000 40.7500
1036.0000 40.7500
1037.0000 40.7500
1038.0000 40.6800
1039.0000 40.6200
1040.0000 40.6200
1041.0000 40.5600
1042.0000 40.5600
1043.0000 40.5600
1044.0000 40.5600
1045.0000 40.5600
1046.0000 40.5600
1047.0000 40.5600
1048.0000 40.5600
1049.0000 40.5600
1050.0000 40.5600
1051.0000 40.5600
1052.0000 40.5600
1053.0000 40.5600
1054.0000 40.5000
1055.0000 40.5000
1056.0000 40.5000
1057.0000 40.4300
1058.0000 40.4300
1059.0000 40.4300
1060.0000 40.4300
1061.0000 40.3700
1062.0000 40.3700
1063.0000 40.4300
1064.0000 40.4300
1065.0000 40.4300
1066.0000 40.5000
1067.0000 40.5000
1068.0000 40.5000
1069.0000 40.5000
1070.0000 40.5000
1071.0000 40.5000
1072.0000 40.5000
1073.0000 40.5000
1074.0000 40.5000
1075.0000 40.5000
1076.0000 40.5000
1077.0000 40.5600
1078.0000 40.5600
1079.0000 40.5600
1080.0000 40.5600
1081.0000 40.6200
1082.0000 40.6200
1083.0000 40.6800
1084.0000 40.6800
1085.0000 40.7500
1086.0000 40.7500
1087.0000 40.7500
1088.0000 40.8100
1089.0000 40.8100
1090.0000 40.8100
1091.0000 40.8100
1092.0000 40.8100
1093.0000 40.8100
1094.0000 40.8100
1095.0000 40.8100
1096.0000 40.8100
1097.0000 40.7500
1098.0000 40.7500
1099.0000 40.7500
1100.0000 40.7500
1101.0000 40.6800
1102.0000 40.6800
1103.0000 40.6800
1104.0000 40.6800
1105.0000 40.6800
1106.0000 40.6800
1107.0000 40.6800
1108.0000 40.6800
1109.0000 40.6200
1110.0000 40.6200
1111.0000 40.6200
1112.0000 40.6200
1113.0000 40.6200
1114.0000 40.6200
1115.0000 40.5600
1116.0000 40.5600
1117.0000 40.5600
1118.0000 40.5600
1119.0000 40.5600
1120.0000 40.5600
1121.0000 40.5600
1122.0000 40.5600
1123.0000 40.5600
1124.0000 40.6200
1125.0000 40.6200
1126.0000 40.6200
1127.0000 40.6200
1128.0000 40.6200
1129.0000 40.6200
1130.0000 40.6200
1131.0000 40.6200
1132.0000 40.6200
1133.0000 40.6200
1134.0000 40.6200
1135.0000 40.6200
1136.0000 40.6200
1137.0000 40.6200
1138.0000 40.6200
1139.0000 40.6200
1140.0000 40.6200
1141.0000 40.5600
1142.0000 40.5600
1143.0000 40.5600
1144.0000 40.6200
1145.0000 40.6200
1146.0000 40.6200
1147.0000 40.6200
1148.0000 40.6200
1149.0000 40.6200
1150.0000 40.6200
1151.0000 40.6800
1152.0000 40.6800
1153.0000 40.6800
1154.0000 40.7500
1155.0000 40.7500
1156.0000 40.7500
1157.0000 40.7500
1158.0000 40.7500
1159.0000 40.7500
1160.0000 40.7500
1161.0000 40.7500
1162.0000 40.7500
1163.0000 40.7500
1164.0000 40.6800
1165.0000 40.6800
1166.0000 40.6800
1167.0000 40.6800
1168.0000 40.6800
1169.0000 40.6800
1170.0000 40.7500
1171.0000 40.7500
1172.0000 40.7500
1173.0000 40.6800
1174.0000 40.6800
1175.0000 40.6800
1176.0000 40.7500
1177.0000 40.7500
1178.0000 40.7500
1179.0000 40.7500
1180.0000 40.7500
1181.0000 40.7500
1182.0000 40.7500
1183.0000 40.7500
1184.0000 40.7500
1185.0000 40.7500
1186.0000 40.6800
1187.0000 40.6800
1188.0000 40.6800
1189.0000 40.6800
1190.0000 40.6800
1191.0000 40.6800
1192.0000 40.6800
1193.0000 40.6800
1194.0000 40.6800
1195.0000 40.6800
1196.0000 40.6800
1197.0000 40.6800
1198.0000 40.6800
1199.0000 40.6800
1200.0000 40.6200
1201.0000 40.6800
1202.0000 40.6800
1203.0000 40.6800
1204.0000 40.6800
1205.0000 40.6800
1206.0000 40.6800
1207.0000 40.6800
1208.0000 40.6800
1209.0000 40.6800
1210.0000 40.6800
1211.0000 40.6800
1212.0000 40.6800
1213.0000 40.6800
1214.0000 40.6800
1215.0000 40.6800
1216.0000 40.6800
1217.0000 40.6800
1218.0000 40.6800
1219.0000 40.6200
1220.0000 40.6200
1221.0000 40.6200
1222.0000 40.6200
1223.0000 40.5600
1224.0000 40.5600
1225.0000 40.5000
1226.0000 40.5000
1227.0000 40.4300
1228.0000 40.4300
1229.0000 40.3700
1230.0000 40.3700
1231.0000 40.3700
1232.0000 40.4300
1233.0000 40.4300
1234.0000 40.5000
1235.0000 40.5000
1236.0000 40.5000
1237.0000 40.5600
1238.0000 40.6200
1239.0000 40.6200
1240.0000 40.6800
1241.0000 40.6800
1242.0000 40.6800
1243.0000 40.6800
1244.0000 40.6800
1245.0000 40.7500
1246.0000 40.8700
1247.0000 40.9300
1248.0000 41.0000
1249.0000 41.0000
1250.0000 41.0600
1251.0000 41.0600
1252.0000 41.1200
1253.0000 41.1200
1254.0000 41.1800
1255.0000 41.2500
1256.0000 41.2500
1257.0000 41.3100
1258.0000 41.3700
1259.0000 41.4300
1260.0000 41.4300
1261.0000 41.5000
1262.0000 41.5000
1263.0000 41.5600
1264.0000 41.5600
1265.0000 41.6200
1266.0000 41.6800
1267.0000 41.6800
1268.0000 41.7500
1269.0000 41.7500
1270.0000 41.7500
1271.0000 41.7500
1272.0000 41.8100
1273.0000 41.8100
1274.0000 41.8100
1275.0000 41.8100
1276.0000 41.8100
1277.0000 41.8100
1278.0000 41.8700
1279.0000 41.8100
1280.0000 41.8100
1281.0000 41.8100
1282.0000 41.8100
1283.0000 41.8100
1284.0000 41.8100
1285.0000 41.8100
1286.0000 41.8100
1287.0000 41.8100
1288.0000 41.8100
1289.0000 41.8100
1290.0000 41.8100
1291.0000 41.8100
1292.0000 41.8100
1293.0000 41.8100
1294.0000 41.7500
1295.0000 41.7500
1296.0000 41.6800
1297.0000 41.6800
1298.0000 41.6200
1299.0000 41.6200
1300.0000 41.5600
1301.0000 41.5600
1302.0000 41.5000
1303.0000 41.5000
1304.0000 41.5000
1305.0000 41.5000
1306.0000 41.5000
1307.0000 41.5000
1308.0000 41.5000
1309.0000 41.5000
1310.0000 41.5000
1311.0000 41.5000
1312.0000 41.4300
1313.0000 41.4300
1314.0000 41.5000
1315.0000 41.4300
1316.0000 41.5000
1317.0000 41.5000
1318.0000 41.4300
1319.0000 41.4300
1320.0000 41.4300
1321.0000 41.4300
1322.0000 41.4300
1323.0000 41.4300
1324.0000 41.4300
1325.0000 41.5000
1326.0000 41.5000
1327.0000 41.5000
1328.0000 41.5000
1329.0000 41.5600
1330.0000 41.5600
1331.0000 41.5600
1332.0000 41.6200
1333.0000 41.6200
1334.0000 41.6200
1335.0000 41.6200
1336.0000 41.6200
1337.0000 41.6200
1338.0000 41.6200
1339.0000 41.6200
1340.0000 41.6200
1341.0000 41.6200
1342.0000 41.6200
1343.0000 41.6200
1344.0000 41.6200
1345.0000 41.5600
1346.0000 41.5600
1347.0000 41.5600
1348.0000 41.5600
1349.0000 41.6200
1350.0000 41.5600
1351.0000 41.5600
1352.0000 41.6200
1353.0000 41.6200
1354.0000 41.6200
1355.0000 41.6200
1356.0000 41.6200
1357.0000 41.6200
1358.0000 41.6200
1359.0000 41.6200
1360.0000 41.6200
1361.0000 41.5600
1362.0000 41.6200
1363.0000 41.5600
1364.0000 41.6200
1365.0000 41.6200
1366.0000 41.6200
1367.0000 41.6200
1368.0000 41.6200
1369.0000 41.6200
1370.0000 41.6800
1371.0000 41.6800
1372.0000 41.6800
1373.0000 41.6800
1374.0000 41.6800
1375.0000 41.6800
1376.0000 41.6800
1377.0000 41.6800
1378.0000 41.6200
1379.0000 41.6200
1380.0000 41.6200
1381.0000 41.6200
1382.0000 41.6200
1383.0000 41.6200
1384.0000 41.6200
1385.0000 41.6200
1386.0000 41.6800
1387.0000 41.6200
1388.0000 41.6200
1389.0000 41.6200
1390.0000 41.6200
1391.0000 41.6200
1392.0000 41.6200
1393.0000 41.6200
1394.0000 41.6200
1395.0000 41.6800
1396.0000 41.6800
1397.0000 41.6800
1398.0000 41.6800
1399.0000 41.6800
1400.0000 41.6800
1401.0000 41.6200
1402.0000 41.6200
1403.0000 41.6200
1404.0000 41.6200
1405.0000 41.6200
1406.0000 41.6200
1407.0000 41.6200
1408.0000 41.6200
1409.0000 41.6200
1410.0000 41.6200
1411.0000 41.5600
1412.0000 41.5600
1413.0000 41.5000
1414.0000 41.4300
1415.0000 41.5000
1416.0000 41.5000
1417.0000 41.5000
1418.0000 41.5000
1419.0000 41.5000
1420.0000 41.5600
1421.0000 41.5600
1422.0000 41.5600
1423.0000 41.5600
1424.0000 41.5600
1425.0000 41.5600
1426.0000 41.5600
1427.0000 41.5600
1428.0000 41.6200
1429.0000 41.6200
1430.0000 41.6200
1431.0000 41.6200
1432.0000 41.6200
1433.0000 41.6800
1434.0000 41.6200
1435.0000 41.6200
1436.0000 41.5600
1437.0000 41.5600
1438.0000 41.6200
1439.0000 41.6200
1440.0000 41.5600
1441.0000 41.5600
1442.0000 41.5600
1443.0000 41.5600
1444.0000 41.5600
1445.0000 41.5600
1446.0000 41.5600
1447.0000 41.5600
1448.0000 41.6200
1449.0000 41.6200
1450.0000 41.6200
1451.0000 41.6200
1452.0000 41.6200
1453.0000 41.6200
1454.0000 41.6200
1455.0000 41.6800
1456.0000 41.6800
1457.0000 41.6800
1458.0000 41.6800
1459.0000 41.6800
1460.0000 41.6800
1461.0000 41.6800
1462.0000 41.7500
1463.0000 41.6800
1464.0000 41.7500
1465.0000 41.6800
1466.0000 41.6800
1467.0000 41.6800
1468.0000 41.6800
1469.0000 41.6800
1470.0000 41.6200
1471.0000 41.6200
1472.0000 41.6200
1473.0000 41.6200
1474.0000 41.6200
1475.0000 41.6200
1476.0000 41.6800
1477.0000 41.6800
1478.0000 41.6800
1479.0000 41.6800
1480.0000 41.6800
1481.0000 41.6800
1482.0000 41.6800
1483.0000 41.6800
1484.0000 41.6800
1485.0000 41.6200
1486.0000 41.6200
1487.0000 41.5600
1488.0000 41.5600
1489.0000 41.5600
1490.0000 41.5600
1491.0000 41.5600
1492.0000 41.5600
1493.0000 41.5600
1494.0000 41.5000
1495.0000 41.5000
1496.0000 41.5000
1497.0000 41.5000
1498.0000 41.5000
1499.0000 41.5000
1500.0000 41.5000
1501.0000 41.5000
1502.0000 41.5000
1503.0000 41.5000
1504.0000 41.5000
1505.0000 41.5600
1506.0000 41.5600
1507.0000 41.5600
1508.0000 41.5600
1509.0000 41.5600
1510.0000 41.5600
1511.0000 41.5600
1512.0000 41.5600
1513.0000 41.5600
1514.0000 41.5600
1515.0000 41.6200
1516.0000 41.6200
1517.0000 41.6200
1518.0000 41.6200
1519.0000 41.6200
1520.0000 41.6200
1521.0000 41.6200
1522.0000 41.6200
1523.0000 41.6200
1524.0000 41.6800
1525.0000 41.6800
1526.0000 41.6800
1527.0000 41.6200
1528.0000 41.6200
1529.0000 41.6200
1530.0000 41.6800
1531.0000 41.6800
1532.0000 41.6800
1533.0000 41.6800
1534.0000 41.6800
1535.0000 41.6800
1536.0000 41.6800
1537.0000 41.6800
1538.0000 41.6800
1539.0000 41.6200
1540.0000 41.6200
1541.0000 41.6200
1542.0000 41.6200
1543.0000 41.6200
1544.0000 41.6200
1545.0000 41.6200
1546.0000 41.6200
1547.0000 41.6200
1548.0000 41.6200
1549.0000 41.6800
1550.0000 41.6800
1551.0000 41.6800
1552.0000 41.7500
1553.0000 41.7500
1554.0000 41.7500
1555.0000 41.7500
1556.0000 41.7500
1557.0000 41.6800
1558.0000 41.6800
1559.0000 41.6800
1560.0000 41.6800
1561.0000 41.6200
1562.0000 41.6800
1563.0000 41.6800
1564.0000 41.6800
1565.0000 41.6800
1566.0000 41.6800
1567.0000 41.6800
1568.0000 41.6800
1569.0000 41.6800
1570.0000 41.6800
1571.0000 41.6800
1572.0000 41.6800
1573.0000 41.6800
1574.0000 41.6800
1575.0000 41.6200
1576.0000 41.6200
1577.0000 41.6200
1578.0000 41.6200
1579.0000 41.6200
1580.0000 41.6800
1581.0000 41.6800
1582.0000 41.6800
1583.0000 41.6200
1584.0000 41.6200
1585.0000 41.6200
1586.0000 41.5600
1587.0000 41.5600
1588.0000 41.5600
1589.0000 41.5600
1590.0000 41.5600
1591.0000 41.5600
1592.0000 41.5600
1593.0000 41.5600
1594.0000 41.6200
1595.0000 41.6200
1596.0000 41.6200
1597.0000 41.6200
1598.0000 41.6200
1599.0000 41.6200
1600.0000 41.5600
1601.0000 41.5600
1602.0000 41.5600
1603.0000 41.5600
1604.0000 41.5600
1605.0000 41.6200
1606.0000 41.6200
1607.0000 41.6200
1608.0000 41.6200
1609.0000 41.6200
1610.0000 41.6200
1611.0000 41.6800
1612.0000 41.6800
1613.0000 41.7500
1614.0000 41.7500
1615.0000 41.7500
1616.0000 41.7500
1617.0000 41.7500
1618.0000 41.7500
1619.0000 41.7500
1620.0000 41.7500
1621.0000 41.7500
1622.0000 41.7500
1623.0000 41.7500
1624.0000 41.7500
1625.0000 41.7500
1626.0000 41.7500
1627.0000 41.7500
1628.0000 41.7500
1629.0000 41.7500
1630.0000 41.7500
1631.0000 41.6800
1632.0000 41.6200
1633.0000 41.6200
1634.0000 41.5600
1635.0000 41.5600
1636.0000 41.5600
1637.0000 41.5600
1638.0000 41.5600
1639.0000 41.5600
1640.0000 41.5000
1641.0000 41.5000
1642.0000 41.5000
1643.0000 41.5000
1644.0000 41.4300
1645.0000 41.4300
1646.0000 41.4300
1647.0000 41.4300
1648.0000 41.4300
1649.0000 41.4300
1650.0000 41.4300
1651.0000 41.5000
1652.0000 41.5000
1653.0000 41.5000
1654.0000 41.5000
1655.0000 41.4300
1656.0000 41.4300
1657.0000 41.4300
1658.0000 41.5000
1659.0000 41.5000
1660.0000 41.5000
1661.0000 41.5000
1662.0000 41.5000
1663.0000 41.5000
1664.0000 41.5000
1665.0000 41.5600
1666.0000 41.5600
1667.0000 41.5600
1668.0000 41.6200
1669.0000 41.6200
1670.0000 41.6200
1671.0000 41.6200
1672.0000 41.6800
1673.0000 41.6800
1674.0000 41.6800
1675.0000 41.6800
1676.0000 41.6800
1677.0000 41.6800
1678.0000 41.6800
1679.0000 41.7500
1680.0000 41.7500
1681.0000 41.7500
1682.0000 41.7500
1683.0000 41.7500
1684.0000 41.7500
1685.0000 41.7500
1686.0000 41.7500
1687.0000 41.7500
1688.0000 41.6800
1689.0000 41.6800
1690.0000 41.6800
1691.0000 41.6200
1692.0000 41.6200
1693.0000 41.6200
1694.0000 41.6200
1695.0000 41.6800
1696.0000 41.6800
1697.0000 41.6800
1698.0000 41.6800
1699.0000 41.6800
1700.0000 41.6800
1701.0000 41.6800
1702.0000 41.6800
1703.0000 41.6200
1704.0000 41.6200
1705.0000 41.6200
1706.0000 41.6200
1707.0000 41.6200
1708.0000 41.6200
1709.0000 41.6200
1710.0000 41.6200
1711.0000 41.6200
1712.0000 41.6200
1713.0000 41.6200
1714.0000 41.6200
1715.0000 41.6200
1716.0000 41.6200
1717.0000 41.6200
1718.0000 41.6800
1719.0000 41.6200
1720.0000 41.6200
1721.0000 41.6200
1722.0000 41.6200
1723.0000 41.6200
1724.0000 41.5600
1725.0000 41.5600
1726.0000 41.5600
1727.0000 41.5600
1728.0000 41.5600
1729.0000 41.5600
1730.0000 41.5600
1731.0000 41.5600
1732.0000 41.6200
1733.0000 41.6200
1734.0000 41.6200
1735.0000 41.6200
1736.0000 41.6200
1737.0000 41.6200
1738.0000 41.6200
1739.0000 41.6200
1740.0000 41.6200
1741.0000 41.6200
1742.0000 41.6200
1743.0000 41.6200
1744.0000 41.6200
1745.0000 41.6200
1746.0000 41.6200
1747.0000 41.6200
1748.0000 41.6200
1749.0000 41.6200
1750.0000 41.6200
1751.0000 41.6200
1752.0000 41.6200
1753.0000 41.6200
1754.0000 41.5600
1755.0000 41.5600
1756.0000 41.5600
1757.0000 41.6200
1758.0000 41.6200
1759.0000 41.6200
1760.0000 41.6200
1761.0000 41.6200
1762.0000 41.6800
1763.0000 41.6800
1764.0000 41.6800
1765.0000 41.6800
1766.0000 41.6800
1767.0000 41.6800
1768.0000 41.6800
1769.0000 41.6800
1770.0000 41.6800
1771.0000 41.6800
1772.0000 41.7500
1773.0000 41.7500
1774.0000 41.7500
1775.0000 41.7500
1776.0000 41.8100
1777.0000 41.7500
1778.0000 41.8100
1779.0000 41.8100
1780.0000 41.8100
1781.0000 41.8100
1782.0000 41.8100
1783.0000 41.8100
1784.0000 41.8100
1785.0000 41.8100
1786.0000 41.8100
1787.0000 41.7500
1788.0000 41.7500
1789.0000 41.7500
1790.0000 41.7500
1791.0000 41.7500
1792.0000 41.7500
1793.0000 41.7500
1794.0000 41.7500
1795.0000 41.7500
1796.0000 41.7500
1797.0000 41.6800
1798.0000 41.6800
1799.0000 41.6800
1800.0000 41.6800
1801.0000 41.6800
1802.0000 41.6800
1803.0000 41.6800
1804.0000 41.6800
1805.0000 41.6800
1806.0000 41.6200
1807.0000 41.6800
1808.0000 41.6800
1809.0000 41.6800
1810.0000 41.6800
