1.0000 36.0000
2.0000 36.0000
3.0000 36.0000
4.0000 36.0000
5.0000 36.0000
6.0000 36.0000
7.0000 36.0000
8.0000 36.0000
9.0000 36.0000
10.0000 39.2075
11.0000 42.1315
12.0000 44.7851
13.0000 47.1815
14.0000 49.3339
15.0000 51.2553
16.0000 52.8774
17.0000 54.3012
18.0000 55.5389
19.0000 56.6019
20.0000 57.5017
21.0000 58.2494
22.0000 58.8562
23.0000 59.3328
24.0000 59.6089
25.0000 59.7849
26.0000 59.8736
27.0000 59.8064
28.0000 59.6846
29.0000 59.4260
30.0000 59.0641
31.0000 58.6975
32.0000 58.2542
33.0000 57.7499
34.0000 57.2801
35.0000 56.7554
36.0000 56.2026
37.0000 55.6320
38.0000 55.0529
39.0000 54.4600
40.0000 53.8746
41.0000 53.3835
42.0000 52.8211
43.0000 52.2660
44.0000 51.7353
45.0000 51.2305
46.0000 50.7523
47.0000 50.2872
48.0000 49.7684
49.0000 49.2834
50.0000 48.8169
51.0000 48.3815
52.0000 47.9748
53.0000 47.5943
54.0000 47.2234
55.0000 46.8740
56.0000 46.5429
57.0000 46.2273
58.0000 45.9108
59.0000 45.6050
60.0000 45.3881
61.0000 45.1694
62.0000 45.0278
63.0000 44.9541
64.0000 44.8583
65.0000 44.8208
66.0000 44.7389
67.0000 44.7083
68.0000 44.6404
69.0000 44.6169
70.0000 44.6310
71.0000 44.5953
72.0000 44.5930
73.0000 44.6181
74.0000 44.6657
75.0000 44.7309
76.0000 44.8095
77.0000 44.8979
78.0000 44.9928
79.0000 45.0916
80.0000 45.1916
81.0000 45.2910
82.0000 45.3880
83.0000 45.4810
84.0000 45.5688
85.0000 45.6503
86.0000 45.8061
87.0000 45.8658
88.0000 45.9992
89.0000 46.1174
90.0000 46.2211
91.0000 46.3107
92.0000 46.3869
93.0000 46.4500
94.0000 46.5014
95.0000 46.5416
96.0000 46.5712
97.0000 46.5914
98.0000 46.6030
99.0000 46.6067
100.0000 46.6038
101.0000 46.5950
102.0000 46.5818
103.0000 46.5649
104.0000 46.5449
105.0000 46.5225
106.0000 46.5797
107.0000 46.5475
108.0000 46.5153
109.0000 46.4842
110.0000 46.4548
111.0000 46.5083
112.0000 46.5567
113.0000 46.6005
114.0000 46.6404
115.0000 46.6764
116.0000 46.7089
117.0000 46.7387
118.0000 46.7659
119.0000 46.7905
120.0000 46.8131
121.0000 46.8341
122.0000 46.8538
123.0000 46.8723
124.0000 46.8897
125.0000 46.9058
126.0000 46.9207
127.0000 46.9344
128.0000 46.9474
129.0000 46.9598
130.0000 46.9721
131.0000 46.9844
132.0000 46.9963
133.0000 47.0082
134.0000 47.0200
135.0000 46.9509
136.0000 46.8892
137.0000 46.8346
138.0000 46.7868
139.0000 46.7455
140.0000 46.7104
141.0000 46.6813
142.0000 46.6577
143.0000 46.6391
144.0000 46.5441
145.0000 46.4606
146.0000 46.4694
147.0000 46.4003
148.0000 46.3416
149.0000 46.2923
150.0000 46.3333
151.0000 46.3752
152.0000 46.4176
153.0000 46.4601
154.0000 46.5029
155.0000 46.5451
156.0000 46.5866
157.0000 46.6272
158.0000 46.6668
159.0000 46.7049
160.0000 46.7416
161.0000 46.7763
162.0000 46.8088
163.0000 46.7581
164.0000 46.7123
165.0000 46.6711
166.0000 46.6340
167.0000 46.6008
168.0000 46.5709
169.0000 46.6253
170.0000 46.6758
171.0000 46.7221
172.0000 46.7648
173.0000 46.8037
174.0000 46.7584
175.0000 46.7171
176.0000 46.7605
177.0000 46.8002
178.0000 46.8362
179.0000 46.8688
180.0000 46.8170
181.0000 46.7694
182.0000 46.8071
183.0000 46.8415
184.0000 46.7913
185.0000 46.7452
186.0000 46.7027
187.0000 46.6638
188.0000 46.6286
189.0000 46.5972
190.0000 46.6500
191.0000 46.6984
192.0000 46.7428
193.0000 46.8646
194.0000 46.9756
195.0000 47.0762
196.0000 47.1669
197.0000 47.2483
198.0000 47.3210
199.0000 47.3042
200.0000 47.2864
201.0000 47.2677
202.0000 47.2482
203.0000 47.2278
204.0000 47.1254
205.0000 47.0297
206.0000 46.9403
207.0000 46.8572
208.0000 46.7802
209.0000 46.7094
210.0000 46.6447
211.0000 46.5862
212.0000 46.6151
213.0000 46.6426
214.0000 46.6689
215.0000 46.6944
216.0000 46.7193
217.0000 46.7436
218.0000 46.7672
219.0000 46.7899
220.0000 46.8930
221.0000 46.9067
222.0000 46.9199
223.0000 47.0139
224.0000 47.1000
225.0000 47.1785
226.0000 47.2496
227.0000 47.3135
228.0000 47.3706
229.0000 47.5162
230.0000 47.6475
231.0000 47.7649
232.0000 47.8692
233.0000 47.9615
234.0000 48.0420
235.0000 48.1119
236.0000 48.0768
237.0000 48.0410
238.0000 48.0045
239.0000 47.9681
240.0000 47.9318
241.0000 47.8963
242.0000 47.8617
243.0000 47.7475
244.0000 47.6423
245.0000 47.5458
246.0000 47.4585
247.0000 47.3801
248.0000 47.3104
249.0000 47.1681
250.0000 47.1231
251.0000 47.0050
252.0000 46.9018
253.0000 46.8128
254.0000 46.7372
255.0000 46.6747
256.0000 46.5429
257.0000 46.4296
258.0000 46.3335
259.0000 46.2534
260.0000 46.1878
261.0000 46.1359
262.0000 46.0964
263.0000 46.0678
264.0000 46.0489
265.0000 46.0388
266.0000 46.0363
267.0000 46.0405
268.0000 46.0503
269.0000 46.0649
270.0000 46.0834
271.0000 46.1046
272.0000 46.1277
273.0000 46.1521
274.0000 46.1771
275.0000 46.2835
276.0000 46.3824
277.0000 46.4733
278.0000 46.5562
279.0000 46.6314
280.0000 46.6989
281.0000 46.7586
282.0000 46.8107
283.0000 46.8558
284.0000 46.8938
285.0000 46.9247
286.0000 46.9488
287.0000 46.9670
288.0000 46.9797
289.0000 46.9873
290.0000 46.9902
291.0000 46.9889
292.0000 46.9842
293.0000 46.9763
294.0000 46.9659
295.0000 46.9535
296.0000 46.9395
297.0000 46.9244
298.0000 46.9083
299.0000 46.8917
300.0000 46.8748
301.0000 46.8581
302.0000 46.8417
303.0000 46.8264
304.0000 46.7308
305.0000 46.6437
306.0000 46.5648
307.0000 46.4944
308.0000 46.4317
309.0000 46.3767
310.0000 46.3178
311.0000 46.2451
312.0000 46.2410
313.0000 46.2184
314.0000 46.1790
315.0000 46.1243
316.0000 46.0558
317.0000 45.9749
318.0000 45.9642
319.0000 45.9364
320.0000 45.8932
321.0000 45.8362
322.0000 45.7669
323.0000 45.6866
324.0000 45.5967
325.0000 45.4986
326.0000 45.3935
327.0000 45.2823
328.0000 45.1665
329.0000 45.0471
330.0000 44.9254
331.0000 44.8023
332.0000 44.6785
333.0000 44.5548
334.0000 44.4324
335.0000 44.3117
336.0000 44.1940
337.0000 44.0801
338.0000 43.9714
339.0000 43.8681
340.0000 43.7711
341.0000 43.6810
342.0000 43.5982
343.0000 43.5228
344.0000 43.4557
345.0000 43.3972
346.0000 43.3475
347.0000 43.3064
348.0000 43.2736
349.0000 43.2485
350.0000 43.2313
351.0000 43.2215
352.0000 43.2186
353.0000 43.2224
354.0000 43.2323
355.0000 43.1666
356.0000 43.1130
357.0000 43.0711
358.0000 43.0399
359.0000 43.0188
360.0000 43.0066
361.0000 43.0023
362.0000 43.0055
363.0000 43.0153
364.0000 43.0309
365.0000 43.0517
366.0000 43.0768
367.0000 43.1055
368.0000 43.1372
369.0000 43.1711
370.0000 43.2064
371.0000 43.2429
372.0000 43.2799
373.0000 43.2356
374.0000 43.1982
375.0000 43.1668
376.0000 43.1407
377.0000 43.2003
378.0000 43.2567
379.0000 43.3100
380.0000 43.3597
381.0000 43.3248
382.0000 43.3747
383.0000 43.4205
384.0000 43.4624
385.0000 43.5001
386.0000 43.5340
387.0000 43.6456
388.0000 43.7462
389.0000 43.8364
390.0000 43.9168
391.0000 43.9875
392.0000 44.0491
393.0000 44.1024
394.0000 44.1477
395.0000 44.1856
396.0000 44.2168
397.0000 44.2416
398.0000 44.2606
399.0000 44.2741
400.0000 44.2013
401.0000 44.1311
402.0000 44.0634
403.0000 43.9987
404.0000 43.8556
405.0000 43.7233
406.0000 43.6013
407.0000 43.4900
408.0000 43.3887
409.0000 43.2975
410.0000 43.2157
411.0000 43.2240
412.0000 43.2343
413.0000 43.2462
414.0000 43.2596
415.0000 43.2743
416.0000 43.2903
417.0000 43.3072
418.0000 43.3247
419.0000 43.3425
420.0000 43.3603
421.0000 43.3777
422.0000 43.3946
423.0000 43.4105
424.0000 43.4251
425.0000 43.4387
426.0000 43.4513
427.0000 43.4627
428.0000 43.5541
429.0000 43.6371
430.0000 43.7927
431.0000 43.9331
432.0000 44.0590
433.0000 44.1713
434.0000 44.2705
435.0000 44.3574
436.0000 44.4325
437.0000 44.4967
438.0000 44.5506
439.0000 44.5952
440.0000 44.6310
441.0000 44.6589
442.0000 44.6795
443.0000 44.6933
444.0000 44.7009
445.0000 44.7035
446.0000 44.7018
447.0000 44.6964
448.0000 44.6881
449.0000 44.5962
450.0000 44.5098
451.0000 44.4292
452.0000 44.3547
453.0000 44.2865
454.0000 44.2247
455.0000 44.1691
456.0000 44.2008
457.0000 44.2307
458.0000 44.2595
459.0000 44.2874
460.0000 44.3146
461.0000 44.2604
462.0000 44.2135
463.0000 44.1733
464.0000 44.1398
465.0000 44.0314
466.0000 43.9363
467.0000 43.8534
468.0000 43.7823
469.0000 43.7222
470.0000 43.6722
471.0000 43.5504
472.0000 43.4452
473.0000 43.3555
474.0000 43.2802
475.0000 43.2182
476.0000 43.1686
477.0000 43.1307
478.0000 43.1040
479.0000 43.0873
480.0000 43.0796
481.0000 43.0791
482.0000 43.0849
483.0000 43.0962
484.0000 43.1121
485.0000 43.1321
486.0000 43.1553
487.0000 43.1806
488.0000 43.2883
489.0000 43.3893
490.0000 43.4833
491.0000 43.5699
492.0000 43.6494
493.0000 43.7214
494.0000 43.7861
495.0000 43.8441
496.0000 43.8951
497.0000 44.0200
498.0000 44.1311
499.0000 44.2286
500.0000 44.3136
501.0000 44.3054
502.0000 44.2929
503.0000 44.2769
504.0000 44.2576
505.0000 44.2355
506.0000 44.2109
507.0000 44.1847
508.0000 44.1572
509.0000 44.1289
510.0000 44.1812
511.0000 44.2262
512.0000 44.2645
513.0000 44.2966
514.0000 44.3231
515.0000 44.3448
516.0000 44.3624
517.0000 44.3764
518.0000 44.3873
519.0000 44.3957
520.0000 44.4017
521.0000 44.4056
522.0000 44.4889
523.0000 44.5629
524.0000 44.6284
525.0000 44.6861
526.0000 44.7367
527.0000 44.7805
528.0000 44.8180
529.0000 44.8502
530.0000 44.8769
531.0000 44.8992
532.0000 44.9174
533.0000 44.9319
534.0000 44.9431
535.0000 44.8699
536.0000 44.8826
537.0000 44.8114
538.0000 44.7453
539.0000 44.6841
540.0000 44.6279
541.0000 44.5762
542.0000 44.5293
543.0000 44.4871
544.0000 44.4493
545.0000 44.4162
546.0000 44.3876
547.0000 44.3641
548.0000 44.3453
549.0000 44.3311
550.0000 44.3211
551.0000 44.3154
552.0000 44.2324
553.0000 44.1600
554.0000 44.0975
555.0000 44.0447
556.0000 44.0006
557.0000 43.9645
558.0000 43.9359
559.0000 43.9142
560.0000 43.8989
561.0000 43.8891
562.0000 43.8848
563.0000 43.8855
564.0000 43.8910
565.0000 43.9005
566.0000 43.9136
567.0000 43.9297
568.0000 43.9484
569.0000 43.9688
570.0000 43.9904
571.0000 44.0128
572.0000 43.9545
573.0000 43.9035
574.0000 43.8594
575.0000 43.8216
576.0000 43.7889
577.0000 43.7611
578.0000 43.7376
579.0000 43.7177
580.0000 43.7826
581.0000 43.8435
582.0000 43.9006
583.0000 43.9534
584.0000 44.0022
585.0000 44.0471
586.0000 44.0880
587.0000 44.0440
588.0000 44.0032
589.0000 44.0465
590.0000 44.0045
591.0000 43.9657
592.0000 43.9297
593.0000 43.8966
594.0000 43.8664
595.0000 43.8391
596.0000 43.8140
597.0000 43.7912
598.0000 43.7709
599.0000 43.7525
600.0000 43.7362
601.0000 43.7220
602.0000 43.7095
603.0000 43.6988
604.0000 43.6895
605.0000 43.6816
606.0000 43.6753
607.0000 43.6701
608.0000 43.6660
609.0000 43.6625
610.0000 40.9541
611.0000 38.4870
612.0000 36.2497
613.0000 34.2307
614.0000 32.4186
615.0000 30.8022
616.0000 29.3705
617.0000 28.1940
618.0000 27.0925
619.0000 26.2255
620.0000 25.4947
621.0000 24.8909
622.0000 24.4049
623.0000 24.0282
624.0000 23.7512
625.0000 23.6449
626.0000 23.6098
627.0000 23.7165
628.0000 23.8659
629.0000 24.1427
630.0000 24.5151
631.0000 24.8863
632.0000 25.3300
633.0000 25.8321
634.0000 26.3931
635.0000 26.9871
636.0000 27.6034
637.0000 28.2330
638.0000 28.9624
639.0000 29.6813
640.0000 30.3842
641.0000 30.9854
642.0000 31.5836
643.0000 32.1610
644.0000 32.7158
645.0000 33.2465
646.0000 33.7658
647.0000 34.2587
648.0000 34.7259
649.0000 35.1682
650.0000 35.6008
651.0000 35.9295
652.0000 36.2449
653.0000 36.5489
654.0000 36.8439
655.0000 37.0508
656.0000 37.2738
657.0000 37.4184
658.0000 37.5750
659.0000 37.6640
660.0000 37.7749
661.0000 37.8275
662.0000 37.8293
663.0000 37.8688
664.0000 37.8643
665.0000 37.8223
666.0000 37.8438
667.0000 37.8315
668.0000 37.7911
669.0000 37.7279
670.0000 37.6463
671.0000 37.6319
672.0000 37.5181
673.0000 37.3974
674.0000 37.2726
675.0000 37.1463
676.0000 37.0210
677.0000 36.8983
678.0000 36.7798
679.0000 36.6665
680.0000 36.5592
681.0000 36.4590
682.0000 36.3663
683.0000 36.2817
684.0000 36.2055
685.0000 36.1376
686.0000 36.0779
687.0000 36.0263
688.0000 35.9820
689.0000 35.9449
690.0000 35.9141
691.0000 35.8891
692.0000 35.9509
693.0000 36.0110
694.0000 36.0686
695.0000 36.1236
696.0000 36.1759
697.0000 36.2251
698.0000 36.2710
699.0000 36.3134
700.0000 36.3520
701.0000 36.3058
702.0000 36.2626
703.0000 36.2223
704.0000 36.1852
705.0000 36.1505
706.0000 36.1994
707.0000 36.1621
708.0000 36.2082
709.0000 36.2492
710.0000 36.2851
711.0000 36.3164
712.0000 36.3434
713.0000 36.3664
714.0000 36.3856
715.0000 36.4017
716.0000 36.4150
717.0000 36.4252
718.0000 36.4329
719.0000 36.4389
720.0000 36.4429
721.0000 36.3642
722.0000 36.2909
723.0000 36.3045
724.0000 36.3164
725.0000 36.2460
726.0000 36.1816
727.0000 36.1233
728.0000 36.1517
729.0000 36.1783
730.0000 36.1223
731.0000 36.0724
732.0000 36.0286
733.0000 35.9904
734.0000 36.0389
735.0000 36.0851
736.0000 36.1290
737.0000 36.1706
738.0000 36.1288
739.0000 36.1733
740.0000 36.2152
741.0000 36.2544
742.0000 36.2909
743.0000 36.3249
744.0000 36.3563
745.0000 36.3852
746.0000 36.4113
747.0000 36.4343
748.0000 36.4541
749.0000 36.4710
750.0000 36.4848
751.0000 36.4957
752.0000 36.4227
753.0000 36.3546
754.0000 36.3717
755.0000 36.3859
756.0000 36.3972
757.0000 36.4058
758.0000 36.3308
759.0000 36.2610
760.0000 36.1961
761.0000 36.1362
762.0000 36.0814
763.0000 36.0313
764.0000 35.9858
765.0000 35.9449
766.0000 35.8135
767.0000 35.7894
768.0000 35.6745
769.0000 35.5714
770.0000 35.4795
771.0000 35.3984
772.0000 35.3271
773.0000 35.2655
774.0000 35.2125
775.0000 35.1675
776.0000 35.1300
777.0000 35.0989
778.0000 35.0738
779.0000 35.1488
780.0000 35.2200
781.0000 35.2874
782.0000 35.3507
783.0000 35.4095
784.0000 35.4641
785.0000 35.5140
786.0000 35.6406
787.0000 35.7551
788.0000 35.8580
789.0000 35.9493
790.0000 36.0294
791.0000 36.0989
792.0000 36.1578
793.0000 36.2066
794.0000 36.2461
795.0000 36.3577
796.0000 36.4540
797.0000 36.5357
798.0000 36.6039
799.0000 36.6594
800.0000 36.7035
801.0000 36.7373
802.0000 36.7615
803.0000 36.7773
804.0000 36.7860
805.0000 36.7883
806.0000 36.7854
807.0000 36.7778
808.0000 36.7664
809.0000 36.7519
810.0000 36.7353
811.0000 36.7169
812.0000 36.6974
813.0000 36.6775
814.0000 36.5766
815.0000 36.4833
816.0000 36.3976
817.0000 36.3197
818.0000 36.2496
819.0000 36.1872
820.0000 36.1322
821.0000 36.0844
822.0000 36.0435
823.0000 36.0094
824.0000 35.9816
825.0000 35.9598
826.0000 35.9433
827.0000 35.9321
828.0000 35.9255
829.0000 35.9231
830.0000 35.9243
831.0000 35.8479
832.0000 35.7814
833.0000 35.7241
834.0000 35.6752
835.0000 35.6339
836.0000 35.5997
837.0000 35.5716
838.0000 35.5492
839.0000 35.5316
840.0000 35.5186
841.0000 35.5905
842.0000 35.6585
843.0000 35.7221
844.0000 35.7811
845.0000 35.8358
846.0000 35.8857
847.0000 35.9310
848.0000 35.9719
849.0000 36.0084
850.0000 36.0403
851.0000 36.0676
852.0000 36.0905
853.0000 36.1093
854.0000 36.1240
855.0000 36.1346
856.0000 36.1413
857.0000 36.1444
858.0000 36.1442
859.0000 36.1415
860.0000 36.1366
861.0000 36.1298
862.0000 36.1215
863.0000 36.1121
864.0000 36.1828
865.0000 36.2456
866.0000 36.3009
867.0000 36.3494
868.0000 36.3916
869.0000 36.4278
870.0000 36.4585
871.0000 36.4846
872.0000 36.5066
873.0000 36.5250
874.0000 36.5400
875.0000 36.5517
876.0000 36.4788
877.0000 36.4104
878.0000 36.3464
879.0000 36.2866
880.0000 36.1498
881.0000 36.0246
882.0000 35.9106
883.0000 35.8072
884.0000 35.6193
885.0000 35.4499
886.0000 35.3928
887.0000 35.3439
888.0000 35.3031
889.0000 35.2699
890.0000 35.1495
891.0000 35.1393
892.0000 35.0404
893.0000 34.9556
894.0000 34.9785
895.0000 34.9100
896.0000 34.8530
897.0000 34.8062
898.0000 34.7688
899.0000 34.7395
900.0000 34.7170
901.0000 34.7004
902.0000 34.6891
903.0000 34.7767
904.0000 34.8596
905.0000 34.9372
906.0000 35.0090
907.0000 35.0751
908.0000 35.1354
909.0000 35.1895
910.0000 35.2449
911.0000 35.3080
912.0000 35.3779
913.0000 35.4534
914.0000 35.5336
915.0000 35.6175
916.0000 35.7045
917.0000 35.7938
918.0000 35.8846
919.0000 35.9765
920.0000 36.0693
921.0000 36.1623
922.0000 36.2552
923.0000 36.3476
924.0000 36.3444
925.0000 36.4433
926.0000 36.5407
927.0000 36.6363
928.0000 36.7299
929.0000 36.8213
930.0000 36.9102
931.0000 36.9967
932.0000 37.1619
933.0000 37.3172
934.0000 37.5437
935.0000 37.7533
936.0000 37.9465
937.0000 38.1241
938.0000 38.2860
939.0000 38.4331
940.0000 38.5654
941.0000 38.6835
942.0000 38.7880
943.0000 38.8795
944.0000 38.9581
945.0000 39.0245
946.0000 39.0790
947.0000 39.1224
948.0000 39.1557
949.0000 39.1800
950.0000 39.1958
951.0000 39.2041
952.0000 39.2055
953.0000 39.2008
954.0000 39.1907
955.0000 39.1759
956.0000 39.1575
957.0000 39.1358
958.0000 39.1119
959.0000 39.0863
960.0000 39.0595
961.0000 39.0318
962.0000 39.0037
963.0000 38.9755
964.0000 38.9475
965.0000 38.8389
966.0000 38.7384
967.0000 38.6458
968.0000 38.5608
969.0000 38.4834
970.0000 38.4135
971.0000 38.3507
972.0000 38.2949
973.0000 38.2462
974.0000 38.2040
975.0000 38.1682
976.0000 38.1383
977.0000 38.1140
978.0000 38.0946
979.0000 38.0799
980.0000 38.1504
981.0000 38.2173
982.0000 38.2808
983.0000 38.3405
984.0000 38.3962
985.0000 38.4482
986.0000 38.4961
987.0000 38.5400
988.0000 38.5799
989.0000 38.6969
990.0000 38.8025
991.0000 38.8973
992.0000 38.9817
993.0000 39.0558
994.0000 39.1204
995.0000 39.1759
996.0000 39.2228
997.0000 39.2618
998.0000 39.2934
999.0000 39.3181
1000.0000 39.3368
1001.0000 39.2687
1002.0000 39.2030
1003.0000 39.1399
1004.0000 39.0803
1005.0000 39.0242
1006.0000 38.9719
1007.0000 38.9234
1008.0000 38.8790
1009.0000 38.7578
1010.0000 38.7297
1011.0000 38.7061
1012.0000 38.6869
1013.0000 38.6720
1014.0000 38.6615
1015.0000 38.6549
1016.0000 38.6523
1017.0000 38.6531
1018.0000 38.7381
1019.0000 38.8188
1020.0000 38.8951
1021.0000 38.9672
1022.0000 39.0348
1023.0000 39.0982
1024.0000 39.1572
1025.0000 39.2114
1026.0000 39.2608
1027.0000 39.2241
1028.0000 39.1900
1029.0000 39.1584
1030.0000 39.1289
1031.0000 39.1016
1032.0000 39.0763
1033.0000 39.0524
1034.0000 39.0305
1035.0000 39.0107
1036.0000 38.9931
1037.0000 38.9776
1038.0000 38.9644
1039.0000 38.9532
1040.0000 38.9442
1041.0000 38.9375
1042.0000 38.9330
1043.0000 38.9306
1044.0000 38.9302
1045.0000 38.9315
1046.0000 38.9342
1047.0000 38.9384
1048.0000 38.9439
1049.0000 38.9505
1050.0000 38.9581
1051.0000 38.9666
1052.0000 38.9757
1053.0000 38.9044
1054.0000 38.8410
1055.0000 38.7848
1056.0000 38.7352
1057.0000 38.6924
1058.0000 38.7368
1059.0000 38.6985
1060.0000 38.6661
1061.0000 38.7200
1062.0000 38.7714
1063.0000 38.8205
1064.0000 38.8671
1065.0000 38.9114
1066.0000 38.9531
1067.0000 38.9923
1068.0000 39.0285
1069.0000 39.0619
1070.0000 39.0114
1071.0000 38.9655
1072.0000 38.9235
1073.0000 38.8854
1074.0000 38.8509
1075.0000 38.7385
1076.0000 38.6366
1077.0000 38.5442
1078.0000 38.4603
1079.0000 38.3850
1080.0000 38.3179
1081.0000 38.2590
1082.0000 38.2080
1083.0000 38.1645
1084.0000 38.1282
1085.0000 38.0987
1086.0000 38.0753
1087.0000 38.0575
1088.0000 38.1263
1089.0000 38.1926
1090.0000 38.2560
1091.0000 38.3165
1092.0000 38.3733
1093.0000 38.4267
1094.0000 38.4761
1095.0000 38.5213
1096.0000 38.5627
1097.0000 38.5193
1098.0000 38.4793
1099.0000 38.4423
1100.0000 38.4890
1101.0000 38.5308
1102.0000 38.6489
1103.0000 38.7545
1104.0000 38.8484
1105.0000 38.8500
1106.0000 38.8486
1107.0000 38.8442
1108.0000 38.8373
1109.0000 38.8281
1110.0000 38.8168
1111.0000 38.8037
1112.0000 38.7892
1113.0000 38.7738
1114.0000 38.6766
1115.0000 38.6672
1116.0000 38.6572
1117.0000 38.5657
1118.0000 38.4812
1119.0000 38.4038
1120.0000 38.3332
1121.0000 38.2693
1122.0000 38.2118
1123.0000 38.1608
1124.0000 38.1160
1125.0000 37.9822
1126.0000 37.8622
1127.0000 37.7557
1128.0000 37.6617
1129.0000 37.5794
1130.0000 37.5082
1131.0000 37.4476
1132.0000 37.3965
1133.0000 37.3542
1134.0000 37.3198
1135.0000 37.2926
1136.0000 37.2718
1137.0000 37.2571
1138.0000 37.2478
1139.0000 37.2431
1140.0000 37.2421
1141.0000 37.1634
1142.0000 37.1756
1143.0000 37.1895
1144.0000 37.1235
1145.0000 37.1463
1146.0000 37.1688
1147.0000 37.1903
1148.0000 37.3053
1149.0000 37.4103
1150.0000 37.5057
1151.0000 37.5916
1152.0000 37.7495
1153.0000 37.8915
1154.0000 38.0182
1155.0000 38.2110
1156.0000 38.3012
1157.0000 38.3783
1158.0000 38.4426
1159.0000 38.5762
1160.0000 38.6105
1161.0000 38.6348
1162.0000 38.6497
1163.0000 38.6559
1164.0000 38.6544
1165.0000 38.7271
1166.0000 38.7864
1167.0000 38.8336
1168.0000 38.8700
1169.0000 38.8968
1170.0000 38.9155
1171.0000 39.0081
1172.0000 39.0057
1173.0000 38.9981
1174.0000 39.0674
1175.0000 39.1260
1176.0000 39.1754
1177.0000 39.2164
1178.0000 39.2499
1179.0000 39.2766
1180.0000 39.2973
1181.0000 39.3125
1182.0000 39.3228
1183.0000 39.3292
1184.0000 39.2511
1185.0000 39.1774
1186.0000 39.1080
1187.0000 39.0430
1188.0000 38.9827
1189.0000 38.8460
1190.0000 38.7213
1191.0000 38.6082
1192.0000 38.4256
1193.0000 38.2613
1194.0000 38.1146
1195.0000 37.9846
1196.0000 37.8708
1197.0000 37.7723
1198.0000 37.6885
1199.0000 37.6189
1200.0000 37.5625
1201.0000 37.5181
1202.0000 37.5663
1203.0000 37.6175
1204.0000 37.6714
1205.0000 37.7270
1206.0000 37.7836
1207.0000 37.8406
1208.0000 37.8972
1209.0000 37.9531
1210.0000 39.3602
1211.0000 40.6448
1212.0000 41.8122
1213.0000 42.8675
1214.0000 43.8162
1215.0000 44.6632
1216.0000 45.4136
1217.0000 46.0726
1218.0000 46.6455
1219.0000 47.1375
1220.0000 47.5538
1221.0000 47.8995
1222.0000 48.0984
1223.0000 48.2437
1224.0000 48.3401
1225.0000 48.3929
1226.0000 48.4078
1227.0000 48.3904
1228.0000 48.3462
1229.0000 48.2808
1230.0000 48.1049
1231.0000 47.9264
1232.0000 47.7493
1233.0000 47.5777
1234.0000 47.3337
1235.0000 47.1084
1236.0000 46.9039
1237.0000 46.6407
1238.0000 46.3269
1239.0000 46.0512
1240.0000 45.7187
1241.0000 45.3506
1242.0000 45.0339
1243.0000 44.6855
1244.0000 44.3912
1245.0000 44.0670
1246.0000 43.7981
1247.0000 43.5813
1248.0000 43.3183
1249.0000 43.0276
1250.0000 42.7935
1251.0000 42.5307
1252.0000 42.3229
1253.0000 42.0846
1254.0000 41.8994
1255.0000 41.6680
1256.0000 41.4887
1257.0000 41.3570
1258.0000 41.2679
1259.0000 41.1355
1260.0000 41.0435
1261.0000 40.9873
1262.0000 40.9627
1263.0000 40.8843
1264.0000 40.8366
1265.0000 40.8159
1266.0000 40.8184
1267.0000 40.8403
1268.0000 40.8785
1269.0000 40.9300
1270.0000 40.9922
1271.0000 40.9813
1272.0000 40.9835
1273.0000 40.9962
1274.0000 41.0174
1275.0000 41.0451
1276.0000 41.0776
1277.0000 41.0187
1278.0000 40.9702
1279.0000 41.0254
1280.0000 40.9849
1281.0000 41.0458
1282.0000 41.1038
1283.0000 41.1585
1284.0000 41.2095
1285.0000 41.3378
1286.0000 41.4548
1287.0000 41.5607
1288.0000 41.6558
1289.0000 41.7405
1290.0000 41.8149
1291.0000 41.8792
1292.0000 41.9340
1293.0000 41.9795
1294.0000 42.0165
1295.0000 42.0455
1296.0000 42.0667
1297.0000 42.0808
1298.0000 42.0880
1299.0000 42.0892
1300.0000 42.0848
1301.0000 42.0754
1302.0000 42.1431
1303.0000 42.2002
1304.0000 42.2473
1305.0000 42.2859
1306.0000 42.3169
1307.0000 42.3414
1308.0000 42.3600
1309.0000 42.3737
1310.0000 42.3830
1311.0000 42.3886
1312.0000 42.3098
1313.0000 42.2355
1314.0000 42.2472
1315.0000 42.2562
1316.0000 42.2630
1317.0000 42.2681
1318.0000 42.2717
1319.0000 42.2741
1320.0000 42.2756
1321.0000 42.2765
1322.0000 42.2771
1323.0000 42.2775
1324.0000 42.2780
1325.0000 42.2786
1326.0000 42.2795
1327.0000 42.2806
1328.0000 42.2821
1329.0000 42.2839
1330.0000 42.2861
1331.0000 42.2887
1332.0000 42.2916
1333.0000 42.2948
1334.0000 42.2984
1335.0000 42.3023
1336.0000 42.3065
1337.0000 42.3111
1338.0000 42.3159
1339.0000 42.4020
1340.0000 42.4000
1341.0000 42.4796
1342.0000 42.4713
1343.0000 42.4638
1344.0000 42.4570
1345.0000 42.4507
1346.0000 42.4452
1347.0000 42.4405
1348.0000 42.3552
1349.0000 42.2778
1350.0000 42.2078
1351.0000 42.1450
1352.0000 42.0889
1353.0000 42.0390
1354.0000 41.9954
1355.0000 41.9578
1356.0000 41.9260
1357.0000 41.8999
1358.0000 41.8792
1359.0000 41.8636
1360.0000 41.8530
1361.0000 41.8471
1362.0000 41.8453
1363.0000 41.8474
1364.0000 41.8529
1365.0000 41.8614
1366.0000 41.8723
1367.0000 41.8853
1368.0000 41.8997
1369.0000 41.9148
1370.0000 41.9303
1371.0000 41.9460
1372.0000 41.9616
1373.0000 41.9768
1374.0000 41.9916
1375.0000 42.0056
1376.0000 42.0188
1377.0000 42.0309
1378.0000 42.0420
1379.0000 42.0520
1380.0000 42.0609
1381.0000 42.0687
1382.0000 42.1566
1383.0000 42.2361
1384.0000 42.3072
1385.0000 42.3705
1386.0000 42.4263
1387.0000 42.3939
1388.0000 42.3621
1389.0000 42.3311
1390.0000 42.3008
1391.0000 42.2713
1392.0000 42.2429
1393.0000 42.2155
1394.0000 42.1891
1395.0000 42.1639
1396.0000 42.1398
1397.0000 42.1170
1398.0000 42.0957
1399.0000 42.0759
1400.0000 42.0576
1401.0000 41.9599
1402.0000 41.8712
1403.0000 41.7912
1404.0000 41.7194
1405.0000 41.6555
1406.0000 41.5991
1407.0000 41.6310
1408.0000 41.5809
1409.0000 41.6186
1410.0000 41.6551
1411.0000 41.6905
1412.0000 41.8057
1413.0000 41.9122
1414.0000 41.9291
1415.0000 41.9452
1416.0000 41.9603
1417.0000 41.9742
1418.0000 41.9869
1419.0000 41.9981
1420.0000 42.0077
1421.0000 42.0156
1422.0000 42.0218
1423.0000 42.0263
1424.0000 42.0289
1425.0000 42.0299
1426.0000 42.0294
1427.0000 42.0273
1428.0000 42.0239
1429.0000 42.1008
1430.0000 42.1696
1431.0000 42.2307
1432.0000 42.2848
1433.0000 42.3323
1434.0000 42.3737
1435.0000 42.4096
1436.0000 42.4406
1437.0000 42.4671
1438.0000 42.4895
1439.0000 42.5081
1440.0000 42.6043
1441.0000 42.6902
1442.0000 42.6852
1443.0000 42.7594
1444.0000 42.7436
1445.0000 42.7268
1446.0000 42.7906
1447.0000 42.8468
1448.0000 42.8960
1449.0000 42.9387
1450.0000 42.9757
1451.0000 42.9260
1452.0000 42.9596
1453.0000 42.9881
1454.0000 43.0121
1455.0000 43.0322
1456.0000 43.0489
1457.0000 43.0627
1458.0000 43.0739
1459.0000 43.0830
1460.0000 43.0902
1461.0000 43.1905
1462.0000 43.2813
1463.0000 43.2683
1464.0000 43.2555
1465.0000 43.2431
1466.0000 43.2313
1467.0000 43.1391
1468.0000 43.0550
1469.0000 42.9789
1470.0000 42.9106
1471.0000 42.8495
1472.0000 42.7955
1473.0000 42.6671
1474.0000 42.5526
1475.0000 42.4512
1476.0000 42.4437
1477.0000 42.4409
1478.0000 42.4425
1479.0000 42.4484
1480.0000 42.4582
1481.0000 42.4716
1482.0000 42.4881
1483.0000 42.5074
1484.0000 42.5292
1485.0000 42.4717
1486.0000 42.4230
1487.0000 42.3824
1488.0000 42.2678
1489.0000 42.1671
1490.0000 42.0792
1491.0000 42.0034
1492.0000 41.9386
1493.0000 41.8837
1494.0000 41.8382
1495.0000 41.8823
1496.0000 41.8456
1497.0000 41.8163
1498.0000 41.7937
1499.0000 41.7771
1500.0000 41.7660
1501.0000 41.7599
1502.0000 41.7579
1503.0000 41.7597
1504.0000 41.7644
1505.0000 41.7716
1506.0000 41.7807
1507.0000 41.8723
1508.0000 41.9570
1509.0000 42.0354
1510.0000 42.1037
1511.0000 42.1588
1512.0000 42.2013
1513.0000 42.2318
1514.0000 42.2510
1515.0000 42.3408
1516.0000 42.4135
1517.0000 42.4700
1518.0000 42.5114
1519.0000 42.5387
1520.0000 42.4718
1521.0000 42.4002
1522.0000 42.3246
1523.0000 42.2458
1524.0000 42.1644
1525.0000 42.0814
1526.0000 41.9977
1527.0000 41.9138
1528.0000 41.8306
1529.0000 41.7486
1530.0000 41.5875
1531.0000 41.5174
1532.0000 41.4500
1533.0000 41.3855
1534.0000 41.3247
1535.0000 41.2674
1536.0000 41.2141
1537.0000 41.1648
1538.0000 41.1198
1539.0000 41.0790
1540.0000 40.9614
1541.0000 40.9366
1542.0000 40.8347
1543.0000 40.7441
1544.0000 40.6644
1545.0000 40.5950
1546.0000 40.5353
1547.0000 40.4849
1548.0000 40.4431
1549.0000 40.4091
1550.0000 40.3821
1551.0000 40.3617
1552.0000 40.3472
1553.0000 40.3381
1554.0000 40.3339
1555.0000 40.3341
1556.0000 40.3380
1557.0000 40.3450
1558.0000 40.3547
1559.0000 40.3667
1560.0000 40.3804
1561.0000 40.3955
1562.0000 40.4118
1563.0000 40.4287
1564.0000 40.4458
1565.0000 40.4630
1566.0000 40.4800
1567.0000 40.4965
1568.0000 40.5124
1569.0000 40.5276
1570.0000 40.5418
1571.0000 40.5552
1572.0000 40.6491
1573.0000 40.7347
1574.0000 40.8124
1575.0000 40.8823
1576.0000 40.9449
1577.0000 41.0003
1578.0000 41.0490
1579.0000 41.0914
1580.0000 41.1278
1581.0000 41.1588
1582.0000 41.1848
1583.0000 41.2063
1584.0000 41.2237
1585.0000 41.2374
1586.0000 41.3290
1587.0000 41.4107
1588.0000 41.4832
1589.0000 41.5473
1590.0000 41.6039
1591.0000 41.6534
1592.0000 41.6965
1593.0000 41.7340
1594.0000 41.7661
1595.0000 41.7935
1596.0000 41.8169
1597.0000 41.8364
1598.0000 41.8527
1599.0000 41.8662
1600.0000 41.7960
1601.0000 41.7309
1602.0000 41.6710
1603.0000 41.6163
1604.0000 41.5668
1605.0000 41.5225
1606.0000 41.4834
1607.0000 41.4496
1608.0000 41.4207
1609.0000 41.3968
1610.0000 41.3773
1611.0000 41.3622
1612.0000 41.4325
1613.0000 41.4996
1614.0000 41.5637
1615.0000 41.6247
1616.0000 41.6824
1617.0000 41.7368
1618.0000 41.7879
1619.0000 41.8357
1620.0000 41.8800
1621.0000 41.9204
1622.0000 41.9571
1623.0000 41.9900
1624.0000 42.0191
1625.0000 42.0444
1626.0000 42.0659
1627.0000 42.0027
1628.0000 41.9433
1629.0000 41.8874
1630.0000 41.8349
1631.0000 41.7047
1632.0000 41.5849
1633.0000 41.4752
1634.0000 41.3750
1635.0000 41.2843
1636.0000 41.2026
1637.0000 41.1296
1638.0000 41.0648
1639.0000 41.0076
1640.0000 40.9578
1641.0000 40.9150
1642.0000 40.8789
1643.0000 40.8490
1644.0000 40.8248
1645.0000 40.8059
1646.0000 40.7919
1647.0000 40.7820
1648.0000 40.8571
1649.0000 40.9280
1650.0000 41.0757
1651.0000 41.2117
1652.0000 41.3362
1653.0000 41.5305
1654.0000 41.7066
1655.0000 41.8651
1656.0000 42.0066
1657.0000 42.1316
1658.0000 42.1598
1659.0000 42.1801
1660.0000 42.1927
1661.0000 42.1985
1662.0000 42.1979
1663.0000 42.1915
1664.0000 42.1798
1665.0000 42.1633
1666.0000 42.1428
1667.0000 42.1190
1668.0000 42.0926
1669.0000 42.0644
1670.0000 42.0349
1671.0000 42.0048
1672.0000 41.9750
1673.0000 41.9459
1674.0000 41.8368
1675.0000 41.7364
1676.0000 41.6447
1677.0000 41.5617
1678.0000 41.4872
1679.0000 41.4211
1680.0000 41.3630
1681.0000 41.3129
1682.0000 41.2701
1683.0000 41.2345
1684.0000 41.1246
1685.0000 41.0284
1686.0000 40.9453
1687.0000 40.8742
1688.0000 40.8145
1689.0000 40.7656
1690.0000 40.7266
1691.0000 40.6964
1692.0000 40.6744
1693.0000 40.6595
1694.0000 40.6509
1695.0000 40.6480
1696.0000 40.6499
1697.0000 40.6560
1698.0000 40.6660
1699.0000 40.6789
1700.0000 40.6945
1701.0000 40.7118
1702.0000 40.6356
1703.0000 40.6633
1704.0000 40.6909
1705.0000 40.7180
1706.0000 40.7441
1707.0000 40.7690
1708.0000 40.7922
1709.0000 40.8136
1710.0000 40.8330
1711.0000 40.7553
1712.0000 40.6837
1713.0000 40.7124
1714.0000 40.7380
1715.0000 40.7605
1716.0000 40.7801
1717.0000 40.7967
1718.0000 40.8105
1719.0000 40.9029
1720.0000 40.9855
1721.0000 41.0590
1722.0000 41.1238
1723.0000 41.0992
1724.0000 41.0738
1725.0000 41.0478
1726.0000 40.9265
1727.0000 40.8131
1728.0000 40.7074
1729.0000 40.5280
1730.0000 40.3629
1731.0000 40.2116
1732.0000 40.0737
1733.0000 39.9484
1734.0000 39.8353
1735.0000 39.7339
1736.0000 39.6437
1737.0000 39.6454
1738.0000 39.6502
1739.0000 39.6578
1740.0000 39.7627
1741.0000 39.8613
1742.0000 40.0352
1743.0000 40.1959
1744.0000 40.3436
1745.0000 40.4785
1746.0000 40.6008
1747.0000 40.7107
1748.0000 40.8085
1749.0000 40.8943
1750.0000 40.9683
1751.0000 41.1122
1752.0000 41.2379
1753.0000 41.3462
1754.0000 41.4378
1755.0000 41.5140
1756.0000 41.5756
1757.0000 41.6238
1758.0000 41.7407
1759.0000 41.8393
1760.0000 41.9210
1761.0000 41.9872
1762.0000 42.0399
1763.0000 42.0805
1764.0000 42.1104
1765.0000 42.1306
1766.0000 42.1421
1767.0000 42.2408
1768.0000 42.3248
1769.0000 42.3956
1770.0000 42.4545
1771.0000 42.5028
1772.0000 42.5418
1773.0000 42.5726
1774.0000 42.5018
1775.0000 42.4336
1776.0000 42.3687
1777.0000 42.3075
1778.0000 42.2504
1779.0000 42.1978
1780.0000 42.1498
1781.0000 42.1068
1782.0000 42.0688
1783.0000 42.0357
1784.0000 42.0077
1785.0000 41.9849
1786.0000 41.9672
1787.0000 41.9547
1788.0000 41.9471
1789.0000 41.9442
1790.0000 41.9459
1791.0000 41.9519
1792.0000 41.9616
1793.0000 42.0695
1794.0000 42.1721
1795.0000 42.2693
1796.0000 42.3611
1797.0000 42.3529
1798.0000 42.3478
1799.0000 42.3452
1800.0000 42.2639
1801.0000 42.1919
1802.0000 42.1283
1803.0000 42.0727
1804.0000 42.0244
1805.0000 41.9829
1806.0000 41.9477
1807.0000 41.9182
1808.0000 41.8943
1809.0000 41.8753
1810.0000 41.8612
