1.0000 36.0000
2.0000 36.0000
3.0000 36.0000
4.0000 36.0000
5.0000 36.0000
6.0000 36.0000
7.0000 36.0000
8.0000 36.0000
9.0000 36.0000
10.0000 38.4118
11.0000 40.6464
12.0000 42.7107
13.0000 44.5536
14.0000 46.2440
15.0000 47.7885
16.0000 49.1937
17.0000 50.4662
18.0000 51.6124
19.0000 52.6386
20.0000 53.5509
21.0000 54.3555
22.0000 55.0583
23.0000 55.6652
24.0000 56.1823
25.0000 56.5490
26.0000 56.8454
27.0000 57.0785
28.0000 57.1978
29.0000 57.2729
30.0000 57.2531
31.0000 57.2073
32.0000 57.0839
33.0000 56.8834
34.0000 56.6838
35.0000 56.4317
36.0000 56.1357
37.0000 55.8036
38.0000 55.4330
39.0000 55.0406
40.0000 54.5745
41.0000 54.0922
42.0000 53.6080
43.0000 53.1258
44.0000 52.6485
45.0000 52.1693
46.0000 51.7004
47.0000 51.2437
48.0000 50.8004
49.0000 50.3617
50.0000 49.9387
51.0000 49.5312
52.0000 49.1968
53.0000 48.8731
54.0000 48.5499
55.0000 48.2371
56.0000 47.9339
57.0000 47.6397
58.0000 47.3438
59.0000 47.0552
60.0000 46.8305
61.0000 46.6643
62.0000 46.5512
63.0000 46.4281
64.0000 46.3521
65.0000 46.2602
66.0000 46.2101
67.0000 46.1296
68.0000 46.0868
69.0000 46.0773
70.0000 46.0392
71.0000 46.0307
72.0000 46.0481
73.0000 46.0298
74.0000 46.0347
75.0000 46.0595
76.0000 46.1012
77.0000 46.0994
78.0000 46.1136
79.0000 46.1414
80.0000 46.1804
81.0000 46.2286
82.0000 46.2843
83.0000 46.3457
84.0000 46.3439
85.0000 46.3498
86.0000 46.3624
87.0000 46.3805
88.0000 46.4704
89.0000 46.4909
90.0000 46.5142
91.0000 46.5394
92.0000 46.5662
93.0000 46.5938
94.0000 46.6218
95.0000 46.6498
96.0000 46.6772
97.0000 46.6461
98.0000 46.6185
99.0000 46.5940
100.0000 46.5725
101.0000 46.4957
102.0000 46.4257
103.0000 46.3621
104.0000 46.3624
105.0000 46.3062
106.0000 46.3135
107.0000 46.3217
108.0000 46.3309
109.0000 46.3409
110.0000 46.3518
111.0000 46.3633
112.0000 46.3755
113.0000 46.3883
114.0000 46.4016
115.0000 46.4149
116.0000 46.4282
117.0000 46.4418
118.0000 46.4554
119.0000 46.4689
120.0000 46.5400
121.0000 46.5485
122.0000 46.6147
123.0000 46.6764
124.0000 46.7337
125.0000 46.7865
126.0000 46.8351
127.0000 46.8796
128.0000 46.9202
129.0000 46.9571
130.0000 46.9905
131.0000 47.0207
132.0000 47.0474
133.0000 47.0712
134.0000 47.0921
135.0000 47.1104
136.0000 47.1264
137.0000 47.1401
138.0000 47.1520
139.0000 47.1619
140.0000 47.1702
141.0000 47.1774
142.0000 47.1833
143.0000 47.1883
144.0000 47.1925
145.0000 47.1381
146.0000 47.1454
147.0000 47.1524
148.0000 47.1590
149.0000 47.1655
150.0000 47.1719
151.0000 47.1784
152.0000 47.2523
153.0000 47.3213
154.0000 47.3183
155.0000 47.3158
156.0000 47.3138
157.0000 47.3125
158.0000 47.3795
159.0000 47.4421
160.0000 47.5005
161.0000 47.4870
162.0000 47.4744
163.0000 47.5302
164.0000 47.5820
165.0000 47.6299
166.0000 47.6740
167.0000 47.7726
168.0000 47.8634
169.0000 47.9469
170.0000 48.0236
171.0000 48.0937
172.0000 48.1576
173.0000 48.2156
174.0000 48.2680
175.0000 48.3150
176.0000 48.2991
177.0000 48.2827
178.0000 48.1983
179.0000 48.1188
180.0000 48.0442
181.0000 47.9168
182.0000 47.7989
183.0000 47.6903
184.0000 47.5905
185.0000 47.4996
186.0000 47.4171
187.0000 47.3432
188.0000 47.2777
189.0000 47.2205
190.0000 47.1712
191.0000 47.1295
192.0000 47.0373
193.0000 47.0142
194.0000 46.9975
195.0000 46.9868
196.0000 46.9818
197.0000 46.9820
198.0000 46.9868
199.0000 46.9958
200.0000 47.0082
201.0000 47.0237
202.0000 47.0420
203.0000 47.0627
204.0000 47.0852
205.0000 47.1091
206.0000 47.0761
207.0000 47.0480
208.0000 47.0243
209.0000 47.0046
210.0000 46.9306
211.0000 46.8644
212.0000 46.8054
213.0000 46.7530
214.0000 46.7067
215.0000 46.6662
216.0000 46.6312
217.0000 46.6012
218.0000 46.5756
219.0000 46.5540
220.0000 46.5363
221.0000 46.5222
222.0000 46.5115
223.0000 46.5040
224.0000 46.4317
225.0000 46.3669
226.0000 46.3089
227.0000 46.1991
228.0000 46.0993
229.0000 46.0090
230.0000 45.9276
231.0000 45.8543
232.0000 45.7887
233.0000 45.7882
234.0000 45.7900
235.0000 45.7939
236.0000 45.7994
237.0000 45.8064
238.0000 45.8145
239.0000 45.8236
240.0000 45.8332
241.0000 45.8431
242.0000 45.8532
243.0000 45.8632
244.0000 45.8726
245.0000 45.8811
246.0000 45.8886
247.0000 45.9624
248.0000 46.0299
249.0000 46.0910
250.0000 46.1461
251.0000 46.1953
252.0000 46.2388
253.0000 46.3346
254.0000 46.4207
255.0000 46.4977
256.0000 46.5661
257.0000 46.6262
258.0000 46.7363
259.0000 46.8347
260.0000 46.9220
261.0000 46.9987
262.0000 47.0654
263.0000 47.1224
264.0000 47.1126
265.0000 47.1568
266.0000 47.1935
267.0000 47.2232
268.0000 47.2465
269.0000 47.2640
270.0000 47.2762
271.0000 47.2835
272.0000 47.2285
273.0000 47.1741
274.0000 47.1209
275.0000 47.0693
276.0000 47.0194
277.0000 46.9714
278.0000 46.9256
279.0000 46.8823
280.0000 46.8417
281.0000 46.8037
282.0000 46.7685
283.0000 46.7364
284.0000 46.7074
285.0000 46.6813
286.0000 46.6584
287.0000 46.6389
288.0000 46.6225
289.0000 46.6091
290.0000 46.5984
291.0000 46.5903
292.0000 46.5846
293.0000 46.5811
294.0000 46.5797
295.0000 46.5804
296.0000 46.5829
297.0000 46.5870
298.0000 46.5924
299.0000 46.5989
300.0000 46.6062
301.0000 46.6142
302.0000 46.6227
303.0000 46.6315
304.0000 46.6404
305.0000 46.6495
306.0000 46.6585
307.0000 46.6678
308.0000 46.6191
309.0000 46.5748
310.0000 46.5278
311.0000 46.4704
312.0000 46.4033
313.0000 46.3273
314.0000 46.2432
315.0000 46.1519
316.0000 46.0542
317.0000 45.9509
318.0000 45.8426
319.0000 45.7300
320.0000 45.6138
321.0000 45.4945
322.0000 45.3728
323.0000 45.2492
324.0000 45.0570
325.0000 44.8690
326.0000 44.6855
327.0000 44.5066
328.0000 44.4002
329.0000 44.2263
330.0000 44.0578
331.0000 43.8947
332.0000 43.7371
333.0000 43.5849
334.0000 43.4383
335.0000 43.2972
336.0000 43.1617
337.0000 43.0320
338.0000 42.9082
339.0000 42.7902
340.0000 42.6781
341.0000 42.5719
342.0000 42.4715
343.0000 42.3766
344.0000 42.2875
345.0000 42.2043
346.0000 42.1268
347.0000 42.0549
348.0000 42.0557
349.0000 42.0565
350.0000 42.0574
351.0000 42.0583
352.0000 42.0595
353.0000 42.0609
354.0000 42.0624
355.0000 42.0641
356.0000 42.0656
357.0000 42.0673
358.0000 42.0690
359.0000 42.0033
360.0000 41.9424
361.0000 41.8863
362.0000 41.8348
363.0000 41.8553
364.0000 41.8752
365.0000 41.8946
366.0000 41.8457
367.0000 41.8012
368.0000 41.7609
369.0000 41.7246
370.0000 41.6923
371.0000 41.6640
372.0000 41.6393
373.0000 41.6182
374.0000 41.6007
375.0000 41.5861
376.0000 41.5745
377.0000 41.5655
378.0000 41.5590
379.0000 41.5550
380.0000 41.6207
381.0000 41.6836
382.0000 41.7434
383.0000 41.8001
384.0000 41.9116
385.0000 42.0158
386.0000 42.1128
387.0000 42.2028
388.0000 42.2857
389.0000 42.3617
390.0000 42.4311
391.0000 42.4939
392.0000 42.5503
393.0000 42.6006
394.0000 42.6450
395.0000 42.6836
396.0000 42.7170
397.0000 42.7450
398.0000 42.8259
399.0000 42.8981
400.0000 42.9617
401.0000 43.0177
402.0000 43.0663
403.0000 43.1658
404.0000 43.2545
405.0000 43.3334
406.0000 43.4705
407.0000 43.5942
408.0000 43.7052
409.0000 43.8044
410.0000 43.9505
411.0000 44.0818
412.0000 44.1992
413.0000 44.3036
414.0000 44.3958
415.0000 44.5345
416.0000 44.6584
417.0000 44.7682
418.0000 44.8650
419.0000 44.9497
420.0000 45.0231
421.0000 45.0863
422.0000 45.1401
423.0000 45.1854
424.0000 45.2231
425.0000 45.2541
426.0000 45.2792
427.0000 45.2991
428.0000 45.3145
429.0000 45.3260
430.0000 45.3342
431.0000 45.3399
432.0000 45.2857
433.0000 45.2346
434.0000 45.1866
435.0000 45.0844
436.0000 44.9901
437.0000 44.9039
438.0000 44.7580
439.0000 44.6249
440.0000 44.5040
441.0000 44.3954
442.0000 44.2985
443.0000 44.1550
444.0000 44.0267
445.0000 43.9135
446.0000 43.7568
447.0000 43.6179
448.0000 43.4962
449.0000 43.3329
450.0000 43.1892
451.0000 43.0640
452.0000 42.9563
453.0000 42.8651
454.0000 42.7893
455.0000 42.7278
456.0000 42.7372
457.0000 42.7540
458.0000 42.7773
459.0000 42.8061
460.0000 42.8393
461.0000 42.9342
462.0000 42.9702
463.0000 43.0665
464.0000 43.1025
465.0000 43.1397
466.0000 43.1775
467.0000 43.2151
468.0000 43.2523
469.0000 43.2884
470.0000 43.3228
471.0000 43.2974
472.0000 43.2741
473.0000 43.2527
474.0000 43.1651
475.0000 43.0835
476.0000 43.0750
477.0000 43.0666
478.0000 43.0586
479.0000 43.1088
480.0000 43.1550
481.0000 43.1972
482.0000 43.2356
483.0000 43.2702
484.0000 43.3591
485.0000 43.4403
486.0000 43.5143
487.0000 43.6394
488.0000 43.7535
489.0000 43.8570
490.0000 43.9502
491.0000 44.0335
492.0000 44.0494
493.0000 44.0606
494.0000 44.0673
495.0000 44.0702
496.0000 44.0693
497.0000 44.0648
498.0000 44.0573
499.0000 44.0470
500.0000 44.0345
501.0000 44.0200
502.0000 44.0039
503.0000 43.9867
504.0000 44.0265
505.0000 44.0037
506.0000 43.9809
507.0000 43.9585
508.0000 43.9947
509.0000 44.0275
510.0000 43.9992
511.0000 43.9724
512.0000 43.9472
513.0000 43.9235
514.0000 43.9015
515.0000 43.8814
516.0000 43.8055
517.0000 43.7359
518.0000 43.6725
519.0000 43.6150
520.0000 43.5633
521.0000 43.5171
522.0000 43.4763
523.0000 43.4407
524.0000 43.4101
525.0000 43.3843
526.0000 43.3630
527.0000 43.3458
528.0000 43.2747
529.0000 43.2115
530.0000 43.1556
531.0000 43.1066
532.0000 43.0643
533.0000 43.0859
534.0000 43.1088
535.0000 43.1326
536.0000 43.1571
537.0000 43.1820
538.0000 43.2072
539.0000 43.2325
540.0000 43.2575
541.0000 43.3400
542.0000 43.3597
543.0000 43.3789
544.0000 43.3971
545.0000 43.4145
546.0000 43.4308
547.0000 43.4460
548.0000 43.4599
549.0000 43.4725
550.0000 43.4835
551.0000 43.5512
552.0000 43.6134
553.0000 43.6700
554.0000 43.7215
555.0000 43.7682
556.0000 43.7524
557.0000 43.7365
558.0000 43.7206
559.0000 43.7047
560.0000 43.6890
561.0000 43.6734
562.0000 43.7161
563.0000 43.6973
564.0000 43.6793
565.0000 43.6620
566.0000 43.6452
567.0000 43.6871
568.0000 43.7254
569.0000 43.7608
570.0000 43.7935
571.0000 43.8237
572.0000 43.8514
573.0000 43.8190
574.0000 43.7890
575.0000 43.7613
576.0000 43.7357
577.0000 43.7122
578.0000 43.6910
579.0000 43.6720
580.0000 43.6555
581.0000 43.6413
582.0000 43.6294
583.0000 43.6194
584.0000 43.6114
585.0000 43.6054
586.0000 43.6014
587.0000 43.5993
588.0000 43.5989
589.0000 43.6001
590.0000 43.6029
591.0000 43.6073
592.0000 43.6131
593.0000 43.5624
594.0000 43.5174
595.0000 43.4780
596.0000 43.4435
597.0000 43.4138
598.0000 43.3214
599.0000 43.2380
600.0000 43.1635
601.0000 43.0976
602.0000 43.0396
603.0000 42.9892
604.0000 42.9456
605.0000 42.9083
606.0000 42.8769
607.0000 42.8510
608.0000 42.8302
609.0000 42.8139
610.0000 40.8727
611.0000 39.0195
612.0000 37.3103
613.0000 35.7392
614.0000 34.3577
615.0000 33.0979
616.0000 31.9539
617.0000 30.9198
618.0000 29.9899
619.0000 29.1587
620.0000 28.4208
621.0000 27.7710
622.0000 27.2041
623.0000 26.7828
624.0000 26.4291
625.0000 26.1377
626.0000 25.9025
627.0000 25.7753
628.0000 25.6878
629.0000 25.6340
630.0000 25.6662
631.0000 25.7166
632.0000 25.8382
633.0000 25.9641
634.0000 26.1576
635.0000 26.4004
636.0000 26.6851
637.0000 26.9470
638.0000 27.2422
639.0000 27.5744
640.0000 27.9278
641.0000 28.2398
642.0000 28.5685
643.0000 28.9100
644.0000 29.2703
645.0000 29.5783
646.0000 29.8938
647.0000 30.2144
648.0000 30.5384
649.0000 30.8735
650.0000 31.2081
651.0000 31.5412
652.0000 31.8724
653.0000 32.2108
654.0000 32.4878
655.0000 32.7657
656.0000 33.0444
657.0000 33.3240
658.0000 33.5467
659.0000 33.7848
660.0000 34.0281
661.0000 34.2188
662.0000 34.4191
663.0000 34.5713
664.0000 34.7379
665.0000 34.8608
666.0000 35.0118
667.0000 35.1225
668.0000 35.2549
669.0000 35.3508
670.0000 35.4721
671.0000 35.5601
672.0000 35.6764
673.0000 35.7622
674.0000 35.8211
675.0000 35.8562
676.0000 35.8706
677.0000 35.8671
678.0000 35.9158
679.0000 35.9465
680.0000 35.9616
681.0000 35.9636
682.0000 35.9544
683.0000 35.9357
684.0000 35.9094
685.0000 35.8769
686.0000 35.8395
687.0000 35.8563
688.0000 35.8085
689.0000 35.7594
690.0000 35.7095
691.0000 35.6597
692.0000 35.6106
693.0000 35.6205
694.0000 35.6275
695.0000 35.6323
696.0000 35.6356
697.0000 35.6374
698.0000 35.5801
699.0000 35.5262
700.0000 35.4758
701.0000 35.4289
702.0000 35.3175
703.0000 35.2144
704.0000 35.1194
705.0000 35.0320
706.0000 34.9519
707.0000 34.8209
708.0000 34.7006
709.0000 34.6485
710.0000 34.6018
711.0000 34.5602
712.0000 34.5908
713.0000 34.6208
714.0000 34.6500
715.0000 34.6782
716.0000 34.7054
717.0000 34.7313
718.0000 34.7556
719.0000 34.8366
720.0000 34.9117
721.0000 34.9810
722.0000 34.9866
723.0000 34.9905
724.0000 34.9928
725.0000 34.9933
726.0000 34.9920
727.0000 35.0468
728.0000 35.0954
729.0000 35.1380
730.0000 35.1750
731.0000 35.2066
732.0000 35.2331
733.0000 35.2548
734.0000 35.2721
735.0000 35.2854
736.0000 35.2946
737.0000 35.3001
738.0000 35.3600
739.0000 35.4127
740.0000 35.4586
741.0000 35.4981
742.0000 35.5316
743.0000 35.5598
744.0000 35.5830
745.0000 35.6017
746.0000 35.6741
747.0000 35.7386
748.0000 35.7955
749.0000 35.7877
750.0000 35.8355
751.0000 35.8772
752.0000 35.8555
753.0000 35.8906
754.0000 35.9205
755.0000 35.9456
756.0000 35.9665
757.0000 35.9256
758.0000 35.8854
759.0000 35.8463
760.0000 35.8084
761.0000 35.7720
762.0000 35.7374
763.0000 35.7046
764.0000 35.6158
765.0000 35.5334
766.0000 35.4572
767.0000 35.3871
768.0000 35.3232
769.0000 35.2651
770.0000 35.2128
771.0000 35.1661
772.0000 35.0668
773.0000 34.9770
774.0000 34.8962
775.0000 34.8817
776.0000 34.8711
777.0000 34.8641
778.0000 34.8605
779.0000 34.8603
780.0000 34.8630
781.0000 34.8105
782.0000 34.8222
783.0000 34.8356
784.0000 34.8504
785.0000 34.8662
786.0000 34.8829
787.0000 34.9000
788.0000 34.8594
789.0000 34.8230
790.0000 34.7906
791.0000 34.7619
792.0000 34.7363
793.0000 34.7136
794.0000 34.6935
795.0000 34.6758
796.0000 34.6602
797.0000 34.7044
798.0000 34.7460
799.0000 34.7850
800.0000 34.8218
801.0000 34.9140
802.0000 34.9996
803.0000 35.0788
804.0000 35.0941
805.0000 35.1078
806.0000 35.1199
807.0000 35.1303
808.0000 35.1971
809.0000 35.2002
810.0000 35.2597
811.0000 35.3135
812.0000 35.3620
813.0000 35.4053
814.0000 35.4437
815.0000 35.4771
816.0000 35.5060
817.0000 35.4730
818.0000 35.4408
819.0000 35.4094
820.0000 35.3792
821.0000 35.3500
822.0000 35.3221
823.0000 35.2955
824.0000 35.2703
825.0000 35.1887
826.0000 35.1129
827.0000 35.0430
828.0000 34.9788
829.0000 34.9201
830.0000 34.9245
831.0000 34.9877
832.0000 35.0474
833.0000 35.1036
834.0000 35.1566
835.0000 35.2064
836.0000 35.2533
837.0000 35.2973
838.0000 35.3962
839.0000 35.4881
840.0000 35.5729
841.0000 35.6509
842.0000 35.7223
843.0000 35.7873
844.0000 35.8460
845.0000 35.8987
846.0000 35.9455
847.0000 35.9864
848.0000 36.0894
849.0000 36.1823
850.0000 36.2656
851.0000 36.3397
852.0000 36.4054
853.0000 36.4630
854.0000 36.5133
855.0000 36.5567
856.0000 36.5937
857.0000 36.6249
858.0000 36.5833
859.0000 36.5421
860.0000 36.5015
861.0000 36.4043
862.0000 36.3127
863.0000 36.2269
864.0000 36.2047
865.0000 36.1841
866.0000 36.1652
867.0000 36.0904
868.0000 36.0218
869.0000 35.9595
870.0000 35.9035
871.0000 35.7960
872.0000 35.6992
873.0000 35.6125
874.0000 35.5356
875.0000 35.4680
876.0000 35.3512
877.0000 35.2471
878.0000 35.1549
879.0000 35.0740
880.0000 35.0035
881.0000 34.9431
882.0000 34.8919
883.0000 34.8493
884.0000 34.8145
885.0000 34.7870
886.0000 34.6986
887.0000 34.6211
888.0000 34.5538
889.0000 34.4958
890.0000 34.4464
891.0000 34.3470
892.0000 34.3167
893.0000 34.2927
894.0000 34.2741
895.0000 34.2603
896.0000 34.3182
897.0000 34.3747
898.0000 34.4875
899.0000 34.5940
900.0000 34.6943
901.0000 34.7881
902.0000 34.8753
903.0000 34.9557
904.0000 34.9716
905.0000 34.9851
906.0000 34.9962
907.0000 35.0046
908.0000 35.0104
909.0000 35.0714
910.0000 35.1301
911.0000 35.1918
912.0000 35.2561
913.0000 35.2648
914.0000 35.2798
915.0000 35.3007
916.0000 35.3268
917.0000 35.2903
918.0000 35.2635
919.0000 35.2458
920.0000 35.2368
921.0000 35.2360
922.0000 35.2429
923.0000 35.2570
924.0000 35.2778
925.0000 35.3048
926.0000 35.3374
927.0000 35.3754
928.0000 35.4857
929.0000 35.5952
930.0000 35.7038
931.0000 35.8691
932.0000 36.0286
933.0000 36.1245
934.0000 36.2185
935.0000 36.3105
936.0000 36.4001
937.0000 36.4872
938.0000 36.5711
939.0000 36.6519
940.0000 36.7290
941.0000 36.8022
942.0000 36.8713
943.0000 36.9362
944.0000 36.9967
945.0000 37.1106
946.0000 37.2155
947.0000 37.3119
948.0000 37.4001
949.0000 37.4803
950.0000 37.5526
951.0000 37.6175
952.0000 37.6751
953.0000 37.7256
954.0000 37.7695
955.0000 37.8649
956.0000 37.9502
957.0000 38.0256
958.0000 38.0916
959.0000 38.1485
960.0000 38.1969
961.0000 38.2951
962.0000 38.3816
963.0000 38.4569
964.0000 38.5220
965.0000 38.5776
966.0000 38.6241
967.0000 38.6624
968.0000 38.6931
969.0000 38.7168
970.0000 38.6766
971.0000 38.6350
972.0000 38.5927
973.0000 38.5499
974.0000 38.5072
975.0000 38.4649
976.0000 38.4235
977.0000 38.3833
978.0000 38.3445
979.0000 38.3072
980.0000 38.2720
981.0000 38.2388
982.0000 38.2079
983.0000 38.1794
984.0000 38.1535
985.0000 38.1303
986.0000 38.1675
987.0000 38.1449
988.0000 38.1828
989.0000 38.1610
990.0000 38.1418
991.0000 38.1251
992.0000 38.1109
993.0000 38.0409
994.0000 37.9775
995.0000 37.9201
996.0000 37.8684
997.0000 37.8222
998.0000 37.7232
999.0000 37.6334
1000.0000 37.5525
1001.0000 37.4800
1002.0000 37.4157
1003.0000 37.3588
1004.0000 37.3092
1005.0000 37.2661
1006.0000 37.2295
1007.0000 37.1986
1008.0000 37.2310
1009.0000 37.2640
1010.0000 37.2975
1011.0000 37.3891
1012.0000 37.4184
1013.0000 37.4475
1014.0000 37.5341
1015.0000 37.6156
1016.0000 37.6920
1017.0000 37.7633
1018.0000 37.7716
1019.0000 37.7790
1020.0000 37.7855
1021.0000 37.7908
1022.0000 37.7949
1023.0000 37.7977
1024.0000 37.7992
1025.0000 37.7994
1026.0000 37.7983
1027.0000 37.7381
1028.0000 37.6809
1029.0000 37.6269
1030.0000 37.5761
1031.0000 37.5288
1032.0000 37.4848
1033.0000 37.5019
1034.0000 37.4601
1035.0000 37.4217
1036.0000 37.3866
1037.0000 37.3548
1038.0000 37.3261
1039.0000 37.3003
1040.0000 37.2775
1041.0000 37.2575
1042.0000 37.2402
1043.0000 37.2255
1044.0000 37.1459
1045.0000 37.0735
1046.0000 37.0080
1047.0000 36.9489
1048.0000 36.8959
1049.0000 36.8487
1050.0000 36.8068
1051.0000 36.7698
1052.0000 36.7375
1053.0000 36.7094
1054.0000 36.6852
1055.0000 36.6645
1056.0000 36.7145
1057.0000 36.7625
1058.0000 36.8085
1059.0000 36.8521
1060.0000 36.8935
1061.0000 36.9325
1062.0000 36.9689
1063.0000 37.0028
1064.0000 37.0339
1065.0000 37.0624
1066.0000 37.0205
1067.0000 36.9809
1068.0000 37.0106
1069.0000 37.0368
1070.0000 37.0597
1071.0000 37.0794
1072.0000 37.0285
1073.0000 36.9795
1074.0000 36.9325
1075.0000 36.9550
1076.0000 36.9747
1077.0000 36.9916
1078.0000 36.9383
1079.0000 36.8875
1080.0000 36.8392
1081.0000 36.7936
1082.0000 36.7506
1083.0000 36.7777
1084.0000 36.8022
1085.0000 36.7565
1086.0000 36.7133
1087.0000 36.6726
1088.0000 36.6346
1089.0000 36.5992
1090.0000 36.5662
1091.0000 36.5355
1092.0000 36.4490
1093.0000 36.3687
1094.0000 36.2944
1095.0000 36.2836
1096.0000 36.2738
1097.0000 36.2651
1098.0000 36.2573
1099.0000 36.2505
1100.0000 36.2446
1101.0000 36.2396
1102.0000 36.2353
1103.0000 36.2316
1104.0000 36.2284
1105.0000 36.2255
1106.0000 36.2230
1107.0000 36.2205
1108.0000 36.2178
1109.0000 36.2151
1110.0000 36.2120
1111.0000 36.2761
1112.0000 36.3348
1113.0000 36.4461
1114.0000 36.6059
1115.0000 36.7523
1116.0000 36.9438
1117.0000 37.1186
1118.0000 37.2773
1119.0000 37.4879
1120.0000 37.6787
1121.0000 37.8509
1122.0000 38.0051
1123.0000 38.1426
1124.0000 38.2640
1125.0000 38.3703
1126.0000 38.4620
1127.0000 38.5400
1128.0000 38.6632
1129.0000 38.7124
1130.0000 38.7509
1131.0000 38.8376
1132.0000 38.8534
1133.0000 38.8616
1134.0000 38.8631
1135.0000 38.9169
1136.0000 38.9616
1137.0000 38.9984
1138.0000 39.0281
1139.0000 39.0519
1140.0000 39.0704
1141.0000 39.0845
1142.0000 39.0948
1143.0000 39.1022
1144.0000 39.1074
1145.0000 39.0528
1146.0000 39.0011
1147.0000 38.9524
1148.0000 38.9071
1149.0000 38.7979
1150.0000 38.6975
1151.0000 38.6058
1152.0000 38.5225
1153.0000 38.4475
1154.0000 38.3228
1155.0000 38.2103
1156.0000 38.1095
1157.0000 38.0204
1158.0000 37.9424
1159.0000 37.8751
1160.0000 37.8179
1161.0000 37.7704
1162.0000 37.7317
1163.0000 37.7014
1164.0000 37.6787
1165.0000 37.6631
1166.0000 37.6540
1167.0000 37.6507
1168.0000 37.6526
1169.0000 37.6592
1170.0000 37.6697
1171.0000 37.6836
1172.0000 37.7003
1173.0000 37.7192
1174.0000 37.7398
1175.0000 37.7617
1176.0000 37.7844
1177.0000 37.8076
1178.0000 37.7729
1179.0000 37.7421
1180.0000 37.7147
1181.0000 37.6904
1182.0000 37.6687
1183.0000 37.6495
1184.0000 37.6903
1185.0000 37.7288
1186.0000 37.7070
1187.0000 37.6869
1188.0000 37.6687
1189.0000 37.5941
1190.0000 37.5252
1191.0000 37.4618
1192.0000 37.4036
1193.0000 37.3504
1194.0000 37.3018
1195.0000 37.2576
1196.0000 37.2177
1197.0000 37.1816
1198.0000 37.1491
1199.0000 37.1202
1200.0000 37.0945
1201.0000 37.0717
1202.0000 37.0519
1203.0000 37.0348
1204.0000 37.0203
1205.0000 37.0083
1206.0000 36.9310
1207.0000 36.8606
1208.0000 36.7968
1209.0000 36.7391
1210.0000 37.6517
1211.0000 38.4983
1212.0000 39.2816
1213.0000 40.0039
1214.0000 40.6678
1215.0000 41.2759
1216.0000 41.8301
1217.0000 42.3331
1218.0000 42.7871
1219.0000 43.2624
1220.0000 43.6212
1221.0000 43.9383
1222.0000 44.2835
1223.0000 44.5189
1224.0000 44.7194
1225.0000 44.8876
1226.0000 45.0263
1227.0000 45.1382
1228.0000 45.2264
1229.0000 45.2936
1230.0000 45.3428
1231.0000 45.3767
1232.0000 45.3400
1233.0000 45.2973
1234.0000 45.2509
1235.0000 45.1449
1236.0000 45.0431
1237.0000 44.9473
1238.0000 44.8009
1239.0000 44.6673
1240.0000 44.5471
1241.0000 44.3732
1242.0000 44.2182
1243.0000 44.0822
1244.0000 43.9072
1245.0000 43.7550
1246.0000 43.5671
1247.0000 43.4051
1248.0000 43.2101
1249.0000 43.0432
1250.0000 42.8356
1251.0000 42.6583
1252.0000 42.4520
1253.0000 42.2192
1254.0000 41.9622
1255.0000 41.7411
1256.0000 41.4860
1257.0000 41.2673
1258.0000 41.0827
1259.0000 40.9295
1260.0000 40.8056
1261.0000 40.7085
1262.0000 40.7033
1263.0000 40.7154
1264.0000 40.7428
1265.0000 40.7836
1266.0000 40.8362
1267.0000 40.8988
1268.0000 40.9697
1269.0000 40.9798
1270.0000 41.0001
1271.0000 40.9708
1272.0000 40.9525
1273.0000 40.9436
1274.0000 40.9427
1275.0000 40.9484
1276.0000 40.9594
1277.0000 40.9747
1278.0000 40.9934
1279.0000 41.0147
1280.0000 40.9799
1281.0000 40.9507
1282.0000 40.9264
1283.0000 40.9065
1284.0000 40.8904
1285.0000 40.8776
1286.0000 40.8100
1287.0000 40.7492
1288.0000 40.6948
1289.0000 40.6462
1290.0000 40.6032
1291.0000 40.4980
1292.0000 40.4027
1293.0000 40.3167
1294.0000 40.2396
1295.0000 40.2383
1296.0000 40.1723
1297.0000 40.1139
1298.0000 40.0628
1299.0000 40.0860
1300.0000 40.1105
1301.0000 40.0685
1302.0000 40.0323
1303.0000 40.0014
1304.0000 39.9753
1305.0000 40.0211
1306.0000 40.0658
1307.0000 40.1090
1308.0000 40.1503
1309.0000 40.1896
1310.0000 40.2267
1311.0000 40.2615
1312.0000 40.3516
1313.0000 40.4348
1314.0000 40.5113
1315.0000 40.5811
1316.0000 40.6444
1317.0000 40.7014
1318.0000 40.7522
1319.0000 40.7970
1320.0000 40.8360
1321.0000 40.8695
1322.0000 40.8979
1323.0000 40.9213
1324.0000 40.9402
1325.0000 40.9546
1326.0000 40.9651
1327.0000 40.9719
1328.0000 41.0333
1329.0000 41.0296
1330.0000 41.0815
1331.0000 41.0692
1332.0000 41.0553
1333.0000 41.0402
1334.0000 41.0819
1335.0000 41.0610
1336.0000 41.0398
1337.0000 41.0187
1338.0000 41.0557
1339.0000 41.0889
1340.0000 41.1185
1341.0000 41.1450
1342.0000 41.1686
1343.0000 41.1895
1344.0000 41.2080
1345.0000 41.2244
1346.0000 41.2388
1347.0000 41.2517
1348.0000 41.2630
1349.0000 41.2729
1350.0000 41.2817
1351.0000 41.2893
1352.0000 41.2960
1353.0000 41.3017
1354.0000 41.3067
1355.0000 41.3111
1356.0000 41.3149
1357.0000 41.3183
1358.0000 41.3213
1359.0000 41.3240
1360.0000 41.3264
1361.0000 41.3287
1362.0000 41.3310
1363.0000 41.2755
1364.0000 41.2244
1365.0000 41.1775
1366.0000 41.1348
1367.0000 41.0962
1368.0000 41.0613
1369.0000 41.0302
1370.0000 41.0026
1371.0000 40.9784
1372.0000 40.9575
1373.0000 40.9400
1374.0000 40.9257
1375.0000 40.8566
1376.0000 40.7946
1377.0000 40.7393
1378.0000 40.6904
1379.0000 40.6473
1380.0000 40.6095
1381.0000 40.6346
1382.0000 40.6601
1383.0000 40.6856
1384.0000 40.7110
1385.0000 40.7362
1386.0000 40.7609
1387.0000 40.7848
1388.0000 40.8079
1389.0000 40.8302
1390.0000 40.8516
1391.0000 40.9300
1392.0000 41.0032
1393.0000 41.0710
1394.0000 41.1337
1395.0000 41.1912
1396.0000 41.2437
1397.0000 41.2913
1398.0000 41.3343
1399.0000 41.3731
1400.0000 41.4078
1401.0000 41.4385
1402.0000 41.4656
1403.0000 41.4891
1404.0000 41.5092
1405.0000 41.5259
1406.0000 41.5395
1407.0000 41.5504
1408.0000 41.5586
1409.0000 41.5646
1410.0000 41.5687
1411.0000 41.5713
1412.0000 41.5726
1413.0000 41.5728
1414.0000 41.5724
1415.0000 41.5713
1416.0000 41.5698
1417.0000 41.5678
1418.0000 41.5656
1419.0000 41.5633
1420.0000 41.5610
1421.0000 41.5588
1422.0000 41.5569
1423.0000 41.5552
1424.0000 41.5540
1425.0000 41.5532
1426.0000 41.5529
1427.0000 41.5530
1428.0000 41.4957
1429.0000 41.4432
1430.0000 41.3953
1431.0000 41.3518
1432.0000 41.3126
1433.0000 41.2774
1434.0000 41.2462
1435.0000 41.2186
1436.0000 41.1366
1437.0000 41.0622
1438.0000 40.9951
1439.0000 40.9927
1440.0000 40.9926
1441.0000 40.9946
1442.0000 40.9986
1443.0000 40.9464
1444.0000 40.9000
1445.0000 40.8591
1446.0000 40.8232
1447.0000 40.7921
1448.0000 40.7651
1449.0000 40.7420
1450.0000 40.7226
1451.0000 40.7066
1452.0000 40.6935
1453.0000 40.6831
1454.0000 40.6075
1455.0000 40.6066
1456.0000 40.5398
1457.0000 40.4794
1458.0000 40.4251
1459.0000 40.3763
1460.0000 40.4003
1461.0000 40.4240
1462.0000 40.3799
1463.0000 40.3402
1464.0000 40.3047
1465.0000 40.2729
1466.0000 40.2447
1467.0000 40.2196
1468.0000 40.2650
1469.0000 40.3081
1470.0000 40.3489
1471.0000 40.3871
1472.0000 40.4806
1473.0000 40.5672
1474.0000 40.6471
1475.0000 40.7204
1476.0000 40.7873
1477.0000 40.8481
1478.0000 40.9032
1479.0000 41.0104
1480.0000 41.1080
1481.0000 41.1962
1482.0000 41.2754
1483.0000 41.3460
1484.0000 41.4083
1485.0000 41.4624
1486.0000 41.5090
1487.0000 41.5485
1488.0000 41.5813
1489.0000 41.6081
1490.0000 41.6291
1491.0000 41.7030
1492.0000 41.7680
1493.0000 41.8924
1494.0000 42.0043
1495.0000 42.1050
1496.0000 42.1274
1497.0000 42.1450
1498.0000 42.1579
1499.0000 42.1669
1500.0000 42.1724
1501.0000 42.1749
1502.0000 42.1169
1503.0000 42.0611
1504.0000 42.0076
1505.0000 41.9566
1506.0000 41.9083
1507.0000 41.8629
1508.0000 41.7627
1509.0000 41.6699
1510.0000 41.5824
1511.0000 41.4973
1512.0000 41.4151
1513.0000 41.3359
1514.0000 41.2598
1515.0000 41.1871
1516.0000 41.1178
1517.0000 41.0520
1518.0000 40.9894
1519.0000 40.9302
1520.0000 40.8742
1521.0000 40.8216
1522.0000 40.7141
1523.0000 40.6136
1524.0000 40.5198
1525.0000 40.4325
1526.0000 40.3514
1527.0000 40.2761
1528.0000 40.2062
1529.0000 40.0739
1530.0000 39.9514
1531.0000 39.8383
1532.0000 39.7337
1533.0000 39.6374
1534.0000 39.5489
1535.0000 39.4678
1536.0000 39.4610
1537.0000 39.4559
1538.0000 39.4521
1539.0000 39.4496
1540.0000 39.4481
1541.0000 39.4474
1542.0000 39.4473
1543.0000 39.4475
1544.0000 39.4481
1545.0000 39.4489
1546.0000 39.4496
1547.0000 39.4500
1548.0000 39.4503
1549.0000 39.4503
1550.0000 39.4498
1551.0000 39.4486
1552.0000 39.4469
1553.0000 39.5023
1554.0000 39.5529
1555.0000 39.6567
1556.0000 39.7518
1557.0000 39.8386
1558.0000 39.9177
1559.0000 39.9895
1560.0000 40.0542
1561.0000 40.1125
1562.0000 40.1647
1563.0000 40.2113
1564.0000 40.2525
1565.0000 40.2886
1566.0000 40.3199
1567.0000 40.3469
1568.0000 40.3697
1569.0000 40.3308
1570.0000 40.2925
1571.0000 40.2554
1572.0000 40.2775
1573.0000 40.2967
1574.0000 40.3136
1575.0000 40.3286
1576.0000 40.3420
1577.0000 40.3542
1578.0000 40.3656
1579.0000 40.3764
1580.0000 40.3868
1581.0000 40.3969
1582.0000 40.4068
1583.0000 40.4168
1584.0000 40.4846
1585.0000 40.5483
1586.0000 40.6079
1587.0000 40.6637
1588.0000 40.7159
1589.0000 40.7646
1590.0000 40.8098
1591.0000 40.8515
1592.0000 40.8900
1593.0000 40.9929
1594.0000 41.0879
1595.0000 41.1753
1596.0000 41.2556
1597.0000 41.3290
1598.0000 41.3958
1599.0000 41.4562
1600.0000 41.5107
1601.0000 41.5595
1602.0000 41.6031
1603.0000 41.6419
1604.0000 41.6761
1605.0000 41.6385
1606.0000 41.6017
1607.0000 41.5664
1608.0000 41.4747
1609.0000 41.3891
1610.0000 41.3096
1611.0000 41.2361
1612.0000 41.1108
1613.0000 40.9958
1614.0000 40.8906
1615.0000 40.7371
1616.0000 40.5971
1617.0000 40.4705
1618.0000 40.3568
1619.0000 40.2556
1620.0000 40.1662
1621.0000 40.0880
1622.0000 40.0203
1623.0000 39.9627
1624.0000 39.9144
1625.0000 39.8748
1626.0000 39.8433
1627.0000 39.8189
1628.0000 39.8012
1629.0000 39.7893
1630.0000 39.8405
1631.0000 39.8341
1632.0000 39.8318
1633.0000 39.8908
1634.0000 39.9485
1635.0000 40.0044
1636.0000 40.0581
1637.0000 40.0514
1638.0000 40.0463
1639.0000 40.0425
1640.0000 40.0398
1641.0000 40.0379
1642.0000 40.0942
1643.0000 40.1465
1644.0000 40.1946
1645.0000 40.2386
1646.0000 40.2785
1647.0000 40.3144
1648.0000 40.3464
1649.0000 40.3747
1650.0000 40.3998
1651.0000 40.4795
1652.0000 40.5520
1653.0000 40.6176
1654.0000 40.6767
1655.0000 40.7296
1656.0000 40.7770
1657.0000 40.8190
1658.0000 40.8559
1659.0000 40.8879
1660.0000 40.9153
1661.0000 40.8806
1662.0000 40.9043
1663.0000 40.9242
1664.0000 40.9409
1665.0000 40.9549
1666.0000 40.9665
1667.0000 40.9759
1668.0000 40.9836
1669.0000 40.9897
1670.0000 40.9944
1671.0000 40.9982
1672.0000 41.0011
1673.0000 41.0035
1674.0000 41.0058
1675.0000 41.0081
1676.0000 41.0107
1677.0000 41.0136
1678.0000 41.0169
1679.0000 41.0208
1680.0000 41.0832
1681.0000 41.0840
1682.0000 41.1434
1683.0000 41.1414
1684.0000 41.1403
1685.0000 41.1402
1686.0000 41.1410
1687.0000 41.1427
1688.0000 41.1453
1689.0000 41.0909
1690.0000 41.0415
1691.0000 40.9969
1692.0000 40.9569
1693.0000 40.9209
1694.0000 40.8888
1695.0000 40.8605
1696.0000 40.7779
1697.0000 40.7031
1698.0000 40.6356
1699.0000 40.5751
1700.0000 40.5211
1701.0000 40.4732
1702.0000 40.3636
1703.0000 40.2646
1704.0000 40.1755
1705.0000 40.0959
1706.0000 40.0927
1707.0000 40.0928
1708.0000 40.0957
1709.0000 40.1011
1710.0000 40.1086
1711.0000 40.1179
1712.0000 40.1287
1713.0000 40.1407
1714.0000 40.1536
1715.0000 40.1671
1716.0000 40.1808
1717.0000 40.1943
1718.0000 40.2073
1719.0000 40.2196
1720.0000 40.2310
1721.0000 40.2413
1722.0000 40.2504
1723.0000 40.2581
1724.0000 40.2644
1725.0000 40.2693
1726.0000 40.2728
1727.0000 40.2748
1728.0000 40.3333
1729.0000 40.3862
1730.0000 40.4337
1731.0000 40.4759
1732.0000 40.5133
1733.0000 40.5460
1734.0000 40.5744
1735.0000 40.6564
1736.0000 40.7303
1737.0000 40.7965
1738.0000 40.8554
1739.0000 40.9073
1740.0000 40.9527
1741.0000 40.9341
1742.0000 40.9141
1743.0000 40.8929
1744.0000 40.8707
1745.0000 40.8477
1746.0000 40.8243
1747.0000 40.8006
1748.0000 40.7769
1749.0000 40.7533
1750.0000 40.7300
1751.0000 40.7074
1752.0000 40.7438
1753.0000 40.7770
1754.0000 40.8075
1755.0000 40.8356
1756.0000 40.8614
1757.0000 40.8853
1758.0000 40.9074
1759.0000 40.9278
1760.0000 40.9466
1761.0000 40.9640
1762.0000 40.9801
1763.0000 40.9950
1764.0000 41.0089
1765.0000 41.0220
1766.0000 41.0343
1767.0000 41.0458
1768.0000 40.9988
1769.0000 40.9554
1770.0000 40.9155
1771.0000 40.8790
1772.0000 40.8460
1773.0000 40.8161
1774.0000 40.7895
1775.0000 40.7658
1776.0000 40.7451
1777.0000 40.7272
1778.0000 40.7120
1779.0000 40.6994
1780.0000 40.6891
1781.0000 40.6810
1782.0000 40.6750
1783.0000 40.6708
1784.0000 40.6684
1785.0000 40.6675
1786.0000 40.6681
1787.0000 40.6700
1788.0000 40.6730
1789.0000 40.6190
1790.0000 40.5703
1791.0000 40.5267
1792.0000 40.4877
1793.0000 40.3857
1794.0000 40.2927
1795.0000 40.2084
1796.0000 40.1322
1797.0000 40.0636
1798.0000 40.0024
1799.0000 39.9479
1800.0000 39.8998
1801.0000 39.8577
1802.0000 39.8887
1803.0000 39.9199
1804.0000 40.0090
1805.0000 40.0938
1806.0000 40.2320
1807.0000 40.3614
1808.0000 40.4823
1809.0000 40.5947
1810.0000 40.6986
