1.0000 39.6200
2.0000 39.6200
3.0000 39.6200
4.0000 39.6200
5.0000 39.6200
6.0000 39.6200
7.0000 39.6200
8.0000 39.6200
9.0000 39.6200
10.0000 39.7500
11.0000 39.7500
12.0000 39.7500
13.0000 39.7500
14.0000 39.7500
15.0000 39.7500
16.0000 39.7500
17.0000 39.7500
18.0000 39.7500
19.0000 39.7500
20.0000 39.7500
21.0000 39.7500
22.0000 39.7500
23.0000 39.8100
24.0000 39.8100
25.0000 39.8100
26.0000 39.8700
27.0000 39.8700
28.0000 39.9300
29.0000 39.9300
30.0000 40.0000
31.0000 40.0000
32.0000 40.0600
33.0000 40.1200
34.0000 40.1800
35.0000 40.2500
36.0000 40.3100
37.0000 40.3700
38.0000 40.4300
39.0000 40.5000
40.0000 40.5600
41.0000 40.6200
42.0000 40.6800
43.0000 40.7500
44.0000 40.8100
45.0000 40.8700
46.0000 40.9300
47.0000 41.0000
48.0000 41.0600
49.0000 41.1200
50.0000 41.1800
51.0000 41.2500
52.0000 41.2500
53.0000 41.3100
54.0000 41.3700
55.0000 41.4300
56.0000 41.5000
57.0000 41.5600
58.0000 41.6200
59.0000 41.6800
60.0000 41.6800
61.0000 41.8100
62.0000 41.8700
63.0000 41.8700
64.0000 41.9300
65.0000 42.0000
66.0000 42.0600
67.0000 42.0600
68.0000 42.1200
69.0000 42.1800
70.0000 42.1800
71.0000 42.2500
72.0000 42.2500
73.0000 42.3100
74.0000 42.3100
75.0000 42.3700
76.0000 42.3700
77.0000 42.4300
78.0000 42.4300
79.0000 42.4300
80.0000 42.4300
81.0000 42.5000
82.0000 42.5000
83.0000 42.5000
84.0000 42.5600
85.0000 42.5600
86.0000 42.6200
87.0000 42.6200
88.0000 42.6200
89.0000 42.6200
90.0000 42.6200
91.0000 42.6200
92.0000 42.6800
93.0000 42.6800
94.0000 42.7500
95.0000 42.7500
96.0000 42.7500
97.0000 42.8100
98.0000 42.8100
99.0000 42.8100
100.0000 42.8100
101.0000 42.8100
102.0000 42.8100
103.0000 42.8100
104.0000 42.8100
105.0000 42.8100
106.0000 42.8100
107.0000 42.8100
108.0000 42.8700
109.0000 42.8700
110.0000 42.8700
111.0000 42.8700
112.0000 42.8700
113.0000 42.8100
114.0000 42.8100
115.0000 42.8100
116.0000 42.8100
117.0000 42.8100
118.0000 42.7500
119.0000 42.7500
120.0000 42.6800
121.0000 42.6800
122.0000 42.6800
123.0000 42.6800
124.0000 42.6200
125.0000 42.6200
126.0000 42.6200
127.0000 42.6200
128.0000 42.5600
129.0000 42.5600
130.0000 42.5600
131.0000 42.5600
132.0000 42.5600
133.0000 42.5600
134.0000 42.5600
135.0000 42.5600
136.0000 42.5600
137.0000 42.5600
138.0000 42.5600
139.0000 42.5600
140.0000 42.5600
141.0000 42.5600
142.0000 42.5600
143.0000 42.5600
144.0000 42.5600
145.0000 42.5600
146.0000 42.5600
147.0000 42.6200
148.0000 42.6200
149.0000 42.6200
150.0000 42.6200
151.0000 42.6200
152.0000 42.6200
153.0000 42.6200
154.0000 42.6200
155.0000 42.6200
156.0000 42.6200
157.0000 42.6200
158.0000 42.6200
159.0000 42.6200
160.0000 42.6200
161.0000 42.6200
162.0000 42.6200
163.0000 42.6800
164.0000 42.6800
165.0000 42.6800
166.0000 42.6800
167.0000 42.6800
168.0000 42.6800
169.0000 42.6800
170.0000 42.6800
171.0000 42.6200
172.0000 42.6200
173.0000 42.6200
174.0000 42.6200
175.0000 42.6200
176.0000 42.6200
177.0000 42.6200
178.0000 42.6800
179.0000 42.6800
180.0000 42.6200
181.0000 42.6200
182.0000 42.6200
183.0000 42.6200
184.0000 42.6200
185.0000 42.6200
186.0000 42.6200
187.0000 42.6200
188.0000 42.6200
189.0000 42.6200
190.0000 42.6200
191.0000 42.5600
192.0000 42.5600
193.0000 42.5600
194.0000 42.5600
195.0000 42.5600
196.0000 42.5600
197.0000 42.5600
198.0000 42.5600
199.0000 42.5600
200.0000 42.5600
201.0000 42.5600
202.0000 42.5600
203.0000 42.5600
204.0000 42.5600
205.0000 42.6200
206.0000 42.6200
207.0000 42.6200
208.0000 42.6200
209.0000 42.6200
210.0000 42.6200
211.0000 42.6200
212.0000 42.6200
213.0000 42.6200
214.0000 42.6200
215.0000 42.6200
216.0000 42.6800
217.0000 42.6800
218.0000 42.6200
219.0000 42.6200
220.0000 42.6800
221.0000 42.6200
222.0000 42.6200
223.0000 42.6200
224.0000 42.6200
225.0000 42.6200
226.0000 42.6200
227.0000 42.6200
228.0000 42.6200
229.0000 42.6200
230.0000 42.6200
231.0000 42.6200
232.0000 42.6200
233.0000 42.6200
234.0000 42.6200
235.0000 42.6200
236.0000 42.6200
237.0000 42.6200
238.0000 42.6200
239.0000 42.6200
240.0000 42.6200
241.0000 42.6800
242.0000 42.6800
243.0000 42.6800
244.0000 42.6800
245.0000 42.6800
246.0000 42.6800
247.0000 42.6800
248.0000 42.6800
249.0000 42.7500
250.0000 42.6800
251.0000 42.6800
252.0000 42.6800
253.0000 42.6800
254.0000 42.6800
255.0000 42.6800
256.0000 42.6800
257.0000 42.6800
258.0000 42.6800
259.0000 42.6800
260.0000 42.6800
261.0000 42.6800
262.0000 42.6800
263.0000 42.6800
264.0000 42.6800
265.0000 42.6800
266.0000 42.6800
267.0000 42.6800
268.0000 42.6800
269.0000 42.6800
270.0000 42.6200
271.0000 42.6200
272.0000 42.6200
273.0000 42.6200
274.0000 42.6200
275.0000 42.6200
276.0000 42.5600
277.0000 42.5600
278.0000 42.5600
279.0000 42.5600
280.0000 42.5600
281.0000 42.5600
282.0000 42.5600
283.0000 42.5600
284.0000 42.5600
285.0000 42.5600
286.0000 42.5600
287.0000 42.5600
288.0000 42.5600
289.0000 42.5600
290.0000 42.5600
291.0000 42.5600
292.0000 42.6200
293.0000 42.6200
294.0000 42.6200
295.0000 42.6200
296.0000 42.6200
297.0000 42.6200
298.0000 42.6200
299.0000 42.6800
300.0000 42.6200
301.0000 42.6800
302.0000 42.6200
303.0000 42.6200
304.0000 42.6200
305.0000 42.6200
306.0000 42.6200
307.0000 42.6200
308.0000 42.6200
309.0000 42.6200
310.0000 42.6200
311.0000 42.6200
312.0000 42.6200
313.0000 42.6200
314.0000 42.6200
315.0000 42.6200
316.0000 42.6200
317.0000 42.6200
318.0000 42.6200
319.0000 42.5600
320.0000 42.5600
321.0000 42.5000
322.0000 42.5000
323.0000 42.5000
324.0000 42.5000
325.0000 42.4300
326.0000 42.4300
327.0000 42.3700
328.0000 42.3700
329.0000 42.3100
330.0000 42.2500
331.0000 42.2500
332.0000 42.1800
333.0000 42.1200
334.0000 42.1200
335.0000 42.1200
336.0000 42.0600
337.0000 42.0600
338.0000 42.0000
339.0000 42.0000
340.0000 41.9300
341.0000 41.9300
342.0000 41.8700
343.0000 41.8100
344.0000 41.7500
345.0000 41.6800
346.0000 41.6800
347.0000 41.6200
348.0000 41.5600
349.0000 41.5000
350.0000 41.4300
351.0000 41.4300
352.0000 41.3700
353.0000 41.3700
354.0000 41.3100
355.0000 41.2500
356.0000 41.2500
357.0000 41.1800
358.0000 41.1200
359.0000 41.1200
360.0000 41.0600
361.0000 41.0600
362.0000 41.0000
363.0000 40.9300
364.0000 40.9300
365.0000 40.9300
366.0000 40.8700
367.0000 40.8700
368.0000 40.8700
369.0000 40.8100
370.0000 40.8100
371.0000 40.7500
372.0000 40.7500
373.0000 40.7500
374.0000 40.7500
375.0000 40.7500
376.0000 40.6800
377.0000 40.6800
378.0000 40.6800
379.0000 40.6800
380.0000 40.6800
381.0000 40.6800
382.0000 40.6200
383.0000 40.6200
384.0000 40.6200
385.0000 40.6200
386.0000 40.6200
387.0000 40.6200
388.0000 40.6200
389.0000 40.6200
390.0000 40.6200
391.0000 40.6200
392.0000 40.6200
393.0000 40.6200
394.0000 40.6200
395.0000 40.6200
396.0000 40.6200
397.0000 40.5600
398.0000 40.5600
399.0000 40.5600
400.0000 40.5600
401.0000 40.5600
402.0000 40.5600
403.0000 40.5000
404.0000 40.5000
405.0000 40.5000
406.0000 40.5000
407.0000 40.5000
408.0000 40.5000
409.0000 40.5000
410.0000 40.5000
411.0000 40.5000
412.0000 40.5000
413.0000 40.5000
414.0000 40.4300
415.0000 40.5000
416.0000 40.5000
417.0000 40.5000
418.0000 40.5000
419.0000 40.5000
420.0000 40.5600
421.0000 40.5600
422.0000 40.5600
423.0000 40.6200
424.0000 40.6200
425.0000 40.6200
426.0000 40.6200
427.0000 40.6200
428.0000 40.6800
429.0000 40.6800
430.0000 40.6800
431.0000 40.6800
432.0000 40.6800
433.0000 40.6800
434.0000 40.6800
435.0000 40.7500
436.0000 40.7500
437.0000 40.7500
438.0000 40.7500
439.0000 40.6800
440.0000 40.6800
441.0000 40.6800
442.0000 40.6800
443.0000 40.6800
444.0000 40.6800
445.0000 40.6200
446.0000 40.6200
447.0000 40.6200
448.0000 40.6200
449.0000 40.6200
450.0000 40.6200
451.0000 40.6200
452.0000 40.6200
453.0000 40.6200
454.0000 40.6200
455.0000 40.6200
456.0000 40.6200
457.0000 40.6200
458.0000 40.6200
459.0000 40.6200
460.0000 40.6200
461.0000 40.6200
462.0000 40.6200
463.0000 40.6200
464.0000 40.6200
465.0000 40.6200
466.0000 40.6200
467.0000 40.6200
468.0000 40.6200
469.0000 40.6200
470.0000 40.6200
471.0000 40.6200
472.0000 40.6200
473.0000 40.6200
474.0000 40.6200
475.0000 40.6200
476.0000 40.6200
477.0000 40.6200
478.0000 40.6200
479.0000 40.6200
480.0000 40.6200
481.0000 40.6200
482.0000 40.6200
483.0000 40.6200
484.0000 40.6200
485.0000 40.6200
486.0000 40.6200
487.0000 40.6200
488.0000 40.6200
489.0000 40.6200
490.0000 40.6200
491.0000 40.6200
492.0000 40.6200
493.0000 40.6200
494.0000 40.6200
495.0000 40.5600
496.0000 40.5600
497.0000 40.5600
498.0000 40.5600
499.0000 40.5600
500.0000 40.5000
501.0000 40.5600
502.0000 40.5000
503.0000 40.5000
504.0000 40.5000
505.0000 40.5000
506.0000 40.5600
507.0000 40.5000
508.0000 40.5600
509.0000 40.5600
510.0000 40.5600
511.0000 40.5600
512.0000 40.5600
513.0000 40.5600
514.0000 40.5600
515.0000 40.5000
516.0000 40.5000
517.0000 40.5000
518.0000 40.5000
519.0000 40.5000
520.0000 40.5000
521.0000 40.5000
522.0000 40.5000
523.0000 40.5000
524.0000 40.5600
525.0000 40.5600
526.0000 40.5600
527.0000 40.5000
528.0000 40.5000
529.0000 40.5000
530.0000 40.5000
531.0000 40.5000
532.0000 40.5000
533.0000 40.5000
534.0000 40.5000
535.0000 40.5000
536.0000 40.5000
537.0000 40.5000
538.0000 40.5000
539.0000 40.5000
540.0000 40.5000
541.0000 40.5600
542.0000 40.5000
543.0000 40.5600
544.0000 40.5600
545.0000 40.5600
546.0000 40.5600
547.0000 40.5600
548.0000 40.5600
549.0000 40.5600
550.0000 40.5600
551.0000 40.5600
552.0000 40.6200
553.0000 40.6200
554.0000 40.6200
555.0000 40.6200
556.0000 40.6200
557.0000 40.6200
558.0000 40.6200
559.0000 40.6200
560.0000 40.6200
561.0000 40.6200
562.0000 40.6200
563.0000 40.6200
564.0000 40.6200
565.0000 40.6200
566.0000 40.6200
567.0000 40.6200
568.0000 40.6200
569.0000 40.6200
570.0000 40.6200
571.0000 40.6200
572.0000 40.6200
573.0000 40.6200
574.0000 40.6200
575.0000 40.6200
576.0000 40.6200
577.0000 40.6200
578.0000 40.6200
579.0000 40.6200
580.0000 40.6200
581.0000 40.6200
582.0000 40.6200
583.0000 40.6200
584.0000 40.6200
585.0000 40.6200
586.0000 40.6200
587.0000 40.6200
588.0000 40.6200
589.0000 40.6200
590.0000 40.6800
591.0000 40.6800
592.0000 40.6800
593.0000 40.6800
594.0000 40.6800
595.0000 40.6800
596.0000 40.6800
597.0000 40.6800
598.0000 40.6800
599.0000 40.6800
600.0000 40.6800
601.0000 40.6800
602.0000 40.6800
603.0000 40.6800
604.0000 40.6800
605.0000 40.6800
606.0000 40.6200
607.0000 40.6200
608.0000 40.6200
609.0000 40.6200
610.0000 40.6200
611.0000 40.6200
612.0000 40.6800
613.0000 40.6800
614.0000 40.6800
615.0000 40.6800
616.0000 40.6200
617.0000 40.6200
618.0000 40.6200
619.0000 40.6200
620.0000 40.6200
621.0000 40.6200
622.0000 40.6200
623.0000 40.6200
624.0000 40.6200
625.0000 40.6200
626.0000 40.6200
627.0000 40.6200
628.0000 40.6200
629.0000 40.6200
630.0000 40.6200
631.0000 40.6800
632.0000 40.6800
633.0000 40.6800
634.0000 40.7500
635.0000 40.7500
636.0000 40.8100
637.0000 40.8100
638.0000 40.8100
639.0000 40.8700
640.0000 40.8700
641.0000 40.9300
642.0000 40.9300
643.0000 41.0000
644.0000 41.0000
645.0000 41.0000
646.0000 41.0600
647.0000 41.0600
648.0000 41.0600
649.0000 41.0600
650.0000 41.0600
651.0000 41.0600
652.0000 41.1200
653.0000 41.1200
654.0000 41.1200
655.0000 41.1800
656.0000 41.2500
657.0000 41.2500
658.0000 41.2500
659.0000 41.2500
660.0000 41.2500
661.0000 41.3100
662.0000 41.3100
663.0000 41.3700
664.0000 41.3700
665.0000 41.3700
666.0000 41.3700
667.0000 41.3700
668.0000 41.3700
669.0000 41.3700
670.0000 41.3700
671.0000 41.3700
672.0000 41.3700
673.0000 41.3700
674.0000 41.4300
675.0000 41.4300
676.0000 41.4300
677.0000 41.5000
678.0000 41.5000
679.0000 41.5600
680.0000 41.6200
681.0000 41.6800
682.0000 41.6800
683.0000 41.7500
684.0000 41.7500
685.0000 41.7500
686.0000 41.7500
687.0000 41.7500
688.0000 41.8100
689.0000 41.8100
690.0000 41.8700
691.0000 41.8700
692.0000 41.8700
693.0000 41.9300
694.0000 41.8700
695.0000 41.8700
696.0000 41.8700
697.0000 41.8700
698.0000 41.8700
699.0000 41.8700
700.0000 41.8700
701.0000 41.8700
702.0000 41.8700
703.0000 41.8700
704.0000 41.8700
705.0000 41.8700
706.0000 41.8700
707.0000 41.8700
708.0000 41.9300
709.0000 41.8700
710.0000 41.8700
711.0000 41.9300
712.0000 41.9300
713.0000 41.9300
714.0000 42.0000
715.0000 42.0000
716.0000 41.9300
717.0000 41.9300
718.0000 41.9300
719.0000 41.9300
720.0000 41.9300
721.0000 41.9300
722.0000 41.9300
723.0000 41.9300
724.0000 41.9300
725.0000 41.9300
726.0000 41.9300
727.0000 41.8700
728.0000 41.8700
729.0000 41.8700
730.0000 41.8700
731.0000 41.8700
732.0000 41.8700
733.0000 41.8100
734.0000 41.8100
735.0000 41.8100
736.0000 41.8100
737.0000 41.8100
738.0000 41.8100
739.0000 41.7500
740.0000 41.7500
741.0000 41.7500
742.0000 41.7500
743.0000 41.6800
744.0000 41.6800
745.0000 41.6800
746.0000 41.6800
747.0000 41.6800
748.0000 41.6200
749.0000 41.6200
750.0000 41.6200
751.0000 41.6200
752.0000 41.6200
753.0000 41.6200
754.0000 41.5600
755.0000 41.5600
756.0000 41.5600
757.0000 41.5600
758.0000 41.5600
759.0000 41.5600
760.0000 41.5600
761.0000 41.5600
762.0000 41.5600
763.0000 41.5600
764.0000 41.5600
765.0000 41.5600
766.0000 41.5600
767.0000 41.5600
768.0000 41.5600
769.0000 41.6200
770.0000 41.6200
771.0000 41.6200
772.0000 41.6200
773.0000 41.6800
774.0000 41.6800
775.0000 41.6200
776.0000 41.6800
777.0000 41.6200
778.0000 41.6200
779.0000 41.6200
780.0000 41.6200
781.0000 41.6200
782.0000 41.6200
783.0000 41.6200
784.0000 41.6200
785.0000 41.6200
786.0000 41.6200
787.0000 41.6200
788.0000 41.5600
789.0000 41.5600
790.0000 41.5600
791.0000 41.5600
792.0000 41.5600
793.0000 41.5600
794.0000 41.5600
795.0000 41.5000
796.0000 41.5000
797.0000 41.5000
798.0000 41.4300
799.0000 41.4300
800.0000 41.4300
801.0000 41.3700
802.0000 41.3700
803.0000 41.4300
804.0000 41.4300
805.0000 41.4300
806.0000 41.4300
807.0000 41.4300
808.0000 41.4300
809.0000 41.5000
810.0000 41.5000
811.0000 41.5000
812.0000 41.4300
813.0000 41.4300
814.0000 41.4300
815.0000 41.4300
816.0000 41.4300
817.0000 41.4300
818.0000 41.4300
819.0000 41.4300
820.0000 41.4300
821.0000 41.4300
822.0000 41.4300
823.0000 41.4300
824.0000 41.4300
825.0000 41.4300
826.0000 41.4300
827.0000 41.4300
828.0000 41.4300
829.0000 41.4300
830.0000 41.4300
831.0000 41.4300
832.0000 41.5000
833.0000 41.5000
834.0000 41.5000
835.0000 41.5000
836.0000 41.5600
837.0000 41.5600
838.0000 41.6200
839.0000 41.6200
840.0000 41.6200
841.0000 41.6200
842.0000 41.6200
843.0000 41.6200
844.0000 41.6800
845.0000 41.6800
846.0000 41.6800
847.0000 41.6800
848.0000 41.6800
849.0000 41.6200
850.0000 41.6800
851.0000 41.6800
852.0000 41.6200
853.0000 41.6200
854.0000 41.6200
855.0000 41.6800
856.0000 41.6200
857.0000 41.6200
858.0000 41.6200
859.0000 41.6200
860.0000 41.6200
861.0000 41.6200
862.0000 41.6200
863.0000 41.6200
864.0000 41.6200
865.0000 41.6200
866.0000 41.6800
867.0000 41.6200
868.0000 41.6800
869.0000 41.6800
870.0000 41.6800
871.0000 41.6800
872.0000 41.6800
873.0000 41.6200
874.0000 41.6200
875.0000 41.6200
876.0000 41.6200
877.0000 41.6200
878.0000 41.6200
879.0000 41.6200
880.0000 41.6200
881.0000 41.6200
882.0000 41.6200
883.0000 41.6200
884.0000 41.6200
885.0000 41.6200
886.0000 41.5600
887.0000 41.6200
888.0000 41.6200
889.0000 41.6200
890.0000 41.6200
891.0000 41.6200
892.0000 41.6200
893.0000 41.6200
894.0000 41.6200
895.0000 41.6200
896.0000 41.6200
897.0000 41.6200
898.0000 41.6200
899.0000 41.6200
900.0000 41.6200
901.0000 41.6200
902.0000 41.6200
903.0000 41.5600
904.0000 41.5600
905.0000 41.6200
906.0000 41.6200
907.0000 41.6200
908.0000 41.6200
909.0000 41.6200
910.0000 41.6200
