1.0000 42.0600
2.0000 42.0600
3.0000 42.0600
4.0000 42.0600
5.0000 42.0600
6.0000 42.0600
7.0000 42.0600
8.0000 42.0600
9.0000 42.0600
10.0000 42.0600
11.0000 42.0600
12.0000 42.0600
13.0000 42.0600
14.0000 42.0600
15.0000 42.0600
16.0000 42.0600
17.0000 42.0600
18.0000 42.0600
19.0000 42.0600
20.0000 42.0600
21.0000 42.0600
22.0000 42.0600
23.0000 42.0600
24.0000 42.0600
25.0000 42.0600
26.0000 42.0600
27.0000 42.0600
28.0000 42.0600
29.0000 42.0600
30.0000 42.0600
31.0000 42.0600
32.0000 42.0600
33.0000 42.0600
34.0000 42.0600
35.0000 42.0600
36.0000 42.0600
37.0000 42.0600
38.0000 42.0600
39.0000 42.0600
40.0000 42.0600
41.0000 42.0600
42.0000 42.0600
43.0000 42.0600
44.0000 42.0600
45.0000 42.0600
46.0000 42.0600
47.0000 42.0600
48.0000 42.0600
49.0000 42.0600
50.0000 42.0600
51.0000 42.0600
52.0000 42.0600
53.0000 42.0600
54.0000 42.0600
55.0000 42.0600
56.0000 42.0600
57.0000 42.0600
58.0000 42.0600
59.0000 42.0600
60.0000 42.0600
61.0000 42.0600
62.0000 42.0600
63.0000 42.0600
64.0000 42.0600
65.0000 42.0600
66.0000 42.0600
67.0000 42.0600
68.0000 42.0600
69.0000 42.0600
70.0000 42.0600
71.0000 42.0600
72.0000 42.0600
73.0000 42.0600
74.0000 42.0600
75.0000 42.0600
76.0000 42.0600
77.0000 42.0600
78.0000 42.0600
79.0000 42.0600
80.0000 42.0600
81.0000 42.0600
82.0000 42.0600
83.0000 42.0600
84.0000 42.0600
85.0000 42.0600
86.0000 42.0600
87.0000 42.0600
88.0000 42.0600
89.0000 42.0600
90.0000 42.0600
91.0000 42.0600
92.0000 42.0600
93.0000 42.0600
94.0000 42.0600
95.0000 42.0600
96.0000 42.0600
97.0000 42.0600
98.0000 42.0600
99.0000 42.0600
100.0000 42.0600
101.0000 42.0600
102.0000 42.0600
103.0000 42.0600
104.0000 42.0600
105.0000 42.0600
106.0000 42.0600
107.0000 42.0600
108.0000 42.0600
109.0000 42.0600
110.0000 42.0600
111.0000 42.0600
112.0000 42.0600
113.0000 42.0600
114.0000 42.0600
115.0000 42.0600
116.0000 42.0600
117.0000 42.0600
118.0000 42.0600
119.0000 42.0600
120.0000 42.0600
121.0000 42.0600
122.0000 42.0600
123.0000 42.0600
124.0000 42.0600
125.0000 42.0600
126.0000 42.0600
127.0000 42.0600
128.0000 42.0600
129.0000 42.0600
130.0000 42.0600
131.0000 42.0600
132.0000 42.0600
133.0000 42.0600
134.0000 42.0600
135.0000 42.0600
136.0000 42.0600
137.0000 42.0600
138.0000 42.0600
139.0000 42.0600
140.0000 42.0600
141.0000 42.0600
142.0000 42.0600
143.0000 42.0600
144.0000 42.0600
145.0000 42.0600
146.0000 42.0600
147.0000 42.0600
148.0000 42.0600
149.0000 42.0600
150.0000 42.0600
151.0000 42.0600
152.0000 42.0600
153.0000 42.0600
154.0000 42.0600
155.0000 42.0600
156.0000 42.0600
157.0000 42.0600
158.0000 42.0600
159.0000 42.0600
160.0000 42.0600
161.0000 42.0600
162.0000 42.0600
163.0000 42.0600
164.0000 42.0600
165.0000 42.0600
166.0000 42.0600
167.0000 42.0600
168.0000 42.0600
169.0000 42.0600
170.0000 42.0600
171.0000 42.0600
172.0000 42.0600
173.0000 42.0600
174.0000 42.0600
175.0000 42.0600
176.0000 42.0600
177.0000 42.0600
178.0000 42.0600
179.0000 42.0600
180.0000 42.0600
181.0000 42.0600
182.0000 42.0600
183.0000 42.0600
184.0000 42.0600
185.0000 42.0600
186.0000 42.0600
187.0000 42.0600
188.0000 42.0600
189.0000 42.0600
190.0000 42.0600
191.0000 42.0600
192.0000 42.0600
193.0000 42.0600
194.0000 42.0600
195.0000 42.0600
196.0000 42.0600
197.0000 42.0600
198.0000 42.0600
199.0000 42.0600
200.0000 42.0600
201.0000 42.0600
202.0000 42.0600
203.0000 42.0600
204.0000 42.0600
205.0000 42.0600
206.0000 42.0600
207.0000 42.0600
208.0000 42.0600
209.0000 42.0600
210.0000 42.0600
211.0000 42.0600
212.0000 42.0600
213.0000 42.0600
214.0000 42.0600
215.0000 42.0600
216.0000 42.0600
217.0000 42.0600
218.0000 42.0600
219.0000 42.0600
220.0000 42.0600
221.0000 42.0600
222.0000 42.0600
223.0000 42.0600
224.0000 42.0600
225.0000 42.0600
226.0000 42.0600
227.0000 42.0600
228.0000 42.0600
229.0000 42.0600
230.0000 42.0600
231.0000 42.0600
232.0000 42.0600
233.0000 42.0600
234.0000 42.0600
235.0000 42.0600
236.0000 42.0600
237.0000 42.0600
238.0000 42.0600
239.0000 42.0600
240.0000 42.0600
241.0000 42.0600
242.0000 42.0600
243.0000 42.0600
244.0000 42.0600
245.0000 42.0600
246.0000 42.0600
247.0000 42.0600
248.0000 42.0600
249.0000 42.0600
250.0000 42.0600
251.0000 42.0600
252.0000 42.0600
253.0000 42.0600
254.0000 42.0600
255.0000 42.0600
256.0000 42.0600
257.0000 42.0600
258.0000 42.0600
259.0000 42.0600
260.0000 42.0600
261.0000 42.0600
262.0000 42.0600
263.0000 42.0600
264.0000 42.0600
265.0000 42.0600
266.0000 42.0600
267.0000 42.0600
268.0000 42.0600
269.0000 42.0600
270.0000 42.0600
271.0000 42.0600
272.0000 42.0600
273.0000 42.0600
274.0000 42.0600
275.0000 42.0600
276.0000 42.0600
277.0000 42.0600
278.0000 42.0600
279.0000 42.0600
280.0000 42.0600
281.0000 42.0600
282.0000 42.0600
283.0000 42.0600
284.0000 42.0600
285.0000 42.0600
286.0000 42.0600
287.0000 42.0600
288.0000 42.0600
289.0000 42.0600
290.0000 42.0600
291.0000 42.0600
292.0000 42.0600
293.0000 42.0600
294.0000 42.0600
295.0000 42.0600
296.0000 42.0600
297.0000 42.0600
298.0000 42.0600
299.0000 42.0600
300.0000 42.0600
301.0000 42.0600
302.0000 42.0600
303.0000 42.0600
304.0000 42.0600
305.0000 42.0600
306.0000 42.0600
307.0000 42.0600
308.0000 42.0600
309.0000 42.0600
310.0000 45.0600
311.0000 45.0600
312.0000 45.0600
313.0000 45.0600
314.0000 45.0600
315.0000 45.0600
316.0000 45.0600
317.0000 45.0600
318.0000 45.0600
319.0000 45.0600
320.0000 45.0600
321.0000 45.0600
322.0000 45.0600
323.0000 45.0600
324.0000 45.0600
325.0000 45.0600
326.0000 45.0600
327.0000 45.0600
328.0000 45.0600
329.0000 45.0600
330.0000 45.0600
331.0000 45.0600
332.0000 45.0600
333.0000 45.0600
334.0000 45.0600
335.0000 45.0600
336.0000 45.0600
337.0000 45.0600
338.0000 45.0600
339.0000 45.0600
340.0000 45.0600
341.0000 45.0600
342.0000 45.0600
343.0000 45.0600
344.0000 45.0600
345.0000 45.0600
346.0000 45.0600
347.0000 45.0600
348.0000 45.0600
349.0000 45.0600
350.0000 45.0600
351.0000 45.0600
352.0000 45.0600
353.0000 45.0600
354.0000 45.0600
355.0000 45.0600
356.0000 45.0600
357.0000 45.0600
358.0000 45.0600
359.0000 45.0600
360.0000 45.0600
361.0000 45.0600
362.0000 45.0600
363.0000 45.0600
364.0000 45.0600
365.0000 45.0600
366.0000 45.0600
367.0000 45.0600
368.0000 45.0600
369.0000 45.0600
370.0000 45.0600
371.0000 45.0600
372.0000 45.0600
373.0000 45.0600
374.0000 45.0600
375.0000 45.0600
376.0000 45.0600
377.0000 45.0600
378.0000 45.0600
379.0000 45.0600
380.0000 45.0600
381.0000 45.0600
382.0000 45.0600
383.0000 45.0600
384.0000 45.0600
385.0000 45.0600
386.0000 45.0600
387.0000 45.0600
388.0000 45.0600
389.0000 45.0600
390.0000 45.0600
391.0000 45.0600
392.0000 45.0600
393.0000 45.0600
394.0000 45.0600
395.0000 45.0600
396.0000 45.0600
397.0000 45.0600
398.0000 45.0600
399.0000 45.0600
400.0000 45.0600
401.0000 45.0600
402.0000 45.0600
403.0000 45.0600
404.0000 45.0600
405.0000 45.0600
406.0000 45.0600
407.0000 45.0600
408.0000 45.0600
409.0000 45.0600
410.0000 45.0600
411.0000 45.0600
412.0000 45.0600
413.0000 45.0600
414.0000 45.0600
415.0000 45.0600
416.0000 45.0600
417.0000 45.0600
418.0000 45.0600
419.0000 45.0600
420.0000 45.0600
421.0000 45.0600
422.0000 45.0600
423.0000 45.0600
424.0000 45.0600
425.0000 45.0600
426.0000 45.0600
427.0000 45.0600
428.0000 45.0600
429.0000 45.0600
430.0000 45.0600
431.0000 45.0600
432.0000 45.0600
433.0000 45.0600
434.0000 45.0600
435.0000 45.0600
436.0000 45.0600
437.0000 45.0600
438.0000 45.0600
439.0000 45.0600
440.0000 45.0600
441.0000 45.0600
442.0000 45.0600
443.0000 45.0600
444.0000 45.0600
445.0000 45.0600
446.0000 45.0600
447.0000 45.0600
448.0000 45.0600
449.0000 45.0600
450.0000 45.0600
451.0000 45.0600
452.0000 45.0600
453.0000 45.0600
454.0000 45.0600
455.0000 45.0600
456.0000 45.0600
457.0000 45.0600
458.0000 45.0600
459.0000 45.0600
460.0000 45.0600
461.0000 45.0600
462.0000 45.0600
463.0000 45.0600
464.0000 45.0600
465.0000 45.0600
466.0000 45.0600
467.0000 45.0600
468.0000 45.0600
469.0000 45.0600
470.0000 45.0600
471.0000 45.0600
472.0000 45.0600
473.0000 45.0600
474.0000 45.0600
475.0000 45.0600
476.0000 45.0600
477.0000 45.0600
478.0000 45.0600
479.0000 45.0600
480.0000 45.0600
481.0000 45.0600
482.0000 45.0600
483.0000 45.0600
484.0000 45.0600
485.0000 45.0600
486.0000 45.0600
487.0000 45.0600
488.0000 45.0600
489.0000 45.0600
490.0000 45.0600
491.0000 45.0600
492.0000 45.0600
493.0000 45.0600
494.0000 45.0600
495.0000 45.0600
496.0000 45.0600
497.0000 45.0600
498.0000 45.0600
499.0000 45.0600
500.0000 45.0600
501.0000 45.0600
502.0000 45.0600
503.0000 45.0600
504.0000 45.0600
505.0000 45.0600
506.0000 45.0600
507.0000 45.0600
508.0000 45.0600
509.0000 45.0600
510.0000 45.0600
511.0000 45.0600
512.0000 45.0600
513.0000 45.0600
514.0000 45.0600
515.0000 45.0600
516.0000 45.0600
517.0000 45.0600
518.0000 45.0600
519.0000 45.0600
520.0000 45.0600
521.0000 45.0600
522.0000 45.0600
523.0000 45.0600
524.0000 45.0600
525.0000 45.0600
526.0000 45.0600
527.0000 45.0600
528.0000 45.0600
529.0000 45.0600
530.0000 45.0600
531.0000 45.0600
532.0000 45.0600
533.0000 45.0600
534.0000 45.0600
535.0000 45.0600
536.0000 45.0600
537.0000 45.0600
538.0000 45.0600
539.0000 45.0600
540.0000 45.0600
541.0000 45.0600
542.0000 45.0600
543.0000 45.0600
544.0000 45.0600
545.0000 45.0600
546.0000 45.0600
547.0000 45.0600
548.0000 45.0600
549.0000 45.0600
550.0000 45.0600
551.0000 45.0600
552.0000 45.0600
553.0000 45.0600
554.0000 45.0600
555.0000 45.0600
556.0000 45.0600
557.0000 45.0600
558.0000 45.0600
559.0000 45.0600
560.0000 45.0600
561.0000 45.0600
562.0000 45.0600
563.0000 45.0600
564.0000 45.0600
565.0000 45.0600
566.0000 45.0600
567.0000 45.0600
568.0000 45.0600
569.0000 45.0600
570.0000 45.0600
571.0000 45.0600
572.0000 45.0600
573.0000 45.0600
574.0000 45.0600
575.0000 45.0600
576.0000 45.0600
577.0000 45.0600
578.0000 45.0600
579.0000 45.0600
580.0000 45.0600
581.0000 45.0600
582.0000 45.0600
583.0000 45.0600
584.0000 45.0600
585.0000 45.0600
586.0000 45.0600
587.0000 45.0600
588.0000 45.0600
589.0000 45.0600
590.0000 45.0600
591.0000 45.0600
592.0000 45.0600
593.0000 45.0600
594.0000 45.0600
595.0000 45.0600
596.0000 45.0600
597.0000 45.0600
598.0000 45.0600
599.0000 45.0600
600.0000 45.0600
601.0000 45.0600
602.0000 45.0600
603.0000 45.0600
604.0000 45.0600
605.0000 45.0600
606.0000 45.0600
607.0000 45.0600
608.0000 45.0600
609.0000 45.0600
610.0000 45.0600
611.0000 45.0600
612.0000 45.0600
613.0000 45.0600
614.0000 45.0600
615.0000 45.0600
616.0000 45.0600
617.0000 45.0600
618.0000 45.0600
619.0000 45.0600
620.0000 45.0600
621.0000 45.0600
622.0000 45.0600
623.0000 45.0600
624.0000 45.0600
625.0000 45.0600
626.0000 45.0600
627.0000 45.0600
628.0000 45.0600
629.0000 45.0600
630.0000 45.0600
631.0000 45.0600
632.0000 45.0600
633.0000 45.0600
634.0000 45.0600
635.0000 45.0600
636.0000 45.0600
637.0000 45.0600
638.0000 45.0600
639.0000 45.0600
640.0000 45.0600
641.0000 45.0600
642.0000 45.0600
643.0000 45.0600
644.0000 45.0600
645.0000 45.0600
646.0000 45.0600
647.0000 45.0600
648.0000 45.0600
649.0000 45.0600
650.0000 45.0600
651.0000 45.0600
652.0000 45.0600
653.0000 45.0600
654.0000 45.0600
655.0000 45.0600
656.0000 45.0600
657.0000 45.0600
658.0000 45.0600
659.0000 45.0600
660.0000 45.0600
661.0000 45.0600
662.0000 45.0600
663.0000 45.0600
664.0000 45.0600
665.0000 45.0600
666.0000 45.0600
667.0000 45.0600
668.0000 45.0600
669.0000 45.0600
670.0000 45.0600
671.0000 45.0600
672.0000 45.0600
673.0000 45.0600
674.0000 45.0600
675.0000 45.0600
676.0000 45.0600
677.0000 45.0600
678.0000 45.0600
679.0000 45.0600
680.0000 45.0600
681.0000 45.0600
682.0000 45.0600
683.0000 45.0600
684.0000 45.0600
685.0000 45.0600
686.0000 45.0600
687.0000 45.0600
688.0000 45.0600
689.0000 45.0600
690.0000 45.0600
691.0000 45.0600
692.0000 45.0600
693.0000 45.0600
694.0000 45.0600
695.0000 45.0600
696.0000 45.0600
697.0000 45.0600
698.0000 45.0600
699.0000 45.0600
700.0000 45.0600
701.0000 45.0600
702.0000 45.0600
703.0000 45.0600
704.0000 45.0600
705.0000 45.0600
706.0000 45.0600
707.0000 45.0600
708.0000 45.0600
709.0000 45.0600
710.0000 45.0600
711.0000 45.0600
712.0000 45.0600
713.0000 45.0600
714.0000 45.0600
715.0000 45.0600
716.0000 45.0600
717.0000 45.0600
718.0000 45.0600
719.0000 45.0600
720.0000 45.0600
721.0000 45.0600
722.0000 45.0600
723.0000 45.0600
724.0000 45.0600
725.0000 45.0600
726.0000 45.0600
727.0000 45.0600
728.0000 45.0600
729.0000 45.0600
730.0000 45.0600
731.0000 45.0600
732.0000 45.0600
733.0000 45.0600
734.0000 45.0600
735.0000 45.0600
736.0000 45.0600
737.0000 45.0600
738.0000 45.0600
739.0000 45.0600
740.0000 45.0600
741.0000 45.0600
742.0000 45.0600
743.0000 45.0600
744.0000 45.0600
745.0000 45.0600
746.0000 45.0600
747.0000 45.0600
748.0000 45.0600
749.0000 45.0600
750.0000 45.0600
751.0000 45.0600
752.0000 45.0600
753.0000 45.0600
754.0000 45.0600
755.0000 45.0600
756.0000 45.0600
757.0000 45.0600
758.0000 45.0600
759.0000 45.0600
760.0000 45.0600
761.0000 45.0600
762.0000 45.0600
763.0000 45.0600
764.0000 45.0600
765.0000 45.0600
766.0000 45.0600
767.0000 45.0600
768.0000 45.0600
769.0000 45.0600
770.0000 45.0600
771.0000 45.0600
772.0000 45.0600
773.0000 45.0600
774.0000 45.0600
775.0000 45.0600
776.0000 45.0600
777.0000 45.0600
778.0000 45.0600
779.0000 45.0600
780.0000 45.0600
781.0000 45.0600
782.0000 45.0600
783.0000 45.0600
784.0000 45.0600
785.0000 45.0600
786.0000 45.0600
787.0000 45.0600
788.0000 45.0600
789.0000 45.0600
790.0000 45.0600
791.0000 45.0600
792.0000 45.0600
793.0000 45.0600
794.0000 45.0600
795.0000 45.0600
796.0000 45.0600
797.0000 45.0600
798.0000 45.0600
799.0000 45.0600
800.0000 45.0600
801.0000 45.0600
802.0000 45.0600
803.0000 45.0600
804.0000 45.0600
805.0000 45.0600
806.0000 45.0600
807.0000 45.0600
808.0000 45.0600
809.0000 45.0600
810.0000 45.0600
811.0000 45.0600
812.0000 45.0600
813.0000 45.0600
814.0000 45.0600
815.0000 45.0600
816.0000 45.0600
817.0000 45.0600
818.0000 45.0600
819.0000 45.0600
820.0000 45.0600
821.0000 45.0600
822.0000 45.0600
823.0000 45.0600
824.0000 45.0600
825.0000 45.0600
826.0000 45.0600
827.0000 45.0600
828.0000 45.0600
829.0000 45.0600
830.0000 45.0600
831.0000 45.0600
832.0000 45.0600
833.0000 45.0600
834.0000 45.0600
835.0000 45.0600
836.0000 45.0600
837.0000 45.0600
838.0000 45.0600
839.0000 45.0600
840.0000 45.0600
841.0000 45.0600
842.0000 45.0600
843.0000 45.0600
844.0000 45.0600
845.0000 45.0600
846.0000 45.0600
847.0000 45.0600
848.0000 45.0600
849.0000 45.0600
850.0000 45.0600
851.0000 45.0600
852.0000 45.0600
853.0000 45.0600
854.0000 45.0600
855.0000 45.0600
856.0000 45.0600
857.0000 45.0600
858.0000 45.0600
859.0000 45.0600
860.0000 45.0600
861.0000 45.0600
862.0000 45.0600
863.0000 45.0600
864.0000 45.0600
865.0000 45.0600
866.0000 45.0600
867.0000 45.0600
868.0000 45.0600
869.0000 45.0600
870.0000 45.0600
871.0000 45.0600
872.0000 45.0600
873.0000 45.0600
874.0000 45.0600
875.0000 45.0600
876.0000 45.0600
877.0000 45.0600
878.0000 45.0600
879.0000 45.0600
880.0000 45.0600
881.0000 45.0600
882.0000 45.0600
883.0000 45.0600
884.0000 45.0600
885.0000 45.0600
886.0000 45.0600
887.0000 45.0600
888.0000 45.0600
889.0000 45.0600
890.0000 45.0600
891.0000 45.0600
892.0000 45.0600
893.0000 45.0600
894.0000 45.0600
895.0000 45.0600
896.0000 45.0600
897.0000 45.0600
898.0000 45.0600
899.0000 45.0600
900.0000 45.0600
901.0000 45.0600
902.0000 45.0600
903.0000 45.0600
904.0000 45.0600
905.0000 45.0600
906.0000 45.0600
907.0000 45.0600
908.0000 45.0600
909.0000 45.0600
910.0000 43.0600
911.0000 43.0600
912.0000 43.0600
913.0000 43.0600
914.0000 43.0600
915.0000 43.0600
916.0000 43.0600
917.0000 43.0600
918.0000 43.0600
919.0000 43.0600
920.0000 43.0600
921.0000 43.0600
922.0000 43.0600
923.0000 43.0600
924.0000 43.0600
925.0000 43.0600
926.0000 43.0600
927.0000 43.0600
928.0000 43.0600
929.0000 43.0600
930.0000 43.0600
931.0000 43.0600
932.0000 43.0600
933.0000 43.0600
934.0000 43.0600
935.0000 43.0600
936.0000 43.0600
937.0000 43.0600
938.0000 43.0600
939.0000 43.0600
940.0000 43.0600
941.0000 43.0600
942.0000 43.0600
943.0000 43.0600
944.0000 43.0600
945.0000 43.0600
946.0000 43.0600
947.0000 43.0600
948.0000 43.0600
949.0000 43.0600
950.0000 43.0600
951.0000 43.0600
952.0000 43.0600
953.0000 43.0600
954.0000 43.0600
955.0000 43.0600
956.0000 43.0600
957.0000 43.0600
958.0000 43.0600
959.0000 43.0600
960.0000 43.0600
961.0000 43.0600
962.0000 43.0600
963.0000 43.0600
964.0000 43.0600
965.0000 43.0600
966.0000 43.0600
967.0000 43.0600
968.0000 43.0600
969.0000 43.0600
970.0000 43.0600
971.0000 43.0600
972.0000 43.0600
973.0000 43.0600
974.0000 43.0600
975.0000 43.0600
976.0000 43.0600
977.0000 43.0600
978.0000 43.0600
979.0000 43.0600
980.0000 43.0600
981.0000 43.0600
982.0000 43.0600
983.0000 43.0600
984.0000 43.0600
985.0000 43.0600
986.0000 43.0600
987.0000 43.0600
988.0000 43.0600
989.0000 43.0600
990.0000 43.0600
991.0000 43.0600
992.0000 43.0600
993.0000 43.0600
994.0000 43.0600
995.0000 43.0600
996.0000 43.0600
997.0000 43.0600
998.0000 43.0600
999.0000 43.0600
1000.0000 43.0600
1001.0000 43.0600
1002.0000 43.0600
1003.0000 43.0600
1004.0000 43.0600
1005.0000 43.0600
1006.0000 43.0600
1007.0000 43.0600
1008.0000 43.0600
1009.0000 43.0600
1010.0000 43.0600
1011.0000 43.0600
1012.0000 43.0600
1013.0000 43.0600
1014.0000 43.0600
1015.0000 43.0600
1016.0000 43.0600
1017.0000 43.0600
1018.0000 43.0600
1019.0000 43.0600
1020.0000 43.0600
1021.0000 43.0600
1022.0000 43.0600
1023.0000 43.0600
1024.0000 43.0600
1025.0000 43.0600
1026.0000 43.0600
1027.0000 43.0600
1028.0000 43.0600
1029.0000 43.0600
1030.0000 43.0600
1031.0000 43.0600
1032.0000 43.0600
1033.0000 43.0600
1034.0000 43.0600
1035.0000 43.0600
1036.0000 43.0600
1037.0000 43.0600
1038.0000 43.0600
1039.0000 43.0600
1040.0000 43.0600
1041.0000 43.0600
1042.0000 43.0600
1043.0000 43.0600
1044.0000 43.0600
1045.0000 43.0600
1046.0000 43.0600
1047.0000 43.0600
1048.0000 43.0600
1049.0000 43.0600
1050.0000 43.0600
1051.0000 43.0600
1052.0000 43.0600
1053.0000 43.0600
1054.0000 43.0600
1055.0000 43.0600
1056.0000 43.0600
1057.0000 43.0600
1058.0000 43.0600
1059.0000 43.0600
1060.0000 43.0600
1061.0000 43.0600
1062.0000 43.0600
1063.0000 43.0600
1064.0000 43.0600
1065.0000 43.0600
1066.0000 43.0600
1067.0000 43.0600
1068.0000 43.0600
1069.0000 43.0600
1070.0000 43.0600
1071.0000 43.0600
1072.0000 43.0600
1073.0000 43.0600
1074.0000 43.0600
1075.0000 43.0600
1076.0000 43.0600
1077.0000 43.0600
1078.0000 43.0600
1079.0000 43.0600
1080.0000 43.0600
1081.0000 43.0600
1082.0000 43.0600
1083.0000 43.0600
1084.0000 43.0600
1085.0000 43.0600
1086.0000 43.0600
1087.0000 43.0600
1088.0000 43.0600
1089.0000 43.0600
1090.0000 43.0600
1091.0000 43.0600
1092.0000 43.0600
1093.0000 43.0600
1094.0000 43.0600
1095.0000 43.0600
1096.0000 43.0600
1097.0000 43.0600
1098.0000 43.0600
1099.0000 43.0600
1100.0000 43.0600
1101.0000 43.0600
1102.0000 43.0600
1103.0000 43.0600
1104.0000 43.0600
1105.0000 43.0600
1106.0000 43.0600
1107.0000 43.0600
1108.0000 43.0600
1109.0000 43.0600
1110.0000 43.0600
1111.0000 43.0600
1112.0000 43.0600
1113.0000 43.0600
1114.0000 43.0600
1115.0000 43.0600
1116.0000 43.0600
1117.0000 43.0600
1118.0000 43.0600
1119.0000 43.0600
1120.0000 43.0600
1121.0000 43.0600
1122.0000 43.0600
1123.0000 43.0600
1124.0000 43.0600
1125.0000 43.0600
1126.0000 43.0600
1127.0000 43.0600
1128.0000 43.0600
1129.0000 43.0600
1130.0000 43.0600
1131.0000 43.0600
1132.0000 43.0600
1133.0000 43.0600
1134.0000 43.0600
1135.0000 43.0600
1136.0000 43.0600
1137.0000 43.0600
1138.0000 43.0600
1139.0000 43.0600
1140.0000 43.0600
1141.0000 43.0600
1142.0000 43.0600
1143.0000 43.0600
1144.0000 43.0600
1145.0000 43.0600
1146.0000 43.0600
1147.0000 43.0600
1148.0000 43.0600
1149.0000 43.0600
1150.0000 43.0600
1151.0000 43.0600
1152.0000 43.0600
1153.0000 43.0600
1154.0000 43.0600
1155.0000 43.0600
1156.0000 43.0600
1157.0000 43.0600
1158.0000 43.0600
1159.0000 43.0600
1160.0000 43.0600
1161.0000 43.0600
1162.0000 43.0600
1163.0000 43.0600
1164.0000 43.0600
1165.0000 43.0600
1166.0000 43.0600
1167.0000 43.0600
1168.0000 43.0600
1169.0000 43.0600
1170.0000 43.0600
1171.0000 43.0600
1172.0000 43.0600
1173.0000 43.0600
1174.0000 43.0600
1175.0000 43.0600
1176.0000 43.0600
1177.0000 43.0600
1178.0000 43.0600
1179.0000 43.0600
1180.0000 43.0600
1181.0000 43.0600
1182.0000 43.0600
1183.0000 43.0600
1184.0000 43.0600
1185.0000 43.0600
1186.0000 43.0600
1187.0000 43.0600
1188.0000 43.0600
1189.0000 43.0600
1190.0000 43.0600
1191.0000 43.0600
1192.0000 43.0600
1193.0000 43.0600
1194.0000 43.0600
1195.0000 43.0600
1196.0000 43.0600
1197.0000 43.0600
1198.0000 43.0600
1199.0000 43.0600
1200.0000 43.0600
1201.0000 43.0600
1202.0000 43.0600
1203.0000 43.0600
1204.0000 43.0600
1205.0000 43.0600
1206.0000 43.0600
1207.0000 43.0600
1208.0000 43.0600
1209.0000 43.0600
1210.0000 43.0600
1211.0000 43.0600
1212.0000 43.0600
1213.0000 43.0600
1214.0000 43.0600
1215.0000 43.0600
1216.0000 43.0600
1217.0000 43.0600
1218.0000 43.0600
1219.0000 43.0600
1220.0000 43.0600
1221.0000 43.0600
1222.0000 43.0600
1223.0000 43.0600
1224.0000 43.0600
1225.0000 43.0600
1226.0000 43.0600
1227.0000 43.0600
1228.0000 43.0600
1229.0000 43.0600
1230.0000 43.0600
1231.0000 43.0600
1232.0000 43.0600
1233.0000 43.0600
1234.0000 43.0600
1235.0000 43.0600
1236.0000 43.0600
1237.0000 43.0600
1238.0000 43.0600
1239.0000 43.0600
1240.0000 43.0600
1241.0000 43.0600
1242.0000 43.0600
1243.0000 43.0600
1244.0000 43.0600
1245.0000 43.0600
1246.0000 43.0600
1247.0000 43.0600
1248.0000 43.0600
1249.0000 43.0600
1250.0000 43.0600
1251.0000 43.0600
1252.0000 43.0600
1253.0000 43.0600
1254.0000 43.0600
1255.0000 43.0600
1256.0000 43.0600
1257.0000 43.0600
1258.0000 43.0600
1259.0000 43.0600
1260.0000 43.0600
1261.0000 43.0600
1262.0000 43.0600
1263.0000 43.0600
1264.0000 43.0600
1265.0000 43.0600
1266.0000 43.0600
1267.0000 43.0600
1268.0000 43.0600
1269.0000 43.0600
1270.0000 43.0600
1271.0000 43.0600
1272.0000 43.0600
1273.0000 43.0600
1274.0000 43.0600
1275.0000 43.0600
1276.0000 43.0600
1277.0000 43.0600
1278.0000 43.0600
1279.0000 43.0600
1280.0000 43.0600
1281.0000 43.0600
1282.0000 43.0600
1283.0000 43.0600
1284.0000 43.0600
1285.0000 43.0600
1286.0000 43.0600
1287.0000 43.0600
1288.0000 43.0600
1289.0000 43.0600
1290.0000 43.0600
1291.0000 43.0600
1292.0000 43.0600
1293.0000 43.0600
1294.0000 43.0600
1295.0000 43.0600
1296.0000 43.0600
1297.0000 43.0600
1298.0000 43.0600
1299.0000 43.0600
1300.0000 43.0600
1301.0000 43.0600
1302.0000 43.0600
1303.0000 43.0600
1304.0000 43.0600
1305.0000 43.0600
1306.0000 43.0600
1307.0000 43.0600
1308.0000 43.0600
1309.0000 43.0600
1310.0000 43.0600
1311.0000 43.0600
1312.0000 43.0600
1313.0000 43.0600
1314.0000 43.0600
1315.0000 43.0600
1316.0000 43.0600
1317.0000 43.0600
1318.0000 43.0600
1319.0000 43.0600
1320.0000 43.0600
1321.0000 43.0600
1322.0000 43.0600
1323.0000 43.0600
1324.0000 43.0600
1325.0000 43.0600
1326.0000 43.0600
1327.0000 43.0600
1328.0000 43.0600
1329.0000 43.0600
1330.0000 43.0600
1331.0000 43.0600
1332.0000 43.0600
1333.0000 43.0600
1334.0000 43.0600
1335.0000 43.0600
1336.0000 43.0600
1337.0000 43.0600
1338.0000 43.0600
1339.0000 43.0600
1340.0000 43.0600
1341.0000 43.0600
1342.0000 43.0600
1343.0000 43.0600
1344.0000 43.0600
1345.0000 43.0600
1346.0000 43.0600
1347.0000 43.0600
1348.0000 43.0600
1349.0000 43.0600
1350.0000 43.0600
1351.0000 43.0600
1352.0000 43.0600
1353.0000 43.0600
1354.0000 43.0600
1355.0000 43.0600
1356.0000 43.0600
1357.0000 43.0600
1358.0000 43.0600
1359.0000 43.0600
1360.0000 43.0600
1361.0000 43.0600
1362.0000 43.0600
1363.0000 43.0600
1364.0000 43.0600
1365.0000 43.0600
1366.0000 43.0600
1367.0000 43.0600
1368.0000 43.0600
1369.0000 43.0600
1370.0000 43.0600
1371.0000 43.0600
1372.0000 43.0600
1373.0000 43.0600
1374.0000 43.0600
1375.0000 43.0600
1376.0000 43.0600
1377.0000 43.0600
1378.0000 43.0600
1379.0000 43.0600
1380.0000 43.0600
1381.0000 43.0600
1382.0000 43.0600
1383.0000 43.0600
1384.0000 43.0600
1385.0000 43.0600
1386.0000 43.0600
1387.0000 43.0600
1388.0000 43.0600
1389.0000 43.0600
1390.0000 43.0600
1391.0000 43.0600
1392.0000 43.0600
1393.0000 43.0600
1394.0000 43.0600
1395.0000 43.0600
1396.0000 43.0600
1397.0000 43.0600
1398.0000 43.0600
1399.0000 43.0600
1400.0000 43.0600
1401.0000 43.0600
1402.0000 43.0600
1403.0000 43.0600
1404.0000 43.0600
1405.0000 43.0600
1406.0000 43.0600
1407.0000 43.0600
1408.0000 43.0600
1409.0000 43.0600
1410.0000 43.0600
1411.0000 43.0600
1412.0000 43.0600
1413.0000 43.0600
1414.0000 43.0600
1415.0000 43.0600
1416.0000 43.0600
1417.0000 43.0600
1418.0000 43.0600
1419.0000 43.0600
1420.0000 43.0600
1421.0000 43.0600
1422.0000 43.0600
1423.0000 43.0600
1424.0000 43.0600
1425.0000 43.0600
1426.0000 43.0600
1427.0000 43.0600
1428.0000 43.0600
1429.0000 43.0600
1430.0000 43.0600
1431.0000 43.0600
1432.0000 43.0600
1433.0000 43.0600
1434.0000 43.0600
1435.0000 43.0600
1436.0000 43.0600
1437.0000 43.0600
1438.0000 43.0600
1439.0000 43.0600
1440.0000 43.0600
1441.0000 43.0600
1442.0000 43.0600
1443.0000 43.0600
1444.0000 43.0600
1445.0000 43.0600
1446.0000 43.0600
1447.0000 43.0600
1448.0000 43.0600
1449.0000 43.0600
1450.0000 43.0600
1451.0000 43.0600
1452.0000 43.0600
1453.0000 43.0600
1454.0000 43.0600
1455.0000 43.0600
1456.0000 43.0600
1457.0000 43.0600
1458.0000 43.0600
1459.0000 43.0600
1460.0000 43.0600
1461.0000 43.0600
1462.0000 43.0600
1463.0000 43.0600
1464.0000 43.0600
1465.0000 43.0600
1466.0000 43.0600
1467.0000 43.0600
1468.0000 43.0600
1469.0000 43.0600
1470.0000 43.0600
1471.0000 43.0600
1472.0000 43.0600
1473.0000 43.0600
1474.0000 43.0600
1475.0000 43.0600
1476.0000 43.0600
1477.0000 43.0600
1478.0000 43.0600
1479.0000 43.0600
1480.0000 43.0600
1481.0000 43.0600
1482.0000 43.0600
1483.0000 43.0600
1484.0000 43.0600
1485.0000 43.0600
1486.0000 43.0600
1487.0000 43.0600
1488.0000 43.0600
1489.0000 43.0600
1490.0000 43.0600
1491.0000 43.0600
1492.0000 43.0600
1493.0000 43.0600
1494.0000 43.0600
1495.0000 43.0600
1496.0000 43.0600
1497.0000 43.0600
1498.0000 43.0600
1499.0000 43.0600
1500.0000 43.0600
1501.0000 43.0600
1502.0000 43.0600
1503.0000 43.0600
1504.0000 43.0600
1505.0000 43.0600
1506.0000 43.0600
1507.0000 43.0600
1508.0000 43.0600
1509.0000 43.0600
1510.0000 44.0600
1511.0000 44.0600
1512.0000 44.0600
1513.0000 44.0600
1514.0000 44.0600
1515.0000 44.0600
1516.0000 44.0600
1517.0000 44.0600
1518.0000 44.0600
1519.0000 44.0600
1520.0000 44.0600
1521.0000 44.0600
1522.0000 44.0600
1523.0000 44.0600
1524.0000 44.0600
1525.0000 44.0600
1526.0000 44.0600
1527.0000 44.0600
1528.0000 44.0600
1529.0000 44.0600
1530.0000 44.0600
1531.0000 44.0600
1532.0000 44.0600
1533.0000 44.0600
1534.0000 44.0600
1535.0000 44.0600
1536.0000 44.0600
1537.0000 44.0600
1538.0000 44.0600
1539.0000 44.0600
1540.0000 44.0600
1541.0000 44.0600
1542.0000 44.0600
1543.0000 44.0600
1544.0000 44.0600
1545.0000 44.0600
1546.0000 44.0600
1547.0000 44.0600
1548.0000 44.0600
1549.0000 44.0600
1550.0000 44.0600
1551.0000 44.0600
1552.0000 44.0600
1553.0000 44.0600
1554.0000 44.0600
1555.0000 44.0600
1556.0000 44.0600
1557.0000 44.0600
1558.0000 44.0600
1559.0000 44.0600
1560.0000 44.0600
1561.0000 44.0600
1562.0000 44.0600
1563.0000 44.0600
1564.0000 44.0600
1565.0000 44.0600
1566.0000 44.0600
1567.0000 44.0600
1568.0000 44.0600
1569.0000 44.0600
1570.0000 44.0600
1571.0000 44.0600
1572.0000 44.0600
1573.0000 44.0600
1574.0000 44.0600
1575.0000 44.0600
1576.0000 44.0600
1577.0000 44.0600
1578.0000 44.0600
1579.0000 44.0600
1580.0000 44.0600
1581.0000 44.0600
1582.0000 44.0600
1583.0000 44.0600
1584.0000 44.0600
1585.0000 44.0600
1586.0000 44.0600
1587.0000 44.0600
1588.0000 44.0600
1589.0000 44.0600
1590.0000 44.0600
1591.0000 44.0600
1592.0000 44.0600
1593.0000 44.0600
1594.0000 44.0600
1595.0000 44.0600
1596.0000 44.0600
1597.0000 44.0600
1598.0000 44.0600
1599.0000 44.0600
1600.0000 44.0600
1601.0000 44.0600
1602.0000 44.0600
1603.0000 44.0600
1604.0000 44.0600
1605.0000 44.0600
1606.0000 44.0600
1607.0000 44.0600
1608.0000 44.0600
1609.0000 44.0600
1610.0000 44.0600
1611.0000 44.0600
1612.0000 44.0600
1613.0000 44.0600
1614.0000 44.0600
1615.0000 44.0600
1616.0000 44.0600
1617.0000 44.0600
1618.0000 44.0600
1619.0000 44.0600
1620.0000 44.0600
1621.0000 44.0600
1622.0000 44.0600
1623.0000 44.0600
1624.0000 44.0600
1625.0000 44.0600
1626.0000 44.0600
1627.0000 44.0600
1628.0000 44.0600
1629.0000 44.0600
1630.0000 44.0600
1631.0000 44.0600
1632.0000 44.0600
1633.0000 44.0600
1634.0000 44.0600
1635.0000 44.0600
1636.0000 44.0600
1637.0000 44.0600
1638.0000 44.0600
1639.0000 44.0600
1640.0000 44.0600
1641.0000 44.0600
1642.0000 44.0600
1643.0000 44.0600
1644.0000 44.0600
1645.0000 44.0600
1646.0000 44.0600
1647.0000 44.0600
1648.0000 44.0600
1649.0000 44.0600
1650.0000 44.0600
1651.0000 44.0600
1652.0000 44.0600
1653.0000 44.0600
1654.0000 44.0600
1655.0000 44.0600
1656.0000 44.0600
1657.0000 44.0600
1658.0000 44.0600
1659.0000 44.0600
1660.0000 44.0600
1661.0000 44.0600
1662.0000 44.0600
1663.0000 44.0600
1664.0000 44.0600
1665.0000 44.0600
1666.0000 44.0600
1667.0000 44.0600
1668.0000 44.0600
1669.0000 44.0600
1670.0000 44.0600
1671.0000 44.0600
1672.0000 44.0600
1673.0000 44.0600
1674.0000 44.0600
1675.0000 44.0600
1676.0000 44.0600
1677.0000 44.0600
1678.0000 44.0600
1679.0000 44.0600
1680.0000 44.0600
1681.0000 44.0600
1682.0000 44.0600
1683.0000 44.0600
1684.0000 44.0600
1685.0000 44.0600
1686.0000 44.0600
1687.0000 44.0600
1688.0000 44.0600
1689.0000 44.0600
1690.0000 44.0600
1691.0000 44.0600
1692.0000 44.0600
1693.0000 44.0600
1694.0000 44.0600
1695.0000 44.0600
1696.0000 44.0600
1697.0000 44.0600
1698.0000 44.0600
1699.0000 44.0600
1700.0000 44.0600
1701.0000 44.0600
1702.0000 44.0600
1703.0000 44.0600
1704.0000 44.0600
1705.0000 44.0600
1706.0000 44.0600
1707.0000 44.0600
1708.0000 44.0600
1709.0000 44.0600
1710.0000 44.0600
1711.0000 44.0600
1712.0000 44.0600
1713.0000 44.0600
1714.0000 44.0600
1715.0000 44.0600
1716.0000 44.0600
1717.0000 44.0600
1718.0000 44.0600
1719.0000 44.0600
1720.0000 44.0600
1721.0000 44.0600
1722.0000 44.0600
1723.0000 44.0600
1724.0000 44.0600
1725.0000 44.0600
1726.0000 44.0600
1727.0000 44.0600
1728.0000 44.0600
1729.0000 44.0600
1730.0000 44.0600
1731.0000 44.0600
1732.0000 44.0600
1733.0000 44.0600
1734.0000 44.0600
1735.0000 44.0600
1736.0000 44.0600
1737.0000 44.0600
1738.0000 44.0600
1739.0000 44.0600
1740.0000 44.0600
1741.0000 44.0600
1742.0000 44.0600
1743.0000 44.0600
1744.0000 44.0600
1745.0000 44.0600
1746.0000 44.0600
1747.0000 44.0600
1748.0000 44.0600
1749.0000 44.0600
1750.0000 44.0600
1751.0000 44.0600
1752.0000 44.0600
1753.0000 44.0600
1754.0000 44.0600
1755.0000 44.0600
1756.0000 44.0600
1757.0000 44.0600
1758.0000 44.0600
1759.0000 44.0600
1760.0000 44.0600
1761.0000 44.0600
1762.0000 44.0600
1763.0000 44.0600
1764.0000 44.0600
1765.0000 44.0600
1766.0000 44.0600
1767.0000 44.0600
1768.0000 44.0600
1769.0000 44.0600
1770.0000 44.0600
1771.0000 44.0600
1772.0000 44.0600
1773.0000 44.0600
1774.0000 44.0600
1775.0000 44.0600
1776.0000 44.0600
1777.0000 44.0600
1778.0000 44.0600
1779.0000 44.0600
1780.0000 44.0600
1781.0000 44.0600
1782.0000 44.0600
1783.0000 44.0600
1784.0000 44.0600
1785.0000 44.0600
1786.0000 44.0600
1787.0000 44.0600
1788.0000 44.0600
1789.0000 44.0600
1790.0000 44.0600
1791.0000 44.0600
1792.0000 44.0600
1793.0000 44.0600
1794.0000 44.0600
1795.0000 44.0600
1796.0000 44.0600
1797.0000 44.0600
1798.0000 44.0600
1799.0000 44.0600
1800.0000 44.0600
1801.0000 44.0600
1802.0000 44.0600
1803.0000 44.0600
1804.0000 44.0600
1805.0000 44.0600
1806.0000 44.0600
1807.0000 44.0600
1808.0000 44.0600
1809.0000 44.0600
1810.0000 44.0600
