1.0000 0.0000
2.0000 0.0000
3.0000 0.0000
4.0000 0.0000
5.0000 0.0000
6.0000 0.0000
7.0000 0.0000
8.0000 0.0000
9.0000 0.0000
10.0000 0.0000
11.0000 0.0000
12.0000 0.0000
13.0000 0.0000
14.0000 0.0000
15.0000 0.0000
16.0000 0.0000
17.0000 0.0000
18.0000 0.0000
19.0000 0.0000
20.0000 0.0000
21.0000 0.0000
22.0000 0.0000
23.0000 0.0000
24.0000 0.0000
25.0000 0.0000
26.0000 0.0000
27.0000 0.0000
28.0000 0.0000
29.0000 0.0000
30.0000 0.0000
31.0000 0.0000
32.0000 0.0000
33.0000 0.0000
34.0000 0.0000
35.0000 0.0000
36.0000 0.0000
37.0000 0.0000
38.0000 0.0000
39.0000 0.0000
40.0000 0.0000
41.0000 0.0000
42.0000 0.0000
43.0000 0.0000
44.0000 0.0000
45.0000 0.0000
46.0000 0.0000
47.0000 0.0000
48.0000 0.0000
49.0000 0.0000
50.0000 0.0000
51.0000 0.0000
52.0000 0.0000
53.0000 0.0000
54.0000 0.0000
55.0000 0.0000
56.0000 0.0000
57.0000 0.0000
58.0000 0.0000
59.0000 0.0000
60.0000 0.0000
61.0000 0.0000
62.0000 0.0000
63.0000 0.0000
64.0000 0.0000
65.0000 0.0000
66.0000 0.0000
67.0000 0.0000
68.0000 0.0000
69.0000 0.0000
70.0000 0.0000
71.0000 0.0000
72.0000 0.0000
73.0000 0.0000
74.0000 0.0000
75.0000 0.0000
76.0000 0.0000
77.0000 0.0000
78.0000 0.0000
79.0000 0.0000
80.0000 0.0000
81.0000 0.0000
82.0000 0.0000
83.0000 0.0000
84.0000 0.0000
85.0000 0.0000
86.0000 0.0000
87.0000 0.0000
88.0000 0.0000
89.0000 0.0000
90.0000 0.0000
91.0000 0.0000
92.0000 0.0000
93.0000 0.0000
94.0000 0.0000
95.0000 0.0000
96.0000 0.0000
97.0000 0.0000
98.0000 0.0000
99.0000 0.0000
100.0000 0.0000
101.0000 0.0000
102.0000 0.0000
103.0000 0.0000
104.0000 0.0000
105.0000 0.0000
106.0000 0.0000
107.0000 0.0000
108.0000 0.0000
109.0000 0.0000
110.0000 5.3611
111.0000 -4.1753
112.0000 5.3612
113.0000 -4.1753
114.0000 5.3612
115.0000 -4.1754
116.0000 5.3613
117.0000 -4.1754
118.0000 5.3613
119.0000 -4.1755
120.0000 5.3614
121.0000 -4.1755
122.0000 5.3614
123.0000 -4.1756
124.0000 5.3615
125.0000 -4.1757
126.0000 5.3616
127.0000 -4.1757
128.0000 5.3616
129.0000 -4.1758
130.0000 5.3617
131.0000 -4.1758
132.0000 5.3617
133.0000 -4.1759
134.0000 5.3618
135.0000 -4.1759
136.0000 5.3618
137.0000 -4.1760
138.0000 5.3619
139.0000 -4.1760
140.0000 5.3619
141.0000 -4.1761
142.0000 5.3620
143.0000 -4.1762
144.0000 5.3621
145.0000 -4.1762
146.0000 5.3621
147.0000 -4.1763
148.0000 5.3622
149.0000 -4.1763
150.0000 5.3622
151.0000 -4.1764
152.0000 5.3623
153.0000 -4.1764
154.0000 5.3623
155.0000 -4.1765
156.0000 5.3624
157.0000 -4.1766
158.0000 5.3625
159.0000 -4.1766
160.0000 5.3625
161.0000 -4.1767
162.0000 5.3626
163.0000 -4.1767
164.0000 5.3626
165.0000 -4.1768
166.0000 5.3627
167.0000 -4.1768
168.0000 5.3627
169.0000 -4.1769
170.0000 5.3628
171.0000 -4.1769
172.0000 5.3628
173.0000 -4.1770
174.0000 5.3629
175.0000 -4.1771
176.0000 5.3630
177.0000 -4.1771
178.0000 5.3630
179.0000 -4.1772
180.0000 5.3631
181.0000 -4.1772
182.0000 5.3631
183.0000 -4.1773
184.0000 5.3632
185.0000 -4.1773
186.0000 5.3632
187.0000 -4.1774
188.0000 5.3633
189.0000 -4.1775
190.0000 5.3634
191.0000 -4.1775
192.0000 5.3634
193.0000 -4.1776
194.0000 5.3635
195.0000 -4.1776
196.0000 5.3635
197.0000 -4.1777
198.0000 5.3636
199.0000 -4.1777
200.0000 5.3636
201.0000 -4.1778
202.0000 5.3637
203.0000 -4.1778
204.0000 5.3637
205.0000 -4.1779
206.0000 5.3638
207.0000 -4.1780
208.0000 5.3639
209.0000 -4.1780
210.0000 5.3639
211.0000 -4.1781
212.0000 5.3640
213.0000 -4.1781
214.0000 5.3640
215.0000 -4.1782
216.0000 5.3641
217.0000 -4.1782
218.0000 5.3641
219.0000 -4.1783
220.0000 5.3642
221.0000 -4.1784
222.0000 5.3643
223.0000 -4.1784
224.0000 5.3643
225.0000 -4.1785
226.0000 5.3644
227.0000 -4.1785
228.0000 5.3644
229.0000 -4.1786
230.0000 5.3645
231.0000 -4.1786
232.0000 5.3645
233.0000 -4.1787
234.0000 5.3646
235.0000 -4.1788
236.0000 5.3646
237.0000 -4.1788
238.0000 5.3647
239.0000 -4.1789
240.0000 5.3648
241.0000 -4.1789
242.0000 5.3648
243.0000 -4.1790
244.0000 5.3649
245.0000 -4.1790
246.0000 5.3649
247.0000 -4.1791
248.0000 5.3650
249.0000 -4.1791
250.0000 5.3650
251.0000 -4.1792
252.0000 5.3651
253.0000 -4.1793
254.0000 5.3652
255.0000 -4.1793
256.0000 5.3652
257.0000 -4.1794
258.0000 5.3653
259.0000 -4.1794
260.0000 5.3653
261.0000 -4.1795
262.0000 5.3654
263.0000 -4.1795
264.0000 5.3654
265.0000 -4.1796
266.0000 5.3655
267.0000 -4.1797
268.0000 5.3655
269.0000 -4.1797
270.0000 5.3656
271.0000 -4.1798
272.0000 5.3657
273.0000 -4.1798
274.0000 5.3657
275.0000 -4.1799
276.0000 5.3658
277.0000 -4.1799
278.0000 5.3658
279.0000 -4.1800
280.0000 5.3659
281.0000 -4.1800
282.0000 5.3659
283.0000 -4.1801
284.0000 5.3660
285.0000 -4.1802
286.0000 5.3661
287.0000 -4.1802
288.0000 5.3661
289.0000 -4.1803
290.0000 5.3662
291.0000 -4.1803
292.0000 5.3662
293.0000 -4.1804
294.0000 5.3663
295.0000 -4.1804
296.0000 5.3663
297.0000 -4.1805
298.0000 5.3664
299.0000 -4.1806
300.0000 5.3664
301.0000 -4.1806
302.0000 5.3665
303.0000 -4.1807
304.0000 5.3666
305.0000 -4.1807
306.0000 5.3666
307.0000 -4.1808
308.0000 5.3667
309.0000 -4.1808
310.0000 5.3667
311.0000 -4.1809
312.0000 5.3668
313.0000 -4.1809
314.0000 5.3668
315.0000 -4.1810
316.0000 5.3669
317.0000 -4.1811
318.0000 5.3670
319.0000 -4.1811
320.0000 5.3670
321.0000 -4.1812
322.0000 5.3671
323.0000 -4.1812
324.0000 5.3671
325.0000 -4.1813
326.0000 5.3672
327.0000 -4.1813
328.0000 5.3672
329.0000 -4.1814
330.0000 5.3673
331.0000 -4.1815
332.0000 5.3673
333.0000 -4.1815
334.0000 5.3674
335.0000 -4.1816
336.0000 5.3675
337.0000 -4.1816
338.0000 5.3675
339.0000 -4.1817
340.0000 5.3676
341.0000 -4.1817
342.0000 5.3676
343.0000 -4.1818
344.0000 5.3677
345.0000 -4.1818
346.0000 5.3677
347.0000 -4.1819
348.0000 5.3678
349.0000 -4.1820
350.0000 5.3679
351.0000 -4.1820
352.0000 5.3679
353.0000 -4.1821
354.0000 5.3680
355.0000 -4.1821
356.0000 5.3680
357.0000 -4.1822
358.0000 5.3681
359.0000 -4.1822
360.0000 5.3681
361.0000 -4.1823
362.0000 5.3682
363.0000 -4.1824
364.0000 5.3683
365.0000 -4.1824
366.0000 5.3683
367.0000 -4.1825
368.0000 5.3684
369.0000 -4.1825
370.0000 5.3684
371.0000 -4.1826
372.0000 5.3685
373.0000 -4.1826
374.0000 5.3685
375.0000 -4.1827
376.0000 5.3686
377.0000 -4.1827
378.0000 5.3686
379.0000 -4.1828
380.0000 5.3687
381.0000 -4.1829
382.0000 5.3688
383.0000 -4.1829
384.0000 5.3688
385.0000 -4.1830
386.0000 5.3689
387.0000 -4.1830
388.0000 5.3689
389.0000 -4.1831
390.0000 5.3690
391.0000 -4.1831
392.0000 5.3690
393.0000 -4.1832
394.0000 5.3691
395.0000 -4.1833
396.0000 5.3692
397.0000 -4.1833
398.0000 5.3692
399.0000 -4.1834
400.0000 5.3693
401.0000 -4.1834
402.0000 5.3693
403.0000 -4.1835
404.0000 5.3694
405.0000 -4.1835
406.0000 5.3694
407.0000 -4.1836
408.0000 5.3695
409.0000 -4.1837
410.0000 -5.3527
411.0000 4.1668
412.0000 -5.3527
413.0000 4.1669
414.0000 -5.3528
415.0000 4.1669
416.0000 -5.3528
417.0000 4.1670
418.0000 -5.3529
419.0000 4.1670
420.0000 -5.3529
421.0000 4.1671
422.0000 -5.3530
423.0000 4.1672
424.0000 -5.3530
425.0000 4.1672
426.0000 -5.3531
427.0000 4.1673
428.0000 -5.3532
429.0000 4.1673
430.0000 -5.3532
431.0000 4.1674
432.0000 -5.3533
433.0000 4.1674
434.0000 -5.3533
435.0000 4.1675
436.0000 -5.3534
437.0000 4.1675
438.0000 -5.3534
439.0000 4.1676
440.0000 -5.3535
441.0000 4.1677
442.0000 -5.3536
443.0000 4.1677
444.0000 -5.3536
445.0000 4.1678
446.0000 -5.3537
447.0000 4.1678
448.0000 -5.3537
449.0000 4.1679
450.0000 -5.3538
451.0000 4.1679
452.0000 -5.3538
453.0000 4.1680
454.0000 -5.3539
455.0000 4.1680
456.0000 -5.3539
457.0000 4.1681
458.0000 -5.3540
459.0000 4.1682
460.0000 -5.3541
461.0000 4.1682
462.0000 -5.3541
463.0000 4.1683
464.0000 -5.3542
465.0000 4.1683
466.0000 -5.3542
467.0000 4.1684
468.0000 -5.3543
469.0000 4.1684
470.0000 -5.3543
471.0000 4.1685
472.0000 -5.3544
473.0000 4.1686
474.0000 -5.3545
475.0000 4.1686
476.0000 -5.3545
477.0000 4.1687
478.0000 -5.3546
479.0000 4.1687
480.0000 -5.3546
481.0000 4.1688
482.0000 -5.3547
483.0000 4.1688
484.0000 -5.3547
485.0000 4.1689
486.0000 -5.3548
487.0000 4.1689
488.0000 -5.3548
489.0000 4.1690
490.0000 -5.3549
491.0000 4.1691
492.0000 -5.3550
493.0000 4.1691
494.0000 -5.3550
495.0000 4.1692
496.0000 -5.3551
497.0000 4.1692
498.0000 -5.3551
499.0000 4.1693
500.0000 -5.3552
501.0000 4.1693
502.0000 -5.3552
503.0000 4.1694
504.0000 -5.3553
505.0000 4.1695
506.0000 -5.3553
507.0000 4.1695
508.0000 -5.3554
509.0000 4.1696
510.0000 -5.3555
511.0000 4.1696
512.0000 -5.3555
513.0000 4.1697
514.0000 -5.3556
515.0000 4.1697
516.0000 -5.3556
517.0000 4.1698
518.0000 -5.3557
519.0000 4.1698
520.0000 -5.3557
521.0000 4.1699
522.0000 -5.3558
523.0000 4.1700
524.0000 -5.3559
525.0000 4.1700
526.0000 -5.3559
527.0000 4.1701
528.0000 -5.3560
529.0000 4.1701
530.0000 -5.3560
531.0000 4.1702
532.0000 -5.3561
533.0000 4.1702
534.0000 -5.3561
535.0000 4.1703
536.0000 -5.3562
537.0000 4.1704
538.0000 -5.3562
539.0000 4.1704
540.0000 -5.3563
541.0000 4.1705
542.0000 -5.3564
543.0000 4.1705
544.0000 -5.3564
545.0000 4.1706
546.0000 -5.3565
547.0000 4.1706
548.0000 -5.3565
549.0000 4.1707
550.0000 -5.3566
551.0000 4.1707
552.0000 -5.3566
553.0000 4.1708
554.0000 -5.3567
555.0000 4.1709
556.0000 -5.3568
557.0000 4.1709
558.0000 -5.3568
559.0000 4.1710
560.0000 -5.3569
561.0000 4.1710
562.0000 -5.3569
563.0000 4.1711
564.0000 -5.3570
565.0000 4.1711
566.0000 -5.3570
567.0000 4.1712
568.0000 -5.3571
569.0000 4.1713
570.0000 -5.3571
571.0000 4.1713
572.0000 -5.3572
573.0000 4.1714
574.0000 -5.3573
575.0000 4.1714
576.0000 -5.3573
577.0000 4.1715
578.0000 -5.3574
579.0000 4.1715
580.0000 -5.3574
581.0000 4.1716
582.0000 -5.3575
583.0000 4.1716
584.0000 -5.3575
585.0000 4.1717
586.0000 -5.3576
587.0000 4.1718
588.0000 -5.3577
589.0000 4.1718
590.0000 -5.3577
591.0000 4.1719
592.0000 -5.3578
593.0000 4.1719
594.0000 -5.3578
595.0000 4.1720
596.0000 -5.3579
597.0000 4.1720
598.0000 -5.3579
599.0000 4.1721
600.0000 -5.3580
601.0000 4.1722
602.0000 -5.3580
603.0000 4.1722
604.0000 -5.3581
605.0000 4.1723
606.0000 -5.3582
607.0000 4.1723
608.0000 -5.3582
609.0000 4.1724
610.0000 -5.3583
611.0000 4.1724
612.0000 -5.3583
613.0000 4.1725
614.0000 -5.3584
615.0000 4.1725
616.0000 -5.3584
617.0000 4.1726
618.0000 -5.3585
619.0000 4.1727
620.0000 -5.3586
621.0000 4.1727
622.0000 -5.3586
623.0000 4.1728
624.0000 -5.3587
625.0000 4.1728
626.0000 -5.3587
627.0000 4.1729
628.0000 -5.3588
629.0000 4.1729
630.0000 -5.3588
631.0000 4.1730
632.0000 -5.3589
633.0000 4.1731
634.0000 -5.3589
635.0000 4.1731
636.0000 -5.3590
637.0000 4.1732
638.0000 -5.3591
639.0000 4.1732
640.0000 -5.3591
641.0000 4.1733
642.0000 -5.3592
643.0000 4.1733
644.0000 -5.3592
645.0000 4.1734
646.0000 -5.3593
647.0000 4.1734
648.0000 -5.3593
649.0000 4.1735
650.0000 -5.3594
651.0000 4.1736
652.0000 -5.3595
653.0000 4.1736
654.0000 -5.3595
655.0000 4.1737
656.0000 -5.3596
657.0000 4.1737
658.0000 -5.3596
659.0000 4.1738
660.0000 -5.3597
661.0000 4.1738
662.0000 -5.3597
663.0000 4.1739
664.0000 -5.3598
665.0000 4.1740
666.0000 -5.3598
667.0000 4.1740
668.0000 -5.3599
669.0000 4.1741
670.0000 -5.3600
671.0000 4.1741
672.0000 -5.3600
673.0000 4.1742
674.0000 -5.3601
675.0000 4.1742
676.0000 -5.3601
677.0000 4.1743
678.0000 -5.3602
679.0000 4.1743
680.0000 -5.3602
681.0000 4.1744
682.0000 -5.3603
683.0000 4.1745
684.0000 -5.3604
685.0000 4.1745
686.0000 -5.3604
687.0000 4.1746
688.0000 -5.3605
689.0000 4.1746
690.0000 -5.3605
691.0000 4.1747
692.0000 -5.3606
693.0000 4.1747
694.0000 -5.3606
695.0000 4.1748
696.0000 -5.3607
697.0000 4.1749
698.0000 -5.3607
699.0000 4.1749
700.0000 -5.3608
701.0000 4.1750
702.0000 -5.3609
703.0000 4.1750
704.0000 -5.3609
705.0000 4.1751
706.0000 -5.3610
707.0000 4.1751
708.0000 -5.3610
709.0000 4.1752
710.0000 10.7222
711.0000 -8.3505
712.0000 10.7223
713.0000 -8.3506
714.0000 10.7224
715.0000 -8.3508
716.0000 10.7226
717.0000 -8.3509
718.0000 10.7227
719.0000 -8.3510
720.0000 10.7228
721.0000 -8.3511
722.0000 10.7229
723.0000 -8.3512
724.0000 10.7230
725.0000 -8.3513
726.0000 10.7231
727.0000 -8.3514
728.0000 10.7232
729.0000 -8.3515
730.0000 10.7233
731.0000 -8.3517
732.0000 10.7235
733.0000 -8.3518
734.0000 10.7236
735.0000 -8.3519
736.0000 10.7237
737.0000 -8.3520
738.0000 10.7238
739.0000 -8.3521
740.0000 10.7239
741.0000 -8.3522
742.0000 10.7240
743.0000 -8.3523
744.0000 10.7241
745.0000 -8.3524
746.0000 10.7242
747.0000 -8.3526
748.0000 10.7244
749.0000 -8.3527
750.0000 10.7245
751.0000 -8.3528
752.0000 10.7246
753.0000 -8.3529
754.0000 10.7247
755.0000 -8.3530
756.0000 10.7248
757.0000 -8.3531
758.0000 10.7249
759.0000 -8.3532
760.0000 10.7250
761.0000 -8.3533
762.0000 10.7251
763.0000 -8.3535
764.0000 10.7253
765.0000 -8.3536
766.0000 10.7254
767.0000 -8.3537
768.0000 10.7255
769.0000 -8.3538
770.0000 10.7256
771.0000 -8.3539
772.0000 10.7257
773.0000 -8.3540
774.0000 10.7258
775.0000 -8.3541
776.0000 10.7259
777.0000 -8.3543
778.0000 10.7260
779.0000 -8.3544
780.0000 10.7262
781.0000 -8.3545
782.0000 10.7263
783.0000 -8.3546
784.0000 10.7264
785.0000 -8.3547
786.0000 10.7265
787.0000 -8.3548
788.0000 10.7266
789.0000 -8.3549
790.0000 10.7267
791.0000 -8.3550
792.0000 10.7268
793.0000 -8.3552
794.0000 10.7269
795.0000 -8.3553
796.0000 10.7271
797.0000 -8.3554
798.0000 10.7272
799.0000 -8.3555
800.0000 10.7273
801.0000 -8.3556
802.0000 10.7274
803.0000 -8.3557
804.0000 10.7275
805.0000 -8.3558
806.0000 10.7276
807.0000 -8.3559
808.0000 10.7277
809.0000 -8.3561
810.0000 10.7278
811.0000 -8.3562
812.0000 10.7280
813.0000 -8.3563
814.0000 10.7281
815.0000 -8.3564
816.0000 10.7282
817.0000 -8.3565
818.0000 10.7283
819.0000 -8.3566
820.0000 10.7284
821.0000 -8.3567
822.0000 10.7285
823.0000 -8.3568
824.0000 10.7286
825.0000 -8.3570
826.0000 10.7287
827.0000 -8.3571
828.0000 10.7289
829.0000 -8.3572
830.0000 10.7290
831.0000 -8.3573
832.0000 10.7291
833.0000 -8.3574
834.0000 10.7292
835.0000 -8.3575
836.0000 10.7293
837.0000 -8.3576
838.0000 10.7294
839.0000 -8.3577
840.0000 10.7295
841.0000 -8.3579
842.0000 10.7296
843.0000 -8.3580
844.0000 10.7298
845.0000 -8.3581
846.0000 10.7299
847.0000 -8.3582
848.0000 10.7300
849.0000 -8.3583
850.0000 10.7301
851.0000 -8.3584
852.0000 10.7302
853.0000 -8.3585
854.0000 10.7303
855.0000 -8.3586
856.0000 10.7304
857.0000 -8.3588
858.0000 10.7305
859.0000 -8.3589
860.0000 10.7307
861.0000 -8.3590
862.0000 10.7308
863.0000 -8.3591
864.0000 10.7309
865.0000 -8.3592
866.0000 10.7310
867.0000 -8.3593
868.0000 10.7311
869.0000 -8.3594
870.0000 10.7312
871.0000 -8.3595
872.0000 10.7313
873.0000 -8.3597
874.0000 10.7314
875.0000 -8.3598
876.0000 10.7316
877.0000 -8.3599
878.0000 10.7317
879.0000 -8.3600
880.0000 10.7318
881.0000 -8.3601
882.0000 10.7319
883.0000 -8.3602
884.0000 10.7320
885.0000 -8.3603
886.0000 10.7321
887.0000 -8.3604
888.0000 10.7322
889.0000 -8.3606
890.0000 10.7323
891.0000 -8.3607
892.0000 10.7325
893.0000 -8.3608
894.0000 10.7326
895.0000 -8.3609
896.0000 10.7327
897.0000 -8.3610
898.0000 10.7328
899.0000 -8.3611
900.0000 10.7329
901.0000 -8.3612
902.0000 10.7330
903.0000 -8.3613
904.0000 10.7331
905.0000 -8.3615
906.0000 10.7332
907.0000 -8.3616
908.0000 10.7334
909.0000 -8.3617
910.0000 10.7335
