1.0000 0.0000
2.0000 0.0000
3.0000 0.0000
4.0000 0.0000
5.0000 0.0000
6.0000 0.0000
7.0000 0.0000
8.0000 0.0000
9.0000 0.0000
10.0000 0.0000
11.0000 0.0000
12.0000 0.0000
13.0000 0.0000
14.0000 0.0000
15.0000 0.0000
16.0000 0.0000
17.0000 0.0000
18.0000 0.0000
19.0000 0.0000
20.0000 0.0000
21.0000 0.0000
22.0000 0.0000
23.0000 0.0000
24.0000 0.0000
25.0000 0.0000
26.0000 0.0000
27.0000 0.0000
28.0000 0.0000
29.0000 0.0000
30.0000 0.0000
31.0000 0.0000
32.0000 0.0000
33.0000 0.0000
34.0000 0.0000
35.0000 0.0000
36.0000 0.0000
37.0000 0.0000
38.0000 0.0000
39.0000 0.0000
40.0000 0.0000
41.0000 0.0000
42.0000 0.0000
43.0000 0.0000
44.0000 0.0000
45.0000 0.0000
46.0000 0.0000
47.0000 0.0000
48.0000 0.0000
49.0000 0.0000
50.0000 0.0000
51.0000 0.0000
52.0000 0.0000
53.0000 0.0000
54.0000 0.0000
55.0000 0.0000
56.0000 0.0000
57.0000 0.0000
58.0000 0.0000
59.0000 0.0000
60.0000 0.0000
61.0000 0.0000
62.0000 0.0000
63.0000 0.0000
64.0000 0.0000
65.0000 0.0000
66.0000 0.0000
67.0000 0.0000
68.0000 0.0000
69.0000 0.0000
70.0000 0.0000
71.0000 0.0000
72.0000 0.0000
73.0000 0.0000
74.0000 0.0000
75.0000 0.0000
76.0000 0.0000
77.0000 0.0000
78.0000 0.0000
79.0000 0.0000
80.0000 0.0000
81.0000 0.0000
82.0000 0.0000
83.0000 0.0000
84.0000 0.0000
85.0000 0.0000
86.0000 0.0000
87.0000 0.0000
88.0000 0.0000
89.0000 0.0000
90.0000 0.0000
91.0000 0.0000
92.0000 0.0000
93.0000 0.0000
94.0000 0.0000
95.0000 0.0000
96.0000 0.0000
97.0000 0.0000
98.0000 0.0000
99.0000 0.0000
100.0000 0.0000
101.0000 0.0000
102.0000 0.0000
103.0000 0.0000
104.0000 0.0000
105.0000 0.0000
106.0000 0.0000
107.0000 0.0000
108.0000 0.0000
109.0000 0.0000
110.0000 0.0000
111.0000 0.0879
112.0000 0.0166
113.0000 0.1039
114.0000 0.0320
115.0000 0.1189
116.0000 0.0465
117.0000 0.1329
118.0000 0.0601
119.0000 0.1460
120.0000 0.0728
121.0000 0.1583
122.0000 0.0846
123.0000 0.1697
124.0000 0.0957
125.0000 0.1805
126.0000 0.1061
127.0000 0.1905
128.0000 0.1158
129.0000 0.1999
130.0000 0.1249
131.0000 0.2087
132.0000 0.1334
133.0000 0.2169
134.0000 0.1414
135.0000 0.2246
136.0000 0.1488
137.0000 0.2318
138.0000 0.1558
139.0000 0.2386
140.0000 0.1623
141.0000 0.2449
142.0000 0.1684
143.0000 0.2507
144.0000 0.1741
145.0000 0.2563
146.0000 0.1794
147.0000 0.2614
148.0000 0.1844
149.0000 0.2662
150.0000 0.1891
151.0000 0.2708
152.0000 0.1934
153.0000 0.2750
154.0000 0.1975
155.0000 0.2789
156.0000 0.2013
157.0000 0.2826
158.0000 0.2049
159.0000 0.2861
160.0000 0.2082
161.0000 0.2893
162.0000 0.2114
163.0000 0.2923
164.0000 0.2143
165.0000 0.2952
166.0000 0.2170
167.0000 0.2978
168.0000 0.2196
169.0000 0.3003
170.0000 0.2220
171.0000 0.3026
172.0000 0.2242
173.0000 0.3048
174.0000 0.2263
175.0000 0.3068
176.0000 0.2283
177.0000 0.3087
178.0000 0.2301
179.0000 0.3105
180.0000 0.2318
181.0000 0.3121
182.0000 0.2334
183.0000 0.3137
184.0000 0.2349
185.0000 0.3151
186.0000 0.2363
187.0000 0.3165
188.0000 0.2376
189.0000 0.3178
190.0000 0.2389
191.0000 0.3190
192.0000 0.2400
193.0000 0.3201
194.0000 0.2411
195.0000 0.3211
196.0000 0.2421
197.0000 0.3221
198.0000 0.2431
199.0000 0.3230
200.0000 0.2439
201.0000 0.3239
202.0000 0.2448
203.0000 0.3247
204.0000 0.2455
205.0000 0.3254
206.0000 0.2462
207.0000 0.3261
208.0000 0.2469
209.0000 0.3268
210.0000 0.2476
211.0000 0.3274
212.0000 0.2481
213.0000 0.3279
214.0000 0.2487
215.0000 0.3285
216.0000 0.2492
217.0000 0.3290
218.0000 0.2497
219.0000 0.3294
220.0000 0.2501
221.0000 0.3299
222.0000 0.2506
223.0000 0.3303
224.0000 0.2510
225.0000 0.3307
226.0000 0.2513
227.0000 0.3310
228.0000 0.2517
229.0000 0.3314
230.0000 0.2520
231.0000 0.3317
232.0000 0.2523
233.0000 0.3320
234.0000 0.2526
235.0000 0.3322
236.0000 0.2529
237.0000 0.3325
238.0000 0.2531
239.0000 0.3327
240.0000 0.2533
241.0000 0.3330
242.0000 0.2536
243.0000 0.3332
244.0000 0.2538
245.0000 0.3334
246.0000 0.2539
247.0000 0.3336
248.0000 0.2541
249.0000 0.3337
250.0000 0.2543
251.0000 0.3339
252.0000 0.2544
253.0000 0.3340
254.0000 0.2546
255.0000 0.3342
256.0000 0.2547
257.0000 0.3343
258.0000 0.2549
259.0000 0.3344
260.0000 0.2550
261.0000 0.3346
262.0000 0.2551
263.0000 0.3347
264.0000 0.2552
265.0000 0.3348
266.0000 0.2553
267.0000 0.3349
268.0000 0.2554
269.0000 0.3350
270.0000 0.2555
271.0000 0.3350
272.0000 0.2555
273.0000 0.3351
274.0000 0.2556
275.0000 0.3352
276.0000 0.2557
277.0000 0.3353
278.0000 0.2557
279.0000 0.3353
280.0000 0.2558
281.0000 0.3354
282.0000 0.2559
283.0000 0.3354
284.0000 0.2559
285.0000 0.3355
286.0000 0.2560
287.0000 0.3355
288.0000 0.2560
289.0000 0.3356
290.0000 0.2561
291.0000 0.3356
292.0000 0.2561
293.0000 0.3357
294.0000 0.2561
295.0000 0.3357
296.0000 0.2562
297.0000 0.3357
298.0000 0.2562
299.0000 0.3358
300.0000 0.2562
301.0000 0.3358
302.0000 0.2563
303.0000 0.3358
304.0000 0.2563
305.0000 0.3359
306.0000 0.2563
307.0000 0.3359
308.0000 0.2563
309.0000 0.3359
310.0000 0.2564
311.0000 0.3359
312.0000 0.2564
313.0000 0.3359
314.0000 0.2564
315.0000 0.3360
316.0000 0.2564
317.0000 0.3360
318.0000 0.2564
319.0000 0.3360
320.0000 0.2565
321.0000 0.3360
322.0000 0.2565
323.0000 0.3360
324.0000 0.2565
325.0000 0.3361
326.0000 0.2565
327.0000 0.3361
328.0000 0.2565
329.0000 0.3361
330.0000 0.2565
331.0000 0.3361
332.0000 0.2565
333.0000 0.3361
334.0000 0.2565
335.0000 0.3361
336.0000 0.2565
337.0000 0.3361
338.0000 0.2566
339.0000 0.3361
340.0000 0.2566
341.0000 0.3361
342.0000 0.2566
343.0000 0.3361
344.0000 0.2566
345.0000 0.3362
346.0000 0.2566
347.0000 0.3362
348.0000 0.2566
349.0000 0.3362
350.0000 0.2566
351.0000 0.3362
352.0000 0.2566
353.0000 0.3362
354.0000 0.2566
355.0000 0.3362
356.0000 0.2566
357.0000 0.3362
358.0000 0.2566
359.0000 0.3362
360.0000 0.2566
361.0000 0.3362
362.0000 0.2566
363.0000 0.3362
364.0000 0.2566
365.0000 0.3362
366.0000 0.2566
367.0000 0.3362
368.0000 0.2566
369.0000 0.3362
370.0000 0.2566
371.0000 0.3362
372.0000 0.2566
373.0000 0.3362
374.0000 0.2566
375.0000 0.3362
376.0000 0.2566
377.0000 0.3362
378.0000 0.2566
379.0000 0.3362
380.0000 0.2566
381.0000 0.3362
382.0000 0.2566
383.0000 0.3362
384.0000 0.2566
385.0000 0.3362
386.0000 0.2566
387.0000 0.3362
388.0000 0.2566
389.0000 0.3362
390.0000 0.2566
391.0000 0.3362
392.0000 0.2566
393.0000 0.3362
394.0000 0.2566
395.0000 0.3362
396.0000 0.2567
397.0000 0.3362
398.0000 0.2567
399.0000 0.3362
400.0000 0.2567
401.0000 0.3363
402.0000 0.2567
403.0000 0.3363
404.0000 0.2567
405.0000 0.3363
406.0000 0.2567
407.0000 0.3363
408.0000 0.2567
409.0000 0.3363
410.0000 0.2567
411.0000 0.1605
412.0000 0.2235
413.0000 0.1285
414.0000 0.1926
415.0000 0.0985
416.0000 0.1636
417.0000 0.0705
418.0000 0.1365
419.0000 0.0443
420.0000 0.1111
421.0000 0.0197
422.0000 0.0874
423.0000 -0.0032
424.0000 0.0652
425.0000 -0.0247
426.0000 0.0444
427.0000 -0.0448
428.0000 0.0250
429.0000 -0.0636
430.0000 0.0068
431.0000 -0.0812
432.0000 -0.0102
433.0000 -0.0976
434.0000 -0.0261
435.0000 -0.1130
436.0000 -0.0410
437.0000 -0.1274
438.0000 -0.0549
439.0000 -0.1408
440.0000 -0.0679
441.0000 -0.1534
442.0000 -0.0801
443.0000 -0.1652
444.0000 -0.0915
445.0000 -0.1762
446.0000 -0.1021
447.0000 -0.1866
448.0000 -0.1121
449.0000 -0.1962
450.0000 -0.1215
451.0000 -0.2052
452.0000 -0.1302
453.0000 -0.2137
454.0000 -0.1383
455.0000 -0.2216
456.0000 -0.1460
457.0000 -0.2290
458.0000 -0.1531
459.0000 -0.2359
460.0000 -0.1598
461.0000 -0.2423
462.0000 -0.1661
463.0000 -0.2484
464.0000 -0.1719
465.0000 -0.2540
466.0000 -0.1774
467.0000 -0.2593
468.0000 -0.1825
469.0000 -0.2643
470.0000 -0.1873
471.0000 -0.2689
472.0000 -0.1918
473.0000 -0.2733
474.0000 -0.1960
475.0000 -0.2773
476.0000 -0.1999
477.0000 -0.2811
478.0000 -0.2036
479.0000 -0.2847
480.0000 -0.2070
481.0000 -0.2880
482.0000 -0.2102
483.0000 -0.2911
484.0000 -0.2132
485.0000 -0.2940
486.0000 -0.2160
487.0000 -0.2967
488.0000 -0.2187
489.0000 -0.2993
490.0000 -0.2211
491.0000 -0.3016
492.0000 -0.2234
493.0000 -0.3039
494.0000 -0.2256
495.0000 -0.3059
496.0000 -0.2276
497.0000 -0.3079
498.0000 -0.2295
499.0000 -0.3097
500.0000 -0.2312
501.0000 -0.3114
502.0000 -0.2329
503.0000 -0.3130
504.0000 -0.2344
505.0000 -0.3145
506.0000 -0.2359
507.0000 -0.3159
508.0000 -0.2372
509.0000 -0.3172
510.0000 -0.2385
511.0000 -0.3184
512.0000 -0.2396
513.0000 -0.3196
514.0000 -0.2408
515.0000 -0.3206
516.0000 -0.2418
517.0000 -0.3216
518.0000 -0.2428
519.0000 -0.3226
520.0000 -0.2437
521.0000 -0.3235
522.0000 -0.2445
523.0000 -0.3243
524.0000 -0.2453
525.0000 -0.3250
526.0000 -0.2460
527.0000 -0.3258
528.0000 -0.2467
529.0000 -0.3264
530.0000 -0.2474
531.0000 -0.3271
532.0000 -0.2480
533.0000 -0.3276
534.0000 -0.2485
535.0000 -0.3282
536.0000 -0.2491
537.0000 -0.3287
538.0000 -0.2496
539.0000 -0.3292
540.0000 -0.2500
541.0000 -0.3296
542.0000 -0.2505
543.0000 -0.3301
544.0000 -0.2509
545.0000 -0.3305
546.0000 -0.2513
547.0000 -0.3308
548.0000 -0.2516
549.0000 -0.3312
550.0000 -0.2519
551.0000 -0.3315
552.0000 -0.2523
553.0000 -0.3318
554.0000 -0.2525
555.0000 -0.3321
556.0000 -0.2528
557.0000 -0.3323
558.0000 -0.2531
559.0000 -0.3326
560.0000 -0.2533
561.0000 -0.3328
562.0000 -0.2535
563.0000 -0.3330
564.0000 -0.2537
565.0000 -0.3332
566.0000 -0.2539
567.0000 -0.3334
568.0000 -0.2541
569.0000 -0.3336
570.0000 -0.2543
571.0000 -0.3338
572.0000 -0.2544
573.0000 -0.3339
574.0000 -0.2546
575.0000 -0.3341
576.0000 -0.2547
577.0000 -0.3342
578.0000 -0.2549
579.0000 -0.3343
580.0000 -0.2550
581.0000 -0.3344
582.0000 -0.2551
583.0000 -0.3346
584.0000 -0.2552
585.0000 -0.3347
586.0000 -0.2553
587.0000 -0.3348
588.0000 -0.2554
589.0000 -0.3349
590.0000 -0.2555
591.0000 -0.3349
592.0000 -0.2556
593.0000 -0.3350
594.0000 -0.2556
595.0000 -0.3351
596.0000 -0.2557
597.0000 -0.3352
598.0000 -0.2558
599.0000 -0.3352
600.0000 -0.2558
601.0000 -0.3353
602.0000 -0.2559
603.0000 -0.3353
604.0000 -0.2560
605.0000 -0.3354
606.0000 -0.2560
607.0000 -0.3355
608.0000 -0.2561
609.0000 -0.3355
610.0000 -0.2561
611.0000 -0.3355
612.0000 -0.2561
613.0000 -0.3356
614.0000 -0.2562
615.0000 -0.3356
616.0000 -0.2562
617.0000 -0.3357
618.0000 -0.2563
619.0000 -0.3357
620.0000 -0.2563
621.0000 -0.3357
622.0000 -0.2563
623.0000 -0.3358
624.0000 -0.2563
625.0000 -0.3358
626.0000 -0.2564
627.0000 -0.3358
628.0000 -0.2564
629.0000 -0.3358
630.0000 -0.2564
631.0000 -0.3359
632.0000 -0.2564
633.0000 -0.3359
634.0000 -0.2565
635.0000 -0.3359
636.0000 -0.2565
637.0000 -0.3359
638.0000 -0.2565
639.0000 -0.3359
640.0000 -0.2565
641.0000 -0.3359
642.0000 -0.2565
643.0000 -0.3360
644.0000 -0.2565
645.0000 -0.3360
646.0000 -0.2566
647.0000 -0.3360
648.0000 -0.2566
649.0000 -0.3360
650.0000 -0.2566
651.0000 -0.3360
652.0000 -0.2566
653.0000 -0.3360
654.0000 -0.2566
655.0000 -0.3360
656.0000 -0.2566
657.0000 -0.3360
658.0000 -0.2566
659.0000 -0.3361
660.0000 -0.2566
661.0000 -0.3361
662.0000 -0.2566
663.0000 -0.3361
664.0000 -0.2566
665.0000 -0.3361
666.0000 -0.2566
667.0000 -0.3361
668.0000 -0.2567
669.0000 -0.3361
670.0000 -0.2567
671.0000 -0.3361
672.0000 -0.2567
673.0000 -0.3361
674.0000 -0.2567
675.0000 -0.3361
676.0000 -0.2567
677.0000 -0.3361
678.0000 -0.2567
679.0000 -0.3361
680.0000 -0.2567
681.0000 -0.3361
682.0000 -0.2567
683.0000 -0.3361
684.0000 -0.2567
685.0000 -0.3361
686.0000 -0.2567
687.0000 -0.3361
688.0000 -0.2567
689.0000 -0.3361
690.0000 -0.2567
691.0000 -0.3361
692.0000 -0.2567
693.0000 -0.3362
694.0000 -0.2567
695.0000 -0.3362
696.0000 -0.2567
697.0000 -0.3362
698.0000 -0.2567
699.0000 -0.3362
700.0000 -0.2567
701.0000 -0.3362
702.0000 -0.2567
703.0000 -0.3362
704.0000 -0.2567
705.0000 -0.3362
706.0000 -0.2567
707.0000 -0.3362
708.0000 -0.2567
709.0000 -0.3362
710.0000 -0.2567
711.0000 -0.0725
712.0000 -0.2070
713.0000 -0.0245
714.0000 -0.1606
715.0000 0.0205
716.0000 -0.1171
717.0000 0.0625
718.0000 -0.0764
719.0000 0.1018
720.0000 -0.0384
721.0000 0.1386
722.0000 -0.0028
723.0000 0.1731
724.0000 0.0305
725.0000 0.2053
726.0000 0.0616
727.0000 0.2354
728.0000 0.0908
729.0000 0.2636
730.0000 0.1180
731.0000 0.2899
732.0000 0.1435
733.0000 0.3146
734.0000 0.1674
735.0000 0.3377
736.0000 0.1897
737.0000 0.3593
738.0000 0.2106
739.0000 0.3795
740.0000 0.2301
741.0000 0.3984
742.0000 0.2484
743.0000 0.4160
744.0000 0.2655
745.0000 0.4326
746.0000 0.2815
747.0000 0.4480
748.0000 0.2964
749.0000 0.4625
750.0000 0.3104
751.0000 0.4761
752.0000 0.3235
753.0000 0.4887
754.0000 0.3358
755.0000 0.5006
756.0000 0.3472
757.0000 0.5116
758.0000 0.3580
759.0000 0.5220
760.0000 0.3680
761.0000 0.5317
762.0000 0.3774
763.0000 0.5408
764.0000 0.3861
765.0000 0.5493
766.0000 0.3943
767.0000 0.5572
768.0000 0.4020
769.0000 0.5647
770.0000 0.4092
771.0000 0.5716
772.0000 0.4159
773.0000 0.5781
774.0000 0.4222
775.0000 0.5842
776.0000 0.4281
777.0000 0.5899
778.0000 0.4336
779.0000 0.5952
780.0000 0.4388
781.0000 0.6002
782.0000 0.4436
783.0000 0.6049
784.0000 0.4481
785.0000 0.6092
786.0000 0.4523
787.0000 0.6133
788.0000 0.4562
789.0000 0.6171
790.0000 0.4599
791.0000 0.6207
792.0000 0.4634
793.0000 0.6240
794.0000 0.4666
795.0000 0.6271
796.0000 0.4696
797.0000 0.6301
798.0000 0.4724
799.0000 0.6328
800.0000 0.4751
801.0000 0.6354
802.0000 0.4776
803.0000 0.6377
804.0000 0.4799
805.0000 0.6400
806.0000 0.4820
807.0000 0.6421
808.0000 0.4841
809.0000 0.6440
810.0000 0.4859
811.0000 0.6459
812.0000 0.4877
813.0000 0.6476
814.0000 0.4894
815.0000 0.6492
816.0000 0.4909
817.0000 0.6507
818.0000 0.4924
819.0000 0.6521
820.0000 0.4937
821.0000 0.6534
822.0000 0.4950
823.0000 0.6546
824.0000 0.4962
825.0000 0.6558
826.0000 0.4973
827.0000 0.6569
828.0000 0.4983
829.0000 0.6579
830.0000 0.4993
831.0000 0.6588
832.0000 0.5002
833.0000 0.6597
834.0000 0.5011
835.0000 0.6605
836.0000 0.5019
837.0000 0.6613
838.0000 0.5026
839.0000 0.6620
840.0000 0.5033
841.0000 0.6627
842.0000 0.5040
843.0000 0.6633
844.0000 0.5046
845.0000 0.6639
846.0000 0.5051
847.0000 0.6645
848.0000 0.5057
849.0000 0.6650
850.0000 0.5062
851.0000 0.6655
852.0000 0.5066
853.0000 0.6659
854.0000 0.5071
855.0000 0.6663
856.0000 0.5075
857.0000 0.6667
858.0000 0.5079
859.0000 0.6671
860.0000 0.5082
861.0000 0.6674
862.0000 0.5085
863.0000 0.6678
864.0000 0.5089
865.0000 0.6681
866.0000 0.5091
867.0000 0.6684
868.0000 0.5094
869.0000 0.6686
870.0000 0.5097
871.0000 0.6689
872.0000 0.5099
873.0000 0.6691
874.0000 0.5101
875.0000 0.6693
876.0000 0.5103
877.0000 0.6695
878.0000 0.5105
879.0000 0.6697
880.0000 0.5107
881.0000 0.6699
882.0000 0.5109
883.0000 0.6701
884.0000 0.5111
885.0000 0.6702
886.0000 0.5112
887.0000 0.6704
888.0000 0.5113
889.0000 0.6705
890.0000 0.5115
891.0000 0.6706
892.0000 0.5116
893.0000 0.6708
894.0000 0.5117
895.0000 0.6709
896.0000 0.5118
897.0000 0.6710
898.0000 0.5119
899.0000 0.6711
900.0000 0.5120
901.0000 0.6712
902.0000 0.5121
903.0000 0.6712
904.0000 0.5122
905.0000 0.6713
906.0000 0.5123
907.0000 0.6714
908.0000 0.5123
909.0000 0.6715
910.0000 0.5124
