1.0000 0.0000
2.0000 0.0000
3.0000 0.0000
4.0000 0.0000
5.0000 0.0000
6.0000 0.0000
7.0000 0.0000
8.0000 0.0000
9.0000 0.0000
10.0000 0.0000
11.0000 0.0000
12.0000 0.0000
13.0000 0.0000
14.0000 0.0000
15.0000 0.0000
16.0000 0.0000
17.0000 0.0000
18.0000 0.0000
19.0000 0.0000
20.0000 0.0000
21.0000 0.0000
22.0000 0.0000
23.0000 0.0000
24.0000 0.0000
25.0000 0.0000
26.0000 0.0000
27.0000 0.0000
28.0000 0.0000
29.0000 0.0000
30.0000 0.0000
31.0000 0.0000
32.0000 0.0000
33.0000 0.0000
34.0000 0.0000
35.0000 0.0000
36.0000 0.0000
37.0000 0.0000
38.0000 0.0000
39.0000 0.0000
40.0000 0.0000
41.0000 0.0000
42.0000 0.0000
43.0000 0.0000
44.0000 0.0000
45.0000 0.0000
46.0000 0.0000
47.0000 0.0000
48.0000 0.0000
49.0000 0.0000
50.0000 0.0000
51.0000 0.0000
52.0000 0.0000
53.0000 0.0000
54.0000 0.0000
55.0000 0.0000
56.0000 0.0000
57.0000 0.0000
58.0000 0.0000
59.0000 0.0000
60.0000 0.0000
61.0000 0.0000
62.0000 0.0000
63.0000 0.0000
64.0000 0.0000
65.0000 0.0000
66.0000 0.0000
67.0000 0.0000
68.0000 0.0000
69.0000 0.0000
70.0000 0.0000
71.0000 0.0000
72.0000 0.0000
73.0000 0.0000
74.0000 0.0000
75.0000 0.0000
76.0000 0.0000
77.0000 0.0000
78.0000 0.0000
79.0000 0.0000
80.0000 0.0000
81.0000 0.0000
82.0000 0.0000
83.0000 0.0000
84.0000 0.0000
85.0000 0.0000
86.0000 0.0000
87.0000 0.0000
88.0000 0.0000
89.0000 0.0000
90.0000 0.0000
91.0000 0.0000
92.0000 0.0000
93.0000 0.0000
94.0000 0.0000
95.0000 0.0000
96.0000 0.0000
97.0000 0.0000
98.0000 0.0000
99.0000 0.0000
100.0000 0.0000
101.0000 0.0000
102.0000 0.0000
103.0000 0.0000
104.0000 0.0000
105.0000 0.0000
106.0000 0.0000
107.0000 0.0000
108.0000 0.0000
109.0000 0.0000
110.0000 0.0000
111.0000 1.7788
112.0000 -0.0000
113.0000 1.7788
114.0000 -0.0000
115.0000 1.7788
116.0000 -0.0000
117.0000 1.7788
118.0000 -0.0000
119.0000 1.7788
120.0000 -0.0001
121.0000 1.7789
122.0000 -0.0001
123.0000 1.7789
124.0000 -0.0001
125.0000 1.7789
126.0000 -0.0001
127.0000 1.7789
128.0000 -0.0001
129.0000 1.7789
130.0000 -0.0001
131.0000 1.7789
132.0000 -0.0001
133.0000 1.7789
134.0000 -0.0001
135.0000 1.7789
136.0000 -0.0001
137.0000 1.7789
138.0000 -0.0001
139.0000 1.7790
140.0000 -0.0002
141.0000 1.7790
142.0000 -0.0002
143.0000 1.7790
144.0000 -0.0002
145.0000 1.7790
146.0000 -0.0002
147.0000 1.7790
148.0000 -0.0002
149.0000 1.7790
150.0000 -0.0002
151.0000 1.7790
152.0000 -0.0002
153.0000 1.7790
154.0000 -0.0002
155.0000 1.7790
156.0000 -0.0002
157.0000 1.7790
158.0000 -0.0003
159.0000 1.7791
160.0000 -0.0003
161.0000 1.7791
162.0000 -0.0003
163.0000 1.7791
164.0000 -0.0003
165.0000 1.7791
166.0000 -0.0003
167.0000 1.7791
168.0000 -0.0003
169.0000 1.7791
170.0000 -0.0003
171.0000 1.7791
172.0000 -0.0003
173.0000 1.7791
174.0000 -0.0003
175.0000 1.7791
176.0000 -0.0003
177.0000 1.7792
178.0000 -0.0004
179.0000 1.7792
180.0000 -0.0004
181.0000 1.7792
182.0000 -0.0004
183.0000 1.7792
184.0000 -0.0004
185.0000 1.7792
186.0000 -0.0004
187.0000 1.7792
188.0000 -0.0004
189.0000 1.7792
190.0000 -0.0004
191.0000 1.7792
192.0000 -0.0004
193.0000 1.7792
194.0000 -0.0004
195.0000 1.7792
196.0000 -0.0005
197.0000 1.7793
198.0000 -0.0005
199.0000 1.7793
200.0000 -0.0005
201.0000 1.7793
202.0000 -0.0005
203.0000 1.7793
204.0000 -0.0005
205.0000 1.7793
206.0000 -0.0005
207.0000 1.7793
208.0000 -0.0005
209.0000 1.7793
210.0000 -0.0005
211.0000 1.7793
212.0000 -0.0005
213.0000 1.7793
214.0000 -0.0005
215.0000 1.7794
216.0000 -0.0006
217.0000 1.7794
218.0000 -0.0006
219.0000 1.7794
220.0000 -0.0006
221.0000 1.7794
222.0000 -0.0006
223.0000 1.7794
224.0000 -0.0006
225.0000 1.7794
226.0000 -0.0006
227.0000 1.7794
228.0000 -0.0006
229.0000 1.7794
230.0000 -0.0006
231.0000 1.7794
232.0000 -0.0006
233.0000 1.7794
234.0000 -0.0007
235.0000 1.7795
236.0000 -0.0007
237.0000 1.7795
238.0000 -0.0007
239.0000 1.7795
240.0000 -0.0007
241.0000 1.7795
242.0000 -0.0007
243.0000 1.7795
244.0000 -0.0007
245.0000 1.7795
246.0000 -0.0007
247.0000 1.7795
248.0000 -0.0007
249.0000 1.7795
250.0000 -0.0007
251.0000 1.7795
252.0000 -0.0007
253.0000 1.7796
254.0000 -0.0008
255.0000 1.7796
256.0000 -0.0008
257.0000 1.7796
258.0000 -0.0008
259.0000 1.7796
260.0000 -0.0008
261.0000 1.7796
262.0000 -0.0008
263.0000 1.7796
264.0000 -0.0008
265.0000 1.7796
266.0000 -0.0008
267.0000 1.7796
268.0000 -0.0008
269.0000 1.7796
270.0000 -0.0008
271.0000 1.7796
272.0000 -0.0009
273.0000 1.7797
274.0000 -0.0009
275.0000 1.7797
276.0000 -0.0009
277.0000 1.7797
278.0000 -0.0009
279.0000 1.7797
280.0000 -0.0009
281.0000 1.7797
282.0000 -0.0009
283.0000 1.7797
284.0000 -0.0009
285.0000 1.7797
286.0000 -0.0009
287.0000 1.7797
288.0000 -0.0009
289.0000 1.7797
290.0000 -0.0009
291.0000 1.7798
292.0000 -0.0010
293.0000 1.7798
294.0000 -0.0010
295.0000 1.7798
296.0000 -0.0010
297.0000 1.7798
298.0000 -0.0010
299.0000 1.7798
300.0000 -0.0010
301.0000 1.7798
302.0000 -0.0010
303.0000 1.7798
304.0000 -0.0010
305.0000 1.7798
306.0000 -0.0010
307.0000 1.7798
308.0000 -0.0010
309.0000 1.7798
310.0000 -0.0011
311.0000 1.7799
312.0000 -0.0011
313.0000 1.7799
314.0000 -0.0011
315.0000 1.7799
316.0000 -0.0011
317.0000 1.7799
318.0000 -0.0011
319.0000 1.7799
320.0000 -0.0011
321.0000 1.7799
322.0000 -0.0011
323.0000 1.7799
324.0000 -0.0011
325.0000 1.7799
326.0000 -0.0011
327.0000 1.7799
328.0000 -0.0011
329.0000 1.7800
330.0000 -0.0012
331.0000 1.7800
332.0000 -0.0012
333.0000 1.7800
334.0000 -0.0012
335.0000 1.7800
336.0000 -0.0012
337.0000 1.7800
338.0000 -0.0012
339.0000 1.7800
340.0000 -0.0012
341.0000 1.7800
342.0000 -0.0012
343.0000 1.7800
344.0000 -0.0012
345.0000 1.7800
346.0000 -0.0012
347.0000 1.7800
348.0000 -0.0012
349.0000 1.7801
350.0000 -0.0013
351.0000 1.7801
352.0000 -0.0013
353.0000 1.7801
354.0000 -0.0013
355.0000 1.7801
356.0000 -0.0013
357.0000 1.7801
358.0000 -0.0013
359.0000 1.7801
360.0000 -0.0013
361.0000 1.7801
362.0000 -0.0013
363.0000 1.7801
364.0000 -0.0013
365.0000 1.7801
366.0000 -0.0013
367.0000 1.7802
368.0000 -0.0014
369.0000 1.7802
370.0000 -0.0014
371.0000 1.7802
372.0000 -0.0014
373.0000 1.7802
374.0000 -0.0014
375.0000 1.7802
376.0000 -0.0014
377.0000 1.7802
378.0000 -0.0014
379.0000 1.7802
380.0000 -0.0014
381.0000 1.7802
382.0000 -0.0014
383.0000 1.7802
384.0000 -0.0014
385.0000 1.7802
386.0000 -0.0014
387.0000 1.7803
388.0000 -0.0015
389.0000 1.7803
390.0000 -0.0015
391.0000 1.7803
392.0000 -0.0015
393.0000 1.7803
394.0000 -0.0015
395.0000 1.7803
396.0000 -0.0015
397.0000 1.7803
398.0000 -0.0015
399.0000 1.7803
400.0000 -0.0015
401.0000 1.7803
402.0000 -0.0015
403.0000 1.7803
404.0000 -0.0015
405.0000 1.7804
406.0000 -0.0016
407.0000 1.7804
408.0000 -0.0016
409.0000 1.7804
410.0000 -0.0016
411.0000 -1.7772
412.0000 -0.0016
413.0000 -1.7772
414.0000 -0.0016
415.0000 -1.7773
416.0000 -0.0015
417.0000 -1.7773
418.0000 -0.0015
419.0000 -1.7773
420.0000 -0.0015
421.0000 -1.7773
422.0000 -0.0015
423.0000 -1.7773
424.0000 -0.0015
425.0000 -1.7773
426.0000 -0.0015
427.0000 -1.7773
428.0000 -0.0015
429.0000 -1.7773
430.0000 -0.0015
431.0000 -1.7773
432.0000 -0.0015
433.0000 -1.7773
434.0000 -0.0014
435.0000 -1.7774
436.0000 -0.0014
437.0000 -1.7774
438.0000 -0.0014
439.0000 -1.7774
440.0000 -0.0014
441.0000 -1.7774
442.0000 -0.0014
443.0000 -1.7774
444.0000 -0.0014
445.0000 -1.7774
446.0000 -0.0014
447.0000 -1.7774
448.0000 -0.0014
449.0000 -1.7774
450.0000 -0.0014
451.0000 -1.7774
452.0000 -0.0014
453.0000 -1.7775
454.0000 -0.0013
455.0000 -1.7775
456.0000 -0.0013
457.0000 -1.7775
458.0000 -0.0013
459.0000 -1.7775
460.0000 -0.0013
461.0000 -1.7775
462.0000 -0.0013
463.0000 -1.7775
464.0000 -0.0013
465.0000 -1.7775
466.0000 -0.0013
467.0000 -1.7775
468.0000 -0.0013
469.0000 -1.7775
470.0000 -0.0013
471.0000 -1.7775
472.0000 -0.0013
473.0000 -1.7776
474.0000 -0.0012
475.0000 -1.7776
476.0000 -0.0012
477.0000 -1.7776
478.0000 -0.0012
479.0000 -1.7776
480.0000 -0.0012
481.0000 -1.7776
482.0000 -0.0012
483.0000 -1.7776
484.0000 -0.0012
485.0000 -1.7776
486.0000 -0.0012
487.0000 -1.7776
488.0000 -0.0012
489.0000 -1.7776
490.0000 -0.0012
491.0000 -1.7777
492.0000 -0.0011
493.0000 -1.7777
494.0000 -0.0011
495.0000 -1.7777
496.0000 -0.0011
497.0000 -1.7777
498.0000 -0.0011
499.0000 -1.7777
500.0000 -0.0011
501.0000 -1.7777
502.0000 -0.0011
503.0000 -1.7777
504.0000 -0.0011
505.0000 -1.7777
506.0000 -0.0011
507.0000 -1.7777
508.0000 -0.0011
509.0000 -1.7777
510.0000 -0.0011
511.0000 -1.7778
512.0000 -0.0010
513.0000 -1.7778
514.0000 -0.0010
515.0000 -1.7778
516.0000 -0.0010
517.0000 -1.7778
518.0000 -0.0010
519.0000 -1.7778
520.0000 -0.0010
521.0000 -1.7778
522.0000 -0.0010
523.0000 -1.7778
524.0000 -0.0010
525.0000 -1.7778
526.0000 -0.0010
527.0000 -1.7778
528.0000 -0.0010
529.0000 -1.7778
530.0000 -0.0009
531.0000 -1.7779
532.0000 -0.0009
533.0000 -1.7779
534.0000 -0.0009
535.0000 -1.7779
536.0000 -0.0009
537.0000 -1.7779
538.0000 -0.0009
539.0000 -1.7779
540.0000 -0.0009
541.0000 -1.7779
542.0000 -0.0009
543.0000 -1.7779
544.0000 -0.0009
545.0000 -1.7779
546.0000 -0.0009
547.0000 -1.7779
548.0000 -0.0009
549.0000 -1.7780
550.0000 -0.0008
551.0000 -1.7780
552.0000 -0.0008
553.0000 -1.7780
554.0000 -0.0008
555.0000 -1.7780
556.0000 -0.0008
557.0000 -1.7780
558.0000 -0.0008
559.0000 -1.7780
560.0000 -0.0008
561.0000 -1.7780
562.0000 -0.0008
563.0000 -1.7780
564.0000 -0.0008
565.0000 -1.7780
566.0000 -0.0008
567.0000 -1.7780
568.0000 -0.0007
569.0000 -1.7781
570.0000 -0.0007
571.0000 -1.7781
572.0000 -0.0007
573.0000 -1.7781
574.0000 -0.0007
575.0000 -1.7781
576.0000 -0.0007
577.0000 -1.7781
578.0000 -0.0007
579.0000 -1.7781
580.0000 -0.0007
581.0000 -1.7781
582.0000 -0.0007
583.0000 -1.7781
584.0000 -0.0007
585.0000 -1.7781
586.0000 -0.0007
587.0000 -1.7782
588.0000 -0.0006
589.0000 -1.7782
590.0000 -0.0006
591.0000 -1.7782
592.0000 -0.0006
593.0000 -1.7782
594.0000 -0.0006
595.0000 -1.7782
596.0000 -0.0006
597.0000 -1.7782
598.0000 -0.0006
599.0000 -1.7782
600.0000 -0.0006
601.0000 -1.7782
602.0000 -0.0006
603.0000 -1.7782
604.0000 -0.0006
605.0000 -1.7782
606.0000 -0.0005
607.0000 -1.7783
608.0000 -0.0005
609.0000 -1.7783
610.0000 -0.0005
611.0000 -1.7783
612.0000 -0.0005
613.0000 -1.7783
614.0000 -0.0005
615.0000 -1.7783
616.0000 -0.0005
617.0000 -1.7783
618.0000 -0.0005
619.0000 -1.7783
620.0000 -0.0005
621.0000 -1.7783
622.0000 -0.0005
623.0000 -1.7783
624.0000 -0.0005
625.0000 -1.7784
626.0000 -0.0004
627.0000 -1.7784
628.0000 -0.0004
629.0000 -1.7784
630.0000 -0.0004
631.0000 -1.7784
632.0000 -0.0004
633.0000 -1.7784
634.0000 -0.0004
635.0000 -1.7784
636.0000 -0.0004
637.0000 -1.7784
638.0000 -0.0004
639.0000 -1.7784
640.0000 -0.0004
641.0000 -1.7784
642.0000 -0.0004
643.0000 -1.7784
644.0000 -0.0003
645.0000 -1.7785
646.0000 -0.0003
647.0000 -1.7785
648.0000 -0.0003
649.0000 -1.7785
650.0000 -0.0003
651.0000 -1.7785
652.0000 -0.0003
653.0000 -1.7785
654.0000 -0.0003
655.0000 -1.7785
656.0000 -0.0003
657.0000 -1.7785
658.0000 -0.0003
659.0000 -1.7785
660.0000 -0.0003
661.0000 -1.7785
662.0000 -0.0003
663.0000 -1.7786
664.0000 -0.0002
665.0000 -1.7786
666.0000 -0.0002
667.0000 -1.7786
668.0000 -0.0002
669.0000 -1.7786
670.0000 -0.0002
671.0000 -1.7786
672.0000 -0.0002
673.0000 -1.7786
674.0000 -0.0002
675.0000 -1.7786
676.0000 -0.0002
677.0000 -1.7786
678.0000 -0.0002
679.0000 -1.7786
680.0000 -0.0002
681.0000 -1.7786
682.0000 -0.0001
683.0000 -1.7787
684.0000 -0.0001
685.0000 -1.7787
686.0000 -0.0001
687.0000 -1.7787
688.0000 -0.0001
689.0000 -1.7787
690.0000 -0.0001
691.0000 -1.7787
692.0000 -0.0001
693.0000 -1.7787
694.0000 -0.0001
695.0000 -1.7787
696.0000 -0.0001
697.0000 -1.7787
698.0000 -0.0001
699.0000 -1.7787
700.0000 -0.0001
701.0000 -1.7788
702.0000 -0.0000
703.0000 -1.7788
704.0000 -0.0000
705.0000 -1.7788
706.0000 -0.0000
707.0000 -1.7788
708.0000 -0.0000
709.0000 -1.7788
710.0000 -0.0000
711.0000 3.5576
712.0000 -0.0000
713.0000 3.5576
714.0000 -0.0000
715.0000 3.5577
716.0000 -0.0001
717.0000 3.5577
718.0000 -0.0001
719.0000 3.5577
720.0000 -0.0001
721.0000 3.5577
722.0000 -0.0001
723.0000 3.5577
724.0000 -0.0001
725.0000 3.5578
726.0000 -0.0002
727.0000 3.5578
728.0000 -0.0002
729.0000 3.5578
730.0000 -0.0002
731.0000 3.5578
732.0000 -0.0002
733.0000 3.5578
734.0000 -0.0003
735.0000 3.5579
736.0000 -0.0003
737.0000 3.5579
738.0000 -0.0003
739.0000 3.5579
740.0000 -0.0003
741.0000 3.5579
742.0000 -0.0003
743.0000 3.5580
744.0000 -0.0004
745.0000 3.5580
746.0000 -0.0004
747.0000 3.5580
748.0000 -0.0004
749.0000 3.5580
750.0000 -0.0004
751.0000 3.5580
752.0000 -0.0004
753.0000 3.5581
754.0000 -0.0005
755.0000 3.5581
756.0000 -0.0005
757.0000 3.5581
758.0000 -0.0005
759.0000 3.5581
760.0000 -0.0005
761.0000 3.5581
762.0000 -0.0005
763.0000 3.5582
764.0000 -0.0006
765.0000 3.5582
766.0000 -0.0006
767.0000 3.5582
768.0000 -0.0006
769.0000 3.5582
770.0000 -0.0006
771.0000 3.5582
772.0000 -0.0007
773.0000 3.5583
774.0000 -0.0007
775.0000 3.5583
776.0000 -0.0007
777.0000 3.5583
778.0000 -0.0007
779.0000 3.5583
780.0000 -0.0007
781.0000 3.5584
782.0000 -0.0008
783.0000 3.5584
784.0000 -0.0008
785.0000 3.5584
786.0000 -0.0008
787.0000 3.5584
788.0000 -0.0008
789.0000 3.5584
790.0000 -0.0008
791.0000 3.5585
792.0000 -0.0009
793.0000 3.5585
794.0000 -0.0009
795.0000 3.5585
796.0000 -0.0009
797.0000 3.5585
798.0000 -0.0009
799.0000 3.5585
800.0000 -0.0009
801.0000 3.5586
802.0000 -0.0010
803.0000 3.5586
804.0000 -0.0010
805.0000 3.5586
806.0000 -0.0010
807.0000 3.5586
808.0000 -0.0010
809.0000 3.5586
810.0000 -0.0011
811.0000 3.5587
812.0000 -0.0011
813.0000 3.5587
814.0000 -0.0011
815.0000 3.5587
816.0000 -0.0011
817.0000 3.5587
818.0000 -0.0011
819.0000 3.5587
820.0000 -0.0012
821.0000 3.5588
822.0000 -0.0012
823.0000 3.5588
824.0000 -0.0012
825.0000 3.5588
826.0000 -0.0012
827.0000 3.5588
828.0000 -0.0012
829.0000 3.5589
830.0000 -0.0013
831.0000 3.5589
832.0000 -0.0013
833.0000 3.5589
834.0000 -0.0013
835.0000 3.5589
836.0000 -0.0013
837.0000 3.5589
838.0000 -0.0013
839.0000 3.5590
840.0000 -0.0014
841.0000 3.5590
842.0000 -0.0014
843.0000 3.5590
844.0000 -0.0014
845.0000 3.5590
846.0000 -0.0014
847.0000 3.5590
848.0000 -0.0015
849.0000 3.5591
850.0000 -0.0015
851.0000 3.5591
852.0000 -0.0015
853.0000 3.5591
854.0000 -0.0015
855.0000 3.5591
856.0000 -0.0015
857.0000 3.5591
858.0000 -0.0016
859.0000 3.5592
860.0000 -0.0016
861.0000 3.5592
862.0000 -0.0016
863.0000 3.5592
864.0000 -0.0016
865.0000 3.5592
866.0000 -0.0016
867.0000 3.5593
868.0000 -0.0017
869.0000 3.5593
870.0000 -0.0017
871.0000 3.5593
872.0000 -0.0017
873.0000 3.5593
874.0000 -0.0017
875.0000 3.5593
876.0000 -0.0017
877.0000 3.5594
878.0000 -0.0018
879.0000 3.5594
880.0000 -0.0018
881.0000 3.5594
882.0000 -0.0018
883.0000 3.5594
884.0000 -0.0018
885.0000 3.5594
886.0000 -0.0019
887.0000 3.5595
888.0000 -0.0019
889.0000 3.5595
890.0000 -0.0019
891.0000 3.5595
892.0000 -0.0019
893.0000 3.5595
894.0000 -0.0019
895.0000 3.5595
896.0000 -0.0020
897.0000 3.5596
898.0000 -0.0020
899.0000 3.5596
900.0000 -0.0020
901.0000 3.5596
902.0000 -0.0020
903.0000 3.5596
904.0000 -0.0020
905.0000 3.5597
906.0000 -0.0021
907.0000 3.5597
908.0000 -0.0021
909.0000 3.5597
910.0000 -0.0021
