1.0000 0.0000
2.0000 0.0000
3.0000 0.0000
4.0000 0.0000
5.0000 0.0000
6.0000 0.0000
7.0000 0.0000
8.0000 0.0000
9.0000 0.0000
10.0000 0.0000
11.0000 0.0000
12.0000 0.0000
13.0000 0.0000
14.0000 0.0000
15.0000 0.0000
16.0000 0.0000
17.0000 0.0000
18.0000 0.0000
19.0000 0.0000
20.0000 0.0000
21.0000 0.0000
22.0000 0.0000
23.0000 0.0000
24.0000 0.0000
25.0000 0.0000
26.0000 0.0000
27.0000 0.0000
28.0000 0.0000
29.0000 0.0000
30.0000 0.0000
31.0000 0.0000
32.0000 0.0000
33.0000 0.0000
34.0000 0.0000
35.0000 0.0000
36.0000 0.0000
37.0000 0.0000
38.0000 0.0000
39.0000 0.0000
40.0000 0.0000
41.0000 0.0000
42.0000 0.0000
43.0000 0.0000
44.0000 0.0000
45.0000 0.0000
46.0000 0.0000
47.0000 0.0000
48.0000 0.0000
49.0000 0.0000
50.0000 0.0000
51.0000 0.0000
52.0000 0.0000
53.0000 0.0000
54.0000 0.0000
55.0000 0.0000
56.0000 0.0000
57.0000 0.0000
58.0000 0.0000
59.0000 0.0000
60.0000 0.0000
61.0000 0.0000
62.0000 0.0000
63.0000 0.0000
64.0000 0.0000
65.0000 0.0000
66.0000 0.0000
67.0000 0.0000
68.0000 0.0000
69.0000 0.0000
70.0000 0.0000
71.0000 0.0000
72.0000 0.0000
73.0000 0.0000
74.0000 0.0000
75.0000 0.0000
76.0000 0.0000
77.0000 0.0000
78.0000 0.0000
79.0000 0.0000
80.0000 0.0000
81.0000 0.0000
82.0000 0.0000
83.0000 0.0000
84.0000 0.0000
85.0000 0.0000
86.0000 0.0000
87.0000 0.0000
88.0000 0.0000
89.0000 0.0000
90.0000 0.0000
91.0000 0.0000
92.0000 0.0000
93.0000 0.0000
94.0000 0.0000
95.0000 0.0000
96.0000 0.0000
97.0000 0.0000
98.0000 0.0000
99.0000 0.0000
100.0000 0.0000
101.0000 0.0000
102.0000 0.0000
103.0000 0.0000
104.0000 0.0000
105.0000 0.0000
106.0000 0.0000
107.0000 0.0000
108.0000 0.0000
109.0000 0.0000
110.0000 0.0000
111.0000 0.6632
112.0000 0.0836
113.0000 0.7389
114.0000 0.1520
115.0000 0.8008
116.0000 0.2081
117.0000 0.8515
118.0000 0.2539
119.0000 0.8930
120.0000 0.2915
121.0000 0.9270
122.0000 0.3222
123.0000 0.9548
124.0000 0.3474
125.0000 0.9776
126.0000 0.3680
127.0000 0.9963
128.0000 0.3849
129.0000 1.0115
130.0000 0.3987
131.0000 1.0241
132.0000 0.4100
133.0000 1.0343
134.0000 0.4193
135.0000 1.0427
136.0000 0.4268
137.0000 1.0495
138.0000 0.4330
139.0000 1.0552
140.0000 0.4381
141.0000 1.0598
142.0000 0.4423
143.0000 1.0635
144.0000 0.4457
145.0000 1.0666
146.0000 0.4485
147.0000 1.0692
148.0000 0.4508
149.0000 1.0712
150.0000 0.4526
151.0000 1.0729
152.0000 0.4542
153.0000 1.0743
154.0000 0.4554
155.0000 1.0754
156.0000 0.4564
157.0000 1.0764
158.0000 0.4573
159.0000 1.0771
160.0000 0.4579
161.0000 1.0778
162.0000 0.4585
163.0000 1.0783
164.0000 0.4590
165.0000 1.0787
166.0000 0.4593
167.0000 1.0790
168.0000 0.4596
169.0000 1.0793
170.0000 0.4599
171.0000 1.0796
172.0000 0.4601
173.0000 1.0798
174.0000 0.4603
175.0000 1.0799
176.0000 0.4604
177.0000 1.0800
178.0000 0.4605
179.0000 1.0801
180.0000 0.4606
181.0000 1.0802
182.0000 0.4607
183.0000 1.0803
184.0000 0.4607
185.0000 1.0804
186.0000 0.4608
187.0000 1.0804
188.0000 0.4608
189.0000 1.0805
190.0000 0.4608
191.0000 1.0805
192.0000 0.4609
193.0000 1.0805
194.0000 0.4609
195.0000 1.0805
196.0000 0.4609
197.0000 1.0806
198.0000 0.4609
199.0000 1.0806
200.0000 0.4609
201.0000 1.0806
202.0000 0.4609
203.0000 1.0806
204.0000 0.4609
205.0000 1.0806
206.0000 0.4609
207.0000 1.0806
208.0000 0.4609
209.0000 1.0806
210.0000 0.4609
211.0000 1.0807
212.0000 0.4609
213.0000 1.0807
214.0000 0.4609
215.0000 1.0807
216.0000 0.4609
217.0000 1.0807
218.0000 0.4609
219.0000 1.0807
220.0000 0.4609
221.0000 1.0807
222.0000 0.4609
223.0000 1.0807
224.0000 0.4609
225.0000 1.0807
226.0000 0.4609
227.0000 1.0807
228.0000 0.4609
229.0000 1.0807
230.0000 0.4609
231.0000 1.0807
232.0000 0.4609
233.0000 1.0807
234.0000 0.4609
235.0000 1.0807
236.0000 0.4609
237.0000 1.0807
238.0000 0.4609
239.0000 1.0807
240.0000 0.4609
241.0000 1.0807
242.0000 0.4609
243.0000 1.0807
244.0000 0.4609
245.0000 1.0807
246.0000 0.4609
247.0000 1.0807
248.0000 0.4609
249.0000 1.0807
250.0000 0.4609
251.0000 1.0807
252.0000 0.4609
253.0000 1.0807
254.0000 0.4609
255.0000 1.0808
256.0000 0.4609
257.0000 1.0808
258.0000 0.4609
259.0000 1.0808
260.0000 0.4609
261.0000 1.0808
262.0000 0.4609
263.0000 1.0808
264.0000 0.4609
265.0000 1.0808
266.0000 0.4609
267.0000 1.0808
268.0000 0.4609
269.0000 1.0808
270.0000 0.4608
271.0000 1.0808
272.0000 0.4608
273.0000 1.0808
274.0000 0.4608
275.0000 1.0808
276.0000 0.4608
277.0000 1.0808
278.0000 0.4608
279.0000 1.0808
280.0000 0.4608
281.0000 1.0808
282.0000 0.4608
283.0000 1.0808
284.0000 0.4608
285.0000 1.0808
286.0000 0.4608
287.0000 1.0808
288.0000 0.4608
289.0000 1.0808
290.0000 0.4608
291.0000 1.0808
292.0000 0.4608
293.0000 1.0808
294.0000 0.4608
295.0000 1.0808
296.0000 0.4608
297.0000 1.0808
298.0000 0.4608
299.0000 1.0808
300.0000 0.4608
301.0000 1.0808
302.0000 0.4608
303.0000 1.0808
304.0000 0.4608
305.0000 1.0808
306.0000 0.4608
307.0000 1.0808
308.0000 0.4608
309.0000 1.0808
310.0000 0.4608
311.0000 1.0809
312.0000 0.4608
313.0000 1.0809
314.0000 0.4608
315.0000 1.0809
316.0000 0.4608
317.0000 1.0809
318.0000 0.4608
319.0000 1.0809
320.0000 0.4608
321.0000 1.0809
322.0000 0.4608
323.0000 1.0809
324.0000 0.4608
325.0000 1.0809
326.0000 0.4607
327.0000 1.0809
328.0000 0.4607
329.0000 1.0809
330.0000 0.4607
331.0000 1.0809
332.0000 0.4607
333.0000 1.0809
334.0000 0.4607
335.0000 1.0809
336.0000 0.4607
337.0000 1.0809
338.0000 0.4607
339.0000 1.0809
340.0000 0.4607
341.0000 1.0809
342.0000 0.4607
343.0000 1.0809
344.0000 0.4607
345.0000 1.0809
346.0000 0.4607
347.0000 1.0809
348.0000 0.4607
349.0000 1.0809
350.0000 0.4607
351.0000 1.0809
352.0000 0.4607
353.0000 1.0809
354.0000 0.4607
355.0000 1.0809
356.0000 0.4607
357.0000 1.0809
358.0000 0.4607
359.0000 1.0809
360.0000 0.4607
361.0000 1.0809
362.0000 0.4607
363.0000 1.0809
364.0000 0.4607
365.0000 1.0810
366.0000 0.4607
367.0000 1.0810
368.0000 0.4607
369.0000 1.0810
370.0000 0.4607
371.0000 1.0810
372.0000 0.4607
373.0000 1.0810
374.0000 0.4607
375.0000 1.0810
376.0000 0.4607
377.0000 1.0810
378.0000 0.4607
379.0000 1.0810
380.0000 0.4606
381.0000 1.0810
382.0000 0.4606
383.0000 1.0810
384.0000 0.4606
385.0000 1.0810
386.0000 0.4606
387.0000 1.0810
388.0000 0.4606
389.0000 1.0810
390.0000 0.4606
391.0000 1.0810
392.0000 0.4606
393.0000 1.0810
394.0000 0.4606
395.0000 1.0810
396.0000 0.4606
397.0000 1.0810
398.0000 0.4606
399.0000 1.0810
400.0000 0.4606
401.0000 1.0810
402.0000 0.4606
403.0000 1.0810
404.0000 0.4606
405.0000 1.0810
406.0000 0.4606
407.0000 1.0810
408.0000 0.4606
409.0000 1.0810
410.0000 0.4606
411.0000 -0.2454
412.0000 0.2934
413.0000 -0.3967
414.0000 0.1565
415.0000 -0.5206
416.0000 0.0445
417.0000 -0.6220
418.0000 -0.0473
419.0000 -0.7050
420.0000 -0.1224
421.0000 -0.7730
422.0000 -0.1839
423.0000 -0.8286
424.0000 -0.2342
425.0000 -0.8742
426.0000 -0.2755
427.0000 -0.9115
428.0000 -0.3092
429.0000 -0.9420
430.0000 -0.3368
431.0000 -0.9670
432.0000 -0.3595
433.0000 -0.9875
434.0000 -0.3780
435.0000 -1.0043
436.0000 -0.3931
437.0000 -1.0180
438.0000 -0.4056
439.0000 -1.0292
440.0000 -0.4157
441.0000 -1.0384
442.0000 -0.4240
443.0000 -1.0460
444.0000 -0.4308
445.0000 -1.0522
446.0000 -0.4364
447.0000 -1.0572
448.0000 -0.4410
449.0000 -1.0613
450.0000 -0.4447
451.0000 -1.0647
452.0000 -0.4478
453.0000 -1.0675
454.0000 -0.4503
455.0000 -1.0698
456.0000 -0.4523
457.0000 -1.0716
458.0000 -0.4540
459.0000 -1.0732
460.0000 -0.4554
461.0000 -1.0744
462.0000 -0.4565
463.0000 -1.0754
464.0000 -0.4574
465.0000 -1.0763
466.0000 -0.4582
467.0000 -1.0770
468.0000 -0.4588
469.0000 -1.0775
470.0000 -0.4593
471.0000 -1.0780
472.0000 -0.4597
473.0000 -1.0784
474.0000 -0.4600
475.0000 -1.0787
476.0000 -0.4603
477.0000 -1.0789
478.0000 -0.4605
479.0000 -1.0791
480.0000 -0.4607
481.0000 -1.0793
482.0000 -0.4609
483.0000 -1.0794
484.0000 -0.4610
485.0000 -1.0796
486.0000 -0.4611
487.0000 -1.0797
488.0000 -0.4612
489.0000 -1.0797
490.0000 -0.4612
491.0000 -1.0798
492.0000 -0.4613
493.0000 -1.0799
494.0000 -0.4613
495.0000 -1.0799
496.0000 -0.4614
497.0000 -1.0799
498.0000 -0.4614
499.0000 -1.0800
500.0000 -0.4614
501.0000 -1.0800
502.0000 -0.4614
503.0000 -1.0800
504.0000 -0.4614
505.0000 -1.0800
506.0000 -0.4615
507.0000 -1.0801
508.0000 -0.4615
509.0000 -1.0801
510.0000 -0.4615
511.0000 -1.0801
512.0000 -0.4615
513.0000 -1.0801
514.0000 -0.4615
515.0000 -1.0801
516.0000 -0.4615
517.0000 -1.0801
518.0000 -0.4615
519.0000 -1.0801
520.0000 -0.4615
521.0000 -1.0801
522.0000 -0.4615
523.0000 -1.0801
524.0000 -0.4615
525.0000 -1.0801
526.0000 -0.4615
527.0000 -1.0801
528.0000 -0.4615
529.0000 -1.0801
530.0000 -0.4615
531.0000 -1.0802
532.0000 -0.4615
533.0000 -1.0802
534.0000 -0.4615
535.0000 -1.0802
536.0000 -0.4615
537.0000 -1.0802
538.0000 -0.4615
539.0000 -1.0802
540.0000 -0.4615
541.0000 -1.0802
542.0000 -0.4614
543.0000 -1.0802
544.0000 -0.4614
545.0000 -1.0802
546.0000 -0.4614
547.0000 -1.0802
548.0000 -0.4614
549.0000 -1.0802
550.0000 -0.4614
551.0000 -1.0802
552.0000 -0.4614
553.0000 -1.0802
554.0000 -0.4614
555.0000 -1.0802
556.0000 -0.4614
557.0000 -1.0802
558.0000 -0.4614
559.0000 -1.0802
560.0000 -0.4614
561.0000 -1.0802
562.0000 -0.4614
563.0000 -1.0802
564.0000 -0.4614
565.0000 -1.0802
566.0000 -0.4614
567.0000 -1.0802
568.0000 -0.4614
569.0000 -1.0802
570.0000 -0.4614
571.0000 -1.0802
572.0000 -0.4614
573.0000 -1.0802
574.0000 -0.4614
575.0000 -1.0802
576.0000 -0.4614
577.0000 -1.0802
578.0000 -0.4614
579.0000 -1.0802
580.0000 -0.4614
581.0000 -1.0802
582.0000 -0.4614
583.0000 -1.0803
584.0000 -0.4614
585.0000 -1.0803
586.0000 -0.4614
587.0000 -1.0803
588.0000 -0.4614
589.0000 -1.0803
590.0000 -0.4614
591.0000 -1.0803
592.0000 -0.4614
593.0000 -1.0803
594.0000 -0.4614
595.0000 -1.0803
596.0000 -0.4614
597.0000 -1.0803
598.0000 -0.4613
599.0000 -1.0803
600.0000 -0.4613
601.0000 -1.0803
602.0000 -0.4613
603.0000 -1.0803
604.0000 -0.4613
605.0000 -1.0803
606.0000 -0.4613
607.0000 -1.0803
608.0000 -0.4613
609.0000 -1.0803
610.0000 -0.4613
611.0000 -1.0803
612.0000 -0.4613
613.0000 -1.0803
614.0000 -0.4613
615.0000 -1.0803
616.0000 -0.4613
617.0000 -1.0803
618.0000 -0.4613
619.0000 -1.0803
620.0000 -0.4613
621.0000 -1.0803
622.0000 -0.4613
623.0000 -1.0803
624.0000 -0.4613
625.0000 -1.0803
626.0000 -0.4613
627.0000 -1.0803
628.0000 -0.4613
629.0000 -1.0803
630.0000 -0.4613
631.0000 -1.0803
632.0000 -0.4613
633.0000 -1.0803
634.0000 -0.4613
635.0000 -1.0803
636.0000 -0.4613
637.0000 -1.0804
638.0000 -0.4613
639.0000 -1.0804
640.0000 -0.4613
641.0000 -1.0804
642.0000 -0.4613
643.0000 -1.0804
644.0000 -0.4613
645.0000 -1.0804
646.0000 -0.4613
647.0000 -1.0804
648.0000 -0.4613
649.0000 -1.0804
650.0000 -0.4613
651.0000 -1.0804
652.0000 -0.4612
653.0000 -1.0804
654.0000 -0.4612
655.0000 -1.0804
656.0000 -0.4612
657.0000 -1.0804
658.0000 -0.4612
659.0000 -1.0804
660.0000 -0.4612
661.0000 -1.0804
662.0000 -0.4612
663.0000 -1.0804
664.0000 -0.4612
665.0000 -1.0804
666.0000 -0.4612
667.0000 -1.0804
668.0000 -0.4612
669.0000 -1.0804
670.0000 -0.4612
671.0000 -1.0804
672.0000 -0.4612
673.0000 -1.0804
674.0000 -0.4612
675.0000 -1.0804
676.0000 -0.4612
677.0000 -1.0804
678.0000 -0.4612
679.0000 -1.0804
680.0000 -0.4612
681.0000 -1.0804
682.0000 -0.4612
683.0000 -1.0804
684.0000 -0.4612
685.0000 -1.0804
686.0000 -0.4612
687.0000 -1.0804
688.0000 -0.4612
689.0000 -1.0804
690.0000 -0.4612
691.0000 -1.0805
692.0000 -0.4612
693.0000 -1.0805
694.0000 -0.4612
695.0000 -1.0805
696.0000 -0.4612
697.0000 -1.0805
698.0000 -0.4612
699.0000 -1.0805
700.0000 -0.4612
701.0000 -1.0805
702.0000 -0.4612
703.0000 -1.0805
704.0000 -0.4612
705.0000 -1.0805
706.0000 -0.4612
707.0000 -1.0805
708.0000 -0.4611
709.0000 -1.0805
710.0000 -0.4611
711.0000 0.9092
712.0000 -0.2104
713.0000 1.1361
714.0000 -0.0051
715.0000 1.3219
716.0000 0.1630
717.0000 1.4740
718.0000 0.3006
719.0000 1.5985
720.0000 0.4133
721.0000 1.7005
722.0000 0.5056
723.0000 1.7840
724.0000 0.5811
725.0000 1.8523
726.0000 0.6429
727.0000 1.9083
728.0000 0.6935
729.0000 1.9541
730.0000 0.7350
731.0000 1.9916
732.0000 0.7689
733.0000 2.0224
734.0000 0.7967
735.0000 2.0475
736.0000 0.8194
737.0000 2.0681
738.0000 0.8381
739.0000 2.0850
740.0000 0.8533
741.0000 2.0988
742.0000 0.8658
743.0000 2.1101
744.0000 0.8760
745.0000 2.1193
746.0000 0.8844
747.0000 2.1269
748.0000 0.8912
749.0000 2.1331
750.0000 0.8968
751.0000 2.1382
752.0000 0.9014
753.0000 2.1424
754.0000 0.9051
755.0000 2.1458
756.0000 0.9082
757.0000 2.1486
758.0000 0.9107
759.0000 2.1508
760.0000 0.9128
761.0000 2.1527
762.0000 0.9145
763.0000 2.1543
764.0000 0.9158
765.0000 2.1555
766.0000 0.9170
767.0000 2.1566
768.0000 0.9179
769.0000 2.1574
770.0000 0.9186
771.0000 2.1581
772.0000 0.9192
773.0000 2.1587
774.0000 0.9198
775.0000 2.1591
776.0000 0.9202
777.0000 2.1595
778.0000 0.9205
779.0000 2.1598
780.0000 0.9208
781.0000 2.1601
782.0000 0.9210
783.0000 2.1603
784.0000 0.9212
785.0000 2.1605
786.0000 0.9213
787.0000 2.1606
788.0000 0.9214
789.0000 2.1607
790.0000 0.9215
791.0000 2.1608
792.0000 0.9216
793.0000 2.1609
794.0000 0.9217
795.0000 2.1610
796.0000 0.9217
797.0000 2.1611
798.0000 0.9218
799.0000 2.1611
800.0000 0.9218
801.0000 2.1612
802.0000 0.9218
803.0000 2.1612
804.0000 0.9218
805.0000 2.1612
806.0000 0.9218
807.0000 2.1612
808.0000 0.9218
809.0000 2.1613
810.0000 0.9219
811.0000 2.1613
812.0000 0.9219
813.0000 2.1613
814.0000 0.9219
815.0000 2.1613
816.0000 0.9219
817.0000 2.1613
818.0000 0.9219
819.0000 2.1613
820.0000 0.9219
821.0000 2.1614
822.0000 0.9219
823.0000 2.1614
824.0000 0.9219
825.0000 2.1614
826.0000 0.9218
827.0000 2.1614
828.0000 0.9218
829.0000 2.1614
830.0000 0.9218
831.0000 2.1614
832.0000 0.9218
833.0000 2.1614
834.0000 0.9218
835.0000 2.1614
836.0000 0.9218
837.0000 2.1614
838.0000 0.9218
839.0000 2.1614
840.0000 0.9218
841.0000 2.1614
842.0000 0.9218
843.0000 2.1615
844.0000 0.9218
845.0000 2.1615
846.0000 0.9218
847.0000 2.1615
848.0000 0.9218
849.0000 2.1615
850.0000 0.9218
851.0000 2.1615
852.0000 0.9218
853.0000 2.1615
854.0000 0.9218
855.0000 2.1615
856.0000 0.9217
857.0000 2.1615
858.0000 0.9217
859.0000 2.1615
860.0000 0.9217
861.0000 2.1615
862.0000 0.9217
863.0000 2.1615
864.0000 0.9217
865.0000 2.1615
866.0000 0.9217
867.0000 2.1615
868.0000 0.9217
869.0000 2.1616
870.0000 0.9217
871.0000 2.1616
872.0000 0.9217
873.0000 2.1616
874.0000 0.9217
875.0000 2.1616
876.0000 0.9217
877.0000 2.1616
878.0000 0.9217
879.0000 2.1616
880.0000 0.9217
881.0000 2.1616
882.0000 0.9217
883.0000 2.1616
884.0000 0.9216
885.0000 2.1616
886.0000 0.9216
887.0000 2.1616
888.0000 0.9216
889.0000 2.1616
890.0000 0.9216
891.0000 2.1616
892.0000 0.9216
893.0000 2.1616
894.0000 0.9216
895.0000 2.1616
896.0000 0.9216
897.0000 2.1617
898.0000 0.9216
899.0000 2.1617
900.0000 0.9216
901.0000 2.1617
902.0000 0.9216
903.0000 2.1617
904.0000 0.9216
905.0000 2.1617
906.0000 0.9216
907.0000 2.1617
908.0000 0.9216
909.0000 2.1617
910.0000 0.9216
