1.0000 0.0000
2.0000 0.0000
3.0000 0.0000
4.0000 0.0000
5.0000 0.0000
6.0000 0.0000
7.0000 0.0000
8.0000 0.0000
9.0000 0.0000
10.0000 0.0000
11.0000 0.0000
12.0000 0.0000
13.0000 0.0000
14.0000 0.0000
15.0000 0.0000
16.0000 0.0000
17.0000 0.0000
18.0000 0.0000
19.0000 0.0000
20.0000 0.0000
21.0000 0.0000
22.0000 0.0000
23.0000 0.0000
24.0000 0.0000
25.0000 0.0000
26.0000 0.0000
27.0000 0.0000
28.0000 0.0000
29.0000 0.0000
30.0000 0.0000
31.0000 0.0000
32.0000 0.0000
33.0000 0.0000
34.0000 0.0000
35.0000 0.0000
36.0000 0.0000
37.0000 0.0000
38.0000 0.0000
39.0000 0.0000
40.0000 0.0000
41.0000 0.0000
42.0000 0.0000
43.0000 0.0000
44.0000 0.0000
45.0000 0.0000
46.0000 0.0000
47.0000 0.0000
48.0000 0.0000
49.0000 0.0000
50.0000 0.0000
51.0000 0.0000
52.0000 0.0000
53.0000 0.0000
54.0000 0.0000
55.0000 0.0000
56.0000 0.0000
57.0000 0.0000
58.0000 0.0000
59.0000 0.0000
60.0000 0.0000
61.0000 0.0000
62.0000 0.0000
63.0000 0.0000
64.0000 0.0000
65.0000 0.0000
66.0000 0.0000
67.0000 0.0000
68.0000 0.0000
69.0000 0.0000
70.0000 0.0000
71.0000 0.0000
72.0000 0.0000
73.0000 0.0000
74.0000 0.0000
75.0000 0.0000
76.0000 0.0000
77.0000 0.0000
78.0000 0.0000
79.0000 0.0000
80.0000 0.0000
81.0000 0.0000
82.0000 0.0000
83.0000 0.0000
84.0000 0.0000
85.0000 0.0000
86.0000 0.0000
87.0000 0.0000
88.0000 0.0000
89.0000 0.0000
90.0000 0.0000
91.0000 0.0000
92.0000 0.0000
93.0000 0.0000
94.0000 0.0000
95.0000 0.0000
96.0000 0.0000
97.0000 0.0000
98.0000 0.0000
99.0000 0.0000
100.0000 0.0000
101.0000 0.0000
102.0000 0.0000
103.0000 0.0000
104.0000 0.0000
105.0000 0.0000
106.0000 0.0000
107.0000 0.0000
108.0000 0.0000
109.0000 0.0000
110.0000 0.0000
111.0000 0.8121
112.0000 0.9359
113.0000 0.8801
114.0000 0.8267
115.0000 0.8086
116.0000 0.8147
117.0000 0.8309
118.0000 0.8492
119.0000 0.8666
120.0000 0.8826
121.0000 0.8973
122.0000 0.9110
123.0000 0.9238
124.0000 0.9360
125.0000 0.9474
126.0000 0.9582
127.0000 0.9684
128.0000 0.9780
129.0000 0.9870
130.0000 0.9956
131.0000 1.0036
132.0000 1.0112
133.0000 1.0183
134.0000 1.0251
135.0000 1.0314
136.0000 1.0374
137.0000 1.0431
138.0000 1.0484
139.0000 1.0534
140.0000 1.0582
141.0000 1.0626
142.0000 1.0669
143.0000 1.0708
144.0000 1.0746
145.0000 1.0781
146.0000 1.0814
147.0000 1.0846
148.0000 1.0875
149.0000 1.0903
150.0000 1.0929
151.0000 1.0954
152.0000 1.0978
153.0000 1.1000
154.0000 1.1020
155.0000 1.1040
156.0000 1.1059
157.0000 1.1076
158.0000 1.1092
159.0000 1.1108
160.0000 1.1123
161.0000 1.1136
162.0000 1.1149
163.0000 1.1162
164.0000 1.1173
165.0000 1.1184
166.0000 1.1194
167.0000 1.1204
168.0000 1.1213
169.0000 1.1222
170.0000 1.1230
171.0000 1.1237
172.0000 1.1245
173.0000 1.1251
174.0000 1.1258
175.0000 1.1264
176.0000 1.1270
177.0000 1.1275
178.0000 1.1280
179.0000 1.1285
180.0000 1.1289
181.0000 1.1294
182.0000 1.1298
183.0000 1.1301
184.0000 1.1305
185.0000 1.1308
186.0000 1.1311
187.0000 1.1314
188.0000 1.1317
189.0000 1.1320
190.0000 1.1322
191.0000 1.1325
192.0000 1.1327
193.0000 1.1329
194.0000 1.1331
195.0000 1.1333
196.0000 1.1335
197.0000 1.1336
198.0000 1.1338
199.0000 1.1339
200.0000 1.1341
201.0000 1.1342
202.0000 1.1343
203.0000 1.1344
204.0000 1.1346
205.0000 1.1347
206.0000 1.1348
207.0000 1.1348
208.0000 1.1349
209.0000 1.1350
210.0000 1.1351
211.0000 1.1352
212.0000 1.1352
213.0000 1.1353
214.0000 1.1354
215.0000 1.1354
216.0000 1.1355
217.0000 1.1355
218.0000 1.1356
219.0000 1.1356
220.0000 1.1357
221.0000 1.1357
222.0000 1.1357
223.0000 1.1358
224.0000 1.1358
225.0000 1.1358
226.0000 1.1359
227.0000 1.1359
228.0000 1.1359
229.0000 1.1359
230.0000 1.1360
231.0000 1.1360
232.0000 1.1360
233.0000 1.1360
234.0000 1.1361
235.0000 1.1361
236.0000 1.1361
237.0000 1.1361
238.0000 1.1361
239.0000 1.1361
240.0000 1.1361
241.0000 1.1362
242.0000 1.1362
243.0000 1.1362
244.0000 1.1362
245.0000 1.1362
246.0000 1.1362
247.0000 1.1362
248.0000 1.1362
249.0000 1.1362
250.0000 1.1362
251.0000 1.1362
252.0000 1.1363
253.0000 1.1363
254.0000 1.1363
255.0000 1.1363
256.0000 1.1363
257.0000 1.1363
258.0000 1.1363
259.0000 1.1363
260.0000 1.1363
261.0000 1.1363
262.0000 1.1363
263.0000 1.1363
264.0000 1.1363
265.0000 1.1363
266.0000 1.1363
267.0000 1.1363
268.0000 1.1363
269.0000 1.1363
270.0000 1.1363
271.0000 1.1363
272.0000 1.1363
273.0000 1.1363
274.0000 1.1363
275.0000 1.1363
276.0000 1.1363
277.0000 1.1363
278.0000 1.1363
279.0000 1.1363
280.0000 1.1363
281.0000 1.1363
282.0000 1.1363
283.0000 1.1363
284.0000 1.1363
285.0000 1.1363
286.0000 1.1363
287.0000 1.1363
288.0000 1.1364
289.0000 1.1364
290.0000 1.1364
291.0000 1.1364
292.0000 1.1364
293.0000 1.1364
294.0000 1.1364
295.0000 1.1364
296.0000 1.1364
297.0000 1.1364
298.0000 1.1364
299.0000 1.1364
300.0000 1.1364
301.0000 1.1364
302.0000 1.1364
303.0000 1.1364
304.0000 1.1364
305.0000 1.1364
306.0000 1.1364
307.0000 1.1364
308.0000 1.1364
309.0000 1.1364
310.0000 1.1364
311.0000 1.1364
312.0000 1.1364
313.0000 1.1364
314.0000 1.1364
315.0000 1.1364
316.0000 1.1364
317.0000 1.1364
318.0000 1.1364
319.0000 1.1364
320.0000 1.1364
321.0000 1.1364
322.0000 1.1364
323.0000 1.1364
324.0000 1.1364
325.0000 1.1364
326.0000 1.1364
327.0000 1.1364
328.0000 1.1364
329.0000 1.1364
330.0000 1.1364
331.0000 1.1364
332.0000 1.1364
333.0000 1.1364
334.0000 1.1364
335.0000 1.1364
336.0000 1.1364
337.0000 1.1364
338.0000 1.1364
339.0000 1.1364
340.0000 1.1364
341.0000 1.1364
342.0000 1.1364
343.0000 1.1364
344.0000 1.1364
345.0000 1.1364
346.0000 1.1364
347.0000 1.1364
348.0000 1.1364
349.0000 1.1364
350.0000 1.1364
351.0000 1.1364
352.0000 1.1364
353.0000 1.1364
354.0000 1.1364
355.0000 1.1364
356.0000 1.1364
357.0000 1.1364
358.0000 1.1364
359.0000 1.1364
360.0000 1.1364
361.0000 1.1364
362.0000 1.1364
363.0000 1.1364
364.0000 1.1364
365.0000 1.1364
366.0000 1.1364
367.0000 1.1364
368.0000 1.1364
369.0000 1.1364
370.0000 1.1364
371.0000 1.1364
372.0000 1.1364
373.0000 1.1364
374.0000 1.1364
375.0000 1.1364
376.0000 1.1364
377.0000 1.1364
378.0000 1.1364
379.0000 1.1364
380.0000 1.1364
381.0000 1.1364
382.0000 1.1364
383.0000 1.1364
384.0000 1.1364
385.0000 1.1364
386.0000 1.1364
387.0000 1.1364
388.0000 1.1364
389.0000 1.1364
390.0000 1.1364
391.0000 1.1364
392.0000 1.1364
393.0000 1.1364
394.0000 1.1364
395.0000 1.1364
396.0000 1.1364
397.0000 1.1364
398.0000 1.1364
399.0000 1.1364
400.0000 1.1364
401.0000 1.1364
402.0000 1.1364
403.0000 1.1364
404.0000 1.1364
405.0000 1.1364
406.0000 1.1364
407.0000 1.1364
408.0000 1.1364
409.0000 1.1364
410.0000 1.1364
411.0000 -0.4879
412.0000 -0.7354
413.0000 -0.6239
414.0000 -0.5170
415.0000 -0.4808
416.0000 -0.4930
417.0000 -0.5254
418.0000 -0.5620
419.0000 -0.5968
420.0000 -0.6288
421.0000 -0.6582
422.0000 -0.6856
423.0000 -0.7113
424.0000 -0.7356
425.0000 -0.7585
426.0000 -0.7800
427.0000 -0.8004
428.0000 -0.8196
429.0000 -0.8377
430.0000 -0.8547
431.0000 -0.8708
432.0000 -0.8860
433.0000 -0.9003
434.0000 -0.9138
435.0000 -0.9265
436.0000 -0.9385
437.0000 -0.9498
438.0000 -0.9605
439.0000 -0.9705
440.0000 -0.9800
441.0000 -0.9889
442.0000 -0.9973
443.0000 -1.0053
444.0000 -1.0128
445.0000 -1.0198
446.0000 -1.0265
447.0000 -1.0328
448.0000 -1.0387
449.0000 -1.0443
450.0000 -1.0495
451.0000 -1.0545
452.0000 -1.0592
453.0000 -1.0636
454.0000 -1.0677
455.0000 -1.0717
456.0000 -1.0753
457.0000 -1.0788
458.0000 -1.0821
459.0000 -1.0852
460.0000 -1.0881
461.0000 -1.0909
462.0000 -1.0935
463.0000 -1.0959
464.0000 -1.0983
465.0000 -1.1004
466.0000 -1.1025
467.0000 -1.1044
468.0000 -1.1062
469.0000 -1.1080
470.0000 -1.1096
471.0000 -1.1111
472.0000 -1.1126
473.0000 -1.1139
474.0000 -1.1152
475.0000 -1.1164
476.0000 -1.1175
477.0000 -1.1186
478.0000 -1.1196
479.0000 -1.1206
480.0000 -1.1215
481.0000 -1.1223
482.0000 -1.1231
483.0000 -1.1239
484.0000 -1.1246
485.0000 -1.1253
486.0000 -1.1259
487.0000 -1.1265
488.0000 -1.1271
489.0000 -1.1276
490.0000 -1.1281
491.0000 -1.1286
492.0000 -1.1290
493.0000 -1.1294
494.0000 -1.1298
495.0000 -1.1302
496.0000 -1.1306
497.0000 -1.1309
498.0000 -1.1312
499.0000 -1.1315
500.0000 -1.1318
501.0000 -1.1320
502.0000 -1.1323
503.0000 -1.1325
504.0000 -1.1327
505.0000 -1.1329
506.0000 -1.1331
507.0000 -1.1333
508.0000 -1.1335
509.0000 -1.1337
510.0000 -1.1338
511.0000 -1.1340
512.0000 -1.1341
513.0000 -1.1342
514.0000 -1.1344
515.0000 -1.1345
516.0000 -1.1346
517.0000 -1.1347
518.0000 -1.1348
519.0000 -1.1349
520.0000 -1.1349
521.0000 -1.1350
522.0000 -1.1351
523.0000 -1.1352
524.0000 -1.1352
525.0000 -1.1353
526.0000 -1.1354
527.0000 -1.1354
528.0000 -1.1355
529.0000 -1.1355
530.0000 -1.1356
531.0000 -1.1356
532.0000 -1.1357
533.0000 -1.1357
534.0000 -1.1357
535.0000 -1.1358
536.0000 -1.1358
537.0000 -1.1358
538.0000 -1.1359
539.0000 -1.1359
540.0000 -1.1359
541.0000 -1.1360
542.0000 -1.1360
543.0000 -1.1360
544.0000 -1.1360
545.0000 -1.1360
546.0000 -1.1361
547.0000 -1.1361
548.0000 -1.1361
549.0000 -1.1361
550.0000 -1.1361
551.0000 -1.1361
552.0000 -1.1361
553.0000 -1.1362
554.0000 -1.1362
555.0000 -1.1362
556.0000 -1.1362
557.0000 -1.1362
558.0000 -1.1362
559.0000 -1.1362
560.0000 -1.1362
561.0000 -1.1362
562.0000 -1.1362
563.0000 -1.1363
564.0000 -1.1363
565.0000 -1.1363
566.0000 -1.1363
567.0000 -1.1363
568.0000 -1.1363
569.0000 -1.1363
570.0000 -1.1363
571.0000 -1.1363
572.0000 -1.1363
573.0000 -1.1363
574.0000 -1.1363
575.0000 -1.1363
576.0000 -1.1363
577.0000 -1.1363
578.0000 -1.1363
579.0000 -1.1363
580.0000 -1.1363
581.0000 -1.1363
582.0000 -1.1363
583.0000 -1.1363
584.0000 -1.1363
585.0000 -1.1363
586.0000 -1.1363
587.0000 -1.1363
588.0000 -1.1363
589.0000 -1.1363
590.0000 -1.1363
591.0000 -1.1363
592.0000 -1.1363
593.0000 -1.1363
594.0000 -1.1363
595.0000 -1.1363
596.0000 -1.1363
597.0000 -1.1363
598.0000 -1.1363
599.0000 -1.1364
600.0000 -1.1364
601.0000 -1.1364
602.0000 -1.1364
603.0000 -1.1364
604.0000 -1.1364
605.0000 -1.1364
606.0000 -1.1364
607.0000 -1.1364
608.0000 -1.1364
609.0000 -1.1364
610.0000 -1.1364
611.0000 -1.1364
612.0000 -1.1364
613.0000 -1.1364
614.0000 -1.1364
615.0000 -1.1364
616.0000 -1.1364
617.0000 -1.1364
618.0000 -1.1364
619.0000 -1.1364
620.0000 -1.1364
621.0000 -1.1364
622.0000 -1.1364
623.0000 -1.1364
624.0000 -1.1364
625.0000 -1.1364
626.0000 -1.1364
627.0000 -1.1364
628.0000 -1.1364
629.0000 -1.1364
630.0000 -1.1364
631.0000 -1.1364
632.0000 -1.1364
633.0000 -1.1364
634.0000 -1.1364
635.0000 -1.1364
636.0000 -1.1364
637.0000 -1.1364
638.0000 -1.1364
639.0000 -1.1364
640.0000 -1.1364
641.0000 -1.1364
642.0000 -1.1364
643.0000 -1.1364
644.0000 -1.1364
645.0000 -1.1364
646.0000 -1.1364
647.0000 -1.1364
648.0000 -1.1364
649.0000 -1.1364
650.0000 -1.1364
651.0000 -1.1364
652.0000 -1.1364
653.0000 -1.1364
654.0000 -1.1364
655.0000 -1.1364
656.0000 -1.1364
657.0000 -1.1364
658.0000 -1.1364
659.0000 -1.1364
660.0000 -1.1364
661.0000 -1.1364
662.0000 -1.1364
663.0000 -1.1364
664.0000 -1.1364
665.0000 -1.1364
666.0000 -1.1364
667.0000 -1.1364
668.0000 -1.1364
669.0000 -1.1364
670.0000 -1.1364
671.0000 -1.1364
672.0000 -1.1364
673.0000 -1.1364
674.0000 -1.1364
675.0000 -1.1364
676.0000 -1.1364
677.0000 -1.1364
678.0000 -1.1364
679.0000 -1.1364
680.0000 -1.1364
681.0000 -1.1364
682.0000 -1.1364
683.0000 -1.1364
684.0000 -1.1364
685.0000 -1.1364
686.0000 -1.1364
687.0000 -1.1364
688.0000 -1.1364
689.0000 -1.1364
690.0000 -1.1364
691.0000 -1.1364
692.0000 -1.1364
693.0000 -1.1364
694.0000 -1.1364
695.0000 -1.1364
696.0000 -1.1364
697.0000 -1.1364
698.0000 -1.1364
699.0000 -1.1364
700.0000 -1.1364
701.0000 -1.1364
702.0000 -1.1364
703.0000 -1.1364
704.0000 -1.1364
705.0000 -1.1364
706.0000 -1.1364
707.0000 -1.1364
708.0000 -1.1364
709.0000 -1.1364
710.0000 -1.1364
711.0000 1.3001
712.0000 1.6712
713.0000 1.5040
714.0000 1.3437
715.0000 1.2894
716.0000 1.3077
717.0000 1.3563
718.0000 1.4112
719.0000 1.4634
720.0000 1.5114
721.0000 1.5555
722.0000 1.5966
723.0000 1.6352
724.0000 1.6716
725.0000 1.7059
726.0000 1.7382
727.0000 1.7688
728.0000 1.7976
729.0000 1.8247
730.0000 1.8503
731.0000 1.8744
732.0000 1.8972
733.0000 1.9186
734.0000 1.9389
735.0000 1.9579
736.0000 1.9759
737.0000 1.9929
738.0000 2.0089
739.0000 2.0239
740.0000 2.0382
741.0000 2.0516
742.0000 2.0642
743.0000 2.0761
744.0000 2.0873
745.0000 2.0979
746.0000 2.1079
747.0000 2.1173
748.0000 2.1262
749.0000 2.1346
750.0000 2.1425
751.0000 2.1499
752.0000 2.1569
753.0000 2.1635
754.0000 2.1698
755.0000 2.1757
756.0000 2.1812
757.0000 2.1864
758.0000 2.1914
759.0000 2.1960
760.0000 2.2004
761.0000 2.2045
762.0000 2.2084
763.0000 2.2121
764.0000 2.2156
765.0000 2.2188
766.0000 2.2219
767.0000 2.2248
768.0000 2.2275
769.0000 2.2301
770.0000 2.2326
771.0000 2.2349
772.0000 2.2370
773.0000 2.2391
774.0000 2.2410
775.0000 2.2428
776.0000 2.2445
777.0000 2.2461
778.0000 2.2476
779.0000 2.2491
780.0000 2.2504
781.0000 2.2517
782.0000 2.2529
783.0000 2.2540
784.0000 2.2551
785.0000 2.2561
786.0000 2.2571
787.0000 2.2580
788.0000 2.2588
789.0000 2.2596
790.0000 2.2603
791.0000 2.2610
792.0000 2.2617
793.0000 2.2623
794.0000 2.2629
795.0000 2.2635
796.0000 2.2640
797.0000 2.2645
798.0000 2.2650
799.0000 2.2654
800.0000 2.2658
801.0000 2.2662
802.0000 2.2666
803.0000 2.2670
804.0000 2.2673
805.0000 2.2676
806.0000 2.2679
807.0000 2.2682
808.0000 2.2684
809.0000 2.2687
810.0000 2.2689
811.0000 2.2691
812.0000 2.2693
813.0000 2.2695
814.0000 2.2697
815.0000 2.2699
816.0000 2.2700
817.0000 2.2702
818.0000 2.2703
819.0000 2.2705
820.0000 2.2706
821.0000 2.2707
822.0000 2.2708
823.0000 2.2709
824.0000 2.2711
825.0000 2.2711
826.0000 2.2712
827.0000 2.2713
828.0000 2.2714
829.0000 2.2715
830.0000 2.2715
831.0000 2.2716
832.0000 2.2717
833.0000 2.2717
834.0000 2.2718
835.0000 2.2718
836.0000 2.2719
837.0000 2.2719
838.0000 2.2720
839.0000 2.2720
840.0000 2.2721
841.0000 2.2721
842.0000 2.2721
843.0000 2.2722
844.0000 2.2722
845.0000 2.2722
846.0000 2.2723
847.0000 2.2723
848.0000 2.2723
849.0000 2.2723
850.0000 2.2724
851.0000 2.2724
852.0000 2.2724
853.0000 2.2724
854.0000 2.2724
855.0000 2.2725
856.0000 2.2725
857.0000 2.2725
858.0000 2.2725
859.0000 2.2725
860.0000 2.2725
861.0000 2.2725
862.0000 2.2725
863.0000 2.2726
864.0000 2.2726
865.0000 2.2726
866.0000 2.2726
867.0000 2.2726
868.0000 2.2726
869.0000 2.2726
870.0000 2.2726
871.0000 2.2726
872.0000 2.2726
873.0000 2.2726
874.0000 2.2726
875.0000 2.2726
876.0000 2.2726
877.0000 2.2727
878.0000 2.2727
879.0000 2.2727
880.0000 2.2727
881.0000 2.2727
882.0000 2.2727
883.0000 2.2727
884.0000 2.2727
885.0000 2.2727
886.0000 2.2727
887.0000 2.2727
888.0000 2.2727
889.0000 2.2727
890.0000 2.2727
891.0000 2.2727
892.0000 2.2727
893.0000 2.2727
894.0000 2.2727
895.0000 2.2727
896.0000 2.2727
897.0000 2.2727
898.0000 2.2727
899.0000 2.2727
900.0000 2.2727
901.0000 2.2727
902.0000 2.2727
903.0000 2.2727
904.0000 2.2727
905.0000 2.2727
906.0000 2.2727
907.0000 2.2727
908.0000 2.2727
909.0000 2.2727
910.0000 2.2727
