1.0000 0.0000
2.0000 0.0000
3.0000 0.0000
4.0000 0.0000
5.0000 0.0000
6.0000 0.0000
7.0000 0.0000
8.0000 0.0000
9.0000 0.0000
10.0000 0.0000
11.0000 0.0000
12.0000 0.0000
13.0000 0.0000
14.0000 0.0000
15.0000 0.0000
16.0000 0.0000
17.0000 0.0000
18.0000 0.0000
19.0000 0.0000
20.0000 0.0000
21.0000 0.0000
22.0000 0.0000
23.0000 0.0000
24.0000 0.0000
25.0000 0.0000
26.0000 0.0000
27.0000 0.0000
28.0000 0.0000
29.0000 0.0000
30.0000 0.0000
31.0000 0.0000
32.0000 0.0000
33.0000 0.0000
34.0000 0.0000
35.0000 0.0000
36.0000 0.0000
37.0000 0.0000
38.0000 0.0000
39.0000 0.0000
40.0000 0.0000
41.0000 0.0000
42.0000 0.0000
43.0000 0.0000
44.0000 0.0000
45.0000 0.0000
46.0000 0.0000
47.0000 0.0000
48.0000 0.0000
49.0000 0.0000
50.0000 0.0000
51.0000 0.0000
52.0000 0.0000
53.0000 0.0000
54.0000 0.0000
55.0000 0.0000
56.0000 0.0000
57.0000 0.0000
58.0000 0.0000
59.0000 0.0000
60.0000 0.0000
61.0000 0.0000
62.0000 0.0000
63.0000 0.0000
64.0000 0.0000
65.0000 0.0000
66.0000 0.0000
67.0000 0.0000
68.0000 0.0000
69.0000 0.0000
70.0000 0.0000
71.0000 0.0000
72.0000 0.0000
73.0000 0.0000
74.0000 0.0000
75.0000 0.0000
76.0000 0.0000
77.0000 0.0000
78.0000 0.0000
79.0000 0.0000
80.0000 0.0000
81.0000 0.0000
82.0000 0.0000
83.0000 0.0000
84.0000 0.0000
85.0000 0.0000
86.0000 0.0000
87.0000 0.0000
88.0000 0.0000
89.0000 0.0000
90.0000 0.0000
91.0000 0.0000
92.0000 0.0000
93.0000 0.0000
94.0000 0.0000
95.0000 0.0000
96.0000 0.0000
97.0000 0.0000
98.0000 0.0000
99.0000 0.0000
100.0000 0.0000
101.0000 0.0000
102.0000 0.0000
103.0000 0.0000
104.0000 0.0000
105.0000 0.0000
106.0000 0.0000
107.0000 0.0000
108.0000 0.0000
109.0000 0.0000
110.0000 0.0000
111.0000 0.4394
112.0000 0.3357
113.0000 0.4927
114.0000 0.4775
115.0000 0.5475
116.0000 0.5607
117.0000 0.6002
118.0000 0.6198
119.0000 0.6467
120.0000 0.6657
121.0000 0.6859
122.0000 0.7025
123.0000 0.7185
124.0000 0.7324
125.0000 0.7452
126.0000 0.7567
127.0000 0.7672
128.0000 0.7767
129.0000 0.7852
130.0000 0.7930
131.0000 0.8000
132.0000 0.8063
133.0000 0.8121
134.0000 0.8173
135.0000 0.8220
136.0000 0.8262
137.0000 0.8301
138.0000 0.8336
139.0000 0.8367
140.0000 0.8396
141.0000 0.8421
142.0000 0.8445
143.0000 0.8466
144.0000 0.8485
145.0000 0.8502
146.0000 0.8518
147.0000 0.8532
148.0000 0.8545
149.0000 0.8556
150.0000 0.8567
151.0000 0.8576
152.0000 0.8585
153.0000 0.8593
154.0000 0.8600
155.0000 0.8606
156.0000 0.8612
157.0000 0.8617
158.0000 0.8622
159.0000 0.8626
160.0000 0.8630
161.0000 0.8633
162.0000 0.8637
163.0000 0.8639
164.0000 0.8642
165.0000 0.8644
166.0000 0.8647
167.0000 0.8648
168.0000 0.8650
169.0000 0.8652
170.0000 0.8653
171.0000 0.8654
172.0000 0.8656
173.0000 0.8657
174.0000 0.8658
175.0000 0.8658
176.0000 0.8659
177.0000 0.8660
178.0000 0.8661
179.0000 0.8661
180.0000 0.8662
181.0000 0.8662
182.0000 0.8663
183.0000 0.8663
184.0000 0.8663
185.0000 0.8664
186.0000 0.8664
187.0000 0.8664
188.0000 0.8664
189.0000 0.8665
190.0000 0.8665
191.0000 0.8665
192.0000 0.8665
193.0000 0.8665
194.0000 0.8665
195.0000 0.8666
196.0000 0.8666
197.0000 0.8666
198.0000 0.8666
199.0000 0.8666
200.0000 0.8666
201.0000 0.8666
202.0000 0.8666
203.0000 0.8666
204.0000 0.8666
205.0000 0.8666
206.0000 0.8666
207.0000 0.8666
208.0000 0.8666
209.0000 0.8666
210.0000 0.8666
211.0000 0.8666
212.0000 0.8666
213.0000 0.8666
214.0000 0.8667
215.0000 0.8667
216.0000 0.8667
217.0000 0.8667
218.0000 0.8667
219.0000 0.8667
220.0000 0.8667
221.0000 0.8667
222.0000 0.8667
223.0000 0.8667
224.0000 0.8667
225.0000 0.8667
226.0000 0.8667
227.0000 0.8667
228.0000 0.8667
229.0000 0.8667
230.0000 0.8667
231.0000 0.8667
232.0000 0.8667
233.0000 0.8667
234.0000 0.8667
235.0000 0.8667
236.0000 0.8667
237.0000 0.8667
238.0000 0.8667
239.0000 0.8667
240.0000 0.8667
241.0000 0.8667
242.0000 0.8667
243.0000 0.8667
244.0000 0.8667
245.0000 0.8667
246.0000 0.8667
247.0000 0.8667
248.0000 0.8667
249.0000 0.8667
250.0000 0.8667
251.0000 0.8667
252.0000 0.8667
253.0000 0.8667
254.0000 0.8667
255.0000 0.8667
256.0000 0.8667
257.0000 0.8667
258.0000 0.8667
259.0000 0.8667
260.0000 0.8667
261.0000 0.8667
262.0000 0.8667
263.0000 0.8667
264.0000 0.8667
265.0000 0.8667
266.0000 0.8667
267.0000 0.8667
268.0000 0.8667
269.0000 0.8667
270.0000 0.8667
271.0000 0.8667
272.0000 0.8667
273.0000 0.8667
274.0000 0.8667
275.0000 0.8667
276.0000 0.8667
277.0000 0.8667
278.0000 0.8667
279.0000 0.8667
280.0000 0.8667
281.0000 0.8667
282.0000 0.8667
283.0000 0.8667
284.0000 0.8667
285.0000 0.8667
286.0000 0.8667
287.0000 0.8667
288.0000 0.8667
289.0000 0.8667
290.0000 0.8667
291.0000 0.8667
292.0000 0.8667
293.0000 0.8667
294.0000 0.8667
295.0000 0.8667
296.0000 0.8667
297.0000 0.8667
298.0000 0.8667
299.0000 0.8667
300.0000 0.8667
301.0000 0.8667
302.0000 0.8667
303.0000 0.8667
304.0000 0.8667
305.0000 0.8667
306.0000 0.8667
307.0000 0.8667
308.0000 0.8667
309.0000 0.8667
310.0000 0.8667
311.0000 0.8667
312.0000 0.8667
313.0000 0.8667
314.0000 0.8667
315.0000 0.8667
316.0000 0.8667
317.0000 0.8667
318.0000 0.8667
319.0000 0.8667
320.0000 0.8667
321.0000 0.8667
322.0000 0.8667
323.0000 0.8667
324.0000 0.8667
325.0000 0.8667
326.0000 0.8667
327.0000 0.8667
328.0000 0.8667
329.0000 0.8667
330.0000 0.8667
331.0000 0.8667
332.0000 0.8667
333.0000 0.8667
334.0000 0.8667
335.0000 0.8667
336.0000 0.8667
337.0000 0.8667
338.0000 0.8667
339.0000 0.8667
340.0000 0.8667
341.0000 0.8667
342.0000 0.8667
343.0000 0.8667
344.0000 0.8667
345.0000 0.8667
346.0000 0.8667
347.0000 0.8667
348.0000 0.8667
349.0000 0.8667
350.0000 0.8667
351.0000 0.8667
352.0000 0.8667
353.0000 0.8667
354.0000 0.8667
355.0000 0.8667
356.0000 0.8667
357.0000 0.8667
358.0000 0.8667
359.0000 0.8667
360.0000 0.8667
361.0000 0.8667
362.0000 0.8667
363.0000 0.8667
364.0000 0.8667
365.0000 0.8667
366.0000 0.8667
367.0000 0.8667
368.0000 0.8667
369.0000 0.8667
370.0000 0.8667
371.0000 0.8667
372.0000 0.8667
373.0000 0.8667
374.0000 0.8667
375.0000 0.8667
376.0000 0.8667
377.0000 0.8667
378.0000 0.8667
379.0000 0.8667
380.0000 0.8667
381.0000 0.8667
382.0000 0.8667
383.0000 0.8667
384.0000 0.8667
385.0000 0.8667
386.0000 0.8667
387.0000 0.8667
388.0000 0.8667
389.0000 0.8667
390.0000 0.8667
391.0000 0.8667
392.0000 0.8667
393.0000 0.8667
394.0000 0.8667
395.0000 0.8667
396.0000 0.8667
397.0000 0.8667
398.0000 0.8667
399.0000 0.8667
400.0000 0.8667
401.0000 0.8667
402.0000 0.8667
403.0000 0.8667
404.0000 0.8667
405.0000 0.8667
406.0000 0.8667
407.0000 0.8667
408.0000 0.8667
409.0000 0.8667
410.0000 0.8667
411.0000 -0.0121
412.0000 0.1952
413.0000 -0.1188
414.0000 -0.0883
415.0000 -0.2283
416.0000 -0.2547
417.0000 -0.3337
418.0000 -0.3730
419.0000 -0.4267
420.0000 -0.4648
421.0000 -0.5052
422.0000 -0.5383
423.0000 -0.5702
424.0000 -0.5980
425.0000 -0.6238
426.0000 -0.6468
427.0000 -0.6678
428.0000 -0.6867
429.0000 -0.7038
430.0000 -0.7193
431.0000 -0.7333
432.0000 -0.7460
433.0000 -0.7575
434.0000 -0.7679
435.0000 -0.7773
436.0000 -0.7858
437.0000 -0.7935
438.0000 -0.8004
439.0000 -0.8068
440.0000 -0.8125
441.0000 -0.8176
442.0000 -0.8223
443.0000 -0.8265
444.0000 -0.8303
445.0000 -0.8338
446.0000 -0.8369
447.0000 -0.8397
448.0000 -0.8423
449.0000 -0.8446
450.0000 -0.8467
451.0000 -0.8486
452.0000 -0.8503
453.0000 -0.8519
454.0000 -0.8533
455.0000 -0.8546
456.0000 -0.8557
457.0000 -0.8568
458.0000 -0.8577
459.0000 -0.8586
460.0000 -0.8593
461.0000 -0.8600
462.0000 -0.8607
463.0000 -0.8612
464.0000 -0.8617
465.0000 -0.8622
466.0000 -0.8626
467.0000 -0.8630
468.0000 -0.8634
469.0000 -0.8637
470.0000 -0.8640
471.0000 -0.8642
472.0000 -0.8645
473.0000 -0.8647
474.0000 -0.8649
475.0000 -0.8650
476.0000 -0.8652
477.0000 -0.8653
478.0000 -0.8655
479.0000 -0.8656
480.0000 -0.8657
481.0000 -0.8658
482.0000 -0.8659
483.0000 -0.8659
484.0000 -0.8660
485.0000 -0.8661
486.0000 -0.8661
487.0000 -0.8662
488.0000 -0.8662
489.0000 -0.8663
490.0000 -0.8663
491.0000 -0.8663
492.0000 -0.8664
493.0000 -0.8664
494.0000 -0.8664
495.0000 -0.8664
496.0000 -0.8665
497.0000 -0.8665
498.0000 -0.8665
499.0000 -0.8665
500.0000 -0.8665
501.0000 -0.8665
502.0000 -0.8666
503.0000 -0.8666
504.0000 -0.8666
505.0000 -0.8666
506.0000 -0.8666
507.0000 -0.8666
508.0000 -0.8666
509.0000 -0.8666
510.0000 -0.8666
511.0000 -0.8666
512.0000 -0.8666
513.0000 -0.8666
514.0000 -0.8666
515.0000 -0.8666
516.0000 -0.8666
517.0000 -0.8666
518.0000 -0.8666
519.0000 -0.8666
520.0000 -0.8666
521.0000 -0.8667
522.0000 -0.8667
523.0000 -0.8667
524.0000 -0.8667
525.0000 -0.8667
526.0000 -0.8667
527.0000 -0.8667
528.0000 -0.8667
529.0000 -0.8667
530.0000 -0.8667
531.0000 -0.8667
532.0000 -0.8667
533.0000 -0.8667
534.0000 -0.8667
535.0000 -0.8667
536.0000 -0.8667
537.0000 -0.8667
538.0000 -0.8667
539.0000 -0.8667
540.0000 -0.8667
541.0000 -0.8667
542.0000 -0.8667
543.0000 -0.8667
544.0000 -0.8667
545.0000 -0.8667
546.0000 -0.8667
547.0000 -0.8667
548.0000 -0.8667
549.0000 -0.8667
550.0000 -0.8667
551.0000 -0.8667
552.0000 -0.8667
553.0000 -0.8667
554.0000 -0.8667
555.0000 -0.8667
556.0000 -0.8667
557.0000 -0.8667
558.0000 -0.8667
559.0000 -0.8667
560.0000 -0.8667
561.0000 -0.8667
562.0000 -0.8667
563.0000 -0.8667
564.0000 -0.8667
565.0000 -0.8667
566.0000 -0.8667
567.0000 -0.8667
568.0000 -0.8667
569.0000 -0.8667
570.0000 -0.8667
571.0000 -0.8667
572.0000 -0.8667
573.0000 -0.8667
574.0000 -0.8667
575.0000 -0.8667
576.0000 -0.8667
577.0000 -0.8667
578.0000 -0.8667
579.0000 -0.8667
580.0000 -0.8667
581.0000 -0.8667
582.0000 -0.8667
583.0000 -0.8667
584.0000 -0.8667
585.0000 -0.8667
586.0000 -0.8667
587.0000 -0.8667
588.0000 -0.8667
589.0000 -0.8667
590.0000 -0.8667
591.0000 -0.8667
592.0000 -0.8667
593.0000 -0.8667
594.0000 -0.8667
595.0000 -0.8667
596.0000 -0.8667
597.0000 -0.8667
598.0000 -0.8667
599.0000 -0.8667
600.0000 -0.8667
601.0000 -0.8667
602.0000 -0.8667
603.0000 -0.8667
604.0000 -0.8667
605.0000 -0.8667
606.0000 -0.8667
607.0000 -0.8667
608.0000 -0.8667
609.0000 -0.8667
610.0000 -0.8667
611.0000 -0.8667
612.0000 -0.8667
613.0000 -0.8667
614.0000 -0.8667
615.0000 -0.8667
616.0000 -0.8667
617.0000 -0.8667
618.0000 -0.8667
619.0000 -0.8667
620.0000 -0.8667
621.0000 -0.8667
622.0000 -0.8667
623.0000 -0.8667
624.0000 -0.8667
625.0000 -0.8667
626.0000 -0.8667
627.0000 -0.8667
628.0000 -0.8667
629.0000 -0.8667
630.0000 -0.8667
631.0000 -0.8667
632.0000 -0.8667
633.0000 -0.8667
634.0000 -0.8667
635.0000 -0.8667
636.0000 -0.8667
637.0000 -0.8667
638.0000 -0.8667
639.0000 -0.8667
640.0000 -0.8667
641.0000 -0.8667
642.0000 -0.8667
643.0000 -0.8667
644.0000 -0.8667
645.0000 -0.8667
646.0000 -0.8667
647.0000 -0.8667
648.0000 -0.8667
649.0000 -0.8667
650.0000 -0.8667
651.0000 -0.8667
652.0000 -0.8667
653.0000 -0.8667
654.0000 -0.8667
655.0000 -0.8667
656.0000 -0.8667
657.0000 -0.8667
658.0000 -0.8667
659.0000 -0.8667
660.0000 -0.8667
661.0000 -0.8667
662.0000 -0.8667
663.0000 -0.8667
664.0000 -0.8667
665.0000 -0.8667
666.0000 -0.8667
667.0000 -0.8667
668.0000 -0.8667
669.0000 -0.8667
670.0000 -0.8667
671.0000 -0.8667
672.0000 -0.8667
673.0000 -0.8667
674.0000 -0.8667
675.0000 -0.8667
676.0000 -0.8667
677.0000 -0.8667
678.0000 -0.8667
679.0000 -0.8667
680.0000 -0.8667
681.0000 -0.8667
682.0000 -0.8667
683.0000 -0.8667
684.0000 -0.8667
685.0000 -0.8667
686.0000 -0.8667
687.0000 -0.8667
688.0000 -0.8667
689.0000 -0.8667
690.0000 -0.8667
691.0000 -0.8667
692.0000 -0.8667
693.0000 -0.8667
694.0000 -0.8667
695.0000 -0.8667
696.0000 -0.8667
697.0000 -0.8667
698.0000 -0.8667
699.0000 -0.8667
700.0000 -0.8667
701.0000 -0.8667
702.0000 -0.8667
703.0000 -0.8667
704.0000 -0.8667
705.0000 -0.8667
706.0000 -0.8667
707.0000 -0.8667
708.0000 -0.8667
709.0000 -0.8667
710.0000 -0.8667
711.0000 0.4515
712.0000 0.1406
713.0000 0.6115
714.0000 0.5658
715.0000 0.7758
716.0000 0.8153
717.0000 0.9340
718.0000 0.9929
719.0000 1.0733
720.0000 1.1305
721.0000 1.1911
722.0000 1.2408
723.0000 1.2887
724.0000 1.3304
725.0000 1.3691
726.0000 1.4035
727.0000 1.4350
728.0000 1.4633
729.0000 1.4891
730.0000 1.5123
731.0000 1.5333
732.0000 1.5524
733.0000 1.5696
734.0000 1.5852
735.0000 1.5993
736.0000 1.6120
737.0000 1.6236
738.0000 1.6340
739.0000 1.6435
740.0000 1.6520
741.0000 1.6598
742.0000 1.6668
743.0000 1.6731
744.0000 1.6788
745.0000 1.6840
746.0000 1.6887
747.0000 1.6929
748.0000 1.6968
749.0000 1.7003
750.0000 1.7034
751.0000 1.7063
752.0000 1.7088
753.0000 1.7112
754.0000 1.7133
755.0000 1.7152
756.0000 1.7169
757.0000 1.7185
758.0000 1.7199
759.0000 1.7212
760.0000 1.7223
761.0000 1.7234
762.0000 1.7243
763.0000 1.7252
764.0000 1.7260
765.0000 1.7267
766.0000 1.7273
767.0000 1.7279
768.0000 1.7284
769.0000 1.7289
770.0000 1.7293
771.0000 1.7297
772.0000 1.7300
773.0000 1.7303
774.0000 1.7306
775.0000 1.7309
776.0000 1.7311
777.0000 1.7313
778.0000 1.7315
779.0000 1.7317
780.0000 1.7318
781.0000 1.7320
782.0000 1.7321
783.0000 1.7322
784.0000 1.7323
785.0000 1.7324
786.0000 1.7325
787.0000 1.7326
788.0000 1.7327
789.0000 1.7327
790.0000 1.7328
791.0000 1.7328
792.0000 1.7329
793.0000 1.7329
794.0000 1.7330
795.0000 1.7330
796.0000 1.7330
797.0000 1.7331
798.0000 1.7331
799.0000 1.7331
800.0000 1.7331
801.0000 1.7332
802.0000 1.7332
803.0000 1.7332
804.0000 1.7332
805.0000 1.7332
806.0000 1.7332
807.0000 1.7332
808.0000 1.7332
809.0000 1.7333
810.0000 1.7333
811.0000 1.7333
812.0000 1.7333
813.0000 1.7333
814.0000 1.7333
815.0000 1.7333
816.0000 1.7333
817.0000 1.7333
818.0000 1.7333
819.0000 1.7333
820.0000 1.7333
821.0000 1.7333
822.0000 1.7333
823.0000 1.7333
824.0000 1.7333
825.0000 1.7333
826.0000 1.7333
827.0000 1.7333
828.0000 1.7333
829.0000 1.7333
830.0000 1.7333
831.0000 1.7333
832.0000 1.7333
833.0000 1.7333
834.0000 1.7333
835.0000 1.7333
836.0000 1.7333
837.0000 1.7333
838.0000 1.7333
839.0000 1.7333
840.0000 1.7333
841.0000 1.7333
842.0000 1.7333
843.0000 1.7333
844.0000 1.7333
845.0000 1.7333
846.0000 1.7333
847.0000 1.7333
848.0000 1.7333
849.0000 1.7333
850.0000 1.7333
851.0000 1.7333
852.0000 1.7333
853.0000 1.7333
854.0000 1.7333
855.0000 1.7333
856.0000 1.7333
857.0000 1.7333
858.0000 1.7333
859.0000 1.7333
860.0000 1.7333
861.0000 1.7333
862.0000 1.7333
863.0000 1.7333
864.0000 1.7333
865.0000 1.7333
866.0000 1.7333
867.0000 1.7333
868.0000 1.7333
869.0000 1.7333
870.0000 1.7333
871.0000 1.7333
872.0000 1.7333
873.0000 1.7333
874.0000 1.7333
875.0000 1.7333
876.0000 1.7333
877.0000 1.7333
878.0000 1.7333
879.0000 1.7333
880.0000 1.7333
881.0000 1.7333
882.0000 1.7333
883.0000 1.7333
884.0000 1.7333
885.0000 1.7333
886.0000 1.7333
887.0000 1.7333
888.0000 1.7333
889.0000 1.7333
890.0000 1.7333
891.0000 1.7333
892.0000 1.7333
893.0000 1.7333
894.0000 1.7333
895.0000 1.7333
896.0000 1.7333
897.0000 1.7333
898.0000 1.7333
899.0000 1.7333
900.0000 1.7333
901.0000 1.7333
902.0000 1.7333
903.0000 1.7333
904.0000 1.7333
905.0000 1.7333
906.0000 1.7333
907.0000 1.7333
908.0000 1.7333
909.0000 1.7333
910.0000 1.7333
