1.0000 0.0000
2.0000 0.0000
3.0000 0.0000
4.0000 0.0000
5.0000 0.0000
6.0000 0.0000
7.0000 0.0000
8.0000 0.0000
9.0000 0.0000
10.0000 0.0000
11.0000 0.0272
12.0000 0.0103
13.0000 0.0014
14.0000 -0.0014
15.0000 -0.0012
16.0000 -0.0010
17.0000 -0.0001
18.0000 -0.0002
19.0000 -0.0000
20.0000 0.0000
21.0000 -0.0002
22.0000 -0.0001
23.0000 0.0003
24.0000 0.0002
25.0000 -0.0000
26.0000 -0.0002
27.0000 -0.0001
28.0000 -0.0001
29.0000 0.0002
30.0000 0.0003
31.0000 -0.0002
32.0000 0.0000
33.0000 -0.0002
34.0000 0.0002
35.0000 0.0000
36.0000 -0.0002
37.0000 -0.0001
38.0000 0.0001
39.0000 0.0001
40.0000 -0.0000
41.0000 0.0001
42.0000 0.0002
43.0000 -0.0002
44.0000 -0.0002
45.0000 -0.0000
46.0000 -0.0000
47.0000 0.0002
48.0000 -0.0000
49.0000 0.0001
50.0000 -0.0004
51.0000 0.0002
52.0000 0.0002
53.0000 -0.0002
54.0000 0.0001
55.0000 -0.0000
56.0000 -0.0000
57.0000 0.0001
58.0000 -0.0002
59.0000 0.0001
60.0000 -0.0000
61.0000 -0.0000
62.0000 0.0000
63.0000 0.0002
64.0000 -0.0002
65.0000 0.0000
66.0000 -0.0002
67.0000 0.0002
68.0000 0.0002
69.0000 -0.0000
70.0000 -0.0000
71.0000 -0.0001
72.0000 -0.0001
73.0000 -0.0000
74.0000 0.0000
75.0000 0.0003
76.0000 -0.0002
77.0000 -0.0000
78.0000 0.0001
79.0000 -0.0001
80.0000 0.0001
81.0000 -0.0002
82.0000 0.0001
83.0000 -0.0001
84.0000 0.0002
85.0000 0.0000
86.0000 -0.0002
87.0000 0.0001
88.0000 0.0001
89.0000 -0.0000
90.0000 -0.0003
91.0000 0.0002
92.0000 0.0001
93.0000 -0.0000
94.0000 -0.0003
95.0000 0.0002
96.0000 0.0002
97.0000 0.0001
98.0000 0.0001
99.0000 -0.0000
100.0000 -0.0000
101.0000 -0.0002
102.0000 -0.0003
103.0000 0.0001
104.0000 0.0002
105.0000 0.0001
106.0000 0.0001
107.0000 -0.0000
108.0000 0.0001
109.0000 -0.0000
110.0000 0.0000
111.0000 0.4624
112.0000 0.8022
113.0000 0.9738
114.0000 1.0288
115.0000 1.0306
116.0000 1.0173
117.0000 1.0069
118.0000 1.0015
119.0000 0.9993
120.0000 0.9992
121.0000 0.9994
122.0000 0.9998
123.0000 1.0005
124.0000 1.0004
125.0000 0.9999
126.0000 0.9997
127.0000 0.9999
128.0000 0.9997
129.0000 1.0003
130.0000 1.0005
131.0000 0.9998
132.0000 1.0000
133.0000 0.9997
134.0000 1.0002
135.0000 1.0000
136.0000 0.9996
137.0000 0.9999
138.0000 1.0002
139.0000 1.0002
140.0000 1.0000
141.0000 1.0001
142.0000 1.0001
143.0000 0.9997
144.0000 0.9997
145.0000 0.9999
146.0000 1.0001
147.0000 1.0003
148.0000 1.0000
149.0000 1.0002
150.0000 0.9994
151.0000 1.0001
152.0000 1.0003
153.0000 0.9997
154.0000 1.0001
155.0000 1.0000
156.0000 1.0000
157.0000 1.0002
158.0000 0.9998
159.0000 1.0001
160.0000 1.0000
161.0000 1.0000
162.0000 1.0000
163.0000 1.0003
164.0000 0.9998
165.0000 0.9999
166.0000 0.9997
167.0000 1.0001
168.0000 1.0002
169.0000 1.0000
170.0000 1.0000
171.0000 0.9999
172.0000 0.9997
173.0000 1.0000
174.0000 1.0001
175.0000 1.0006
176.0000 0.9997
177.0000 0.9999
178.0000 1.0000
179.0000 0.9999
180.0000 1.0000
181.0000 0.9999
182.0000 1.0002
183.0000 0.9999
184.0000 1.0004
185.0000 1.0000
186.0000 0.9998
187.0000 1.0002
188.0000 1.0002
189.0000 0.9998
190.0000 0.9994
191.0000 1.0001
192.0000 1.0002
193.0000 1.0000
194.0000 0.9996
195.0000 1.0003
196.0000 1.0004
197.0000 1.0001
198.0000 1.0002
199.0000 0.9998
200.0000 0.9997
201.0000 0.9995
202.0000 0.9998
203.0000 1.0003
204.0000 1.0004
205.0000 1.0003
206.0000 1.0001
207.0000 0.9999
208.0000 0.9999
209.0000 0.9997
210.0000 0.9998
211.0000 0.9700
212.0000 0.9972
213.0000 1.0051
214.0000 1.0044
215.0000 1.0011
216.0000 1.0006
217.0000 0.9985
218.0000 1.0002
219.0000 1.0004
220.0000 1.0003
221.0000 1.0005
222.0000 0.9999
223.0000 0.9991
224.0000 0.9995
225.0000 1.0003
226.0000 1.0006
227.0000 1.0004
228.0000 1.0002
229.0000 0.9992
230.0000 0.9993
231.0000 1.0006
232.0000 0.9999
233.0000 1.0006
234.0000 0.9991
235.0000 1.0002
236.0000 1.0007
237.0000 1.0001
238.0000 0.9995
239.0000 0.9999
240.0000 1.0001
241.0000 0.9999
242.0000 0.9994
243.0000 1.0006
244.0000 1.0005
245.0000 1.0001
246.0000 0.9999
247.0000 0.9994
248.0000 1.0002
249.0000 0.9995
250.0000 1.0011
251.0000 0.9993
252.0000 0.9996
253.0000 1.0006
254.0000 0.9997
255.0000 1.0003
256.0000 1.0000
257.0000 0.9995
258.0000 1.0007
259.0000 0.9993
260.0000 1.0000
261.0000 1.0002
262.0000 1.0000
263.0000 0.9992
264.0000 1.0008
265.0000 1.0000
266.0000 1.0004
267.0000 0.9996
268.0000 0.9993
269.0000 1.0002
270.0000 1.0000
271.0000 1.0005
272.0000 1.0004
273.0000 0.9999
274.0000 0.9997
275.0000 0.9992
276.0000 1.0009
277.0000 1.0000
278.0000 0.9996
279.0000 1.0001
280.0000 0.9998
281.0000 1.0005
282.0000 0.9997
283.0000 1.0004
284.0000 0.9994
285.0000 1.0001
286.0000 1.0003
287.0000 0.9994
288.0000 0.9997
289.0000 1.0003
290.0000 1.0014
291.0000 0.9993
292.0000 0.9998
293.0000 0.9999
294.0000 1.0008
295.0000 0.9992
296.0000 0.9997
297.0000 0.9998
298.0000 0.9999
299.0000 1.0001
300.0000 1.0004
301.0000 1.0005
302.0000 1.0006
303.0000 0.9997
304.0000 0.9996
305.0000 0.9997
306.0000 0.9997
307.0000 1.0002
308.0000 1.0000
309.0000 1.0001
310.0000 0.9999
311.0000 0.9454
312.0000 0.9796
313.0000 0.9974
314.0000 1.0025
315.0000 1.0027
316.0000 1.0023
317.0000 1.0010
318.0000 0.9996
319.0000 0.9997
320.0000 0.9996
321.0000 1.0003
322.0000 1.0003
323.0000 0.9996
324.0000 0.9995
325.0000 1.0000
326.0000 1.0005
327.0000 1.0000
328.0000 1.0006
329.0000 0.9995
330.0000 0.9993
331.0000 1.0005
332.0000 1.0001
333.0000 1.0004
334.0000 0.9996
335.0000 0.9997
336.0000 1.0005
337.0000 0.9999
338.0000 0.9999
339.0000 0.9996
340.0000 1.0001
341.0000 0.9997
342.0000 0.9998
343.0000 1.0005
344.0000 1.0004
345.0000 1.0000
346.0000 1.0002
347.0000 0.9994
348.0000 1.0000
349.0000 0.9999
350.0000 1.0006
351.0000 0.9999
352.0000 0.9994
353.0000 1.0006
354.0000 0.9998
355.0000 1.0000
356.0000 1.0000
357.0000 0.9998
358.0000 1.0003
359.0000 1.0000
360.0000 1.0000
361.0000 0.9998
362.0000 1.0002
363.0000 0.9996
364.0000 1.0001
365.0000 1.0000
366.0000 1.0005
367.0000 0.9995
368.0000 0.9998
369.0000 1.0002
370.0000 1.0000
371.0000 1.0000
372.0000 1.0004
373.0000 1.0001
374.0000 1.0001
375.0000 0.9992
376.0000 1.0003
377.0000 1.0002
378.0000 0.9999
379.0000 1.0002
380.0000 0.9999
381.0000 1.0000
382.0000 0.9996
383.0000 1.0005
384.0000 0.9996
385.0000 1.0001
386.0000 1.0005
387.0000 0.9996
388.0000 0.9998
389.0000 1.0000
390.0000 1.0002
391.0000 0.9999
392.0000 0.9999
393.0000 1.0003
394.0000 1.0006
395.0000 0.9998
396.0000 0.9995
397.0000 1.0000
398.0000 0.9996
399.0000 1.0002
400.0000 0.9999
401.0000 1.0005
402.0000 1.0003
403.0000 0.9997
404.0000 0.9997
405.0000 0.9999
406.0000 1.0001
407.0000 1.0000
408.0000 0.9998
409.0000 1.0002
410.0000 0.9999
411.0000 0.0752
412.0000 -0.6043
413.0000 -0.9476
414.0000 -1.0577
415.0000 -1.0613
416.0000 -1.0346
417.0000 -1.0139
418.0000 -1.0029
419.0000 -0.9986
420.0000 -0.9984
421.0000 -0.9987
422.0000 -0.9995
423.0000 -1.0009
424.0000 -1.0007
425.0000 -0.9997
426.0000 -0.9994
427.0000 -0.9998
428.0000 -0.9994
429.0000 -1.0007
430.0000 -1.0011
431.0000 -0.9996
432.0000 -1.0001
433.0000 -0.9994
434.0000 -1.0005
435.0000 -1.0000
436.0000 -0.9993
437.0000 -0.9998
438.0000 -1.0005
439.0000 -1.0005
440.0000 -1.0000
441.0000 -1.0002
442.0000 -1.0002
443.0000 -0.9994
444.0000 -0.9993
445.0000 -0.9999
446.0000 -1.0003
447.0000 -1.0006
448.0000 -1.0000
449.0000 -1.0003
450.0000 -0.9989
451.0000 -1.0003
452.0000 -1.0006
453.0000 -0.9995
454.0000 -1.0002
455.0000 -1.0000
456.0000 -1.0000
457.0000 -1.0004
458.0000 -0.9995
459.0000 -1.0002
460.0000 -0.9999
461.0000 -1.0000
462.0000 -1.0000
463.0000 -1.0006
464.0000 -0.9996
465.0000 -0.9999
466.0000 -0.9994
467.0000 -1.0003
468.0000 -1.0004
469.0000 -0.9999
470.0000 -1.0000
471.0000 -0.9997
472.0000 -0.9995
473.0000 -0.9999
474.0000 -1.0003
475.0000 -1.0011
476.0000 -0.9995
477.0000 -0.9998
478.0000 -1.0000
479.0000 -0.9997
480.0000 -1.0001
481.0000 -0.9997
482.0000 -1.0003
483.0000 -0.9997
484.0000 -1.0008
485.0000 -1.0000
486.0000 -0.9996
487.0000 -1.0005
488.0000 -1.0003
489.0000 -0.9996
490.0000 -0.9989
491.0000 -1.0002
492.0000 -1.0003
493.0000 -1.0001
494.0000 -0.9993
495.0000 -1.0006
496.0000 -1.0008
497.0000 -1.0003
498.0000 -1.0003
499.0000 -0.9996
500.0000 -0.9993
501.0000 -0.9991
502.0000 -0.9996
503.0000 -1.0006
504.0000 -1.0008
505.0000 -1.0006
506.0000 -1.0002
507.0000 -0.9998
508.0000 -0.9999
509.0000 -0.9994
510.0000 -0.9997
511.0000 -0.9401
512.0000 -0.9945
513.0000 -1.0102
514.0000 -1.0088
515.0000 -1.0023
516.0000 -1.0013
517.0000 -0.9971
518.0000 -1.0005
519.0000 -1.0009
520.0000 -1.0006
521.0000 -1.0009
522.0000 -0.9999
523.0000 -0.9982
524.0000 -0.9990
525.0000 -1.0006
526.0000 -1.0012
527.0000 -1.0007
528.0000 -1.0005
529.0000 -0.9984
530.0000 -0.9986
531.0000 -1.0012
532.0000 -0.9997
533.0000 -1.0013
534.0000 -0.9983
535.0000 -1.0003
536.0000 -1.0013
537.0000 -1.0003
538.0000 -0.9990
539.0000 -0.9998
540.0000 -1.0002
541.0000 -0.9998
542.0000 -0.9989
543.0000 -1.0011
544.0000 -1.0011
545.0000 -1.0002
546.0000 -0.9997
547.0000 -0.9989
548.0000 -1.0005
549.0000 -0.9990
550.0000 -1.0023
551.0000 -0.9986
552.0000 -0.9993
553.0000 -1.0012
554.0000 -0.9995
555.0000 -1.0006
556.0000 -1.0000
557.0000 -0.9991
558.0000 -1.0015
559.0000 -0.9986
560.0000 -1.0000
561.0000 -1.0004
562.0000 -1.0000
563.0000 -0.9984
564.0000 -1.0016
565.0000 -1.0000
566.0000 -1.0009
567.0000 -0.9993
568.0000 -0.9987
569.0000 -1.0004
570.0000 -1.0000
571.0000 -1.0011
572.0000 -1.0007
573.0000 -0.9999
574.0000 -0.9995
575.0000 -0.9985
576.0000 -1.0017
577.0000 -1.0000
578.0000 -0.9993
579.0000 -1.0003
580.0000 -0.9996
581.0000 -1.0010
582.0000 -0.9994
583.0000 -1.0007
584.0000 -0.9989
585.0000 -1.0002
586.0000 -1.0006
587.0000 -0.9988
588.0000 -0.9993
589.0000 -1.0007
590.0000 -1.0027
591.0000 -0.9986
592.0000 -0.9996
593.0000 -0.9999
594.0000 -1.0016
595.0000 -0.9984
596.0000 -0.9994
597.0000 -0.9996
598.0000 -0.9997
599.0000 -1.0003
600.0000 -1.0008
601.0000 -1.0010
602.0000 -1.0011
603.0000 -0.9993
604.0000 -0.9992
605.0000 -0.9994
606.0000 -0.9993
607.0000 -1.0004
608.0000 -1.0000
609.0000 -1.0003
610.0000 -0.9998
611.0000 -0.9179
612.0000 -0.9695
613.0000 -0.9962
614.0000 -1.0036
615.0000 -1.0041
616.0000 -1.0037
617.0000 -1.0020
618.0000 -0.9991
619.0000 -0.9994
620.0000 -0.9992
621.0000 -1.0004
622.0000 -1.0005
623.0000 -0.9994
624.0000 -0.9992
625.0000 -1.0000
626.0000 -1.0009
627.0000 -0.9999
628.0000 -1.0011
629.0000 -0.9991
630.0000 -0.9988
631.0000 -1.0008
632.0000 -1.0002
633.0000 -1.0007
634.0000 -0.9995
635.0000 -0.9995
636.0000 -1.0009
637.0000 -0.9998
638.0000 -0.9998
639.0000 -0.9993
640.0000 -1.0003
641.0000 -0.9995
642.0000 -0.9997
643.0000 -1.0008
644.0000 -1.0005
645.0000 -1.0000
646.0000 -1.0004
647.0000 -0.9991
648.0000 -0.9999
649.0000 -0.9999
650.0000 -1.0009
651.0000 -0.9999
652.0000 -0.9990
653.0000 -1.0009
654.0000 -0.9996
655.0000 -1.0000
656.0000 -1.0000
657.0000 -0.9997
658.0000 -1.0003
659.0000 -1.0001
660.0000 -1.0000
661.0000 -0.9995
662.0000 -1.0004
663.0000 -0.9994
664.0000 -1.0001
665.0000 -1.0000
666.0000 -1.0008
667.0000 -0.9991
668.0000 -0.9998
669.0000 -1.0003
670.0000 -0.9999
671.0000 -0.9999
672.0000 -1.0007
673.0000 -1.0003
674.0000 -1.0002
675.0000 -0.9987
676.0000 -1.0004
677.0000 -1.0003
678.0000 -0.9999
679.0000 -1.0003
680.0000 -0.9999
681.0000 -0.9999
682.0000 -0.9993
683.0000 -1.0008
684.0000 -0.9994
685.0000 -1.0003
686.0000 -1.0008
687.0000 -0.9993
688.0000 -0.9997
689.0000 -1.0000
690.0000 -1.0001
691.0000 -1.0000
692.0000 -0.9999
693.0000 -1.0005
694.0000 -1.0008
695.0000 -0.9998
696.0000 -0.9992
697.0000 -1.0001
698.0000 -0.9994
699.0000 -1.0004
700.0000 -0.9999
701.0000 -1.0007
702.0000 -1.0003
703.0000 -0.9994
704.0000 -0.9996
705.0000 -0.9999
706.0000 -1.0002
707.0000 -1.0000
708.0000 -0.9997
709.0000 -1.0004
710.0000 -0.9998
711.0000 0.3872
712.0000 1.4065
713.0000 1.9214
714.0000 2.0865
715.0000 2.0919
716.0000 2.0519
717.0000 2.0209
718.0000 2.0043
719.0000 1.9980
720.0000 1.9976
721.0000 1.9981
722.0000 1.9992
723.0000 2.0014
724.0000 2.0010
725.0000 1.9996
726.0000 1.9991
727.0000 1.9997
728.0000 1.9990
729.0000 2.0010
730.0000 2.0016
731.0000 1.9994
732.0000 2.0001
733.0000 1.9990
734.0000 2.0008
735.0000 2.0000
736.0000 1.9989
737.0000 1.9997
738.0000 2.0007
739.0000 2.0007
740.0000 1.9999
741.0000 2.0003
742.0000 2.0004
743.0000 1.9991
744.0000 1.9990
745.0000 1.9998
746.0000 2.0004
747.0000 2.0009
748.0000 2.0000
749.0000 2.0005
750.0000 1.9983
751.0000 2.0005
752.0000 2.0009
753.0000 1.9992
754.0000 2.0003
755.0000 2.0000
756.0000 2.0000
757.0000 2.0006
758.0000 1.9993
759.0000 2.0003
760.0000 1.9999
761.0000 2.0000
762.0000 2.0000
763.0000 2.0010
764.0000 1.9994
765.0000 1.9998
766.0000 1.9990
767.0000 2.0004
768.0000 2.0007
769.0000 1.9998
770.0000 2.0000
771.0000 1.9996
772.0000 1.9992
773.0000 1.9998
774.0000 2.0004
775.0000 2.0017
776.0000 1.9993
777.0000 1.9997
778.0000 2.0001
779.0000 1.9996
780.0000 2.0002
781.0000 1.9995
782.0000 2.0005
783.0000 1.9995
784.0000 2.0012
785.0000 2.0000
786.0000 1.9993
787.0000 2.0007
788.0000 2.0005
789.0000 1.9994
790.0000 1.9983
791.0000 2.0002
792.0000 2.0005
793.0000 2.0001
794.0000 1.9989
795.0000 2.0009
796.0000 2.0011
797.0000 2.0005
798.0000 2.0005
799.0000 1.9994
800.0000 1.9990
801.0000 1.9987
802.0000 1.9994
803.0000 2.0009
804.0000 2.0011
805.0000 2.0009
806.0000 2.0003
807.0000 1.9998
808.0000 1.9998
809.0000 1.9992
810.0000 1.9995
811.0000 1.9101
812.0000 1.9917
813.0000 2.0152
814.0000 2.0131
815.0000 2.0034
816.0000 2.0020
817.0000 1.9956
818.0000 2.0008
819.0000 2.0013
820.0000 2.0009
821.0000 2.0013
822.0000 1.9998
823.0000 1.9973
824.0000 1.9985
825.0000 2.0009
826.0000 2.0018
827.0000 2.0011
828.0000 2.0008
829.0000 1.9976
830.0000 1.9979
831.0000 2.0018
832.0000 1.9996
833.0000 2.0019
834.0000 1.9974
835.0000 2.0005
836.0000 2.0020
837.0000 2.0004
838.0000 1.9985
839.0000 1.9997
840.0000 2.0004
841.0000 1.9997
842.0000 1.9983
843.0000 2.0017
844.0000 2.0016
845.0000 2.0002
846.0000 1.9996
847.0000 1.9983
848.0000 2.0007
849.0000 1.9985
850.0000 2.0034
851.0000 1.9979
852.0000 1.9989
853.0000 2.0018
854.0000 1.9992
855.0000 2.0009
856.0000 2.0001
857.0000 1.9986
858.0000 2.0022
859.0000 1.9979
860.0000 2.0000
861.0000 2.0006
862.0000 2.0000
863.0000 1.9977
864.0000 2.0024
865.0000 2.0000
866.0000 2.0013
867.0000 1.9989
868.0000 1.9980
869.0000 2.0006
870.0000 2.0001
871.0000 2.0016
872.0000 2.0011
873.0000 1.9998
874.0000 1.9992
875.0000 1.9977
876.0000 2.0026
877.0000 2.0000
878.0000 1.9989
879.0000 2.0004
880.0000 1.9993
881.0000 2.0015
882.0000 1.9991
883.0000 2.0011
884.0000 1.9983
885.0000 2.0002
886.0000 2.0010
887.0000 1.9982
888.0000 1.9990
889.0000 2.0010
890.0000 2.0041
891.0000 1.9979
892.0000 1.9994
893.0000 1.9998
894.0000 2.0024
895.0000 1.9975
896.0000 1.9991
897.0000 1.9994
898.0000 1.9996
899.0000 2.0004
900.0000 2.0012
901.0000 2.0015
902.0000 2.0017
903.0000 1.9990
904.0000 1.9989
905.0000 1.9991
906.0000 1.9990
907.0000 2.0007
908.0000 2.0000
909.0000 2.0004
910.0000 1.9997
