1.0000 0.0000
2.0000 0.0000
3.0000 0.0000
4.0000 0.0000
5.0000 0.0000
6.0000 0.0000
7.0000 0.0000
8.0000 0.0000
9.0000 0.0000
10.0000 0.0000
11.0000 0.0036
12.0000 0.0019
13.0000 0.0008
14.0000 0.0010
15.0000 -0.0011
16.0000 0.0001
17.0000 0.0005
18.0000 -0.0006
19.0000 0.0001
20.0000 0.0001
21.0000 0.0002
22.0000 0.0003
23.0000 -0.0005
24.0000 -0.0004
25.0000 0.0010
26.0000 -0.0002
27.0000 -0.0005
28.0000 0.0005
29.0000 -0.0002
30.0000 -0.0004
31.0000 0.0006
32.0000 -0.0003
33.0000 0.0007
34.0000 -0.0010
35.0000 0.0005
36.0000 -0.0001
37.0000 -0.0000
38.0000 -0.0001
39.0000 0.0007
40.0000 -0.0006
41.0000 -0.0001
42.0000 -0.0001
43.0000 0.0008
44.0000 -0.0006
45.0000 -0.0000
46.0000 0.0002
47.0000 -0.0007
48.0000 0.0009
49.0000 -0.0007
50.0000 0.0010
51.0000 -0.0004
52.0000 -0.0007
53.0000 0.0010
54.0000 -0.0005
55.0000 0.0003
56.0000 -0.0005
57.0000 0.0001
58.0000 0.0004
59.0000 -0.0005
60.0000 0.0002
61.0000 0.0004
62.0000 -0.0003
63.0000 -0.0006
64.0000 0.0005
65.0000 0.0002
66.0000 -0.0002
67.0000 0.0003
68.0000 -0.0003
69.0000 0.0004
70.0000 -0.0003
71.0000 -0.0003
72.0000 0.0003
73.0000 -0.0003
74.0000 0.0005
75.0000 -0.0005
76.0000 0.0006
77.0000 -0.0010
78.0000 0.0011
79.0000 -0.0009
80.0000 0.0003
81.0000 -0.0001
82.0000 0.0004
83.0000 -0.0000
84.0000 -0.0003
85.0000 0.0004
86.0000 -0.0008
87.0000 0.0004
88.0000 0.0006
89.0000 -0.0010
90.0000 0.0007
91.0000 -0.0002
92.0000 0.0005
93.0000 -0.0010
94.0000 0.0007
95.0000 -0.0002
96.0000 -0.0002
97.0000 0.0006
98.0000 -0.0009
99.0000 0.0006
100.0000 -0.0002
101.0000 0.0006
102.0000 -0.0008
103.0000 0.0006
104.0000 -0.0009
105.0000 0.0006
106.0000 -0.0002
107.0000 0.0007
108.0000 -0.0009
109.0000 0.0007
110.0000 -0.0001
111.0000 -0.0667
112.0000 -0.0428
113.0000 -0.0183
114.0000 -0.0041
115.0000 -0.0007
116.0000 0.0028
117.0000 0.0023
118.0000 -0.0012
119.0000 0.0010
120.0000 -0.0002
121.0000 0.0002
122.0000 0.0012
123.0000 -0.0015
124.0000 -0.0009
125.0000 0.0019
126.0000 -0.0002
127.0000 -0.0016
128.0000 0.0012
129.0000 -0.0001
130.0000 -0.0005
131.0000 0.0007
132.0000 -0.0006
133.0000 0.0010
134.0000 -0.0007
135.0000 0.0001
136.0000 0.0004
137.0000 -0.0008
138.0000 0.0006
139.0000 -0.0002
140.0000 0.0000
141.0000 -0.0003
142.0000 -0.0002
143.0000 0.0012
144.0000 -0.0008
145.0000 -0.0000
146.0000 -0.0002
147.0000 -0.0007
148.0000 0.0013
149.0000 -0.0010
150.0000 0.0011
151.0000 0.0003
152.0000 -0.0019
153.0000 0.0011
154.0000 0.0000
155.0000 -0.0002
156.0000 0.0000
157.0000 0.0000
158.0000 -0.0001
159.0000 0.0002
160.0000 0.0002
161.0000 -0.0002
162.0000 0.0002
163.0000 -0.0010
164.0000 0.0008
165.0000 -0.0005
166.0000 0.0004
167.0000 0.0003
168.0000 -0.0005
169.0000 0.0006
170.0000 -0.0006
171.0000 -0.0003
172.0000 0.0004
173.0000 -0.0004
174.0000 0.0016
175.0000 -0.0014
176.0000 0.0008
177.0000 -0.0015
178.0000 0.0014
179.0000 -0.0011
180.0000 0.0011
181.0000 -0.0007
182.0000 0.0004
183.0000 0.0007
184.0000 -0.0013
185.0000 0.0006
186.0000 -0.0004
187.0000 -0.0001
188.0000 0.0006
189.0000 -0.0005
190.0000 0.0000
191.0000 0.0005
192.0000 0.0000
193.0000 -0.0007
194.0000 0.0002
195.0000 0.0005
196.0000 -0.0010
197.0000 0.0016
198.0000 -0.0019
199.0000 0.0014
200.0000 -0.0009
201.0000 0.0014
202.0000 -0.0018
203.0000 0.0013
204.0000 -0.0010
205.0000 0.0000
206.0000 0.0007
207.0000 0.0010
208.0000 -0.0020
209.0000 0.0014
210.0000 -0.0000
211.0000 0.9912
212.0000 0.9989
213.0000 1.0014
214.0000 0.9970
215.0000 1.0036
216.0000 1.0000
217.0000 0.9979
218.0000 1.0011
219.0000 1.0006
220.0000 0.9996
221.0000 0.9996
222.0000 0.9995
223.0000 1.0009
224.0000 1.0012
225.0000 0.9977
226.0000 1.0011
227.0000 1.0000
228.0000 0.9999
229.0000 1.0004
230.0000 1.0007
231.0000 0.9983
232.0000 1.0013
233.0000 0.9976
234.0000 1.0042
235.0000 0.9967
236.0000 1.0016
237.0000 0.9991
238.0000 1.0009
239.0000 0.9975
240.0000 1.0023
241.0000 1.0008
242.0000 0.9998
243.0000 0.9970
244.0000 1.0027
245.0000 0.9996
246.0000 0.9997
247.0000 1.0015
248.0000 0.9971
249.0000 1.0028
250.0000 0.9971
251.0000 1.0020
252.0000 1.0013
253.0000 0.9970
254.0000 1.0027
255.0000 0.9976
256.0000 1.0027
257.0000 0.9999
258.0000 0.9971
259.0000 1.0023
260.0000 0.9998
261.0000 0.9974
262.0000 1.0022
263.0000 1.0023
264.0000 0.9974
265.0000 0.9990
266.0000 1.0017
267.0000 0.9992
268.0000 1.0010
269.0000 0.9987
270.0000 1.0011
271.0000 1.0002
272.0000 0.9992
273.0000 1.0009
274.0000 0.9994
275.0000 1.0007
276.0000 0.9978
277.0000 1.0032
278.0000 0.9964
279.0000 1.0030
280.0000 0.9997
281.0000 0.9995
282.0000 0.9988
283.0000 1.0013
284.0000 1.0001
285.0000 0.9984
286.0000 1.0035
287.0000 0.9974
288.0000 0.9984
289.0000 1.0043
290.0000 0.9968
291.0000 1.0016
292.0000 0.9976
293.0000 1.0039
294.0000 0.9967
295.0000 1.0018
296.0000 0.9995
297.0000 0.9991
298.0000 1.0018
299.0000 0.9990
300.0000 0.9997
301.0000 0.9992
302.0000 1.0018
303.0000 0.9990
304.0000 1.0028
305.0000 0.9967
306.0000 1.0016
307.0000 0.9980
308.0000 1.0019
309.0000 0.9987
310.0000 1.0006
311.0000 0.9953
312.0000 0.9941
313.0000 0.9964
314.0000 1.0008
315.0000 1.0022
316.0000 0.9981
317.0000 0.9987
318.0000 1.0041
319.0000 0.9976
320.0000 1.0002
321.0000 0.9998
322.0000 0.9976
323.0000 1.0033
324.0000 1.0010
325.0000 0.9962
326.0000 1.0005
327.0000 1.0039
328.0000 0.9963
329.0000 1.0011
330.0000 1.0008
331.0000 0.9992
332.0000 1.0006
333.0000 0.9987
334.0000 1.0000
335.0000 1.0014
336.0000 0.9980
337.0000 1.0026
338.0000 0.9979
339.0000 1.0012
340.0000 0.9988
341.0000 1.0005
342.0000 1.0002
343.0000 0.9985
344.0000 1.0014
345.0000 1.0001
346.0000 0.9996
347.0000 1.0016
348.0000 0.9983
349.0000 1.0014
350.0000 0.9983
351.0000 0.9985
352.0000 1.0042
353.0000 0.9977
354.0000 0.9990
355.0000 1.0017
356.0000 0.9989
357.0000 0.9998
358.0000 1.0015
359.0000 0.9988
360.0000 0.9995
361.0000 1.0017
362.0000 0.9982
363.0000 1.0013
364.0000 0.9993
365.0000 1.0019
366.0000 0.9980
367.0000 0.9996
368.0000 1.0009
369.0000 0.9990
370.0000 1.0008
371.0000 1.0007
372.0000 0.9993
373.0000 1.0008
374.0000 0.9965
375.0000 1.0036
376.0000 0.9986
377.0000 1.0021
378.0000 0.9977
379.0000 1.0017
380.0000 0.9973
381.0000 1.0024
382.0000 0.9995
383.0000 0.9976
384.0000 1.0031
385.0000 0.9988
386.0000 0.9997
387.0000 1.0012
388.0000 0.9991
389.0000 0.9995
390.0000 1.0013
391.0000 0.9980
392.0000 1.0013
393.0000 0.9997
394.0000 1.0009
395.0000 0.9981
396.0000 1.0029
397.0000 0.9961
398.0000 1.0044
399.0000 0.9963
400.0000 1.0028
401.0000 0.9966
402.0000 1.0037
403.0000 0.9967
404.0000 1.0018
405.0000 1.0012
406.0000 0.9978
407.0000 0.9988
408.0000 1.0040
409.0000 0.9964
410.0000 1.0002
411.0000 1.1336
412.0000 1.0855
413.0000 1.0368
414.0000 1.0080
415.0000 1.0016
416.0000 0.9942
417.0000 0.9957
418.0000 1.0021
419.0000 0.9982
420.0000 1.0002
421.0000 0.9997
422.0000 0.9973
423.0000 1.0033
424.0000 1.0016
425.0000 0.9962
426.0000 1.0004
427.0000 1.0033
428.0000 0.9975
429.0000 1.0002
430.0000 1.0013
431.0000 0.9983
432.0000 1.0013
433.0000 0.9980
434.0000 1.0013
435.0000 0.9997
436.0000 0.9993
437.0000 1.0013
438.0000 0.9989
439.0000 1.0004
440.0000 0.9999
441.0000 1.0006
442.0000 1.0003
443.0000 0.9976
444.0000 1.0014
445.0000 1.0003
446.0000 1.0003
447.0000 1.0015
448.0000 0.9974
449.0000 1.0019
450.0000 0.9979
451.0000 0.9993
452.0000 1.0036
453.0000 0.9979
454.0000 0.9997
455.0000 1.0005
456.0000 1.0000
457.0000 0.9999
458.0000 1.0001
459.0000 0.9997
460.0000 0.9996
461.0000 1.0002
462.0000 0.9998
463.0000 1.0017
464.0000 0.9986
465.0000 1.0008
466.0000 0.9992
467.0000 0.9994
468.0000 1.0013
469.0000 0.9985
470.0000 1.0013
471.0000 1.0005
472.0000 0.9992
473.0000 1.0006
474.0000 0.9971
475.0000 1.0026
476.0000 0.9987
477.0000 1.0027
478.0000 0.9974
479.0000 1.0020
480.0000 0.9979
481.0000 1.0014
482.0000 0.9993
483.0000 0.9985
484.0000 1.0025
485.0000 0.9990
486.0000 1.0005
487.0000 1.0004
488.0000 0.9985
489.0000 1.0013
490.0000 0.9997
491.0000 0.9993
492.0000 0.9997
493.0000 1.0016
494.0000 0.9995
495.0000 0.9990
496.0000 1.0020
497.0000 0.9969
498.0000 1.0036
499.0000 0.9974
500.0000 1.0016
501.0000 0.9972
502.0000 1.0036
503.0000 0.9974
504.0000 1.0019
505.0000 1.0001
506.0000 0.9984
507.0000 0.9981
508.0000 1.0040
509.0000 0.9970
510.0000 1.0001
511.0000 -0.9824
512.0000 -0.9977
513.0000 -1.0031
514.0000 -0.9938
515.0000 -1.0075
516.0000 -0.9999
517.0000 -0.9959
518.0000 -1.0020
519.0000 -1.0015
520.0000 -0.9990
521.0000 -0.9995
522.0000 -0.9989
523.0000 -1.0019
524.0000 -1.0023
525.0000 -0.9955
526.0000 -1.0021
527.0000 -1.0003
528.0000 -0.9996
529.0000 -1.0010
530.0000 -1.0014
531.0000 -0.9964
532.0000 -1.0028
533.0000 -0.9952
534.0000 -1.0084
535.0000 -0.9934
536.0000 -1.0033
537.0000 -0.9981
538.0000 -1.0018
539.0000 -0.9951
540.0000 -1.0047
541.0000 -1.0017
542.0000 -0.9996
543.0000 -0.9940
544.0000 -1.0053
545.0000 -0.9992
546.0000 -0.9992
547.0000 -1.0031
548.0000 -0.9940
549.0000 -1.0055
550.0000 -0.9942
551.0000 -1.0040
552.0000 -1.0025
553.0000 -0.9942
554.0000 -1.0052
555.0000 -0.9952
556.0000 -1.0055
557.0000 -0.9999
558.0000 -0.9941
559.0000 -1.0048
560.0000 -0.9995
561.0000 -0.9949
562.0000 -1.0043
563.0000 -1.0046
564.0000 -0.9946
565.0000 -0.9980
566.0000 -1.0034
567.0000 -0.9985
568.0000 -1.0020
569.0000 -0.9974
570.0000 -1.0022
571.0000 -1.0003
572.0000 -0.9985
573.0000 -1.0017
574.0000 -0.9988
575.0000 -1.0013
576.0000 -0.9957
577.0000 -1.0063
578.0000 -0.9929
579.0000 -1.0059
580.0000 -0.9996
581.0000 -0.9987
582.0000 -0.9978
583.0000 -1.0023
584.0000 -1.0002
585.0000 -0.9968
586.0000 -1.0070
587.0000 -0.9947
588.0000 -0.9970
589.0000 -1.0086
590.0000 -0.9936
591.0000 -1.0032
592.0000 -0.9953
593.0000 -1.0078
594.0000 -0.9934
595.0000 -1.0036
596.0000 -0.9989
597.0000 -0.9982
598.0000 -1.0037
599.0000 -0.9979
600.0000 -0.9995
601.0000 -0.9984
602.0000 -1.0035
603.0000 -0.9981
604.0000 -1.0055
605.0000 -0.9935
606.0000 -1.0032
607.0000 -0.9960
608.0000 -1.0038
609.0000 -0.9974
610.0000 -1.0012
611.0000 -0.9942
612.0000 -0.9900
613.0000 -0.9936
614.0000 -1.0026
615.0000 -1.0033
616.0000 -0.9964
617.0000 -0.9980
618.0000 -1.0076
619.0000 -0.9953
620.0000 -1.0004
621.0000 -0.9997
622.0000 -0.9955
623.0000 -1.0062
624.0000 -1.0016
625.0000 -0.9933
626.0000 -1.0007
627.0000 -1.0074
628.0000 -0.9930
629.0000 -1.0020
630.0000 -1.0013
631.0000 -0.9991
632.0000 -1.0009
633.0000 -0.9982
634.0000 -0.9989
635.0000 -1.0032
636.0000 -0.9960
637.0000 -1.0051
638.0000 -0.9957
639.0000 -1.0031
640.0000 -0.9970
641.0000 -1.0010
642.0000 -1.0002
643.0000 -0.9979
644.0000 -1.0021
645.0000 -1.0003
646.0000 -0.9993
647.0000 -1.0025
648.0000 -0.9975
649.0000 -1.0021
650.0000 -0.9976
651.0000 -0.9965
652.0000 -1.0077
653.0000 -0.9964
654.0000 -0.9976
655.0000 -1.0036
656.0000 -0.9973
657.0000 -0.9998
658.0000 -1.0035
659.0000 -0.9971
660.0000 -0.9992
661.0000 -1.0038
662.0000 -0.9961
663.0000 -1.0020
664.0000 -0.9990
665.0000 -1.0040
666.0000 -0.9958
667.0000 -0.9994
668.0000 -1.0014
669.0000 -0.9985
670.0000 -1.0013
671.0000 -1.0012
672.0000 -0.9988
673.0000 -1.0013
674.0000 -0.9936
675.0000 -1.0067
676.0000 -0.9978
677.0000 -1.0031
678.0000 -0.9965
679.0000 -1.0026
680.0000 -0.9949
681.0000 -1.0046
682.0000 -0.9994
683.0000 -0.9952
684.0000 -1.0060
685.0000 -0.9980
686.0000 -0.9986
687.0000 -1.0028
688.0000 -0.9987
689.0000 -0.9979
690.0000 -1.0032
691.0000 -0.9959
692.0000 -1.0031
693.0000 -0.9984
694.0000 -1.0026
695.0000 -0.9959
696.0000 -1.0056
697.0000 -0.9929
698.0000 -1.0080
699.0000 -0.9932
700.0000 -1.0054
701.0000 -0.9937
702.0000 -1.0066
703.0000 -0.9941
704.0000 -1.0027
705.0000 -1.0031
706.0000 -0.9954
707.0000 -0.9984
708.0000 -1.0071
709.0000 -0.9934
710.0000 -1.0003
711.0000 -1.2004
712.0000 -1.1283
713.0000 -1.0552
714.0000 -1.0119
715.0000 -1.0024
716.0000 -0.9911
717.0000 -0.9937
718.0000 -1.0030
719.0000 -0.9973
720.0000 -1.0003
721.0000 -0.9996
722.0000 -0.9958
723.0000 -1.0051
724.0000 -1.0022
725.0000 -0.9943
726.0000 -1.0006
727.0000 -1.0050
728.0000 -0.9962
729.0000 -1.0002
730.0000 -1.0021
731.0000 -0.9972
732.0000 -1.0021
733.0000 -0.9970
734.0000 -1.0019
735.0000 -0.9996
736.0000 -0.9991
737.0000 -1.0018
738.0000 -0.9984
739.0000 -1.0006
740.0000 -0.9997
741.0000 -1.0010
742.0000 -1.0004
743.0000 -0.9964
744.0000 -1.0020
745.0000 -1.0005
746.0000 -1.0004
747.0000 -1.0022
748.0000 -0.9961
749.0000 -1.0028
750.0000 -0.9968
751.0000 -0.9989
752.0000 -1.0054
753.0000 -0.9970
754.0000 -0.9995
755.0000 -1.0008
756.0000 -1.0000
757.0000 -0.9998
758.0000 -1.0002
759.0000 -0.9995
760.0000 -0.9995
761.0000 -1.0002
762.0000 -0.9999
763.0000 -1.0024
764.0000 -0.9980
765.0000 -1.0012
766.0000 -0.9988
767.0000 -0.9991
768.0000 -1.0020
769.0000 -0.9976
770.0000 -1.0020
771.0000 -1.0007
772.0000 -0.9988
773.0000 -1.0009
774.0000 -0.9957
775.0000 -1.0037
776.0000 -0.9982
777.0000 -1.0040
778.0000 -0.9961
779.0000 -1.0030
780.0000 -0.9970
781.0000 -1.0020
782.0000 -0.9989
783.0000 -0.9978
784.0000 -1.0037
785.0000 -0.9986
786.0000 -1.0006
787.0000 -1.0007
788.0000 -0.9976
789.0000 -1.0020
790.0000 -0.9994
791.0000 -0.9990
792.0000 -0.9994
793.0000 -1.0026
794.0000 -0.9992
795.0000 -0.9986
796.0000 -1.0029
797.0000 -0.9954
798.0000 -1.0053
799.0000 -0.9962
800.0000 -1.0024
801.0000 -0.9959
802.0000 -1.0054
803.0000 -0.9961
804.0000 -1.0028
805.0000 -1.0003
806.0000 -0.9976
807.0000 -0.9972
808.0000 -1.0061
809.0000 -0.9955
810.0000 -1.0002
811.0000 1.9736
812.0000 1.9965
813.0000 2.0047
814.0000 1.9905
815.0000 2.0113
816.0000 1.9998
817.0000 1.9939
818.0000 2.0030
819.0000 2.0023
820.0000 1.9984
821.0000 1.9993
822.0000 1.9982
823.0000 2.0029
824.0000 2.0034
825.0000 1.9933
826.0000 2.0030
827.0000 2.0006
828.0000 1.9993
829.0000 2.0015
830.0000 2.0022
831.0000 1.9945
832.0000 2.0043
833.0000 1.9927
834.0000 2.0125
835.0000 1.9901
836.0000 2.0049
837.0000 1.9972
838.0000 2.0028
839.0000 1.9926
840.0000 2.0070
841.0000 2.0025
842.0000 1.9994
843.0000 1.9910
844.0000 2.0079
845.0000 1.9988
846.0000 1.9988
847.0000 2.0047
848.0000 1.9910
849.0000 2.0083
850.0000 1.9914
851.0000 2.0060
852.0000 2.0037
853.0000 1.9914
854.0000 2.0076
855.0000 1.9929
856.0000 2.0083
857.0000 1.9998
858.0000 1.9911
859.0000 2.0073
860.0000 1.9992
861.0000 1.9923
862.0000 2.0064
863.0000 2.0069
864.0000 1.9919
865.0000 1.9971
866.0000 2.0050
867.0000 1.9977
868.0000 2.0029
869.0000 1.9961
870.0000 2.0034
871.0000 2.0005
872.0000 1.9978
873.0000 2.0025
874.0000 1.9982
875.0000 2.0019
876.0000 1.9936
877.0000 2.0095
878.0000 1.9894
879.0000 2.0087
880.0000 1.9995
881.0000 1.9980
882.0000 1.9968
883.0000 2.0034
884.0000 2.0003
885.0000 1.9952
886.0000 2.0106
887.0000 1.9919
888.0000 1.9955
889.0000 2.0128
890.0000 1.9904
891.0000 2.0048
892.0000 1.9929
893.0000 2.0116
894.0000 1.9901
895.0000 2.0053
896.0000 1.9983
897.0000 1.9973
898.0000 2.0055
899.0000 1.9969
900.0000 1.9992
901.0000 1.9976
902.0000 2.0052
903.0000 1.9971
904.0000 2.0082
905.0000 1.9902
906.0000 2.0048
907.0000 1.9939
908.0000 2.0057
909.0000 1.9962
910.0000 2.0018
