1.0000 1.6667
2.0000 1.6667
3.0000 1.6667
4.0000 2.0667
5.0000 2.4667
6.0000 2.8667
7.0000 3.3333
8.0000 4.1333
9.0000 4.5333
10.0000 6.2000
11.0000 7.4667
12.0000 8.3333
13.0000 9.1333
14.0000 10.0000
15.0000 11.2000
16.0000 12.0667
17.0000 12.8667
18.0000 13.7333
19.0000 14.5333
20.0000 15.4000
21.0000 16.2000
22.0000 16.6667
23.0000 17.0667
24.0000 17.8667
25.0000 18.3333
26.0000 19.1333
27.0000 19.5333
28.0000 19.5333
29.0000 20.0000
30.0000 20.0000
31.0000 20.4000
32.0000 20.8000
33.0000 21.2000
34.0000 21.6667
35.0000 21.6667
36.0000 21.6667
37.0000 21.6667
38.0000 22.0667
39.0000 22.0667
40.0000 22.4667
41.0000 23.3333
42.0000 23.3333
43.0000 24.1333
44.0000 24.5333
45.0000 25.0000
46.0000 25.0000
47.0000 25.4000
48.0000 25.8000
49.0000 25.4000
50.0000 25.4000
51.0000 25.4000
52.0000 25.4000
53.0000 25.4000
54.0000 25.0000
55.0000 24.5333
56.0000 24.1333
57.0000 24.1333
58.0000 24.1333
59.0000 24.5333
60.0000 24.5333
61.0000 24.5333
62.0000 24.5333
63.0000 24.1333
64.0000 23.7333
65.0000 23.7333
66.0000 24.1333
67.0000 24.1333
68.0000 24.1333
69.0000 24.5333
70.0000 24.5333
71.0000 25.0000
72.0000 25.8000
73.0000 26.6667
74.0000 27.0667
75.0000 27.0667
76.0000 27.0667
77.0000 26.6667
78.0000 26.6667
79.0000 26.2000
80.0000 26.2000
81.0000 26.6667
82.0000 26.6667
83.0000 26.6667
84.0000 26.6667
85.0000 26.6667
86.0000 26.2000
87.0000 26.2000
88.0000 26.6667
89.0000 26.6667
90.0000 26.2000
91.0000 26.2000
92.0000 26.2000
93.0000 25.8000
94.0000 26.2000
95.0000 26.2000
96.0000 27.0667
97.0000 27.0667
98.0000 27.4667
99.0000 27.4667
100.0000 27.8667
