1.0000 0.0000
2.0000 0.0000
3.0000 0.0000
4.0000 0.0000
5.0000 0.0000
6.0000 0.0000
7.0000 0.0000
8.0000 0.0000
9.0000 0.0000
10.0000 0.0000
11.0000 0.0000
12.0000 0.0000
13.0000 0.0000
14.0000 0.0006
15.0000 0.0023
16.0000 0.0048
17.0000 0.0078
18.0000 0.0112
19.0000 0.0148
20.0000 0.0186
21.0000 0.0225
22.0000 0.0265
23.0000 0.0306
24.0000 0.0346
25.0000 0.0387
26.0000 0.0427
27.0000 0.0467
28.0000 0.0506
29.0000 0.0545
30.0000 0.0584
31.0000 0.0622
32.0000 0.0660
33.0000 0.0697
34.0000 0.0734
35.0000 0.0770
36.0000 0.0806
37.0000 0.0841
38.0000 0.0876
39.0000 0.0910
40.0000 0.0944
41.0000 0.0977
42.0000 0.1010
43.0000 0.1043
44.0000 0.1075
45.0000 0.1106
46.0000 0.1137
47.0000 0.1168
48.0000 0.1198
49.0000 0.1228
50.0000 0.1257
51.0000 0.1286
52.0000 0.1315
53.0000 0.1343
54.0000 0.1371
55.0000 0.1398
56.0000 0.1425
57.0000 0.1452
58.0000 0.1478
59.0000 0.1504
60.0000 0.1530
61.0000 0.1555
62.0000 0.1580
63.0000 0.1604
64.0000 0.1628
65.0000 0.1652
66.0000 0.1676
67.0000 0.1699
68.0000 0.1722
69.0000 0.1744
70.0000 0.1766
71.0000 0.1788
72.0000 0.1810
73.0000 0.1831
74.0000 0.1852
75.0000 0.1873
76.0000 0.1893
77.0000 0.1913
78.0000 0.1933
79.0000 0.1952
80.0000 0.1972
81.0000 0.1991
82.0000 0.2009
83.0000 0.2028
84.0000 0.2046
85.0000 0.2064
86.0000 0.2082
87.0000 0.2099
88.0000 0.2116
89.0000 0.2133
90.0000 0.2150
91.0000 0.2167
92.0000 0.2183
93.0000 0.2199
94.0000 0.2215
95.0000 0.2230
96.0000 0.2246
97.0000 0.2261
98.0000 0.2276
99.0000 0.2291
100.0000 0.2305
101.0000 0.2319
102.0000 0.2334
103.0000 0.2348
104.0000 0.2361
105.0000 0.2375
106.0000 0.2388
107.0000 0.2401
108.0000 0.2414
109.0000 0.2427
110.0000 0.2440
111.0000 0.2452
112.0000 0.2464
113.0000 0.2477
114.0000 0.2489
115.0000 0.2500
116.0000 0.2512
117.0000 0.2523
118.0000 0.2535
119.0000 0.2546
120.0000 0.2557
121.0000 0.2568
122.0000 0.2578
123.0000 0.2589
124.0000 0.2599
125.0000 0.2609
126.0000 0.2619
127.0000 0.2629
128.0000 0.2639
129.0000 0.2649
130.0000 0.2658
131.0000 0.2668
132.0000 0.2677
133.0000 0.2686
134.0000 0.2695
135.0000 0.2704
136.0000 0.2713
137.0000 0.2721
138.0000 0.2730
139.0000 0.2738
140.0000 0.2747
141.0000 0.2755
142.0000 0.2763
143.0000 0.2771
144.0000 0.2778
145.0000 0.2786
146.0000 0.2794
147.0000 0.2801
148.0000 0.2809
149.0000 0.2816
150.0000 0.2823
151.0000 0.2830
152.0000 0.2837
153.0000 0.2844
154.0000 0.2851
155.0000 0.2858
156.0000 0.2864
157.0000 0.2871
158.0000 0.2877
159.0000 0.2884
160.0000 0.2890
161.0000 0.2896
162.0000 0.2902
163.0000 0.2908
164.0000 0.2914
165.0000 0.2920
166.0000 0.2925
167.0000 0.2931
168.0000 0.2937
169.0000 0.2942
170.0000 0.2948
171.0000 0.2953
172.0000 0.2958
173.0000 0.2963
174.0000 0.2969
175.0000 0.2974
176.0000 0.2979
177.0000 0.2983
178.0000 0.2988
179.0000 0.2993
180.0000 0.2998
181.0000 0.3002
182.0000 0.3007
183.0000 0.3012
184.0000 0.3016
185.0000 0.3020
186.0000 0.3025
187.0000 0.3029
188.0000 0.3033
189.0000 0.3037
190.0000 0.3041
191.0000 0.3045
192.0000 0.3049
193.0000 0.3053
194.0000 0.3057
195.0000 0.3061
196.0000 0.3065
197.0000 0.3069
198.0000 0.3072
199.0000 0.3076
200.0000 0.3079
201.0000 0.3083
202.0000 0.3086
203.0000 0.3090
204.0000 0.3093
205.0000 0.3096
206.0000 0.3100
207.0000 0.3103
208.0000 0.3106
209.0000 0.3109
210.0000 0.3112
211.0000 0.3115
212.0000 0.3118
213.0000 0.3121
214.0000 0.3124
215.0000 0.3127
216.0000 0.3130
217.0000 0.3133
218.0000 0.3135
219.0000 0.3138
220.0000 0.3141
221.0000 0.3144
222.0000 0.3146
223.0000 0.3149
224.0000 0.3151
225.0000 0.3154
226.0000 0.3156
227.0000 0.3159
228.0000 0.3161
229.0000 0.3163
230.0000 0.3166
231.0000 0.3168
232.0000 0.3170
233.0000 0.3173
234.0000 0.3175
235.0000 0.3177
236.0000 0.3179
237.0000 0.3181
238.0000 0.3183
239.0000 0.3185
240.0000 0.3187
241.0000 0.3189
242.0000 0.3191
243.0000 0.3193
244.0000 0.3195
245.0000 0.3197
246.0000 0.3199
247.0000 0.3201
248.0000 0.3202
249.0000 0.3204
250.0000 0.3206
251.0000 0.3208
252.0000 0.3209
253.0000 0.3211
254.0000 0.3213
255.0000 0.3214
256.0000 0.3216
257.0000 0.3218
258.0000 0.3219
259.0000 0.3221
260.0000 0.3222
261.0000 0.3224
262.0000 0.3225
263.0000 0.3227
264.0000 0.3228
265.0000 0.3230
266.0000 0.3231
267.0000 0.3232
268.0000 0.3234
269.0000 0.3235
270.0000 0.3236
271.0000 0.3238
272.0000 0.3239
273.0000 0.3240
274.0000 0.3242
275.0000 0.3243
276.0000 0.3244
277.0000 0.3245
278.0000 0.3246
279.0000 0.3248
280.0000 0.3249
281.0000 0.3250
282.0000 0.3251
283.0000 0.3252
284.0000 0.3253
285.0000 0.3254
286.0000 0.3255
287.0000 0.3256
288.0000 0.3257
289.0000 0.3258
290.0000 0.3259
291.0000 0.3260
292.0000 0.3261
293.0000 0.3262
294.0000 0.3263
295.0000 0.3264
296.0000 0.3265
297.0000 0.3266
298.0000 0.3267
299.0000 0.3268
300.0000 0.3269
