1.0000 35.2200
2.0000 35.2200
3.0000 35.1600
4.0000 35.2200
5.0000 35.1600
6.0000 35.1600
7.0000 35.1600
8.0000 35.1600
9.0000 35.1600
10.0000 35.1600
11.0000 35.1600
12.0000 35.1600
13.0000 35.1600
14.0000 35.1600
15.0000 35.1600
16.0000 35.1600
17.0000 35.1600
18.0000 35.1600
19.0000 35.2200
20.0000 35.2200
21.0000 35.2200
22.0000 35.2800
23.0000 35.2800
24.0000 35.3500
25.0000 35.3500
26.0000 35.4100
27.0000 35.4700
28.0000 35.5300
29.0000 35.6000
30.0000 35.6600
31.0000 35.7200
32.0000 35.7800
33.0000 35.8500
34.0000 35.9100
35.0000 35.9700
36.0000 36.1000
37.0000 36.1600
38.0000 36.2200
39.0000 36.2800
40.0000 36.4100
41.0000 36.4700
42.0000 36.5300
43.0000 36.6000
44.0000 36.7200
45.0000 36.7800
46.0000 36.8500
47.0000 36.9100
48.0000 36.9700
49.0000 37.0300
50.0000 37.1000
51.0000 37.1600
52.0000 37.2200
53.0000 37.2800
54.0000 37.3500
55.0000 37.4100
56.0000 37.4700
57.0000 37.5300
58.0000 37.6000
59.0000 37.7200
60.0000 37.7800
61.0000 37.8500
62.0000 37.9100
63.0000 37.9700
64.0000 38.0300
65.0000 38.1000
66.0000 38.1600
67.0000 38.2200
68.0000 38.2800
69.0000 38.3500
70.0000 38.4100
71.0000 38.4700
72.0000 38.5300
73.0000 38.6000
74.0000 38.6600
75.0000 38.7200
76.0000 38.7800
77.0000 38.7800
78.0000 38.8500
79.0000 38.9100
80.0000 38.9100
81.0000 38.9700
82.0000 38.9700
83.0000 39.0300
84.0000 39.1000
85.0000 39.1000
86.0000 39.1600
87.0000 39.2200
88.0000 39.2200
89.0000 39.2800
90.0000 39.3500
91.0000 39.3500
92.0000 39.4100
93.0000 39.4100
94.0000 39.4700
95.0000 39.5300
96.0000 39.6000
97.0000 39.6000
98.0000 39.6600
99.0000 39.7200
100.0000 39.7800
101.0000 39.7800
102.0000 39.8500
103.0000 39.9100
104.0000 39.9100
105.0000 39.9700
106.0000 39.9700
107.0000 40.0300
108.0000 40.0300
109.0000 40.1000
110.0000 40.1000
111.0000 40.1000
112.0000 40.1000
113.0000 40.1600
114.0000 40.1600
115.0000 40.2200
116.0000 40.2200
117.0000 40.2800
118.0000 40.2800
119.0000 40.2800
120.0000 40.3500
121.0000 40.3500
122.0000 40.4100
123.0000 40.4100
124.0000 40.4700
125.0000 40.4700
126.0000 40.5300
127.0000 40.5300
128.0000 40.5300
129.0000 40.6000
130.0000 40.6000
131.0000 40.6000
132.0000 40.6000
133.0000 40.6600
134.0000 40.6600
135.0000 40.7200
136.0000 40.7200
137.0000 40.7200
138.0000 40.7200
139.0000 40.7800
140.0000 40.7800
141.0000 40.7800
142.0000 40.7800
143.0000 40.8500
144.0000 40.8500
145.0000 40.8500
146.0000 40.9100
147.0000 40.9100
148.0000 40.9100
149.0000 40.9700
150.0000 40.9700
151.0000 40.9700
152.0000 40.9700
153.0000 41.0300
154.0000 41.0300
155.0000 41.0300
156.0000 41.0300
157.0000 41.0300
158.0000 41.1000
159.0000 41.1000
160.0000 41.1000
161.0000 41.1000
162.0000 41.1000
163.0000 41.1000
164.0000 41.1600
165.0000 41.1600
166.0000 41.1600
167.0000 41.1600
168.0000 41.2200
169.0000 41.2200
170.0000 41.2200
171.0000 41.2200
172.0000 41.2200
173.0000 41.2800
174.0000 41.2800
175.0000 41.2800
176.0000 41.2800
177.0000 41.3500
178.0000 41.3500
179.0000 41.3500
180.0000 41.3500
181.0000 41.3500
182.0000 41.3500
183.0000 41.4100
184.0000 41.4100
185.0000 41.4100
186.0000 41.4100
187.0000 41.4100
188.0000 41.4100
189.0000 41.4100
190.0000 41.4100
191.0000 41.4100
192.0000 41.4100
193.0000 41.4100
194.0000 41.4700
195.0000 41.4700
196.0000 41.4700
197.0000 41.4700
198.0000 41.4700
199.0000 41.4700
200.0000 41.4700
201.0000 41.4700
202.0000 41.4700
203.0000 41.4700
204.0000 41.4700
205.0000 41.4700
206.0000 41.4700
207.0000 41.4700
208.0000 41.4700
209.0000 41.5300
210.0000 41.5300
211.0000 41.5300
212.0000 41.5300
213.0000 41.5300
214.0000 41.6000
215.0000 41.6000
216.0000 41.6000
217.0000 41.6000
218.0000 41.6600
219.0000 41.6600
220.0000 41.6600
221.0000 41.6600
222.0000 41.6600
223.0000 41.6600
224.0000 41.7200
225.0000 41.7200
226.0000 41.7200
227.0000 41.7200
228.0000 41.7200
229.0000 41.7200
230.0000 41.7200
231.0000 41.7200
232.0000 41.7200
233.0000 41.7200
234.0000 41.7200
235.0000 41.7800
236.0000 41.7800
237.0000 41.7800
238.0000 41.7800
239.0000 41.7800
240.0000 41.8500
241.0000 41.7800
242.0000 41.7800
243.0000 41.7800
244.0000 41.7800
245.0000 41.7800
246.0000 41.7800
247.0000 41.7800
248.0000 41.7200
249.0000 41.7800
250.0000 41.7800
251.0000 41.7800
252.0000 41.7800
253.0000 41.7800
254.0000 41.7800
255.0000 41.7800
256.0000 41.7800
257.0000 41.7800
258.0000 41.7800
259.0000 41.7800
260.0000 41.7200
261.0000 41.7200
262.0000 41.7200
263.0000 41.7200
264.0000 41.7200
265.0000 41.7200
266.0000 41.7200
267.0000 41.7200
268.0000 41.7200
269.0000 41.7200
270.0000 41.7200
271.0000 41.7200
272.0000 41.7800
273.0000 41.7800
274.0000 41.7800
275.0000 41.7800
276.0000 41.7800
277.0000 41.8500
278.0000 41.8500
279.0000 41.8500
280.0000 41.7800
281.0000 41.7800
282.0000 41.7800
283.0000 41.7800
284.0000 41.7800
285.0000 41.7800
286.0000 41.7800
287.0000 41.8500
288.0000 41.8500
289.0000 41.8500
290.0000 41.9100
291.0000 41.9100
292.0000 41.9100
293.0000 41.9100
294.0000 41.9100
295.0000 41.9100
296.0000 41.8500
297.0000 41.9100
298.0000 41.9100
299.0000 41.9100
300.0000 41.9100
301.0000 41.9700
302.0000 41.9700
303.0000 41.9700
304.0000 41.9700
305.0000 41.9700
306.0000 42.0300
307.0000 42.0300
308.0000 42.0300
309.0000 42.1000
310.0000 42.1000
