1.0000 0.0000
2.0000 0.0000
3.0000 0.0000
4.0000 0.0000
5.0000 0.0000
6.0000 0.0000
7.0000 0.0000
8.0000 0.0120
9.0000 0.0120
10.0000 0.0120
11.0000 0.0120
12.0000 0.0120
13.0000 0.0120
14.0000 0.0120
15.0000 0.0260
16.0000 0.0260
17.0000 0.0260
18.0000 0.0260
19.0000 0.0380
20.0000 0.0380
21.0000 0.0380
22.0000 0.0380
23.0000 0.0380
24.0000 0.0380
25.0000 0.0380
26.0000 0.0500
27.0000 0.0500
28.0000 0.0500
29.0000 0.0500
30.0000 0.0500
31.0000 0.0620
32.0000 0.0620
33.0000 0.0620
34.0000 0.0620
35.0000 0.0620
36.0000 0.0760
37.0000 0.0760
38.0000 0.0760
39.0000 0.0880
40.0000 0.0880
41.0000 0.0880
42.0000 0.0880
43.0000 0.0880
44.0000 0.0880
45.0000 0.1000
46.0000 0.0880
47.0000 0.1000
48.0000 0.1000
49.0000 0.1000
50.0000 0.1120
51.0000 0.1120
52.0000 0.1120
53.0000 0.1120
54.0000 0.1260
55.0000 0.1260
56.0000 0.1260
57.0000 0.1260
58.0000 0.1260
59.0000 0.1380
60.0000 0.1380
61.0000 0.1380
62.0000 0.1380
63.0000 0.1500
64.0000 0.1500
65.0000 0.1500
66.0000 0.1500
67.0000 0.1500
68.0000 0.1500
69.0000 0.1500
70.0000 0.1500
71.0000 0.1500
72.0000 0.1500
73.0000 0.1620
74.0000 0.1620
75.0000 0.1620
76.0000 0.1760
77.0000 0.1760
78.0000 0.1760
79.0000 0.1760
80.0000 0.1880
81.0000 0.1880
82.0000 0.1880
83.0000 0.1880
84.0000 0.1880
85.0000 0.1880
86.0000 0.1880
87.0000 0.2000
88.0000 0.2000
89.0000 0.2000
90.0000 0.2000
91.0000 0.2000
92.0000 0.2000
93.0000 0.2000
94.0000 0.2000
95.0000 0.2000
96.0000 0.2000
97.0000 0.2000
98.0000 0.2120
99.0000 0.2120
100.0000 0.2120
101.0000 0.2120
102.0000 0.2120
103.0000 0.2120
104.0000 0.2120
105.0000 0.2120
106.0000 0.2120
107.0000 0.2120
108.0000 0.2120
109.0000 0.2120
110.0000 0.2120
111.0000 0.2120
112.0000 0.2260
113.0000 0.2260
114.0000 0.2260
115.0000 0.2260
116.0000 0.2260
117.0000 0.2260
118.0000 0.2260
119.0000 0.2260
120.0000 0.2260
121.0000 0.2260
122.0000 0.2260
123.0000 0.2380
124.0000 0.2380
125.0000 0.2380
126.0000 0.2380
127.0000 0.2380
128.0000 0.2380
129.0000 0.2380
130.0000 0.2380
131.0000 0.2380
132.0000 0.2380
133.0000 0.2380
134.0000 0.2500
135.0000 0.2500
136.0000 0.2500
137.0000 0.2500
138.0000 0.2500
139.0000 0.2500
140.0000 0.2500
141.0000 0.2500
142.0000 0.2500
143.0000 0.2500
144.0000 0.2500
145.0000 0.2500
146.0000 0.2500
147.0000 0.2500
148.0000 0.2500
149.0000 0.2500
150.0000 0.2620
151.0000 0.2620
152.0000 0.2620
153.0000 0.2620
154.0000 0.2620
155.0000 0.2620
156.0000 0.2620
157.0000 0.2620
158.0000 0.2620
159.0000 0.2620
160.0000 0.2620
161.0000 0.2620
162.0000 0.2620
163.0000 0.2620
164.0000 0.2620
165.0000 0.2620
166.0000 0.2620
167.0000 0.2620
168.0000 0.2620
169.0000 0.2620
170.0000 0.2620
171.0000 0.2620
172.0000 0.2620
173.0000 0.2620
174.0000 0.2620
175.0000 0.2620
176.0000 0.2620
177.0000 0.2620
178.0000 0.2620
179.0000 0.2620
180.0000 0.2620
181.0000 0.2620
182.0000 0.2620
183.0000 0.2500
184.0000 0.2620
185.0000 0.2620
186.0000 0.2620
187.0000 0.2620
188.0000 0.2620
189.0000 0.2620
190.0000 0.2620
191.0000 0.2620
192.0000 0.2620
193.0000 0.2620
194.0000 0.2620
195.0000 0.2620
196.0000 0.2620
197.0000 0.2620
198.0000 0.2620
199.0000 0.2620
200.0000 0.2760
201.0000 0.2760
202.0000 0.2760
203.0000 0.2760
204.0000 0.2760
205.0000 0.2760
206.0000 0.2760
207.0000 0.2760
208.0000 0.2760
209.0000 0.2760
210.0000 0.2880
211.0000 0.2760
212.0000 0.2760
213.0000 0.2880
214.0000 0.2760
215.0000 0.2760
216.0000 0.2880
217.0000 0.2880
218.0000 0.2880
219.0000 0.2880
220.0000 0.2760
221.0000 0.2760
222.0000 0.2760
223.0000 0.2760
224.0000 0.2760
225.0000 0.2760
226.0000 0.2760
227.0000 0.2760
228.0000 0.2760
229.0000 0.2760
230.0000 0.2760
231.0000 0.2760
232.0000 0.2760
233.0000 0.2760
234.0000 0.2760
235.0000 0.2880
236.0000 0.2880
237.0000 0.2880
238.0000 0.2880
239.0000 0.2880
240.0000 0.2880
241.0000 0.2880
242.0000 0.2880
243.0000 0.2880
244.0000 0.2880
245.0000 0.2880
246.0000 0.2880
247.0000 0.2880
248.0000 0.2880
249.0000 0.2880
250.0000 0.2880
251.0000 0.2880
252.0000 0.2880
253.0000 0.2880
254.0000 0.2880
255.0000 0.2880
256.0000 0.2880
257.0000 0.2880
258.0000 0.2880
259.0000 0.2880
260.0000 0.2880
261.0000 0.2880
262.0000 0.2880
263.0000 0.3000
264.0000 0.2880
265.0000 0.2880
266.0000 0.2880
267.0000 0.2880
268.0000 0.2880
269.0000 0.2880
270.0000 0.2880
271.0000 0.2880
272.0000 0.2880
273.0000 0.2880
274.0000 0.2880
275.0000 0.2880
276.0000 0.2880
277.0000 0.2880
278.0000 0.2880
279.0000 0.2880
280.0000 0.2880
281.0000 0.3000
282.0000 0.3000
283.0000 0.2880
284.0000 0.2880
285.0000 0.2880
286.0000 0.2880
287.0000 0.2880
288.0000 0.2880
289.0000 0.2880
290.0000 0.2880
291.0000 0.2880
292.0000 0.2880
293.0000 0.2880
294.0000 0.2880
295.0000 0.2880
296.0000 0.2880
297.0000 0.2880
298.0000 0.2880
299.0000 0.2880
300.0000 0.2880
