1.0000 36.1200
2.0000 36.1200
3.0000 36.6800
4.0000 36.6800
5.0000 36.6800
6.0000 36.6800
7.0000 36.6800
8.0000 36.6800
9.0000 36.6800
10.0000 36.6800
11.0000 36.6800
12.0000 36.6800
13.0000 36.6800
14.0000 36.6800
15.0000 36.6800
16.0000 36.6800
17.0000 36.6800
18.0000 36.6800
19.0000 36.6800
20.0000 36.6800
21.0000 36.6800
22.0000 36.6800
23.0000 36.6800
24.0000 36.6800
25.0000 36.6800
26.0000 36.7500
27.0000 36.7500
28.0000 36.7500
29.0000 36.8100
30.0000 36.8100
31.0000 36.8700
32.0000 36.8700
33.0000 36.9300
34.0000 37.0000
35.0000 37.0000
36.0000 37.0600
37.0000 37.1200
38.0000 37.1800
39.0000 37.2500
40.0000 37.3100
41.0000 37.3700
42.0000 37.4300
43.0000 37.5000
44.0000 37.6200
45.0000 37.6800
46.0000 37.7500
47.0000 37.8100
48.0000 37.8700
49.0000 37.9300
50.0000 38.0600
51.0000 38.1200
52.0000 38.1800
53.0000 38.3100
54.0000 38.3700
55.0000 38.4300
56.0000 38.5000
57.0000 38.5600
58.0000 38.6200
59.0000 38.6800
60.0000 38.7500
61.0000 38.8100
62.0000 38.8700
63.0000 38.9300
64.0000 39.0000
65.0000 39.0600
66.0000 39.1200
67.0000 39.1800
68.0000 39.2500
69.0000 39.3100
70.0000 39.3700
71.0000 39.4300
72.0000 39.5000
73.0000 39.5600
74.0000 39.6200
75.0000 39.6200
76.0000 39.6800
77.0000 39.7500
78.0000 39.8100
79.0000 39.8100
80.0000 39.8700
81.0000 39.9300
82.0000 39.9300
83.0000 40.0000
84.0000 40.0000
85.0000 40.0000
86.0000 40.0600
87.0000 40.0600
88.0000 40.1200
89.0000 40.1200
90.0000 40.1200
91.0000 40.1200
92.0000 40.1200
93.0000 40.1200
94.0000 40.1200
95.0000 40.1200
96.0000 40.1200
97.0000 40.1200
98.0000 40.1200
99.0000 40.1200
100.0000 40.1200
101.0000 40.1200
102.0000 40.1200
103.0000 40.1200
104.0000 40.0600
105.0000 40.0600
106.0000 40.0600
107.0000 40.0000
108.0000 40.0000
109.0000 39.9300
110.0000 39.9300
111.0000 39.8700
112.0000 39.8700
113.0000 39.8100
114.0000 39.8100
115.0000 39.7500
116.0000 39.7500
117.0000 39.7500
118.0000 39.6800
119.0000 39.6800
120.0000 39.6200
121.0000 39.6200
122.0000 39.5600
123.0000 39.5600
124.0000 39.5600
125.0000 39.5000
126.0000 39.5000
127.0000 39.5000
128.0000 39.4300
129.0000 39.4300
130.0000 39.3700
131.0000 39.3700
132.0000 39.3700
133.0000 39.3700
134.0000 39.3100
135.0000 39.3100
136.0000 39.3100
137.0000 39.3100
138.0000 39.3100
139.0000 39.3100
140.0000 39.3100
141.0000 39.3100
142.0000 39.3100
143.0000 39.2500
144.0000 39.3100
145.0000 39.3100
146.0000 39.3100
147.0000 39.3100
148.0000 39.3100
149.0000 39.3100
150.0000 39.3100
151.0000 39.3100
152.0000 39.3100
153.0000 39.3700
154.0000 39.3700
155.0000 39.3700
156.0000 39.3700
157.0000 39.3700
158.0000 39.4300
159.0000 39.4300
160.0000 39.4300
161.0000 39.5000
162.0000 39.5000
163.0000 39.5000
164.0000 39.5600
165.0000 39.5600
166.0000 39.6200
167.0000 39.6200
168.0000 39.6200
169.0000 39.6800
170.0000 39.6800
171.0000 39.6800
172.0000 39.7500
173.0000 39.7500
174.0000 39.8100
175.0000 39.8100
176.0000 39.8100
177.0000 39.8700
178.0000 39.8700
179.0000 39.9300
180.0000 39.9300
181.0000 40.0000
182.0000 40.0000
183.0000 40.0000
184.0000 40.0600
185.0000 40.0600
186.0000 40.1200
187.0000 40.1200
188.0000 40.1200
189.0000 40.1800
190.0000 40.1800
191.0000 40.1800
192.0000 40.1800
193.0000 40.1800
194.0000 40.2500
195.0000 40.2500
196.0000 40.2500
197.0000 40.2500
198.0000 40.2500
199.0000 40.2500
200.0000 40.3100
201.0000 40.2500
202.0000 40.2500
203.0000 40.2500
204.0000 40.2500
205.0000 40.2500
206.0000 40.2500
207.0000 40.2500
208.0000 40.2500
209.0000 40.1800
210.0000 40.1800
211.0000 40.1800
212.0000 40.1800
213.0000 40.1800
214.0000 40.1800
215.0000 40.1800
216.0000 40.1800
217.0000 40.1800
218.0000 40.1800
219.0000 40.1800
220.0000 40.1200
221.0000 40.1200
222.0000 40.1200
223.0000 40.1200
224.0000 40.1200
225.0000 40.0600
226.0000 40.0600
227.0000 40.0600
228.0000 40.0000
229.0000 40.0000
230.0000 39.9300
231.0000 39.9300
232.0000 39.8700
233.0000 39.8700
234.0000 39.8100
235.0000 39.8100
236.0000 39.7500
237.0000 39.6800
238.0000 39.6800
239.0000 39.6200
240.0000 39.5600
241.0000 39.5000
242.0000 39.4300
243.0000 39.3700
244.0000 39.3100
245.0000 39.3100
246.0000 39.2500
247.0000 39.1800
248.0000 39.1200
249.0000 39.0600
250.0000 39.0600
251.0000 39.0000
252.0000 38.9300
253.0000 38.8700
254.0000 38.8100
255.0000 38.7500
256.0000 38.7500
257.0000 38.6800
258.0000 38.6200
259.0000 38.5600
260.0000 38.5000
261.0000 38.5000
262.0000 38.4300
263.0000 38.3700
264.0000 38.3700
265.0000 38.3100
266.0000 38.2500
267.0000 38.2500
268.0000 38.1800
269.0000 38.1200
270.0000 38.1200
271.0000 38.0600
272.0000 38.0000
273.0000 38.0000
274.0000 37.9300
275.0000 37.9300
276.0000 37.9300
277.0000 37.9300
278.0000 37.9300
279.0000 37.8700
280.0000 37.8700
281.0000 37.8700
282.0000 37.8700
283.0000 37.8700
284.0000 37.8700
285.0000 37.8700
286.0000 37.9300
287.0000 37.9300
288.0000 37.9300
289.0000 37.9300
290.0000 37.9300
291.0000 37.9300
292.0000 37.9300
293.0000 38.0000
294.0000 38.0000
295.0000 38.0000
296.0000 38.0600
297.0000 38.0600
298.0000 38.0600
299.0000 38.1200
300.0000 38.1200
301.0000 38.1200
302.0000 38.1800
303.0000 38.1800
304.0000 38.2500
305.0000 38.2500
306.0000 38.2500
307.0000 38.3100
308.0000 38.3100
309.0000 38.3700
310.0000 38.3700
311.0000 38.3700
312.0000 38.4300
313.0000 38.5000
314.0000 38.5600
315.0000 38.5600
316.0000 38.6200
317.0000 38.6200
318.0000 38.6200
319.0000 38.6800
320.0000 38.6800
321.0000 38.6800
322.0000 38.6800
323.0000 38.7500
324.0000 38.7500
325.0000 38.7500
326.0000 38.7500
327.0000 38.7500
328.0000 38.8100
329.0000 38.8100
330.0000 38.8100
331.0000 38.8100
332.0000 38.8100
333.0000 38.8100
334.0000 38.7500
335.0000 38.7500
336.0000 38.7500
337.0000 38.7500
338.0000 38.7500
339.0000 38.7500
340.0000 38.6800
341.0000 38.6800
342.0000 38.6800
343.0000 38.6800
344.0000 38.6800
345.0000 38.6800
346.0000 38.6800
347.0000 38.6800
348.0000 38.6800
349.0000 38.6200
350.0000 38.6200
351.0000 38.6200
352.0000 38.5600
353.0000 38.5600
354.0000 38.5600
355.0000 38.5600
356.0000 38.5600
357.0000 38.5000
358.0000 38.5000
359.0000 38.5000
360.0000 38.5000
361.0000 38.5000
362.0000 38.4300
363.0000 38.4300
364.0000 38.4300
365.0000 38.3700
366.0000 38.3700
367.0000 38.3700
368.0000 38.3100
369.0000 38.3100
370.0000 38.2500
371.0000 38.2500
372.0000 38.2500
373.0000 38.1800
374.0000 38.1800
375.0000 38.1800
376.0000 38.1200
377.0000 38.1200
378.0000 38.1200
379.0000 38.1200
380.0000 38.1200
381.0000 38.0600
382.0000 38.0600
383.0000 38.0600
384.0000 38.0600
385.0000 38.0600
386.0000 38.0600
387.0000 38.0600
388.0000 38.0600
389.0000 38.0600
390.0000 38.0600
391.0000 38.0000
392.0000 38.0000
393.0000 38.0000
394.0000 38.0000
395.0000 38.0000
396.0000 38.0000
397.0000 38.0000
398.0000 38.0000
399.0000 38.0000
400.0000 38.0000
401.0000 38.0000
402.0000 38.0000
403.0000 38.0000
404.0000 38.0000
405.0000 38.0000
406.0000 38.0000
407.0000 38.0000
408.0000 38.0000
409.0000 38.0000
410.0000 38.0000
411.0000 38.0000
412.0000 38.0000
413.0000 38.0000
414.0000 38.0600
415.0000 38.0600
416.0000 38.0600
417.0000 38.0600
418.0000 38.0600
419.0000 38.0600
420.0000 38.1200
421.0000 38.1200
422.0000 38.1200
423.0000 38.1800
424.0000 38.2500
425.0000 38.2500
426.0000 38.3100
427.0000 38.3700
428.0000 38.3700
429.0000 38.4300
430.0000 38.5600
431.0000 38.5600
432.0000 38.6800
433.0000 38.7500
434.0000 38.8100
435.0000 38.9300
436.0000 39.0000
437.0000 39.1200
438.0000 39.1800
439.0000 39.3100
440.0000 39.3700
441.0000 39.5000
442.0000 39.6200
443.0000 39.7500
444.0000 39.8700
445.0000 40.0000
446.0000 40.0600
447.0000 40.2500
448.0000 40.3100
449.0000 40.4300
450.0000 40.5600
451.0000 40.6800
452.0000 40.8100
453.0000 40.9300
454.0000 41.0600
455.0000 41.1800
456.0000 41.3100
457.0000 41.4300
458.0000 41.5000
459.0000 41.6200
460.0000 41.7500
461.0000 41.8700
462.0000 41.9300
463.0000 42.0600
464.0000 42.1800
465.0000 42.3100
466.0000 42.4300
467.0000 42.5600
468.0000 42.6200
469.0000 42.7500
470.0000 42.8100
471.0000 42.8700
472.0000 42.9300
473.0000 43.0600
474.0000 43.1200
475.0000 43.1800
476.0000 43.2500
477.0000 43.3100
478.0000 43.3700
479.0000 43.4300
480.0000 43.5000
481.0000 43.5600
482.0000 43.6200
483.0000 43.6800
484.0000 43.7500
485.0000 43.7500
486.0000 43.8100
487.0000 43.8700
488.0000 43.8700
489.0000 43.9300
490.0000 44.0000
491.0000 44.0000
492.0000 44.0600
493.0000 44.0600
494.0000 44.0600
495.0000 44.0600
496.0000 44.1200
497.0000 44.1200
498.0000 44.1800
499.0000 44.1800
500.0000 44.1800
501.0000 44.2500
502.0000 44.2500
503.0000 44.2500
504.0000 44.2500
505.0000 44.2500
506.0000 44.2500
507.0000 44.2500
508.0000 44.2500
509.0000 44.2500
510.0000 44.2500
511.0000 44.1800
512.0000 44.1800
513.0000 44.1800
514.0000 44.1800
515.0000 44.1800
516.0000 44.1800
517.0000 44.1800
518.0000 44.1200
519.0000 44.1200
520.0000 44.0600
521.0000 44.0600
522.0000 44.0600
523.0000 44.0600
524.0000 44.0600
525.0000 44.0600
526.0000 44.0600
527.0000 44.0600
528.0000 44.0600
529.0000 44.0600
530.0000 44.0600
531.0000 44.0000
532.0000 44.0000
533.0000 44.0000
534.0000 44.0000
535.0000 44.0000
536.0000 44.0000
537.0000 44.0000
538.0000 44.0000
539.0000 44.0000
540.0000 44.0000
541.0000 44.0000
542.0000 44.0000
543.0000 43.9300
544.0000 43.9300
545.0000 44.0000
546.0000 43.9300
547.0000 43.9300
548.0000 43.9300
549.0000 44.0000
550.0000 44.0000
551.0000 44.0000
552.0000 44.0000
553.0000 44.0000
554.0000 44.0600
555.0000 44.0600
556.0000 44.0600
557.0000 44.1200
558.0000 44.1200
559.0000 44.1200
560.0000 44.1200
561.0000 44.1200
562.0000 44.1800
563.0000 44.1800
564.0000 44.1800
565.0000 44.1800
566.0000 44.2500
567.0000 44.2500
568.0000 44.2500
569.0000 44.2500
570.0000 44.3100
571.0000 44.3100
572.0000 44.3100
573.0000 44.3100
574.0000 36.1200
575.0000 36.1200
576.0000 36.1200
577.0000 36.1200
578.0000 36.1200
579.0000 36.1200
580.0000 36.1200
581.0000 36.1200
582.0000 36.1200
583.0000 36.1200
584.0000 36.1200
585.0000 36.1200
586.0000 36.1200
587.0000 36.1200
588.0000 36.1200
589.0000 36.1200
590.0000 36.1200
591.0000 36.1200
592.0000 36.1200
593.0000 36.1200
594.0000 36.1200
595.0000 36.1200
596.0000 36.1200
597.0000 36.1200
598.0000 36.1200
599.0000 36.1200
600.0000 36.1200
601.0000 36.1200
602.0000 36.1200
603.0000 36.1200
604.0000 36.1200
605.0000 36.1200
606.0000 36.1200
607.0000 36.1200
608.0000 36.1200
609.0000 36.1200
610.0000 36.1200
611.0000 36.1200
612.0000 36.1200
613.0000 36.1200
614.0000 36.1200
615.0000 36.1200
616.0000 36.1200
617.0000 36.1200
618.0000 36.1200
619.0000 36.1200
620.0000 36.1200
621.0000 36.1200
622.0000 36.1200
623.0000 36.1200
624.0000 36.1200
625.0000 36.1200
626.0000 36.1200
627.0000 36.1200
628.0000 36.1200
629.0000 36.1200
630.0000 36.1200
631.0000 36.1200
632.0000 36.1200
633.0000 36.1200
634.0000 36.1200
635.0000 36.1200
636.0000 36.1200
637.0000 36.1200
638.0000 36.1200
639.0000 36.1200
640.0000 36.1200
641.0000 36.1200
642.0000 36.1200
643.0000 36.1200
644.0000 36.1200
645.0000 36.1200
646.0000 36.1200
647.0000 36.1200
648.0000 36.1200
649.0000 36.1200
650.0000 36.1200
651.0000 36.1200
652.0000 36.1200
653.0000 36.1200
654.0000 36.1200
655.0000 36.1200
656.0000 36.1200
657.0000 36.1200
658.0000 36.1200
659.0000 36.1200
660.0000 36.1200
661.0000 36.1200
662.0000 36.1200
663.0000 36.1200
664.0000 36.1200
665.0000 36.1200
666.0000 36.1200
667.0000 36.1200
668.0000 36.1200
669.0000 36.1200
670.0000 36.1200
671.0000 36.1200
672.0000 36.1200
673.0000 36.1200
674.0000 36.1200
675.0000 36.1200
676.0000 36.1200
677.0000 36.1200
678.0000 36.1200
679.0000 36.1200
680.0000 36.1200
681.0000 36.1200
682.0000 36.1200
683.0000 36.1200
684.0000 36.1200
685.0000 36.1200
686.0000 36.1200
687.0000 36.1200
688.0000 36.1200
689.0000 36.1200
690.0000 36.1200
691.0000 36.1200
692.0000 36.1200
693.0000 36.1200
694.0000 36.1200
695.0000 36.1200
696.0000 36.1200
697.0000 36.1200
698.0000 36.1200
699.0000 36.1200
700.0000 36.1200
701.0000 36.1200
702.0000 36.1200
703.0000 36.1200
704.0000 36.1200
705.0000 36.1200
706.0000 36.1200
707.0000 36.1200
708.0000 36.1200
709.0000 36.1200
710.0000 36.1200
711.0000 36.1200
712.0000 36.1200
713.0000 36.1200
714.0000 36.1200
715.0000 36.1200
716.0000 36.1200
717.0000 36.1200
718.0000 36.1200
719.0000 36.1200
720.0000 36.1200
721.0000 36.1200
722.0000 36.1200
723.0000 36.1200
724.0000 36.1200
725.0000 36.1200
726.0000 36.1200
727.0000 36.1200
728.0000 36.1200
729.0000 36.1200
730.0000 36.1200
731.0000 36.1200
732.0000 36.1200
733.0000 36.1200
734.0000 36.1200
735.0000 36.1200
736.0000 36.1200
737.0000 36.1200
738.0000 36.1200
739.0000 36.1200
740.0000 36.1200
741.0000 36.1200
742.0000 36.1200
743.0000 36.1200
744.0000 36.1200
745.0000 36.1200
746.0000 36.1200
747.0000 36.1200
748.0000 36.1200
749.0000 36.1200
750.0000 36.1200
751.0000 36.1200
752.0000 36.1200
753.0000 36.1200
754.0000 36.1200
755.0000 36.1200
756.0000 36.1200
757.0000 36.1200
758.0000 36.1200
759.0000 36.1200
760.0000 36.1200
761.0000 36.1200
762.0000 36.1200
763.0000 36.1200
764.0000 36.1200
765.0000 36.1200
766.0000 36.1200
767.0000 36.1200
768.0000 36.1200
769.0000 36.1200
770.0000 36.1200
771.0000 36.1200
772.0000 36.1200
773.0000 36.1200
774.0000 36.1200
775.0000 36.1200
776.0000 36.1200
777.0000 36.1200
778.0000 36.1200
779.0000 36.1200
780.0000 36.1200
781.0000 36.1200
782.0000 36.1200
783.0000 36.1200
784.0000 36.1200
785.0000 36.1200
786.0000 36.1200
787.0000 36.1200
788.0000 36.1200
789.0000 36.1200
790.0000 36.1200
791.0000 36.1200
792.0000 36.1200
793.0000 36.1200
794.0000 36.1200
795.0000 36.1200
796.0000 36.1200
797.0000 36.1200
798.0000 36.1200
799.0000 36.1200
800.0000 36.1200
801.0000 36.1200
802.0000 36.1200
803.0000 36.1200
804.0000 36.1200
805.0000 36.1200
806.0000 36.1200
807.0000 36.1200
808.0000 36.1200
809.0000 36.1200
810.0000 36.1200
811.0000 36.1200
812.0000 36.1200
813.0000 36.1200
814.0000 36.1200
815.0000 36.1200
816.0000 36.1200
817.0000 36.1200
818.0000 36.1200
819.0000 36.1200
820.0000 36.1200
821.0000 36.1200
822.0000 36.1200
823.0000 36.1200
824.0000 36.1200
825.0000 36.1200
826.0000 36.1200
827.0000 36.1200
828.0000 36.1200
829.0000 36.1200
830.0000 36.1200
831.0000 36.1200
832.0000 36.1200
833.0000 36.1200
834.0000 36.1200
835.0000 36.1200
836.0000 36.1200
837.0000 36.1200
838.0000 36.1200
839.0000 36.1200
840.0000 36.1200
841.0000 36.1200
842.0000 36.1200
843.0000 36.1200
844.0000 36.1200
845.0000 36.1200
846.0000 36.1200
847.0000 36.1200
848.0000 36.1200
849.0000 36.1200
850.0000 36.1200
851.0000 36.1200
852.0000 36.1200
853.0000 36.1200
854.0000 36.1200
855.0000 36.1200
856.0000 36.1200
857.0000 36.1200
858.0000 36.1200
859.0000 36.1200
860.0000 36.1200
861.0000 36.1200
862.0000 36.1200
863.0000 36.1200
864.0000 36.1200
865.0000 36.1200
866.0000 36.1200
867.0000 36.1200
868.0000 36.1200
869.0000 36.1200
870.0000 36.1200
871.0000 36.1200
872.0000 36.1200
873.0000 36.1200
874.0000 36.1200
875.0000 36.1200
876.0000 36.1200
877.0000 36.1200
878.0000 36.1200
879.0000 36.1200
880.0000 36.1200
881.0000 36.1200
882.0000 36.1200
883.0000 36.1200
884.0000 36.1200
885.0000 36.1200
886.0000 36.1200
887.0000 36.1200
888.0000 36.1200
889.0000 36.1200
890.0000 36.1200
891.0000 36.1200
892.0000 36.1200
893.0000 36.1200
894.0000 36.1200
895.0000 36.1200
896.0000 36.1200
897.0000 36.1200
898.0000 36.1200
899.0000 36.1200
900.0000 36.1200
901.0000 36.1200
902.0000 36.1200
903.0000 36.1200
904.0000 36.1200
905.0000 36.1200
906.0000 36.1200
907.0000 36.1200
908.0000 36.1200
909.0000 36.1200
910.0000 36.1200
911.0000 36.1200
912.0000 36.1200
913.0000 36.1200
914.0000 36.1200
915.0000 36.1200
916.0000 36.1200
917.0000 36.1200
918.0000 36.1200
919.0000 36.1200
920.0000 36.1200
921.0000 36.1200
922.0000 36.1200
923.0000 36.1200
924.0000 36.1200
925.0000 36.1200
926.0000 36.1200
927.0000 36.1200
928.0000 36.1200
929.0000 36.1200
930.0000 36.1200
931.0000 36.1200
932.0000 36.1200
933.0000 36.1200
934.0000 36.1200
935.0000 36.1200
936.0000 36.1200
937.0000 36.1200
938.0000 36.1200
939.0000 36.1200
940.0000 36.1200
941.0000 36.1200
942.0000 36.1200
943.0000 36.1200
944.0000 36.1200
945.0000 36.1200
946.0000 36.1200
947.0000 36.1200
948.0000 36.1200
949.0000 36.1200
950.0000 36.1200
951.0000 36.1200
952.0000 36.1200
953.0000 36.1200
954.0000 36.1200
955.0000 36.1200
956.0000 36.1200
957.0000 36.1200
958.0000 36.1200
959.0000 36.1200
960.0000 36.1200
961.0000 36.1200
962.0000 36.1200
963.0000 36.1200
964.0000 36.1200
965.0000 36.1200
966.0000 36.1200
967.0000 36.1200
968.0000 36.1200
969.0000 36.1200
970.0000 36.1200
971.0000 36.1200
972.0000 36.1200
973.0000 36.1200
974.0000 36.1200
975.0000 36.1200
976.0000 36.1200
977.0000 36.1200
978.0000 36.1200
979.0000 36.1200
980.0000 36.1200
981.0000 36.1200
982.0000 36.1200
983.0000 36.1200
984.0000 36.1200
985.0000 36.1200
986.0000 36.1200
987.0000 36.1200
988.0000 36.1200
989.0000 36.1200
990.0000 36.1200
991.0000 36.1200
992.0000 36.1200
993.0000 36.1200
994.0000 36.1200
995.0000 36.1200
996.0000 36.1200
997.0000 36.1200
998.0000 36.1200
999.0000 36.1200
1000.0000 36.1200
1001.0000 36.1200
1002.0000 36.1200
1003.0000 36.1200
1004.0000 36.1200
1005.0000 36.1200
1006.0000 36.1200
1007.0000 36.1200
1008.0000 36.1200
1009.0000 36.1200
1010.0000 36.1200
1011.0000 36.1200
1012.0000 36.1200
1013.0000 36.1200
1014.0000 36.1200
1015.0000 36.1200
1016.0000 36.1200
1017.0000 36.1200
1018.0000 36.1200
1019.0000 36.1200
1020.0000 36.1200
1021.0000 36.1200
1022.0000 36.1200
1023.0000 36.1200
1024.0000 36.1200
1025.0000 36.1200
1026.0000 36.1200
1027.0000 36.1200
1028.0000 36.1200
1029.0000 36.1200
1030.0000 36.1200
1031.0000 36.1200
1032.0000 36.1200
1033.0000 36.1200
1034.0000 36.1200
1035.0000 36.1200
1036.0000 36.1200
1037.0000 36.1200
1038.0000 36.1200
1039.0000 36.1200
1040.0000 36.1200
1041.0000 36.1200
1042.0000 36.1200
1043.0000 36.1200
1044.0000 36.1200
1045.0000 36.1200
1046.0000 36.1200
1047.0000 36.1200
1048.0000 36.1200
1049.0000 36.1200
1050.0000 36.1200
1051.0000 36.1200
1052.0000 36.1200
1053.0000 36.1200
1054.0000 36.1200
1055.0000 36.1200
1056.0000 36.1200
1057.0000 36.1200
1058.0000 36.1200
1059.0000 36.1200
1060.0000 36.1200
1061.0000 36.1200
1062.0000 36.1200
1063.0000 36.1200
1064.0000 36.1200
1065.0000 36.1200
1066.0000 36.1200
1067.0000 36.1200
1068.0000 36.1200
1069.0000 36.1200
1070.0000 36.1200
1071.0000 36.1200
1072.0000 36.1200
1073.0000 36.1200
1074.0000 36.1200
1075.0000 36.1200
1076.0000 36.1200
1077.0000 36.1200
1078.0000 36.1200
1079.0000 36.1200
1080.0000 36.1200
1081.0000 36.1200
1082.0000 36.1200
1083.0000 36.1200
1084.0000 36.1200
1085.0000 36.1200
1086.0000 36.1200
1087.0000 36.1200
1088.0000 36.1200
1089.0000 36.1200
1090.0000 36.1200
1091.0000 36.1200
1092.0000 36.1200
1093.0000 36.1200
1094.0000 36.1200
1095.0000 36.1200
1096.0000 36.1200
1097.0000 36.1200
1098.0000 36.1200
1099.0000 36.1200
1100.0000 36.1200
1101.0000 36.1200
1102.0000 36.1200
1103.0000 36.1200
1104.0000 36.1200
1105.0000 36.1200
1106.0000 36.1200
1107.0000 36.1200
1108.0000 36.1200
1109.0000 36.1200
1110.0000 36.1200
1111.0000 36.1200
1112.0000 36.1200
1113.0000 36.1200
1114.0000 36.1200
1115.0000 36.1200
1116.0000 36.1200
1117.0000 36.1200
1118.0000 36.1200
1119.0000 36.1200
1120.0000 36.1200
1121.0000 36.1200
1122.0000 36.1200
1123.0000 36.1200
1124.0000 36.1200
1125.0000 36.1200
1126.0000 36.1200
1127.0000 36.1200
1128.0000 36.1200
1129.0000 36.1200
1130.0000 36.1200
1131.0000 36.1200
1132.0000 36.1200
1133.0000 36.1200
1134.0000 36.1200
1135.0000 36.1200
1136.0000 36.1200
1137.0000 36.1200
1138.0000 36.1200
1139.0000 36.1200
1140.0000 36.1200
1141.0000 36.1200
1142.0000 36.1200
1143.0000 36.1200
1144.0000 36.1200
1145.0000 36.1200
1146.0000 36.1200
1147.0000 36.1200
1148.0000 36.1200
1149.0000 36.1200
1150.0000 36.1200
1151.0000 36.1200
1152.0000 36.1200
1153.0000 36.1200
1154.0000 36.1200
1155.0000 36.1200
1156.0000 36.1200
1157.0000 36.1200
1158.0000 36.1200
1159.0000 36.1200
1160.0000 36.1200
1161.0000 36.1200
1162.0000 36.1200
1163.0000 36.1200
1164.0000 36.1200
1165.0000 36.1200
1166.0000 36.1200
1167.0000 36.1200
1168.0000 36.1200
1169.0000 36.1200
1170.0000 36.1200
1171.0000 36.1200
1172.0000 36.1200
1173.0000 36.1200
1174.0000 36.1200
1175.0000 36.1200
1176.0000 36.1200
1177.0000 36.1200
1178.0000 36.1200
1179.0000 36.1200
1180.0000 36.1200
1181.0000 36.1200
1182.0000 36.1200
1183.0000 36.1200
1184.0000 36.1200
1185.0000 36.1200
1186.0000 36.1200
1187.0000 36.1200
1188.0000 36.1200
1189.0000 36.1200
1190.0000 36.1200
1191.0000 36.1200
1192.0000 36.1200
1193.0000 36.1200
1194.0000 36.1200
1195.0000 36.1200
1196.0000 36.1200
1197.0000 36.1200
1198.0000 36.1200
1199.0000 36.1200
1200.0000 36.1200
1201.0000 36.1200
1202.0000 36.1200
1203.0000 36.1200
1204.0000 36.1200
1205.0000 36.1200
1206.0000 36.1200
1207.0000 36.1200
1208.0000 36.1200
1209.0000 36.1200
1210.0000 36.1200
