1.0000 36.0000
2.0000 36.0000
3.0000 35.4819
4.0000 35.0016
5.0000 34.5577
6.0000 34.1488
7.0000 33.6918
8.0000 33.3548
9.0000 33.0485
10.0000 38.2256
11.0000 43.0325
12.0000 47.4828
13.0000 51.5900
14.0000 55.3674
15.0000 58.8283
16.0000 61.9855
17.0000 64.8519
18.0000 67.4401
19.0000 69.7625
20.0000 71.8311
21.0000 73.6578
22.0000 75.1725
23.0000 76.4741
24.0000 77.5735
25.0000 78.4004
26.0000 78.9716
27.0000 79.2915
28.0000 79.3917
29.0000 79.2895
30.0000 79.0024
31.0000 78.5336
32.0000 77.9141
33.0000 77.0783
34.0000 76.0335
35.0000 74.8967
36.0000 73.5862
37.0000 72.1355
38.0000 70.6453
39.0000 69.0308
40.0000 67.3236
41.0000 65.5252
42.0000 63.6652
43.0000 61.7437
44.0000 59.7877
45.0000 57.7954
46.0000 55.7920
47.0000 53.7740
48.0000 51.7647
49.0000 49.7583
50.0000 47.7767
51.0000 45.8125
52.0000 43.8854
53.0000 42.0685
54.0000 40.2928
55.0000 38.6431
56.0000 37.0213
57.0000 35.5256
58.0000 34.1519
59.0000 32.8819
60.0000 31.7260
61.0000 30.6788
62.0000 29.7351
63.0000 28.8759
64.0000 28.1920
65.0000 27.5897
66.0000 27.1451
67.0000 26.8461
68.0000 26.6812
69.0000 26.6395
70.0000 26.7098
71.0000 26.8817
72.0000 27.1444
73.0000 27.5702
74.0000 28.0619
75.0000 28.7054
76.0000 29.4717
77.0000 30.3471
78.0000 31.3180
79.0000 32.3856
80.0000 33.5235
81.0000 34.7202
82.0000 35.9652
83.0000 37.2627
84.0000 38.6701
85.0000 40.0916
86.0000 41.5326
87.0000 42.9713
88.0000 44.4017
89.0000 45.8178
90.0000 47.3099
91.0000 48.7707
92.0000 50.1147
93.0000 51.4266
94.0000 52.7172
95.0000 53.9695
96.0000 55.1819
97.0000 56.3524
98.0000 57.3985
99.0000 58.4207
100.0000 59.3218
101.0000 60.1077
102.0000 60.8661
103.0000 61.5154
104.0000 62.0620
105.0000 62.5126
106.0000 62.8730
107.0000 63.1499
108.0000 63.3494
109.0000 63.3956
110.0000 63.3825
111.0000 63.2203
112.0000 63.0172
113.0000 62.6969
114.0000 62.2699
115.0000 61.8289
116.0000 61.2963
117.0000 60.6682
118.0000 59.9688
119.0000 59.2071
120.0000 58.3920
121.0000 57.5173
122.0000 56.6060
123.0000 55.6647
124.0000 54.7818
125.0000 53.8757
126.0000 52.9390
127.0000 51.9094
128.0000 50.9619
129.0000 49.9173
130.0000 48.8829
131.0000 47.9437
132.0000 46.9332
133.0000 45.9286
134.0000 44.9463
135.0000 43.9885
136.0000 43.0565
137.0000 42.1377
138.0000 41.3302
139.0000 40.5469
140.0000 39.7875
141.0000 39.1346
142.0000 38.5008
143.0000 37.8722
144.0000 37.3449
145.0000 36.9126
146.0000 36.5692
147.0000 36.3086
148.0000 36.1251
149.0000 35.9304
150.0000 35.8070
151.0000 35.8304
152.0000 35.9071
153.0000 36.0317
154.0000 36.1990
155.0000 36.4042
156.0000 36.7383
157.0000 37.0936
158.0000 37.4666
159.0000 37.9349
160.0000 38.4068
161.0000 38.9610
162.0000 39.5065
163.0000 40.1230
164.0000 40.7195
165.0000 41.3901
166.0000 42.0303
167.0000 42.7207
168.0000 43.3723
169.0000 44.0666
170.0000 44.7973
171.0000 45.4770
172.0000 46.2018
173.0000 46.8696
174.0000 47.5639
175.0000 48.1978
176.0000 48.8548
177.0000 49.4487
178.0000 49.9818
179.0000 50.5383
180.0000 51.0329
181.0000 51.4679
182.0000 51.8463
183.0000 52.1707
184.0000 52.5392
185.0000 52.8529
186.0000 53.1148
187.0000 53.3281
188.0000 53.4962
189.0000 53.6215
190.0000 53.7074
191.0000 53.7575
192.0000 53.7744
193.0000 53.6660
194.0000 53.5374
195.0000 53.3911
196.0000 53.1477
197.0000 52.8973
198.0000 52.6422
199.0000 52.3027
200.0000 51.9684
201.0000 51.5595
202.0000 51.0691
203.0000 50.6012
204.0000 50.0742
205.0000 49.5763
206.0000 49.0266
207.0000 48.4309
208.0000 47.7813
209.0000 47.0979
210.0000 43.7405
211.0000 40.5516
212.0000 37.6104
213.0000 34.9082
214.0000 32.4361
215.0000 30.1030
216.0000 27.9873
217.0000 25.9850
218.0000 24.1891
219.0000 22.5901
220.0000 21.0976
221.0000 19.7900
222.0000 18.6581
223.0000 17.6926
224.0000 16.8837
225.0000 16.2223
226.0000 15.7813
227.0000 15.4634
228.0000 15.3546
229.0000 15.4255
230.0000 15.5786
231.0000 15.9696
232.0000 16.5095
233.0000 17.1698
234.0000 18.0198
235.0000 18.9727
236.0000 20.0836
237.0000 21.2533
238.0000 22.4846
239.0000 23.8351
240.0000 25.3028
241.0000 26.8591
242.0000 28.5031
243.0000 30.2076
244.0000 31.9747
245.0000 33.6963
246.0000 35.4503
247.0000 37.2408
248.0000 39.0440
249.0000 40.8653
250.0000 42.6830
251.0000 44.5042
252.0000 46.3080
253.0000 48.1036
254.0000 49.7898
255.0000 51.4640
256.0000 53.0263
257.0000 54.4799
258.0000 55.9236
259.0000 57.2588
260.0000 58.4079
261.0000 59.4632
262.0000 60.3474
263.0000 61.0704
264.0000 61.7247
265.0000 62.2331
266.0000 62.6065
267.0000 62.8547
268.0000 62.9882
269.0000 62.9346
270.0000 62.7917
271.0000 62.4864
272.0000 62.1160
273.0000 61.6067
274.0000 60.9590
275.0000 60.2012
276.0000 59.3456
277.0000 58.4043
278.0000 57.2941
279.0000 56.1284
280.0000 54.9170
281.0000 53.6557
282.0000 52.3681
283.0000 51.0620
284.0000 49.7455
285.0000 48.4116
286.0000 46.9999
287.0000 45.6043
288.0000 44.1340
289.0000 42.6961
290.0000 41.2944
291.0000 39.8366
292.0000 38.4279
293.0000 37.0695
294.0000 35.7493
295.0000 34.4829
296.0000 33.2709
297.0000 32.1132
298.0000 30.9958
299.0000 30.0150
300.0000 29.0818
301.0000 28.2774
302.0000 27.5123
303.0000 26.8674
304.0000 26.3349
305.0000 25.9078
306.0000 25.5787
307.0000 25.3407
308.0000 25.1865
309.0000 25.1907
310.0000 25.2594
311.0000 25.4667
312.0000 25.7177
313.0000 26.1013
314.0000 26.5907
315.0000 27.1743
316.0000 27.7594
317.0000 28.4233
318.0000 29.1697
319.0000 29.9744
320.0000 30.9103
321.0000 31.8950
322.0000 32.9062
323.0000 33.9371
324.0000 35.0767
325.0000 36.2168
326.0000 37.3522
327.0000 38.4786
328.0000 39.6054
329.0000 40.7144
330.0000 41.8022
331.0000 42.8663
332.0000 43.9179
333.0000 44.9407
334.0000 45.9334
335.0000 46.8948
336.0000 47.7424
337.0000 48.5775
338.0000 49.3846
339.0000 50.0820
340.0000 50.6761
341.0000 51.2549
342.0000 51.7366
343.0000 52.1278
344.0000 52.5166
345.0000 52.8217
346.0000 52.9675
347.0000 53.0480
348.0000 53.0689
349.0000 53.0362
350.0000 52.8734
351.0000 52.6738
352.0000 52.3607
353.0000 52.0266
354.0000 51.5802
355.0000 51.0462
356.0000 50.5159
357.0000 49.9107
358.0000 49.2392
359.0000 48.4965
360.0000 47.7049
361.0000 46.8720
362.0000 46.0047
363.0000 45.1910
364.0000 44.3361
365.0000 43.4600
366.0000 42.5681
367.0000 41.6656
368.0000 40.8386
369.0000 39.9898
370.0000 39.1376
371.0000 38.2852
372.0000 37.5174
373.0000 36.7493
374.0000 36.0652
375.0000 35.3659
376.0000 34.7502
377.0000 34.1319
378.0000 33.5947
379.0000 33.1340
380.0000 32.6633
381.0000 32.2662
382.0000 31.9377
383.0000 31.6733
384.0000 31.4685
385.0000 31.3181
386.0000 31.2180
387.0000 31.1636
388.0000 31.1506
389.0000 31.1750
390.0000 31.2328
391.0000 31.4016
392.0000 31.5900
393.0000 31.8762
394.0000 32.1695
395.0000 32.5624
396.0000 32.9502
397.0000 33.4122
398.0000 33.8586
399.0000 34.3696
400.0000 34.9377
401.0000 35.5695
402.0000 36.1622
403.0000 36.7972
404.0000 37.4689
405.0000 38.1716
406.0000 38.8181
407.0000 39.5050
408.0000 40.2132
409.0000 40.8564
410.0000 51.0630
411.0000 60.5881
412.0000 69.3724
413.0000 77.5397
414.0000 85.0159
415.0000 91.9113
416.0000 98.1665
417.0000 100.0000
418.0000 100.0000
419.0000 100.0000
420.0000 100.0000
421.0000 100.0000
422.0000 100.0000
423.0000 100.0000
424.0000 100.0000
425.0000 100.0000
426.0000 100.0000
427.0000 100.0000
428.0000 100.0000
429.0000 99.7563
430.0000 99.2084
431.0000 98.2904
432.0000 97.0526
433.0000 95.5161
434.0000 93.7274
435.0000 91.7045
436.0000 89.3972
437.0000 86.9361
438.0000 84.2541
439.0000 81.4781
440.0000 78.5373
441.0000 75.5414
442.0000 72.4446
443.0000 69.3399
444.0000 66.1624
445.0000 63.0304
446.0000 59.8613
447.0000 56.7697
448.0000 53.7523
449.0000 50.8319
450.0000 47.9206
451.0000 45.1132
452.0000 42.4285
453.0000 39.8561
454.0000 37.4132
455.0000 35.1822
456.0000 33.0627
457.0000 31.0677
458.0000 29.2642
459.0000 27.6583
460.0000 26.2424
461.0000 25.0067
462.0000 24.0239
463.0000 23.2790
464.0000 22.7563
465.0000 22.4400
466.0000 22.3144
467.0000 22.3641
468.0000 22.5738
469.0000 23.0116
470.0000 23.6566
471.0000 24.4899
472.0000 25.5052
473.0000 26.6704
474.0000 27.9683
475.0000 29.3813
476.0000 30.9895
477.0000 32.7577
478.0000 34.5962
479.0000 36.5600
480.0000 38.6450
481.0000 40.7369
482.0000 42.9081
483.0000 45.1577
484.0000 47.4562
485.0000 49.8049
486.0000 52.0947
487.0000 54.4154
488.0000 56.7432
489.0000 58.9866
490.0000 61.2383
491.0000 63.3942
492.0000 65.5489
493.0000 67.6003
494.0000 69.5491
495.0000 71.3968
496.0000 73.0636
497.0000 74.6524
498.0000 76.0699
499.0000 77.4057
500.0000 78.5809
501.0000 79.6045
502.0000 80.4858
503.0000 81.2341
504.0000 81.8591
505.0000 82.2884
506.0000 82.6182
507.0000 82.7624
508.0000 82.8315
509.0000 82.7518
510.0000 82.5369
511.0000 82.2008
512.0000 81.6617
513.0000 81.0351
514.0000 80.3321
515.0000 79.5512
516.0000 78.6353
517.0000 77.6820
518.0000 76.6868
519.0000 75.5910
520.0000 74.3953
521.0000 73.2082
522.0000 71.9547
523.0000 70.7141
524.0000 69.4236
525.0000 68.1751
526.0000 66.9585
527.0000 65.7083
528.0000 64.5152
529.0000 63.2847
530.0000 62.1212
531.0000 60.9293
532.0000 59.8112
533.0000 58.7663
534.0000 57.6969
535.0000 56.7046
536.0000 55.7866
537.0000 54.9404
538.0000 54.1509
539.0000 53.4296
540.0000 52.7726
541.0000 52.1768
542.0000 51.6260
543.0000 51.1305
544.0000 50.7684
545.0000 50.4481
546.0000 50.1661
547.0000 50.0011
548.0000 49.8487
549.0000 49.8013
550.0000 49.7687
551.0000 49.8294
552.0000 49.9746
553.0000 50.1139
554.0000 50.3272
555.0000 50.6068
556.0000 50.9457
557.0000 51.3357
558.0000 51.7710
559.0000 52.2444
560.0000 52.7497
561.0000 53.2812
562.0000 53.8336
563.0000 54.4022
564.0000 54.9815
565.0000 55.5681
566.0000 56.1572
567.0000 56.7453
568.0000 57.3289
569.0000 57.9051
570.0000 58.4718
571.0000 59.0268
572.0000 59.5688
573.0000 60.1771
574.0000 60.7633
575.0000 61.3261
576.0000 61.8644
577.0000 62.3778
578.0000 62.8661
579.0000 63.3294
580.0000 63.7683
581.0000 64.1821
582.0000 64.5720
583.0000 64.9379
584.0000 65.1984
585.0000 65.4431
586.0000 65.6724
587.0000 65.8871
588.0000 66.0061
589.0000 66.1170
590.0000 66.2209
591.0000 66.3191
592.0000 66.4115
593.0000 66.4044
594.0000 66.4002
595.0000 66.3993
596.0000 66.3202
597.0000 66.2509
598.0000 66.1919
599.0000 66.0618
600.0000 65.8669
601.0000 65.6953
602.0000 65.4502
603.0000 65.2342
604.0000 64.9642
605.0000 64.7267
606.0000 64.5216
607.0000 64.2658
608.0000 64.0457
609.0000 63.7781
610.0000 59.4589
611.0000 55.3790
612.0000 51.6285
613.0000 48.1129
614.0000 44.8258
615.0000 41.8412
616.0000 39.1454
617.0000 36.7264
618.0000 34.5710
619.0000 32.5846
620.0000 30.8437
621.0000 29.3356
622.0000 28.0480
623.0000 26.9690
624.0000 26.0858
625.0000 25.3865
626.0000 24.8599
627.0000 24.5758
628.0000 24.4337
629.0000 24.5042
630.0000 24.7684
631.0000 25.2236
632.0000 25.8374
633.0000 26.5932
634.0000 27.4764
635.0000 28.5672
636.0000 29.7483
637.0000 36.0000
638.0000 36.0000
639.0000 36.0000
640.0000 36.0000
641.0000 36.0000
642.0000 36.0000
643.0000 36.0000
644.0000 36.0000
645.0000 36.0000
646.0000 36.0000
647.0000 36.0000
648.0000 36.0000
649.0000 36.0000
650.0000 36.0000
651.0000 36.0000
652.0000 36.0000
653.0000 36.0000
654.0000 36.0000
655.0000 36.0000
656.0000 36.0000
657.0000 36.0000
658.0000 36.0000
659.0000 36.0000
660.0000 36.0000
661.0000 36.0000
662.0000 36.0000
663.0000 36.0000
664.0000 36.0000
665.0000 36.0000
666.0000 36.0000
667.0000 36.0000
668.0000 36.0000
669.0000 36.0000
670.0000 36.0000
671.0000 36.0000
672.0000 36.0000
673.0000 36.0000
674.0000 36.0000
675.0000 36.0000
676.0000 36.0000
677.0000 36.0000
678.0000 36.0000
679.0000 36.0000
680.0000 36.0000
681.0000 36.0000
682.0000 36.0000
683.0000 36.0000
684.0000 36.0000
685.0000 36.0000
686.0000 36.0000
687.0000 36.0000
688.0000 36.0000
689.0000 36.0000
690.0000 36.0000
691.0000 36.0000
692.0000 36.0000
693.0000 36.0000
694.0000 36.0000
695.0000 36.0000
696.0000 36.0000
697.0000 36.0000
698.0000 36.0000
699.0000 36.0000
700.0000 36.0000
701.0000 36.0000
702.0000 36.0000
703.0000 36.0000
704.0000 36.0000
705.0000 36.0000
706.0000 36.0000
707.0000 36.0000
708.0000 36.0000
709.0000 36.0000
710.0000 36.0000
711.0000 36.0000
712.0000 36.0000
713.0000 36.0000
714.0000 36.0000
715.0000 36.0000
716.0000 36.0000
717.0000 36.0000
718.0000 36.0000
719.0000 36.0000
720.0000 36.0000
721.0000 36.0000
722.0000 36.0000
723.0000 36.0000
724.0000 36.0000
725.0000 36.0000
726.0000 36.0000
727.0000 36.0000
728.0000 36.0000
729.0000 36.0000
730.0000 36.0000
731.0000 36.0000
732.0000 36.0000
733.0000 36.0000
734.0000 36.0000
735.0000 36.0000
736.0000 36.0000
737.0000 36.0000
738.0000 36.0000
739.0000 36.0000
740.0000 36.0000
741.0000 36.0000
742.0000 36.0000
743.0000 36.0000
744.0000 36.0000
745.0000 36.0000
746.0000 36.0000
747.0000 36.0000
748.0000 36.0000
749.0000 36.0000
750.0000 36.0000
751.0000 36.0000
752.0000 36.0000
753.0000 36.0000
754.0000 36.0000
755.0000 36.0000
756.0000 36.0000
757.0000 36.0000
758.0000 36.0000
759.0000 36.0000
760.0000 36.0000
761.0000 36.0000
762.0000 36.0000
763.0000 36.0000
764.0000 36.0000
765.0000 36.0000
766.0000 36.0000
767.0000 36.0000
768.0000 36.0000
769.0000 36.0000
770.0000 36.0000
771.0000 36.0000
772.0000 36.0000
773.0000 36.0000
774.0000 36.0000
775.0000 36.0000
776.0000 36.0000
777.0000 36.0000
778.0000 36.0000
779.0000 36.0000
780.0000 36.0000
781.0000 36.0000
782.0000 36.0000
783.0000 36.0000
784.0000 36.0000
785.0000 36.0000
786.0000 36.0000
787.0000 36.0000
788.0000 36.0000
789.0000 36.0000
790.0000 36.0000
791.0000 36.0000
792.0000 36.0000
793.0000 36.0000
794.0000 36.0000
795.0000 36.0000
796.0000 36.0000
797.0000 36.0000
798.0000 36.0000
799.0000 36.0000
800.0000 36.0000
801.0000 36.0000
802.0000 36.0000
803.0000 36.0000
804.0000 36.0000
805.0000 36.0000
806.0000 36.0000
807.0000 36.0000
808.0000 36.0000
809.0000 36.0000
810.0000 36.0000
811.0000 36.0000
812.0000 36.0000
813.0000 36.0000
814.0000 36.0000
815.0000 36.0000
816.0000 36.0000
817.0000 36.0000
818.0000 36.0000
819.0000 36.0000
820.0000 36.0000
821.0000 36.0000
822.0000 36.0000
823.0000 36.0000
824.0000 36.0000
825.0000 36.0000
826.0000 36.0000
827.0000 36.0000
828.0000 36.0000
829.0000 36.0000
830.0000 36.0000
831.0000 36.0000
832.0000 36.0000
833.0000 36.0000
834.0000 36.0000
835.0000 36.0000
836.0000 36.0000
837.0000 36.0000
838.0000 36.0000
839.0000 36.0000
840.0000 36.0000
841.0000 36.0000
842.0000 36.0000
843.0000 36.0000
844.0000 36.0000
845.0000 36.0000
846.0000 36.0000
847.0000 36.0000
848.0000 36.0000
849.0000 36.0000
850.0000 36.0000
851.0000 36.0000
852.0000 36.0000
853.0000 36.0000
854.0000 36.0000
855.0000 36.0000
856.0000 36.0000
857.0000 36.0000
858.0000 36.0000
859.0000 36.0000
860.0000 36.0000
861.0000 36.0000
862.0000 36.0000
863.0000 36.0000
864.0000 36.0000
865.0000 36.0000
866.0000 36.0000
867.0000 36.0000
868.0000 36.0000
869.0000 36.0000
870.0000 36.0000
871.0000 36.0000
872.0000 36.0000
873.0000 36.0000
874.0000 36.0000
875.0000 36.0000
876.0000 36.0000
877.0000 36.0000
878.0000 36.0000
879.0000 36.0000
880.0000 36.0000
881.0000 36.0000
882.0000 36.0000
883.0000 36.0000
884.0000 36.0000
885.0000 36.0000
886.0000 36.0000
887.0000 36.0000
888.0000 36.0000
889.0000 36.0000
890.0000 36.0000
891.0000 36.0000
892.0000 36.0000
893.0000 36.0000
894.0000 36.0000
895.0000 36.0000
896.0000 36.0000
897.0000 36.0000
898.0000 36.0000
899.0000 36.0000
900.0000 36.0000
901.0000 36.0000
902.0000 36.0000
903.0000 36.0000
904.0000 36.0000
905.0000 36.0000
906.0000 36.0000
907.0000 36.0000
908.0000 36.0000
909.0000 36.0000
910.0000 36.0000
911.0000 36.0000
912.0000 36.0000
913.0000 36.0000
914.0000 36.0000
915.0000 36.0000
916.0000 36.0000
917.0000 36.0000
918.0000 36.0000
919.0000 36.0000
920.0000 36.0000
921.0000 36.0000
922.0000 36.0000
923.0000 36.0000
924.0000 36.0000
925.0000 36.0000
926.0000 36.0000
927.0000 36.0000
928.0000 36.0000
929.0000 36.0000
930.0000 36.0000
931.0000 36.0000
932.0000 36.0000
933.0000 36.0000
934.0000 36.0000
935.0000 36.0000
936.0000 36.0000
937.0000 36.0000
938.0000 36.0000
939.0000 36.0000
940.0000 36.0000
941.0000 36.0000
942.0000 36.0000
943.0000 36.0000
944.0000 36.0000
945.0000 36.0000
946.0000 36.0000
947.0000 36.0000
948.0000 36.0000
949.0000 36.0000
950.0000 36.0000
951.0000 36.0000
952.0000 36.0000
953.0000 36.0000
954.0000 36.0000
955.0000 36.0000
956.0000 36.0000
957.0000 36.0000
958.0000 36.0000
959.0000 36.0000
960.0000 36.0000
961.0000 36.0000
962.0000 36.0000
963.0000 36.0000
964.0000 36.0000
965.0000 36.0000
966.0000 36.0000
967.0000 36.0000
968.0000 36.0000
969.0000 36.0000
970.0000 36.0000
971.0000 36.0000
972.0000 36.0000
973.0000 36.0000
974.0000 36.0000
975.0000 36.0000
976.0000 36.0000
977.0000 36.0000
978.0000 36.0000
979.0000 36.0000
980.0000 36.0000
981.0000 36.0000
982.0000 36.0000
983.0000 36.0000
984.0000 36.0000
985.0000 36.0000
986.0000 36.0000
987.0000 36.0000
988.0000 36.0000
989.0000 36.0000
990.0000 36.0000
991.0000 36.0000
992.0000 36.0000
993.0000 36.0000
994.0000 36.0000
995.0000 36.0000
996.0000 36.0000
997.0000 36.0000
998.0000 36.0000
999.0000 36.0000
1000.0000 36.0000
1001.0000 36.0000
1002.0000 36.0000
1003.0000 36.0000
1004.0000 36.0000
1005.0000 36.0000
1006.0000 36.0000
1007.0000 36.0000
1008.0000 36.0000
1009.0000 36.0000
1010.0000 36.0000
1011.0000 36.0000
1012.0000 36.0000
1013.0000 36.0000
1014.0000 36.0000
1015.0000 36.0000
1016.0000 36.0000
1017.0000 36.0000
1018.0000 36.0000
1019.0000 36.0000
1020.0000 36.0000
1021.0000 36.0000
1022.0000 36.0000
1023.0000 36.0000
1024.0000 36.0000
1025.0000 36.0000
1026.0000 36.0000
1027.0000 36.0000
1028.0000 36.0000
1029.0000 36.0000
1030.0000 36.0000
1031.0000 36.0000
1032.0000 36.0000
1033.0000 36.0000
1034.0000 36.0000
1035.0000 36.0000
1036.0000 36.0000
1037.0000 36.0000
1038.0000 36.0000
1039.0000 36.0000
1040.0000 36.0000
1041.0000 36.0000
1042.0000 36.0000
1043.0000 36.0000
1044.0000 36.0000
1045.0000 36.0000
1046.0000 36.0000
1047.0000 36.0000
1048.0000 36.0000
1049.0000 36.0000
1050.0000 36.0000
1051.0000 36.0000
1052.0000 36.0000
1053.0000 36.0000
1054.0000 36.0000
1055.0000 36.0000
1056.0000 36.0000
1057.0000 36.0000
1058.0000 36.0000
1059.0000 36.0000
1060.0000 36.0000
1061.0000 36.0000
1062.0000 36.0000
1063.0000 36.0000
1064.0000 36.0000
1065.0000 36.0000
1066.0000 36.0000
1067.0000 36.0000
1068.0000 36.0000
1069.0000 36.0000
1070.0000 36.0000
1071.0000 36.0000
1072.0000 36.0000
1073.0000 36.0000
1074.0000 36.0000
1075.0000 36.0000
1076.0000 36.0000
1077.0000 36.0000
1078.0000 36.0000
1079.0000 36.0000
1080.0000 36.0000
1081.0000 36.0000
1082.0000 36.0000
1083.0000 36.0000
1084.0000 36.0000
1085.0000 36.0000
1086.0000 36.0000
1087.0000 36.0000
1088.0000 36.0000
1089.0000 36.0000
1090.0000 36.0000
1091.0000 36.0000
1092.0000 36.0000
1093.0000 36.0000
1094.0000 36.0000
1095.0000 36.0000
1096.0000 36.0000
1097.0000 36.0000
1098.0000 36.0000
1099.0000 36.0000
1100.0000 36.0000
1101.0000 36.0000
1102.0000 36.0000
1103.0000 36.0000
1104.0000 36.0000
1105.0000 36.0000
1106.0000 36.0000
1107.0000 36.0000
1108.0000 36.0000
1109.0000 36.0000
1110.0000 36.0000
1111.0000 36.0000
1112.0000 36.0000
1113.0000 36.0000
1114.0000 36.0000
1115.0000 36.0000
1116.0000 36.0000
1117.0000 36.0000
1118.0000 36.0000
1119.0000 36.0000
1120.0000 36.0000
1121.0000 36.0000
1122.0000 36.0000
1123.0000 36.0000
1124.0000 36.0000
1125.0000 36.0000
1126.0000 36.0000
1127.0000 36.0000
1128.0000 36.0000
1129.0000 36.0000
1130.0000 36.0000
1131.0000 36.0000
1132.0000 36.0000
1133.0000 36.0000
1134.0000 36.0000
1135.0000 36.0000
1136.0000 36.0000
1137.0000 36.0000
1138.0000 36.0000
1139.0000 36.0000
1140.0000 36.0000
1141.0000 36.0000
1142.0000 36.0000
1143.0000 36.0000
1144.0000 36.0000
1145.0000 36.0000
1146.0000 36.0000
1147.0000 36.0000
1148.0000 36.0000
1149.0000 36.0000
1150.0000 36.0000
1151.0000 36.0000
1152.0000 36.0000
1153.0000 36.0000
1154.0000 36.0000
1155.0000 36.0000
1156.0000 36.0000
1157.0000 36.0000
1158.0000 36.0000
1159.0000 36.0000
1160.0000 36.0000
1161.0000 36.0000
1162.0000 36.0000
1163.0000 36.0000
1164.0000 36.0000
1165.0000 36.0000
1166.0000 36.0000
1167.0000 36.0000
1168.0000 36.0000
1169.0000 36.0000
1170.0000 36.0000
1171.0000 36.0000
1172.0000 36.0000
1173.0000 36.0000
1174.0000 36.0000
1175.0000 36.0000
1176.0000 36.0000
1177.0000 36.0000
1178.0000 36.0000
1179.0000 36.0000
1180.0000 36.0000
1181.0000 36.0000
1182.0000 36.0000
1183.0000 36.0000
1184.0000 36.0000
1185.0000 36.0000
1186.0000 36.0000
1187.0000 36.0000
1188.0000 36.0000
1189.0000 36.0000
1190.0000 36.0000
1191.0000 36.0000
1192.0000 36.0000
1193.0000 36.0000
1194.0000 36.0000
1195.0000 36.0000
1196.0000 36.0000
1197.0000 36.0000
1198.0000 36.0000
1199.0000 36.0000
1200.0000 36.0000
1201.0000 36.0000
1202.0000 36.0000
1203.0000 36.0000
1204.0000 36.0000
1205.0000 36.0000
1206.0000 36.0000
1207.0000 36.0000
1208.0000 36.0000
1209.0000 36.0000
1210.0000 36.0000
