1.0000 0.0000
2.0000 0.0000
3.0000 0.0000
4.0000 0.0000
5.0000 0.0000
6.0000 0.0000
7.0000 0.0000
8.0000 0.0000
9.0000 0.0000
10.0000 1.9317
11.0000 2.5757
12.0000 2.5243
13.0000 2.1837
14.0000 1.7915
15.0000 1.4592
16.0000 1.2194
17.0000 1.0648
18.0000 0.9737
19.0000 0.9231
20.0000 0.8956
21.0000 0.8795
22.0000 0.8687
23.0000 0.8602
24.0000 0.8528
25.0000 0.8458
26.0000 0.8399
27.0000 0.8352
28.0000 0.8316
29.0000 0.8290
30.0000 0.8271
31.0000 0.8253
32.0000 0.8238
33.0000 0.8228
34.0000 0.8217
35.0000 0.8209
36.0000 0.8199
37.0000 0.8189
38.0000 0.8181
39.0000 0.8173
40.0000 0.8164
41.0000 0.8154
42.0000 0.8145
43.0000 0.8137
44.0000 0.8129
45.0000 0.8122
46.0000 0.8113
47.0000 0.8107
48.0000 0.8103
49.0000 0.8098
50.0000 0.8093
51.0000 0.8088
52.0000 0.8084
53.0000 0.8080
54.0000 0.8076
55.0000 0.8072
56.0000 0.8070
57.0000 0.8068
58.0000 0.8064
59.0000 0.8063
60.0000 0.8060
61.0000 0.8059
62.0000 0.8058
63.0000 0.8054
64.0000 0.8053
65.0000 0.8052
66.0000 0.8051
67.0000 0.8050
68.0000 0.8050
69.0000 0.8049
70.0000 0.8048
71.0000 0.8045
72.0000 0.8042
73.0000 0.8042
74.0000 0.8041
75.0000 0.8040
76.0000 0.8039
77.0000 0.8039
78.0000 0.8039
79.0000 0.8040
80.0000 0.8041
81.0000 0.8039
82.0000 0.8038
83.0000 0.8039
84.0000 0.8041
85.0000 0.8040
86.0000 0.8039
87.0000 0.8040
88.0000 0.8040
89.0000 0.8037
90.0000 0.8036
91.0000 0.8036
92.0000 0.8036
93.0000 0.8036
94.0000 0.8036
95.0000 0.8036
96.0000 0.8036
97.0000 0.8038
98.0000 0.8037
99.0000 0.8035
100.0000 0.8033
101.0000 0.8032
102.0000 0.8034
103.0000 0.8035
104.0000 0.8037
105.0000 0.8037
106.0000 0.8037
107.0000 0.8034
108.0000 0.8033
109.0000 0.8032
110.0000 0.8034
111.0000 0.8036
112.0000 0.8037
113.0000 0.8038
114.0000 0.8038
115.0000 0.8038
116.0000 0.8037
117.0000 0.8036
118.0000 0.8032
119.0000 0.8030
120.0000 0.8030
121.0000 0.8032
122.0000 0.8034
123.0000 0.8037
124.0000 0.8037
125.0000 0.8036
126.0000 0.8036
127.0000 0.8035
128.0000 0.8034
129.0000 0.8035
130.0000 0.8036
131.0000 0.8036
132.0000 0.8035
133.0000 0.8035
134.0000 0.8033
135.0000 0.8032
136.0000 0.8032
137.0000 0.8033
138.0000 0.8035
139.0000 0.8035
140.0000 0.8036
141.0000 0.8036
142.0000 0.8036
143.0000 0.8035
144.0000 0.8034
145.0000 0.8034
146.0000 0.8035
147.0000 0.8035
148.0000 0.8036
149.0000 0.8036
150.0000 0.8038
151.0000 0.8038
152.0000 0.8036
153.0000 0.8036
154.0000 0.8036
155.0000 0.8035
156.0000 0.8034
157.0000 0.8034
158.0000 0.8035
159.0000 0.8034
160.0000 0.8034
161.0000 0.8035
162.0000 0.8036
163.0000 0.8035
164.0000 0.8035
165.0000 0.8034
166.0000 0.8033
167.0000 0.8035
168.0000 0.8036
169.0000 0.8036
170.0000 0.8036
171.0000 0.8035
172.0000 0.8034
173.0000 0.8033
174.0000 0.8033
175.0000 0.8033
176.0000 0.8035
177.0000 0.8037
178.0000 0.8037
179.0000 0.8037
180.0000 0.8036
181.0000 0.8036
182.0000 0.8035
183.0000 0.8034
184.0000 0.8034
185.0000 0.8034
186.0000 0.8033
187.0000 0.8033
188.0000 0.8033
189.0000 0.8033
190.0000 0.8033
191.0000 0.8033
192.0000 0.8033
193.0000 0.8033
194.0000 0.8034
195.0000 0.8036
196.0000 0.8038
197.0000 0.8039
198.0000 0.8039
199.0000 0.8038
200.0000 0.8038
201.0000 0.8037
202.0000 0.8036
203.0000 0.8036
204.0000 0.8035
205.0000 0.8035
206.0000 0.8035
207.0000 0.8035
208.0000 0.8034
209.0000 0.8034
210.0000 0.8034
211.0000 0.8034
212.0000 0.8034
213.0000 0.8034
214.0000 0.8034
215.0000 0.8035
216.0000 0.8035
217.0000 0.8035
218.0000 0.8035
219.0000 0.8035
220.0000 0.8035
221.0000 0.8035
222.0000 0.8035
223.0000 0.8035
224.0000 0.8035
225.0000 0.8035
226.0000 0.8035
227.0000 0.8035
228.0000 0.8035
229.0000 0.8035
230.0000 0.8035
231.0000 0.8035
232.0000 0.8035
233.0000 0.8035
234.0000 0.8035
235.0000 0.8035
236.0000 0.8035
237.0000 0.8035
238.0000 0.8035
239.0000 0.8035
240.0000 0.8035
241.0000 0.8035
242.0000 0.8035
243.0000 0.8035
244.0000 0.8035
245.0000 0.8035
246.0000 0.8035
247.0000 0.8035
248.0000 0.8035
249.0000 0.8035
250.0000 0.8035
251.0000 0.8035
252.0000 0.8035
253.0000 0.8035
254.0000 0.8035
255.0000 0.8035
256.0000 0.8035
257.0000 0.8035
258.0000 0.8035
259.0000 0.8035
260.0000 0.7948
261.0000 0.7777
262.0000 0.7562
263.0000 0.7358
264.0000 0.7208
265.0000 0.7138
266.0000 0.7160
267.0000 0.7267
268.0000 0.7449
269.0000 0.7688
270.0000 0.7966
271.0000 0.8267
272.0000 0.8577
273.0000 0.8885
274.0000 0.9183
275.0000 0.9465
276.0000 0.9728
277.0000 0.9970
278.0000 1.0190
279.0000 1.0389
280.0000 1.0568
281.0000 1.0728
282.0000 1.0870
283.0000 1.0996
284.0000 1.1109
285.0000 1.1208
286.0000 1.1297
287.0000 1.1375
288.0000 1.1446
289.0000 1.1508
290.0000 1.1565
291.0000 1.1616
292.0000 1.1662
293.0000 1.1703
294.0000 1.1742
295.0000 1.1776
296.0000 1.1808
297.0000 1.1838
298.0000 1.1865
299.0000 1.1890
300.0000 1.1913
301.0000 1.1935
302.0000 1.1955
303.0000 1.1974
304.0000 1.1991
305.0000 1.2008
306.0000 1.2023
307.0000 1.2037
308.0000 1.2051
309.0000 1.2064
310.0000 1.2076
311.0000 1.2087
312.0000 1.2097
313.0000 1.2107
314.0000 1.2117
315.0000 1.2126
316.0000 1.2134
317.0000 1.2142
318.0000 1.2150
319.0000 1.2157
320.0000 1.2163
321.0000 1.2170
322.0000 1.2176
323.0000 1.2182
324.0000 1.2187
325.0000 1.2192
326.0000 1.2197
327.0000 1.2202
328.0000 1.2206
329.0000 1.2211
330.0000 1.2215
331.0000 1.2218
332.0000 1.2222
333.0000 1.2225
334.0000 1.2228
335.0000 1.2232
336.0000 1.2234
337.0000 1.2237
338.0000 1.2240
339.0000 1.2242
340.0000 1.2245
341.0000 1.2247
342.0000 1.2249
343.0000 1.2251
344.0000 1.2253
345.0000 1.2255
346.0000 1.2257
347.0000 1.2259
348.0000 1.2261
349.0000 1.2262
350.0000 1.2264
351.0000 1.2265
352.0000 1.2266
353.0000 1.2268
354.0000 1.2269
355.0000 1.2270
356.0000 1.2271
357.0000 1.2272
358.0000 1.2273
359.0000 1.2274
360.0000 1.2275
361.0000 1.2276
362.0000 1.2277
363.0000 1.2278
364.0000 1.2279
365.0000 1.2279
366.0000 1.2280
367.0000 1.2281
368.0000 1.2282
369.0000 1.2282
370.0000 1.2283
371.0000 1.2284
372.0000 1.2284
373.0000 1.2285
374.0000 1.2286
375.0000 1.2286
376.0000 1.2286
377.0000 1.2287
378.0000 1.2287
379.0000 1.2287
380.0000 1.2287
381.0000 1.2288
382.0000 1.2288
383.0000 1.2288
384.0000 1.2288
385.0000 1.2288
386.0000 1.2289
387.0000 1.2289
388.0000 1.2289
389.0000 1.2289
390.0000 1.2289
391.0000 1.2290
392.0000 1.2290
393.0000 1.2290
394.0000 1.2290
395.0000 1.2290
396.0000 1.2291
397.0000 1.2291
398.0000 1.2291
399.0000 1.2291
400.0000 1.2291
401.0000 1.2291
402.0000 1.2292
403.0000 1.2292
404.0000 1.2292
405.0000 1.2292
406.0000 1.2292
407.0000 1.2292
408.0000 1.2292
409.0000 1.2292
410.0000 1.2186
411.0000 1.1940
412.0000 1.1559
413.0000 1.1056
414.0000 1.0451
415.0000 0.9761
416.0000 0.9005
417.0000 0.8204
418.0000 0.7375
419.0000 0.6537
420.0000 0.5707
421.0000 0.4897
422.0000 0.4118
423.0000 0.3379
424.0000 0.2686
425.0000 0.2041
426.0000 0.1445
427.0000 0.0898
428.0000 0.0399
429.0000 -0.0055
430.0000 -0.0466
431.0000 -0.0838
432.0000 -0.1175
433.0000 -0.1478
434.0000 -0.1752
435.0000 -0.1999
436.0000 -0.2222
437.0000 -0.2423
438.0000 -0.2605
439.0000 -0.2769
440.0000 -0.2918
441.0000 -0.3053
442.0000 -0.3176
443.0000 -0.3287
444.0000 -0.3388
445.0000 -0.3481
446.0000 -0.3564
447.0000 -0.3641
448.0000 -0.3711
449.0000 -0.3774
450.0000 -0.3833
451.0000 -0.3886
452.0000 -0.3934
453.0000 -0.3979
454.0000 -0.4019
455.0000 -0.4056
456.0000 -0.4090
457.0000 -0.4121
458.0000 -0.4149
459.0000 -0.4175
460.0000 -0.4199
461.0000 -0.4221
462.0000 -0.4241
463.0000 -0.4259
464.0000 -0.4276
465.0000 -0.4291
466.0000 -0.4305
467.0000 -0.4318
468.0000 -0.4330
469.0000 -0.4341
470.0000 -0.4351
471.0000 -0.4360
472.0000 -0.4369
473.0000 -0.4376
474.0000 -0.4384
475.0000 -0.4390
476.0000 -0.4396
477.0000 -0.4401
478.0000 -0.4406
479.0000 -0.4411
480.0000 -0.4415
481.0000 -0.4419
482.0000 -0.4423
483.0000 -0.4426
484.0000 -0.4429
485.0000 -0.4432
486.0000 -0.4434
487.0000 -0.4436
488.0000 -0.4439
489.0000 -0.4441
490.0000 -0.4442
491.0000 -0.4444
492.0000 -0.4446
493.0000 -0.4447
494.0000 -0.4448
495.0000 -0.4450
496.0000 -0.4451
497.0000 -0.4452
498.0000 -0.4453
499.0000 -0.4454
500.0000 -0.4454
501.0000 -0.4455
502.0000 -0.4455
503.0000 -0.4456
504.0000 -0.4456
505.0000 -0.4457
506.0000 -0.4457
507.0000 -0.4458
508.0000 -0.4458
509.0000 -0.4458
510.0000 -0.4459
511.0000 -0.4459
512.0000 -0.4459
513.0000 -0.4460
514.0000 -0.4460
515.0000 -0.4460
516.0000 -0.4461
517.0000 -0.4461
518.0000 -0.4461
519.0000 -0.4462
520.0000 -0.4462
521.0000 -0.4462
522.0000 -0.4462
523.0000 -0.4462
524.0000 -0.4462
525.0000 -0.4462
526.0000 -0.4462
527.0000 -0.4462
528.0000 -0.4462
529.0000 -0.4462
530.0000 -0.4462
531.0000 -0.4462
532.0000 -0.4462
533.0000 -0.4462
534.0000 -0.4462
535.0000 -0.4462
536.0000 -0.4462
537.0000 -0.4461
538.0000 -0.4461
539.0000 -0.4461
540.0000 -0.4461
541.0000 -0.4461
542.0000 -0.4461
543.0000 -0.4461
544.0000 -0.4461
545.0000 -0.4461
546.0000 -0.4461
547.0000 -0.4461
548.0000 -0.4462
549.0000 -0.4462
550.0000 -0.4462
551.0000 -0.4462
552.0000 -0.4462
553.0000 -0.4462
554.0000 -0.4462
555.0000 -0.4462
556.0000 -0.4462
557.0000 -0.4462
558.0000 -0.4462
559.0000 -0.4462
560.0000 -0.4549
561.0000 -0.4720
562.0000 -0.4935
563.0000 -0.5139
564.0000 -0.5289
565.0000 -0.5359
566.0000 -0.5337
567.0000 -0.5230
568.0000 -0.5048
569.0000 -0.4809
570.0000 -0.4531
571.0000 -0.4230
572.0000 -0.3920
573.0000 -0.3612
574.0000 -0.3314
575.0000 -0.3032
576.0000 -0.2769
577.0000 -0.2527
578.0000 -0.2306
579.0000 -0.2107
580.0000 -0.1928
581.0000 -0.1769
582.0000 -0.1627
583.0000 -0.1500
584.0000 -0.1388
585.0000 -0.1289
586.0000 -0.1200
587.0000 -0.1122
588.0000 -0.1051
589.0000 -0.0988
590.0000 -0.0932
591.0000 -0.0881
592.0000 -0.0835
593.0000 -0.0793
594.0000 -0.0755
595.0000 -0.0720
596.0000 -0.0688
597.0000 -0.0659
598.0000 -0.0632
599.0000 -0.0607
600.0000 -0.0584
601.0000 -0.0562
602.0000 -0.0542
603.0000 -0.0524
604.0000 -0.0506
605.0000 -0.0490
606.0000 -0.0475
607.0000 -0.0461
608.0000 -0.0447
609.0000 -0.0435
610.0000 -0.0423
611.0000 -0.0412
612.0000 -0.0401
613.0000 -0.0391
614.0000 -0.0382
615.0000 -0.0373
616.0000 -0.0365
617.0000 -0.0357
618.0000 -0.0349
619.0000 -0.0342
620.0000 -0.0335
621.0000 -0.0329
622.0000 -0.0323
623.0000 -0.0317
624.0000 -0.0311
625.0000 -0.0306
626.0000 -0.0301
627.0000 -0.0296
628.0000 -0.0292
629.0000 -0.0287
630.0000 -0.0283
631.0000 -0.0280
632.0000 -0.0276
633.0000 -0.0272
634.0000 -0.0269
635.0000 -0.0266
636.0000 -0.0263
637.0000 -0.0260
638.0000 -0.0258
639.0000 -0.0255
640.0000 -0.0253
641.0000 -0.0250
642.0000 -0.0248
643.0000 -0.0246
644.0000 -0.0244
645.0000 -0.0242
646.0000 -0.0240
647.0000 -0.0238
648.0000 -0.0237
649.0000 -0.0235
650.0000 -0.0234
651.0000 -0.0232
652.0000 -0.0231
653.0000 -0.0230
654.0000 -0.0228
655.0000 -0.0227
656.0000 -0.0226
657.0000 -0.0225
658.0000 -0.0224
659.0000 -0.0223
660.0000 -0.0222
661.0000 -0.0221
662.0000 -0.0220
663.0000 -0.0219
664.0000 -0.0219
665.0000 -0.0218
666.0000 -0.0217
667.0000 -0.0216
668.0000 -0.0216
669.0000 -0.0215
670.0000 -0.0214
671.0000 -0.0213
672.0000 -0.0213
673.0000 -0.0212
674.0000 -0.0212
675.0000 -0.0211
676.0000 -0.0211
677.0000 -0.0211
678.0000 -0.0210
679.0000 -0.0210
680.0000 -0.0210
681.0000 -0.0210
682.0000 -0.0209
683.0000 -0.0209
684.0000 -0.0209
685.0000 -0.0209
686.0000 -0.0209
687.0000 -0.0208
688.0000 -0.0208
689.0000 -0.0208
690.0000 -0.0208
691.0000 -0.0208
692.0000 -0.0207
693.0000 -0.0207
694.0000 -0.0207
695.0000 -0.0207
696.0000 -0.0207
697.0000 -0.0207
698.0000 -0.0206
699.0000 -0.0206
700.0000 -0.0206
701.0000 -0.0206
702.0000 -0.0206
703.0000 -0.0206
704.0000 -0.0206
705.0000 -0.0205
706.0000 -0.0205
707.0000 -0.0205
708.0000 -0.0205
709.0000 -0.0205
710.0000 -0.0312
711.0000 -0.0557
712.0000 -0.0938
713.0000 -0.1441
714.0000 -0.2047
715.0000 -0.2737
716.0000 -0.3492
717.0000 -0.4294
718.0000 -0.5122
719.0000 -0.5960
720.0000 -0.6791
721.0000 -0.7601
722.0000 -0.8379
723.0000 -0.9118
724.0000 -0.9811
725.0000 -1.0457
726.0000 -1.1052
727.0000 -1.1599
728.0000 -1.2098
729.0000 -1.2552
730.0000 -1.2963
731.0000 -1.3336
732.0000 -1.3672
733.0000 -1.3975
734.0000 -1.4249
735.0000 -1.4496
736.0000 -1.4719
737.0000 -1.4920
738.0000 -1.5102
739.0000 -1.5266
740.0000 -1.5415
741.0000 -1.5550
742.0000 -1.5673
743.0000 -1.5784
744.0000 -1.5886
745.0000 -1.5978
746.0000 -1.6062
747.0000 -1.6138
748.0000 -1.6208
749.0000 -1.6272
750.0000 -1.6330
751.0000 -1.6383
752.0000 -1.6431
753.0000 -1.6476
754.0000 -1.6516
755.0000 -1.6553
756.0000 -1.6587
757.0000 -1.6618
758.0000 -1.6647
759.0000 -1.6673
760.0000 -1.6696
761.0000 -1.6718
762.0000 -1.6738
763.0000 -1.6757
764.0000 -1.6773
765.0000 -1.6789
766.0000 -1.6803
767.0000 -1.6816
768.0000 -1.6827
769.0000 -1.6838
770.0000 -1.6848
771.0000 -1.6858
772.0000 -1.6866
773.0000 -1.6874
774.0000 -1.6881
775.0000 -1.6887
776.0000 -1.6893
777.0000 -1.6899
778.0000 -1.6904
779.0000 -1.6908
780.0000 -1.6913
781.0000 -1.6916
782.0000 -1.6920
783.0000 -1.6923
784.0000 -1.6926
785.0000 -1.6929
786.0000 -1.6931
787.0000 -1.6934
788.0000 -1.6936
789.0000 -1.6938
790.0000 -1.6940
791.0000 -1.6941
792.0000 -1.6943
793.0000 -1.6944
794.0000 -1.6946
795.0000 -1.6947
796.0000 -1.6948
797.0000 -1.6949
798.0000 -1.6950
799.0000 -1.6951
800.0000 -1.6952
801.0000 -1.6952
802.0000 -1.6953
803.0000 -1.6953
804.0000 -1.6954
805.0000 -1.6954
806.0000 -1.6955
807.0000 -1.6955
808.0000 -1.6955
809.0000 -1.6956
810.0000 -1.6956
811.0000 -1.6956
812.0000 -1.6957
813.0000 -1.6957
814.0000 -1.6957
815.0000 -1.6958
816.0000 -1.6958
817.0000 -1.6958
818.0000 -1.6959
819.0000 -1.6959
820.0000 -1.6959
821.0000 -1.6959
822.0000 -1.6959
823.0000 -1.6959
824.0000 -1.6960
825.0000 -1.6960
826.0000 -1.6960
827.0000 -1.6960
828.0000 -1.6960
829.0000 -1.6959
830.0000 -1.6959
831.0000 -1.6959
832.0000 -1.6959
833.0000 -1.6959
834.0000 -1.6959
835.0000 -1.6959
836.0000 -1.6959
837.0000 -1.6959
838.0000 -1.6959
839.0000 -1.6959
840.0000 -1.6959
841.0000 -1.6959
842.0000 -1.6959
843.0000 -1.6959
844.0000 -1.6959
845.0000 -1.6959
846.0000 -1.6959
847.0000 -1.6959
848.0000 -1.6959
849.0000 -1.6959
850.0000 -1.6959
851.0000 -1.6959
852.0000 -1.6959
853.0000 -1.6959
854.0000 -1.6959
855.0000 -1.6959
856.0000 -1.6959
857.0000 -1.6959
858.0000 -1.6959
859.0000 -1.6959
860.0000 -1.6959
