1.0000 0.0000
2.0000 0.0000
3.0000 0.0000
4.0000 0.0000
5.0000 0.0000
6.0000 0.0000
7.0000 0.0000
8.0000 0.0000
9.0000 0.0000
10.0000 0.0000
11.0000 0.0000
12.0000 0.0000
13.0000 0.0000
14.0000 0.0000
15.0000 0.0000
16.0000 0.0000
17.0000 0.0000
18.0000 0.0000
19.0000 0.0000
20.0000 0.0000
21.0000 0.0000
22.0000 0.0000
23.0000 0.0000
24.0000 0.0000
25.0000 0.0000
26.0000 0.0000
27.0000 0.0000
28.0000 0.0000
29.0000 0.0000
30.0000 0.0000
31.0000 0.0000
32.0000 0.0000
33.0000 0.0000
34.0000 0.0000
35.0000 0.0000
36.0000 0.0000
37.0000 0.0000
38.0000 0.0000
39.0000 0.0000
40.0000 0.0000
41.0000 0.0000
42.0000 0.0000
43.0000 0.0000
44.0000 0.0000
45.0000 0.0000
46.0000 0.0000
47.0000 0.0000
48.0000 0.0000
49.0000 0.0000
50.0000 0.0000
51.0000 0.0000
52.0000 0.0000
53.0000 0.0000
54.0000 0.0000
55.0000 0.0000
56.0000 0.0000
57.0000 0.0000
58.0000 0.0000
59.0000 0.0000
60.0000 0.0000
61.0000 0.0000
62.0000 0.0000
63.0000 0.0000
64.0000 0.0000
65.0000 0.0000
66.0000 0.0000
67.0000 0.0000
68.0000 0.0000
69.0000 0.0000
70.0000 0.0000
71.0000 0.0000
72.0000 0.0000
73.0000 0.0000
74.0000 0.0000
75.0000 0.0000
76.0000 0.0000
77.0000 0.0000
78.0000 0.0000
79.0000 0.0000
80.0000 0.0000
81.0000 0.0000
82.0000 0.0000
83.0000 0.0000
84.0000 0.0000
85.0000 0.0000
86.0000 0.0000
87.0000 0.0000
88.0000 0.0000
89.0000 0.0000
90.0000 0.0000
91.0000 0.0000
92.0000 0.0000
93.0000 0.0000
94.0000 0.0000
95.0000 0.0000
96.0000 0.0000
97.0000 0.0000
98.0000 0.0000
99.0000 0.0000
100.0000 0.0000
101.0000 0.0000
102.0000 0.0000
103.0000 0.0000
104.0000 0.0000
105.0000 0.0000
106.0000 0.0000
107.0000 0.0000
108.0000 0.0000
109.0000 0.0000
110.0000 0.0000
111.0000 0.0000
112.0000 0.0000
113.0000 0.0000
114.0000 0.0000
115.0000 0.0000
116.0000 0.0000
117.0000 0.0000
118.0000 0.0000
119.0000 0.0000
120.0000 0.0000
121.0000 0.0000
122.0000 0.0000
123.0000 0.0000
124.0000 0.0000
125.0000 0.0000
126.0000 0.0000
127.0000 0.0000
128.0000 0.0000
129.0000 0.0000
130.0000 0.0000
131.0000 0.0000
132.0000 0.0000
133.0000 0.0000
134.0000 0.0000
135.0000 0.0000
136.0000 0.0000
137.0000 0.0000
138.0000 0.0000
139.0000 0.0000
140.0000 0.0000
141.0000 0.0000
142.0000 0.0000
143.0000 0.0000
144.0000 0.0000
145.0000 0.0000
146.0000 0.0000
147.0000 0.0000
148.0000 0.0000
149.0000 0.0000
150.0000 0.0000
151.0000 0.0000
152.0000 0.0000
153.0000 0.0000
154.0000 0.0000
155.0000 0.0000
156.0000 0.0000
157.0000 0.0000
158.0000 0.0000
159.0000 0.0000
160.0000 0.0000
161.0000 0.0000
162.0000 0.0000
163.0000 0.0000
164.0000 0.0000
165.0000 0.0000
166.0000 0.0000
167.0000 0.0000
168.0000 0.0000
169.0000 0.0000
170.0000 0.0000
171.0000 0.0000
172.0000 0.0000
173.0000 0.0000
174.0000 0.0000
175.0000 0.0000
176.0000 0.0000
177.0000 0.0000
178.0000 0.0000
179.0000 0.0000
180.0000 0.0000
181.0000 0.0000
182.0000 0.0000
183.0000 0.0000
184.0000 0.0000
185.0000 0.0000
186.0000 0.0000
187.0000 0.0000
188.0000 0.0000
189.0000 0.0000
190.0000 0.0000
191.0000 0.0000
192.0000 0.0000
193.0000 0.0000
194.0000 0.0000
195.0000 0.0000
196.0000 0.0000
197.0000 0.0000
198.0000 0.0000
199.0000 0.0000
200.0000 0.0000
201.0000 0.0000
202.0000 0.0000
203.0000 0.0000
204.0000 0.0000
205.0000 0.0000
206.0000 0.0000
207.0000 0.0000
208.0000 0.0000
209.0000 0.0000
210.0000 0.0000
211.0000 0.0000
212.0000 0.0000
213.0000 0.0000
214.0000 0.0000
215.0000 0.0000
216.0000 0.0000
217.0000 0.0000
218.0000 0.0000
219.0000 0.0000
220.0000 0.0000
221.0000 0.0000
222.0000 0.0000
223.0000 0.0000
224.0000 0.0000
225.0000 0.0000
226.0000 0.0000
227.0000 0.0000
228.0000 0.0000
229.0000 0.0000
230.0000 0.0000
231.0000 0.0000
232.0000 0.0000
233.0000 0.0000
234.0000 0.0000
235.0000 0.0000
236.0000 0.0000
237.0000 0.0000
238.0000 0.0000
239.0000 0.0000
240.0000 0.0000
241.0000 0.0000
242.0000 0.0000
243.0000 0.0000
244.0000 0.0000
245.0000 0.0000
246.0000 0.0000
247.0000 0.0000
248.0000 0.0000
249.0000 0.0000
250.0000 0.0000
251.0000 0.0000
252.0000 0.0000
253.0000 0.0000
254.0000 0.0000
255.0000 0.0000
256.0000 0.0000
257.0000 0.0000
258.0000 0.0000
259.0000 0.0000
260.0000 0.0200
261.0000 0.0200
262.0000 0.0200
263.0000 0.0200
264.0000 0.0200
265.0000 0.0200
266.0000 0.0200
267.0000 0.0200
268.0000 0.0200
269.0000 0.0200
270.0000 0.0200
271.0000 0.0200
272.0000 0.0200
273.0000 0.0200
274.0000 0.0200
275.0000 0.0200
276.0000 0.0200
277.0000 0.0200
278.0000 0.0200
279.0000 0.0200
280.0000 0.0200
281.0000 0.0200
282.0000 0.0200
283.0000 0.0200
284.0000 0.0200
285.0000 0.0200
286.0000 0.0200
287.0000 0.0200
288.0000 0.0200
289.0000 0.0200
290.0000 0.0200
291.0000 0.0200
292.0000 0.0200
293.0000 0.0200
294.0000 0.0200
295.0000 0.0200
296.0000 0.0200
297.0000 0.0200
298.0000 0.0200
299.0000 0.0200
300.0000 0.0200
301.0000 0.0200
302.0000 0.0200
303.0000 0.0200
304.0000 0.0200
305.0000 0.0200
306.0000 0.0200
307.0000 0.0200
308.0000 0.0200
309.0000 0.0200
310.0000 0.0200
311.0000 0.0200
312.0000 0.0200
313.0000 0.0200
314.0000 0.0200
315.0000 0.0200
316.0000 0.0200
317.0000 0.0200
318.0000 0.0200
319.0000 0.0200
320.0000 0.0200
321.0000 0.0200
322.0000 0.0200
323.0000 0.0200
324.0000 0.0200
325.0000 0.0200
326.0000 0.0200
327.0000 0.0200
328.0000 0.0200
329.0000 0.0200
330.0000 0.0200
331.0000 0.0200
332.0000 0.0200
333.0000 0.0200
334.0000 0.0200
335.0000 0.0200
336.0000 0.0200
337.0000 0.0200
338.0000 0.0200
339.0000 0.0200
340.0000 0.0200
341.0000 0.0200
342.0000 0.0200
343.0000 0.0200
344.0000 0.0200
345.0000 0.0200
346.0000 0.0200
347.0000 0.0200
348.0000 0.0200
349.0000 0.0200
350.0000 0.0200
351.0000 0.0200
352.0000 0.0200
353.0000 0.0200
354.0000 0.0200
355.0000 0.0200
356.0000 0.0200
357.0000 0.0200
358.0000 0.0200
359.0000 0.0200
360.0000 0.0200
361.0000 0.0200
362.0000 0.0200
363.0000 0.0200
364.0000 0.0200
365.0000 0.0200
366.0000 0.0200
367.0000 0.0200
368.0000 0.0200
369.0000 0.0200
370.0000 0.0200
371.0000 0.0200
372.0000 0.0200
373.0000 0.0200
374.0000 0.0200
375.0000 0.0200
376.0000 0.0200
377.0000 0.0200
378.0000 0.0200
379.0000 0.0200
380.0000 0.0200
381.0000 0.0200
382.0000 0.0200
383.0000 0.0200
384.0000 0.0200
385.0000 0.0200
386.0000 0.0200
387.0000 0.0200
388.0000 0.0200
389.0000 0.0200
390.0000 0.0200
391.0000 0.0200
392.0000 0.0200
393.0000 0.0200
394.0000 0.0200
395.0000 0.0200
396.0000 0.0200
397.0000 0.0200
398.0000 0.0200
399.0000 0.0200
400.0000 0.0200
401.0000 0.0200
402.0000 0.0200
403.0000 0.0200
404.0000 0.0200
405.0000 0.0200
406.0000 0.0200
407.0000 0.0200
408.0000 0.0200
409.0000 0.0200
410.0000 0.0200
411.0000 0.0200
412.0000 0.0200
413.0000 0.0200
414.0000 0.0200
415.0000 0.0200
416.0000 0.0200
417.0000 0.0200
418.0000 0.0200
419.0000 0.0200
420.0000 0.0200
421.0000 0.0200
422.0000 0.0200
423.0000 0.0200
424.0000 0.0200
425.0000 0.0200
426.0000 0.0200
427.0000 0.0200
428.0000 0.0200
429.0000 0.0200
430.0000 0.0200
431.0000 0.0200
432.0000 0.0200
433.0000 0.0200
434.0000 0.0200
435.0000 0.0200
436.0000 0.0200
437.0000 0.0200
438.0000 0.0200
439.0000 0.0200
440.0000 0.0200
441.0000 0.0200
442.0000 0.0200
443.0000 0.0200
444.0000 0.0200
445.0000 0.0200
446.0000 0.0200
447.0000 0.0200
448.0000 0.0200
449.0000 0.0200
450.0000 0.0200
451.0000 0.0200
452.0000 0.0200
453.0000 0.0200
454.0000 0.0200
455.0000 0.0200
456.0000 0.0200
457.0000 0.0200
458.0000 0.0200
459.0000 0.0200
460.0000 0.0200
461.0000 0.0200
462.0000 0.0200
463.0000 0.0200
464.0000 0.0200
465.0000 0.0200
466.0000 0.0200
467.0000 0.0200
468.0000 0.0200
469.0000 0.0200
470.0000 0.0200
471.0000 0.0200
472.0000 0.0200
473.0000 0.0200
474.0000 0.0200
475.0000 0.0200
476.0000 0.0200
477.0000 0.0200
478.0000 0.0200
479.0000 0.0200
480.0000 0.0200
481.0000 0.0200
482.0000 0.0200
483.0000 0.0200
484.0000 0.0200
485.0000 0.0200
486.0000 0.0200
487.0000 0.0200
488.0000 0.0200
489.0000 0.0200
490.0000 0.0200
491.0000 0.0200
492.0000 0.0200
493.0000 0.0200
494.0000 0.0200
495.0000 0.0200
496.0000 0.0200
497.0000 0.0200
498.0000 0.0200
499.0000 0.0200
500.0000 0.0200
501.0000 0.0200
502.0000 0.0200
503.0000 0.0200
504.0000 0.0200
505.0000 0.0200
506.0000 0.0200
507.0000 0.0200
508.0000 0.0200
509.0000 0.0200
510.0000 0.0200
511.0000 0.0200
512.0000 0.0200
513.0000 0.0200
514.0000 0.0200
515.0000 0.0200
516.0000 0.0200
517.0000 0.0200
518.0000 0.0200
519.0000 0.0200
520.0000 0.0200
521.0000 0.0200
522.0000 0.0200
523.0000 0.0200
524.0000 0.0200
525.0000 0.0200
526.0000 0.0200
527.0000 0.0200
528.0000 0.0200
529.0000 0.0200
530.0000 0.0200
531.0000 0.0200
532.0000 0.0200
533.0000 0.0200
534.0000 0.0200
535.0000 0.0200
536.0000 0.0200
537.0000 0.0200
538.0000 0.0200
539.0000 0.0200
540.0000 0.0200
541.0000 0.0200
542.0000 0.0200
543.0000 0.0200
544.0000 0.0200
545.0000 0.0200
546.0000 0.0200
547.0000 0.0200
548.0000 0.0200
549.0000 0.0200
550.0000 0.0200
551.0000 0.0200
552.0000 0.0200
553.0000 0.0200
554.0000 0.0200
555.0000 0.0200
556.0000 0.0200
557.0000 0.0200
558.0000 0.0200
559.0000 0.0200
560.0000 0.0400
561.0000 0.0400
562.0000 0.0400
563.0000 0.0400
564.0000 0.0400
565.0000 0.0400
566.0000 0.0400
567.0000 0.0400
568.0000 0.0400
569.0000 0.0400
570.0000 0.0400
571.0000 0.0400
572.0000 0.0400
573.0000 0.0400
574.0000 0.0400
575.0000 0.0400
576.0000 0.0400
577.0000 0.0400
578.0000 0.0400
579.0000 0.0400
580.0000 0.0400
581.0000 0.0400
582.0000 0.0400
583.0000 0.0400
584.0000 0.0400
585.0000 0.0400
586.0000 0.0400
587.0000 0.0400
588.0000 0.0400
589.0000 0.0400
590.0000 0.0400
591.0000 0.0400
592.0000 0.0400
593.0000 0.0400
594.0000 0.0400
595.0000 0.0400
596.0000 0.0400
597.0000 0.0400
598.0000 0.0400
599.0000 0.0400
600.0000 0.0400
601.0000 0.0400
602.0000 0.0400
603.0000 0.0400
604.0000 0.0400
605.0000 0.0400
606.0000 0.0400
607.0000 0.0400
608.0000 0.0400
609.0000 0.0400
610.0000 0.0400
611.0000 0.0400
612.0000 0.0400
613.0000 0.0400
614.0000 0.0400
615.0000 0.0400
616.0000 0.0400
617.0000 0.0400
618.0000 0.0400
619.0000 0.0400
620.0000 0.0400
621.0000 0.0400
622.0000 0.0400
623.0000 0.0400
624.0000 0.0400
625.0000 0.0400
626.0000 0.0400
627.0000 0.0400
628.0000 0.0400
629.0000 0.0400
630.0000 0.0400
631.0000 0.0400
632.0000 0.0400
633.0000 0.0400
634.0000 0.0400
635.0000 0.0400
636.0000 0.0400
637.0000 0.0400
638.0000 0.0400
639.0000 0.0400
640.0000 0.0400
641.0000 0.0400
642.0000 0.0400
643.0000 0.0400
644.0000 0.0400
645.0000 0.0400
646.0000 0.0400
647.0000 0.0400
648.0000 0.0400
649.0000 0.0400
650.0000 0.0400
651.0000 0.0400
652.0000 0.0400
653.0000 0.0400
654.0000 0.0400
655.0000 0.0400
656.0000 0.0400
657.0000 0.0400
658.0000 0.0400
659.0000 0.0400
660.0000 0.0400
661.0000 0.0400
662.0000 0.0400
663.0000 0.0400
664.0000 0.0400
665.0000 0.0400
666.0000 0.0400
667.0000 0.0400
668.0000 0.0400
669.0000 0.0400
670.0000 0.0400
671.0000 0.0400
672.0000 0.0400
673.0000 0.0400
674.0000 0.0400
675.0000 0.0400
676.0000 0.0400
677.0000 0.0400
678.0000 0.0400
679.0000 0.0400
680.0000 0.0400
681.0000 0.0400
682.0000 0.0400
683.0000 0.0400
684.0000 0.0400
685.0000 0.0400
686.0000 0.0400
687.0000 0.0400
688.0000 0.0400
689.0000 0.0400
690.0000 0.0400
691.0000 0.0400
692.0000 0.0400
693.0000 0.0400
694.0000 0.0400
695.0000 0.0400
696.0000 0.0400
697.0000 0.0400
698.0000 0.0400
699.0000 0.0400
700.0000 0.0400
701.0000 0.0400
702.0000 0.0400
703.0000 0.0400
704.0000 0.0400
705.0000 0.0400
706.0000 0.0400
707.0000 0.0400
708.0000 0.0400
709.0000 0.0400
710.0000 0.0400
711.0000 0.0400
712.0000 0.0400
713.0000 0.0400
714.0000 0.0400
715.0000 0.0400
716.0000 0.0400
717.0000 0.0400
718.0000 0.0400
719.0000 0.0400
720.0000 0.0400
721.0000 0.0400
722.0000 0.0400
723.0000 0.0400
724.0000 0.0400
725.0000 0.0400
726.0000 0.0400
727.0000 0.0400
728.0000 0.0400
729.0000 0.0400
730.0000 0.0400
731.0000 0.0400
732.0000 0.0400
733.0000 0.0400
734.0000 0.0400
735.0000 0.0400
736.0000 0.0400
737.0000 0.0400
738.0000 0.0400
739.0000 0.0400
740.0000 0.0400
741.0000 0.0400
742.0000 0.0400
743.0000 0.0400
744.0000 0.0400
745.0000 0.0400
746.0000 0.0400
747.0000 0.0400
748.0000 0.0400
749.0000 0.0400
750.0000 0.0400
751.0000 0.0400
752.0000 0.0400
753.0000 0.0400
754.0000 0.0400
755.0000 0.0400
756.0000 0.0400
757.0000 0.0400
758.0000 0.0400
759.0000 0.0400
760.0000 0.0400
761.0000 0.0400
762.0000 0.0400
763.0000 0.0400
764.0000 0.0400
765.0000 0.0400
766.0000 0.0400
767.0000 0.0400
768.0000 0.0400
769.0000 0.0400
770.0000 0.0400
771.0000 0.0400
772.0000 0.0400
773.0000 0.0400
774.0000 0.0400
775.0000 0.0400
776.0000 0.0400
777.0000 0.0400
778.0000 0.0400
779.0000 0.0400
780.0000 0.0400
781.0000 0.0400
782.0000 0.0400
783.0000 0.0400
784.0000 0.0400
785.0000 0.0400
786.0000 0.0400
787.0000 0.0400
788.0000 0.0400
789.0000 0.0400
790.0000 0.0400
791.0000 0.0400
792.0000 0.0400
793.0000 0.0400
794.0000 0.0400
795.0000 0.0400
796.0000 0.0400
797.0000 0.0400
798.0000 0.0400
799.0000 0.0400
800.0000 0.0400
801.0000 0.0400
802.0000 0.0400
803.0000 0.0400
804.0000 0.0400
805.0000 0.0400
806.0000 0.0400
807.0000 0.0400
808.0000 0.0400
809.0000 0.0400
810.0000 0.0400
811.0000 0.0400
812.0000 0.0400
813.0000 0.0400
814.0000 0.0400
815.0000 0.0400
816.0000 0.0400
817.0000 0.0400
818.0000 0.0400
819.0000 0.0400
820.0000 0.0400
821.0000 0.0400
822.0000 0.0400
823.0000 0.0400
824.0000 0.0400
825.0000 0.0400
826.0000 0.0400
827.0000 0.0400
828.0000 0.0400
829.0000 0.0400
830.0000 0.0400
831.0000 0.0400
832.0000 0.0400
833.0000 0.0400
834.0000 0.0400
835.0000 0.0400
836.0000 0.0400
837.0000 0.0400
838.0000 0.0400
839.0000 0.0400
840.0000 0.0400
841.0000 0.0400
842.0000 0.0400
843.0000 0.0400
844.0000 0.0400
845.0000 0.0400
846.0000 0.0400
847.0000 0.0400
848.0000 0.0400
849.0000 0.0400
850.0000 0.0400
851.0000 0.0400
852.0000 0.0400
853.0000 0.0400
854.0000 0.0400
855.0000 0.0400
856.0000 0.0400
857.0000 0.0400
858.0000 0.0400
859.0000 0.0400
860.0000 0.0400
