1.0000 0.0000
2.0000 0.0000
3.0000 0.0000
4.0000 0.0000
5.0000 0.0000
6.0000 0.0000
7.0000 0.0000
8.0000 0.0000
9.0000 0.0000
10.0000 0.0525
11.0000 -0.0216
12.0000 -0.0989
13.0000 -0.1339
14.0000 -0.1241
15.0000 -0.0846
16.0000 -0.0322
17.0000 0.0198
18.0000 0.0636
19.0000 0.0962
20.0000 0.1176
21.0000 0.1295
22.0000 0.1339
23.0000 0.1335
24.0000 0.1302
25.0000 0.1252
26.0000 0.1194
27.0000 0.1135
28.0000 0.1078
29.0000 0.1025
30.0000 0.0977
31.0000 0.0933
32.0000 0.0894
33.0000 0.0861
34.0000 0.0836
35.0000 0.0814
36.0000 0.0794
37.0000 0.0777
38.0000 0.0762
39.0000 0.0749
40.0000 0.0740
41.0000 0.0732
42.0000 0.0727
43.0000 0.0723
44.0000 0.0717
45.0000 0.0713
46.0000 0.0707
47.0000 0.0702
48.0000 0.0697
49.0000 0.0692
50.0000 0.0688
51.0000 0.0685
52.0000 0.0683
53.0000 0.0683
54.0000 0.0680
55.0000 0.0678
56.0000 0.0675
57.0000 0.0673
58.0000 0.0672
59.0000 0.0671
60.0000 0.0668
61.0000 0.0666
62.0000 0.0665
63.0000 0.0665
64.0000 0.0664
65.0000 0.0663
66.0000 0.0662
67.0000 0.0662
68.0000 0.0663
69.0000 0.0665
70.0000 0.0666
71.0000 0.0664
72.0000 0.0664
73.0000 0.0663
74.0000 0.0664
75.0000 0.0662
76.0000 0.0661
77.0000 0.0662
78.0000 0.0658
79.0000 0.0656
80.0000 0.0656
81.0000 0.0655
82.0000 0.0656
83.0000 0.0657
84.0000 0.0658
85.0000 0.0656
86.0000 0.0656
87.0000 0.0656
88.0000 0.0657
89.0000 0.0657
90.0000 0.0657
91.0000 0.0659
92.0000 0.0660
93.0000 0.0658
94.0000 0.0655
95.0000 0.0655
96.0000 0.0656
97.0000 0.0657
98.0000 0.0659
99.0000 0.0659
100.0000 0.0657
101.0000 0.0657
102.0000 0.0656
103.0000 0.0657
104.0000 0.0657
105.0000 0.0658
106.0000 0.0659
107.0000 0.0657
108.0000 0.0655
109.0000 0.0655
110.0000 0.0654
111.0000 0.0654
112.0000 0.0655
113.0000 0.0655
114.0000 0.0657
115.0000 0.0657
116.0000 0.0657
117.0000 0.0659
118.0000 0.0658
119.0000 0.0657
120.0000 0.0656
121.0000 0.0655
122.0000 0.0654
123.0000 0.0652
124.0000 0.0653
125.0000 0.0656
126.0000 0.0657
127.0000 0.0659
128.0000 0.0660
129.0000 0.0659
130.0000 0.0657
131.0000 0.0656
132.0000 0.0656
133.0000 0.0656
134.0000 0.0659
135.0000 0.0661
136.0000 0.0661
137.0000 0.0660
138.0000 0.0657
139.0000 0.0657
140.0000 0.0656
141.0000 0.0657
142.0000 0.0656
143.0000 0.0652
144.0000 0.0650
145.0000 0.0648
146.0000 0.0649
147.0000 0.0653
148.0000 0.0654
149.0000 0.0656
150.0000 0.0656
151.0000 0.0656
152.0000 0.0657
153.0000 0.0656
154.0000 0.0656
155.0000 0.0657
156.0000 0.0658
157.0000 0.0658
158.0000 0.0657
159.0000 0.0657
160.0000 0.0658
161.0000 0.0656
162.0000 0.0655
163.0000 0.0655
164.0000 0.0656
165.0000 0.0657
166.0000 0.0658
167.0000 0.0657
168.0000 0.0655
169.0000 0.0654
170.0000 0.0654
171.0000 0.0655
172.0000 0.0656
173.0000 0.0658
174.0000 0.0658
175.0000 0.0659
176.0000 0.0657
177.0000 0.0655
178.0000 0.0654
179.0000 0.0654
180.0000 0.0654
181.0000 0.0655
182.0000 0.0656
183.0000 0.0657
184.0000 0.0658
185.0000 0.0658
186.0000 0.0658
187.0000 0.0658
188.0000 0.0657
189.0000 0.0657
190.0000 0.0657
191.0000 0.0657
192.0000 0.0657
193.0000 0.0657
194.0000 0.0657
195.0000 0.0654
196.0000 0.0652
197.0000 0.0651
198.0000 0.0651
199.0000 0.0652
200.0000 0.0653
201.0000 0.0655
202.0000 0.0656
203.0000 0.0656
204.0000 0.0657
205.0000 0.0657
206.0000 0.0657
207.0000 0.0657
208.0000 0.0657
209.0000 0.0657
210.0000 0.0657
211.0000 0.0657
212.0000 0.0657
213.0000 0.0657
214.0000 0.0657
215.0000 0.0657
216.0000 0.0657
217.0000 0.0657
218.0000 0.0656
219.0000 0.0656
220.0000 0.0656
221.0000 0.0656
222.0000 0.0656
223.0000 0.0656
224.0000 0.0656
225.0000 0.0656
226.0000 0.0656
227.0000 0.0656
228.0000 0.0656
229.0000 0.0656
230.0000 0.0656
231.0000 0.0656
232.0000 0.0656
233.0000 0.0656
234.0000 0.0656
235.0000 0.0656
236.0000 0.0656
237.0000 0.0656
238.0000 0.0656
239.0000 0.0656
240.0000 0.0656
241.0000 0.0656
242.0000 0.0656
243.0000 0.0656
244.0000 0.0656
245.0000 0.0656
246.0000 0.0656
247.0000 0.0656
248.0000 0.0656
249.0000 0.0656
250.0000 0.0656
251.0000 0.0656
252.0000 0.0656
253.0000 0.0656
254.0000 0.0656
255.0000 0.0656
256.0000 0.0656
257.0000 0.0656
258.0000 0.0656
259.0000 0.0656
260.0000 -0.0017
261.0000 -0.1572
262.0000 -0.3969
263.0000 -0.7054
264.0000 -1.0638
265.0000 -1.4531
266.0000 -1.8566
267.0000 -2.2603
268.0000 -2.6529
269.0000 -3.0260
270.0000 -3.3737
271.0000 -3.6921
272.0000 -3.9794
273.0000 -4.2350
274.0000 -4.4596
275.0000 -4.6549
276.0000 -4.8228
277.0000 -4.9659
278.0000 -5.0867
279.0000 -5.1880
280.0000 -5.2722
281.0000 -5.3417
282.0000 -5.3988
283.0000 -5.4453
284.0000 -5.4831
285.0000 -5.5135
286.0000 -5.5380
287.0000 -5.5575
288.0000 -5.5730
289.0000 -5.5853
290.0000 -5.5949
291.0000 -5.6024
292.0000 -5.6082
293.0000 -5.6127
294.0000 -5.6161
295.0000 -5.6187
296.0000 -5.6206
297.0000 -5.6219
298.0000 -5.6229
299.0000 -5.6235
300.0000 -5.6239
301.0000 -5.6241
302.0000 -5.6241
303.0000 -5.6240
304.0000 -5.6238
305.0000 -5.6236
306.0000 -5.6233
307.0000 -5.6229
308.0000 -5.6226
309.0000 -5.6222
310.0000 -5.6218
311.0000 -5.6214
312.0000 -5.6210
313.0000 -5.6206
314.0000 -5.6202
315.0000 -5.6198
316.0000 -5.6195
317.0000 -5.6191
318.0000 -5.6188
319.0000 -5.6185
320.0000 -5.6183
321.0000 -5.6181
322.0000 -5.6179
323.0000 -5.6178
324.0000 -5.6176
325.0000 -5.6175
326.0000 -5.6173
327.0000 -5.6172
328.0000 -5.6170
329.0000 -5.6168
330.0000 -5.6166
331.0000 -5.6165
332.0000 -5.6163
333.0000 -5.6162
334.0000 -5.6161
335.0000 -5.6161
336.0000 -5.6160
337.0000 -5.6160
338.0000 -5.6159
339.0000 -5.6159
340.0000 -5.6158
341.0000 -5.6158
342.0000 -5.6158
343.0000 -5.6157
344.0000 -5.6157
345.0000 -5.6156
346.0000 -5.6156
347.0000 -5.6155
348.0000 -5.6155
349.0000 -5.6155
350.0000 -5.6154
351.0000 -5.6154
352.0000 -5.6154
353.0000 -5.6154
354.0000 -5.6153
355.0000 -5.6153
356.0000 -5.6153
357.0000 -5.6153
358.0000 -5.6153
359.0000 -5.6153
360.0000 -5.6153
361.0000 -5.6153
362.0000 -5.6153
363.0000 -5.6153
364.0000 -5.6154
365.0000 -5.6154
366.0000 -5.6154
367.0000 -5.6154
368.0000 -5.6154
369.0000 -5.6155
370.0000 -5.6155
371.0000 -5.6155
372.0000 -5.6154
373.0000 -5.6154
374.0000 -5.6154
375.0000 -5.6153
376.0000 -5.6153
377.0000 -5.6152
378.0000 -5.6151
379.0000 -5.6151
380.0000 -5.6150
381.0000 -5.6150
382.0000 -5.6149
383.0000 -5.6149
384.0000 -5.6148
385.0000 -5.6148
386.0000 -5.6148
387.0000 -5.6148
388.0000 -5.6148
389.0000 -5.6148
390.0000 -5.6148
391.0000 -5.6148
392.0000 -5.6148
393.0000 -5.6148
394.0000 -5.6148
395.0000 -5.6147
396.0000 -5.6147
397.0000 -5.6147
398.0000 -5.6147
399.0000 -5.6147
400.0000 -5.6148
401.0000 -5.6148
402.0000 -5.6148
403.0000 -5.6149
404.0000 -5.6149
405.0000 -5.6149
406.0000 -5.6150
407.0000 -5.6150
408.0000 -5.6150
409.0000 -5.6150
410.0000 -5.5502
411.0000 -5.3954
412.0000 -5.1503
413.0000 -4.8292
414.0000 -4.4525
415.0000 -4.0420
416.0000 -3.6175
417.0000 -3.1958
418.0000 -2.7902
419.0000 -2.4101
420.0000 -2.0619
421.0000 -1.7492
422.0000 -1.4733
423.0000 -1.2341
424.0000 -1.0300
425.0000 -0.8587
426.0000 -0.7173
427.0000 -0.6028
428.0000 -0.5118
429.0000 -0.4414
430.0000 -0.3884
431.0000 -0.3503
432.0000 -0.3244
433.0000 -0.3087
434.0000 -0.3012
435.0000 -0.3003
436.0000 -0.3046
437.0000 -0.3129
438.0000 -0.3242
439.0000 -0.3378
440.0000 -0.3530
441.0000 -0.3693
442.0000 -0.3863
443.0000 -0.4036
444.0000 -0.4209
445.0000 -0.4382
446.0000 -0.4551
447.0000 -0.4716
448.0000 -0.4876
449.0000 -0.5030
450.0000 -0.5179
451.0000 -0.5321
452.0000 -0.5457
453.0000 -0.5587
454.0000 -0.5710
455.0000 -0.5827
456.0000 -0.5938
457.0000 -0.6044
458.0000 -0.6143
459.0000 -0.6238
460.0000 -0.6327
461.0000 -0.6410
462.0000 -0.6489
463.0000 -0.6564
464.0000 -0.6633
465.0000 -0.6698
466.0000 -0.6760
467.0000 -0.6817
468.0000 -0.6870
469.0000 -0.6920
470.0000 -0.6968
471.0000 -0.7012
472.0000 -0.7053
473.0000 -0.7092
474.0000 -0.7128
475.0000 -0.7163
476.0000 -0.7195
477.0000 -0.7226
478.0000 -0.7255
479.0000 -0.7282
480.0000 -0.7307
481.0000 -0.7331
482.0000 -0.7353
483.0000 -0.7373
484.0000 -0.7392
485.0000 -0.7410
486.0000 -0.7427
487.0000 -0.7442
488.0000 -0.7457
489.0000 -0.7470
490.0000 -0.7483
491.0000 -0.7495
492.0000 -0.7507
493.0000 -0.7518
494.0000 -0.7528
495.0000 -0.7538
496.0000 -0.7547
497.0000 -0.7556
498.0000 -0.7564
499.0000 -0.7571
500.0000 -0.7579
501.0000 -0.7586
502.0000 -0.7592
503.0000 -0.7598
504.0000 -0.7604
505.0000 -0.7609
506.0000 -0.7614
507.0000 -0.7619
508.0000 -0.7623
509.0000 -0.7627
510.0000 -0.7631
511.0000 -0.7634
512.0000 -0.7637
513.0000 -0.7640
514.0000 -0.7642
515.0000 -0.7645
516.0000 -0.7647
517.0000 -0.7649
518.0000 -0.7652
519.0000 -0.7654
520.0000 -0.7656
521.0000 -0.7658
522.0000 -0.7660
523.0000 -0.7662
524.0000 -0.7663
525.0000 -0.7665
526.0000 -0.7667
527.0000 -0.7669
528.0000 -0.7671
529.0000 -0.7672
530.0000 -0.7674
531.0000 -0.7676
532.0000 -0.7678
533.0000 -0.7680
534.0000 -0.7681
535.0000 -0.7683
536.0000 -0.7684
537.0000 -0.7686
538.0000 -0.7687
539.0000 -0.7688
540.0000 -0.7689
541.0000 -0.7690
542.0000 -0.7691
543.0000 -0.7692
544.0000 -0.7692
545.0000 -0.7692
546.0000 -0.7692
547.0000 -0.7691
548.0000 -0.7691
549.0000 -0.7690
550.0000 -0.7689
551.0000 -0.7689
552.0000 -0.7688
553.0000 -0.7688
554.0000 -0.7687
555.0000 -0.7687
556.0000 -0.7687
557.0000 -0.7687
558.0000 -0.7688
559.0000 -0.7688
560.0000 -0.8362
561.0000 -0.9918
562.0000 -1.2315
563.0000 -1.5402
564.0000 -1.8986
565.0000 -2.2880
566.0000 -2.6916
567.0000 -3.0953
568.0000 -3.4879
569.0000 -3.8611
570.0000 -4.2087
571.0000 -4.5272
572.0000 -4.8144
573.0000 -5.0700
574.0000 -5.2947
575.0000 -5.4899
576.0000 -5.6578
577.0000 -5.8009
578.0000 -5.9218
579.0000 -6.0230
580.0000 -6.1072
581.0000 -6.1768
582.0000 -6.2338
583.0000 -6.2804
584.0000 -6.3181
585.0000 -6.3486
586.0000 -6.3731
587.0000 -6.3926
588.0000 -6.4081
589.0000 -6.4204
590.0000 -6.4300
591.0000 -6.4375
592.0000 -6.4433
593.0000 -6.4478
594.0000 -6.4512
595.0000 -6.4537
596.0000 -6.4556
597.0000 -6.4569
598.0000 -6.4578
599.0000 -6.4584
600.0000 -6.4586
601.0000 -6.4587
602.0000 -6.4586
603.0000 -6.4584
604.0000 -6.4581
605.0000 -6.4578
606.0000 -6.4574
607.0000 -6.4570
608.0000 -6.4566
609.0000 -6.4561
610.0000 -6.4557
611.0000 -6.4553
612.0000 -6.4548
613.0000 -6.4544
614.0000 -6.4540
615.0000 -6.4537
616.0000 -6.4534
617.0000 -6.4531
618.0000 -6.4528
619.0000 -6.4526
620.0000 -6.4525
621.0000 -6.4524
622.0000 -6.4523
623.0000 -6.4522
624.0000 -6.4521
625.0000 -6.4521
626.0000 -6.4520
627.0000 -6.4519
628.0000 -6.4518
629.0000 -6.4516
630.0000 -6.4515
631.0000 -6.4514
632.0000 -6.4513
633.0000 -6.4512
634.0000 -6.4511
635.0000 -6.4510
636.0000 -6.4510
637.0000 -6.4510
638.0000 -6.4509
639.0000 -6.4509
640.0000 -6.4508
641.0000 -6.4508
642.0000 -6.4508
643.0000 -6.4507
644.0000 -6.4507
645.0000 -6.4506
646.0000 -6.4506
647.0000 -6.4505
648.0000 -6.4505
649.0000 -6.4505
650.0000 -6.4504
651.0000 -6.4504
652.0000 -6.4504
653.0000 -6.4503
654.0000 -6.4503
655.0000 -6.4503
656.0000 -6.4503
657.0000 -6.4503
658.0000 -6.4503
659.0000 -6.4503
660.0000 -6.4503
661.0000 -6.4503
662.0000 -6.4503
663.0000 -6.4503
664.0000 -6.4503
665.0000 -6.4503
666.0000 -6.4504
667.0000 -6.4504
668.0000 -6.4504
669.0000 -6.4504
670.0000 -6.4504
671.0000 -6.4504
672.0000 -6.4504
673.0000 -6.4504
674.0000 -6.4503
675.0000 -6.4503
676.0000 -6.4502
677.0000 -6.4501
678.0000 -6.4501
679.0000 -6.4500
680.0000 -6.4500
681.0000 -6.4499
682.0000 -6.4499
683.0000 -6.4498
684.0000 -6.4498
685.0000 -6.4498
686.0000 -6.4497
687.0000 -6.4497
688.0000 -6.4497
689.0000 -6.4497
690.0000 -6.4497
691.0000 -6.4497
692.0000 -6.4497
693.0000 -6.4497
694.0000 -6.4497
695.0000 -6.4497
696.0000 -6.4496
697.0000 -6.4496
698.0000 -6.4497
699.0000 -6.4497
700.0000 -6.4497
701.0000 -6.4497
702.0000 -6.4498
703.0000 -6.4498
704.0000 -6.4499
705.0000 -6.4499
706.0000 -6.4499
707.0000 -6.4499
708.0000 -6.4499
709.0000 -6.4499
710.0000 -6.3852
711.0000 -6.2303
712.0000 -5.9853
713.0000 -5.6642
714.0000 -5.2875
715.0000 -4.8769
716.0000 -4.4524
717.0000 -4.0308
718.0000 -3.6252
719.0000 -3.2451
720.0000 -2.8969
721.0000 -2.5841
722.0000 -2.3083
723.0000 -2.0690
724.0000 -1.8649
725.0000 -1.6936
726.0000 -1.5523
727.0000 -1.4377
728.0000 -1.3468
729.0000 -1.2763
730.0000 -1.2234
731.0000 -1.1852
732.0000 -1.1594
733.0000 -1.1437
734.0000 -1.1362
735.0000 -1.1352
736.0000 -1.1395
737.0000 -1.1478
738.0000 -1.1591
739.0000 -1.1727
740.0000 -1.1880
741.0000 -1.2043
742.0000 -1.2212
743.0000 -1.2385
744.0000 -1.2559
745.0000 -1.2731
746.0000 -1.2900
747.0000 -1.3065
748.0000 -1.3225
749.0000 -1.3380
750.0000 -1.3528
751.0000 -1.3670
752.0000 -1.3806
753.0000 -1.3936
754.0000 -1.4059
755.0000 -1.4177
756.0000 -1.4288
757.0000 -1.4393
758.0000 -1.4493
759.0000 -1.4587
760.0000 -1.4676
761.0000 -1.4760
762.0000 -1.4839
763.0000 -1.4913
764.0000 -1.4983
765.0000 -1.5048
766.0000 -1.5109
767.0000 -1.5166
768.0000 -1.5220
769.0000 -1.5270
770.0000 -1.5317
771.0000 -1.5361
772.0000 -1.5402
773.0000 -1.5441
774.0000 -1.5478
775.0000 -1.5512
776.0000 -1.5544
777.0000 -1.5575
778.0000 -1.5604
779.0000 -1.5631
780.0000 -1.5656
781.0000 -1.5680
782.0000 -1.5702
783.0000 -1.5723
784.0000 -1.5742
785.0000 -1.5760
786.0000 -1.5776
787.0000 -1.5791
788.0000 -1.5806
789.0000 -1.5820
790.0000 -1.5833
791.0000 -1.5845
792.0000 -1.5856
793.0000 -1.5867
794.0000 -1.5878
795.0000 -1.5887
796.0000 -1.5896
797.0000 -1.5905
798.0000 -1.5913
799.0000 -1.5921
800.0000 -1.5928
801.0000 -1.5935
802.0000 -1.5941
803.0000 -1.5947
804.0000 -1.5953
805.0000 -1.5959
806.0000 -1.5964
807.0000 -1.5968
808.0000 -1.5973
809.0000 -1.5977
810.0000 -1.5980
811.0000 -1.5984
812.0000 -1.5987
813.0000 -1.5989
814.0000 -1.5992
815.0000 -1.5994
816.0000 -1.5996
817.0000 -1.5999
818.0000 -1.6001
819.0000 -1.6003
820.0000 -1.6005
821.0000 -1.6007
822.0000 -1.6009
823.0000 -1.6011
824.0000 -1.6013
825.0000 -1.6014
826.0000 -1.6016
827.0000 -1.6018
828.0000 -1.6020
829.0000 -1.6022
830.0000 -1.6024
831.0000 -1.6026
832.0000 -1.6027
833.0000 -1.6029
834.0000 -1.6031
835.0000 -1.6032
836.0000 -1.6034
837.0000 -1.6035
838.0000 -1.6036
839.0000 -1.6038
840.0000 -1.6039
841.0000 -1.6040
842.0000 -1.6041
843.0000 -1.6041
844.0000 -1.6041
845.0000 -1.6041
846.0000 -1.6041
847.0000 -1.6041
848.0000 -1.6040
849.0000 -1.6039
850.0000 -1.6039
851.0000 -1.6038
852.0000 -1.6037
853.0000 -1.6037
854.0000 -1.6037
855.0000 -1.6036
856.0000 -1.6036
857.0000 -1.6037
858.0000 -1.6037
859.0000 -1.6037
860.0000 -1.6038
