1.0000 0.0000
2.0000 0.0000
3.0000 0.0000
4.0000 0.0000
5.0000 0.0000
6.0000 0.0000
7.0000 0.0000
8.0000 0.0000
9.0000 0.0000
10.0000 0.0000
11.0000 0.0000
12.0000 0.2829
13.0000 0.6223
14.0000 0.9091
15.0000 1.1121
16.0000 1.2248
17.0000 1.2671
18.0000 1.2648
19.0000 1.2400
20.0000 1.2076
21.0000 1.1759
22.0000 1.1487
23.0000 1.1267
24.0000 1.1094
25.0000 1.0957
26.0000 1.0846
27.0000 1.0754
28.0000 1.0674
29.0000 1.0604
30.0000 1.0543
31.0000 1.0488
32.0000 1.0440
33.0000 1.0397
34.0000 1.0359
35.0000 1.0325
36.0000 1.0294
37.0000 1.0267
38.0000 1.0242
39.0000 1.0220
40.0000 1.0201
41.0000 1.0183
42.0000 1.0167
43.0000 1.0152
44.0000 1.0139
45.0000 1.0127
46.0000 1.0116
47.0000 1.0106
48.0000 1.0097
49.0000 1.0088
50.0000 1.0081
51.0000 1.0075
52.0000 1.0069
53.0000 1.0063
54.0000 1.0058
55.0000 1.0053
56.0000 1.0048
57.0000 1.0044
58.0000 1.0040
59.0000 1.0037
60.0000 1.0034
61.0000 1.0031
62.0000 1.0029
63.0000 1.0026
64.0000 1.0024
65.0000 1.0022
66.0000 1.0020
67.0000 1.0018
68.0000 1.0017
69.0000 1.0015
70.0000 1.0014
71.0000 1.0013
72.0000 1.0012
73.0000 1.0011
74.0000 1.0010
75.0000 1.0009
76.0000 1.0008
77.0000 1.0007
78.0000 1.0007
79.0000 1.0006
80.0000 1.0006
81.0000 1.0006
82.0000 1.0006
83.0000 1.0005
84.0000 1.0004
85.0000 1.0004
86.0000 1.0004
87.0000 1.0004
88.0000 1.0003
89.0000 1.0003
90.0000 1.0003
91.0000 1.0003
92.0000 1.0002
93.0000 1.0002
94.0000 1.0002
95.0000 1.0001
96.0000 1.0001
97.0000 1.0001
98.0000 1.0001
99.0000 1.0001
100.0000 1.0001
101.0000 1.0001
102.0000 1.0000
103.0000 1.0000
104.0000 1.0000
105.0000 1.0000
106.0000 1.0001
107.0000 1.0001
108.0000 1.0001
109.0000 1.0001
110.0000 1.0000
111.0000 1.0000
112.0000 1.0000
113.0000 1.0000
114.0000 1.0000
115.0000 1.0001
116.0000 1.0001
117.0000 1.0001
118.0000 1.0001
119.0000 1.0001
120.0000 1.0001
121.0000 1.0000
122.0000 0.9999
123.0000 0.9999
124.0000 0.9999
125.0000 1.0000
126.0000 1.0000
127.0000 1.0000
128.0000 1.0000
129.0000 0.9999
130.0000 0.9999
131.0000 0.9999
132.0000 1.0000
133.0000 1.0000
134.0000 1.0001
135.0000 1.0001
136.0000 1.0000
137.0000 1.0000
138.0000 1.0000
139.0000 1.0000
140.0000 1.0000
141.0000 1.0001
142.0000 1.0001
143.0000 1.0001
144.0000 1.0001
145.0000 1.0001
146.0000 1.0001
147.0000 1.0001
148.0000 1.0001
149.0000 1.0000
150.0000 1.0000
151.0000 0.9999
152.0000 1.0000
153.0000 1.0000
154.0000 1.0000
155.0000 1.0000
156.0000 1.0000
157.0000 1.0000
158.0000 1.0000
159.0000 1.0000
160.0000 1.0000
161.0000 1.0000
162.0000 1.0000
163.0000 1.0000
164.0000 1.0000
165.0000 1.0000
166.0000 1.0000
167.0000 1.0000
168.0000 1.0000
169.0000 1.0000
170.0000 1.0000
171.0000 1.0000
172.0000 1.0000
173.0000 1.0000
174.0000 1.0000
175.0000 1.0000
176.0000 0.9999
177.0000 0.9999
178.0000 0.9999
179.0000 1.0000
180.0000 1.0000
181.0000 1.0001
182.0000 1.0001
183.0000 1.0001
184.0000 1.0000
185.0000 1.0000
186.0000 1.0000
187.0000 1.0000
188.0000 1.0000
189.0000 1.0000
190.0000 0.9999
191.0000 0.9999
192.0000 0.9999
193.0000 0.9999
194.0000 0.9999
195.0000 0.9999
196.0000 0.9999
197.0000 1.0000
198.0000 1.0000
199.0000 1.0001
200.0000 1.0001
201.0000 1.0001
202.0000 1.0001
203.0000 1.0001
204.0000 1.0000
205.0000 1.0000
206.0000 1.0000
207.0000 1.0000
208.0000 1.0000
209.0000 1.0000
210.0000 1.0000
211.0000 1.0000
212.0000 1.0000
213.0000 1.0000
214.0000 1.0000
215.0000 1.0000
216.0000 1.0000
217.0000 1.0000
218.0000 1.0000
219.0000 1.0000
220.0000 1.0000
221.0000 1.0000
222.0000 1.0000
223.0000 1.0000
224.0000 1.0000
225.0000 1.0000
226.0000 1.0000
227.0000 1.0000
228.0000 1.0000
229.0000 1.0000
230.0000 1.0000
231.0000 1.0000
232.0000 1.0000
233.0000 1.0000
234.0000 1.0000
235.0000 1.0000
236.0000 1.0000
237.0000 1.0000
238.0000 1.0000
239.0000 1.0000
240.0000 1.0000
241.0000 1.0000
242.0000 1.0000
243.0000 1.0000
244.0000 1.0000
245.0000 1.0000
246.0000 1.0000
247.0000 1.0000
248.0000 1.0000
249.0000 1.0000
250.0000 1.0000
251.0000 1.0000
252.0000 1.0000
253.0000 1.0000
254.0000 1.0000
255.0000 1.0000
256.0000 1.0000
257.0000 1.0000
258.0000 1.0000
259.0000 1.0000
260.0000 1.0500
261.0000 1.1411
262.0000 1.2594
263.0000 1.3930
264.0000 1.5348
265.0000 1.6769
266.0000 1.8135
267.0000 1.9413
268.0000 2.0589
269.0000 2.1662
270.0000 2.2633
271.0000 2.3507
272.0000 2.4286
273.0000 2.4971
274.0000 2.5564
275.0000 2.6064
276.0000 2.6472
277.0000 2.6792
278.0000 2.7025
279.0000 2.7176
280.0000 2.7249
281.0000 2.7251
282.0000 2.7186
283.0000 2.7062
284.0000 2.6885
285.0000 2.6660
286.0000 2.6395
287.0000 2.6094
288.0000 2.5764
289.0000 2.5408
290.0000 2.5033
291.0000 2.4641
292.0000 2.4237
293.0000 2.3825
294.0000 2.3407
295.0000 2.2986
296.0000 2.2565
297.0000 2.2145
298.0000 2.1728
299.0000 2.1316
300.0000 2.0910
301.0000 2.0511
302.0000 2.0120
303.0000 1.9737
304.0000 1.9364
305.0000 1.9000
306.0000 1.8647
307.0000 1.8303
308.0000 1.7971
309.0000 1.7648
310.0000 1.7336
311.0000 1.7035
312.0000 1.6744
313.0000 1.6464
314.0000 1.6193
315.0000 1.5933
316.0000 1.5682
317.0000 1.5440
318.0000 1.5208
319.0000 1.4986
320.0000 1.4771
321.0000 1.4566
322.0000 1.4369
323.0000 1.4179
324.0000 1.3998
325.0000 1.3824
326.0000 1.3657
327.0000 1.3497
328.0000 1.3344
329.0000 1.3197
330.0000 1.3057
331.0000 1.2922
332.0000 1.2793
333.0000 1.2670
334.0000 1.2552
335.0000 1.2439
336.0000 1.2331
337.0000 1.2228
338.0000 1.2129
339.0000 1.2034
340.0000 1.1944
341.0000 1.1857
342.0000 1.1775
343.0000 1.1696
344.0000 1.1620
345.0000 1.1548
346.0000 1.1479
347.0000 1.1413
348.0000 1.1350
349.0000 1.1289
350.0000 1.1232
351.0000 1.1177
352.0000 1.1124
353.0000 1.1074
354.0000 1.1026
355.0000 1.0980
356.0000 1.0936
357.0000 1.0894
358.0000 1.0854
359.0000 1.0815
360.0000 1.0779
361.0000 1.0744
362.0000 1.0711
363.0000 1.0679
364.0000 1.0648
365.0000 1.0619
366.0000 1.0592
367.0000 1.0565
368.0000 1.0540
369.0000 1.0515
370.0000 1.0492
371.0000 1.0470
372.0000 1.0449
373.0000 1.0429
374.0000 1.0410
375.0000 1.0392
376.0000 1.0375
377.0000 1.0358
378.0000 1.0342
379.0000 1.0327
380.0000 1.0312
381.0000 1.0298
382.0000 1.0285
383.0000 1.0272
384.0000 1.0259
385.0000 1.0247
386.0000 1.0236
387.0000 1.0225
388.0000 1.0215
389.0000 1.0205
390.0000 1.0196
391.0000 1.0187
392.0000 1.0178
393.0000 1.0170
394.0000 1.0162
395.0000 1.0155
396.0000 1.0148
397.0000 1.0141
398.0000 1.0135
399.0000 1.0129
400.0000 1.0123
401.0000 1.0118
402.0000 1.0113
403.0000 1.0108
404.0000 1.0103
405.0000 1.0099
406.0000 1.0094
407.0000 1.0090
408.0000 1.0086
409.0000 1.0082
410.0000 1.0078
411.0000 1.0075
412.0000 0.9993
413.0000 0.9743
414.0000 0.9246
415.0000 0.8502
416.0000 0.7548
417.0000 0.6440
418.0000 0.5230
419.0000 0.3970
420.0000 0.2699
421.0000 0.1452
422.0000 0.0255
423.0000 -0.0871
424.0000 -0.1911
425.0000 -0.2854
426.0000 -0.3693
427.0000 -0.4423
428.0000 -0.5044
429.0000 -0.5557
430.0000 -0.5965
431.0000 -0.6273
432.0000 -0.6486
433.0000 -0.6612
434.0000 -0.6657
435.0000 -0.6629
436.0000 -0.6535
437.0000 -0.6383
438.0000 -0.6178
439.0000 -0.5929
440.0000 -0.5641
441.0000 -0.5320
442.0000 -0.4972
443.0000 -0.4601
444.0000 -0.4212
445.0000 -0.3810
446.0000 -0.3397
447.0000 -0.2977
448.0000 -0.2553
449.0000 -0.2127
450.0000 -0.1702
451.0000 -0.1279
452.0000 -0.0860
453.0000 -0.0448
454.0000 -0.0041
455.0000 0.0357
456.0000 0.0747
457.0000 0.1127
458.0000 0.1498
459.0000 0.1858
460.0000 0.2208
461.0000 0.2547
462.0000 0.2875
463.0000 0.3192
464.0000 0.3497
465.0000 0.3792
466.0000 0.4076
467.0000 0.4349
468.0000 0.4611
469.0000 0.4863
470.0000 0.5104
471.0000 0.5336
472.0000 0.5558
473.0000 0.5771
474.0000 0.5974
475.0000 0.6169
476.0000 0.6355
477.0000 0.6533
478.0000 0.6702
479.0000 0.6865
480.0000 0.7020
481.0000 0.7167
482.0000 0.7308
483.0000 0.7442
484.0000 0.7570
485.0000 0.7692
486.0000 0.7808
487.0000 0.7919
488.0000 0.8024
489.0000 0.8124
490.0000 0.8219
491.0000 0.8310
492.0000 0.8396
493.0000 0.8478
494.0000 0.8556
495.0000 0.8630
496.0000 0.8700
497.0000 0.8767
498.0000 0.8831
499.0000 0.8891
500.0000 0.8948
501.0000 0.9002
502.0000 0.9054
503.0000 0.9103
504.0000 0.9150
505.0000 0.9194
506.0000 0.9236
507.0000 0.9276
508.0000 0.9314
509.0000 0.9350
510.0000 0.9384
511.0000 0.9416
512.0000 0.9447
513.0000 0.9476
514.0000 0.9504
515.0000 0.9530
516.0000 0.9554
517.0000 0.9578
518.0000 0.9600
519.0000 0.9621
520.0000 0.9640
521.0000 0.9659
522.0000 0.9677
523.0000 0.9694
524.0000 0.9710
525.0000 0.9725
526.0000 0.9739
527.0000 0.9753
528.0000 0.9766
529.0000 0.9778
530.0000 0.9790
531.0000 0.9801
532.0000 0.9812
533.0000 0.9822
534.0000 0.9832
535.0000 0.9841
536.0000 0.9850
537.0000 0.9858
538.0000 0.9866
539.0000 0.9873
540.0000 0.9880
541.0000 0.9887
542.0000 0.9893
543.0000 0.9899
544.0000 0.9904
545.0000 0.9909
546.0000 0.9913
547.0000 0.9918
548.0000 0.9922
549.0000 0.9926
550.0000 0.9929
551.0000 0.9933
552.0000 0.9936
553.0000 0.9939
554.0000 0.9942
555.0000 0.9945
556.0000 0.9948
557.0000 0.9951
558.0000 0.9953
559.0000 0.9956
560.0000 1.0458
561.0000 1.1372
562.0000 1.2557
563.0000 1.3895
564.0000 1.5315
565.0000 1.6738
566.0000 1.8105
567.0000 1.9385
568.0000 2.0563
569.0000 2.1637
570.0000 2.2609
571.0000 2.3484
572.0000 2.4264
573.0000 2.4951
574.0000 2.5544
575.0000 2.6045
576.0000 2.6454
577.0000 2.6775
578.0000 2.7009
579.0000 2.7160
580.0000 2.7235
581.0000 2.7237
582.0000 2.7173
583.0000 2.7050
584.0000 2.6873
585.0000 2.6649
586.0000 2.6384
587.0000 2.6084
588.0000 2.5754
589.0000 2.5399
590.0000 2.5024
591.0000 2.4633
592.0000 2.4229
593.0000 2.3817
594.0000 2.3400
595.0000 2.2979
596.0000 2.2558
597.0000 2.2139
598.0000 2.1722
599.0000 2.1310
600.0000 2.0905
601.0000 2.0506
602.0000 2.0115
603.0000 1.9733
604.0000 1.9359
605.0000 1.8996
606.0000 1.8643
607.0000 1.8299
608.0000 1.7967
609.0000 1.7644
610.0000 1.7333
611.0000 1.7031
612.0000 1.6741
613.0000 1.6460
614.0000 1.6190
615.0000 1.5930
616.0000 1.5679
617.0000 1.5438
618.0000 1.5207
619.0000 1.4984
620.0000 1.4770
621.0000 1.4565
622.0000 1.4368
623.0000 1.4180
624.0000 1.3998
625.0000 1.3825
626.0000 1.3658
627.0000 1.3499
628.0000 1.3346
629.0000 1.3199
630.0000 1.3059
631.0000 1.2924
632.0000 1.2796
633.0000 1.2672
634.0000 1.2554
635.0000 1.2442
636.0000 1.2334
637.0000 1.2230
638.0000 1.2132
639.0000 1.2037
640.0000 1.1946
641.0000 1.1860
642.0000 1.1777
643.0000 1.1698
644.0000 1.1622
645.0000 1.1550
646.0000 1.1481
647.0000 1.1415
648.0000 1.1352
649.0000 1.1291
650.0000 1.1234
651.0000 1.1179
652.0000 1.1126
653.0000 1.1076
654.0000 1.1028
655.0000 1.0982
656.0000 1.0938
657.0000 1.0895
658.0000 1.0855
659.0000 1.0817
660.0000 1.0780
661.0000 1.0745
662.0000 1.0712
663.0000 1.0680
664.0000 1.0649
665.0000 1.0620
666.0000 1.0592
667.0000 1.0566
668.0000 1.0540
669.0000 1.0516
670.0000 1.0493
671.0000 1.0471
672.0000 1.0450
673.0000 1.0430
674.0000 1.0411
675.0000 1.0393
676.0000 1.0375
677.0000 1.0359
678.0000 1.0343
679.0000 1.0327
680.0000 1.0313
681.0000 1.0299
682.0000 1.0285
683.0000 1.0272
684.0000 1.0260
685.0000 1.0248
686.0000 1.0236
687.0000 1.0226
688.0000 1.0215
689.0000 1.0205
690.0000 1.0196
691.0000 1.0187
692.0000 1.0179
693.0000 1.0170
694.0000 1.0163
695.0000 1.0155
696.0000 1.0148
697.0000 1.0142
698.0000 1.0135
699.0000 1.0129
700.0000 1.0124
701.0000 1.0118
702.0000 1.0113
703.0000 1.0108
704.0000 1.0103
705.0000 1.0099
706.0000 1.0094
707.0000 1.0090
708.0000 1.0086
709.0000 1.0082
710.0000 1.0079
711.0000 1.0075
712.0000 0.9993
713.0000 0.9743
714.0000 0.9246
715.0000 0.8502
716.0000 0.7548
717.0000 0.6440
718.0000 0.5230
719.0000 0.3970
720.0000 0.2699
721.0000 0.1452
722.0000 0.0255
723.0000 -0.0871
724.0000 -0.1911
725.0000 -0.2854
726.0000 -0.3693
727.0000 -0.4423
728.0000 -0.5044
729.0000 -0.5557
730.0000 -0.5965
731.0000 -0.6273
732.0000 -0.6486
733.0000 -0.6612
734.0000 -0.6657
735.0000 -0.6629
736.0000 -0.6535
737.0000 -0.6383
738.0000 -0.6178
739.0000 -0.5929
740.0000 -0.5641
741.0000 -0.5320
742.0000 -0.4972
743.0000 -0.4601
744.0000 -0.4212
745.0000 -0.3810
746.0000 -0.3397
747.0000 -0.2977
748.0000 -0.2553
749.0000 -0.2127
750.0000 -0.1702
751.0000 -0.1279
752.0000 -0.0860
753.0000 -0.0447
754.0000 -0.0041
755.0000 0.0357
756.0000 0.0747
757.0000 0.1127
758.0000 0.1498
759.0000 0.1858
760.0000 0.2208
761.0000 0.2547
762.0000 0.2875
763.0000 0.3192
764.0000 0.3497
765.0000 0.3792
766.0000 0.4076
767.0000 0.4349
768.0000 0.4611
769.0000 0.4863
770.0000 0.5104
771.0000 0.5336
772.0000 0.5558
773.0000 0.5771
774.0000 0.5974
775.0000 0.6169
776.0000 0.6355
777.0000 0.6533
778.0000 0.6702
779.0000 0.6865
780.0000 0.7020
781.0000 0.7167
782.0000 0.7308
783.0000 0.7442
784.0000 0.7570
785.0000 0.7692
786.0000 0.7808
787.0000 0.7919
788.0000 0.8024
789.0000 0.8124
790.0000 0.8219
791.0000 0.8310
792.0000 0.8396
793.0000 0.8478
794.0000 0.8556
795.0000 0.8630
796.0000 0.8700
797.0000 0.8767
798.0000 0.8831
799.0000 0.8891
800.0000 0.8948
801.0000 0.9002
802.0000 0.9054
803.0000 0.9103
804.0000 0.9150
805.0000 0.9194
806.0000 0.9236
807.0000 0.9276
808.0000 0.9314
809.0000 0.9350
810.0000 0.9384
811.0000 0.9416
812.0000 0.9447
813.0000 0.9476
814.0000 0.9504
815.0000 0.9530
816.0000 0.9554
817.0000 0.9578
818.0000 0.9600
819.0000 0.9621
820.0000 0.9640
821.0000 0.9659
822.0000 0.9677
823.0000 0.9694
824.0000 0.9710
825.0000 0.9725
826.0000 0.9739
827.0000 0.9753
828.0000 0.9766
829.0000 0.9778
830.0000 0.9790
831.0000 0.9801
832.0000 0.9812
833.0000 0.9822
834.0000 0.9832
835.0000 0.9841
836.0000 0.9850
837.0000 0.9858
838.0000 0.9866
839.0000 0.9873
840.0000 0.9880
841.0000 0.9887
842.0000 0.9893
843.0000 0.9899
844.0000 0.9904
845.0000 0.9909
846.0000 0.9913
847.0000 0.9918
848.0000 0.9922
849.0000 0.9926
850.0000 0.9929
851.0000 0.9933
852.0000 0.9936
853.0000 0.9939
854.0000 0.9942
855.0000 0.9945
856.0000 0.9948
857.0000 0.9951
858.0000 0.9953
859.0000 0.9956
860.0000 0.9958
