1.0000 0.0000
2.0000 0.0000
3.0000 0.0000
4.0000 0.0000
5.0000 0.0000
6.0000 0.0000
7.0000 0.0000
8.0000 0.0000
9.0000 0.0000
10.0000 0.0525
11.0000 -0.0216
12.0000 -0.0989
13.0000 -0.1339
14.0000 -0.1241
15.0000 -0.0846
16.0000 -0.0322
17.0000 0.0198
18.0000 0.0636
19.0000 0.0962
20.0000 0.1176
21.0000 0.1295
22.0000 0.1339
23.0000 0.1335
24.0000 0.1302
25.0000 0.1252
26.0000 0.1194
27.0000 0.1135
28.0000 0.1078
29.0000 0.1025
30.0000 0.0977
31.0000 0.0933
32.0000 0.0894
33.0000 0.0861
34.0000 0.0836
35.0000 0.0814
36.0000 0.0794
37.0000 0.0777
38.0000 0.0762
39.0000 0.0749
40.0000 0.0740
41.0000 0.0732
42.0000 0.0727
43.0000 0.0723
44.0000 0.0717
45.0000 0.0713
46.0000 0.0707
47.0000 0.0702
48.0000 0.0697
49.0000 0.0692
50.0000 0.0688
51.0000 0.0685
52.0000 0.0683
53.0000 0.0683
54.0000 0.0680
55.0000 0.0678
56.0000 0.0675
57.0000 0.0673
58.0000 0.0672
59.0000 0.0671
60.0000 0.0668
61.0000 0.0666
62.0000 0.0665
63.0000 0.0665
64.0000 0.0664
65.0000 0.0663
66.0000 0.0662
67.0000 0.0662
68.0000 0.0663
69.0000 0.0665
70.0000 0.0666
71.0000 0.0664
72.0000 0.0664
73.0000 0.0663
74.0000 0.0664
75.0000 0.0662
76.0000 0.0661
77.0000 0.0662
78.0000 0.0658
79.0000 0.0656
80.0000 0.0656
81.0000 0.0655
82.0000 0.0656
83.0000 0.0657
84.0000 0.0658
85.0000 0.0656
86.0000 0.0656
87.0000 0.0656
88.0000 0.0657
89.0000 0.0657
90.0000 0.0657
91.0000 0.0659
92.0000 0.0660
93.0000 0.0658
94.0000 0.0655
95.0000 0.0655
96.0000 0.0656
97.0000 0.0657
98.0000 0.0659
99.0000 0.0659
100.0000 0.0657
101.0000 0.0657
102.0000 0.0656
103.0000 0.0657
104.0000 0.0657
105.0000 0.0658
106.0000 0.0659
107.0000 0.0657
108.0000 0.0655
109.0000 0.0655
110.0000 0.0654
111.0000 0.0654
112.0000 0.0655
113.0000 0.0655
114.0000 0.0657
115.0000 0.0657
116.0000 0.0657
117.0000 0.0659
118.0000 0.0658
119.0000 0.0657
120.0000 0.0656
121.0000 0.0655
122.0000 0.0654
123.0000 0.0652
124.0000 0.0653
125.0000 0.0656
126.0000 0.0657
127.0000 0.0659
128.0000 0.0660
129.0000 0.0659
130.0000 0.0657
131.0000 0.0656
132.0000 0.0656
133.0000 0.0656
134.0000 0.0659
135.0000 0.0661
136.0000 0.0661
137.0000 0.0660
138.0000 0.0657
139.0000 0.0657
140.0000 0.0656
141.0000 0.0657
142.0000 0.0656
143.0000 0.0652
144.0000 0.0650
145.0000 0.0648
146.0000 0.0649
147.0000 0.0653
148.0000 0.0654
149.0000 0.0656
150.0000 0.0656
151.0000 0.0656
152.0000 0.0657
153.0000 0.0656
154.0000 0.0656
155.0000 0.0657
156.0000 0.0658
157.0000 0.0658
158.0000 0.0657
159.0000 0.0657
160.0000 0.0658
161.0000 0.0656
162.0000 0.0655
163.0000 0.0655
164.0000 0.0656
165.0000 0.0657
166.0000 0.0658
167.0000 0.0657
168.0000 0.0655
169.0000 0.0654
170.0000 0.0654
171.0000 0.0655
172.0000 0.0656
173.0000 0.0658
174.0000 0.0658
175.0000 0.0659
176.0000 0.0657
177.0000 0.0655
178.0000 0.0654
179.0000 0.0654
180.0000 0.0654
181.0000 0.0655
182.0000 0.0656
183.0000 0.0657
184.0000 0.0658
185.0000 0.0658
186.0000 0.0658
187.0000 0.0658
188.0000 0.0657
189.0000 0.0657
190.0000 0.0657
191.0000 0.0657
192.0000 0.0657
193.0000 0.0657
194.0000 0.0657
195.0000 0.0654
196.0000 0.0652
197.0000 0.0651
198.0000 0.0651
199.0000 0.0652
200.0000 0.0653
201.0000 0.0655
202.0000 0.0656
203.0000 0.0656
204.0000 0.0657
205.0000 0.0657
206.0000 0.0657
207.0000 0.0657
208.0000 0.0657
209.0000 0.0657
210.0000 0.0657
211.0000 0.0657
212.0000 0.0657
213.0000 0.0657
214.0000 0.0657
215.0000 0.0657
216.0000 0.0657
217.0000 0.0657
218.0000 0.0656
219.0000 0.0656
220.0000 0.0656
221.0000 0.0656
222.0000 0.0656
223.0000 0.0656
224.0000 0.0656
225.0000 0.0656
226.0000 0.0656
227.0000 0.0656
228.0000 0.0656
229.0000 0.0656
230.0000 0.0656
231.0000 0.0656
232.0000 0.0656
233.0000 0.0656
234.0000 0.0656
235.0000 0.0656
236.0000 0.0656
237.0000 0.0656
238.0000 0.0656
239.0000 0.0656
240.0000 0.0656
241.0000 0.0656
242.0000 0.0656
243.0000 0.0656
244.0000 0.0656
245.0000 0.0656
246.0000 0.0656
247.0000 0.0656
248.0000 0.0656
249.0000 0.0656
250.0000 0.0656
251.0000 0.0656
252.0000 0.0656
253.0000 0.0656
254.0000 0.0656
255.0000 0.0656
256.0000 0.0656
257.0000 0.0656
258.0000 0.0656
259.0000 0.0656
260.0000 0.0521
261.0000 0.0210
262.0000 -0.0269
263.0000 -0.0886
264.0000 -0.1603
265.0000 -0.2381
266.0000 -0.3188
267.0000 -0.3996
268.0000 -0.4781
269.0000 -0.5527
270.0000 -0.6222
271.0000 -0.6859
272.0000 -0.7434
273.0000 -0.7945
274.0000 -0.8394
275.0000 -0.8785
276.0000 -0.9121
277.0000 -0.9407
278.0000 -0.9649
279.0000 -0.9851
280.0000 -1.0019
281.0000 -1.0159
282.0000 -1.0273
283.0000 -1.0366
284.0000 -1.0441
285.0000 -1.0502
286.0000 -1.0551
287.0000 -1.0590
288.0000 -1.0621
289.0000 -1.0646
290.0000 -1.0665
291.0000 -1.0680
292.0000 -1.0692
293.0000 -1.0701
294.0000 -1.0707
295.0000 -1.0712
296.0000 -1.0716
297.0000 -1.0719
298.0000 -1.0721
299.0000 -1.0722
300.0000 -1.0723
301.0000 -1.0723
302.0000 -1.0723
303.0000 -1.0723
304.0000 -1.0723
305.0000 -1.0722
306.0000 -1.0722
307.0000 -1.0721
308.0000 -1.0720
309.0000 -1.0720
310.0000 -1.0719
311.0000 -1.0718
312.0000 -1.0717
313.0000 -1.0716
314.0000 -1.0716
315.0000 -1.0715
316.0000 -1.0714
317.0000 -1.0713
318.0000 -1.0713
319.0000 -1.0712
320.0000 -1.0712
321.0000 -1.0711
322.0000 -1.0711
323.0000 -1.0711
324.0000 -1.0710
325.0000 -1.0710
326.0000 -1.0710
327.0000 -1.0709
328.0000 -1.0709
329.0000 -1.0709
330.0000 -1.0708
331.0000 -1.0708
332.0000 -1.0708
333.0000 -1.0708
334.0000 -1.0707
335.0000 -1.0707
336.0000 -1.0707
337.0000 -1.0707
338.0000 -1.0707
339.0000 -1.0707
340.0000 -1.0707
341.0000 -1.0707
342.0000 -1.0707
343.0000 -1.0707
344.0000 -1.0706
345.0000 -1.0706
346.0000 -1.0706
347.0000 -1.0706
348.0000 -1.0706
349.0000 -1.0706
350.0000 -1.0706
351.0000 -1.0706
352.0000 -1.0706
353.0000 -1.0706
354.0000 -1.0706
355.0000 -1.0706
356.0000 -1.0706
357.0000 -1.0706
358.0000 -1.0706
359.0000 -1.0706
360.0000 -1.0706
361.0000 -1.0706
362.0000 -1.0706
363.0000 -1.0706
364.0000 -1.0706
365.0000 -1.0706
366.0000 -1.0706
367.0000 -1.0706
368.0000 -1.0706
369.0000 -1.0706
370.0000 -1.0706
371.0000 -1.0706
372.0000 -1.0706
373.0000 -1.0706
374.0000 -1.0706
375.0000 -1.0706
376.0000 -1.0706
377.0000 -1.0706
378.0000 -1.0705
379.0000 -1.0705
380.0000 -1.0705
381.0000 -1.0705
382.0000 -1.0705
383.0000 -1.0705
384.0000 -1.0705
385.0000 -1.0705
386.0000 -1.0705
387.0000 -1.0705
388.0000 -1.0705
389.0000 -1.0705
390.0000 -1.0705
391.0000 -1.0705
392.0000 -1.0705
393.0000 -1.0705
394.0000 -1.0705
395.0000 -1.0705
396.0000 -1.0705
397.0000 -1.0705
398.0000 -1.0705
399.0000 -1.0705
400.0000 -1.0705
401.0000 -1.0705
402.0000 -1.0705
403.0000 -1.0705
404.0000 -1.0705
405.0000 -1.0705
406.0000 -1.0705
407.0000 -1.0705
408.0000 -1.0705
409.0000 -1.0705
410.0000 -1.0576
411.0000 -1.0266
412.0000 -0.9776
413.0000 -0.9134
414.0000 -0.8380
415.0000 -0.7559
416.0000 -0.6710
417.0000 -0.5867
418.0000 -0.5056
419.0000 -0.4295
420.0000 -0.3599
421.0000 -0.2974
422.0000 -0.2422
423.0000 -0.1943
424.0000 -0.1535
425.0000 -0.1193
426.0000 -0.0910
427.0000 -0.0681
428.0000 -0.0499
429.0000 -0.0358
430.0000 -0.0252
431.0000 -0.0176
432.0000 -0.0124
433.0000 -0.0093
434.0000 -0.0078
435.0000 -0.0076
436.0000 -0.0084
437.0000 -0.0101
438.0000 -0.0124
439.0000 -0.0151
440.0000 -0.0181
441.0000 -0.0214
442.0000 -0.0248
443.0000 -0.0282
444.0000 -0.0317
445.0000 -0.0351
446.0000 -0.0385
447.0000 -0.0418
448.0000 -0.0450
449.0000 -0.0481
450.0000 -0.0511
451.0000 -0.0539
452.0000 -0.0567
453.0000 -0.0593
454.0000 -0.0617
455.0000 -0.0641
456.0000 -0.0663
457.0000 -0.0684
458.0000 -0.0704
459.0000 -0.0723
460.0000 -0.0740
461.0000 -0.0757
462.0000 -0.0773
463.0000 -0.0788
464.0000 -0.0802
465.0000 -0.0815
466.0000 -0.0827
467.0000 -0.0839
468.0000 -0.0849
469.0000 -0.0859
470.0000 -0.0869
471.0000 -0.0877
472.0000 -0.0886
473.0000 -0.0894
474.0000 -0.0901
475.0000 -0.0908
476.0000 -0.0914
477.0000 -0.0920
478.0000 -0.0926
479.0000 -0.0931
480.0000 -0.0937
481.0000 -0.0941
482.0000 -0.0946
483.0000 -0.0950
484.0000 -0.0954
485.0000 -0.0957
486.0000 -0.0960
487.0000 -0.0964
488.0000 -0.0966
489.0000 -0.0969
490.0000 -0.0972
491.0000 -0.0974
492.0000 -0.0977
493.0000 -0.0979
494.0000 -0.0981
495.0000 -0.0983
496.0000 -0.0985
497.0000 -0.0986
498.0000 -0.0988
499.0000 -0.0989
500.0000 -0.0991
501.0000 -0.0992
502.0000 -0.0994
503.0000 -0.0995
504.0000 -0.0996
505.0000 -0.0997
506.0000 -0.0998
507.0000 -0.0999
508.0000 -0.1000
509.0000 -0.1001
510.0000 -0.1001
511.0000 -0.1002
512.0000 -0.1003
513.0000 -0.1003
514.0000 -0.1004
515.0000 -0.1004
516.0000 -0.1005
517.0000 -0.1005
518.0000 -0.1005
519.0000 -0.1006
520.0000 -0.1006
521.0000 -0.1007
522.0000 -0.1007
523.0000 -0.1007
524.0000 -0.1008
525.0000 -0.1008
526.0000 -0.1008
527.0000 -0.1009
528.0000 -0.1009
529.0000 -0.1010
530.0000 -0.1010
531.0000 -0.1010
532.0000 -0.1011
533.0000 -0.1011
534.0000 -0.1011
535.0000 -0.1012
536.0000 -0.1012
537.0000 -0.1012
538.0000 -0.1013
539.0000 -0.1013
540.0000 -0.1013
541.0000 -0.1013
542.0000 -0.1013
543.0000 -0.1014
544.0000 -0.1014
545.0000 -0.1014
546.0000 -0.1014
547.0000 -0.1013
548.0000 -0.1013
549.0000 -0.1013
550.0000 -0.1013
551.0000 -0.1013
552.0000 -0.1013
553.0000 -0.1013
554.0000 -0.1013
555.0000 -0.1013
556.0000 -0.1013
557.0000 -0.1013
558.0000 -0.1013
559.0000 -0.1013
560.0000 -0.1148
561.0000 -0.1459
562.0000 -0.1938
563.0000 -0.2555
564.0000 -0.3272
565.0000 -0.4051
566.0000 -0.4858
567.0000 -0.5666
568.0000 -0.6451
569.0000 -0.7197
570.0000 -0.7893
571.0000 -0.8530
572.0000 -0.9104
573.0000 -0.9615
574.0000 -1.0064
575.0000 -1.0455
576.0000 -1.0791
577.0000 -1.1077
578.0000 -1.1319
579.0000 -1.1521
580.0000 -1.1690
581.0000 -1.1829
582.0000 -1.1943
583.0000 -1.2036
584.0000 -1.2111
585.0000 -1.2172
586.0000 -1.2221
587.0000 -1.2260
588.0000 -1.2291
589.0000 -1.2316
590.0000 -1.2335
591.0000 -1.2350
592.0000 -1.2362
593.0000 -1.2371
594.0000 -1.2378
595.0000 -1.2383
596.0000 -1.2386
597.0000 -1.2389
598.0000 -1.2391
599.0000 -1.2392
600.0000 -1.2392
601.0000 -1.2393
602.0000 -1.2392
603.0000 -1.2392
604.0000 -1.2391
605.0000 -1.2391
606.0000 -1.2390
607.0000 -1.2389
608.0000 -1.2388
609.0000 -1.2387
610.0000 -1.2387
611.0000 -1.2386
612.0000 -1.2385
613.0000 -1.2384
614.0000 -1.2383
615.0000 -1.2383
616.0000 -1.2382
617.0000 -1.2381
618.0000 -1.2381
619.0000 -1.2380
620.0000 -1.2380
621.0000 -1.2380
622.0000 -1.2380
623.0000 -1.2380
624.0000 -1.2379
625.0000 -1.2379
626.0000 -1.2379
627.0000 -1.2379
628.0000 -1.2379
629.0000 -1.2378
630.0000 -1.2378
631.0000 -1.2378
632.0000 -1.2378
633.0000 -1.2378
634.0000 -1.2377
635.0000 -1.2377
636.0000 -1.2377
637.0000 -1.2377
638.0000 -1.2377
639.0000 -1.2377
640.0000 -1.2377
641.0000 -1.2377
642.0000 -1.2377
643.0000 -1.2377
644.0000 -1.2376
645.0000 -1.2376
646.0000 -1.2376
647.0000 -1.2376
648.0000 -1.2376
649.0000 -1.2376
650.0000 -1.2376
651.0000 -1.2376
652.0000 -1.2376
653.0000 -1.2376
654.0000 -1.2376
655.0000 -1.2376
656.0000 -1.2376
657.0000 -1.2376
658.0000 -1.2376
659.0000 -1.2376
660.0000 -1.2376
661.0000 -1.2376
662.0000 -1.2376
663.0000 -1.2376
664.0000 -1.2376
665.0000 -1.2376
666.0000 -1.2376
667.0000 -1.2376
668.0000 -1.2376
669.0000 -1.2376
670.0000 -1.2376
671.0000 -1.2376
672.0000 -1.2376
673.0000 -1.2376
674.0000 -1.2376
675.0000 -1.2376
676.0000 -1.2376
677.0000 -1.2375
678.0000 -1.2375
679.0000 -1.2375
680.0000 -1.2375
681.0000 -1.2375
682.0000 -1.2375
683.0000 -1.2375
684.0000 -1.2375
685.0000 -1.2375
686.0000 -1.2375
687.0000 -1.2375
688.0000 -1.2375
689.0000 -1.2375
690.0000 -1.2375
691.0000 -1.2375
692.0000 -1.2375
693.0000 -1.2375
694.0000 -1.2375
695.0000 -1.2374
696.0000 -1.2374
697.0000 -1.2374
698.0000 -1.2374
699.0000 -1.2375
700.0000 -1.2375
701.0000 -1.2375
702.0000 -1.2375
703.0000 -1.2375
704.0000 -1.2375
705.0000 -1.2375
706.0000 -1.2375
707.0000 -1.2375
708.0000 -1.2375
709.0000 -1.2375
710.0000 -1.2245
711.0000 -1.1936
712.0000 -1.1446
713.0000 -1.0804
714.0000 -1.0050
715.0000 -0.9229
716.0000 -0.8380
717.0000 -0.7537
718.0000 -0.6725
719.0000 -0.5965
720.0000 -0.5269
721.0000 -0.4643
722.0000 -0.4092
723.0000 -0.3613
724.0000 -0.3205
725.0000 -0.2862
726.0000 -0.2580
727.0000 -0.2351
728.0000 -0.2169
729.0000 -0.2028
730.0000 -0.1922
731.0000 -0.1846
732.0000 -0.1794
733.0000 -0.1762
734.0000 -0.1747
735.0000 -0.1746
736.0000 -0.1754
737.0000 -0.1771
738.0000 -0.1793
739.0000 -0.1821
740.0000 -0.1851
741.0000 -0.1884
742.0000 -0.1918
743.0000 -0.1952
744.0000 -0.1987
745.0000 -0.2021
746.0000 -0.2055
747.0000 -0.2088
748.0000 -0.2120
749.0000 -0.2151
750.0000 -0.2181
751.0000 -0.2209
752.0000 -0.2236
753.0000 -0.2262
754.0000 -0.2287
755.0000 -0.2310
756.0000 -0.2333
757.0000 -0.2354
758.0000 -0.2374
759.0000 -0.2393
760.0000 -0.2410
761.0000 -0.2427
762.0000 -0.2443
763.0000 -0.2458
764.0000 -0.2472
765.0000 -0.2485
766.0000 -0.2497
767.0000 -0.2508
768.0000 -0.2519
769.0000 -0.2529
770.0000 -0.2539
771.0000 -0.2547
772.0000 -0.2556
773.0000 -0.2563
774.0000 -0.2571
775.0000 -0.2578
776.0000 -0.2584
777.0000 -0.2590
778.0000 -0.2596
779.0000 -0.2601
780.0000 -0.2606
781.0000 -0.2611
782.0000 -0.2616
783.0000 -0.2620
784.0000 -0.2624
785.0000 -0.2627
786.0000 -0.2630
787.0000 -0.2633
788.0000 -0.2636
789.0000 -0.2639
790.0000 -0.2642
791.0000 -0.2644
792.0000 -0.2646
793.0000 -0.2649
794.0000 -0.2651
795.0000 -0.2653
796.0000 -0.2654
797.0000 -0.2656
798.0000 -0.2658
799.0000 -0.2659
800.0000 -0.2661
801.0000 -0.2662
802.0000 -0.2663
803.0000 -0.2665
804.0000 -0.2666
805.0000 -0.2667
806.0000 -0.2668
807.0000 -0.2669
808.0000 -0.2670
809.0000 -0.2671
810.0000 -0.2671
811.0000 -0.2672
812.0000 -0.2672
813.0000 -0.2673
814.0000 -0.2674
815.0000 -0.2674
816.0000 -0.2674
817.0000 -0.2675
818.0000 -0.2675
819.0000 -0.2676
820.0000 -0.2676
821.0000 -0.2677
822.0000 -0.2677
823.0000 -0.2677
824.0000 -0.2678
825.0000 -0.2678
826.0000 -0.2678
827.0000 -0.2679
828.0000 -0.2679
829.0000 -0.2680
830.0000 -0.2680
831.0000 -0.2680
832.0000 -0.2681
833.0000 -0.2681
834.0000 -0.2681
835.0000 -0.2682
836.0000 -0.2682
837.0000 -0.2682
838.0000 -0.2682
839.0000 -0.2683
840.0000 -0.2683
841.0000 -0.2683
842.0000 -0.2683
843.0000 -0.2683
844.0000 -0.2683
845.0000 -0.2683
846.0000 -0.2683
847.0000 -0.2683
848.0000 -0.2683
849.0000 -0.2683
850.0000 -0.2683
851.0000 -0.2683
852.0000 -0.2683
853.0000 -0.2683
854.0000 -0.2682
855.0000 -0.2682
856.0000 -0.2682
857.0000 -0.2682
858.0000 -0.2683
859.0000 -0.2683
860.0000 -0.2683
