1.0000 0.0000
2.0000 0.0000
3.0000 0.0000
4.0000 0.0000
5.0000 0.0000
6.0000 0.0000
7.0000 0.0000
8.0000 0.0000
9.0000 0.0000
10.0000 5.7155
11.0000 -1.0574
12.0000 2.4445
13.0000 0.1209
14.0000 1.4184
15.0000 0.6105
16.0000 1.0811
17.0000 0.7951
18.0000 0.9632
19.0000 0.8604
20.0000 0.9189
21.0000 0.8800
22.0000 0.8978
23.0000 0.8801
24.0000 0.8819
25.0000 0.8704
26.0000 0.8652
27.0000 0.8549
28.0000 0.8464
29.0000 0.8358
30.0000 0.8257
31.0000 0.8146
32.0000 0.8037
33.0000 0.7924
34.0000 0.7812
35.0000 0.7700
36.0000 0.7589
37.0000 0.7479
38.0000 0.7372
39.0000 0.7267
40.0000 0.7166
41.0000 0.7068
42.0000 0.6974
43.0000 0.6884
44.0000 0.6798
45.0000 0.6716
46.0000 0.6639
47.0000 0.6566
48.0000 0.6498
49.0000 0.6434
50.0000 0.6375
51.0000 0.6320
52.0000 0.6269
53.0000 0.6223
54.0000 0.6181
55.0000 0.6143
56.0000 0.6108
57.0000 0.6077
58.0000 0.6050
59.0000 0.6026
60.0000 0.6005
61.0000 0.5987
62.0000 0.5972
63.0000 0.5960
64.0000 0.5950
65.0000 0.5942
66.0000 0.5937
67.0000 0.5933
68.0000 0.5931
69.0000 0.5931
70.0000 0.5932
71.0000 0.5934
72.0000 0.5938
73.0000 0.5942
74.0000 0.5947
75.0000 0.5953
76.0000 0.5960
77.0000 0.5967
78.0000 0.5974
79.0000 0.5982
80.0000 0.5990
81.0000 0.5998
82.0000 0.6007
83.0000 0.6015
84.0000 0.6023
85.0000 0.6031
86.0000 0.6039
87.0000 0.6046
88.0000 0.6054
89.0000 0.6061
90.0000 0.6067
91.0000 0.6074
92.0000 0.6080
93.0000 0.6086
94.0000 0.6091
95.0000 0.6096
96.0000 0.6101
97.0000 0.6105
98.0000 0.6109
99.0000 0.6112
100.0000 0.6115
101.0000 0.6118
102.0000 0.6120
103.0000 0.6122
104.0000 0.6124
105.0000 0.6125
106.0000 0.6127
107.0000 0.6127
108.0000 0.6128
109.0000 0.6128
110.0000 0.6128
111.0000 0.2989
112.0000 1.2813
113.0000 0.8822
114.0000 1.1199
115.0000 0.9465
116.0000 1.0320
117.0000 0.9801
118.0000 1.0219
119.0000 1.0138
120.0000 1.0381
121.0000 1.0436
122.0000 1.0599
123.0000 1.0690
124.0000 1.0813
125.0000 1.0904
126.0000 1.1002
127.0000 1.1083
128.0000 1.1160
129.0000 1.1227
130.0000 1.1287
131.0000 1.1339
132.0000 1.1385
133.0000 1.1423
134.0000 1.1456
135.0000 1.1482
136.0000 1.1503
137.0000 1.1519
138.0000 1.1530
139.0000 1.1537
140.0000 1.1540
141.0000 1.1540
142.0000 1.1536
143.0000 1.1530
144.0000 1.1522
145.0000 1.1511
146.0000 1.1499
147.0000 1.1485
148.0000 1.1470
149.0000 1.1454
150.0000 1.1437
151.0000 1.1420
152.0000 1.1402
153.0000 1.1384
154.0000 1.1367
155.0000 1.1349
156.0000 1.1332
157.0000 1.1315
158.0000 1.1298
159.0000 1.1282
160.0000 1.1267
161.0000 1.1252
162.0000 1.1238
163.0000 1.1225
164.0000 1.1213
165.0000 1.1202
166.0000 1.1192
167.0000 1.1182
168.0000 1.1173
169.0000 1.1166
170.0000 1.1159
171.0000 1.1153
172.0000 1.1148
173.0000 1.1143
174.0000 1.1140
175.0000 1.1137
176.0000 1.1135
177.0000 1.1133
178.0000 1.1132
179.0000 1.1132
180.0000 1.1132
181.0000 1.1133
182.0000 1.1135
183.0000 1.1137
184.0000 1.1139
185.0000 1.1141
186.0000 1.1144
187.0000 1.1148
188.0000 1.1151
189.0000 1.1155
190.0000 1.1159
191.0000 1.1163
192.0000 1.1167
193.0000 1.1171
194.0000 1.1176
195.0000 1.1180
196.0000 1.1185
197.0000 1.1189
198.0000 1.1194
199.0000 1.1198
200.0000 1.1203
201.0000 1.1207
202.0000 1.1211
203.0000 1.1215
204.0000 1.1220
205.0000 1.1224
206.0000 1.1228
207.0000 1.1231
208.0000 1.1235
209.0000 1.1239
210.0000 1.1242
211.0000 -0.5416
212.0000 0.4117
213.0000 -0.0430
214.0000 0.3517
215.0000 0.2052
216.0000 0.3457
217.0000 0.2873
218.0000 0.3295
219.0000 0.3004
220.0000 0.3074
221.0000 0.2895
222.0000 0.2850
223.0000 0.2724
224.0000 0.2655
225.0000 0.2565
226.0000 0.2503
227.0000 0.2442
228.0000 0.2398
229.0000 0.2361
230.0000 0.2337
231.0000 0.2321
232.0000 0.2314
233.0000 0.2314
234.0000 0.2321
235.0000 0.2334
236.0000 0.2353
237.0000 0.2375
238.0000 0.2402
239.0000 0.2432
240.0000 0.2464
241.0000 0.2498
242.0000 0.2534
243.0000 0.2571
244.0000 0.2608
245.0000 0.2646
246.0000 0.2684
247.0000 0.2722
248.0000 0.2758
249.0000 0.2794
250.0000 0.2829
251.0000 0.2863
252.0000 0.2896
253.0000 0.2927
254.0000 0.2956
255.0000 0.2984
256.0000 0.3010
257.0000 0.3034
258.0000 0.3056
259.0000 0.3077
260.0000 0.3095
261.0000 0.3112
262.0000 0.3127
263.0000 0.3141
264.0000 0.3152
265.0000 0.3163
266.0000 0.3171
267.0000 0.3178
268.0000 0.3184
269.0000 0.3188
270.0000 0.3191
271.0000 0.3192
272.0000 0.3193
273.0000 0.3192
274.0000 0.3191
275.0000 0.3188
276.0000 0.3185
277.0000 0.3181
278.0000 0.3177
279.0000 0.3171
280.0000 0.3166
281.0000 0.3159
282.0000 0.3153
283.0000 0.3146
284.0000 0.3139
285.0000 0.3131
286.0000 0.3123
287.0000 0.3116
288.0000 0.3108
289.0000 0.3100
290.0000 0.3092
291.0000 0.3085
292.0000 0.3077
293.0000 0.3069
294.0000 0.3062
295.0000 0.3055
296.0000 0.3048
297.0000 0.3041
298.0000 0.3034
299.0000 0.3028
300.0000 0.3022
301.0000 0.3016
302.0000 0.3010
303.0000 0.3005
304.0000 0.2999
305.0000 0.2995
306.0000 0.2990
307.0000 0.2985
308.0000 0.2981
309.0000 0.2977
310.0000 -11.1337
311.0000 2.4117
312.0000 -4.5923
313.0000 0.0546
314.0000 -2.5406
315.0000 -0.9250
316.0000 -1.8665
317.0000 -1.2948
318.0000 -1.6311
319.0000 -1.4257
320.0000 -1.5428
321.0000 -1.4652
322.0000 -1.5009
323.0000 -1.4657
324.0000 -1.4694
325.0000 -1.4464
326.0000 -1.4362
327.0000 -1.4156
328.0000 -1.3988
329.0000 -1.3776
330.0000 -1.3574
331.0000 -1.3353
332.0000 -1.3135
333.0000 -1.2910
334.0000 -1.2686
335.0000 -1.2461
336.0000 -1.2239
337.0000 -1.2020
338.0000 -1.1806
339.0000 -1.1597
340.0000 -1.1394
341.0000 -1.1199
342.0000 -1.1011
343.0000 -1.0830
344.0000 -1.0658
345.0000 -1.0495
346.0000 -1.0341
347.0000 -1.0195
348.0000 -1.0059
349.0000 -0.9931
350.0000 -0.9813
351.0000 -0.9703
352.0000 -0.9602
353.0000 -0.9509
354.0000 -0.9425
355.0000 -0.9348
356.0000 -0.9280
357.0000 -0.9218
358.0000 -0.9164
359.0000 -0.9116
360.0000 -0.9074
361.0000 -0.9039
362.0000 -0.9009
363.0000 -0.8984
364.0000 -0.8965
365.0000 -0.8949
366.0000 -0.8938
367.0000 -0.8931
368.0000 -0.8927
369.0000 -0.8927
370.0000 -0.8929
371.0000 -0.8934
372.0000 -0.8941
373.0000 -0.8950
374.0000 -0.8960
375.0000 -0.8973
376.0000 -0.8986
377.0000 -0.9000
378.0000 -0.9016
379.0000 -0.9031
380.0000 -0.9047
381.0000 -0.9064
382.0000 -0.9080
383.0000 -0.9097
384.0000 -0.9113
385.0000 -0.9129
386.0000 -0.9145
387.0000 -0.9161
388.0000 -0.9176
389.0000 -0.9190
390.0000 -0.9203
391.0000 -0.9216
392.0000 -0.9229
393.0000 -0.9240
394.0000 -0.9251
395.0000 -0.9261
396.0000 -0.9271
397.0000 -0.9279
398.0000 -0.9287
399.0000 -0.9294
400.0000 -0.9300
401.0000 -0.9306
402.0000 -0.9311
403.0000 -0.9315
404.0000 -0.9318
405.0000 -0.9321
406.0000 -0.9324
407.0000 -0.9325
408.0000 -0.9327
409.0000 -0.9327
410.0000 -0.9328
411.0000 -0.3049
412.0000 -2.2697
413.0000 -1.4714
414.0000 -1.9470
415.0000 -1.6002
416.0000 -1.7710
417.0000 -1.6673
418.0000 -1.7509
419.0000 -1.7348
420.0000 -1.7832
421.0000 -1.7943
422.0000 -1.8270
423.0000 -1.8450
424.0000 -1.8697
425.0000 -1.8880
426.0000 -1.9075
427.0000 -1.9236
428.0000 -1.9392
429.0000 -1.9525
430.0000 -1.9646
431.0000 -1.9750
432.0000 -1.9842
433.0000 -1.9918
434.0000 -1.9983
435.0000 -2.0036
436.0000 -2.0077
437.0000 -2.0109
438.0000 -2.0131
439.0000 -2.0145
440.0000 -2.0152
441.0000 -2.0151
442.0000 -2.0144
443.0000 -2.0132
444.0000 -2.0115
445.0000 -2.0094
446.0000 -2.0069
447.0000 -2.0042
448.0000 -2.0012
449.0000 -1.9980
450.0000 -1.9946
451.0000 -1.9912
452.0000 -1.9876
453.0000 -1.9841
454.0000 -1.9805
455.0000 -1.9770
456.0000 -1.9735
457.0000 -1.9701
458.0000 -1.9668
459.0000 -1.9636
460.0000 -1.9605
461.0000 -1.9576
462.0000 -1.9549
463.0000 -1.9523
464.0000 -1.9498
465.0000 -1.9476
466.0000 -1.9455
467.0000 -1.9436
468.0000 -1.9419
469.0000 -1.9403
470.0000 -1.9390
471.0000 -1.9377
472.0000 -1.9367
473.0000 -1.9358
474.0000 -1.9351
475.0000 -1.9345
476.0000 -1.9341
477.0000 -1.9338
478.0000 -1.9337
479.0000 -1.9336
480.0000 -1.9337
481.0000 -1.9339
482.0000 -1.9341
483.0000 -1.9345
484.0000 -1.9350
485.0000 -1.9355
486.0000 -1.9361
487.0000 -1.9367
488.0000 -1.9374
489.0000 -1.9381
490.0000 -1.9389
491.0000 -1.9397
492.0000 -1.9406
493.0000 -1.9415
494.0000 -1.9423
495.0000 -1.9432
496.0000 -1.9441
497.0000 -1.9450
498.0000 -1.9459
499.0000 -1.9468
500.0000 -1.9477
501.0000 -1.9486
502.0000 -1.9495
503.0000 -1.9503
504.0000 -1.9511
505.0000 -1.9519
506.0000 -1.9527
507.0000 -1.9535
508.0000 -1.9542
509.0000 -1.9549
510.0000 -1.9556
511.0000 1.3759
512.0000 -0.5306
513.0000 0.3787
514.0000 -0.4107
515.0000 -0.1176
516.0000 -0.3986
517.0000 -0.2819
518.0000 -0.3663
519.0000 -0.3081
520.0000 -0.3221
521.0000 -0.2861
522.0000 -0.2772
523.0000 -0.2521
524.0000 -0.2382
525.0000 -0.2202
526.0000 -0.2078
527.0000 -0.1956
528.0000 -0.1869
529.0000 -0.1795
530.0000 -0.1746
531.0000 -0.1714
532.0000 -0.1700
533.0000 -0.1700
534.0000 -0.1714
535.0000 -0.1741
536.0000 -0.1777
537.0000 -0.1823
538.0000 -0.1876
539.0000 -0.1935
540.0000 -0.2000
541.0000 -0.2069
542.0000 -0.2140
543.0000 -0.2214
544.0000 -0.2289
545.0000 -0.2365
546.0000 -0.2440
547.0000 -0.2515
548.0000 -0.2589
549.0000 -0.2661
550.0000 -0.2731
551.0000 -0.2799
552.0000 -0.2863
553.0000 -0.2925
554.0000 -0.2984
555.0000 -0.3039
556.0000 -0.3091
557.0000 -0.3139
558.0000 -0.3184
559.0000 -0.3225
560.0000 -0.3263
561.0000 -0.3296
562.0000 -0.3327
563.0000 -0.3354
564.0000 -0.3377
565.0000 -0.3397
566.0000 -0.3414
567.0000 -0.3428
568.0000 -0.3439
569.0000 -0.3448
570.0000 -0.3453
571.0000 -0.3457
572.0000 -0.3458
573.0000 -0.3457
574.0000 -0.3454
575.0000 -0.3449
576.0000 -0.3442
577.0000 -0.3434
578.0000 -0.3425
579.0000 -0.3415
580.0000 -0.3403
581.0000 -0.3391
582.0000 -0.3377
583.0000 -0.3364
584.0000 -0.3349
585.0000 -0.3334
586.0000 -0.3319
587.0000 -0.3304
588.0000 -0.3288
589.0000 -0.3273
590.0000 -0.3257
591.0000 -0.3242
592.0000 -0.3226
593.0000 -0.3211
594.0000 -0.3196
595.0000 -0.3182
596.0000 -0.3168
597.0000 -0.3154
598.0000 -0.3141
599.0000 -0.3128
600.0000 -0.3115
601.0000 -0.3104
602.0000 -0.3092
603.0000 -0.3081
604.0000 -0.3071
605.0000 -0.3061
606.0000 -0.3052
607.0000 -0.3043
608.0000 -0.3035
609.0000 -0.3027
610.0000 16.8446
611.0000 -3.4734
612.0000 7.0328
613.0000 0.0627
614.0000 3.9557
615.0000 1.5324
616.0000 2.9446
617.0000 2.0872
618.0000 2.5918
619.0000 2.2839
620.0000 2.4596
621.0000 2.3432
622.0000 2.3969
623.0000 2.3440
624.0000 2.3497
625.0000 2.3153
626.0000 2.3000
627.0000 2.2691
628.0000 2.2439
629.0000 2.2122
630.0000 2.1819
631.0000 2.1488
632.0000 2.1161
633.0000 2.0823
634.0000 2.0487
635.0000 2.0150
636.0000 1.9818
637.0000 1.9489
638.0000 1.9168
639.0000 1.8855
640.0000 1.8551
641.0000 1.8257
642.0000 1.7975
643.0000 1.7705
644.0000 1.7447
645.0000 1.7202
646.0000 1.6970
647.0000 1.6752
648.0000 1.6547
649.0000 1.6356
650.0000 1.6178
651.0000 1.6014
652.0000 1.5862
653.0000 1.5723
654.0000 1.5597
655.0000 1.5482
656.0000 1.5379
657.0000 1.5287
658.0000 1.5205
659.0000 1.5133
660.0000 1.5071
661.0000 1.5018
662.0000 1.4973
663.0000 1.4937
664.0000 1.4907
665.0000 1.4884
666.0000 1.4868
667.0000 1.4857
668.0000 1.4851
669.0000 1.4851
670.0000 1.4854
671.0000 1.4861
672.0000 1.4872
673.0000 1.4885
674.0000 1.4902
675.0000 1.4920
676.0000 1.4940
677.0000 1.4962
678.0000 1.4984
679.0000 1.5008
680.0000 1.5033
681.0000 1.5057
682.0000 1.5082
683.0000 1.5107
684.0000 1.5132
685.0000 1.5156
686.0000 1.5180
687.0000 1.5203
688.0000 1.5225
689.0000 1.5247
690.0000 1.5267
691.0000 1.5287
692.0000 1.5305
693.0000 1.5323
694.0000 1.5339
695.0000 1.5354
696.0000 1.5368
697.0000 1.5381
698.0000 1.5393
699.0000 1.5404
700.0000 1.5413
701.0000 1.5421
702.0000 1.5429
703.0000 1.5435
704.0000 1.5440
705.0000 1.5445
706.0000 1.5448
707.0000 1.5451
708.0000 1.5453
709.0000 1.5454
710.0000 1.5455
711.0000 0.6036
712.0000 3.5509
713.0000 2.3534
714.0000 3.0668
715.0000 2.5466
716.0000 2.8028
717.0000 2.6473
718.0000 2.7727
719.0000 2.7485
720.0000 2.8212
721.0000 2.8378
722.0000 2.8868
723.0000 2.9139
724.0000 2.9508
725.0000 2.9783
726.0000 3.0076
727.0000 3.0318
728.0000 3.0551
729.0000 3.0751
730.0000 3.0933
731.0000 3.1089
732.0000 3.1226
733.0000 3.1341
734.0000 3.1438
735.0000 3.1517
736.0000 3.1580
737.0000 3.1627
738.0000 3.1661
739.0000 3.1682
740.0000 3.1691
741.0000 3.1690
742.0000 3.1680
743.0000 3.1662
744.0000 3.1636
745.0000 3.1605
746.0000 3.1568
747.0000 3.1526
748.0000 3.1481
749.0000 3.1433
750.0000 3.1383
751.0000 3.1331
752.0000 3.1278
753.0000 3.1225
754.0000 3.1171
755.0000 3.1118
756.0000 3.1066
757.0000 3.1015
758.0000 3.0966
759.0000 3.0918
760.0000 3.0872
761.0000 3.0828
762.0000 3.0787
763.0000 3.0748
764.0000 3.0711
765.0000 3.0678
766.0000 3.0646
767.0000 3.0618
768.0000 3.0592
769.0000 3.0569
770.0000 3.0548
771.0000 3.0530
772.0000 3.0514
773.0000 3.0501
774.0000 3.0491
775.0000 3.0482
776.0000 3.0476
777.0000 3.0471
778.0000 3.0469
779.0000 3.0468
780.0000 3.0469
781.0000 3.0472
782.0000 3.0476
783.0000 3.0481
784.0000 3.0488
785.0000 3.0496
786.0000 3.0505
787.0000 3.0514
788.0000 3.0525
789.0000 3.0536
790.0000 3.0548
791.0000 3.0560
792.0000 3.0573
793.0000 3.0586
794.0000 3.0599
795.0000 3.0612
796.0000 3.0626
797.0000 3.0639
798.0000 3.0653
799.0000 3.0666
800.0000 3.0680
801.0000 3.0693
802.0000 3.0706
803.0000 3.0718
804.0000 3.0731
805.0000 3.0743
806.0000 3.0755
807.0000 3.0766
808.0000 3.0777
809.0000 3.0788
810.0000 3.0798
811.0000 -1.9175
812.0000 0.9422
813.0000 -0.4217
814.0000 0.7624
815.0000 0.3228
816.0000 0.7443
817.0000 0.5692
818.0000 0.6958
819.0000 0.6085
820.0000 0.6295
821.0000 0.5756
822.0000 0.5623
823.0000 0.5245
824.0000 0.5037
825.0000 0.4766
826.0000 0.4581
827.0000 0.4398
828.0000 0.4267
829.0000 0.4156
830.0000 0.4083
831.0000 0.4034
832.0000 0.4013
833.0000 0.4014
834.0000 0.4036
835.0000 0.4075
836.0000 0.4130
837.0000 0.4198
838.0000 0.4278
839.0000 0.4367
840.0000 0.4464
841.0000 0.4567
842.0000 0.4674
843.0000 0.4785
844.0000 0.4898
845.0000 0.5011
846.0000 0.5125
847.0000 0.5237
848.0000 0.5347
849.0000 0.5456
850.0000 0.5561
851.0000 0.5662
852.0000 0.5759
853.0000 0.5852
854.0000 0.5940
855.0000 0.6023
856.0000 0.6101
857.0000 0.6173
858.0000 0.6240
859.0000 0.6302
860.0000 0.6358
861.0000 0.6409
862.0000 0.6454
863.0000 0.6494
864.0000 0.6529
865.0000 0.6560
866.0000 0.6585
867.0000 0.6606
868.0000 0.6623
869.0000 0.6635
870.0000 0.6644
871.0000 0.6649
872.0000 0.6651
873.0000 0.6649
874.0000 0.6644
875.0000 0.6637
876.0000 0.6628
877.0000 0.6616
878.0000 0.6602
879.0000 0.6586
880.0000 0.6569
881.0000 0.6550
882.0000 0.6530
883.0000 0.6509
884.0000 0.6488
885.0000 0.6465
886.0000 0.6443
887.0000 0.6419
888.0000 0.6396
889.0000 0.6373
890.0000 0.6349
891.0000 0.6326
892.0000 0.6303
893.0000 0.6281
894.0000 0.6258
895.0000 0.6237
896.0000 0.6215
897.0000 0.6195
898.0000 0.6175
899.0000 0.6156
900.0000 0.6137
901.0000 0.6119
902.0000 0.6102
903.0000 0.6086
904.0000 0.6070
905.0000 0.6056
906.0000 0.6042
907.0000 0.6028
908.0000 0.6016
909.0000 0.6004
910.0000 0.5993
