1.0000 0.0000
2.0000 0.0000
3.0000 0.0000
4.0000 0.0000
5.0000 0.0000
6.0000 0.0000
7.0000 0.0000
8.0000 0.0000
9.0000 0.0000
10.0000 0.0000
11.0000 0.4081
12.0000 0.1290
13.0000 0.3285
14.0000 0.2709
15.0000 0.3786
16.0000 0.3920
17.0000 0.4627
18.0000 0.4982
19.0000 0.5527
20.0000 0.5931
21.0000 0.6387
22.0000 0.6777
23.0000 0.7171
24.0000 0.7527
25.0000 0.7870
26.0000 0.8187
27.0000 0.8487
28.0000 0.8764
29.0000 0.9023
30.0000 0.9262
31.0000 0.9484
32.0000 0.9687
33.0000 0.9873
34.0000 1.0043
35.0000 1.0196
36.0000 1.0334
37.0000 1.0457
38.0000 1.0566
39.0000 1.0661
40.0000 1.0744
41.0000 1.0814
42.0000 1.0873
43.0000 1.0921
44.0000 1.0958
45.0000 1.0987
46.0000 1.1007
47.0000 1.1018
48.0000 1.1023
49.0000 1.1021
50.0000 1.1012
51.0000 1.0999
52.0000 1.0980
53.0000 1.0958
54.0000 1.0931
55.0000 1.0901
56.0000 1.0869
57.0000 1.0834
58.0000 1.0798
59.0000 1.0760
60.0000 1.0720
61.0000 1.0681
62.0000 1.0640
63.0000 1.0600
64.0000 1.0560
65.0000 1.0520
66.0000 1.0481
67.0000 1.0443
68.0000 1.0405
69.0000 1.0369
70.0000 1.0334
71.0000 1.0300
72.0000 1.0268
73.0000 1.0237
74.0000 1.0208
75.0000 1.0180
76.0000 1.0154
77.0000 1.0129
78.0000 1.0106
79.0000 1.0085
80.0000 1.0065
81.0000 1.0047
82.0000 1.0031
83.0000 1.0015
84.0000 1.0002
85.0000 0.9990
86.0000 0.9979
87.0000 0.9969
88.0000 0.9961
89.0000 0.9953
90.0000 0.9947
91.0000 0.9942
92.0000 0.9938
93.0000 0.9934
94.0000 0.9932
95.0000 0.9930
96.0000 0.9929
97.0000 0.9929
98.0000 0.9929
99.0000 0.9930
100.0000 0.9931
101.0000 0.9933
102.0000 0.9935
103.0000 0.9937
104.0000 0.9940
105.0000 0.9942
106.0000 0.9945
107.0000 0.9948
108.0000 0.9952
109.0000 0.9955
110.0000 0.9958
111.0000 1.0511
112.0000 0.9222
113.0000 0.8911
114.0000 0.8266
115.0000 0.8086
116.0000 0.7826
117.0000 0.7746
118.0000 0.7646
119.0000 0.7621
120.0000 0.7597
121.0000 0.7609
122.0000 0.7629
123.0000 0.7668
124.0000 0.7716
125.0000 0.7776
126.0000 0.7843
127.0000 0.7918
128.0000 0.7998
129.0000 0.8083
130.0000 0.8172
131.0000 0.8263
132.0000 0.8357
133.0000 0.8451
134.0000 0.8546
135.0000 0.8641
136.0000 0.8734
137.0000 0.8827
138.0000 0.8918
139.0000 0.9007
140.0000 0.9093
141.0000 0.9177
142.0000 0.9257
143.0000 0.9335
144.0000 0.9408
145.0000 0.9478
146.0000 0.9545
147.0000 0.9607
148.0000 0.9666
149.0000 0.9721
150.0000 0.9772
151.0000 0.9820
152.0000 0.9863
153.0000 0.9903
154.0000 0.9940
155.0000 0.9973
156.0000 1.0003
157.0000 1.0029
158.0000 1.0052
159.0000 1.0073
160.0000 1.0091
161.0000 1.0106
162.0000 1.0119
163.0000 1.0129
164.0000 1.0137
165.0000 1.0143
166.0000 1.0148
167.0000 1.0150
168.0000 1.0152
169.0000 1.0151
170.0000 1.0150
171.0000 1.0147
172.0000 1.0144
173.0000 1.0139
174.0000 1.0134
175.0000 1.0128
176.0000 1.0122
177.0000 1.0115
178.0000 1.0108
179.0000 1.0100
180.0000 1.0093
181.0000 1.0085
182.0000 1.0077
183.0000 1.0070
184.0000 1.0062
185.0000 1.0054
186.0000 1.0047
187.0000 1.0040
188.0000 1.0033
189.0000 1.0026
190.0000 1.0019
191.0000 1.0013
192.0000 1.0007
193.0000 1.0002
194.0000 0.9997
195.0000 0.9992
196.0000 0.9987
197.0000 0.9983
198.0000 0.9979
199.0000 0.9976
200.0000 0.9973
201.0000 0.9970
202.0000 0.9968
203.0000 0.9965
204.0000 0.9964
205.0000 0.9962
206.0000 0.9961
207.0000 0.9960
208.0000 0.9959
209.0000 0.9958
210.0000 0.9958
211.0000 1.2873
212.0000 1.3470
213.0000 1.4682
214.0000 1.4876
215.0000 1.5205
216.0000 1.5135
217.0000 1.5096
218.0000 1.4907
219.0000 1.4727
220.0000 1.4494
221.0000 1.4266
222.0000 1.4023
223.0000 1.3785
224.0000 1.3546
225.0000 1.3314
226.0000 1.3085
227.0000 1.2864
228.0000 1.2648
229.0000 1.2440
230.0000 1.2239
231.0000 1.2045
232.0000 1.1859
233.0000 1.1680
234.0000 1.1509
235.0000 1.1346
236.0000 1.1192
237.0000 1.1046
238.0000 1.0908
239.0000 1.0778
240.0000 1.0656
241.0000 1.0543
242.0000 1.0438
243.0000 1.0341
244.0000 1.0252
245.0000 1.0171
246.0000 1.0096
247.0000 1.0029
248.0000 0.9969
249.0000 0.9916
250.0000 0.9869
251.0000 0.9828
252.0000 0.9792
253.0000 0.9762
254.0000 0.9737
255.0000 0.9717
256.0000 0.9701
257.0000 0.9689
258.0000 0.9680
259.0000 0.9675
260.0000 0.9674
261.0000 0.9675
262.0000 0.9678
263.0000 0.9684
264.0000 0.9692
265.0000 0.9701
266.0000 0.9712
267.0000 0.9724
268.0000 0.9738
269.0000 0.9752
270.0000 0.9767
271.0000 0.9782
272.0000 0.9798
273.0000 0.9814
274.0000 0.9830
275.0000 0.9845
276.0000 0.9861
277.0000 0.9877
278.0000 0.9892
279.0000 0.9906
280.0000 0.9921
281.0000 0.9934
282.0000 0.9947
283.0000 0.9960
284.0000 0.9972
285.0000 0.9983
286.0000 0.9993
287.0000 1.0003
288.0000 1.0012
289.0000 1.0020
290.0000 1.0028
291.0000 1.0035
292.0000 1.0041
293.0000 1.0047
294.0000 1.0052
295.0000 1.0056
296.0000 1.0060
297.0000 1.0063
298.0000 1.0066
299.0000 1.0068
300.0000 1.0070
301.0000 1.0071
302.0000 1.0072
303.0000 1.0072
304.0000 1.0072
305.0000 1.0072
306.0000 1.0071
307.0000 1.0070
308.0000 1.0069
309.0000 1.0068
310.0000 1.0066
311.0000 0.1902
312.0000 0.7482
313.0000 0.3490
314.0000 0.4640
315.0000 0.2484
316.0000 0.2214
317.0000 0.0798
318.0000 0.0085
319.0000 -0.1007
320.0000 -0.1818
321.0000 -0.2732
322.0000 -0.3514
323.0000 -0.4304
324.0000 -0.5018
325.0000 -0.5708
326.0000 -0.6343
327.0000 -0.6944
328.0000 -0.7501
329.0000 -0.8021
330.0000 -0.8502
331.0000 -0.8946
332.0000 -0.9355
333.0000 -0.9729
334.0000 -1.0069
335.0000 -1.0378
336.0000 -1.0655
337.0000 -1.0902
338.0000 -1.1121
339.0000 -1.1313
340.0000 -1.1478
341.0000 -1.1620
342.0000 -1.1738
343.0000 -1.1835
344.0000 -1.1911
345.0000 -1.1969
346.0000 -1.2009
347.0000 -1.2033
348.0000 -1.2043
349.0000 -1.2039
350.0000 -1.2023
351.0000 -1.1996
352.0000 -1.1959
353.0000 -1.1913
354.0000 -1.1861
355.0000 -1.1801
356.0000 -1.1737
357.0000 -1.1667
358.0000 -1.1594
359.0000 -1.1518
360.0000 -1.1440
361.0000 -1.1361
362.0000 -1.1280
363.0000 -1.1200
364.0000 -1.1119
365.0000 -1.1040
366.0000 -1.0961
367.0000 -1.0885
368.0000 -1.0810
369.0000 -1.0737
370.0000 -1.0667
371.0000 -1.0599
372.0000 -1.0534
373.0000 -1.0473
374.0000 -1.0414
375.0000 -1.0358
376.0000 -1.0306
377.0000 -1.0257
378.0000 -1.0211
379.0000 -1.0168
380.0000 -1.0129
381.0000 -1.0093
382.0000 -1.0060
383.0000 -1.0029
384.0000 -1.0002
385.0000 -0.9977
386.0000 -0.9956
387.0000 -0.9936
388.0000 -0.9919
389.0000 -0.9905
390.0000 -0.9892
391.0000 -0.9882
392.0000 -0.9874
393.0000 -0.9867
394.0000 -0.9862
395.0000 -0.9859
396.0000 -0.9857
397.0000 -0.9856
398.0000 -0.9857
399.0000 -0.9858
400.0000 -0.9861
401.0000 -0.9864
402.0000 -0.9868
403.0000 -0.9872
404.0000 -0.9878
405.0000 -0.9883
406.0000 -0.9889
407.0000 -0.9895
408.0000 -0.9902
409.0000 -0.9909
410.0000 -0.9915
411.0000 -1.1021
412.0000 -0.8443
413.0000 -0.7820
414.0000 -0.6530
415.0000 -0.6171
416.0000 -0.5650
417.0000 -0.5490
418.0000 -0.5292
419.0000 -0.5240
420.0000 -0.5194
421.0000 -0.5216
422.0000 -0.5256
423.0000 -0.5335
424.0000 -0.5431
425.0000 -0.5551
426.0000 -0.5686
427.0000 -0.5836
428.0000 -0.5996
429.0000 -0.6166
430.0000 -0.6343
431.0000 -0.6526
432.0000 -0.6713
433.0000 -0.6902
434.0000 -0.7091
435.0000 -0.7281
436.0000 -0.7469
437.0000 -0.7654
438.0000 -0.7836
439.0000 -0.8014
440.0000 -0.8186
441.0000 -0.8353
442.0000 -0.8514
443.0000 -0.8669
444.0000 -0.8816
445.0000 -0.8957
446.0000 -0.9089
447.0000 -0.9215
448.0000 -0.9332
449.0000 -0.9442
450.0000 -0.9545
451.0000 -0.9639
452.0000 -0.9727
453.0000 -0.9807
454.0000 -0.9880
455.0000 -0.9946
456.0000 -1.0005
457.0000 -1.0058
458.0000 -1.0105
459.0000 -1.0146
460.0000 -1.0181
461.0000 -1.0212
462.0000 -1.0237
463.0000 -1.0258
464.0000 -1.0274
465.0000 -1.0287
466.0000 -1.0295
467.0000 -1.0301
468.0000 -1.0303
469.0000 -1.0303
470.0000 -1.0300
471.0000 -1.0295
472.0000 -1.0287
473.0000 -1.0278
474.0000 -1.0268
475.0000 -1.0256
476.0000 -1.0244
477.0000 -1.0230
478.0000 -1.0216
479.0000 -1.0201
480.0000 -1.0186
481.0000 -1.0170
482.0000 -1.0155
483.0000 -1.0139
484.0000 -1.0124
485.0000 -1.0108
486.0000 -1.0094
487.0000 -1.0079
488.0000 -1.0065
489.0000 -1.0052
490.0000 -1.0039
491.0000 -1.0026
492.0000 -1.0015
493.0000 -1.0004
494.0000 -0.9993
495.0000 -0.9984
496.0000 -0.9975
497.0000 -0.9966
498.0000 -0.9959
499.0000 -0.9952
500.0000 -0.9946
501.0000 -0.9940
502.0000 -0.9935
503.0000 -0.9931
504.0000 -0.9927
505.0000 -0.9924
506.0000 -0.9921
507.0000 -0.9919
508.0000 -0.9918
509.0000 -0.9916
510.0000 -0.9916
511.0000 -1.5745
512.0000 -1.6940
513.0000 -1.9364
514.0000 -1.9751
515.0000 -2.0410
516.0000 -2.0269
517.0000 -2.0192
518.0000 -1.9814
519.0000 -1.9454
520.0000 -1.8988
521.0000 -1.8532
522.0000 -1.8045
523.0000 -1.7570
524.0000 -1.7092
525.0000 -1.6627
526.0000 -1.6170
527.0000 -1.5727
528.0000 -1.5297
529.0000 -1.4880
530.0000 -1.4477
531.0000 -1.4090
532.0000 -1.3717
533.0000 -1.3360
534.0000 -1.3018
535.0000 -1.2693
536.0000 -1.2384
537.0000 -1.2091
538.0000 -1.1815
539.0000 -1.1556
540.0000 -1.1313
541.0000 -1.1087
542.0000 -1.0877
543.0000 -1.0682
544.0000 -1.0504
545.0000 -1.0341
546.0000 -1.0193
547.0000 -1.0059
548.0000 -0.9939
549.0000 -0.9832
550.0000 -0.9737
551.0000 -0.9655
552.0000 -0.9584
553.0000 -0.9524
554.0000 -0.9474
555.0000 -0.9433
556.0000 -0.9401
557.0000 -0.9377
558.0000 -0.9360
559.0000 -0.9351
560.0000 -0.9347
561.0000 -0.9349
562.0000 -0.9356
563.0000 -0.9368
564.0000 -0.9383
565.0000 -0.9402
566.0000 -0.9424
567.0000 -0.9449
568.0000 -0.9475
569.0000 -0.9504
570.0000 -0.9533
571.0000 -0.9564
572.0000 -0.9595
573.0000 -0.9627
574.0000 -0.9659
575.0000 -0.9691
576.0000 -0.9722
577.0000 -0.9753
578.0000 -0.9783
579.0000 -0.9813
580.0000 -0.9841
581.0000 -0.9869
582.0000 -0.9895
583.0000 -0.9920
584.0000 -0.9943
585.0000 -0.9966
586.0000 -0.9987
587.0000 -1.0006
588.0000 -1.0024
589.0000 -1.0041
590.0000 -1.0056
591.0000 -1.0070
592.0000 -1.0083
593.0000 -1.0094
594.0000 -1.0104
595.0000 -1.0113
596.0000 -1.0120
597.0000 -1.0126
598.0000 -1.0132
599.0000 -1.0136
600.0000 -1.0139
601.0000 -1.0142
602.0000 -1.0143
603.0000 -1.0144
604.0000 -1.0144
605.0000 -1.0143
606.0000 -1.0142
607.0000 -1.0140
608.0000 -1.0138
609.0000 -1.0135
610.0000 -1.0132
611.0000 0.2115
612.0000 -0.6254
613.0000 -0.0265
614.0000 -0.1989
615.0000 0.1246
616.0000 0.1651
617.0000 0.3777
618.0000 0.4848
619.0000 0.6488
620.0000 0.7704
621.0000 0.9076
622.0000 1.0251
623.0000 1.1437
624.0000 1.2510
625.0000 1.3545
626.0000 1.4500
627.0000 1.5402
628.0000 1.6238
629.0000 1.7019
630.0000 1.7741
631.0000 1.8409
632.0000 1.9022
633.0000 1.9584
634.0000 2.0096
635.0000 2.0559
636.0000 2.0975
637.0000 2.1347
638.0000 2.1676
639.0000 2.1964
640.0000 2.2213
641.0000 2.2426
642.0000 2.2604
643.0000 2.2749
644.0000 2.2864
645.0000 2.2951
646.0000 2.3011
647.0000 2.3048
648.0000 2.3062
649.0000 2.3057
650.0000 2.3033
651.0000 2.2992
652.0000 2.2937
653.0000 2.2869
654.0000 2.2790
655.0000 2.2702
656.0000 2.2604
657.0000 2.2501
658.0000 2.2391
659.0000 2.2277
660.0000 2.2160
661.0000 2.2041
662.0000 2.1920
663.0000 2.1799
664.0000 2.1679
665.0000 2.1559
666.0000 2.1442
667.0000 2.1326
668.0000 2.1214
669.0000 2.1105
670.0000 2.1000
671.0000 2.0898
672.0000 2.0801
673.0000 2.0708
674.0000 2.0620
675.0000 2.0537
676.0000 2.0458
677.0000 2.0385
678.0000 2.0316
679.0000 2.0252
680.0000 2.0193
681.0000 2.0138
682.0000 2.0088
683.0000 2.0043
684.0000 2.0002
685.0000 1.9965
686.0000 1.9932
687.0000 1.9904
688.0000 1.9878
689.0000 1.9856
690.0000 1.9838
691.0000 1.9822
692.0000 1.9810
693.0000 1.9800
694.0000 1.9793
695.0000 1.9788
696.0000 1.9785
697.0000 1.9784
698.0000 1.9784
699.0000 1.9786
700.0000 1.9790
701.0000 1.9795
702.0000 1.9801
703.0000 1.9808
704.0000 1.9816
705.0000 1.9824
706.0000 1.9833
707.0000 1.9843
708.0000 1.9852
709.0000 1.9862
710.0000 1.9872
711.0000 2.1530
712.0000 1.7664
713.0000 1.6730
714.0000 1.4795
715.0000 1.4256
716.0000 1.3475
717.0000 1.3235
718.0000 1.2938
719.0000 1.2860
720.0000 1.2790
721.0000 1.2824
722.0000 1.2884
723.0000 1.3002
724.0000 1.3147
725.0000 1.3327
726.0000 1.3528
727.0000 1.3753
728.0000 1.3994
729.0000 1.4249
730.0000 1.4515
731.0000 1.4789
732.0000 1.5069
733.0000 1.5352
734.0000 1.5637
735.0000 1.5921
736.0000 1.6203
737.0000 1.6481
738.0000 1.6754
739.0000 1.7020
740.0000 1.7279
741.0000 1.7530
742.0000 1.7772
743.0000 1.8003
744.0000 1.8224
745.0000 1.8435
746.0000 1.8634
747.0000 1.8822
748.0000 1.8998
749.0000 1.9163
750.0000 1.9317
751.0000 1.9459
752.0000 1.9590
753.0000 1.9710
754.0000 1.9819
755.0000 1.9918
756.0000 2.0008
757.0000 2.0087
758.0000 2.0157
759.0000 2.0219
760.0000 2.0272
761.0000 2.0317
762.0000 2.0355
763.0000 2.0386
764.0000 2.0411
765.0000 2.0430
766.0000 2.0443
767.0000 2.0451
768.0000 2.0455
769.0000 2.0454
770.0000 2.0450
771.0000 2.0442
772.0000 2.0431
773.0000 2.0418
774.0000 2.0402
775.0000 2.0385
776.0000 2.0365
777.0000 2.0345
778.0000 2.0323
779.0000 2.0301
780.0000 2.0278
781.0000 2.0255
782.0000 2.0232
783.0000 2.0208
784.0000 2.0185
785.0000 2.0163
786.0000 2.0140
787.0000 2.0119
788.0000 2.0098
789.0000 2.0077
790.0000 2.0058
791.0000 2.0039
792.0000 2.0022
793.0000 2.0005
794.0000 1.9990
795.0000 1.9975
796.0000 1.9962
797.0000 1.9949
798.0000 1.9938
799.0000 1.9928
800.0000 1.9918
801.0000 1.9910
802.0000 1.9903
803.0000 1.9896
804.0000 1.9891
805.0000 1.9886
806.0000 1.9882
807.0000 1.9879
808.0000 1.9876
809.0000 1.9875
810.0000 1.9873
811.0000 2.8618
812.0000 3.0410
813.0000 3.4046
814.0000 3.4627
815.0000 3.5615
816.0000 3.5404
817.0000 3.5288
818.0000 3.4721
819.0000 3.4181
820.0000 3.3482
821.0000 3.2798
822.0000 3.2068
823.0000 3.1355
824.0000 3.0638
825.0000 2.9941
826.0000 2.9256
827.0000 2.8591
828.0000 2.7945
829.0000 2.7320
830.0000 2.6716
831.0000 2.6135
832.0000 2.5576
833.0000 2.5040
834.0000 2.4527
835.0000 2.4039
836.0000 2.3576
837.0000 2.3137
838.0000 2.2723
839.0000 2.2334
840.0000 2.1969
841.0000 2.1630
842.0000 2.1315
843.0000 2.1024
844.0000 2.0756
845.0000 2.0511
846.0000 2.0289
847.0000 2.0088
848.0000 1.9908
849.0000 1.9748
850.0000 1.9606
851.0000 1.9483
852.0000 1.9376
853.0000 1.9286
854.0000 1.9211
855.0000 1.9150
856.0000 1.9102
857.0000 1.9066
858.0000 1.9041
859.0000 1.9026
860.0000 1.9021
861.0000 1.9024
862.0000 1.9034
863.0000 1.9052
864.0000 1.9075
865.0000 1.9104
866.0000 1.9137
867.0000 1.9173
868.0000 1.9213
869.0000 1.9256
870.0000 1.9300
871.0000 1.9346
872.0000 1.9393
873.0000 1.9441
874.0000 1.9489
875.0000 1.9536
876.0000 1.9583
877.0000 1.9630
878.0000 1.9675
879.0000 1.9719
880.0000 1.9762
881.0000 1.9803
882.0000 1.9842
883.0000 1.9880
884.0000 1.9915
885.0000 1.9949
886.0000 1.9980
887.0000 2.0009
888.0000 2.0036
889.0000 2.0061
890.0000 2.0084
891.0000 2.0105
892.0000 2.0124
893.0000 2.0141
894.0000 2.0156
895.0000 2.0169
896.0000 2.0180
897.0000 2.0190
898.0000 2.0198
899.0000 2.0204
900.0000 2.0209
901.0000 2.0213
902.0000 2.0215
903.0000 2.0216
904.0000 2.0216
905.0000 2.0215
906.0000 2.0213
907.0000 2.0211
908.0000 2.0207
909.0000 2.0203
910.0000 2.0198
