1.0000 0.0000
2.0000 0.0000
3.0000 0.0000
4.0000 0.0000
5.0000 0.0000
6.0000 0.0000
7.0000 0.0000
8.0000 0.0000
9.0000 0.0000
10.0000 0.0000
11.0000 0.5983
12.0000 -0.2402
13.0000 0.1224
14.0000 -0.1097
15.0000 0.0444
16.0000 -0.0317
17.0000 0.0238
18.0000 -0.0044
19.0000 0.0143
20.0000 0.0034
21.0000 0.0094
22.0000 0.0050
23.0000 0.0066
24.0000 0.0046
25.0000 0.0047
26.0000 0.0035
27.0000 0.0031
28.0000 0.0023
29.0000 0.0018
30.0000 0.0012
31.0000 0.0007
32.0000 0.0002
33.0000 -0.0003
34.0000 -0.0007
35.0000 -0.0010
36.0000 -0.0013
37.0000 -0.0016
38.0000 -0.0018
39.0000 -0.0020
40.0000 -0.0021
41.0000 -0.0023
42.0000 -0.0023
43.0000 -0.0024
44.0000 -0.0025
45.0000 -0.0025
46.0000 -0.0025
47.0000 -0.0024
48.0000 -0.0024
49.0000 -0.0023
50.0000 -0.0023
51.0000 -0.0022
52.0000 -0.0021
53.0000 -0.0020
54.0000 -0.0019
55.0000 -0.0018
56.0000 -0.0017
57.0000 -0.0016
58.0000 -0.0014
59.0000 -0.0013
60.0000 -0.0012
61.0000 -0.0011
62.0000 -0.0010
63.0000 -0.0008
64.0000 -0.0007
65.0000 -0.0006
66.0000 -0.0005
67.0000 -0.0004
68.0000 -0.0003
69.0000 -0.0002
70.0000 -0.0001
71.0000 -0.0001
72.0000 0.0000
73.0000 0.0001
74.0000 0.0002
75.0000 0.0002
76.0000 0.0003
77.0000 0.0003
78.0000 0.0004
79.0000 0.0004
80.0000 0.0005
81.0000 0.0005
82.0000 0.0005
83.0000 0.0005
84.0000 0.0006
85.0000 0.0006
86.0000 0.0006
87.0000 0.0006
88.0000 0.0006
89.0000 0.0006
90.0000 0.0006
91.0000 0.0006
92.0000 0.0006
93.0000 0.0006
94.0000 0.0006
95.0000 0.0006
96.0000 0.0006
97.0000 0.0005
98.0000 0.0005
99.0000 0.0005
100.0000 0.0005
101.0000 0.0005
102.0000 0.0005
103.0000 0.0004
104.0000 0.0004
105.0000 0.0004
106.0000 0.0004
107.0000 0.0004
108.0000 0.0004
109.0000 0.0003
110.0000 0.0003
111.0000 1.1121
112.0000 1.1490
113.0000 1.1842
114.0000 1.0716
115.0000 1.0539
116.0000 1.0141
117.0000 1.0140
118.0000 1.0047
119.0000 1.0074
120.0000 1.0052
121.0000 1.0065
122.0000 1.0057
123.0000 1.0060
124.0000 1.0055
125.0000 1.0053
126.0000 1.0049
127.0000 1.0047
128.0000 1.0043
129.0000 1.0040
130.0000 1.0037
131.0000 1.0033
132.0000 1.0030
133.0000 1.0027
134.0000 1.0024
135.0000 1.0021
136.0000 1.0018
137.0000 1.0015
138.0000 1.0012
139.0000 1.0009
140.0000 1.0007
141.0000 1.0005
142.0000 1.0003
143.0000 1.0001
144.0000 0.9999
145.0000 0.9997
146.0000 0.9995
147.0000 0.9994
148.0000 0.9993
149.0000 0.9991
150.0000 0.9990
151.0000 0.9989
152.0000 0.9989
153.0000 0.9988
154.0000 0.9987
155.0000 0.9987
156.0000 0.9986
157.0000 0.9986
158.0000 0.9986
159.0000 0.9986
160.0000 0.9986
161.0000 0.9986
162.0000 0.9986
163.0000 0.9986
164.0000 0.9986
165.0000 0.9986
166.0000 0.9986
167.0000 0.9987
168.0000 0.9987
169.0000 0.9987
170.0000 0.9988
171.0000 0.9988
172.0000 0.9988
173.0000 0.9989
174.0000 0.9989
175.0000 0.9990
176.0000 0.9990
177.0000 0.9990
178.0000 0.9991
179.0000 0.9991
180.0000 0.9992
181.0000 0.9992
182.0000 0.9993
183.0000 0.9993
184.0000 0.9993
185.0000 0.9994
186.0000 0.9994
187.0000 0.9994
188.0000 0.9995
189.0000 0.9995
190.0000 0.9995
191.0000 0.9996
192.0000 0.9996
193.0000 0.9996
194.0000 0.9996
195.0000 0.9997
196.0000 0.9997
197.0000 0.9997
198.0000 0.9997
199.0000 0.9997
200.0000 0.9998
201.0000 0.9998
202.0000 0.9998
203.0000 0.9998
204.0000 0.9998
205.0000 0.9998
206.0000 0.9998
207.0000 0.9998
208.0000 0.9998
209.0000 0.9999
210.0000 0.9999
211.0000 1.0112
212.0000 0.8352
213.0000 0.9704
214.0000 0.9456
215.0000 0.9983
216.0000 0.9853
217.0000 0.9996
218.0000 0.9921
219.0000 0.9958
220.0000 0.9925
221.0000 0.9936
222.0000 0.9925
223.0000 0.9932
224.0000 0.9931
225.0000 0.9936
226.0000 0.9939
227.0000 0.9944
228.0000 0.9949
229.0000 0.9954
230.0000 0.9959
231.0000 0.9964
232.0000 0.9969
233.0000 0.9973
234.0000 0.9978
235.0000 0.9982
236.0000 0.9986
237.0000 0.9990
238.0000 0.9993
239.0000 0.9996
240.0000 0.9999
241.0000 1.0002
242.0000 1.0004
243.0000 1.0006
244.0000 1.0008
245.0000 1.0010
246.0000 1.0011
247.0000 1.0013
248.0000 1.0014
249.0000 1.0014
250.0000 1.0015
251.0000 1.0016
252.0000 1.0016
253.0000 1.0016
254.0000 1.0016
255.0000 1.0017
256.0000 1.0016
257.0000 1.0016
258.0000 1.0016
259.0000 1.0016
260.0000 1.0015
261.0000 1.0015
262.0000 1.0014
263.0000 1.0014
264.0000 1.0013
265.0000 1.0012
266.0000 1.0012
267.0000 1.0011
268.0000 1.0011
269.0000 1.0010
270.0000 1.0009
271.0000 1.0009
272.0000 1.0008
273.0000 1.0007
274.0000 1.0007
275.0000 1.0006
276.0000 1.0005
277.0000 1.0005
278.0000 1.0004
279.0000 1.0004
280.0000 1.0003
281.0000 1.0003
282.0000 1.0002
283.0000 1.0002
284.0000 1.0002
285.0000 1.0001
286.0000 1.0001
287.0000 1.0001
288.0000 1.0000
289.0000 1.0000
290.0000 1.0000
291.0000 1.0000
292.0000 0.9999
293.0000 0.9999
294.0000 0.9999
295.0000 0.9999
296.0000 0.9999
297.0000 0.9999
298.0000 0.9999
299.0000 0.9999
300.0000 0.9999
301.0000 0.9999
302.0000 0.9999
303.0000 0.9999
304.0000 0.9999
305.0000 0.9999
306.0000 0.9999
307.0000 0.9999
308.0000 0.9999
309.0000 0.9999
310.0000 0.9999
311.0000 -0.1967
312.0000 1.4803
313.0000 0.7551
314.0000 1.2193
315.0000 0.9112
316.0000 1.0633
317.0000 0.9524
318.0000 1.0088
319.0000 0.9713
320.0000 0.9931
321.0000 0.9811
322.0000 0.9900
323.0000 0.9867
324.0000 0.9908
325.0000 0.9906
326.0000 0.9930
327.0000 0.9937
328.0000 0.9954
329.0000 0.9964
330.0000 0.9977
331.0000 0.9986
332.0000 0.9997
333.0000 1.0005
334.0000 1.0013
335.0000 1.0020
336.0000 1.0026
337.0000 1.0031
338.0000 1.0036
339.0000 1.0040
340.0000 1.0043
341.0000 1.0045
342.0000 1.0047
343.0000 1.0048
344.0000 1.0049
345.0000 1.0050
346.0000 1.0049
347.0000 1.0049
348.0000 1.0048
349.0000 1.0047
350.0000 1.0046
351.0000 1.0044
352.0000 1.0042
353.0000 1.0040
354.0000 1.0038
355.0000 1.0036
356.0000 1.0034
357.0000 1.0031
358.0000 1.0029
359.0000 1.0027
360.0000 1.0024
361.0000 1.0022
362.0000 1.0019
363.0000 1.0017
364.0000 1.0015
365.0000 1.0013
366.0000 1.0010
367.0000 1.0008
368.0000 1.0006
369.0000 1.0005
370.0000 1.0003
371.0000 1.0001
372.0000 1.0000
373.0000 0.9998
374.0000 0.9997
375.0000 0.9996
376.0000 0.9994
377.0000 0.9993
378.0000 0.9992
379.0000 0.9992
380.0000 0.9991
381.0000 0.9990
382.0000 0.9990
383.0000 0.9989
384.0000 0.9989
385.0000 0.9989
386.0000 0.9988
387.0000 0.9988
388.0000 0.9988
389.0000 0.9988
390.0000 0.9988
391.0000 0.9988
392.0000 0.9988
393.0000 0.9988
394.0000 0.9988
395.0000 0.9989
396.0000 0.9989
397.0000 0.9989
398.0000 0.9989
399.0000 0.9990
400.0000 0.9990
401.0000 0.9990
402.0000 0.9991
403.0000 0.9991
404.0000 0.9991
405.0000 0.9992
406.0000 0.9992
407.0000 0.9992
408.0000 0.9993
409.0000 0.9993
410.0000 0.9993
411.0000 -1.2242
412.0000 -1.2980
413.0000 -1.3684
414.0000 -1.1432
415.0000 -1.1079
416.0000 -1.0283
417.0000 -1.0281
418.0000 -1.0095
419.0000 -1.0148
420.0000 -1.0104
421.0000 -1.0129
422.0000 -1.0113
423.0000 -1.0119
424.0000 -1.0109
425.0000 -1.0107
426.0000 -1.0099
427.0000 -1.0094
428.0000 -1.0086
429.0000 -1.0080
430.0000 -1.0073
431.0000 -1.0067
432.0000 -1.0060
433.0000 -1.0054
434.0000 -1.0047
435.0000 -1.0041
436.0000 -1.0035
437.0000 -1.0029
438.0000 -1.0024
439.0000 -1.0019
440.0000 -1.0014
441.0000 -1.0009
442.0000 -1.0005
443.0000 -1.0001
444.0000 -0.9997
445.0000 -0.9994
446.0000 -0.9991
447.0000 -0.9988
448.0000 -0.9985
449.0000 -0.9983
450.0000 -0.9981
451.0000 -0.9979
452.0000 -0.9977
453.0000 -0.9976
454.0000 -0.9974
455.0000 -0.9973
456.0000 -0.9973
457.0000 -0.9972
458.0000 -0.9971
459.0000 -0.9971
460.0000 -0.9971
461.0000 -0.9971
462.0000 -0.9971
463.0000 -0.9971
464.0000 -0.9972
465.0000 -0.9972
466.0000 -0.9973
467.0000 -0.9973
468.0000 -0.9974
469.0000 -0.9974
470.0000 -0.9975
471.0000 -0.9976
472.0000 -0.9977
473.0000 -0.9977
474.0000 -0.9978
475.0000 -0.9979
476.0000 -0.9980
477.0000 -0.9981
478.0000 -0.9982
479.0000 -0.9983
480.0000 -0.9983
481.0000 -0.9984
482.0000 -0.9985
483.0000 -0.9986
484.0000 -0.9987
485.0000 -0.9987
486.0000 -0.9988
487.0000 -0.9989
488.0000 -0.9989
489.0000 -0.9990
490.0000 -0.9991
491.0000 -0.9991
492.0000 -0.9992
493.0000 -0.9992
494.0000 -0.9993
495.0000 -0.9993
496.0000 -0.9994
497.0000 -0.9994
498.0000 -0.9994
499.0000 -0.9995
500.0000 -0.9995
501.0000 -0.9995
502.0000 -0.9996
503.0000 -0.9996
504.0000 -0.9996
505.0000 -0.9996
506.0000 -0.9997
507.0000 -0.9997
508.0000 -0.9997
509.0000 -0.9997
510.0000 -0.9997
511.0000 -1.0224
512.0000 -0.6703
513.0000 -0.9407
514.0000 -0.8913
515.0000 -0.9966
516.0000 -0.9706
517.0000 -0.9993
518.0000 -0.9842
519.0000 -0.9915
520.0000 -0.9849
521.0000 -0.9873
522.0000 -0.9851
523.0000 -0.9863
524.0000 -0.9861
525.0000 -0.9872
526.0000 -0.9878
527.0000 -0.9888
528.0000 -0.9897
529.0000 -0.9908
530.0000 -0.9918
531.0000 -0.9928
532.0000 -0.9938
533.0000 -0.9947
534.0000 -0.9956
535.0000 -0.9964
536.0000 -0.9972
537.0000 -0.9980
538.0000 -0.9986
539.0000 -0.9993
540.0000 -0.9998
541.0000 -1.0004
542.0000 -1.0008
543.0000 -1.0013
544.0000 -1.0016
545.0000 -1.0020
546.0000 -1.0023
547.0000 -1.0025
548.0000 -1.0027
549.0000 -1.0029
550.0000 -1.0030
551.0000 -1.0031
552.0000 -1.0032
553.0000 -1.0033
554.0000 -1.0033
555.0000 -1.0033
556.0000 -1.0033
557.0000 -1.0032
558.0000 -1.0032
559.0000 -1.0031
560.0000 -1.0030
561.0000 -1.0030
562.0000 -1.0028
563.0000 -1.0027
564.0000 -1.0026
565.0000 -1.0025
566.0000 -1.0024
567.0000 -1.0022
568.0000 -1.0021
569.0000 -1.0020
570.0000 -1.0018
571.0000 -1.0017
572.0000 -1.0016
573.0000 -1.0015
574.0000 -1.0013
575.0000 -1.0012
576.0000 -1.0011
577.0000 -1.0010
578.0000 -1.0009
579.0000 -1.0008
580.0000 -1.0007
581.0000 -1.0006
582.0000 -1.0005
583.0000 -1.0004
584.0000 -1.0003
585.0000 -1.0003
586.0000 -1.0002
587.0000 -1.0001
588.0000 -1.0001
589.0000 -1.0000
590.0000 -1.0000
591.0000 -0.9999
592.0000 -0.9999
593.0000 -0.9999
594.0000 -0.9998
595.0000 -0.9998
596.0000 -0.9998
597.0000 -0.9998
598.0000 -0.9998
599.0000 -0.9997
600.0000 -0.9997
601.0000 -0.9997
602.0000 -0.9997
603.0000 -0.9997
604.0000 -0.9997
605.0000 -0.9997
606.0000 -0.9997
607.0000 -0.9997
608.0000 -0.9997
609.0000 -0.9998
610.0000 -0.9998
611.0000 0.7951
612.0000 -1.7205
613.0000 -0.6326
614.0000 -1.3290
615.0000 -0.8667
616.0000 -1.0950
617.0000 -0.9286
618.0000 -1.0131
619.0000 -0.9570
620.0000 -0.9897
621.0000 -0.9716
622.0000 -0.9849
623.0000 -0.9800
624.0000 -0.9862
625.0000 -0.9859
626.0000 -0.9894
627.0000 -0.9906
628.0000 -0.9931
629.0000 -0.9946
630.0000 -0.9965
631.0000 -0.9980
632.0000 -0.9995
633.0000 -1.0008
634.0000 -1.0020
635.0000 -1.0030
636.0000 -1.0039
637.0000 -1.0047
638.0000 -1.0054
639.0000 -1.0060
640.0000 -1.0064
641.0000 -1.0068
642.0000 -1.0071
643.0000 -1.0073
644.0000 -1.0074
645.0000 -1.0074
646.0000 -1.0074
647.0000 -1.0074
648.0000 -1.0072
649.0000 -1.0071
650.0000 -1.0069
651.0000 -1.0066
652.0000 -1.0064
653.0000 -1.0061
654.0000 -1.0057
655.0000 -1.0054
656.0000 -1.0051
657.0000 -1.0047
658.0000 -1.0043
659.0000 -1.0040
660.0000 -1.0036
661.0000 -1.0033
662.0000 -1.0029
663.0000 -1.0026
664.0000 -1.0022
665.0000 -1.0019
666.0000 -1.0016
667.0000 -1.0013
668.0000 -1.0010
669.0000 -1.0007
670.0000 -1.0004
671.0000 -1.0002
672.0000 -0.9999
673.0000 -0.9997
674.0000 -0.9995
675.0000 -0.9993
676.0000 -0.9992
677.0000 -0.9990
678.0000 -0.9989
679.0000 -0.9987
680.0000 -0.9986
681.0000 -0.9985
682.0000 -0.9985
683.0000 -0.9984
684.0000 -0.9983
685.0000 -0.9983
686.0000 -0.9982
687.0000 -0.9982
688.0000 -0.9982
689.0000 -0.9982
690.0000 -0.9982
691.0000 -0.9982
692.0000 -0.9982
693.0000 -0.9982
694.0000 -0.9983
695.0000 -0.9983
696.0000 -0.9983
697.0000 -0.9984
698.0000 -0.9984
699.0000 -0.9985
700.0000 -0.9985
701.0000 -0.9986
702.0000 -0.9986
703.0000 -0.9987
704.0000 -0.9987
705.0000 -0.9988
706.0000 -0.9988
707.0000 -0.9989
708.0000 -0.9989
709.0000 -0.9990
710.0000 -0.9990
711.0000 2.3363
712.0000 2.4471
713.0000 2.5526
714.0000 2.2148
715.0000 2.1618
716.0000 2.0424
717.0000 2.0421
718.0000 2.0142
719.0000 2.0221
720.0000 2.0156
721.0000 2.0194
722.0000 2.0170
723.0000 2.0179
724.0000 2.0164
725.0000 2.0160
726.0000 2.0148
727.0000 2.0141
728.0000 2.0130
729.0000 2.0120
730.0000 2.0110
731.0000 2.0100
732.0000 2.0090
733.0000 2.0080
734.0000 2.0071
735.0000 2.0062
736.0000 2.0053
737.0000 2.0044
738.0000 2.0036
739.0000 2.0028
740.0000 2.0021
741.0000 2.0014
742.0000 2.0008
743.0000 2.0002
744.0000 1.9996
745.0000 1.9991
746.0000 1.9986
747.0000 1.9982
748.0000 1.9978
749.0000 1.9974
750.0000 1.9971
751.0000 1.9968
752.0000 1.9966
753.0000 1.9963
754.0000 1.9962
755.0000 1.9960
756.0000 1.9959
757.0000 1.9958
758.0000 1.9957
759.0000 1.9957
760.0000 1.9957
761.0000 1.9957
762.0000 1.9957
763.0000 1.9957
764.0000 1.9957
765.0000 1.9958
766.0000 1.9959
767.0000 1.9960
768.0000 1.9961
769.0000 1.9962
770.0000 1.9963
771.0000 1.9964
772.0000 1.9965
773.0000 1.9966
774.0000 1.9967
775.0000 1.9969
776.0000 1.9970
777.0000 1.9971
778.0000 1.9973
779.0000 1.9974
780.0000 1.9975
781.0000 1.9976
782.0000 1.9978
783.0000 1.9979
784.0000 1.9980
785.0000 1.9981
786.0000 1.9982
787.0000 1.9983
788.0000 1.9984
789.0000 1.9985
790.0000 1.9986
791.0000 1.9987
792.0000 1.9988
793.0000 1.9988
794.0000 1.9989
795.0000 1.9990
796.0000 1.9991
797.0000 1.9991
798.0000 1.9992
799.0000 1.9992
800.0000 1.9993
801.0000 1.9993
802.0000 1.9994
803.0000 1.9994
804.0000 1.9994
805.0000 1.9995
806.0000 1.9995
807.0000 1.9995
808.0000 1.9995
809.0000 1.9996
810.0000 1.9996
811.0000 2.0336
812.0000 1.5055
813.0000 1.9111
814.0000 1.8369
815.0000 1.9950
816.0000 1.9559
817.0000 1.9989
818.0000 1.9764
819.0000 1.9873
820.0000 1.9774
821.0000 1.9809
822.0000 1.9776
823.0000 1.9795
824.0000 1.9792
825.0000 1.9808
826.0000 1.9817
827.0000 1.9833
828.0000 1.9846
829.0000 1.9862
830.0000 1.9877
831.0000 1.9892
832.0000 1.9906
833.0000 1.9920
834.0000 1.9934
835.0000 1.9946
836.0000 1.9958
837.0000 1.9969
838.0000 1.9980
839.0000 1.9989
840.0000 1.9998
841.0000 2.0005
842.0000 2.0013
843.0000 2.0019
844.0000 2.0025
845.0000 2.0030
846.0000 2.0034
847.0000 2.0038
848.0000 2.0041
849.0000 2.0043
850.0000 2.0046
851.0000 2.0047
852.0000 2.0048
853.0000 2.0049
854.0000 2.0049
855.0000 2.0050
856.0000 2.0049
857.0000 2.0049
858.0000 2.0048
859.0000 2.0047
860.0000 2.0046
861.0000 2.0044
862.0000 2.0043
863.0000 2.0041
864.0000 2.0039
865.0000 2.0037
866.0000 2.0036
867.0000 2.0034
868.0000 2.0032
869.0000 2.0030
870.0000 2.0028
871.0000 2.0026
872.0000 2.0024
873.0000 2.0022
874.0000 2.0020
875.0000 2.0018
876.0000 2.0016
877.0000 2.0015
878.0000 2.0013
879.0000 2.0012
880.0000 2.0010
881.0000 2.0009
882.0000 2.0007
883.0000 2.0006
884.0000 2.0005
885.0000 2.0004
886.0000 2.0003
887.0000 2.0002
888.0000 2.0001
889.0000 2.0000
890.0000 2.0000
891.0000 1.9999
892.0000 1.9998
893.0000 1.9998
894.0000 1.9998
895.0000 1.9997
896.0000 1.9997
897.0000 1.9997
898.0000 1.9996
899.0000 1.9996
900.0000 1.9996
901.0000 1.9996
902.0000 1.9996
903.0000 1.9996
904.0000 1.9996
905.0000 1.9996
906.0000 1.9996
907.0000 1.9996
908.0000 1.9996
909.0000 1.9996
910.0000 1.9996
