1.0000 -0.0093
2.0000 0.0020
3.0000 0.0811
4.0000 0.0257
5.0000 0.0237
6.0000 0.0982
7.0000 0.0412
8.0000 -0.0614
9.0000 -0.0899
10.0000 -0.0909
11.0000 0.0680
12.0000 -0.0179
13.0000 0.0144
14.0000 -0.0487
15.0000 -0.0300
16.0000 0.0332
17.0000 0.0245
18.0000 -0.0253
19.0000 -0.0537
20.0000 0.0804
21.0000 -0.0254
22.0000 0.0508
23.0000 -0.0212
24.0000 -0.0822
25.0000 0.0097
26.0000 0.0291
27.0000 0.0629
28.0000 -0.0073
29.0000 -0.0626
30.0000 -0.0896
31.0000 0.0685
32.0000 -0.0122
33.0000 -0.0943
34.0000 0.0592
35.0000 -0.0770
36.0000 0.0658
37.0000 0.0330
38.0000 0.0886
39.0000 0.0297
40.0000 -0.0867
41.0000 -0.0006
42.0000 -0.0879
43.0000 0.0302
44.0000 0.0277
45.0000 0.0531
46.0000 -0.0237
47.0000 -0.0320
48.0000 -0.0087
49.0000 -0.0092
50.0000 -0.0562
51.0000 -0.0960
52.0000 0.0532
53.0000 0.0238
54.0000 -0.0980
55.0000 0.0203
56.0000 -0.0315
57.0000 0.0404
58.0000 -0.0890
59.0000 0.0300
60.0000 0.0976
61.0000 -0.0271
62.0000 -0.0248
63.0000 -0.0416
64.0000 0.0345
65.0000 0.0737
66.0000 -0.0161
67.0000 -0.0701
68.0000 0.0745
69.0000 -0.0358
70.0000 -0.0129
71.0000 0.0850
72.0000 0.0255
73.0000 -0.0952
74.0000 -0.0907
75.0000 -0.0065
76.0000 -0.0870
77.0000 0.0068
78.0000 -0.0272
79.0000 -0.0701
80.0000 -0.0328
81.0000 -0.0027
82.0000 -0.0737
83.0000 0.0349
84.0000 0.0313
85.0000 0.0960
86.0000 0.0249
87.0000 -0.0004
88.0000 -0.0618
89.0000 -0.0994
90.0000 0.0068
91.0000 -0.0230
92.0000 -0.0993
93.0000 0.0277
94.0000 -0.0512
95.0000 0.0648
96.0000 -0.0065
97.0000 0.0682
98.0000 -0.0525
99.0000 -0.0188
100.0000 0.0903
101.0000 0.0531
102.0000 0.0832
103.0000 -0.0668
104.0000 -0.0407
105.0000 -0.0865
106.0000 -0.0666
107.0000 0.0622
108.0000 0.0940
109.0000 0.0975
110.0000 0.0917
111.0000 -0.0852
112.0000 0.0790
113.0000 -0.0995
114.0000 0.0606
115.0000 -0.0872
116.0000 -0.0795
117.0000 -0.0162
118.0000 0.0774
119.0000 -0.0432
120.0000 -0.0562
121.0000 -0.0941
122.0000 -0.0985
123.0000 -0.0184
124.0000 0.0305
125.0000 -0.0793
126.0000 -0.0670
127.0000 0.0333
128.0000 0.0525
129.0000 0.0266
130.0000 0.0377
131.0000 0.0063
132.0000 -0.0891
133.0000 -0.0134
134.0000 0.0260
135.0000 0.0170
136.0000 -0.0062
137.0000 -0.0642
138.0000 0.0926
139.0000 -0.0041
140.0000 -0.0815
141.0000 -0.0992
142.0000 0.0357
143.0000 -0.0043
144.0000 0.0203
145.0000 0.0365
146.0000 -0.0802
147.0000 -0.0780
148.0000 0.0378
149.0000 0.0555
150.0000 0.0797
151.0000 -0.0878
152.0000 -0.0834
153.0000 -0.0967
154.0000 -0.0975
155.0000 -0.0977
156.0000 0.0034
157.0000 -0.0613
158.0000 -0.0263
159.0000 0.0205
160.0000 -0.0384
161.0000 0.0679
162.0000 0.0028
163.0000 -0.0318
164.0000 0.0965
165.0000 -0.0637
166.0000 0.0160
167.0000 -0.0464
168.0000 -0.0639
169.0000 -0.0889
170.0000 -0.0427
171.0000 0.0801
172.0000 -0.0209
173.0000 -0.0139
174.0000 0.0458
175.0000 0.0904
176.0000 0.0903
177.0000 -0.0420
178.0000 -0.0580
179.0000 0.0041
180.0000 -0.0195
181.0000 -0.0843
182.0000 0.0206
183.0000 0.0330
184.0000 -0.0333
185.0000 -0.0592
186.0000 0.0424
187.0000 -0.0114
188.0000 0.0860
189.0000 0.0253
190.0000 0.0846
191.0000 -0.0189
192.0000 0.0388
193.0000 -0.0019
194.0000 -0.0347
195.0000 -0.0222
196.0000 0.0352
197.0000 -0.0780
198.0000 0.0535
199.0000 -0.0932
200.0000 0.0874
201.0000 0.0139
202.0000 -0.0946
203.0000 0.0654
204.0000 -0.0908
205.0000 0.0321
206.0000 0.0319
207.0000 0.0436
208.0000 -0.0933
209.0000 0.0433
210.0000 0.0968
211.0000 0.0793
212.0000 0.0602
213.0000 -0.0162
214.0000 0.0309
215.0000 -0.0451
216.0000 -0.0858
217.0000 -0.0464
218.0000 0.0262
219.0000 0.0918
220.0000 0.0477
221.0000 0.0211
222.0000 0.0615
223.0000 0.0756
224.0000 -0.0696
225.0000 0.0582
226.0000 -0.0220
227.0000 0.0468
228.0000 0.0585
229.0000 0.0065
230.0000 -0.0858
231.0000 -0.0951
232.0000 -0.0741
233.0000 0.0345
234.0000 -0.0003
235.0000 -0.0372
236.0000 0.0573
237.0000 -0.0004
238.0000 0.0190
239.0000 -0.0338
240.0000 0.0588
241.0000 -0.0075
242.0000 0.0359
243.0000 0.0304
244.0000 -0.0203
245.0000 -0.0867
246.0000 0.0938
247.0000 0.0458
248.0000 0.0513
249.0000 0.0540
250.0000 -0.0777
251.0000 -0.0016
252.0000 -0.0926
253.0000 0.0453
254.0000 -0.0704
255.0000 -0.0238
256.0000 -0.0178
257.0000 0.0598
258.0000 -0.0991
259.0000 0.0357
260.0000 0.0686
261.0000 -0.0946
262.0000 0.0596
263.0000 0.0567
264.0000 0.0651
265.0000 -0.0189
266.0000 -0.0038
267.0000 -0.0439
268.0000 -0.0948
269.0000 0.0668
270.0000 0.0660
271.0000 0.0342
272.0000 0.0469
273.0000 0.0887
274.0000 -0.0247
275.0000 0.0930
276.0000 -0.0831
277.0000 0.0014
278.0000 0.0507
279.0000 -0.0493
280.0000 -0.0130
281.0000 0.0201
282.0000 -0.0784
283.0000 0.0101
284.0000 -0.0695
285.0000 -0.0105
286.0000 -0.0291
287.0000 0.0763
288.0000 -0.0187
289.0000 0.0282
290.0000 -0.0008
291.0000 0.0157
292.0000 -0.0146
293.0000 0.0859
294.0000 -0.0283
295.0000 0.0574
296.0000 0.0125
297.0000 -0.0815
298.0000 0.0886
299.0000 0.0692
300.0000 -0.0977
301.0000 0.0301
302.0000 0.0299
303.0000 0.0151
304.0000 -0.0444
305.0000 -0.0146
306.0000 0.0667
307.0000 -0.0198
308.0000 -0.0112
309.0000 0.0489
310.0000 -0.0141
311.0000 0.0952
312.0000 0.0819
313.0000 0.0769
314.0000 0.0818
315.0000 -0.0203
316.0000 0.0135
317.0000 -0.0572
318.0000 0.0761
319.0000 -0.0510
320.0000 -0.0391
321.0000 0.0767
322.0000 -0.0218
323.0000 -0.0686
324.0000 0.0398
325.0000 0.0062
326.0000 -0.0473
327.0000 0.0679
328.0000 -0.0695
329.0000 0.0316
330.0000 -0.0416
331.0000 0.0432
332.0000 -0.0175
333.0000 0.0563
334.0000 0.0804
335.0000 -0.0001
336.0000 0.0354
337.0000 0.0393
338.0000 0.0892
339.0000 0.0030
340.0000 0.0954
341.0000 0.0504
342.0000 0.0563
343.0000 -0.0143
344.0000 -0.0349
345.0000 -0.0099
346.0000 0.0584
347.0000 0.0065
348.0000 0.0798
349.0000 0.0802
350.0000 0.0617
351.0000 -0.0543
352.0000 -0.0304
353.0000 -0.0944
354.0000 0.0361
355.0000 0.0878
356.0000 0.0835
357.0000 0.0771
358.0000 -0.0400
359.0000 0.0535
360.0000 0.0458
361.0000 0.0302
362.0000 0.0063
363.0000 -0.0972
364.0000 0.0773
365.0000 -0.0115
366.0000 -0.0410
367.0000 0.0389
368.0000 0.0110
369.0000 0.0116
370.0000 0.0790
371.0000 -0.0738
372.0000 -0.0693
373.0000 -0.0982
374.0000 0.0218
375.0000 0.0467
376.0000 -0.0009
377.0000 0.0466
378.0000 0.0492
379.0000 0.0490
380.0000 0.0169
381.0000 -0.0825
382.0000 0.0372
383.0000 0.0939
384.0000 -0.0400
385.0000 -0.0527
386.0000 0.0411
387.0000 0.0045
388.0000 -0.0074
389.0000 -0.0568
390.0000 0.0813
391.0000 0.0030
392.0000 -0.0794
393.0000 -0.0282
394.0000 -0.0213
395.0000 0.0091
396.0000 -0.0506
397.0000 0.0683
398.0000 -0.0367
399.0000 0.0945
400.0000 0.0556
401.0000 0.0302
402.0000 0.0878
403.0000 -0.0203
404.0000 -0.0119
405.0000 -0.0122
406.0000 -0.0210
407.0000 0.0503
408.0000 -0.0019
409.0000 -0.0498
410.0000 0.0276
411.0000 0.0985
412.0000 -0.0816
413.0000 -0.0674
414.0000 0.0194
415.0000 -0.0859
416.0000 0.0627
417.0000 -0.0291
418.0000 -0.0684
419.0000 0.0404
420.0000 0.0234
421.0000 0.0303
422.0000 -0.0431
423.0000 0.0637
424.0000 -0.0999
425.0000 -0.0985
426.0000 -0.0786
427.0000 -0.0521
428.0000 -0.0501
429.0000 -0.0158
430.0000 0.0575
431.0000 0.0688
432.0000 0.0652
433.0000 -0.0869
434.0000 0.0403
435.0000 -0.0808
436.0000 0.0624
437.0000 -0.0821
438.0000 0.0808
439.0000 -0.0859
440.0000 0.0464
441.0000 -0.0151
442.0000 0.0908
443.0000 -0.0767
444.0000 -0.0783
445.0000 -0.0503
446.0000 0.0633
447.0000 -0.0022
448.0000 0.0830
449.0000 -0.0572
450.0000 0.0569
451.0000 0.0494
452.0000 0.0167
453.0000 -0.0830
454.0000 0.0834
455.0000 -0.0461
456.0000 0.0544
457.0000 0.0760
458.0000 -0.0352
459.0000 -0.0407
460.0000 -0.0436
461.0000 0.0490
462.0000 0.0307
463.0000 -0.0374
464.0000 0.0583
465.0000 0.0170
466.0000 -0.0846
467.0000 0.0654
468.0000 -0.0232
469.0000 0.0635
470.0000 -0.0252
471.0000 0.0293
472.0000 -0.0434
473.0000 0.0184
474.0000 0.0978
475.0000 0.0472
476.0000 -0.0131
477.0000 -0.0280
478.0000 0.0114
479.0000 -0.0736
480.0000 -0.0028
481.0000 -0.0798
482.0000 -0.0731
483.0000 0.0901
484.0000 -0.0505
485.0000 0.0338
486.0000 0.0218
487.0000 -0.0239
488.0000 -0.0687
489.0000 -0.0321
490.0000 -0.0245
491.0000 0.0211
492.0000 0.0856
493.0000 0.0701
494.0000 -0.0429
495.0000 0.0403
496.0000 0.0935
497.0000 0.0990
498.0000 0.0007
499.0000 -0.0224
500.0000 -0.0734
501.0000 0.0130
502.0000 0.0596
503.0000 0.0716
504.0000 -0.0416
505.0000 -0.0321
506.0000 -0.0659
507.0000 0.0072
508.0000 -0.0465
509.0000 -0.0138
510.0000 0.0570
