1.0000 0.1775
2.0000 0.4933
3.0000 -0.2249
4.0000 -0.0889
5.0000 0.1291
6.0000 -0.4567
7.0000 -0.2995
8.0000 -0.0571
9.0000 -0.1102
10.0000 0.2484
11.0000 -0.3394
12.0000 -0.0373
13.0000 -0.4068
14.0000 -0.1642
15.0000 -0.3537
16.0000 -0.2188
17.0000 -0.1579
18.0000 -0.2320
19.0000 0.1092
20.0000 0.2015
21.0000 0.1839
22.0000 -0.0682
23.0000 0.0860
24.0000 0.2847
25.0000 0.4244
26.0000 0.0363
27.0000 -0.2627
28.0000 -0.3923
29.0000 -0.4056
30.0000 0.3126
31.0000 0.3665
32.0000 -0.1733
33.0000 0.0182
34.0000 0.3595
35.0000 0.3437
36.0000 0.2194
37.0000 -0.4907
38.0000 0.0074
39.0000 0.0500
40.0000 0.1962
41.0000 -0.4753
42.0000 -0.0786
43.0000 -0.4206
44.0000 0.4003
45.0000 -0.1087
46.0000 0.0533
47.0000 0.2983
48.0000 0.2980
49.0000 0.4199
50.0000 -0.4706
51.0000 0.0384
52.0000 0.0022
53.0000 -0.2700
54.0000 0.4898
55.0000 -0.4400
56.0000 -0.1559
57.0000 0.1371
58.0000 0.3053
59.0000 -0.0660
60.0000 0.1081
61.0000 0.4411
62.0000 -0.2443
63.0000 0.4937
64.0000 0.3996
65.0000 -0.2800
66.0000 0.4511
67.0000 0.0041
68.0000 0.2685
69.0000 -0.4711
70.0000 -0.1766
71.0000 0.1302
72.0000 -0.3418
73.0000 -0.1913
74.0000 0.3768
75.0000 -0.1969
76.0000 -0.1601
77.0000 0.1535
78.0000 0.2579
79.0000 -0.0812
80.0000 -0.4691
81.0000 -0.2291
82.0000 -0.1665
83.0000 -0.3987
84.0000 0.4045
85.0000 0.0918
86.0000 0.4516
87.0000 0.3871
88.0000 0.1896
89.0000 -0.2767
90.0000 -0.3275
91.0000 -0.4655
92.0000 0.0223
93.0000 -0.0524
94.0000 0.2572
95.0000 0.0566
96.0000 0.3402
97.0000 -0.0644
98.0000 -0.3473
99.0000 0.3765
100.0000 0.0703
101.0000 0.4846
102.0000 -0.1493
103.0000 -0.2448
104.0000 -0.4214
105.0000 0.1350
106.0000 -0.4185
107.0000 0.0447
108.0000 0.1427
109.0000 -0.3932
110.0000 0.1219
111.0000 -0.2251
112.0000 -0.1342
113.0000 -0.4302
114.0000 0.1779
115.0000 -0.2627
116.0000 0.2271
117.0000 0.0520
118.0000 0.3246
119.0000 -0.3641
120.0000 0.2203
121.0000 -0.4402
122.0000 -0.0088
123.0000 -0.3522
124.0000 -0.4282
125.0000 -0.1063
126.0000 -0.4194
127.0000 0.4274
128.0000 0.4566
129.0000 0.4600
130.0000 -0.4366
131.0000 0.0556
132.0000 -0.2988
133.0000 -0.1523
134.0000 0.3361
135.0000 -0.2851
136.0000 -0.2900
137.0000 -0.3915
138.0000 0.4109
139.0000 -0.0309
140.0000 -0.1891
141.0000 -0.2378
142.0000 0.4112
143.0000 -0.2347
144.0000 -0.4358
145.0000 0.4483
146.0000 0.4567
147.0000 0.0270
148.0000 -0.2853
149.0000 -0.3617
150.0000 0.3753
151.0000 -0.0030
152.0000 -0.4222
153.0000 -0.4742
154.0000 -0.4851
155.0000 -0.3803
156.0000 0.1222
157.0000 -0.1901
158.0000 0.2823
159.0000 -0.2189
160.0000 -0.3889
161.0000 -0.3977
162.0000 0.1621
163.0000 0.4320
164.0000 -0.4796
165.0000 -0.0268
166.0000 -0.4109
167.0000 -0.3320
168.0000 -0.2140
169.0000 0.3522
170.0000 0.2272
171.0000 -0.1894
172.0000 -0.1082
173.0000 0.4785
174.0000 0.0078
175.0000 -0.3027
176.0000 -0.2321
177.0000 0.0515
178.0000 -0.2304
179.0000 -0.1900
180.0000 -0.1218
181.0000 0.1762
182.0000 0.4615
183.0000 -0.0722
184.0000 0.1130
185.0000 0.3808
186.0000 -0.4108
187.0000 0.1074
188.0000 0.4255
189.0000 0.4940
190.0000 0.1171
191.0000 -0.4710
192.0000 -0.4700
193.0000 -0.2860
194.0000 0.4586
195.0000 0.2985
196.0000 -0.1908
197.0000 -0.2330
198.0000 0.1074
199.0000 0.3744
200.0000 -0.4468
201.0000 0.3589
202.0000 -0.4249
203.0000 -0.2998
204.0000 -0.0927
205.0000 -0.3520
206.0000 -0.3501
207.0000 0.0454
208.0000 -0.4245
209.0000 -0.1406
210.0000 0.4659
211.0000 -0.0794
212.0000 -0.1529
213.0000 -0.4622
214.0000 -0.1266
215.0000 -0.0589
216.0000 -0.1122
217.0000 0.2663
218.0000 -0.4073
219.0000 -0.1223
220.0000 0.1238
221.0000 0.4116
222.0000 -0.0147
223.0000 0.4821
224.0000 -0.1513
225.0000 0.4920
226.0000 0.2416
227.0000 0.2334
228.0000 -0.1004
229.0000 0.3816
230.0000 0.4490
231.0000 -0.4420
232.0000 0.0275
233.0000 -0.4899
234.0000 0.1074
235.0000 0.1581
236.0000 -0.4262
237.0000 -0.1488
238.0000 0.2394
239.0000 -0.4824
240.0000 0.3808
241.0000 0.3109
242.0000 -0.4756
243.0000 0.4349
244.0000 -0.0952
245.0000 -0.0187
246.0000 0.4424
247.0000 0.2836
248.0000 -0.3578
249.0000 -0.1064
250.0000 0.1409
251.0000 -0.4360
252.0000 -0.1855
253.0000 -0.4910
254.0000 0.3806
255.0000 -0.1823
256.0000 0.3001
257.0000 0.3132
258.0000 -0.3079
259.0000 -0.4361
260.0000 0.1034
261.0000 -0.3394
262.0000 0.2570
263.0000 -0.0708
264.0000 -0.1970
265.0000 -0.0580
266.0000 0.1256
267.0000 -0.2131
268.0000 0.4209
269.0000 -0.1901
270.0000 0.2809
271.0000 -0.0385
272.0000 0.1050
273.0000 0.0990
274.0000 -0.3847
275.0000 -0.2289
276.0000 0.0166
277.0000 -0.1914
278.0000 0.2794
279.0000 -0.4775
280.0000 0.1051
281.0000 0.4148
282.0000 0.4162
283.0000 0.4276
284.0000 0.1946
285.0000 0.0402
286.0000 0.1281
287.0000 -0.2840
288.0000 0.3627
289.0000 -0.3749
290.0000 -0.4796
291.0000 -0.1796
292.0000 0.1142
293.0000 -0.1886
294.0000 -0.2245
295.0000 0.3306
296.0000 0.2212
297.0000 0.2645
298.0000 -0.1157
299.0000 -0.4987
300.0000 -0.3322
301.0000 0.0155
302.0000 0.0938
303.0000 0.0928
304.0000 -0.3784
305.0000 -0.4679
306.0000 0.0242
307.0000 -0.1936
308.0000 -0.4349
309.0000 -0.2552
310.0000 -0.2933
311.0000 0.2434
312.0000 0.3232
313.0000 0.4798
314.0000 -0.2159
315.0000 -0.4699
316.0000 0.3962
317.0000 0.2207
318.0000 0.2589
319.0000 -0.3065
320.0000 -0.3321
321.0000 0.3494
322.0000 0.1607
323.0000 -0.3518
324.0000 0.1454
325.0000 0.3534
326.0000 0.2809
327.0000 0.4674
328.0000 -0.4156
329.0000 -0.2317
330.0000 0.2670
331.0000 -0.3460
332.0000 0.3934
333.0000 0.0175
334.0000 -0.0807
335.0000 0.4518
336.0000 0.3937
337.0000 0.2755
338.0000 -0.4833
339.0000 -0.4247
340.0000 -0.0119
341.0000 0.0681
342.0000 -0.3709
343.0000 -0.2312
344.0000 -0.1041
345.0000 0.1144
346.0000 -0.4880
347.0000 -0.1012
348.0000 0.0428
349.0000 -0.1758
350.0000 0.3790
351.0000 -0.1056
352.0000 -0.0743
353.0000 -0.0751
354.0000 0.1954
355.0000 0.2335
356.0000 -0.0035
357.0000 0.0917
358.0000 0.4551
359.0000 -0.3168
360.0000 -0.2086
361.0000 -0.3111
362.0000 -0.2034
363.0000 0.1602
364.0000 -0.4218
365.0000 -0.2760
366.0000 0.2002
367.0000 0.0591
368.0000 0.0309
369.0000 -0.0537
370.0000 0.0954
371.0000 -0.3989
372.0000 -0.2778
373.0000 0.2767
374.0000 0.1211
375.0000 -0.0220
376.0000 0.3272
377.0000 -0.3557
378.0000 0.0321
379.0000 0.3357
380.0000 0.3876
381.0000 -0.2988
382.0000 -0.0380
383.0000 0.2249
384.0000 0.2980
385.0000 0.0380
386.0000 0.0304
387.0000 -0.2847
388.0000 0.3627
389.0000 -0.0395
390.0000 0.1283
391.0000 -0.0985
392.0000 -0.1212
393.0000 -0.3069
394.0000 -0.3792
395.0000 0.4472
396.0000 -0.0613
397.0000 0.0296
398.0000 0.2782
399.0000 0.0021
400.0000 -0.3899
401.0000 -0.0674
402.0000 -0.4707
403.0000 0.4637
404.0000 0.2434
405.0000 0.2693
406.0000 0.0408
407.0000 0.4301
408.0000 -0.4802
409.0000 0.1074
410.0000 0.0963
411.0000 -0.0919
412.0000 -0.0743
413.0000 -0.1500
414.0000 -0.3729
415.0000 -0.2105
416.0000 -0.0430
417.0000 -0.4415
418.0000 -0.1621
419.0000 0.4850
420.0000 0.1465
421.0000 0.0119
422.0000 0.3838
423.0000 -0.3360
424.0000 -0.2444
425.0000 -0.2234
426.0000 -0.4941
427.0000 0.1701
428.0000 -0.2439
429.0000 0.4718
430.0000 -0.1990
431.0000 0.0434
432.0000 0.0522
433.0000 -0.2415
434.0000 0.3134
435.0000 0.0008
436.0000 0.4507
437.0000 -0.2124
438.0000 -0.0037
439.0000 -0.2868
440.0000 -0.3757
441.0000 -0.0336
442.0000 0.2546
443.0000 0.2060
444.0000 0.3205
445.0000 0.4662
446.0000 0.1388
447.0000 0.4773
448.0000 -0.1003
449.0000 0.0516
450.0000 0.3554
451.0000 0.3778
452.0000 -0.4508
453.0000 -0.1798
454.0000 -0.0119
455.0000 -0.1327
456.0000 -0.2318
457.0000 0.4091
458.0000 0.4065
459.0000 0.0567
460.0000 -0.3468
461.0000 -0.2666
462.0000 -0.1884
463.0000 0.0871
464.0000 -0.4359
465.0000 -0.3109
466.0000 0.1165
467.0000 -0.3670
468.0000 -0.4121
469.0000 -0.2177
470.0000 -0.2802
471.0000 -0.3065
472.0000 0.4184
473.0000 -0.0824
474.0000 0.0527
475.0000 -0.2640
476.0000 -0.1718
477.0000 0.4288
478.0000 0.2900
479.0000 -0.0802
480.0000 -0.0871
481.0000 -0.2621
482.0000 0.3000
483.0000 0.4600
484.0000 0.4606
485.0000 0.1082
486.0000 0.0626
487.0000 -0.2470
488.0000 -0.0073
489.0000 0.4876
490.0000 -0.2798
491.0000 -0.4084
492.0000 -0.1218
493.0000 -0.0735
494.0000 -0.2758
495.0000 0.3583
496.0000 0.0889
497.0000 -0.2494
498.0000 0.0206
499.0000 0.1633
500.0000 0.1348
501.0000 -0.4592
502.0000 -0.1762
503.0000 0.4233
504.0000 -0.4321
505.0000 -0.0608
506.0000 -0.4503
507.0000 -0.3727
508.0000 -0.0236
509.0000 -0.0646
510.0000 0.0658
