1.0000 0.0000
2.0000 0.0000
3.0000 0.0000
4.0000 0.0000
5.0000 0.0000
6.0000 0.0000
7.0000 0.0000
8.0000 0.0000
9.0000 0.0000
10.0000 0.0000
11.0000 0.0000
12.0000 0.0000
13.0000 0.0000
14.0000 0.0301
15.0000 -0.0069
16.0000 0.1274
17.0000 0.1853
18.0000 0.1905
19.0000 0.2530
20.0000 0.2654
21.0000 0.2326
22.0000 0.1842
23.0000 0.2278
24.0000 0.1751
25.0000 0.1599
26.0000 0.1427
27.0000 0.0816
28.0000 0.0564
29.0000 0.0351
30.0000 0.0760
31.0000 0.1155
32.0000 0.0879
33.0000 0.0790
34.0000 0.1158
35.0000 0.0765
36.0000 0.0450
37.0000 0.0402
38.0000 -0.0456
39.0000 -0.0313
40.0000 -0.0175
41.0000 -0.0474
42.0000 -0.0297
43.0000 -0.0483
44.0000 -0.0114
45.0000 0.0307
46.0000 0.0374
47.0000 -0.0166
48.0000 0.0290
49.0000 -0.0392
50.0000 -0.1178
51.0000 -0.0980
52.0000 -0.1504
53.0000 -0.1400
54.0000 -0.0747
55.0000 -0.0853
56.0000 -0.0394
57.0000 -0.0159
58.0000 -0.0672
59.0000 -0.0460
60.0000 -0.0739
61.0000 -0.0602
62.0000 -0.0116
63.0000 -0.0217
64.0000 0.0004
65.0000 0.0206
66.0000 -0.0355
67.0000 -0.0548
68.0000 -0.0454
69.0000 -0.0827
70.0000 -0.0431
71.0000 -0.0182
72.0000 0.0210
73.0000 0.0339
74.0000 -0.0327
75.0000 -0.0036
76.0000 -0.0227
77.0000 -0.0340
78.0000 0.0150
79.0000 -0.0180
80.0000 -0.0187
81.0000 0.0339
82.0000 -0.0022
83.0000 -0.0078
84.0000 0.0048
85.0000 0.0231
86.0000 0.0455
87.0000 0.0765
88.0000 0.0376
89.0000 0.0100
90.0000 -0.0343
91.0000 -0.0808
92.0000 -0.0412
93.0000 -0.0328
94.0000 0.0019
95.0000 0.0459
96.0000 0.0417
97.0000 0.0478
98.0000 0.0729
99.0000 0.0573
100.0000 0.0720
101.0000 0.0165
102.0000 -0.0205
103.0000 -0.0254
104.0000 -0.0051
105.0000 0.0156
106.0000 0.0173
107.0000 -0.0016
108.0000 -0.0129
109.0000 0.0155
110.0000 0.0424
111.0000 0.0224
112.0000 0.0606
113.0000 0.0224
114.0000 -0.0231
115.0000 0.0345
116.0000 -0.0630
117.0000 0.0148
118.0000 -0.0170
119.0000 0.0085
120.0000 0.0565
121.0000 0.0404
122.0000 0.0854
123.0000 0.0975
124.0000 0.0766
125.0000 0.0286
126.0000 0.0310
127.0000 0.0421
128.0000 -0.0303
129.0000 0.0493
130.0000 -0.0308
131.0000 -0.0472
132.0000 -0.0452
133.0000 -0.0331
134.0000 -0.0384
135.0000 -0.0243
136.0000 -0.0242
137.0000 0.0600
138.0000 0.0069
139.0000 0.0427
140.0000 0.0727
141.0000 0.0099
142.0000 -0.0107
143.0000 0.0274
144.0000 0.0175
145.0000 -0.0180
146.0000 0.0564
147.0000 0.0649
148.0000 0.0302
149.0000 0.0621
150.0000 0.0091
151.0000 0.0068
152.0000 0.0311
153.0000 -0.0399
154.0000 -0.0346
155.0000 -0.0330
156.0000 -0.0656
157.0000 -0.0545
158.0000 -0.0157
159.0000 -0.0605
160.0000 0.0197
161.0000 -0.0281
162.0000 -0.0188
163.0000 -0.0322
164.0000 -0.0218
165.0000 -0.0462
166.0000 -0.0574
167.0000 -0.0190
168.0000 -0.0275
169.0000 0.0274
170.0000 0.0468
171.0000 -0.0073
172.0000 0.0034
173.0000 -0.0530
174.0000 -0.0678
175.0000 -0.0841
176.0000 -0.0168
177.0000 -0.0010
178.0000 0.0044
179.0000 0.0517
180.0000 0.0732
181.0000 0.0776
182.0000 0.0653
183.0000 0.0707
184.0000 0.0365
185.0000 -0.0219
186.0000 -0.0686
187.0000 -0.0839
188.0000 -0.0350
189.0000 0.0172
190.0000 -0.0087
191.0000 0.0041
192.0000 -0.0125
193.0000 0.0203
194.0000 0.0007
195.0000 0.0293
196.0000 0.0263
197.0000 -0.0155
198.0000 0.0067
199.0000 0.0015
200.0000 0.0206
201.0000 -0.0163
202.0000 -0.0028
203.0000 -0.0088
204.0000 0.0401
205.0000 0.0578
206.0000 0.0498
207.0000 0.0738
208.0000 0.0531
209.0000 0.0554
210.0000 0.0099
211.0000 0.0335
212.0000 0.0139
213.0000 0.0184
214.0000 0.0165
215.0000 0.0064
216.0000 -0.0031
217.0000 0.0448
218.0000 0.0070
219.0000 0.0037
220.0000 0.0049
221.0000 0.0225
222.0000 0.0593
223.0000 0.0379
224.0000 0.0981
225.0000 0.0560
226.0000 -0.0209
227.0000 -0.0220
228.0000 0.0314
229.0000 0.0260
230.0000 0.0701
231.0000 0.0792
232.0000 0.0467
233.0000 0.0074
234.0000 0.0345
235.0000 -0.0149
236.0000 -0.0209
237.0000 -0.0268
238.0000 -0.0711
239.0000 -0.0702
240.0000 0.0239
241.0000 0.0019
242.0000 -0.0244
243.0000 -0.0085
244.0000 -0.0211
245.0000 -0.0323
246.0000 0.0300
247.0000 -0.0062
248.0000 0.0043
249.0000 -0.0279
250.0000 0.0124
251.0000 -0.0118
252.0000 -0.0009
253.0000 0.0627
254.0000 0.0409
255.0000 0.0530
256.0000 0.0714
257.0000 0.0108
258.0000 -0.0204
259.0000 0.0024
260.0000 0.0026
261.0000 -0.0198
262.0000 0.0326
263.0000 -0.0083
264.0000 0.2631
265.0000 0.3710
266.0000 0.4640
267.0000 0.5501
268.0000 0.5243
269.0000 0.5674
270.0000 0.5123
271.0000 0.5287
272.0000 0.5686
273.0000 0.5848
274.0000 0.5684
275.0000 0.5721
276.0000 0.5594
277.0000 0.6205
278.0000 0.6642
279.0000 0.7340
280.0000 0.7686
281.0000 0.8053
282.0000 0.8107
283.0000 0.8637
284.0000 0.9087
285.0000 0.8470
286.0000 0.9303
287.0000 0.8677
288.0000 0.9036
289.0000 0.9373
290.0000 0.9426
291.0000 0.9270
292.0000 0.9863
293.0000 0.9813
294.0000 0.9804
295.0000 1.0226
296.0000 1.0137
297.0000 1.0531
298.0000 1.0020
299.0000 1.0228
300.0000 1.0764
301.0000 1.0083
302.0000 0.9981
303.0000 1.0595
304.0000 1.0634
305.0000 1.0569
306.0000 1.0780
307.0000 1.0309
308.0000 1.0530
309.0000 1.0751
310.0000 1.1116
311.0000 1.1307
312.0000 1.0397
313.0000 1.0209
314.0000 1.0521
315.0000 1.0649
316.0000 1.0594
317.0000 1.0176
318.0000 1.0607
319.0000 1.0136
320.0000 1.0007
321.0000 0.9844
322.0000 1.0030
323.0000 1.0290
324.0000 0.9681
325.0000 0.9674
326.0000 0.9768
327.0000 0.9337
328.0000 0.9428
329.0000 1.0051
330.0000 0.9537
331.0000 0.9650
332.0000 0.9692
333.0000 1.0019
334.0000 1.0095
335.0000 0.9859
336.0000 1.0345
337.0000 0.9932
338.0000 0.9855
339.0000 0.9660
340.0000 0.9836
341.0000 0.9600
342.0000 1.0002
343.0000 1.0139
344.0000 0.9921
345.0000 1.0033
346.0000 0.9893
347.0000 0.9663
348.0000 0.9576
349.0000 0.9945
350.0000 0.9863
351.0000 0.9985
352.0000 1.0027
353.0000 0.9908
354.0000 0.9776
355.0000 0.9725
356.0000 0.9533
357.0000 0.9677
358.0000 0.9806
359.0000 0.9989
360.0000 0.9947
361.0000 0.9530
362.0000 0.9945
363.0000 0.9233
364.0000 0.9222
365.0000 1.0058
366.0000 0.9797
367.0000 0.9390
368.0000 0.9459
369.0000 0.9112
370.0000 0.9579
371.0000 0.9406
372.0000 0.9231
373.0000 0.9981
374.0000 0.9381
375.0000 0.9841
376.0000 0.9836
377.0000 1.0090
378.0000 0.9942
379.0000 1.0254
380.0000 0.9835
381.0000 0.9563
382.0000 0.9593
383.0000 1.0076
384.0000 1.0053
385.0000 0.9788
386.0000 0.9877
387.0000 1.0311
388.0000 1.0112
389.0000 1.0426
390.0000 0.9820
391.0000 0.9786
392.0000 0.9896
393.0000 0.9784
394.0000 1.0234
395.0000 1.0607
396.0000 1.0463
397.0000 1.0210
398.0000 0.9930
399.0000 0.9700
400.0000 0.9989
401.0000 1.0232
402.0000 1.0471
403.0000 1.0917
404.0000 1.0872
405.0000 1.0943
406.0000 1.0228
407.0000 1.0736
408.0000 1.0568
409.0000 1.0791
410.0000 1.0646
411.0000 1.0176
412.0000 1.0026
413.0000 1.0497
414.0000 1.0143
415.0000 0.9926
416.0000 1.0427
417.0000 0.9904
418.0000 1.0080
419.0000 1.0067
420.0000 0.9680
421.0000 1.0024
422.0000 0.9777
423.0000 1.0230
424.0000 1.0788
425.0000 1.0472
426.0000 1.0220
427.0000 1.0350
428.0000 1.0677
429.0000 1.0630
430.0000 1.0177
431.0000 1.0506
432.0000 1.0312
433.0000 0.9853
434.0000 1.0060
435.0000 0.9507
436.0000 1.0117
437.0000 0.9464
438.0000 0.9746
439.0000 1.0374
440.0000 0.9983
441.0000 1.0416
442.0000 1.0389
443.0000 0.9714
444.0000 0.9860
445.0000 0.9819
446.0000 0.9066
447.0000 0.9651
448.0000 0.9434
449.0000 1.0060
450.0000 1.0605
451.0000 1.0487
452.0000 1.0852
453.0000 1.0268
454.0000 0.9887
455.0000 0.9601
456.0000 0.9099
457.0000 0.9396
458.0000 0.9291
459.0000 0.9385
460.0000 0.9462
461.0000 0.9363
462.0000 0.9604
463.0000 0.9755
464.0000 1.0318
465.0000 1.0685
466.0000 1.0580
467.0000 1.0249
468.0000 1.0137
469.0000 1.0289
470.0000 1.0014
471.0000 1.0142
472.0000 1.0246
473.0000 1.0264
474.0000 1.0769
475.0000 1.0366
476.0000 1.0771
477.0000 1.0332
478.0000 0.9929
479.0000 1.0545
480.0000 1.0191
481.0000 1.0434
482.0000 0.9938
483.0000 1.0593
484.0000 1.0130
485.0000 0.9965
486.0000 1.0364
487.0000 1.0649
488.0000 1.0654
489.0000 1.0532
490.0000 1.0307
491.0000 1.0241
492.0000 1.0154
493.0000 0.9646
494.0000 1.0001
495.0000 1.0407
496.0000 0.9817
497.0000 0.9915
498.0000 0.9958
499.0000 0.9936
500.0000 1.0236
501.0000 1.0035
502.0000 1.0277
503.0000 0.9987
504.0000 1.0088
505.0000 1.0535
506.0000 1.0731
507.0000 1.0196
508.0000 1.0127
509.0000 1.0567
510.0000 1.0210
