1.0000 0.0000
2.0000 0.0000
3.0000 0.0000
4.0000 0.0000
5.0000 0.0000
6.0000 0.0000
7.0000 0.0000
8.0000 0.0000
9.0000 0.0000
10.0000 0.0000
11.0000 0.0000
12.0000 0.0000
13.0000 0.0000
14.0000 0.0215
15.0000 -0.0058
16.0000 0.1304
17.0000 0.1590
18.0000 0.2198
19.0000 0.2753
20.0000 0.2528
21.0000 0.2389
22.0000 0.2443
23.0000 0.2084
24.0000 0.1873
25.0000 0.1919
26.0000 0.1669
27.0000 0.1557
28.0000 0.1706
29.0000 0.1433
30.0000 0.1406
31.0000 0.1189
32.0000 0.1092
33.0000 0.1160
34.0000 0.1280
35.0000 0.0858
36.0000 0.0848
37.0000 0.0878
38.0000 0.0419
39.0000 0.0719
40.0000 0.0215
41.0000 0.0112
42.0000 -0.0016
43.0000 -0.0296
44.0000 -0.0087
45.0000 -0.0051
46.0000 0.0115
47.0000 -0.0128
48.0000 -0.0273
49.0000 -0.0301
50.0000 -0.0303
51.0000 -0.0292
52.0000 -0.0362
53.0000 -0.0275
54.0000 -0.0334
55.0000 -0.0153
56.0000 -0.0522
57.0000 -0.0580
58.0000 -0.0290
59.0000 -0.0530
60.0000 -0.0350
61.0000 -0.0461
62.0000 -0.0319
63.0000 -0.0386
64.0000 -0.0719
65.0000 -0.0335
66.0000 -0.0485
67.0000 -0.0233
68.0000 -0.0305
69.0000 -0.0540
70.0000 -0.0242
71.0000 -0.0090
72.0000 -0.0434
73.0000 0.0019
74.0000 -0.0045
75.0000 -0.0380
76.0000 -0.0143
77.0000 -0.0110
78.0000 0.0020
79.0000 0.0011
80.0000 0.0206
81.0000 0.0061
82.0000 0.0206
83.0000 0.0171
84.0000 0.0152
85.0000 0.0208
86.0000 0.0317
87.0000 -0.0010
88.0000 0.0020
89.0000 -0.0285
90.0000 -0.0339
91.0000 -0.0284
92.0000 0.0037
93.0000 0.0260
94.0000 0.0178
95.0000 0.0448
96.0000 0.0658
97.0000 0.0305
98.0000 0.0520
99.0000 0.0106
100.0000 0.0082
101.0000 -0.0125
102.0000 -0.0064
103.0000 -0.0044
104.0000 -0.0083
105.0000 -0.0114
106.0000 -0.0178
107.0000 0.0011
108.0000 0.0182
109.0000 0.0376
110.0000 0.0571
111.0000 0.0242
112.0000 0.0178
113.0000 -0.0225
114.0000 -0.0441
115.0000 -0.0177
116.0000 -0.0275
117.0000 0.0121
118.0000 0.0086
119.0000 0.0219
120.0000 0.0463
121.0000 0.0322
122.0000 0.0176
123.0000 0.0210
124.0000 0.0191
125.0000 0.0308
126.0000 0.0548
127.0000 0.0381
128.0000 0.0178
129.0000 0.0304
130.0000 0.0293
131.0000 0.0089
132.0000 -0.0013
133.0000 -0.0191
134.0000 -0.0313
135.0000 -0.0257
136.0000 -0.0001
137.0000 0.0068
138.0000 -0.0003
139.0000 0.0093
140.0000 -0.0026
141.0000 0.0061
142.0000 -0.0238
143.0000 -0.0085
144.0000 0.0093
145.0000 0.0217
146.0000 0.0101
147.0000 0.0110
148.0000 0.0038
149.0000 -0.0096
150.0000 0.0228
151.0000 0.0177
152.0000 -0.0015
153.0000 0.0031
154.0000 -0.0190
155.0000 0.0165
156.0000 0.0322
157.0000 0.0511
158.0000 0.0768
159.0000 0.0636
160.0000 0.0567
161.0000 0.0603
162.0000 0.0324
163.0000 0.0196
164.0000 0.0353
165.0000 0.0080
166.0000 0.0104
167.0000 0.0165
168.0000 -0.0079
169.0000 0.0257
170.0000 0.0038
171.0000 0.0158
172.0000 0.0491
173.0000 0.0484
174.0000 0.0486
175.0000 0.0169
176.0000 0.0315
177.0000 0.0238
178.0000 -0.0109
179.0000 -0.0080
180.0000 -0.0270
181.0000 -0.0080
182.0000 -0.0007
183.0000 0.0081
184.0000 0.0116
185.0000 0.0396
186.0000 0.0061
187.0000 0.0134
188.0000 0.0045
189.0000 0.0103
190.0000 -0.0125
191.0000 -0.0044
192.0000 -0.0386
193.0000 -0.0206
194.0000 -0.0380
195.0000 -0.0216
196.0000 -0.0224
197.0000 -0.0024
198.0000 0.0153
199.0000 0.0046
200.0000 -0.0040
201.0000 0.0192
202.0000 -0.0212
203.0000 0.0033
204.0000 -0.0151
205.0000 -0.0142
206.0000 0.0195
207.0000 -0.0110
208.0000 0.0304
209.0000 0.0104
210.0000 -0.0013
211.0000 0.0055
212.0000 0.0166
213.0000 0.0056
214.0000 -0.0130
215.0000 -0.0205
216.0000 -0.0463
217.0000 -0.0359
218.0000 -0.0408
219.0000 -0.0159
220.0000 0.0203
221.0000 0.0121
222.0000 0.0062
223.0000 -0.0083
224.0000 -0.0151
225.0000 -0.0201
226.0000 -0.0338
227.0000 -0.0265
228.0000 -0.0054
229.0000 -0.0274
230.0000 -0.0125
231.0000 -0.0077
232.0000 -0.0196
233.0000 -0.0049
234.0000 0.0182
235.0000 0.0207
236.0000 0.0393
237.0000 0.0113
238.0000 0.0150
239.0000 0.0090
240.0000 -0.0304
241.0000 -0.0069
242.0000 -0.0241
243.0000 -0.0117
244.0000 -0.0258
245.0000 -0.0146
246.0000 -0.0164
247.0000 -0.0172
248.0000 -0.0007
249.0000 0.0141
250.0000 -0.0146
251.0000 -0.0105
252.0000 -0.0205
253.0000 -0.0444
254.0000 -0.0104
255.0000 -0.0235
256.0000 -0.0021
257.0000 -0.0032
258.0000 0.0173
259.0000 0.0063
260.0000 0.0151
261.0000 -0.0064
262.0000 0.0262
263.0000 0.0066
264.0000 0.2146
265.0000 0.3668
266.0000 0.4505
267.0000 0.5648
268.0000 0.5695
269.0000 0.5707
270.0000 0.5728
271.0000 0.5719
272.0000 0.5870
273.0000 0.5534
274.0000 0.5653
275.0000 0.5966
276.0000 0.6100
277.0000 0.6373
278.0000 0.7010
279.0000 0.7012
280.0000 0.7720
281.0000 0.8007
282.0000 0.8000
283.0000 0.8439
284.0000 0.8535
285.0000 0.8527
286.0000 0.9010
287.0000 0.9058
288.0000 0.9284
289.0000 0.9423
290.0000 0.9626
291.0000 0.9662
292.0000 0.9846
293.0000 0.9852
294.0000 0.9991
295.0000 1.0150
296.0000 1.0382
297.0000 1.0323
298.0000 1.0482
299.0000 1.0582
300.0000 1.0500
301.0000 1.0951
302.0000 1.0610
303.0000 1.0609
304.0000 1.0909
305.0000 1.0776
306.0000 1.0721
307.0000 1.0842
308.0000 1.0878
309.0000 1.0873
310.0000 1.0705
311.0000 1.0763
312.0000 1.0729
313.0000 1.0650
314.0000 1.0752
315.0000 1.0566
316.0000 1.0533
317.0000 1.0525
318.0000 1.0272
319.0000 1.0508
320.0000 1.0488
321.0000 1.0501
322.0000 1.0322
323.0000 1.0376
324.0000 1.0532
325.0000 1.0193
326.0000 1.0306
327.0000 1.0281
328.0000 0.9952
329.0000 1.0015
330.0000 1.0056
331.0000 0.9873
332.0000 1.0070
333.0000 1.0002
334.0000 1.0060
335.0000 1.0051
336.0000 0.9970
337.0000 0.9826
338.0000 0.9690
339.0000 0.9792
340.0000 0.9727
341.0000 0.9738
342.0000 0.9550
343.0000 0.9750
344.0000 0.9604
345.0000 0.9475
346.0000 0.9494
347.0000 0.9685
348.0000 0.9702
349.0000 0.9850
350.0000 0.9837
351.0000 0.9886
352.0000 0.9599
353.0000 0.9498
354.0000 0.9334
355.0000 0.9528
356.0000 0.9726
357.0000 0.9983
358.0000 0.9781
359.0000 0.9734
360.0000 0.9468
361.0000 0.9232
362.0000 0.9461
363.0000 0.9427
364.0000 0.9348
365.0000 0.9663
366.0000 0.9738
367.0000 1.0047
368.0000 0.9884
369.0000 0.9933
370.0000 1.0015
371.0000 0.9816
372.0000 0.9798
373.0000 0.9643
374.0000 0.9545
375.0000 0.9760
376.0000 0.9833
377.0000 1.0005
378.0000 1.0095
379.0000 1.0016
380.0000 0.9989
381.0000 0.9719
382.0000 0.9763
383.0000 0.9735
384.0000 0.9794
385.0000 0.9994
386.0000 0.9964
387.0000 0.9828
388.0000 0.9987
389.0000 1.0075
390.0000 1.0014
391.0000 1.0095
392.0000 1.0111
393.0000 1.0240
394.0000 1.0014
395.0000 0.9925
396.0000 1.0262
397.0000 1.0038
398.0000 1.0141
399.0000 0.9978
400.0000 1.0052
401.0000 0.9967
402.0000 1.0046
403.0000 0.9898
404.0000 0.9913
405.0000 0.9845
406.0000 0.9633
407.0000 0.9845
408.0000 0.9859
409.0000 0.9914
410.0000 1.0052
411.0000 0.9991
412.0000 1.0013
413.0000 1.0155
414.0000 0.9956
415.0000 0.9888
416.0000 1.0116
417.0000 1.0046
418.0000 0.9887
419.0000 1.0141
420.0000 0.9710
421.0000 0.9972
422.0000 1.0171
423.0000 0.9965
424.0000 1.0135
425.0000 1.0111
426.0000 1.0187
427.0000 1.0066
428.0000 1.0273
429.0000 1.0287
430.0000 1.0219
431.0000 1.0309
432.0000 1.0334
433.0000 1.0210
434.0000 1.0031
435.0000 0.9883
436.0000 0.9698
437.0000 1.0040
438.0000 0.9813
439.0000 1.0239
440.0000 1.0032
441.0000 1.0332
442.0000 1.0057
443.0000 1.0173
444.0000 0.9987
445.0000 0.9995
446.0000 0.9878
447.0000 1.0158
448.0000 1.0253
449.0000 1.0350
450.0000 1.0154
451.0000 1.0030
452.0000 0.9787
453.0000 0.9891
454.0000 0.9696
455.0000 0.9595
456.0000 0.9803
457.0000 1.0082
458.0000 0.9885
459.0000 1.0251
460.0000 1.0103
461.0000 0.9874
462.0000 1.0070
463.0000 1.0131
464.0000 1.0072
465.0000 0.9973
466.0000 0.9812
467.0000 1.0051
468.0000 0.9792
469.0000 0.9764
470.0000 1.0200
471.0000 0.9880
472.0000 1.0154
473.0000 1.0052
474.0000 1.0064
475.0000 0.9986
476.0000 0.9986
477.0000 1.0012
478.0000 0.9836
479.0000 0.9757
480.0000 0.9876
481.0000 1.0007
482.0000 1.0047
483.0000 1.0139
484.0000 1.0187
485.0000 1.0328
486.0000 1.0290
487.0000 0.9970
488.0000 1.0203
489.0000 0.9914
490.0000 0.9783
491.0000 0.9983
492.0000 0.9982
493.0000 0.9960
494.0000 1.0028
495.0000 1.0049
496.0000 0.9706
497.0000 0.9577
498.0000 0.9843
499.0000 0.9594
500.0000 0.9638
501.0000 0.9541
502.0000 0.9683
503.0000 0.9861
504.0000 1.0108
505.0000 1.0014
506.0000 0.9964
507.0000 0.9776
508.0000 0.9870
509.0000 0.9980
510.0000 0.9999
