1.0000 0.0000
2.0000 0.0000
3.0000 0.0000
4.0000 0.0000
5.0000 0.0000
6.0000 0.0000
7.0000 0.0000
8.0000 0.0000
9.0000 0.0000
10.0000 0.0000
11.0000 0.0000
12.0000 -0.1328
13.0000 0.1282
14.0000 0.0429
15.0000 0.3696
16.0000 0.4627
17.0000 0.6617
18.0000 0.6988
19.0000 0.7249
20.0000 0.7215
21.0000 0.5300
22.0000 0.2693
23.0000 0.1461
24.0000 0.1636
25.0000 0.2534
26.0000 0.2594
27.0000 0.1253
28.0000 0.3152
29.0000 0.5952
30.0000 0.8364
31.0000 1.0289
32.0000 0.7936
33.0000 0.6587
34.0000 0.8691
35.0000 0.7056
36.0000 0.5014
37.0000 0.3887
38.0000 0.5083
39.0000 0.8926
40.0000 0.8963
41.0000 0.9226
42.0000 0.9946
43.0000 1.3268
44.0000 1.2663
45.0000 1.4479
46.0000 0.9965
47.0000 1.1677
48.0000 1.1015
49.0000 0.9558
50.0000 0.7546
51.0000 0.7450
52.0000 1.0523
53.0000 0.9687
54.0000 1.1476
55.0000 1.4897
56.0000 1.0707
57.0000 1.4325
58.0000 1.4535
59.0000 1.2902
60.0000 1.2066
61.0000 1.2050
62.0000 1.1297
63.0000 0.8378
64.0000 1.1982
65.0000 0.8535
66.0000 0.7961
67.0000 1.2280
68.0000 0.9183
69.0000 1.1490
70.0000 1.1205
71.0000 1.3277
72.0000 1.3355
73.0000 1.2435
74.0000 1.4269
75.0000 1.4938
76.0000 1.0398
77.0000 1.2240
78.0000 1.1687
79.0000 1.0897
80.0000 0.9792
81.0000 1.1741
82.0000 1.4101
83.0000 1.4363
84.0000 1.4397
85.0000 1.6460
86.0000 1.2129
87.0000 1.2248
88.0000 0.9436
89.0000 0.8015
90.0000 0.7846
91.0000 1.0124
92.0000 1.0852
93.0000 1.3512
94.0000 1.2708
95.0000 1.3897
96.0000 1.0605
97.0000 0.9852
98.0000 0.7120
99.0000 0.9040
100.0000 1.0800
101.0000 0.7526
102.0000 0.9777
103.0000 0.7208
104.0000 0.9227
105.0000 1.0485
106.0000 1.1888
107.0000 1.0125
108.0000 1.3326
109.0000 1.1403
110.0000 1.1085
111.0000 1.2497
112.0000 0.9945
113.0000 1.0084
114.0000 1.1121
115.0000 1.2803
116.0000 0.9905
117.0000 1.1825
118.0000 0.9949
119.0000 1.0226
120.0000 0.8279
121.0000 1.1444
122.0000 0.8356
123.0000 1.1106
124.0000 1.0126
125.0000 1.2511
126.0000 1.3029
127.0000 1.2265
128.0000 1.2856
129.0000 0.9271
130.0000 0.6160
131.0000 0.5732
132.0000 0.9232
133.0000 0.8274
134.0000 1.0948
135.0000 1.1969
136.0000 0.9393
137.0000 1.1100
138.0000 1.1120
139.0000 1.0965
140.0000 0.7882
141.0000 1.0133
142.0000 1.0368
143.0000 1.0095
144.0000 0.7721
145.0000 1.1537
146.0000 1.2435
147.0000 0.7862
148.0000 0.6944
149.0000 0.7602
150.0000 0.8534
151.0000 1.0056
152.0000 0.8462
153.0000 0.9204
154.0000 1.1407
155.0000 1.2406
156.0000 1.3457
157.0000 1.3964
158.0000 1.1828
159.0000 1.1577
160.0000 0.8455
161.0000 0.9076
162.0000 1.0022
163.0000 0.9927
164.0000 0.9281
165.0000 0.6709
166.0000 1.0205
167.0000 0.7891
168.0000 0.9979
169.0000 1.1762
170.0000 1.0719
171.0000 0.8992
172.0000 0.8598
173.0000 0.8339
174.0000 0.7680
175.0000 0.5181
176.0000 0.7293
177.0000 0.8513
178.0000 0.9673
179.0000 0.9070
180.0000 1.1282
181.0000 1.0085
182.0000 1.0147
183.0000 0.7398
184.0000 0.6169
185.0000 0.7053
186.0000 0.6987
187.0000 0.5493
188.0000 0.9946
189.0000 0.8219
190.0000 0.6165
191.0000 0.6576
192.0000 0.7409
193.0000 1.0494
194.0000 1.2794
195.0000 1.2869
196.0000 1.0877
197.0000 0.9501
198.0000 1.0400
199.0000 1.0567
200.0000 0.9785
201.0000 0.9257
202.0000 1.1511
203.0000 0.9261
204.0000 1.1997
205.0000 1.2516
206.0000 1.1258
207.0000 1.3582
208.0000 1.4962
209.0000 1.1880
210.0000 1.3726
211.0000 1.1991
212.0000 0.7929
213.0000 0.8930
214.0000 0.8628
215.0000 1.1646
216.0000 1.1128
217.0000 1.1430
218.0000 1.2253
219.0000 1.0601
220.0000 1.1646
221.0000 1.0557
222.0000 0.8180
223.0000 0.7588
224.0000 0.7731
225.0000 0.5902
226.0000 0.7727
227.0000 0.5446
228.0000 0.5785
229.0000 0.6409
230.0000 0.7156
231.0000 0.5258
232.0000 0.5087
233.0000 0.9940
234.0000 0.9380
235.0000 1.1605
236.0000 1.1593
237.0000 1.0878
238.0000 1.4083
239.0000 1.2723
240.0000 1.0706
241.0000 1.3291
242.0000 0.9202
243.0000 0.8344
244.0000 1.1945
245.0000 0.6969
246.0000 0.9943
247.0000 1.0822
248.0000 0.7823
249.0000 0.7668
250.0000 1.0749
251.0000 1.0310
252.0000 0.9953
253.0000 1.2998
254.0000 1.2419
255.0000 1.5200
256.0000 1.1278
257.0000 1.2751
258.0000 0.9075
259.0000 0.8395
260.0000 1.0960
261.0000 1.2652
262.0000 1.5652
263.0000 2.1769
264.0000 2.0357
265.0000 2.2534
266.0000 2.2942
267.0000 2.1600
268.0000 1.9410
269.0000 2.1125
270.0000 1.7105
271.0000 1.9194
272.0000 1.5496
273.0000 1.7097
274.0000 1.5323
275.0000 1.6363
276.0000 1.8521
277.0000 1.8816
278.0000 1.7632
279.0000 1.8874
280.0000 1.5219
281.0000 1.6250
282.0000 1.3571
283.0000 1.0596
284.0000 1.0032
285.0000 0.7590
286.0000 0.7981
287.0000 0.8891
288.0000 0.9064
289.0000 1.1378
290.0000 1.0358
291.0000 1.3256
292.0000 1.4662
293.0000 1.2966
294.0000 1.2514
295.0000 1.2022
296.0000 1.2021
297.0000 0.7298
298.0000 0.8234
299.0000 0.6829
300.0000 0.8917
301.0000 1.0211
302.0000 1.0791
303.0000 1.0820
304.0000 1.1276
305.0000 1.0693
306.0000 1.2269
307.0000 1.2697
308.0000 1.0816
309.0000 1.1091
310.0000 1.3025
311.0000 1.2096
312.0000 1.1658
313.0000 0.9617
314.0000 0.6686
315.0000 0.4939
316.0000 0.7349
317.0000 1.0206
318.0000 0.7797
319.0000 0.8192
320.0000 0.7443
321.0000 0.9127
322.0000 1.0258
323.0000 0.7957
324.0000 0.9523
325.0000 1.2396
326.0000 0.8746
327.0000 0.8448
328.0000 0.8720
329.0000 0.7052
330.0000 0.9496
331.0000 1.0383
332.0000 0.9089
333.0000 1.1858
334.0000 0.9290
335.0000 1.0456
336.0000 1.1624
337.0000 0.8713
338.0000 0.7098
339.0000 0.8604
340.0000 1.1848
341.0000 1.3803
342.0000 1.1969
343.0000 1.1915
344.0000 1.3288
345.0000 1.3402
346.0000 1.1700
347.0000 1.1723
348.0000 1.4366
349.0000 1.3048
350.0000 1.1867
351.0000 1.2869
352.0000 1.0436
353.0000 1.0108
354.0000 0.9719
355.0000 1.0036
356.0000 0.8748
357.0000 0.7877
358.0000 0.8941
359.0000 0.9031
360.0000 0.7866
361.0000 1.1746
362.0000 1.2281
363.0000 1.3421
364.0000 1.4378
365.0000 1.1700
366.0000 1.4260
367.0000 1.2171
368.0000 1.0216
369.0000 1.0634
370.0000 1.0321
371.0000 0.9184
372.0000 0.8255
373.0000 1.0966
374.0000 1.0887
375.0000 0.9286
376.0000 1.0001
377.0000 1.0586
378.0000 0.7623
379.0000 1.0911
380.0000 1.0010
381.0000 0.8457
382.0000 0.7143
383.0000 1.0827
384.0000 0.9002
385.0000 0.8201
386.0000 0.8321
387.0000 0.8501
388.0000 0.9257
389.0000 1.0099
390.0000 0.7802
391.0000 1.0088
392.0000 0.8847
393.0000 0.9565
394.0000 1.0325
395.0000 1.1288
396.0000 1.2203
397.0000 0.9323
398.0000 1.0440
399.0000 1.0019
400.0000 0.8371
401.0000 0.9097
402.0000 1.0982
403.0000 0.9791
404.0000 1.2746
405.0000 0.9033
406.0000 0.8061
407.0000 0.7768
408.0000 0.7600
409.0000 0.6212
410.0000 1.1245
411.0000 0.8885
412.0000 1.0095
413.0000 1.1582
414.0000 1.1207
415.0000 1.1265
416.0000 1.2428
417.0000 1.1904
418.0000 1.1940
419.0000 1.3383
420.0000 1.3056
421.0000 0.8424
422.0000 0.9129
423.0000 0.9251
424.0000 0.6818
425.0000 0.9581
426.0000 0.9795
427.0000 1.1142
428.0000 1.4328
429.0000 1.1314
430.0000 1.3390
431.0000 0.9663
432.0000 1.1357
433.0000 0.8625
434.0000 0.8250
435.0000 0.9772
436.0000 0.7777
437.0000 0.9358
438.0000 0.8046
439.0000 1.0132
440.0000 0.9356
441.0000 1.0445
442.0000 1.2409
443.0000 1.0688
444.0000 0.8779
445.0000 0.9298
446.0000 0.7252
447.0000 0.5911
448.0000 0.6655
449.0000 0.4455
450.0000 0.8396
451.0000 0.7803
452.0000 0.8413
453.0000 0.7981
454.0000 1.2376
455.0000 1.0600
456.0000 1.1221
457.0000 1.2294
458.0000 1.3267
459.0000 0.9424
460.0000 0.8079
461.0000 0.7880
462.0000 0.9574
463.0000 1.0324
464.0000 1.2552
465.0000 1.2657
466.0000 1.5125
467.0000 1.4556
468.0000 1.1799
469.0000 1.4150
470.0000 1.4803
471.0000 1.3136
472.0000 1.4210
473.0000 1.4091
474.0000 0.9994
475.0000 1.0442
476.0000 0.8990
477.0000 1.0726
478.0000 1.0642
479.0000 0.8811
480.0000 0.8933
481.0000 1.0830
482.0000 1.0186
483.0000 1.0778
484.0000 0.9704
485.0000 0.7841
486.0000 0.5938
487.0000 0.7363
488.0000 0.8216
489.0000 0.9864
490.0000 0.9537
491.0000 0.7032
492.0000 1.1168
493.0000 1.2887
494.0000 1.1640
495.0000 1.2691
496.0000 1.3792
497.0000 0.9931
498.0000 0.9251
499.0000 0.9970
500.0000 0.8438
501.0000 0.8382
502.0000 0.9484
503.0000 1.2051
504.0000 1.1160
505.0000 0.8831
506.0000 1.3558
507.0000 1.1234
508.0000 1.3660
509.0000 1.4724
510.0000 1.2725
