1.0000 0.0000
2.0000 0.0000
3.0000 0.0000
4.0000 0.0000
5.0000 0.0000
6.0000 0.0000
7.0000 0.0000
8.0000 0.0000
9.0000 0.0000
10.0000 0.0000
11.0000 0.0000
12.0000 0.0000
13.0000 0.0000
14.0000 -0.0588
15.0000 0.0521
16.0000 0.0961
17.0000 0.2487
18.0000 0.3147
19.0000 0.3935
20.0000 0.4489
21.0000 0.4082
22.0000 0.4194
23.0000 0.2500
24.0000 0.1345
25.0000 0.0667
26.0000 0.1338
27.0000 0.1462
28.0000 0.0524
29.0000 0.0342
30.0000 0.1207
31.0000 0.1904
32.0000 0.2842
33.0000 0.3694
34.0000 0.2059
35.0000 0.1535
36.0000 0.1649
37.0000 0.0381
38.0000 -0.0953
39.0000 -0.0687
40.0000 -0.1227
41.0000 0.0604
42.0000 0.0233
43.0000 0.0638
44.0000 0.0707
45.0000 0.1764
46.0000 0.1210
47.0000 0.1256
48.0000 -0.0044
49.0000 0.0253
50.0000 -0.0064
51.0000 -0.2131
52.0000 -0.1549
53.0000 -0.2964
54.0000 -0.1569
55.0000 -0.0836
56.0000 -0.0233
57.0000 0.0437
58.0000 -0.1219
59.0000 0.0978
60.0000 0.0672
61.0000 -0.0256
62.0000 -0.0746
63.0000 -0.0549
64.0000 -0.1727
65.0000 -0.2107
66.0000 -0.0928
67.0000 -0.2837
68.0000 -0.2226
69.0000 -0.0603
70.0000 -0.2289
71.0000 -0.0687
72.0000 -0.1757
73.0000 -0.0685
74.0000 0.0129
75.0000 -0.1163
76.0000 0.0819
77.0000 -0.0140
78.0000 -0.1896
79.0000 -0.0505
80.0000 -0.0424
81.0000 -0.1466
82.0000 -0.0665
83.0000 -0.0166
84.0000 0.0885
85.0000 0.1248
86.0000 0.1831
87.0000 0.2393
88.0000 0.0654
89.0000 0.0751
90.0000 -0.0506
91.0000 -0.1731
92.0000 -0.1356
93.0000 -0.1034
94.0000 -0.0104
95.0000 0.1355
96.0000 0.1330
97.0000 0.0649
98.0000 -0.0362
99.0000 -0.0949
100.0000 -0.1491
101.0000 -0.1079
102.0000 -0.0482
103.0000 -0.0955
104.0000 -0.0603
105.0000 -0.1715
106.0000 -0.0734
107.0000 -0.0202
108.0000 0.0313
109.0000 0.0347
110.0000 0.1394
111.0000 0.1171
112.0000 0.0185
113.0000 0.1325
114.0000 -0.0434
115.0000 0.0739
116.0000 0.1243
117.0000 0.1088
118.0000 0.0828
119.0000 0.1890
120.0000 0.0880
121.0000 0.0760
122.0000 0.0574
123.0000 0.0862
124.0000 -0.0210
125.0000 0.1285
126.0000 0.1218
127.0000 0.1213
128.0000 0.2474
129.0000 0.1226
130.0000 0.2214
131.0000 -0.0075
132.0000 -0.0737
133.0000 -0.0978
134.0000 0.0141
135.0000 0.0033
136.0000 0.1447
137.0000 0.1571
138.0000 -0.0184
139.0000 0.0981
140.0000 0.0385
141.0000 0.0669
142.0000 0.0379
143.0000 0.0182
144.0000 0.0183
145.0000 0.0811
146.0000 0.0335
147.0000 0.0932
148.0000 0.1388
149.0000 -0.0327
150.0000 -0.1012
151.0000 -0.0878
152.0000 -0.0486
153.0000 0.0974
154.0000 -0.0565
155.0000 -0.0035
156.0000 0.1278
157.0000 0.1213
158.0000 0.2231
159.0000 0.2847
160.0000 0.0995
161.0000 0.1462
162.0000 -0.0107
163.0000 -0.0067
164.0000 0.0477
165.0000 0.1458
166.0000 0.0394
167.0000 -0.0432
168.0000 0.0986
169.0000 0.0100
170.0000 0.1822
171.0000 0.2033
172.0000 0.2317
173.0000 0.1791
174.0000 0.0331
175.0000 0.0804
176.0000 0.0943
177.0000 -0.0336
178.0000 0.0234
179.0000 0.1456
180.0000 0.1383
181.0000 0.1771
182.0000 0.1704
183.0000 0.1707
184.0000 0.1007
185.0000 0.0837
186.0000 -0.0677
187.0000 0.0257
188.0000 -0.0053
189.0000 -0.0762
190.0000 0.1099
191.0000 -0.0071
192.0000 -0.0188
193.0000 -0.0395
194.0000 -0.0764
195.0000 0.1213
196.0000 0.1540
197.0000 0.2290
198.0000 0.0651
199.0000 -0.0390
200.0000 0.0270
201.0000 0.0228
202.0000 0.0168
203.0000 -0.1207
204.0000 0.0820
205.0000 -0.1107
206.0000 -0.0014
207.0000 0.0488
208.0000 -0.0049
209.0000 0.1677
210.0000 0.1049
211.0000 0.0034
212.0000 0.1149
213.0000 0.0013
214.0000 -0.1908
215.0000 -0.1041
216.0000 -0.0474
217.0000 0.0206
218.0000 0.0831
219.0000 0.1279
220.0000 0.1815
221.0000 0.0024
222.0000 0.1251
223.0000 0.0493
224.0000 0.0324
225.0000 -0.0584
226.0000 0.0122
227.0000 -0.1319
228.0000 -0.0144
229.0000 -0.1147
230.0000 -0.1060
231.0000 -0.1201
232.0000 -0.0945
233.0000 -0.1257
234.0000 -0.1365
235.0000 0.0799
236.0000 -0.0375
237.0000 0.2082
238.0000 0.1734
239.0000 0.1026
240.0000 0.2595
241.0000 0.1815
242.0000 0.0364
243.0000 0.2052
244.0000 -0.0153
245.0000 -0.0820
246.0000 0.0628
247.0000 -0.1260
248.0000 0.0119
249.0000 0.0125
250.0000 -0.1862
251.0000 -0.1230
252.0000 -0.0220
253.0000 -0.0674
254.0000 -0.0587
255.0000 0.0714
256.0000 0.0825
257.0000 0.1646
258.0000 0.0179
259.0000 0.0078
260.0000 -0.0459
261.0000 -0.1422
262.0000 0.0056
263.0000 0.0304
264.0000 0.2846
265.0000 0.4904
266.0000 0.4418
267.0000 0.5562
268.0000 0.5920
269.0000 0.4926
270.0000 0.5551
271.0000 0.5935
272.0000 0.4616
273.0000 0.5368
274.0000 0.5370
275.0000 0.5108
276.0000 0.6514
277.0000 0.6632
278.0000 0.8216
279.0000 0.9029
280.0000 0.9178
281.0000 0.9658
282.0000 0.7842
283.0000 0.9439
284.0000 0.8598
285.0000 0.7792
286.0000 0.7528
287.0000 0.6975
288.0000 0.7488
289.0000 0.8342
290.0000 0.8385
291.0000 1.0790
292.0000 0.9789
293.0000 1.1202
294.0000 1.2150
295.0000 1.2070
296.0000 1.1195
297.0000 1.1779
298.0000 1.0745
299.0000 1.0332
300.0000 1.0200
301.0000 0.9909
302.0000 0.9874
303.0000 1.1221
304.0000 1.2116
305.0000 1.2297
306.0000 1.2293
307.0000 1.1850
308.0000 1.2264
309.0000 1.2756
310.0000 1.1493
311.0000 1.2356
312.0000 1.2703
313.0000 1.1591
314.0000 1.2617
315.0000 1.0504
316.0000 0.9565
317.0000 0.9144
318.0000 1.0015
319.0000 1.1473
320.0000 1.0030
321.0000 1.0176
322.0000 0.9623
323.0000 1.0139
324.0000 1.1100
325.0000 1.0424
326.0000 1.0879
327.0000 1.0925
328.0000 1.0487
329.0000 1.0372
330.0000 0.9908
331.0000 0.8035
332.0000 1.0089
333.0000 1.0408
334.0000 0.8836
335.0000 1.1180
336.0000 0.9599
337.0000 0.9798
338.0000 1.0717
339.0000 0.8053
340.0000 0.8941
341.0000 0.8748
342.0000 0.9842
343.0000 1.0394
344.0000 0.9910
345.0000 0.9580
346.0000 1.0657
347.0000 0.9616
348.0000 1.0258
349.0000 1.0126
350.0000 1.0822
351.0000 1.0515
352.0000 1.0247
353.0000 1.1165
354.0000 0.8633
355.0000 0.9140
356.0000 0.9751
357.0000 0.8978
358.0000 0.8835
359.0000 0.8941
360.0000 0.9328
361.0000 0.9794
362.0000 0.9330
363.0000 1.0965
364.0000 1.1237
365.0000 1.2041
366.0000 1.1996
367.0000 1.1185
368.0000 1.1256
369.0000 1.1409
370.0000 1.0492
371.0000 1.0548
372.0000 0.9658
373.0000 0.9406
374.0000 0.9472
375.0000 1.0069
376.0000 1.0803
377.0000 1.0210
378.0000 1.0512
379.0000 1.0167
380.0000 0.9336
381.0000 1.0998
382.0000 1.0417
383.0000 0.9211
384.0000 0.9866
385.0000 0.9889
386.0000 0.9591
387.0000 0.9969
388.0000 0.9028
389.0000 0.9635
390.0000 0.9195
391.0000 0.9853
392.0000 0.9509
393.0000 0.9477
394.0000 0.9223
395.0000 0.9664
396.0000 0.9654
397.0000 1.0080
398.0000 1.1284
399.0000 0.9353
400.0000 1.0191
401.0000 1.0278
402.0000 0.8805
403.0000 0.9534
404.0000 1.0214
405.0000 0.9862
406.0000 1.1519
407.0000 0.9327
408.0000 0.9424
409.0000 0.9197
410.0000 0.9011
411.0000 0.8998
412.0000 1.0320
413.0000 1.0284
414.0000 1.0562
415.0000 1.0954
416.0000 1.0487
417.0000 1.0621
418.0000 1.1145
419.0000 1.1337
420.0000 1.0821
421.0000 1.2162
422.0000 1.1109
423.0000 0.9636
424.0000 1.0255
425.0000 0.9636
426.0000 0.8213
427.0000 0.9823
428.0000 1.0299
429.0000 1.0904
430.0000 1.2149
431.0000 1.1300
432.0000 1.1987
433.0000 1.0410
434.0000 0.9875
435.0000 0.9800
436.0000 0.9216
437.0000 1.0169
438.0000 0.9549
439.0000 1.0395
440.0000 0.9336
441.0000 0.9924
442.0000 0.9723
443.0000 1.0483
444.0000 1.0890
445.0000 1.0149
446.0000 1.0362
447.0000 0.9613
448.0000 0.8908
449.0000 0.8330
450.0000 0.8175
451.0000 0.8185
452.0000 0.8738
453.0000 0.9868
454.0000 0.9219
455.0000 0.9261
456.0000 1.0106
457.0000 1.0285
458.0000 1.0369
459.0000 1.0981
460.0000 1.0704
461.0000 0.9173
462.0000 0.8153
463.0000 0.8142
464.0000 0.8828
465.0000 1.0188
466.0000 1.1119
467.0000 1.0778
468.0000 1.1748
469.0000 1.1449
470.0000 1.0702
471.0000 1.1924
472.0000 1.1377
473.0000 1.1500
474.0000 1.1973
475.0000 1.1613
476.0000 0.9677
477.0000 1.0095
478.0000 0.9923
479.0000 0.9986
480.0000 1.1157
481.0000 1.0050
482.0000 1.0253
483.0000 1.0586
484.0000 0.9835
485.0000 1.1419
486.0000 1.0214
487.0000 0.8589
488.0000 0.8978
489.0000 0.9118
490.0000 0.8642
491.0000 0.9770
492.0000 0.9479
493.0000 0.8759
494.0000 1.0607
495.0000 1.0543
496.0000 1.0779
497.0000 1.1397
498.0000 1.1044
499.0000 0.9157
500.0000 0.9072
501.0000 0.9264
502.0000 0.8887
503.0000 0.9583
504.0000 0.9315
505.0000 1.0186
506.0000 1.0696
507.0000 1.0033
508.0000 1.1085
509.0000 1.0975
510.0000 1.2061
