1.0000 0.0000
2.0000 0.0000
3.0000 0.0000
4.0000 0.0000
5.0000 0.0000
6.0000 0.0000
7.0000 0.0000
8.0000 0.0000
9.0000 0.0000
10.0000 0.0000
11.0000 0.0000
12.0000 0.0486
13.0000 -0.0168
14.0000 0.0132
15.0000 0.1969
16.0000 0.2846
17.0000 0.3966
18.0000 0.4008
19.0000 0.4149
20.0000 0.4151
21.0000 0.4377
22.0000 0.3557
23.0000 0.4341
24.0000 0.4106
25.0000 0.4796
26.0000 0.5265
27.0000 0.5261
28.0000 0.5450
29.0000 0.5684
30.0000 0.6096
31.0000 0.6712
32.0000 0.7272
33.0000 0.7123
34.0000 0.7592
35.0000 0.8213
36.0000 0.7643
37.0000 0.8517
38.0000 0.8267
39.0000 0.8219
40.0000 0.8248
41.0000 0.8509
42.0000 0.9195
43.0000 0.9115
44.0000 1.0111
45.0000 0.9983
46.0000 0.9891
47.0000 0.9721
48.0000 1.0206
49.0000 1.0430
50.0000 1.0497
51.0000 1.0550
52.0000 1.1043
53.0000 1.1179
54.0000 1.0719
55.0000 1.0540
56.0000 1.1098
57.0000 1.0622
58.0000 1.0958
59.0000 1.0721
60.0000 1.1179
61.0000 1.0699
62.0000 1.0264
63.0000 1.0546
64.0000 1.0766
65.0000 1.0651
66.0000 1.0726
67.0000 1.0225
68.0000 1.0476
69.0000 1.0851
70.0000 1.0270
71.0000 1.0621
72.0000 1.0759
73.0000 1.0111
74.0000 1.0215
75.0000 1.0761
76.0000 1.0664
77.0000 1.0556
78.0000 1.0884
79.0000 1.0522
80.0000 1.0514
81.0000 1.0868
82.0000 1.0380
83.0000 1.0296
84.0000 1.0640
85.0000 1.0098
86.0000 0.9731
87.0000 0.9310
88.0000 0.9196
89.0000 0.9246
90.0000 0.9499
91.0000 1.0245
92.0000 0.9949
93.0000 1.0115
94.0000 1.0711
95.0000 1.0170
96.0000 1.0321
97.0000 0.9711
98.0000 0.9542
99.0000 0.9156
100.0000 0.9392
101.0000 0.9336
102.0000 0.8775
103.0000 0.9190
104.0000 0.8846
105.0000 0.9604
106.0000 0.9557
107.0000 1.0168
108.0000 1.0364
109.0000 0.9949
110.0000 0.9442
111.0000 0.9289
112.0000 0.8614
113.0000 0.9401
114.0000 0.8632
115.0000 0.9950
116.0000 0.9510
117.0000 1.0406
118.0000 1.0476
119.0000 1.0365
120.0000 0.9876
121.0000 1.0377
122.0000 1.0199
123.0000 1.0487
124.0000 1.0702
125.0000 1.0627
126.0000 1.0276
127.0000 1.0549
128.0000 1.0376
129.0000 0.9971
130.0000 0.9779
131.0000 0.9658
132.0000 0.9278
133.0000 0.9354
134.0000 0.9902
135.0000 0.9827
136.0000 0.9906
137.0000 0.9864
138.0000 0.9992
139.0000 1.0083
140.0000 0.9325
141.0000 0.9551
142.0000 1.0086
143.0000 1.0266
144.0000 0.9894
145.0000 1.0012
146.0000 0.9731
147.0000 0.9510
148.0000 0.9999
149.0000 1.0257
150.0000 0.9611
151.0000 0.9446
152.0000 0.9183
153.0000 0.9823
154.0000 1.0157
155.0000 1.0454
156.0000 1.0884
157.0000 1.1088
158.0000 1.0335
159.0000 1.0644
160.0000 1.0273
161.0000 0.9728
162.0000 0.9886
163.0000 0.9401
164.0000 0.9639
165.0000 0.9758
166.0000 0.9017
167.0000 0.9882
168.0000 0.9669
169.0000 0.9806
170.0000 1.0143
171.0000 1.0588
172.0000 1.0514
173.0000 0.9868
174.0000 0.9960
175.0000 1.0031
176.0000 0.9615
177.0000 0.9106
178.0000 0.9083
179.0000 0.9566
180.0000 0.9932
181.0000 0.9673
182.0000 1.0198
183.0000 1.0472
184.0000 1.0285
185.0000 0.9874
186.0000 1.0358
187.0000 1.0115
188.0000 0.9854
189.0000 0.9858
190.0000 0.9421
191.0000 0.9314
192.0000 0.9284
193.0000 0.9583
194.0000 0.9562
195.0000 0.9735
196.0000 1.0305
197.0000 1.0388
198.0000 1.0007
199.0000 1.0474
200.0000 0.9893
201.0000 1.0353
202.0000 0.9532
203.0000 0.9789
204.0000 1.0488
205.0000 0.9789
206.0000 1.0562
207.0000 1.0252
208.0000 0.9986
209.0000 0.9943
210.0000 1.0514
211.0000 0.9918
212.0000 0.9727
213.0000 0.9555
214.0000 0.9453
215.0000 0.9504
216.0000 0.9372
217.0000 0.9806
218.0000 1.0434
219.0000 1.0671
220.0000 1.0311
221.0000 0.9853
222.0000 0.9801
223.0000 0.9843
224.0000 0.9511
225.0000 0.9349
226.0000 1.0272
227.0000 0.9722
228.0000 1.0119
229.0000 0.9801
230.0000 0.9852
231.0000 1.0130
232.0000 1.0669
233.0000 1.0970
234.0000 1.1002
235.0000 1.0678
236.0000 1.0513
237.0000 1.0711
238.0000 0.9943
239.0000 0.9943
240.0000 1.0001
241.0000 1.0073
242.0000 0.9870
243.0000 0.9959
244.0000 0.9907
245.0000 0.9882
246.0000 1.0219
247.0000 1.0669
248.0000 0.9874
249.0000 0.9983
250.0000 0.9821
251.0000 0.9597
252.0000 1.0093
253.0000 0.9923
254.0000 1.0405
255.0000 0.9958
256.0000 1.0565
257.0000 1.0560
258.0000 1.0293
259.0000 1.0040
260.0000 1.0536
261.0000 1.0123
262.0000 1.5132
263.0000 1.7840
264.0000 1.9109
265.0000 2.0939
266.0000 2.1482
267.0000 2.1385
268.0000 2.0648
269.0000 1.9982
270.0000 1.9777
271.0000 1.8441
272.0000 1.7494
273.0000 1.7100
274.0000 1.6634
275.0000 1.6099
276.0000 1.6328
277.0000 1.5630
278.0000 1.6037
279.0000 1.5556
280.0000 1.4901
281.0000 1.4905
282.0000 1.4148
283.0000 1.3467
284.0000 1.3401
285.0000 1.2621
286.0000 1.2666
287.0000 1.1982
288.0000 1.1556
289.0000 1.0771
290.0000 1.0860
291.0000 1.0202
292.0000 0.9902
293.0000 0.9565
294.0000 0.9521
295.0000 0.8979
296.0000 0.9284
297.0000 0.8545
298.0000 0.8750
299.0000 0.8912
300.0000 0.8290
301.0000 0.7986
302.0000 0.8763
303.0000 0.7932
304.0000 0.8145
305.0000 0.8026
306.0000 0.8326
307.0000 0.8254
308.0000 0.7895
309.0000 0.8182
310.0000 0.8120
311.0000 0.7831
312.0000 0.8299
313.0000 0.7792
314.0000 0.7881
315.0000 0.7970
316.0000 0.7984
317.0000 0.8404
318.0000 0.8566
319.0000 0.9154
320.0000 0.8662
321.0000 0.9284
322.0000 0.9297
323.0000 0.9097
324.0000 0.9534
325.0000 0.9870
326.0000 0.9250
327.0000 0.9422
328.0000 0.9725
329.0000 0.9223
330.0000 1.0129
331.0000 0.9668
332.0000 1.0209
333.0000 0.9911
334.0000 1.0306
335.0000 0.9822
336.0000 0.9601
337.0000 0.9910
338.0000 0.9832
339.0000 0.9892
340.0000 0.9752
341.0000 0.9974
342.0000 0.9749
343.0000 0.9956
344.0000 0.9794
345.0000 1.0115
346.0000 1.0570
347.0000 1.0535
348.0000 1.0461
349.0000 1.0770
350.0000 1.0422
351.0000 1.0035
352.0000 1.0003
353.0000 1.0302
354.0000 1.0451
355.0000 1.1173
356.0000 1.0876
357.0000 1.0388
358.0000 1.0322
359.0000 0.9793
360.0000 1.0137
361.0000 0.9753
362.0000 1.0012
363.0000 1.0012
364.0000 1.0424
365.0000 1.1117
366.0000 1.0543
367.0000 1.0877
368.0000 1.0951
369.0000 1.0432
370.0000 1.0511
371.0000 1.0332
372.0000 0.9649
373.0000 1.0486
374.0000 1.0479
375.0000 1.0818
376.0000 1.0400
377.0000 1.0440
378.0000 1.0559
379.0000 1.0052
380.0000 0.9617
381.0000 0.9675
382.0000 0.9754
383.0000 1.0431
384.0000 0.9863
385.0000 0.9729
386.0000 1.0264
387.0000 1.0242
388.0000 0.9910
389.0000 1.0224
390.0000 1.0233
391.0000 1.0482
392.0000 0.9915
393.0000 1.0154
394.0000 1.0311
395.0000 1.0362
396.0000 1.0217
397.0000 1.0226
398.0000 1.0135
399.0000 0.9670
400.0000 1.0181
401.0000 0.9514
402.0000 0.9631
403.0000 0.9770
404.0000 0.9264
405.0000 0.9699
406.0000 0.9780
407.0000 0.9889
408.0000 1.0150
409.0000 0.9847
410.0000 1.0199
411.0000 1.0389
412.0000 1.0076
413.0000 0.9586
414.0000 1.0526
415.0000 1.0448
416.0000 1.0061
417.0000 1.0524
418.0000 0.9811
419.0000 0.9938
420.0000 1.0435
421.0000 0.9938
422.0000 1.0153
423.0000 1.0121
424.0000 1.0426
425.0000 1.0001
426.0000 1.0744
427.0000 1.0841
428.0000 1.0742
429.0000 1.0607
430.0000 1.0630
431.0000 1.0494
432.0000 0.9972
433.0000 0.9646
434.0000 0.9401
435.0000 0.9943
436.0000 0.9601
437.0000 1.0162
438.0000 0.9934
439.0000 1.0428
440.0000 0.9968
441.0000 1.0447
442.0000 0.9819
443.0000 0.9876
444.0000 0.9395
445.0000 1.0159
446.0000 1.0445
447.0000 1.0441
448.0000 1.0120
449.0000 1.0189
450.0000 0.9410
451.0000 0.9860
452.0000 0.9276
453.0000 0.9224
454.0000 0.9312
455.0000 1.0010
456.0000 0.9538
457.0000 1.0245
458.0000 0.9952
459.0000 0.9692
460.0000 1.0117
461.0000 1.0048
462.0000 1.0320
463.0000 0.9851
464.0000 0.9810
465.0000 0.9885
466.0000 0.9673
467.0000 0.9699
468.0000 1.0190
469.0000 0.9763
470.0000 1.0192
471.0000 0.9986
472.0000 1.0233
473.0000 1.0071
474.0000 1.0248
475.0000 0.9909
476.0000 0.9616
477.0000 0.9789
478.0000 0.9893
479.0000 1.0063
480.0000 1.0168
481.0000 1.0803
482.0000 1.0393
483.0000 1.0981
484.0000 1.1065
485.0000 1.0130
486.0000 1.0631
487.0000 1.0220
488.0000 1.0015
489.0000 1.0171
490.0000 1.0459
491.0000 1.0389
492.0000 1.0396
493.0000 1.0131
494.0000 0.9912
495.0000 0.9545
496.0000 0.9832
497.0000 0.9589
498.0000 0.9231
499.0000 0.9340
500.0000 0.9545
501.0000 0.9901
502.0000 1.0372
503.0000 1.0306
504.0000 0.9990
505.0000 0.9848
506.0000 1.0060
507.0000 1.0044
508.0000 1.0426
509.0000 1.0106
510.0000 1.0381
