1.0000 0.0000
2.0000 0.0000
3.0000 0.0000
4.0000 0.0000
5.0000 0.0000
6.0000 0.0000
7.0000 0.0000
8.0000 0.0000
9.0000 0.0000
10.0000 1.4558
11.0000 1.3230
12.0000 1.5013
13.0000 1.1017
14.0000 1.7200
15.0000 0.5780
16.0000 1.0170
17.0000 -0.4559
18.0000 0.1131
19.0000 0.3616
20.0000 1.9570
21.0000 1.5898
22.0000 0.1005
23.0000 1.5833
24.0000 2.0632
25.0000 1.3634
26.0000 1.5330
27.0000 1.8114
28.0000 0.8687
29.0000 1.6157
30.0000 0.5993
31.0000 0.1981
32.0000 0.1169
33.0000 2.3251
34.0000 0.6234
35.0000 1.5735
36.0000 1.0582
37.0000 1.9796
38.0000 1.7009
39.0000 1.2278
40.0000 0.9275
41.0000 -0.1674
42.0000 1.5344
43.0000 0.8767
44.0000 1.1078
45.0000 -1.3293
46.0000 2.2354
47.0000 -0.3880
48.0000 0.2868
49.0000 2.4745
50.0000 1.8251
51.0000 0.1491
52.0000 0.6301
53.0000 1.9498
54.0000 0.8749
55.0000 0.4863
56.0000 0.4269
57.0000 0.9801
58.0000 -0.6135
59.0000 1.4580
60.0000 0.6505
61.0000 -0.1068
62.0000 1.8393
63.0000 1.1729
64.0000 0.4267
65.0000 1.7611
66.0000 -0.2376
67.0000 0.3327
68.0000 1.6982
69.0000 -0.3766
70.0000 1.9892
71.0000 -0.9204
72.0000 -0.3306
73.0000 0.8469
74.0000 1.0975
75.0000 -0.5399
76.0000 1.9829
77.0000 0.8590
78.0000 0.6922
79.0000 0.8816
80.0000 1.6376
81.0000 0.5585
82.0000 0.6647
83.0000 0.7698
84.0000 0.7254
85.0000 -0.2281
86.0000 1.0434
87.0000 -0.1877
88.0000 1.1339
89.0000 1.4392
90.0000 1.6807
91.0000 -0.8685
92.0000 0.2065
93.0000 -0.2276
94.0000 1.1458
95.0000 0.2594
96.0000 -0.0456
97.0000 1.7331
98.0000 0.2781
99.0000 0.3480
100.0000 0.6482
101.0000 0.5093
102.0000 0.1686
103.0000 1.5326
104.0000 0.4913
105.0000 1.4436
106.0000 -0.4365
107.0000 0.7159
108.0000 -0.7344
109.0000 1.5574
110.0000 1.2505
111.0000 -0.7122
112.0000 1.2851
113.0000 1.4263
114.0000 0.7776
115.0000 0.3592
116.0000 1.7479
117.0000 -0.4092
118.0000 0.4034
119.0000 1.0914
120.0000 1.6083
121.0000 -0.5339
122.0000 1.6172
123.0000 -0.4774
124.0000 1.0778
125.0000 -0.5300
126.0000 1.1310
127.0000 1.0992
128.0000 0.4478
129.0000 1.1404
130.0000 1.5842
131.0000 0.7762
132.0000 -0.3785
133.0000 0.7786
134.0000 -0.4530
135.0000 0.3602
136.0000 2.2662
137.0000 -0.2666
138.0000 -0.2228
139.0000 1.2803
140.0000 2.1056
141.0000 -0.1120
142.0000 0.1709
143.0000 0.7092
144.0000 0.2884
145.0000 0.2359
146.0000 0.3539
147.0000 1.8621
148.0000 -0.0839
149.0000 0.5476
150.0000 1.1735
151.0000 -0.0591
152.0000 0.9454
153.0000 1.3171
154.0000 -0.8013
155.0000 0.5054
156.0000 -0.0345
157.0000 -0.3602
158.0000 -0.0641
159.0000 1.7079
160.0000 -0.2815
161.0000 0.3669
162.0000 0.1374
163.0000 0.2139
164.0000 1.6493
165.0000 0.0707
166.0000 1.3299
167.0000 1.4327
168.0000 -1.1280
169.0000 0.4392
170.0000 1.2222
171.0000 0.7684
172.0000 0.2899
173.0000 1.7530
174.0000 0.4367
175.0000 1.7823
176.0000 -0.3160
177.0000 0.9388
178.0000 -0.4642
179.0000 1.7697
180.0000 -0.1665
181.0000 1.3303
182.0000 0.8249
183.0000 0.9433
184.0000 1.0292
185.0000 0.2663
186.0000 2.0582
187.0000 1.3684
188.0000 0.2784
189.0000 1.9265
190.0000 0.5279
191.0000 2.0279
192.0000 0.4236
193.0000 0.0008
194.0000 0.9730
195.0000 0.8700
196.0000 1.5492
197.0000 -0.5396
198.0000 1.9599
199.0000 -0.0333
200.0000 0.1631
201.0000 0.7540
202.0000 0.6534
203.0000 1.9441
204.0000 -0.8162
205.0000 -0.0138
206.0000 0.5527
207.0000 -0.4453
208.0000 -0.6823
209.0000 0.2951
210.0000 1.4018
211.0000 -0.2366
212.0000 1.2017
213.0000 1.3198
214.0000 1.2418
215.0000 -1.0919
216.0000 0.6376
217.0000 -0.1947
218.0000 1.4163
219.0000 -0.0733
220.0000 1.3029
221.0000 -0.0636
222.0000 0.9249
223.0000 0.8478
224.0000 0.8553
225.0000 0.1986
226.0000 0.2909
227.0000 1.3973
228.0000 1.3390
229.0000 1.4909
230.0000 -0.4047
231.0000 2.7103
232.0000 1.5462
233.0000 0.7675
234.0000 1.2876
235.0000 0.8611
236.0000 -0.0622
237.0000 1.3825
238.0000 0.4972
239.0000 0.3171
240.0000 0.4309
241.0000 1.0795
242.0000 1.4228
243.0000 0.6939
244.0000 -0.4068
245.0000 1.4299
246.0000 0.7910
247.0000 0.3209
248.0000 0.9191
249.0000 0.8230
250.0000 1.3492
251.0000 0.3671
252.0000 0.7412
253.0000 -0.6675
254.0000 1.5553
255.0000 0.1402
256.0000 1.0338
257.0000 -0.0772
258.0000 2.1877
259.0000 0.2391
260.0000 -0.0558
261.0000 -0.1626
262.0000 -0.4701
263.0000 -1.9054
264.0000 0.6803
265.0000 -1.0320
266.0000 -0.8790
267.0000 -1.8152
268.0000 0.6007
269.0000 -2.2983
270.0000 1.3106
271.0000 -0.6421
272.0000 -0.2479
273.0000 0.0004
274.0000 0.1973
275.0000 -0.9050
276.0000 -2.0618
277.0000 -0.3074
278.0000 -0.6484
279.0000 -0.3959
280.0000 -0.9966
281.0000 -0.4180
282.0000 -0.2019
283.0000 0.1710
284.0000 -0.4640
285.0000 1.7630
286.0000 -0.2128
287.0000 -0.1999
288.0000 -0.0129
289.0000 0.7113
290.0000 -1.0845
291.0000 0.3811
292.0000 -1.9739
293.0000 1.2945
294.0000 -0.1375
295.0000 0.4813
296.0000 -1.3613
297.0000 0.3292
298.0000 1.2141
299.0000 1.0898
300.0000 0.4592
301.0000 0.0912
302.0000 -0.3148
303.0000 0.3459
304.0000 -0.5763
305.0000 1.0401
306.0000 -0.1015
307.0000 -1.4013
308.0000 1.1918
309.0000 -1.4287
310.0000 -0.3237
311.0000 0.5661
312.0000 0.3345
313.0000 0.7866
314.0000 -0.0674
315.0000 0.1436
316.0000 -0.1035
317.0000 -0.2723
318.0000 0.7477
319.0000 1.2454
320.0000 0.8018
321.0000 -1.3979
322.0000 1.2149
323.0000 1.2006
324.0000 0.2076
325.0000 -1.5546
326.0000 1.0605
327.0000 0.8228
328.0000 -1.0641
329.0000 1.5463
330.0000 0.3806
331.0000 0.0150
332.0000 1.0020
333.0000 -1.6613
334.0000 2.0628
335.0000 0.3157
336.0000 -0.0117
337.0000 -0.4545
338.0000 0.2217
339.0000 -0.3865
340.0000 0.5865
341.0000 -1.7287
342.0000 1.1248
343.0000 0.4421
344.0000 -0.6002
345.0000 -0.1659
346.0000 0.1519
347.0000 0.8863
348.0000 -2.2045
349.0000 -0.4935
350.0000 0.8837
351.0000 -1.2138
352.0000 -0.2913
353.0000 0.5233
354.0000 0.1464
355.0000 0.8157
356.0000 0.6849
357.0000 0.5110
358.0000 0.4145
359.0000 0.8544
360.0000 -0.2681
361.0000 0.4374
362.0000 -1.5801
363.0000 0.6685
364.0000 0.3081
365.0000 0.0791
366.0000 -1.2893
367.0000 -0.5047
368.0000 0.4610
369.0000 -0.7880
370.0000 0.6660
371.0000 0.5406
372.0000 0.4015
373.0000 -0.8052
374.0000 0.2598
375.0000 0.7022
376.0000 0.1414
377.0000 -0.8035
378.0000 1.8464
379.0000 -1.3867
380.0000 -0.0604
381.0000 1.3734
382.0000 -0.6714
383.0000 0.6809
384.0000 -0.7934
385.0000 0.0181
386.0000 1.2449
387.0000 -0.8422
388.0000 -0.0303
389.0000 0.2623
390.0000 -0.4431
391.0000 -0.3938
392.0000 1.0312
393.0000 -0.6495
394.0000 0.1892
395.0000 0.5796
396.0000 -0.9661
397.0000 0.1155
398.0000 -0.2443
399.0000 -0.0239
400.0000 0.5414
401.0000 -0.8813
402.0000 0.3134
403.0000 0.0633
404.0000 -0.1078
405.0000 1.1200
406.0000 -0.6469
407.0000 1.3249
408.0000 0.6209
409.0000 0.1096
410.0000 -0.4153
411.0000 -0.0574
412.0000 -0.0316
413.0000 0.6771
414.0000 -0.5202
415.0000 0.9035
416.0000 -1.1471
417.0000 0.1135
418.0000 0.7819
419.0000 -0.5602
420.0000 -0.9673
421.0000 0.1534
422.0000 0.7408
423.0000 0.5359
424.0000 0.0495
425.0000 0.7350
426.0000 0.1510
427.0000 0.1957
428.0000 -2.0820
429.0000 0.5009
430.0000 -0.4095
431.0000 0.2516
432.0000 0.6123
433.0000 0.8568
434.0000 -0.1489
435.0000 -0.5220
436.0000 -0.1060
437.0000 0.4611
438.0000 -0.5631
439.0000 -0.5624
440.0000 1.4409
441.0000 -0.7024
442.0000 -0.0816
443.0000 0.1083
444.0000 -0.6132
445.0000 1.5216
446.0000 -0.7795
447.0000 2.1373
448.0000 0.0917
449.0000 0.8096
450.0000 -1.1215
451.0000 0.9715
452.0000 0.4506
453.0000 0.7108
454.0000 -0.7120
455.0000 -0.2249
456.0000 -0.8155
457.0000 -0.3231
458.0000 -0.3017
459.0000 1.6154
460.0000 1.0597
461.0000 0.0410
462.0000 -0.1802
463.0000 -0.4024
464.0000 0.3988
465.0000 0.6260
466.0000 -1.2229
467.0000 0.4878
468.0000 0.2069
469.0000 -0.6091
470.0000 -0.8960
471.0000 -0.2972
472.0000 0.5198
473.0000 -0.9654
474.0000 1.3893
475.0000 0.3741
476.0000 0.6983
477.0000 -0.2471
478.0000 -1.0010
479.0000 1.7495
480.0000 -0.0450
481.0000 -1.3571
482.0000 1.4950
483.0000 0.5106
484.0000 -0.9044
485.0000 0.2778
486.0000 -0.0386
487.0000 0.7643
488.0000 0.8667
489.0000 -0.8386
490.0000 0.7904
491.0000 0.8824
492.0000 -0.8963
493.0000 -1.0863
494.0000 -0.3853
495.0000 -0.5670
496.0000 -0.0095
497.0000 1.2797
498.0000 -0.4402
499.0000 -0.8307
500.0000 0.8244
501.0000 1.1350
502.0000 -0.9987
503.0000 0.7771
504.0000 0.5440
505.0000 -0.1804
506.0000 0.2944
507.0000 0.2664
508.0000 -1.1445
509.0000 0.4326
510.0000 -1.3224
