1.0000 0.0000
2.0000 0.0000
3.0000 0.0000
4.0000 0.0000
5.0000 0.0000
6.0000 0.0000
7.0000 0.0000
8.0000 0.0000
9.0000 0.0000
10.0000 2.3364
11.0000 0.9205
12.0000 1.3450
13.0000 1.4204
14.0000 0.9687
15.0000 0.8010
16.0000 1.1921
17.0000 0.5704
18.0000 1.2723
19.0000 1.0338
20.0000 1.1508
21.0000 0.7813
22.0000 1.1530
23.0000 1.0186
24.0000 1.2499
25.0000 1.0511
26.0000 0.9922
27.0000 1.0684
28.0000 1.2422
29.0000 0.9286
30.0000 0.9799
31.0000 0.9263
32.0000 0.9103
33.0000 1.1537
34.0000 0.7075
35.0000 0.9662
36.0000 1.0324
37.0000 0.6028
38.0000 0.8058
39.0000 1.1911
40.0000 0.8450
41.0000 0.6957
42.0000 0.7228
43.0000 1.0122
44.0000 0.7368
45.0000 0.7376
46.0000 0.6817
47.0000 0.9218
48.0000 0.4510
49.0000 0.7938
50.0000 0.4774
51.0000 0.6036
52.0000 0.7191
53.0000 0.6214
54.0000 0.6852
55.0000 0.6316
56.0000 0.4958
57.0000 0.7342
58.0000 0.3984
59.0000 0.9122
60.0000 0.3217
61.0000 0.8947
62.0000 0.5575
63.0000 0.4827
64.0000 0.8210
65.0000 0.6809
66.0000 0.4255
67.0000 0.9875
68.0000 0.5978
69.0000 0.4584
70.0000 0.8324
71.0000 0.3517
72.0000 0.6629
73.0000 0.6360
74.0000 0.6504
75.0000 0.5756
76.0000 0.7960
77.0000 0.3274
78.0000 0.6783
79.0000 0.7640
80.0000 0.5928
81.0000 0.3661
82.0000 0.7399
83.0000 0.4492
84.0000 0.4738
85.0000 0.5477
86.0000 0.9196
87.0000 0.6060
88.0000 0.6368
89.0000 0.9593
90.0000 0.7454
91.0000 0.4634
92.0000 0.7742
93.0000 0.4422
94.0000 0.5969
95.0000 0.5419
96.0000 0.5022
97.0000 0.6065
98.0000 0.9925
99.0000 0.5457
100.0000 0.7680
101.0000 0.5135
102.0000 0.9095
103.0000 0.7122
104.0000 0.8937
105.0000 0.5576
106.0000 0.9172
107.0000 0.2914
108.0000 0.6051
109.0000 0.5357
110.0000 1.0333
111.0000 0.6659
112.0000 0.9793
113.0000 0.4636
114.0000 0.9169
115.0000 0.6802
116.0000 0.8287
117.0000 0.4955
118.0000 0.6686
119.0000 0.6602
120.0000 0.9267
121.0000 0.6033
122.0000 0.5354
123.0000 0.5910
124.0000 0.7111
125.0000 0.6400
126.0000 0.6286
127.0000 0.4228
128.0000 0.5758
129.0000 0.6513
130.0000 0.6805
131.0000 0.8355
132.0000 0.5814
133.0000 0.8075
134.0000 0.4395
135.0000 0.5656
136.0000 0.6161
137.0000 0.7302
138.0000 0.5942
139.0000 0.6505
140.0000 0.6904
141.0000 0.5770
142.0000 0.6637
143.0000 0.5775
144.0000 0.7968
145.0000 0.4187
146.0000 0.6036
147.0000 0.8176
148.0000 0.5785
149.0000 0.7567
150.0000 0.7317
151.0000 0.7955
152.0000 0.8581
153.0000 0.3549
154.0000 0.8740
155.0000 0.6216
156.0000 0.3946
157.0000 0.6584
158.0000 0.8250
159.0000 0.6802
160.0000 0.5720
161.0000 0.6360
162.0000 0.8106
163.0000 0.7512
164.0000 0.5170
165.0000 0.6940
166.0000 1.0449
167.0000 0.5821
168.0000 0.6725
169.0000 0.6121
170.0000 0.8633
171.0000 0.6465
172.0000 0.3837
173.0000 0.9772
174.0000 0.6345
175.0000 0.6878
176.0000 0.5632
177.0000 0.9868
178.0000 0.5810
179.0000 0.9228
180.0000 0.3955
181.0000 0.9603
182.0000 0.3557
183.0000 0.7478
184.0000 0.5147
185.0000 0.7146
186.0000 0.4238
187.0000 0.9300
188.0000 0.5863
189.0000 0.7035
190.0000 0.7111
191.0000 0.9532
192.0000 0.7693
193.0000 0.4858
194.0000 0.6845
195.0000 0.7373
196.0000 0.4235
197.0000 0.5677
198.0000 0.8824
199.0000 0.6485
200.0000 0.7169
201.0000 0.6783
202.0000 0.8283
203.0000 0.6455
204.0000 0.6573
205.0000 0.8401
206.0000 0.5582
207.0000 0.8664
208.0000 0.6596
209.0000 0.7167
210.0000 0.3644
211.0000 0.6362
212.0000 0.6745
213.0000 0.8005
214.0000 0.9262
215.0000 0.4928
216.0000 0.6971
217.0000 0.7846
218.0000 0.6948
219.0000 0.5912
220.0000 0.6501
221.0000 0.9635
222.0000 0.5768
223.0000 0.6502
224.0000 0.6353
225.0000 0.9992
226.0000 0.6880
227.0000 0.7781
228.0000 0.7722
229.0000 0.5476
230.0000 0.8804
231.0000 0.5488
232.0000 0.7878
233.0000 0.4876
234.0000 0.4158
235.0000 0.9257
236.0000 0.4915
237.0000 0.7104
238.0000 0.5901
239.0000 0.7431
240.0000 0.7237
241.0000 0.7178
242.0000 0.7458
243.0000 0.6234
244.0000 0.7212
245.0000 0.7110
246.0000 0.6611
247.0000 0.4218
248.0000 0.7269
249.0000 0.5771
250.0000 0.5790
251.0000 0.8925
252.0000 0.6959
253.0000 0.4443
254.0000 0.8348
255.0000 0.5623
256.0000 0.7759
257.0000 0.6785
258.0000 0.4056
259.0000 0.7215
260.0000 0.6967
261.0000 0.7372
262.0000 -0.3103
263.0000 -0.6955
264.0000 -0.5445
265.0000 -0.6112
266.0000 -0.7993
267.0000 -0.9993
268.0000 -0.6419
269.0000 -0.4910
270.0000 -0.6745
271.0000 -0.4991
272.0000 -0.3163
273.0000 -0.6211
274.0000 -0.4045
275.0000 -0.3338
276.0000 -0.6450
277.0000 -0.5503
278.0000 -0.5104
279.0000 -0.6941
280.0000 -0.3877
281.0000 -0.3822
282.0000 -0.6593
283.0000 -0.4287
284.0000 -0.3079
285.0000 -0.1821
286.0000 -0.4511
287.0000 -0.3517
288.0000 -0.2745
289.0000 -0.1089
290.0000 -0.0371
291.0000 -0.0674
292.0000 -0.3106
293.0000 0.2651
294.0000 -0.3458
295.0000 0.2531
296.0000 -0.1212
297.0000 0.0561
298.0000 -0.1093
299.0000 0.2617
300.0000 -0.1017
301.0000 0.2482
302.0000 0.0300
303.0000 0.1078
304.0000 0.1172
305.0000 0.0539
306.0000 0.1177
307.0000 0.2861
308.0000 0.1637
309.0000 0.3363
310.0000 0.3175
311.0000 0.3725
312.0000 0.0401
313.0000 0.3763
314.0000 0.3391
315.0000 0.0318
316.0000 0.3018
317.0000 0.0419
318.0000 0.5056
319.0000 0.1096
320.0000 0.1600
321.0000 -0.0185
322.0000 0.0342
323.0000 0.1682
324.0000 0.0977
325.0000 0.2710
326.0000 -0.0217
327.0000 0.3347
328.0000 0.0351
329.0000 0.3527
330.0000 -0.0985
331.0000 0.1461
332.0000 0.1406
333.0000 0.1559
334.0000 0.1557
335.0000 0.1900
336.0000 0.0049
337.0000 0.2982
338.0000 0.2238
339.0000 -0.1311
340.0000 0.1589
341.0000 0.2929
342.0000 -0.0589
343.0000 0.3015
344.0000 0.3017
345.0000 0.1279
346.0000 -0.1008
347.0000 0.1155
348.0000 -0.1293
349.0000 0.0662
350.0000 0.3063
351.0000 0.1238
352.0000 -0.0624
353.0000 0.2601
354.0000 -0.2284
355.0000 -0.1637
356.0000 0.0302
357.0000 0.2466
358.0000 -0.1753
359.0000 0.4449
360.0000 0.1273
361.0000 0.0953
362.0000 0.1996
363.0000 -0.0340
364.0000 0.0469
365.0000 0.0590
366.0000 -0.0585
367.0000 -0.2074
368.0000 0.1949
369.0000 -0.1422
370.0000 -0.0192
371.0000 -0.0428
372.0000 0.3894
373.0000 0.0643
374.0000 -0.1255
375.0000 -0.2222
376.0000 0.2409
377.0000 0.0711
378.0000 0.1023
379.0000 -0.1077
380.0000 0.2881
381.0000 0.0705
382.0000 -0.0682
383.0000 0.1148
384.0000 0.2279
385.0000 0.0810
386.0000 0.0955
387.0000 0.1192
388.0000 0.1376
389.0000 -0.2166
390.0000 0.3538
391.0000 -0.1960
392.0000 0.1691
393.0000 -0.1879
394.0000 0.0649
395.0000 0.2589
396.0000 -0.0557
397.0000 0.2385
398.0000 0.1603
399.0000 -0.0663
400.0000 0.0161
401.0000 0.1119
402.0000 0.0720
403.0000 0.0977
404.0000 0.1372
405.0000 0.2540
406.0000 -0.0112
407.0000 0.1304
408.0000 -0.0009
409.0000 0.3107
410.0000 -0.0472
411.0000 -0.0880
412.0000 -0.0431
413.0000 0.0652
414.0000 -0.1997
415.0000 0.2376
416.0000 0.1296
417.0000 0.0982
418.0000 0.2340
419.0000 0.1754
420.0000 0.0583
421.0000 0.1903
422.0000 -0.0314
423.0000 -0.0771
424.0000 -0.1261
425.0000 0.1487
426.0000 0.1078
427.0000 -0.0632
428.0000 0.0326
429.0000 0.0269
430.0000 -0.0968
431.0000 0.1490
432.0000 -0.0384
433.0000 0.3221
434.0000 0.0355
435.0000 0.2035
436.0000 0.0193
437.0000 -0.1297
438.0000 0.0616
439.0000 0.0308
440.0000 0.2164
441.0000 0.1058
442.0000 0.0349
443.0000 0.2087
444.0000 0.0595
445.0000 -0.2123
446.0000 0.0418
447.0000 -0.1094
448.0000 0.0348
449.0000 -0.0948
450.0000 0.2652
451.0000 0.1620
452.0000 0.1424
453.0000 0.2495
454.0000 0.1668
455.0000 -0.0396
456.0000 0.0494
457.0000 0.2318
458.0000 -0.1263
459.0000 0.1221
460.0000 -0.1425
461.0000 0.3057
462.0000 -0.0597
463.0000 -0.0764
464.0000 0.3757
465.0000 0.0388
466.0000 0.2383
467.0000 0.1871
468.0000 0.0154
469.0000 0.0420
470.0000 -0.0738
471.0000 0.2934
472.0000 0.1761
473.0000 -0.0778
474.0000 0.1401
475.0000 0.2549
476.0000 0.2276
477.0000 -0.1270
478.0000 0.3461
479.0000 0.0729
480.0000 -0.0739
481.0000 0.1151
482.0000 0.1530
483.0000 -0.0696
484.0000 -0.0921
485.0000 0.2045
486.0000 -0.0765
487.0000 -0.0496
488.0000 0.0654
489.0000 0.2851
490.0000 -0.2417
491.0000 -0.1033
492.0000 0.1942
493.0000 -0.1313
494.0000 0.2876
495.0000 -0.0226
496.0000 0.1143
497.0000 0.1443
498.0000 0.1888
499.0000 0.0103
500.0000 0.1769
501.0000 -0.0795
502.0000 -0.0314
503.0000 0.1956
504.0000 -0.1349
505.0000 0.0856
506.0000 0.1827
507.0000 -0.0594
508.0000 -0.1344
509.0000 0.2956
510.0000 -0.0711
