1.0000 410.0000
2.0000 410.0000
3.0000 410.0000
4.0000 410.0000
5.0000 410.0000
6.0000 410.0000
7.0000 410.0000
8.0000 410.0000
9.0000 385.0000
10.0000 389.0000
11.0000 388.0000
12.0000 387.0000
13.0000 381.0000
14.0000 381.0000
15.0000 379.0000
16.0000 382.0000
17.0000 384.0000
18.0000 387.0000
19.0000 389.0000
20.0000 392.0000
21.0000 395.0000
22.0000 399.0000
23.0000 397.0000
24.0000 397.0000
25.0000 397.0000
26.0000 397.0000
27.0000 391.0000
28.0000 387.0000
29.0000 387.0000
30.0000 382.0000
31.0000 377.0000
32.0000 372.0000
33.0000 372.0000
34.0000 366.0000
35.0000 361.0000
36.0000 361.0000
37.0000 349.0000
38.0000 345.0000
39.0000 339.0000
40.0000 333.0000
41.0000 332.0000
42.0000 330.0000
43.0000 328.0000
44.0000 326.0000
45.0000 324.0000
46.0000 322.0000
47.0000 320.0000
48.0000 318.0000
49.0000 320.0000
50.0000 321.0000
51.0000 323.0000
52.0000 326.0000
53.0000 328.0000
54.0000 330.0000
55.0000 332.0000
56.0000 335.0000
57.0000 342.0000
58.0000 344.0000
59.0000 348.0000
60.0000 351.0000
61.0000 355.0000
62.0000 354.0000
63.0000 359.0000
64.0000 364.0000
65.0000 373.0000
66.0000 376.0000
67.0000 376.0000
68.0000 382.0000
69.0000 382.0000
70.0000 383.0000
71.0000 389.0000
72.0000 389.0000
73.0000 386.0000
74.0000 388.0000
75.0000 384.0000
76.0000 377.0000
77.0000 369.0000
78.0000 367.0000
79.0000 363.0000
80.0000 359.0000
81.0000 354.0000
82.0000 355.0000
83.0000 350.0000
84.0000 346.0000
85.0000 346.0000
86.0000 340.0000
87.0000 335.0000
88.0000 335.0000
89.0000 334.0000
90.0000 333.0000
91.0000 332.0000
92.0000 331.0000
93.0000 335.0000
94.0000 333.0000
95.0000 337.0000
96.0000 340.0000
97.0000 333.0000
98.0000 333.0000
99.0000 332.0000
100.0000 336.0000
101.0000 339.0000
102.0000 337.0000
103.0000 342.0000
104.0000 340.0000
105.0000 340.0000
106.0000 340.0000
107.0000 344.0000
108.0000 348.0000
109.0000 352.0000
110.0000 351.0000
111.0000 357.0000
112.0000 356.0000
113.0000 356.0000
114.0000 356.0000
115.0000 351.0000
116.0000 352.0000
117.0000 358.0000
118.0000 352.0000
119.0000 756.0000
120.0000 674.0000
121.0000 685.0000
122.0000 700.0000
123.0000 709.0000
124.0000 724.0000
125.0000 723.0000
126.0000 725.0000
127.0000 721.0000
128.0000 708.0000
129.0000 691.0000
130.0000 679.0000
131.0000 664.0000
132.0000 639.0000
133.0000 615.0000
134.0000 600.0000
135.0000 576.0000
136.0000 556.0000
137.0000 535.0000
138.0000 522.0000
139.0000 502.0000
140.0000 491.0000
141.0000 478.0000
142.0000 470.0000
143.0000 470.0000
144.0000 468.0000
145.0000 466.0000
146.0000 464.0000
147.0000 462.0000
148.0000 460.0000
149.0000 467.0000
150.0000 468.0000
151.0000 475.0000
152.0000 481.0000
153.0000 493.0000
154.0000 499.0000
155.0000 506.0000
156.0000 519.0000
157.0000 526.0000
158.0000 535.0000
159.0000 539.0000
160.0000 550.0000
161.0000 554.0000
162.0000 560.0000
163.0000 561.0000
164.0000 563.0000
165.0000 565.0000
166.0000 572.0000
167.0000 573.0000
168.0000 571.0000
169.0000 579.0000
170.0000 575.0000
171.0000 573.0000
172.0000 576.0000
173.0000 573.0000
174.0000 570.0000
175.0000 568.0000
176.0000 566.0000
177.0000 564.0000
178.0000 561.0000
179.0000 554.0000
180.0000 552.0000
181.0000 543.0000
182.0000 541.0000
183.0000 537.0000
184.0000 532.0000
185.0000 528.0000
186.0000 528.0000
187.0000 523.0000
188.0000 518.0000
189.0000 518.0000
190.0000 517.0000
191.0000 521.0000
192.0000 524.0000
193.0000 533.0000
194.0000 535.0000
195.0000 539.0000
196.0000 543.0000
197.0000 542.0000
198.0000 542.0000
199.0000 548.0000
200.0000 547.0000
201.0000 547.0000
202.0000 547.0000
203.0000 547.0000
204.0000 547.0000
205.0000 542.0000
206.0000 543.0000
207.0000 543.0000
208.0000 543.0000
209.0000 543.0000
210.0000 549.0000
211.0000 548.0000
212.0000 553.0000
213.0000 548.0000
214.0000 549.0000
215.0000 544.0000
216.0000 545.0000
217.0000 545.0000
218.0000 545.0000
219.0000 143.0000
220.0000 215.0000
221.0000 202.0000
222.0000 193.0000
223.0000 183.0000
224.0000 174.0000
225.0000 169.0000
226.0000 169.0000
