1.0000 36.0000
2.0000 36.0000
3.0000 36.0000
4.0000 36.0000
5.0000 36.0000
6.0000 36.0000
7.0000 36.0000
8.0000 36.0000
9.0000 36.0000
10.0000 36.0000
11.0000 36.0000
12.0000 36.0000
13.0000 36.0000
14.0000 36.0000
15.0000 36.0000
16.0000 36.0000
17.0000 36.0000
18.0000 36.0000
19.0000 36.0000
20.0000 36.0008
21.0000 36.0032
22.0000 36.0074
23.0000 36.0140
24.0000 36.0232
25.0000 36.0350
26.0000 36.0495
27.0000 36.0668
28.0000 36.0866
29.0000 36.1090
30.0000 39.4876
31.0000 42.5887
32.0000 45.4244
33.0000 48.0042
34.0000 50.3339
35.0000 52.4164
36.0000 54.2531
37.0000 55.8444
38.0000 57.1907
39.0000 58.2924
40.0000 59.1511
41.0000 59.7690
42.0000 60.1498
43.0000 60.2985
44.0000 60.2216
45.0000 59.9414
46.0000 59.4792
47.0000 58.8554
48.0000 58.0895
49.0000 57.2007
50.0000 56.2076
51.0000 55.1281
52.0000 53.9794
53.0000 52.7781
54.0000 51.5396
55.0000 50.2788
56.0000 49.0094
57.0000 47.7440
58.0000 46.4943
59.0000 45.2709
60.0000 44.0831
61.0000 42.9396
62.0000 41.8473
63.0000 40.8127
64.0000 39.8411
65.0000 38.9369
66.0000 38.1034
67.0000 37.3433
68.0000 36.6580
69.0000 36.0488
70.0000 35.5157
71.0000 35.0582
72.0000 34.6751
73.0000 34.3650
74.0000 34.1254
75.0000 33.9538
76.0000 33.8471
77.0000 33.8020
78.0000 33.8145
79.0000 33.8808
80.0000 33.9966
81.0000 34.1576
82.0000 34.3593
83.0000 34.5973
84.0000 34.8670
85.0000 35.1640
86.0000 35.4840
87.0000 35.8227
88.0000 36.1760
89.0000 36.5399
90.0000 36.9103
91.0000 37.2838
92.0000 37.6571
93.0000 38.0266
94.0000 38.3896
95.0000 38.7434
96.0000 39.0856
97.0000 39.4138
98.0000 39.7261
99.0000 40.0207
100.0000 40.2965
101.0000 40.5524
102.0000 40.7875
103.0000 41.0011
104.0000 41.1927
105.0000 41.3622
106.0000 41.5095
107.0000 41.6349
108.0000 41.7389
109.0000 41.8218
110.0000 41.8843
111.0000 41.9272
112.0000 41.9515
113.0000 41.9584
114.0000 41.9489
115.0000 41.9241
116.0000 41.8855
117.0000 41.8339
118.0000 41.7710
119.0000 41.6979
120.0000 41.6160
121.0000 41.5267
122.0000 41.4310
123.0000 41.3304
124.0000 41.2261
125.0000 41.1193
126.0000 41.0107
127.0000 40.9016
128.0000 40.7929
129.0000 40.6854
130.0000 40.5801
131.0000 40.4777
132.0000 40.3791
133.0000 40.2848
134.0000 40.1952
135.0000 40.1108
136.0000 40.0320
137.0000 39.9593
138.0000 39.8926
139.0000 39.8325
140.0000 39.7789
141.0000 39.7318
142.0000 39.6914
143.0000 39.6572
144.0000 39.6294
145.0000 39.6076
146.0000 39.5915
147.0000 39.5810
148.0000 39.5759
149.0000 39.5758
150.0000 39.5802
151.0000 39.5891
152.0000 39.6020
153.0000 39.6184
154.0000 39.6380
155.0000 39.6605
156.0000 39.6856
157.0000 39.7127
158.0000 39.7413
159.0000 39.7713
160.0000 39.8023
161.0000 39.8341
162.0000 39.8662
163.0000 39.8983
164.0000 39.9300
165.0000 39.9611
166.0000 39.9915
167.0000 40.0210
168.0000 40.0493
169.0000 40.0762
170.0000 40.1018
171.0000 40.1255
172.0000 40.1476
173.0000 40.1676
174.0000 40.1859
175.0000 40.2023
176.0000 40.2168
177.0000 40.2293
178.0000 40.2400
179.0000 40.2489
180.0000 40.2558
181.0000 40.2610
182.0000 40.2644
183.0000 40.2663
184.0000 40.2667
185.0000 40.2657
186.0000 40.2633
187.0000 40.2598
188.0000 40.2552
189.0000 40.2498
190.0000 40.2435
191.0000 40.2365
192.0000 40.2287
193.0000 40.2206
194.0000 40.2121
195.0000 40.2033
196.0000 40.1943
197.0000 40.1851
198.0000 40.1759
199.0000 40.1668
200.0000 40.1580
201.0000 40.1494
202.0000 40.1410
203.0000 40.1330
204.0000 40.1254
205.0000 40.1182
206.0000 40.1114
207.0000 40.1050
208.0000 40.0990
209.0000 40.0934
210.0000 40.0884
211.0000 40.0838
212.0000 40.0800
213.0000 40.0768
214.0000 40.0742
215.0000 40.0722
216.0000 40.0707
217.0000 40.0698
218.0000 40.0694
219.0000 40.0694
220.0000 40.0697
221.0000 40.0703
222.0000 40.0711
223.0000 40.0722
224.0000 40.0734
225.0000 40.0750
226.0000 40.0768
227.0000 40.0790
228.0000 40.0812
229.0000 40.0837
230.0000 40.0862
231.0000 40.0888
232.0000 40.0914
233.0000 40.0941
234.0000 40.0969
235.0000 40.0997
236.0000 40.1022
237.0000 40.1046
238.0000 40.1067
239.0000 40.1086
240.0000 40.1103
241.0000 40.1117
242.0000 40.1130
243.0000 40.1142
244.0000 40.1151
245.0000 40.1158
246.0000 40.1163
247.0000 40.1165
248.0000 40.1167
249.0000 40.1166
250.0000 40.1164
251.0000 40.1160
252.0000 40.1154
253.0000 40.1148
254.0000 40.1141
255.0000 40.1134
256.0000 40.1125
257.0000 40.1114
258.0000 40.1103
259.0000 40.1091
260.0000 40.1079
261.0000 40.1067
262.0000 40.1057
263.0000 40.1048
264.0000 40.1039
265.0000 40.1030
266.0000 40.1024
267.0000 40.1018
268.0000 40.1014
269.0000 40.1013
270.0000 40.1014
271.0000 40.1019
272.0000 40.1026
273.0000 40.1038
274.0000 40.1053
275.0000 40.1070
276.0000 40.1088
277.0000 40.1110
278.0000 40.1135
279.0000 40.1164
280.0000 40.1194
281.0000 40.1227
282.0000 40.1261
283.0000 40.1301
284.0000 40.1346
285.0000 40.1396
286.0000 40.1447
287.0000 40.1500
288.0000 40.1555
289.0000 40.1613
290.0000 40.1675
291.0000 40.1740
292.0000 40.1807
293.0000 40.1877
294.0000 40.1949
295.0000 40.2026
296.0000 40.2104
297.0000 40.2184
298.0000 40.2265
299.0000 40.2348
300.0000 40.2432
301.0000 40.2516
302.0000 40.2601
303.0000 40.2687
304.0000 40.2772
305.0000 40.2859
306.0000 40.2946
307.0000 40.3031
308.0000 40.3116
309.0000 40.3200
310.0000 40.3282
311.0000 40.3359
312.0000 40.3432
313.0000 40.3503
314.0000 40.3570
315.0000 40.3633
316.0000 40.3689
317.0000 40.3739
318.0000 40.3782
319.0000 40.3816
320.0000 40.3841
321.0000 40.3857
322.0000 40.3864
323.0000 40.3861
324.0000 40.3847
325.0000 40.3824
326.0000 40.3790
327.0000 40.3747
328.0000 40.3692
329.0000 40.3625
330.0000 38.4382
331.0000 36.6720
332.0000 35.0566
333.0000 33.5860
334.0000 32.2565
335.0000 31.0662
336.0000 30.0139
337.0000 29.0994
338.0000 28.3224
339.0000 27.6824
340.0000 27.1788
341.0000 26.8105
342.0000 26.5754
343.0000 26.4709
344.0000 26.4937
345.0000 26.6313
346.0000 26.8719
347.0000 27.2043
348.0000 27.6176
349.0000 28.1014
350.0000 28.6454
351.0000 29.2397
352.0000 29.8748
353.0000 30.5418
354.0000 31.2319
355.0000 31.9371
356.0000 32.6496
357.0000 33.3626
358.0000 34.0694
359.0000 34.7642
360.0000 35.4417
361.0000 36.0970
362.0000 36.7260
363.0000 37.3252
364.0000 37.8913
365.0000 38.4217
366.0000 38.9143
367.0000 39.3676
368.0000 39.7804
369.0000 40.1518
370.0000 40.4816
371.0000 40.7697
372.0000 41.0167
373.0000 41.2230
374.0000 41.3897
375.0000 41.5180
376.0000 41.6095
377.0000 41.6657
378.0000 41.6885
379.0000 41.6801
380.0000 41.6425
381.0000 41.5780
382.0000 41.4889
383.0000 41.3776
384.0000 41.2465
385.0000 41.0980
386.0000 40.9344
387.0000 40.7581
388.0000 40.5713
389.0000 40.3762
390.0000 40.1752
391.0000 39.9702
392.0000 39.7630
393.0000 39.5558
394.0000 39.3500
395.0000 39.1475
396.0000 38.9495
397.0000 38.7575
398.0000 38.5729
399.0000 38.3965
400.0000 38.2294
401.0000 38.0721
402.0000 37.9255
403.0000 37.7899
404.0000 37.6660
405.0000 37.5538
406.0000 37.4537
407.0000 37.3655
408.0000 37.2893
409.0000 37.2249
410.0000 37.1721
411.0000 37.1307
412.0000 37.1001
413.0000 37.0798
414.0000 37.0693
415.0000 37.0682
416.0000 37.0757
417.0000 37.0914
418.0000 37.1144
419.0000 37.1442
420.0000 37.1801
421.0000 37.2212
422.0000 37.2671
423.0000 37.3168
424.0000 37.3698
425.0000 37.4254
426.0000 37.4831
427.0000 37.5422
428.0000 37.6021
429.0000 37.6624
430.0000 37.7225
431.0000 37.7819
432.0000 37.8400
433.0000 37.8965
434.0000 37.9511
435.0000 38.0035
436.0000 38.0533
437.0000 38.1003
438.0000 38.1442
439.0000 38.1849
440.0000 38.2222
441.0000 38.2561
442.0000 38.2864
443.0000 38.3133
444.0000 38.3366
445.0000 38.3565
446.0000 38.3730
447.0000 38.3863
448.0000 38.3963
449.0000 38.4033
450.0000 38.4073
451.0000 38.4085
452.0000 38.4071
453.0000 38.4034
454.0000 38.3973
455.0000 38.3892
456.0000 38.3792
457.0000 38.3676
458.0000 38.3547
459.0000 38.3404
460.0000 38.3251
461.0000 38.3090
462.0000 38.2921
463.0000 38.2749
464.0000 38.2574
465.0000 38.2398
466.0000 38.2223
467.0000 38.2049
468.0000 38.1878
469.0000 38.1712
470.0000 38.1551
471.0000 38.1397
472.0000 38.1251
473.0000 38.1114
474.0000 38.0985
475.0000 38.0865
476.0000 38.0756
477.0000 38.0656
478.0000 38.0567
479.0000 38.0487
480.0000 38.0419
481.0000 38.0360
482.0000 38.0313
483.0000 38.0274
484.0000 38.0245
485.0000 38.0224
486.0000 38.0213
487.0000 38.0210
488.0000 38.0214
489.0000 38.0224
490.0000 38.0242
491.0000 38.0265
492.0000 38.0293
493.0000 38.0326
494.0000 38.0363
495.0000 38.0403
496.0000 38.0446
497.0000 38.0492
498.0000 38.0540
499.0000 38.0589
500.0000 38.0638
501.0000 38.0687
502.0000 38.0736
503.0000 38.0785
504.0000 38.0832
505.0000 38.0878
506.0000 38.0923
507.0000 38.0967
508.0000 38.1009
509.0000 38.1049
510.0000 38.1087
511.0000 38.1123
512.0000 38.1155
513.0000 38.1183
514.0000 38.1208
515.0000 38.1230
516.0000 38.1249
517.0000 38.1264
518.0000 38.1276
519.0000 38.1286
520.0000 38.1293
521.0000 38.1299
522.0000 38.1303
523.0000 38.1305
524.0000 38.1305
525.0000 38.1303
526.0000 38.1299
527.0000 38.1292
528.0000 38.1284
529.0000 38.1274
530.0000 38.1264
531.0000 38.1252
532.0000 38.1239
533.0000 38.1225
534.0000 38.1211
535.0000 38.1196
536.0000 38.1181
537.0000 38.1168
538.0000 38.1155
539.0000 38.1143
540.0000 38.1132
541.0000 38.1122
542.0000 38.1112
543.0000 38.1103
544.0000 38.1095
545.0000 38.1089
546.0000 38.1083
547.0000 38.1078
548.0000 38.1074
549.0000 38.1072
550.0000 38.1070
551.0000 38.1069
552.0000 38.1070
553.0000 38.1071
554.0000 38.1072
555.0000 38.1074
556.0000 38.1077
557.0000 38.1081
558.0000 38.1085
559.0000 38.1091
560.0000 38.1096
561.0000 38.1102
562.0000 38.1107
563.0000 38.1112
564.0000 38.1117
565.0000 38.1122
566.0000 38.1126
567.0000 38.1130
568.0000 38.1133
569.0000 38.1134
570.0000 38.1135
571.0000 38.1133
572.0000 38.1131
573.0000 38.1126
574.0000 38.1119
575.0000 38.1112
576.0000 38.1103
577.0000 38.1093
578.0000 38.1081
579.0000 38.1067
580.0000 38.1051
581.0000 38.1035
582.0000 38.1017
583.0000 38.0997
584.0000 38.0973
585.0000 38.0947
586.0000 38.0919
587.0000 38.0891
588.0000 38.0861
589.0000 38.0829
590.0000 38.0795
591.0000 38.0758
592.0000 38.0721
593.0000 38.0682
594.0000 38.0641
595.0000 38.0597
596.0000 38.0552
597.0000 38.0506
598.0000 38.0459
599.0000 38.0411
600.0000 38.0362
