1.0000 36.0000
2.0000 36.0000
3.0000 36.0000
4.0000 36.0000
5.0000 36.0000
6.0000 36.0000
7.0000 36.0000
8.0000 36.0000
9.0000 36.0000
10.0000 36.0000
11.0000 36.0000
12.0000 36.0000
13.0000 36.0000
14.0000 36.0000
15.0000 36.0000
16.0000 36.0000
17.0000 36.0000
18.0000 36.0000
19.0000 36.0000
20.0000 36.0004
21.0000 36.0017
22.0000 36.0041
23.0000 36.0079
24.0000 36.0132
25.0000 36.0202
26.0000 36.0291
27.0000 36.0399
28.0000 36.0526
29.0000 36.0673
30.0000 37.8777
31.0000 39.6453
32.0000 41.3676
33.0000 43.0416
34.0000 44.6633
35.0000 46.2277
36.0000 47.7297
37.0000 49.1632
38.0000 50.5225
39.0000 51.8013
40.0000 52.9936
41.0000 54.0935
42.0000 55.0955
43.0000 55.9941
44.0000 56.7846
45.0000 57.4665
46.0000 58.0398
47.0000 58.5049
48.0000 58.8623
49.0000 59.1131
50.0000 59.2589
51.0000 59.3014
52.0000 59.2430
53.0000 59.0865
54.0000 58.8349
55.0000 58.4917
56.0000 58.0609
57.0000 57.5464
58.0000 56.9528
59.0000 56.2849
60.0000 55.5477
61.0000 54.7463
62.0000 53.8862
63.0000 52.9730
64.0000 52.0125
65.0000 51.0104
66.0000 49.9728
67.0000 48.9056
68.0000 47.8148
69.0000 46.7064
70.0000 45.5865
71.0000 44.4609
72.0000 43.3354
73.0000 42.2158
74.0000 41.1075
75.0000 40.0161
76.0000 38.9466
77.0000 37.9042
78.0000 36.8935
79.0000 35.9189
80.0000 34.9848
81.0000 34.0951
82.0000 33.2533
83.0000 32.4629
84.0000 31.7267
85.0000 31.0474
86.0000 30.4273
87.0000 29.8685
88.0000 29.3725
89.0000 28.9407
90.0000 28.5739
91.0000 28.2728
92.0000 28.0375
93.0000 27.8679
94.0000 27.7637
95.0000 27.7240
96.0000 27.7478
97.0000 27.8337
98.0000 27.9799
99.0000 28.1847
100.0000 28.4457
101.0000 28.7607
102.0000 29.1269
103.0000 29.5415
104.0000 30.0013
105.0000 30.5033
106.0000 31.0440
107.0000 31.6199
108.0000 32.2275
109.0000 32.8630
110.0000 33.5226
111.0000 34.2024
112.0000 34.8988
113.0000 35.6078
114.0000 36.3257
115.0000 37.0486
116.0000 37.7727
117.0000 38.4943
118.0000 39.2099
119.0000 39.9160
120.0000 40.6091
121.0000 41.2861
122.0000 41.9438
123.0000 42.5792
124.0000 43.1897
125.0000 43.7726
126.0000 44.3255
127.0000 44.8461
128.0000 45.3325
129.0000 45.7828
130.0000 46.1956
131.0000 46.5694
132.0000 46.9032
133.0000 47.1960
134.0000 47.4472
135.0000 47.6563
136.0000 47.8230
137.0000 47.9475
138.0000 48.0299
139.0000 48.0706
140.0000 48.0702
141.0000 48.0296
142.0000 47.9498
143.0000 47.8318
144.0000 47.6772
145.0000 47.4874
146.0000 47.2639
147.0000 47.0087
148.0000 46.7236
149.0000 46.4107
150.0000 46.0722
151.0000 45.7101
152.0000 45.3270
153.0000 44.9250
154.0000 44.5066
155.0000 44.0742
156.0000 43.6304
157.0000 43.1776
158.0000 42.7182
159.0000 42.2547
160.0000 41.7896
161.0000 41.3252
162.0000 40.8639
163.0000 40.4079
164.0000 39.9594
165.0000 39.5205
166.0000 39.0933
167.0000 38.6797
168.0000 38.2816
169.0000 37.9006
170.0000 37.5383
171.0000 37.1962
172.0000 36.8756
173.0000 36.5777
174.0000 36.3036
175.0000 36.0541
176.0000 35.8301
177.0000 35.6321
178.0000 35.4608
179.0000 35.3163
180.0000 35.1990
181.0000 35.1088
182.0000 35.0457
183.0000 35.0095
184.0000 34.9997
185.0000 35.0161
186.0000 35.0578
187.0000 35.1243
188.0000 35.2147
189.0000 35.3281
190.0000 35.4633
191.0000 35.6195
192.0000 35.7952
193.0000 35.9894
194.0000 36.2005
195.0000 36.4273
196.0000 36.6682
197.0000 36.9217
198.0000 37.1864
199.0000 37.4606
200.0000 37.7429
201.0000 38.0315
202.0000 38.3250
203.0000 38.6216
204.0000 38.9200
205.0000 39.2185
206.0000 39.5156
207.0000 39.8099
208.0000 40.0998
209.0000 40.3840
210.0000 40.6612
211.0000 40.9301
212.0000 41.1896
213.0000 41.4386
214.0000 41.6759
215.0000 41.9007
216.0000 42.1120
217.0000 42.3091
218.0000 42.4912
219.0000 42.6576
220.0000 42.8079
221.0000 42.9415
222.0000 43.0582
223.0000 43.1576
224.0000 43.2397
225.0000 43.3043
226.0000 43.3515
227.0000 43.3814
228.0000 43.3942
229.0000 43.3902
230.0000 43.3696
231.0000 43.3330
232.0000 43.2809
233.0000 43.2138
234.0000 43.1323
235.0000 43.0373
236.0000 42.9293
237.0000 42.8092
238.0000 42.6778
239.0000 42.5360
240.0000 42.3847
241.0000 42.2250
242.0000 42.0577
243.0000 41.8840
244.0000 41.7047
245.0000 41.5209
246.0000 41.3336
247.0000 41.1438
248.0000 40.9526
249.0000 40.7609
250.0000 40.5698
251.0000 40.3802
252.0000 40.1929
253.0000 40.0090
254.0000 39.8292
255.0000 39.6545
256.0000 39.4855
257.0000 39.3231
258.0000 39.1678
259.0000 39.0204
260.0000 38.8814
261.0000 38.7513
262.0000 38.6308
263.0000 38.5202
264.0000 38.4197
265.0000 38.3298
266.0000 38.2507
267.0000 38.1826
268.0000 38.1255
269.0000 38.0796
270.0000 38.0449
271.0000 38.0214
272.0000 38.0089
273.0000 38.0073
274.0000 38.0164
275.0000 38.0359
276.0000 38.0655
277.0000 38.1048
278.0000 38.1535
279.0000 38.2111
280.0000 38.2772
281.0000 38.3512
282.0000 38.4325
283.0000 38.5208
284.0000 38.6154
285.0000 38.7158
286.0000 38.8212
287.0000 38.9310
288.0000 39.0445
289.0000 39.1612
290.0000 39.2804
291.0000 39.4015
292.0000 39.5238
293.0000 39.6466
294.0000 39.7693
295.0000 39.8915
296.0000 40.0123
297.0000 40.1312
298.0000 40.2477
299.0000 40.3612
300.0000 40.4712
301.0000 40.5772
302.0000 40.6788
303.0000 40.7757
304.0000 40.8675
305.0000 40.9540
306.0000 41.0348
307.0000 41.1098
308.0000 41.1789
309.0000 41.2419
310.0000 41.2987
311.0000 41.3492
312.0000 41.3934
313.0000 41.4314
314.0000 41.4633
315.0000 41.4890
316.0000 41.5087
317.0000 41.5224
318.0000 41.5304
319.0000 41.5327
320.0000 41.5294
321.0000 41.5209
322.0000 41.5072
323.0000 41.4887
324.0000 41.4654
325.0000 41.4377
326.0000 41.4058
327.0000 41.3700
328.0000 41.3304
329.0000 41.2872
330.0000 40.2159
331.0000 39.1670
332.0000 38.1420
333.0000 37.1428
334.0000 36.1717
335.0000 35.2315
336.0000 34.3255
337.0000 33.4570
338.0000 32.6295
339.0000 31.8466
340.0000 31.1119
341.0000 30.4289
342.0000 29.8008
343.0000 29.2309
344.0000 28.7221
345.0000 28.2746
346.0000 27.8888
347.0000 27.5646
348.0000 27.3017
349.0000 27.0999
350.0000 26.9584
351.0000 26.8763
352.0000 26.8525
353.0000 26.8856
354.0000 26.9742
355.0000 27.1163
356.0000 27.3100
357.0000 27.5532
358.0000 27.8435
359.0000 28.1784
360.0000 28.5552
361.0000 28.9712
362.0000 29.4234
363.0000 29.9088
364.0000 30.4243
365.0000 30.9667
366.0000 31.5329
367.0000 32.1194
368.0000 32.7231
369.0000 33.3405
370.0000 33.9684
371.0000 34.6035
372.0000 35.2425
373.0000 35.8822
374.0000 36.5194
375.0000 37.1512
376.0000 37.7745
377.0000 38.3864
378.0000 38.9843
379.0000 39.5654
380.0000 40.1273
381.0000 40.6677
382.0000 41.1843
383.0000 41.6752
384.0000 42.1385
385.0000 42.5725
386.0000 42.9757
387.0000 43.3467
388.0000 43.6844
389.0000 43.9879
390.0000 44.2564
391.0000 44.4893
392.0000 44.6862
393.0000 44.8469
394.0000 44.9714
395.0000 45.0598
396.0000 45.1124
397.0000 45.1297
398.0000 45.1125
399.0000 45.0614
400.0000 44.9775
401.0000 44.8618
402.0000 44.7156
403.0000 44.5401
404.0000 44.3369
405.0000 44.1075
406.0000 43.8537
407.0000 43.5770
408.0000 43.2794
409.0000 42.9627
410.0000 42.6290
411.0000 42.2801
412.0000 41.9181
413.0000 41.5450
414.0000 41.1629
415.0000 40.7738
416.0000 40.3797
417.0000 39.9827
418.0000 39.5848
419.0000 39.1879
420.0000 38.7940
421.0000 38.4048
422.0000 38.0223
423.0000 37.6480
424.0000 37.2837
425.0000 36.9309
426.0000 36.5912
427.0000 36.2658
428.0000 35.9562
429.0000 35.6635
430.0000 35.3887
431.0000 35.1328
432.0000 34.8967
433.0000 34.6812
434.0000 34.4867
435.0000 34.3140
436.0000 34.1633
437.0000 34.0349
438.0000 33.9290
439.0000 33.8456
440.0000 33.7847
441.0000 33.7460
442.0000 33.7294
443.0000 33.7344
444.0000 33.7606
445.0000 33.8075
446.0000 33.8743
447.0000 33.9603
448.0000 34.0648
449.0000 34.1867
450.0000 34.3253
451.0000 34.4794
452.0000 34.6479
453.0000 34.8298
454.0000 35.0239
455.0000 35.2290
456.0000 35.4439
457.0000 35.6673
458.0000 35.8980
459.0000 36.1346
460.0000 36.3760
461.0000 36.6208
462.0000 36.8677
463.0000 37.1157
464.0000 37.3633
465.0000 37.6095
466.0000 37.8531
467.0000 38.0928
468.0000 38.3277
469.0000 38.5567
470.0000 38.7787
471.0000 38.9930
472.0000 39.1986
473.0000 39.3946
474.0000 39.5804
475.0000 39.7552
476.0000 39.9184
477.0000 40.0695
478.0000 40.2079
479.0000 40.3332
480.0000 40.4452
481.0000 40.5435
482.0000 40.6280
483.0000 40.6985
484.0000 40.7550
485.0000 40.7974
486.0000 40.8260
487.0000 40.8407
488.0000 40.8419
489.0000 40.8297
490.0000 40.8046
491.0000 40.7669
492.0000 40.7171
493.0000 40.6556
494.0000 40.5829
495.0000 40.4997
496.0000 40.4066
497.0000 40.3043
498.0000 40.1934
499.0000 40.0746
500.0000 39.9486
501.0000 39.8163
502.0000 39.6784
503.0000 39.5357
504.0000 39.3890
505.0000 39.2390
506.0000 39.0866
507.0000 38.9325
508.0000 38.7776
509.0000 38.6227
510.0000 38.4684
511.0000 38.3155
512.0000 38.1646
513.0000 38.0166
514.0000 37.8720
515.0000 37.7314
516.0000 37.5955
517.0000 37.4649
518.0000 37.3400
519.0000 37.2214
520.0000 37.1094
521.0000 37.0047
522.0000 36.9074
523.0000 36.8179
524.0000 36.7365
525.0000 36.6634
526.0000 36.5988
527.0000 36.5428
528.0000 36.4955
529.0000 36.4570
530.0000 36.4272
531.0000 36.4062
532.0000 36.3939
533.0000 36.3901
534.0000 36.3947
535.0000 36.4075
536.0000 36.4283
537.0000 36.4568
538.0000 36.4928
539.0000 36.5358
540.0000 36.5856
541.0000 36.6418
542.0000 36.7039
543.0000 36.7716
544.0000 36.8444
545.0000 36.9218
546.0000 37.0034
547.0000 37.0887
548.0000 37.1772
549.0000 37.2684
550.0000 37.3618
551.0000 37.4569
552.0000 37.5533
553.0000 37.6504
554.0000 37.7477
555.0000 37.8448
556.0000 37.9412
557.0000 38.0364
558.0000 38.1301
559.0000 38.2218
560.0000 38.3111
561.0000 38.3975
562.0000 38.4809
563.0000 38.5607
564.0000 38.6367
565.0000 38.7086
566.0000 38.7762
567.0000 38.8392
568.0000 38.8973
569.0000 38.9505
570.0000 38.9985
571.0000 39.0412
572.0000 39.0785
573.0000 39.1104
574.0000 39.1367
575.0000 39.1576
576.0000 39.1729
577.0000 39.1828
578.0000 39.1872
579.0000 39.1864
580.0000 39.1804
581.0000 39.1693
582.0000 39.1533
583.0000 39.1325
584.0000 39.1072
585.0000 39.0775
586.0000 39.0438
587.0000 39.0062
588.0000 38.9650
589.0000 38.9205
590.0000 38.8730
591.0000 38.8226
592.0000 38.7699
593.0000 38.7150
594.0000 38.6582
595.0000 38.5999
596.0000 38.5404
597.0000 38.4799
598.0000 38.4189
599.0000 38.3576
600.0000 38.2964
