1.0000 36.5000
2.0000 36.5000
3.0000 36.5000
4.0000 36.5000
5.0000 36.5000
6.0000 36.5000
7.0000 36.5000
8.0000 36.5000
9.0000 36.5000
10.0000 36.5000
11.0000 36.5000
12.0000 36.5000
13.0000 36.5000
14.0000 36.5000
15.0000 36.5000
16.0000 36.5000
17.0000 36.5000
18.0000 36.5000
19.0000 36.5000
20.0000 36.4991
21.0000 36.4975
22.0000 36.4953
23.0000 36.4925
24.0000 36.4892
25.0000 36.4856
26.0000 36.4816
27.0000 36.4774
28.0000 36.4730
29.0000 36.4685
30.0000 36.4638
31.0000 36.4592
32.0000 36.4545
33.0000 36.4523
34.0000 36.4570
35.0000 36.4719
36.0000 36.4993
37.0000 36.5411
38.0000 36.5982
39.0000 36.6713
40.0000 36.7603
41.0000 36.8651
42.0000 36.9850
43.0000 37.1190
44.0000 37.2661
45.0000 37.4248
46.0000 37.5936
47.0000 37.7710
48.0000 37.9550
49.0000 38.1441
50.0000 38.3364
51.0000 38.5301
52.0000 38.7236
53.0000 38.9152
54.0000 39.1036
55.0000 39.2871
56.0000 39.4646
57.0000 39.6349
58.0000 39.7969
59.0000 39.9499
60.0000 40.0929
61.0000 40.2255
62.0000 40.3471
63.0000 40.4574
64.0000 40.5562
65.0000 40.6433
66.0000 40.7188
67.0000 40.7827
68.0000 40.8352
69.0000 40.8768
70.0000 40.9076
71.0000 40.9282
72.0000 40.9391
73.0000 40.9407
74.0000 40.9338
75.0000 40.9189
76.0000 40.8967
77.0000 40.8679
78.0000 40.8332
79.0000 40.7932
80.0000 40.7487
81.0000 40.7004
82.0000 40.6489
83.0000 40.5949
84.0000 40.5390
85.0000 40.4819
86.0000 40.4241
87.0000 40.3662
88.0000 40.3086
89.0000 40.2519
90.0000 40.1966
91.0000 40.1429
92.0000 40.0912
93.0000 40.0419
94.0000 39.9953
95.0000 39.9515
96.0000 39.9108
97.0000 39.8733
98.0000 39.8391
99.0000 39.8082
100.0000 39.7809
101.0000 39.7570
102.0000 39.7365
103.0000 39.7194
104.0000 39.7056
105.0000 39.6951
106.0000 39.6876
107.0000 39.6830
108.0000 39.6813
109.0000 39.6822
110.0000 39.6855
111.0000 39.6911
112.0000 39.6988
113.0000 39.7083
114.0000 39.7195
115.0000 39.7321
116.0000 39.7460
117.0000 39.7609
118.0000 39.7767
119.0000 39.7931
120.0000 39.8101
121.0000 39.8273
122.0000 39.8446
123.0000 39.8619
124.0000 39.8791
125.0000 39.8959
126.0000 39.9124
127.0000 39.9283
128.0000 39.9435
129.0000 39.9580
130.0000 39.9718
131.0000 39.9846
132.0000 39.9966
133.0000 40.0076
134.0000 40.0176
135.0000 40.0266
136.0000 40.0346
137.0000 40.0416
138.0000 40.0476
139.0000 40.0526
140.0000 40.0566
141.0000 40.0598
142.0000 40.0620
143.0000 40.0633
144.0000 40.0639
145.0000 40.0637
146.0000 40.0628
147.0000 40.0613
148.0000 40.0592
149.0000 40.0565
150.0000 40.0534
151.0000 40.0499
152.0000 40.0460
153.0000 40.0419
154.0000 40.0375
155.0000 40.0329
156.0000 40.0283
157.0000 40.0235
158.0000 40.0188
159.0000 40.0140
160.0000 40.0093
161.0000 40.0047
162.0000 40.0003
163.0000 39.9960
164.0000 39.9919
165.0000 39.9880
166.0000 39.9844
167.0000 39.9810
168.0000 39.9779
169.0000 39.9751
170.0000 39.9725
171.0000 39.9703
172.0000 39.9683
173.0000 39.9667
174.0000 39.9653
175.0000 39.9642
176.0000 39.9634
177.0000 39.9628
178.0000 39.9625
179.0000 39.9625
180.0000 39.9626
181.0000 39.9630
182.0000 39.9635
183.0000 39.9643
184.0000 39.9652
185.0000 39.9662
186.0000 39.9674
187.0000 39.9686
188.0000 39.9700
189.0000 39.9714
190.0000 39.9729
191.0000 39.9744
192.0000 39.9759
193.0000 39.9775
194.0000 39.9790
195.0000 39.9805
196.0000 39.9820
197.0000 39.9835
198.0000 39.9849
199.0000 39.9863
200.0000 39.9876
201.0000 39.9888
202.0000 39.9899
203.0000 39.9910
204.0000 39.9920
205.0000 39.9929
206.0000 39.9937
207.0000 39.9945
208.0000 39.9951
209.0000 39.9957
210.0000 39.9962
211.0000 39.9966
212.0000 39.9970
213.0000 39.9972
214.0000 39.9974
215.0000 39.9975
216.0000 39.9976
217.0000 39.9976
218.0000 39.9975
219.0000 39.9974
220.0000 39.9973
221.0000 39.9971
222.0000 39.9969
223.0000 39.9967
224.0000 39.9964
225.0000 39.9961
226.0000 39.9958
227.0000 39.9955
228.0000 39.9952
229.0000 39.9949
230.0000 39.9946
231.0000 39.9943
232.0000 39.9940
233.0000 39.9937
234.0000 39.9935
235.0000 39.9932
236.0000 39.9930
237.0000 39.9928
238.0000 39.9926
239.0000 39.9924
240.0000 39.9922
241.0000 39.9921
242.0000 39.9920
243.0000 39.9919
244.0000 39.9919
245.0000 39.9918
246.0000 39.9918
247.0000 39.9918
248.0000 39.9918
249.0000 39.9919
250.0000 39.9919
251.0000 39.9920
252.0000 39.9920
253.0000 39.9921
254.0000 39.9922
255.0000 39.9923
256.0000 39.9923
257.0000 39.9924
258.0000 39.9925
259.0000 39.9926
260.0000 39.9927
261.0000 39.9928
262.0000 39.9929
263.0000 39.9929
264.0000 39.9930
265.0000 39.9931
266.0000 39.9931
267.0000 39.9931
268.0000 39.9932
269.0000 39.9932
270.0000 39.9932
271.0000 39.9932
272.0000 39.9932
273.0000 39.9932
274.0000 39.9932
275.0000 39.9932
276.0000 39.9932
277.0000 39.9932
278.0000 39.9931
279.0000 39.9931
280.0000 39.9931
281.0000 39.9932
282.0000 39.9932
283.0000 39.9932
284.0000 39.9933
285.0000 39.9933
286.0000 39.9934
287.0000 39.9936
288.0000 39.9937
289.0000 39.9939
290.0000 39.9941
291.0000 39.9944
292.0000 39.9946
293.0000 39.9950
294.0000 39.9954
295.0000 39.9958
296.0000 39.9963
297.0000 39.9968
298.0000 39.9974
299.0000 39.9980
300.0000 39.9987
301.0000 39.9995
302.0000 40.0003
303.0000 40.0012
304.0000 40.0021
305.0000 40.0031
306.0000 40.0042
307.0000 40.0054
308.0000 40.0066
309.0000 40.0079
310.0000 40.0093
311.0000 40.0108
312.0000 40.0123
313.0000 40.0139
314.0000 40.0155
315.0000 40.0173
316.0000 40.0191
317.0000 40.0209
318.0000 40.0228
319.0000 40.0248
320.0000 40.0269
321.0000 40.0290
322.0000 40.0311
323.0000 40.0333
324.0000 40.0355
325.0000 40.0377
326.0000 40.0400
327.0000 40.0423
328.0000 40.0445
329.0000 40.0468
330.0000 40.0491
331.0000 40.0513
332.0000 40.0535
333.0000 40.0543
334.0000 40.0511
335.0000 40.0422
336.0000 40.0260
337.0000 40.0017
338.0000 39.9687
339.0000 39.9265
340.0000 39.8752
341.0000 39.8149
342.0000 39.7459
343.0000 39.6689
344.0000 39.5843
345.0000 39.4930
346.0000 39.3959
347.0000 39.2938
348.0000 39.1878
349.0000 39.0787
350.0000 38.9677
351.0000 38.8557
352.0000 38.7437
353.0000 38.6325
354.0000 38.5231
355.0000 38.4162
356.0000 38.3125
357.0000 38.2129
358.0000 38.1177
359.0000 38.0276
360.0000 37.9430
361.0000 37.8642
362.0000 37.7915
363.0000 37.7252
364.0000 37.6655
365.0000 37.6123
366.0000 37.5657
367.0000 37.5257
368.0000 37.4923
369.0000 37.4651
370.0000 37.4441
371.0000 37.4291
372.0000 37.4197
373.0000 37.4157
374.0000 37.4168
375.0000 37.4226
376.0000 37.4328
377.0000 37.4470
378.0000 37.4648
379.0000 37.4858
380.0000 37.5097
381.0000 37.5360
382.0000 37.5645
383.0000 37.5946
384.0000 37.6261
385.0000 37.6585
386.0000 37.6917
387.0000 37.7251
388.0000 37.7587
389.0000 37.7919
390.0000 37.8247
391.0000 37.8568
392.0000 37.8879
393.0000 37.9178
394.0000 37.9464
395.0000 37.9736
396.0000 37.9991
397.0000 38.0229
398.0000 38.0450
399.0000 38.0652
400.0000 38.0834
401.0000 38.0998
402.0000 38.1142
403.0000 38.1267
404.0000 38.1372
405.0000 38.1459
406.0000 38.1528
407.0000 38.1579
408.0000 38.1614
409.0000 38.1632
410.0000 38.1636
411.0000 38.1625
412.0000 38.1601
413.0000 38.1565
414.0000 38.1518
415.0000 38.1461
416.0000 38.1396
417.0000 38.1323
418.0000 38.1243
419.0000 38.1158
420.0000 38.1069
421.0000 38.0976
422.0000 38.0881
423.0000 38.0785
424.0000 38.0688
425.0000 38.0592
426.0000 38.0497
427.0000 38.0403
428.0000 38.0313
429.0000 38.0225
430.0000 38.0141
431.0000 38.0061
432.0000 37.9985
433.0000 37.9915
434.0000 37.9849
435.0000 37.9789
436.0000 37.9734
437.0000 37.9685
438.0000 37.9642
439.0000 37.9604
440.0000 37.9571
441.0000 37.9544
442.0000 37.9523
443.0000 37.9507
444.0000 37.9495
445.0000 37.9489
446.0000 37.9487
447.0000 37.9489
448.0000 37.9495
449.0000 37.9504
450.0000 37.9517
451.0000 37.9533
452.0000 37.9552
453.0000 37.9572
454.0000 37.9595
455.0000 37.9620
456.0000 37.9646
457.0000 37.9673
458.0000 37.9700
459.0000 37.9729
460.0000 37.9757
461.0000 37.9785
462.0000 37.9813
463.0000 37.9841
464.0000 37.9868
465.0000 37.9894
466.0000 37.9919
467.0000 37.9943
468.0000 37.9966
469.0000 37.9987
470.0000 38.0007
471.0000 38.0025
472.0000 38.0042
473.0000 38.0057
474.0000 38.0070
475.0000 38.0082
476.0000 38.0092
477.0000 38.0100
478.0000 38.0107
479.0000 38.0112
480.0000 38.0116
481.0000 38.0119
482.0000 38.0120
483.0000 38.0120
484.0000 38.0119
485.0000 38.0117
486.0000 38.0114
487.0000 38.0110
488.0000 38.0105
489.0000 38.0099
490.0000 38.0093
491.0000 38.0086
492.0000 38.0079
493.0000 38.0072
494.0000 38.0064
495.0000 38.0057
496.0000 38.0049
497.0000 38.0041
498.0000 38.0033
499.0000 38.0026
500.0000 38.0018
501.0000 38.0011
502.0000 38.0004
503.0000 37.9998
504.0000 37.9992
505.0000 37.9986
506.0000 37.9980
507.0000 37.9975
508.0000 37.9971
509.0000 37.9967
510.0000 37.9963
511.0000 37.9960
512.0000 37.9957
513.0000 37.9955
514.0000 37.9953
515.0000 37.9952
516.0000 37.9951
517.0000 37.9950
518.0000 37.9950
519.0000 37.9950
520.0000 37.9951
521.0000 37.9951
522.0000 37.9952
523.0000 37.9954
524.0000 37.9955
525.0000 37.9957
526.0000 37.9959
527.0000 37.9961
528.0000 37.9963
529.0000 37.9965
530.0000 37.9967
531.0000 37.9970
532.0000 37.9972
533.0000 37.9974
534.0000 37.9977
535.0000 37.9979
536.0000 37.9981
537.0000 37.9983
538.0000 37.9985
539.0000 37.9987
540.0000 37.9989
541.0000 37.9991
542.0000 37.9993
543.0000 37.9994
544.0000 37.9995
545.0000 37.9997
546.0000 37.9998
547.0000 37.9999
548.0000 38.0000
549.0000 38.0001
550.0000 38.0001
551.0000 38.0002
552.0000 38.0003
553.0000 38.0003
554.0000 38.0003
555.0000 38.0004
556.0000 38.0004
557.0000 38.0004
558.0000 38.0004
559.0000 38.0005
560.0000 38.0005
561.0000 38.0005
562.0000 38.0005
563.0000 38.0005
564.0000 38.0006
565.0000 38.0006
566.0000 38.0006
567.0000 38.0006
568.0000 38.0007
569.0000 38.0007
570.0000 38.0007
571.0000 38.0008
572.0000 38.0008
573.0000 38.0008
574.0000 38.0009
575.0000 38.0009
576.0000 38.0010
577.0000 38.0010
578.0000 38.0011
579.0000 38.0011
580.0000 38.0012
581.0000 38.0012
582.0000 38.0012
583.0000 38.0013
584.0000 38.0013
585.0000 38.0013
586.0000 38.0013
587.0000 38.0013
588.0000 38.0012
589.0000 38.0012
590.0000 38.0011
591.0000 38.0010
592.0000 38.0009
593.0000 38.0008
594.0000 38.0006
595.0000 38.0004
596.0000 38.0002
597.0000 38.0000
598.0000 37.9997
599.0000 37.9994
600.0000 37.9991
