1.0000 36.5000
2.0000 36.5000
3.0000 36.5000
4.0000 36.5000
5.0000 36.5000
6.0000 36.5000
7.0000 36.5000
8.0000 36.5000
9.0000 36.5000
10.0000 36.5000
11.0000 36.5000
12.0000 36.5000
13.0000 36.5000
14.0000 36.5000
15.0000 36.5000
16.0000 36.5000
17.0000 36.5000
18.0000 36.5000
19.0000 36.5000
20.0000 36.4991
21.0000 36.4975
22.0000 36.4953
23.0000 36.4925
24.0000 36.4892
25.0000 36.4856
26.0000 36.4816
27.0000 36.4774
28.0000 36.4729
29.0000 36.4683
30.0000 36.4636
31.0000 36.4588
32.0000 36.4540
33.0000 36.4505
34.0000 36.4507
35.0000 36.4567
36.0000 36.4700
37.0000 36.4919
38.0000 36.5236
39.0000 36.5657
40.0000 36.6189
41.0000 36.6834
42.0000 36.7596
43.0000 36.8473
44.0000 36.9466
45.0000 37.0570
46.0000 37.1783
47.0000 37.3098
48.0000 37.4511
49.0000 37.6014
50.0000 37.7600
51.0000 37.9260
52.0000 38.0986
53.0000 38.2768
54.0000 38.4598
55.0000 38.6466
56.0000 38.8361
57.0000 39.0275
58.0000 39.2198
59.0000 39.4120
60.0000 39.6031
61.0000 39.7923
62.0000 39.9785
63.0000 40.1610
64.0000 40.3389
65.0000 40.5114
66.0000 40.6778
67.0000 40.8372
68.0000 40.9891
69.0000 41.1328
70.0000 41.2678
71.0000 41.3936
72.0000 41.5097
73.0000 41.6157
74.0000 41.7113
75.0000 41.7961
76.0000 41.8701
77.0000 41.9330
78.0000 41.9847
79.0000 42.0252
80.0000 42.0545
81.0000 42.0727
82.0000 42.0800
83.0000 42.0764
84.0000 42.0622
85.0000 42.0377
86.0000 42.0033
87.0000 41.9593
88.0000 41.9061
89.0000 41.8441
90.0000 41.7739
91.0000 41.6960
92.0000 41.6110
93.0000 41.5193
94.0000 41.4216
95.0000 41.3185
96.0000 41.2107
97.0000 41.0987
98.0000 40.9833
99.0000 40.8650
100.0000 40.7446
101.0000 40.6226
102.0000 40.4999
103.0000 40.3768
104.0000 40.2542
105.0000 40.1326
106.0000 40.0126
107.0000 39.8949
108.0000 39.7798
109.0000 39.6680
110.0000 39.5600
111.0000 39.4563
112.0000 39.3572
113.0000 39.2633
114.0000 39.1748
115.0000 39.0922
116.0000 39.0156
117.0000 38.9455
118.0000 38.8820
119.0000 38.8253
120.0000 38.7755
121.0000 38.7329
122.0000 38.6974
123.0000 38.6691
124.0000 38.6480
125.0000 38.6340
126.0000 38.6272
127.0000 38.6273
128.0000 38.6343
129.0000 38.6480
130.0000 38.6682
131.0000 38.6946
132.0000 38.7271
133.0000 38.7652
134.0000 38.8088
135.0000 38.8574
136.0000 38.9108
137.0000 38.9686
138.0000 39.0303
139.0000 39.0957
140.0000 39.1643
141.0000 39.2357
142.0000 39.3095
143.0000 39.3852
144.0000 39.4625
145.0000 39.5409
146.0000 39.6200
147.0000 39.6994
148.0000 39.7786
149.0000 39.8574
150.0000 39.9352
151.0000 40.0118
152.0000 40.0868
153.0000 40.1597
154.0000 40.2304
155.0000 40.2984
156.0000 40.3635
157.0000 40.4254
158.0000 40.4839
159.0000 40.5387
160.0000 40.5897
161.0000 40.6366
162.0000 40.6792
163.0000 40.7176
164.0000 40.7515
165.0000 40.7809
166.0000 40.8057
167.0000 40.8259
168.0000 40.8414
169.0000 40.8523
170.0000 40.8587
171.0000 40.8605
172.0000 40.8579
173.0000 40.8509
174.0000 40.8398
175.0000 40.8245
176.0000 40.8054
177.0000 40.7824
178.0000 40.7560
179.0000 40.7262
180.0000 40.6932
181.0000 40.6574
182.0000 40.6189
183.0000 40.5779
184.0000 40.5349
185.0000 40.4899
186.0000 40.4433
187.0000 40.3953
188.0000 40.3462
189.0000 40.2963
190.0000 40.2458
191.0000 40.1951
192.0000 40.1443
193.0000 40.0938
194.0000 40.0437
195.0000 39.9944
196.0000 39.9460
197.0000 39.8989
198.0000 39.8531
199.0000 39.8089
200.0000 39.7666
201.0000 39.7262
202.0000 39.6879
203.0000 39.6520
204.0000 39.6185
205.0000 39.5875
206.0000 39.5592
207.0000 39.5337
208.0000 39.5109
209.0000 39.4911
210.0000 39.4742
211.0000 39.4603
212.0000 39.4493
213.0000 39.4413
214.0000 39.4362
215.0000 39.4341
216.0000 39.4348
217.0000 39.4383
218.0000 39.4446
219.0000 39.4536
220.0000 39.4650
221.0000 39.4790
222.0000 39.4952
223.0000 39.5137
224.0000 39.5342
225.0000 39.5567
226.0000 39.5809
227.0000 39.6067
228.0000 39.6340
229.0000 39.6625
230.0000 39.6922
231.0000 39.7228
232.0000 39.7542
233.0000 39.7862
234.0000 39.8186
235.0000 39.8512
236.0000 39.8839
237.0000 39.9166
238.0000 39.9490
239.0000 39.9809
240.0000 40.0124
241.0000 40.0431
242.0000 40.0730
243.0000 40.1018
244.0000 40.1296
245.0000 40.1561
246.0000 40.1814
247.0000 40.2051
248.0000 40.2274
249.0000 40.2480
250.0000 40.2669
251.0000 40.2841
252.0000 40.2995
253.0000 40.3131
254.0000 40.3248
255.0000 40.3346
256.0000 40.3424
257.0000 40.3484
258.0000 40.3525
259.0000 40.3547
260.0000 40.3550
261.0000 40.3536
262.0000 40.3503
263.0000 40.3453
264.0000 40.3387
265.0000 40.3304
266.0000 40.3207
267.0000 40.3094
268.0000 40.2969
269.0000 40.2830
270.0000 40.2680
271.0000 40.2519
272.0000 40.2348
273.0000 40.2169
274.0000 40.1982
275.0000 40.1789
276.0000 40.1590
277.0000 40.1387
278.0000 40.1181
279.0000 40.0973
280.0000 40.0763
281.0000 40.0554
282.0000 40.0346
283.0000 40.0141
284.0000 39.9938
285.0000 39.9740
286.0000 39.9547
287.0000 39.9360
288.0000 39.9179
289.0000 39.9007
290.0000 39.8842
291.0000 39.8686
292.0000 39.8540
293.0000 39.8405
294.0000 39.8279
295.0000 39.8165
296.0000 39.8062
297.0000 39.7971
298.0000 39.7892
299.0000 39.7825
300.0000 39.7770
301.0000 39.7727
302.0000 39.7697
303.0000 39.7678
304.0000 39.7672
305.0000 39.7677
306.0000 39.7694
307.0000 39.7722
308.0000 39.7761
309.0000 39.7811
310.0000 39.7870
311.0000 39.7939
312.0000 39.8017
313.0000 39.8103
314.0000 39.8198
315.0000 39.8300
316.0000 39.8408
317.0000 39.8523
318.0000 39.8643
319.0000 39.8768
320.0000 39.8897
321.0000 39.9029
322.0000 39.9165
323.0000 39.9303
324.0000 39.9443
325.0000 39.9584
326.0000 39.9725
327.0000 39.9866
328.0000 40.0007
329.0000 40.0146
330.0000 40.0284
331.0000 40.0420
332.0000 40.0552
333.0000 40.0674
334.0000 40.0772
335.0000 40.0833
336.0000 40.0848
337.0000 40.0810
338.0000 40.0712
339.0000 40.0549
340.0000 40.0319
341.0000 40.0019
342.0000 39.9648
343.0000 39.9205
344.0000 39.8691
345.0000 39.8109
346.0000 39.7458
347.0000 39.6744
348.0000 39.5968
349.0000 39.5135
350.0000 39.4249
351.0000 39.3314
352.0000 39.2336
353.0000 39.1320
354.0000 39.0270
355.0000 38.9194
356.0000 38.8095
357.0000 38.6980
358.0000 38.5855
359.0000 38.4724
360.0000 38.3594
361.0000 38.2470
362.0000 38.1357
363.0000 38.0260
364.0000 37.9185
365.0000 37.8136
366.0000 37.7117
367.0000 37.6134
368.0000 37.5190
369.0000 37.4289
370.0000 37.3434
371.0000 37.2629
372.0000 37.1876
373.0000 37.1179
374.0000 37.0539
375.0000 36.9958
376.0000 36.9438
377.0000 36.8981
378.0000 36.8586
379.0000 36.8256
380.0000 36.7989
381.0000 36.7787
382.0000 36.7648
383.0000 36.7572
384.0000 36.7558
385.0000 36.7606
386.0000 36.7712
387.0000 36.7876
388.0000 36.8096
389.0000 36.8370
390.0000 36.8694
391.0000 36.9067
392.0000 36.9485
393.0000 36.9945
394.0000 37.0445
395.0000 37.0982
396.0000 37.1551
397.0000 37.2149
398.0000 37.2773
399.0000 37.3419
400.0000 37.4084
401.0000 37.4764
402.0000 37.5455
403.0000 37.6154
404.0000 37.6857
405.0000 37.7561
406.0000 37.8261
407.0000 37.8956
408.0000 37.9641
409.0000 38.0314
410.0000 38.0971
411.0000 38.1610
412.0000 38.2227
413.0000 38.2821
414.0000 38.3389
415.0000 38.3928
416.0000 38.4436
417.0000 38.4913
418.0000 38.5355
419.0000 38.5762
420.0000 38.6133
421.0000 38.6465
422.0000 38.6760
423.0000 38.7015
424.0000 38.7230
425.0000 38.7406
426.0000 38.7541
427.0000 38.7638
428.0000 38.7694
429.0000 38.7712
430.0000 38.7692
431.0000 38.7635
432.0000 38.7541
433.0000 38.7413
434.0000 38.7250
435.0000 38.7056
436.0000 38.6832
437.0000 38.6578
438.0000 38.6298
439.0000 38.5992
440.0000 38.5664
441.0000 38.5315
442.0000 38.4946
443.0000 38.4562
444.0000 38.4162
445.0000 38.3751
446.0000 38.3330
447.0000 38.2901
448.0000 38.2467
449.0000 38.2029
450.0000 38.1591
451.0000 38.1154
452.0000 38.0720
453.0000 38.0291
454.0000 37.9870
455.0000 37.9458
456.0000 37.9057
457.0000 37.8669
458.0000 37.8295
459.0000 37.7937
460.0000 37.7596
461.0000 37.7274
462.0000 37.6972
463.0000 37.6691
464.0000 37.6431
465.0000 37.6194
466.0000 37.5981
467.0000 37.5791
468.0000 37.5626
469.0000 37.5485
470.0000 37.5369
471.0000 37.5278
472.0000 37.5212
473.0000 37.5170
474.0000 37.5153
475.0000 37.5159
476.0000 37.5189
477.0000 37.5241
478.0000 37.5316
479.0000 37.5411
480.0000 37.5527
481.0000 37.5663
482.0000 37.5816
483.0000 37.5987
484.0000 37.6174
485.0000 37.6375
486.0000 37.6590
487.0000 37.6817
488.0000 37.7055
489.0000 37.7302
490.0000 37.7557
491.0000 37.7819
492.0000 37.8086
493.0000 37.8357
494.0000 37.8630
495.0000 37.8904
496.0000 37.9178
497.0000 37.9450
498.0000 37.9720
499.0000 37.9985
500.0000 38.0245
501.0000 38.0498
502.0000 38.0743
503.0000 38.0980
504.0000 38.1208
505.0000 38.1424
506.0000 38.1630
507.0000 38.1823
508.0000 38.2003
509.0000 38.2170
510.0000 38.2323
511.0000 38.2461
512.0000 38.2585
513.0000 38.2694
514.0000 38.2787
515.0000 38.2865
516.0000 38.2927
517.0000 38.2973
518.0000 38.3005
519.0000 38.3021
520.0000 38.3022
521.0000 38.3008
522.0000 38.2980
523.0000 38.2938
524.0000 38.2882
525.0000 38.2814
526.0000 38.2733
527.0000 38.2640
528.0000 38.2537
529.0000 38.2423
530.0000 38.2300
531.0000 38.2168
532.0000 38.2029
533.0000 38.1882
534.0000 38.1729
535.0000 38.1571
536.0000 38.1408
537.0000 38.1242
538.0000 38.1073
539.0000 38.0902
540.0000 38.0730
541.0000 38.0558
542.0000 38.0387
543.0000 38.0218
544.0000 38.0051
545.0000 37.9886
546.0000 37.9726
547.0000 37.9571
548.0000 37.9420
549.0000 37.9275
550.0000 37.9137
551.0000 37.9006
552.0000 37.8882
553.0000 37.8766
554.0000 37.8658
555.0000 37.8559
556.0000 37.8469
557.0000 37.8389
558.0000 37.8317
559.0000 37.8255
560.0000 37.8203
561.0000 37.8161
562.0000 37.8128
563.0000 37.8105
564.0000 37.8092
565.0000 37.8088
566.0000 37.8094
567.0000 37.8108
568.0000 37.8132
569.0000 37.8164
570.0000 37.8204
571.0000 37.8252
572.0000 37.8308
573.0000 37.8371
574.0000 37.8440
575.0000 37.8515
576.0000 37.8597
577.0000 37.8683
578.0000 37.8774
579.0000 37.8869
580.0000 37.8967
581.0000 37.9069
582.0000 37.9173
583.0000 37.9279
584.0000 37.9386
585.0000 37.9494
586.0000 37.9602
587.0000 37.9710
588.0000 37.9818
589.0000 37.9924
590.0000 38.0028
591.0000 38.0130
592.0000 38.0229
593.0000 38.0325
594.0000 38.0418
595.0000 38.0507
596.0000 38.0591
597.0000 38.0671
598.0000 38.0746
599.0000 38.0816
600.0000 38.0881
