1.0000 36.5000
2.0000 36.5000
3.0000 36.5000
4.0000 36.5000
5.0000 36.5000
6.0000 36.5000
7.0000 36.5000
8.0000 36.5000
9.0000 36.5000
10.0000 36.5000
11.0000 36.5000
12.0000 36.5000
13.0000 36.5000
14.0000 36.5000
15.0000 36.5000
16.0000 36.5000
17.0000 36.5000
18.0000 36.5000
19.0000 36.5000
20.0000 36.4991
21.0000 36.4975
22.0000 36.4953
23.0000 36.4925
24.0000 36.4892
25.0000 36.4857
26.0000 36.4818
27.0000 36.4778
28.0000 36.4737
29.0000 36.4696
30.0000 36.4655
31.0000 36.4615
32.0000 36.4576
33.0000 36.4739
34.0000 36.5318
35.0000 36.6315
36.0000 36.7672
37.0000 36.9322
38.0000 37.1193
39.0000 37.3218
40.0000 37.5336
41.0000 37.7489
42.0000 37.9629
43.0000 38.1710
44.0000 38.3695
45.0000 38.5555
46.0000 38.7265
47.0000 38.8807
48.0000 39.0176
49.0000 39.1380
50.0000 39.2436
51.0000 39.3363
52.0000 39.4177
53.0000 39.4898
54.0000 39.5539
55.0000 39.6115
56.0000 39.6638
57.0000 39.7115
58.0000 39.7554
59.0000 39.7959
60.0000 39.8333
61.0000 39.8678
62.0000 39.8992
63.0000 39.9275
64.0000 39.9526
65.0000 39.9745
66.0000 39.9931
67.0000 40.0085
68.0000 40.0209
69.0000 40.0305
70.0000 40.0374
71.0000 40.0421
72.0000 40.0447
73.0000 40.0456
74.0000 40.0452
75.0000 40.0437
76.0000 40.0413
77.0000 40.0383
78.0000 40.0350
79.0000 40.0314
80.0000 40.0278
81.0000 40.0241
82.0000 40.0205
83.0000 40.0170
84.0000 40.0136
85.0000 40.0102
86.0000 40.0070
87.0000 40.0039
88.0000 40.0009
89.0000 39.9979
90.0000 39.9951
91.0000 39.9924
92.0000 39.9898
93.0000 39.9873
94.0000 39.9850
95.0000 39.9828
96.0000 39.9808
97.0000 39.9790
98.0000 39.9773
99.0000 39.9759
100.0000 39.9746
101.0000 39.9734
102.0000 39.9724
103.0000 39.9715
104.0000 39.9708
105.0000 39.9702
106.0000 39.9697
107.0000 39.9693
108.0000 39.9690
109.0000 39.9688
110.0000 39.9686
111.0000 39.9685
112.0000 39.9685
113.0000 39.9685
114.0000 39.9686
115.0000 39.9687
116.0000 39.9689
117.0000 39.9691
118.0000 39.9693
119.0000 39.9696
120.0000 39.9699
121.0000 39.9702
122.0000 39.9705
123.0000 39.9709
124.0000 39.9712
125.0000 39.9716
126.0000 39.9720
127.0000 39.9724
128.0000 39.9728
129.0000 39.9732
130.0000 39.9736
131.0000 39.9740
132.0000 39.9744
133.0000 39.9747
134.0000 39.9750
135.0000 39.9753
136.0000 39.9756
137.0000 39.9759
138.0000 39.9762
139.0000 39.9765
140.0000 39.9768
141.0000 39.9771
142.0000 39.9774
143.0000 39.9777
144.0000 39.9780
145.0000 39.9784
146.0000 39.9787
147.0000 39.9791
148.0000 39.9794
149.0000 39.9798
150.0000 39.9801
151.0000 39.9804
152.0000 39.9806
153.0000 39.9809
154.0000 39.9811
155.0000 39.9813
156.0000 39.9816
157.0000 39.9818
158.0000 39.9820
159.0000 39.9822
160.0000 39.9824
161.0000 39.9826
162.0000 39.9828
163.0000 39.9830
164.0000 39.9832
165.0000 39.9835
166.0000 39.9837
167.0000 39.9840
168.0000 39.9842
169.0000 39.9844
170.0000 39.9846
171.0000 39.9848
172.0000 39.9850
173.0000 39.9851
174.0000 39.9853
175.0000 39.9855
176.0000 39.9856
177.0000 39.9857
178.0000 39.9858
179.0000 39.9859
180.0000 39.9860
181.0000 39.9861
182.0000 39.9863
183.0000 39.9864
184.0000 39.9865
185.0000 39.9866
186.0000 39.9867
187.0000 39.9868
188.0000 39.9870
189.0000 39.9871
190.0000 39.9872
191.0000 39.9873
192.0000 39.9874
193.0000 39.9875
194.0000 39.9877
195.0000 39.9878
196.0000 39.9879
197.0000 39.9881
198.0000 39.9882
199.0000 39.9884
200.0000 39.9885
201.0000 39.9886
202.0000 39.9887
203.0000 39.9889
204.0000 39.9890
205.0000 39.9891
206.0000 39.9893
207.0000 39.9894
208.0000 39.9895
209.0000 39.9896
210.0000 39.9897
211.0000 39.9898
212.0000 39.9899
213.0000 39.9900
214.0000 39.9900
215.0000 39.9901
216.0000 39.9902
217.0000 39.9903
218.0000 39.9904
219.0000 39.9905
220.0000 39.9906
221.0000 39.9908
222.0000 39.9910
223.0000 39.9911
224.0000 39.9913
225.0000 39.9914
226.0000 39.9915
227.0000 39.9916
228.0000 39.9917
229.0000 39.9917
230.0000 39.9918
231.0000 39.9918
232.0000 39.9919
233.0000 39.9920
234.0000 39.9921
235.0000 39.9922
236.0000 39.9923
237.0000 39.9924
238.0000 39.9925
239.0000 39.9927
240.0000 39.9928
241.0000 39.9929
242.0000 39.9930
243.0000 39.9931
244.0000 39.9932
245.0000 39.9932
246.0000 39.9933
247.0000 39.9933
248.0000 39.9934
249.0000 39.9934
250.0000 39.9935
251.0000 39.9936
252.0000 39.9936
253.0000 39.9937
254.0000 39.9938
255.0000 39.9939
256.0000 39.9940
257.0000 39.9941
258.0000 39.9942
259.0000 39.9943
260.0000 39.9944
261.0000 39.9945
262.0000 39.9946
263.0000 39.9946
264.0000 39.9946
265.0000 39.9947
266.0000 39.9947
267.0000 39.9947
268.0000 39.9948
269.0000 39.9948
270.0000 39.9948
271.0000 39.9948
272.0000 39.9948
273.0000 39.9949
274.0000 39.9949
275.0000 39.9950
276.0000 39.9951
277.0000 39.9952
278.0000 39.9953
279.0000 39.9954
280.0000 39.9954
281.0000 39.9955
282.0000 39.9956
283.0000 39.9956
284.0000 39.9957
285.0000 39.9957
286.0000 39.9957
287.0000 39.9958
288.0000 39.9959
289.0000 39.9961
290.0000 39.9964
291.0000 39.9967
292.0000 39.9972
293.0000 39.9977
294.0000 39.9984
295.0000 39.9992
296.0000 40.0001
297.0000 40.0012
298.0000 40.0024
299.0000 40.0038
300.0000 40.0053
301.0000 40.0069
302.0000 40.0085
303.0000 40.0103
304.0000 40.0121
305.0000 40.0139
306.0000 40.0158
307.0000 40.0177
308.0000 40.0196
309.0000 40.0216
310.0000 40.0235
311.0000 40.0255
312.0000 40.0274
313.0000 40.0294
314.0000 40.0313
315.0000 40.0332
316.0000 40.0350
317.0000 40.0368
318.0000 40.0385
319.0000 40.0402
320.0000 40.0419
321.0000 40.0434
322.0000 40.0449
323.0000 40.0463
324.0000 40.0477
325.0000 40.0489
326.0000 40.0501
327.0000 40.0512
328.0000 40.0522
329.0000 40.0532
330.0000 40.0541
331.0000 40.0549
332.0000 40.0556
333.0000 40.0449
334.0000 40.0104
335.0000 39.9520
336.0000 39.8729
337.0000 39.7769
338.0000 39.6682
339.0000 39.5504
340.0000 39.4270
341.0000 39.3014
342.0000 39.1764
343.0000 39.0545
344.0000 38.9379
345.0000 38.8284
346.0000 38.7274
347.0000 38.6359
348.0000 38.5545
349.0000 38.4825
350.0000 38.4191
351.0000 38.3633
352.0000 38.3141
353.0000 38.2705
354.0000 38.2317
355.0000 38.1968
356.0000 38.1652
357.0000 38.1364
358.0000 38.1100
359.0000 38.0857
360.0000 38.0633
361.0000 38.0427
362.0000 38.0240
363.0000 38.0071
364.0000 37.9922
365.0000 37.9792
366.0000 37.9681
367.0000 37.9589
368.0000 37.9515
369.0000 37.9459
370.0000 37.9417
371.0000 37.9390
372.0000 37.9375
373.0000 37.9370
374.0000 37.9374
375.0000 37.9385
376.0000 37.9401
377.0000 37.9420
378.0000 37.9443
379.0000 37.9467
380.0000 37.9492
381.0000 37.9517
382.0000 37.9543
383.0000 37.9567
384.0000 37.9592
385.0000 37.9616
386.0000 37.9639
387.0000 37.9662
388.0000 37.9684
389.0000 37.9705
390.0000 37.9726
391.0000 37.9747
392.0000 37.9766
393.0000 37.9785
394.0000 37.9802
395.0000 37.9819
396.0000 37.9835
397.0000 37.9849
398.0000 37.9863
399.0000 37.9875
400.0000 37.9887
401.0000 37.9897
402.0000 37.9907
403.0000 37.9915
404.0000 37.9923
405.0000 37.9930
406.0000 37.9936
407.0000 37.9942
408.0000 37.9947
409.0000 37.9951
410.0000 37.9955
411.0000 37.9958
412.0000 37.9961
413.0000 37.9964
414.0000 37.9966
415.0000 37.9968
416.0000 37.9970
417.0000 37.9971
418.0000 37.9973
419.0000 37.9973
420.0000 37.9974
421.0000 37.9975
422.0000 37.9975
423.0000 37.9975
424.0000 37.9975
425.0000 37.9975
426.0000 37.9975
427.0000 37.9975
428.0000 37.9975
429.0000 37.9974
430.0000 37.9974
431.0000 37.9974
432.0000 37.9974
433.0000 37.9974
434.0000 37.9974
435.0000 37.9974
436.0000 37.9974
437.0000 37.9974
438.0000 37.9974
439.0000 37.9974
440.0000 37.9974
441.0000 37.9975
442.0000 37.9975
443.0000 37.9975
444.0000 37.9974
445.0000 37.9974
446.0000 37.9974
447.0000 37.9973
448.0000 37.9973
449.0000 37.9972
450.0000 37.9972
451.0000 37.9972
452.0000 37.9972
453.0000 37.9972
454.0000 37.9972
455.0000 37.9973
456.0000 37.9973
457.0000 37.9973
458.0000 37.9973
459.0000 37.9974
460.0000 37.9974
461.0000 37.9974
462.0000 37.9974
463.0000 37.9974
464.0000 37.9974
465.0000 37.9974
466.0000 37.9974
467.0000 37.9974
468.0000 37.9974
469.0000 37.9974
470.0000 37.9975
471.0000 37.9975
472.0000 37.9975
473.0000 37.9975
474.0000 37.9976
475.0000 37.9976
476.0000 37.9976
477.0000 37.9977
478.0000 37.9977
479.0000 37.9978
480.0000 37.9978
481.0000 37.9979
482.0000 37.9979
483.0000 37.9980
484.0000 37.9980
485.0000 37.9981
486.0000 37.9981
487.0000 37.9982
488.0000 37.9982
489.0000 37.9982
490.0000 37.9983
491.0000 37.9983
492.0000 37.9983
493.0000 37.9984
494.0000 37.9984
495.0000 37.9984
496.0000 37.9984
497.0000 37.9985
498.0000 37.9985
499.0000 37.9985
500.0000 37.9985
501.0000 37.9985
502.0000 37.9985
503.0000 37.9986
504.0000 37.9986
505.0000 37.9986
506.0000 37.9986
507.0000 37.9986
508.0000 37.9986
509.0000 37.9986
510.0000 37.9986
511.0000 37.9987
512.0000 37.9987
513.0000 37.9988
514.0000 37.9988
515.0000 37.9989
516.0000 37.9989
517.0000 37.9989
518.0000 37.9989
519.0000 37.9989
520.0000 37.9989
521.0000 37.9989
522.0000 37.9989
523.0000 37.9988
524.0000 37.9988
525.0000 37.9988
526.0000 37.9988
527.0000 37.9988
528.0000 37.9989
529.0000 37.9989
530.0000 37.9989
531.0000 37.9990
532.0000 37.9990
533.0000 37.9990
534.0000 37.9990
535.0000 37.9990
536.0000 37.9990
537.0000 37.9990
538.0000 37.9990
539.0000 37.9990
540.0000 37.9990
541.0000 37.9990
542.0000 37.9990
543.0000 37.9990
544.0000 37.9990
545.0000 37.9990
546.0000 37.9990
547.0000 37.9991
548.0000 37.9991
549.0000 37.9991
550.0000 37.9991
551.0000 37.9991
552.0000 37.9992
553.0000 37.9992
554.0000 37.9992
555.0000 37.9992
556.0000 37.9992
557.0000 37.9992
558.0000 37.9992
559.0000 37.9992
560.0000 37.9992
561.0000 37.9992
562.0000 37.9992
563.0000 37.9992
564.0000 37.9993
565.0000 37.9993
566.0000 37.9994
567.0000 37.9994
568.0000 37.9995
569.0000 37.9995
570.0000 37.9996
571.0000 37.9996
572.0000 37.9997
573.0000 37.9997
574.0000 37.9998
575.0000 37.9998
576.0000 37.9998
577.0000 37.9998
578.0000 37.9998
579.0000 37.9998
580.0000 37.9998
581.0000 37.9999
582.0000 37.9999
583.0000 37.9999
584.0000 37.9999
585.0000 38.0000
586.0000 38.0000
587.0000 38.0001
588.0000 38.0000
589.0000 38.0000
590.0000 37.9999
591.0000 37.9998
592.0000 37.9996
593.0000 37.9993
594.0000 37.9990
595.0000 37.9986
596.0000 37.9981
597.0000 37.9975
598.0000 37.9968
599.0000 37.9961
600.0000 37.9953
