1.0000 36.0000
2.0000 36.0000
3.0000 36.0000
4.0000 36.0000
5.0000 36.0000
6.0000 36.0000
7.0000 36.0000
8.0000 36.0000
9.0000 36.0000
10.0000 36.0000
11.0000 36.0000
12.0000 36.0000
13.0000 36.0000
14.0000 36.0000
15.0000 36.0000
16.0000 36.0000
17.0000 36.0000
18.0000 36.0000
19.0000 36.0000
20.0000 36.0035
21.0000 36.0100
22.0000 36.0192
23.0000 36.0307
24.0000 36.0441
25.0000 36.0591
26.0000 36.0755
27.0000 36.0929
28.0000 36.1113
29.0000 36.1303
30.0000 50.2276
31.0000 50.4030
32.0000 50.5785
33.0000 50.7120
34.0000 50.7687
35.0000 50.7577
36.0000 50.6873
37.0000 50.5647
38.0000 50.3968
39.0000 50.1900
40.0000 49.9498
41.0000 49.6817
42.0000 49.3904
43.0000 49.0804
44.0000 48.7555
45.0000 48.4195
46.0000 48.0755
47.0000 47.7264
48.0000 47.3748
49.0000 47.0230
50.0000 46.6731
51.0000 46.3269
52.0000 45.9858
53.0000 45.6512
54.0000 45.3243
55.0000 45.0061
56.0000 44.6972
57.0000 44.3985
58.0000 44.1104
59.0000 43.8333
60.0000 43.5675
61.0000 43.3131
62.0000 43.0704
63.0000 42.8393
64.0000 42.6198
65.0000 42.4118
66.0000 42.2150
67.0000 42.0294
68.0000 41.8546
69.0000 41.6904
70.0000 41.5365
71.0000 41.3925
72.0000 41.2582
73.0000 41.1331
74.0000 41.0168
75.0000 40.9091
76.0000 40.8094
77.0000 40.7175
78.0000 40.6330
79.0000 40.5554
80.0000 40.4844
81.0000 40.4196
82.0000 40.3607
83.0000 40.3073
84.0000 40.2590
85.0000 40.2156
86.0000 40.1767
87.0000 40.1420
88.0000 40.1113
89.0000 40.0841
90.0000 40.0603
91.0000 40.0396
92.0000 40.0218
93.0000 40.0066
94.0000 39.9937
95.0000 39.9831
96.0000 39.9745
97.0000 39.9676
98.0000 39.9624
99.0000 39.9587
100.0000 39.9563
101.0000 39.9551
102.0000 39.9549
103.0000 39.9557
104.0000 39.9572
105.0000 39.9595
106.0000 39.9624
107.0000 39.9658
108.0000 39.9696
109.0000 39.9739
110.0000 39.9784
111.0000 39.9831
112.0000 39.9881
113.0000 39.9931
114.0000 39.9983
115.0000 40.0035
116.0000 40.0088
117.0000 40.0140
118.0000 40.0191
119.0000 40.0242
120.0000 40.0292
121.0000 40.0341
122.0000 40.0389
123.0000 40.0436
124.0000 40.0480
125.0000 40.0524
126.0000 40.0565
127.0000 40.0606
128.0000 40.0644
129.0000 40.0681
130.0000 40.0715
131.0000 40.0749
132.0000 40.0780
133.0000 40.0810
134.0000 40.0838
135.0000 40.0864
136.0000 40.0889
137.0000 40.0913
138.0000 40.0934
139.0000 40.0955
140.0000 40.0974
141.0000 40.0991
142.0000 40.1008
143.0000 40.1023
144.0000 40.1037
145.0000 40.1050
146.0000 40.1062
147.0000 40.1072
148.0000 40.1082
149.0000 40.1091
150.0000 40.1099
151.0000 40.1107
152.0000 40.1113
153.0000 40.1119
154.0000 40.1125
155.0000 40.1129
156.0000 40.1133
157.0000 40.1137
158.0000 40.1140
159.0000 40.1143
160.0000 40.1145
161.0000 40.1147
162.0000 40.1149
163.0000 40.1150
164.0000 40.1151
165.0000 40.1152
166.0000 40.1152
167.0000 40.1153
168.0000 40.1153
169.0000 40.1153
170.0000 40.1153
171.0000 40.1153
172.0000 40.1152
173.0000 40.1152
174.0000 40.1151
175.0000 40.1150
176.0000 40.1150
177.0000 40.1149
178.0000 40.1148
179.0000 40.1148
180.0000 40.1147
181.0000 40.1146
182.0000 40.1145
183.0000 40.1144
184.0000 40.1143
185.0000 40.1143
186.0000 40.1142
187.0000 40.1141
188.0000 40.1140
189.0000 40.1139
190.0000 40.1139
191.0000 40.1138
192.0000 40.1137
193.0000 40.1136
194.0000 40.1136
195.0000 40.1135
196.0000 40.1135
197.0000 40.1134
198.0000 40.1133
199.0000 40.1133
200.0000 40.1132
201.0000 40.1132
202.0000 40.1131
203.0000 40.1131
204.0000 40.1131
205.0000 40.1130
206.0000 40.1130
207.0000 40.1129
208.0000 40.1129
209.0000 40.1129
210.0000 40.1129
211.0000 40.1128
212.0000 40.1128
213.0000 40.1128
214.0000 40.1128
215.0000 40.1127
216.0000 40.1127
217.0000 40.1127
218.0000 40.1127
219.0000 40.1127
220.0000 40.1127
221.0000 40.1127
222.0000 40.1126
223.0000 40.1126
224.0000 40.1126
225.0000 40.1126
226.0000 40.1126
227.0000 40.1126
228.0000 40.1126
229.0000 40.1126
230.0000 40.1126
231.0000 40.1126
232.0000 40.1126
233.0000 40.1126
234.0000 40.1126
235.0000 40.1126
236.0000 40.1126
237.0000 40.1126
238.0000 40.1125
239.0000 40.1125
240.0000 40.1125
241.0000 40.1125
242.0000 40.1125
243.0000 40.1125
244.0000 40.1125
245.0000 40.1125
246.0000 40.1125
247.0000 40.1125
248.0000 40.1125
249.0000 40.1125
250.0000 40.1125
251.0000 40.1125
252.0000 40.1125
253.0000 40.1125
254.0000 40.1125
255.0000 40.1125
256.0000 40.1125
257.0000 40.1125
258.0000 40.1125
259.0000 40.1125
260.0000 40.1125
261.0000 40.1125
262.0000 40.1125
263.0000 40.1125
264.0000 40.1125
265.0000 40.1125
266.0000 40.1125
267.0000 40.1125
268.0000 40.1125
269.0000 40.1125
270.0000 40.1125
271.0000 40.1125
272.0000 40.1125
273.0000 40.1125
274.0000 40.1125
275.0000 40.1125
276.0000 40.1125
277.0000 40.1125
278.0000 40.1125
279.0000 40.1125
280.0000 40.1125
281.0000 40.1125
282.0000 40.1125
283.0000 40.1125
284.0000 40.1125
285.0000 40.1125
286.0000 40.1125
287.0000 40.1125
288.0000 40.1125
289.0000 40.1125
290.0000 40.1125
291.0000 40.1125
292.0000 40.1124
293.0000 40.1124
294.0000 40.1124
295.0000 40.1124
296.0000 40.1124
297.0000 40.1124
298.0000 40.1124
299.0000 40.1124
300.0000 40.1124
301.0000 40.1124
302.0000 40.1124
303.0000 40.1124
304.0000 40.1124
305.0000 40.1124
306.0000 40.1124
307.0000 40.1124
308.0000 40.1124
309.0000 40.1124
310.0000 40.1124
311.0000 40.1124
312.0000 40.1124
313.0000 40.1124
314.0000 40.1124
315.0000 40.1124
316.0000 40.1124
317.0000 40.1124
318.0000 40.1124
319.0000 40.1124
320.0000 40.1124
321.0000 40.1124
322.0000 40.1124
323.0000 40.1124
324.0000 40.1124
325.0000 40.1124
326.0000 40.1124
327.0000 40.1124
328.0000 40.1124
329.0000 40.1124
330.0000 32.0679
331.0000 31.9791
332.0000 31.8902
333.0000 31.8253
334.0000 31.8043
335.0000 31.8218
336.0000 31.8732
337.0000 31.9541
338.0000 32.0607
339.0000 32.1893
340.0000 32.3366
341.0000 32.4995
342.0000 32.6754
343.0000 32.8616
344.0000 33.0559
345.0000 33.2563
346.0000 33.4608
347.0000 33.6678
348.0000 33.8759
349.0000 34.0837
350.0000 34.2901
351.0000 34.4940
352.0000 34.6946
353.0000 34.8912
354.0000 35.0830
355.0000 35.2696
356.0000 35.4505
357.0000 35.6253
358.0000 35.7937
359.0000 35.9556
360.0000 36.1107
361.0000 36.2591
362.0000 36.4005
363.0000 36.5351
364.0000 36.6629
365.0000 36.7839
366.0000 36.8982
367.0000 37.0061
368.0000 37.1075
369.0000 37.2028
370.0000 37.2920
371.0000 37.3754
372.0000 37.4531
373.0000 37.5255
374.0000 37.5927
375.0000 37.6550
376.0000 37.7125
377.0000 37.7655
378.0000 37.8142
379.0000 37.8589
380.0000 37.8998
381.0000 37.9370
382.0000 37.9708
383.0000 38.0015
384.0000 38.0291
385.0000 38.0539
386.0000 38.0762
387.0000 38.0959
388.0000 38.1135
389.0000 38.1289
390.0000 38.1424
391.0000 38.1541
392.0000 38.1641
393.0000 38.1727
394.0000 38.1799
395.0000 38.1858
396.0000 38.1905
397.0000 38.1943
398.0000 38.1971
399.0000 38.1990
400.0000 38.2002
401.0000 38.2007
402.0000 38.2006
403.0000 38.2000
404.0000 38.1990
405.0000 38.1975
406.0000 38.1957
407.0000 38.1936
408.0000 38.1912
409.0000 38.1887
410.0000 38.1859
411.0000 38.1831
412.0000 38.1801
413.0000 38.1771
414.0000 38.1740
415.0000 38.1709
416.0000 38.1678
417.0000 38.1647
418.0000 38.1617
419.0000 38.1587
420.0000 38.1557
421.0000 38.1528
422.0000 38.1500
423.0000 38.1473
424.0000 38.1446
425.0000 38.1421
426.0000 38.1397
427.0000 38.1373
428.0000 38.1351
429.0000 38.1329
430.0000 38.1309
431.0000 38.1289
432.0000 38.1271
433.0000 38.1254
434.0000 38.1237
435.0000 38.1222
436.0000 38.1207
437.0000 38.1194
438.0000 38.1181
439.0000 38.1169
440.0000 38.1158
441.0000 38.1148
442.0000 38.1138
443.0000 38.1129
444.0000 38.1121
445.0000 38.1114
446.0000 38.1107
447.0000 38.1101
448.0000 38.1095
449.0000 38.1090
450.0000 38.1085
451.0000 38.1081
452.0000 38.1077
453.0000 38.1073
454.0000 38.1070
455.0000 38.1068
456.0000 38.1065
457.0000 38.1063
458.0000 38.1061
459.0000 38.1060
460.0000 38.1058
461.0000 38.1057
462.0000 38.1056
463.0000 38.1055
464.0000 38.1055
465.0000 38.1054
466.0000 38.1054
467.0000 38.1054
468.0000 38.1054
469.0000 38.1054
470.0000 38.1054
471.0000 38.1054
472.0000 38.1054
473.0000 38.1054
474.0000 38.1054
475.0000 38.1055
476.0000 38.1055
477.0000 38.1056
478.0000 38.1056
479.0000 38.1056
480.0000 38.1057
481.0000 38.1057
482.0000 38.1058
483.0000 38.1058
484.0000 38.1059
485.0000 38.1059
486.0000 38.1060
487.0000 38.1060
488.0000 38.1060
489.0000 38.1061
490.0000 38.1061
491.0000 38.1062
492.0000 38.1062
493.0000 38.1062
494.0000 38.1063
495.0000 38.1063
496.0000 38.1063
497.0000 38.1064
498.0000 38.1064
499.0000 38.1064
500.0000 38.1064
501.0000 38.1065
502.0000 38.1065
503.0000 38.1065
504.0000 38.1065
505.0000 38.1066
506.0000 38.1066
507.0000 38.1066
508.0000 38.1066
509.0000 38.1066
510.0000 38.1066
511.0000 38.1066
512.0000 38.1067
513.0000 38.1067
514.0000 38.1067
515.0000 38.1067
516.0000 38.1067
517.0000 38.1067
518.0000 38.1067
519.0000 38.1067
520.0000 38.1067
521.0000 38.1067
522.0000 38.1067
523.0000 38.1067
524.0000 38.1067
525.0000 38.1067
526.0000 38.1067
527.0000 38.1067
528.0000 38.1067
529.0000 38.1067
530.0000 38.1067
531.0000 38.1067
532.0000 38.1067
533.0000 38.1067
534.0000 38.1067
535.0000 38.1067
536.0000 38.1067
537.0000 38.1067
538.0000 38.1067
539.0000 38.1067
540.0000 38.1067
541.0000 38.1067
542.0000 38.1067
543.0000 38.1067
544.0000 38.1067
545.0000 38.1067
546.0000 38.1067
547.0000 38.1067
548.0000 38.1067
549.0000 38.1067
550.0000 38.1067
551.0000 38.1067
552.0000 38.1067
553.0000 38.1067
554.0000 38.1067
555.0000 38.1067
556.0000 38.1067
557.0000 38.1067
558.0000 38.1067
559.0000 38.1067
560.0000 38.1067
561.0000 38.1067
562.0000 38.1067
563.0000 38.1067
564.0000 38.1067
565.0000 38.1067
566.0000 38.1067
567.0000 38.1067
568.0000 38.1067
569.0000 38.1067
570.0000 38.1067
571.0000 38.1067
572.0000 38.1067
573.0000 38.1067
574.0000 38.1067
575.0000 38.1067
576.0000 38.1067
577.0000 38.1067
578.0000 38.1067
579.0000 38.1067
580.0000 38.1067
581.0000 38.1067
582.0000 38.1067
583.0000 38.1067
584.0000 38.1067
585.0000 38.1067
586.0000 38.1067
587.0000 38.1067
588.0000 38.1067
589.0000 38.1067
590.0000 38.1067
591.0000 38.1067
592.0000 38.1067
593.0000 38.1067
594.0000 38.1067
595.0000 38.1067
596.0000 38.1067
597.0000 38.1067
598.0000 38.1067
599.0000 38.1067
600.0000 38.1067
