1.0000 36.0000
2.0000 36.0000
3.0000 36.0000
4.0000 36.0000
5.0000 36.0000
6.0000 36.0000
7.0000 36.0000
8.0000 36.0000
9.0000 36.0000
10.0000 36.0000
11.0000 36.0000
12.0000 36.0000
13.0000 36.0000
14.0000 36.0000
15.0000 36.0000
16.0000 36.0000
17.0000 36.0000
18.0000 36.0000
19.0000 36.0000
20.0000 36.0035
21.0000 36.0100
22.0000 36.0190
23.0000 36.0301
24.0000 36.0431
25.0000 36.0576
26.0000 36.0732
27.0000 36.0898
28.0000 36.1071
29.0000 36.1248
30.0000 50.1429
31.0000 50.1611
32.0000 50.1792
33.0000 50.1557
34.0000 50.0569
35.0000 49.8936
36.0000 49.6753
37.0000 49.4106
38.0000 49.1073
39.0000 48.7723
40.0000 48.4122
41.0000 48.0327
42.0000 47.6389
43.0000 47.2356
44.0000 46.8267
45.0000 46.4159
46.0000 46.0064
47.0000 45.6010
48.0000 45.2020
49.0000 44.8114
50.0000 44.4311
51.0000 44.0623
52.0000 43.7063
53.0000 43.3639
54.0000 43.0360
55.0000 42.7229
56.0000 42.4251
57.0000 42.1427
58.0000 41.8758
59.0000 41.6243
60.0000 41.3881
61.0000 41.1669
62.0000 40.9604
63.0000 40.7682
64.0000 40.5898
65.0000 40.4248
66.0000 40.2727
67.0000 40.1328
68.0000 40.0047
69.0000 39.8877
70.0000 39.7813
71.0000 39.6849
72.0000 39.5980
73.0000 39.5198
74.0000 39.4499
75.0000 39.3878
76.0000 39.3328
77.0000 39.2845
78.0000 39.2423
79.0000 39.2059
80.0000 39.1746
81.0000 39.1482
82.0000 39.1261
83.0000 39.1079
84.0000 39.0934
85.0000 39.0821
86.0000 39.0736
87.0000 39.0678
88.0000 39.0643
89.0000 39.0629
90.0000 39.0632
91.0000 39.0651
92.0000 39.0684
93.0000 39.0728
94.0000 39.0782
95.0000 39.0844
96.0000 39.0912
97.0000 39.0986
98.0000 39.1064
99.0000 39.1145
100.0000 39.1229
101.0000 39.1313
102.0000 39.1398
103.0000 39.1483
104.0000 39.1567
105.0000 39.1649
106.0000 39.1730
107.0000 39.1809
108.0000 39.1885
109.0000 39.1959
110.0000 39.2030
111.0000 39.2098
112.0000 39.2163
113.0000 39.2225
114.0000 39.2284
115.0000 39.2339
116.0000 39.2392
117.0000 39.2441
118.0000 39.2487
119.0000 39.2530
120.0000 39.2570
121.0000 39.2607
122.0000 39.2642
123.0000 39.2673
124.0000 39.2702
125.0000 39.2729
126.0000 39.2754
127.0000 39.2776
128.0000 39.2796
129.0000 39.2814
130.0000 39.2830
131.0000 39.2845
132.0000 39.2858
133.0000 39.2869
134.0000 39.2880
135.0000 39.2888
136.0000 39.2896
137.0000 39.2903
138.0000 39.2908
139.0000 39.2913
140.0000 39.2917
141.0000 39.2920
142.0000 39.2922
143.0000 39.2924
144.0000 39.2925
145.0000 39.2926
146.0000 39.2926
147.0000 39.2926
148.0000 39.2926
149.0000 39.2925
150.0000 39.2924
151.0000 39.2923
152.0000 39.2922
153.0000 39.2921
154.0000 39.2919
155.0000 39.2918
156.0000 39.2916
157.0000 39.2914
158.0000 39.2912
159.0000 39.2911
160.0000 39.2909
161.0000 39.2907
162.0000 39.2905
163.0000 39.2904
164.0000 39.2902
165.0000 39.2901
166.0000 39.2899
167.0000 39.2898
168.0000 39.2896
169.0000 39.2895
170.0000 39.2893
171.0000 39.2892
172.0000 39.2891
173.0000 39.2890
174.0000 39.2889
175.0000 39.2888
176.0000 39.2887
177.0000 39.2886
178.0000 39.2886
179.0000 39.2885
180.0000 39.2884
181.0000 39.2884
182.0000 39.2883
183.0000 39.2882
184.0000 39.2882
185.0000 39.2882
186.0000 39.2881
187.0000 39.2881
188.0000 39.2881
189.0000 39.2880
190.0000 39.2880
191.0000 39.2880
192.0000 39.2880
193.0000 39.2880
194.0000 39.2879
195.0000 39.2879
196.0000 39.2879
197.0000 39.2879
198.0000 39.2879
199.0000 39.2879
200.0000 39.2879
201.0000 39.2879
202.0000 39.2879
203.0000 39.2879
204.0000 39.2879
205.0000 39.2879
206.0000 39.2879
207.0000 39.2879
208.0000 39.2879
209.0000 39.2879
210.0000 39.2879
211.0000 39.2879
212.0000 39.2879
213.0000 39.2879
214.0000 39.2879
215.0000 39.2879
216.0000 39.2879
217.0000 39.2879
218.0000 39.2879
219.0000 39.2879
220.0000 39.2879
221.0000 39.2879
222.0000 39.2879
223.0000 39.2879
224.0000 39.2879
225.0000 39.2879
226.0000 39.2880
227.0000 39.2880
228.0000 39.2880
229.0000 39.2880
230.0000 39.2880
231.0000 39.2880
232.0000 39.2880
233.0000 39.2880
234.0000 39.2880
235.0000 39.2880
236.0000 39.2880
237.0000 39.2880
238.0000 39.2880
239.0000 39.2880
240.0000 39.2880
241.0000 39.2880
242.0000 39.2880
243.0000 39.2880
244.0000 39.2880
245.0000 39.2880
246.0000 39.2880
247.0000 39.2880
248.0000 39.2880
249.0000 39.2880
250.0000 39.2880
251.0000 39.2880
252.0000 39.2880
253.0000 39.2880
254.0000 39.2880
255.0000 39.2880
256.0000 39.2880
257.0000 39.2880
258.0000 39.2880
259.0000 39.2880
260.0000 39.2880
261.0000 39.2880
262.0000 39.2880
263.0000 39.2880
264.0000 39.2880
265.0000 39.2880
266.0000 39.2880
267.0000 39.2880
268.0000 39.2880
269.0000 39.2880
270.0000 39.2880
271.0000 39.2880
272.0000 39.2880
273.0000 39.2880
274.0000 39.2880
275.0000 39.2880
276.0000 39.2880
277.0000 39.2880
278.0000 39.2880
279.0000 39.2880
280.0000 39.2880
281.0000 39.2880
282.0000 39.2880
283.0000 39.2880
284.0000 39.2880
285.0000 39.2880
286.0000 39.2880
287.0000 39.2880
288.0000 39.2880
289.0000 39.2880
290.0000 39.2880
291.0000 39.2880
292.0000 39.2880
293.0000 39.2880
294.0000 39.2880
295.0000 39.2880
296.0000 39.2880
297.0000 39.2880
298.0000 39.2880
299.0000 39.2880
300.0000 39.2880
301.0000 39.2880
302.0000 39.2880
303.0000 39.2880
304.0000 39.2880
305.0000 39.2880
306.0000 39.2880
307.0000 39.2880
308.0000 39.2880
309.0000 39.2880
310.0000 39.2880
311.0000 39.2880
312.0000 39.2880
313.0000 39.2880
314.0000 39.2880
315.0000 39.2880
316.0000 39.2880
317.0000 39.2880
318.0000 39.2880
319.0000 39.2880
320.0000 39.2880
321.0000 39.2880
322.0000 39.2880
323.0000 39.2880
324.0000 39.2880
325.0000 39.2880
326.0000 39.2880
327.0000 39.2880
328.0000 39.2880
329.0000 39.2880
330.0000 31.2880
331.0000 31.2880
332.0000 31.2880
333.0000 31.3117
334.0000 31.3783
335.0000 31.4816
336.0000 31.6160
337.0000 31.7767
338.0000 31.9591
339.0000 32.1593
340.0000 32.3735
341.0000 32.5984
342.0000 32.8310
343.0000 33.0687
344.0000 33.3092
345.0000 33.5504
346.0000 33.7905
347.0000 34.0279
348.0000 34.2612
349.0000 34.4894
350.0000 34.7113
351.0000 34.9263
352.0000 35.1337
353.0000 35.3330
354.0000 35.5237
355.0000 35.7056
356.0000 35.8786
357.0000 36.0424
358.0000 36.1972
359.0000 36.3429
360.0000 36.4797
361.0000 36.6078
362.0000 36.7272
363.0000 36.8383
364.0000 36.9413
365.0000 37.0366
366.0000 37.1244
367.0000 37.2050
368.0000 37.2788
369.0000 37.3461
370.0000 37.4073
371.0000 37.4627
372.0000 37.5126
373.0000 37.5575
374.0000 37.5975
375.0000 37.6331
376.0000 37.6645
377.0000 37.6920
378.0000 37.7160
379.0000 37.7368
380.0000 37.7545
381.0000 37.7695
382.0000 37.7819
383.0000 37.7921
384.0000 37.8002
385.0000 37.8065
386.0000 37.8111
387.0000 37.8142
388.0000 37.8160
389.0000 37.8166
390.0000 37.8162
391.0000 37.8149
392.0000 37.8128
393.0000 37.8101
394.0000 37.8069
395.0000 37.8031
396.0000 37.7990
397.0000 37.7946
398.0000 37.7900
399.0000 37.7852
400.0000 37.7803
401.0000 37.7753
402.0000 37.7703
403.0000 37.7654
404.0000 37.7605
405.0000 37.7556
406.0000 37.7509
407.0000 37.7463
408.0000 37.7418
409.0000 37.7375
410.0000 37.7334
411.0000 37.7294
412.0000 37.7257
413.0000 37.7221
414.0000 37.7187
415.0000 37.7154
416.0000 37.7124
417.0000 37.7096
418.0000 37.7069
419.0000 37.7044
420.0000 37.7021
421.0000 37.7000
422.0000 37.6980
423.0000 37.6961
424.0000 37.6945
425.0000 37.6929
426.0000 37.6915
427.0000 37.6902
428.0000 37.6891
429.0000 37.6880
430.0000 37.6871
431.0000 37.6863
432.0000 37.6855
433.0000 37.6849
434.0000 37.6843
435.0000 37.6838
436.0000 37.6833
437.0000 37.6830
438.0000 37.6827
439.0000 37.6824
440.0000 37.6822
441.0000 37.6820
442.0000 37.6819
443.0000 37.6818
444.0000 37.6817
445.0000 37.6817
446.0000 37.6817
447.0000 37.6817
448.0000 37.6817
449.0000 37.6817
450.0000 37.6818
451.0000 37.6819
452.0000 37.6819
453.0000 37.6820
454.0000 37.6821
455.0000 37.6822
456.0000 37.6823
457.0000 37.6824
458.0000 37.6825
459.0000 37.6826
460.0000 37.6827
461.0000 37.6828
462.0000 37.6829
463.0000 37.6830
464.0000 37.6831
465.0000 37.6832
466.0000 37.6833
467.0000 37.6834
468.0000 37.6835
469.0000 37.6835
470.0000 37.6836
471.0000 37.6837
472.0000 37.6837
473.0000 37.6838
474.0000 37.6839
475.0000 37.6839
476.0000 37.6840
477.0000 37.6840
478.0000 37.6841
479.0000 37.6841
480.0000 37.6841
481.0000 37.6842
482.0000 37.6842
483.0000 37.6842
484.0000 37.6843
485.0000 37.6843
486.0000 37.6843
487.0000 37.6843
488.0000 37.6844
489.0000 37.6844
490.0000 37.6844
491.0000 37.6844
492.0000 37.6844
493.0000 37.6844
494.0000 37.6844
495.0000 37.6844
496.0000 37.6844
497.0000 37.6844
498.0000 37.6844
499.0000 37.6844
500.0000 37.6844
501.0000 37.6844
502.0000 37.6844
503.0000 37.6844
504.0000 37.6844
505.0000 37.6844
506.0000 37.6844
507.0000 37.6844
508.0000 37.6844
509.0000 37.6844
510.0000 37.6844
511.0000 37.6844
512.0000 37.6844
513.0000 37.6844
514.0000 37.6844
515.0000 37.6844
516.0000 37.6844
517.0000 37.6844
518.0000 37.6844
519.0000 37.6844
520.0000 37.6844
521.0000 37.6844
522.0000 37.6844
523.0000 37.6844
524.0000 37.6844
525.0000 37.6844
526.0000 37.6844
527.0000 37.6844
528.0000 37.6844
529.0000 37.6844
530.0000 37.6844
531.0000 37.6844
532.0000 37.6844
533.0000 37.6844
534.0000 37.6844
535.0000 37.6844
536.0000 37.6844
537.0000 37.6844
538.0000 37.6844
539.0000 37.6844
540.0000 37.6844
541.0000 37.6844
542.0000 37.6844
543.0000 37.6844
544.0000 37.6844
545.0000 37.6844
546.0000 37.6844
547.0000 37.6844
548.0000 37.6844
549.0000 37.6844
550.0000 37.6844
551.0000 37.6844
552.0000 37.6844
553.0000 37.6844
554.0000 37.6844
555.0000 37.6844
556.0000 37.6844
557.0000 37.6844
558.0000 37.6844
559.0000 37.6844
560.0000 37.6844
561.0000 37.6844
562.0000 37.6844
563.0000 37.6844
564.0000 37.6844
565.0000 37.6844
566.0000 37.6844
567.0000 37.6844
568.0000 37.6844
569.0000 37.6844
570.0000 37.6844
571.0000 37.6844
572.0000 37.6844
573.0000 37.6844
574.0000 37.6844
575.0000 37.6844
576.0000 37.6844
577.0000 37.6844
578.0000 37.6844
579.0000 37.6844
580.0000 37.6844
581.0000 37.6844
582.0000 37.6844
583.0000 37.6844
584.0000 37.6844
585.0000 37.6844
586.0000 37.6844
587.0000 37.6844
588.0000 37.6844
589.0000 37.6844
590.0000 37.6844
591.0000 37.6844
592.0000 37.6844
593.0000 37.6844
594.0000 37.6844
595.0000 37.6844
596.0000 37.6844
597.0000 37.6844
598.0000 37.6844
599.0000 37.6844
600.0000 37.6844
