1.0000 36.0000
2.0000 36.0000
3.0000 36.0000
4.0000 36.0000
5.0000 36.0000
6.0000 36.0000
7.0000 36.0000
8.0000 36.0000
9.0000 36.0000
10.0000 36.0000
11.0000 36.0000
12.0000 36.0000
13.0000 36.0000
14.0000 36.0000
15.0000 36.0000
16.0000 36.0000
17.0000 36.0000
18.0000 36.0000
19.0000 36.0000
20.0000 36.0140
21.0000 36.0295
22.0000 36.0463
23.0000 36.0641
24.0000 36.0826
25.0000 36.1016
26.0000 36.1208
27.0000 36.1402
28.0000 36.1595
29.0000 36.1788
30.0000 92.2854
31.0000 50.4792
32.0000 50.6726
33.0000 50.1988
34.0000 49.5152
35.0000 49.2226
36.0000 48.9165
37.0000 48.6094
38.0000 48.3022
39.0000 47.9933
40.0000 47.6847
41.0000 47.3779
42.0000 47.0744
43.0000 46.7752
44.0000 46.4815
45.0000 46.1942
46.0000 45.9137
47.0000 45.6409
48.0000 45.3760
49.0000 45.1194
50.0000 44.8713
51.0000 44.6320
52.0000 44.4014
53.0000 44.1797
54.0000 43.9667
55.0000 43.7625
56.0000 43.5669
57.0000 43.3798
58.0000 43.2010
59.0000 43.0303
60.0000 42.8675
61.0000 42.7125
62.0000 42.5649
63.0000 42.4245
64.0000 42.2911
65.0000 42.1644
66.0000 42.0443
67.0000 41.9303
68.0000 41.8224
69.0000 41.7201
70.0000 41.6234
71.0000 41.5319
72.0000 41.4454
73.0000 41.3637
74.0000 41.2865
75.0000 41.2137
76.0000 41.1450
77.0000 41.0803
78.0000 41.0193
79.0000 40.9618
80.0000 40.9077
81.0000 40.8567
82.0000 40.8088
83.0000 40.7637
84.0000 40.7214
85.0000 40.6816
86.0000 40.6442
87.0000 40.6091
88.0000 40.5761
89.0000 40.5452
90.0000 40.5162
91.0000 40.4890
92.0000 40.4635
93.0000 40.4396
94.0000 40.4172
95.0000 40.3963
96.0000 40.3767
97.0000 40.3583
98.0000 40.3411
99.0000 40.3250
100.0000 40.3100
101.0000 40.2960
102.0000 40.2828
103.0000 40.2706
104.0000 40.2591
105.0000 40.2484
106.0000 40.2384
107.0000 40.2291
108.0000 40.2204
109.0000 40.2123
110.0000 40.2048
111.0000 40.1977
112.0000 40.1911
113.0000 40.1850
114.0000 40.1793
115.0000 40.1740
116.0000 40.1691
117.0000 40.1645
118.0000 40.1602
119.0000 40.1563
120.0000 40.1526
121.0000 40.1491
122.0000 40.1459
123.0000 40.1430
124.0000 40.1402
125.0000 40.1377
126.0000 40.1353
127.0000 40.1331
128.0000 40.1311
129.0000 40.1292
130.0000 40.1275
131.0000 40.1258
132.0000 40.1243
133.0000 40.1230
134.0000 40.1217
135.0000 40.1205
136.0000 40.1194
137.0000 40.1184
138.0000 40.1175
139.0000 40.1166
140.0000 40.1158
141.0000 40.1151
142.0000 40.1145
143.0000 40.1138
144.0000 40.1133
145.0000 40.1128
146.0000 40.1123
147.0000 40.1119
148.0000 40.1115
149.0000 40.1111
150.0000 40.1108
151.0000 40.1105
152.0000 40.1102
153.0000 40.1100
154.0000 40.1098
155.0000 40.1096
156.0000 40.1094
157.0000 40.1092
158.0000 40.1091
159.0000 40.1089
160.0000 40.1088
161.0000 40.1087
162.0000 40.1086
163.0000 40.1086
164.0000 40.1085
165.0000 40.1085
166.0000 40.1084
167.0000 40.1084
168.0000 40.1083
169.0000 40.1083
170.0000 40.1083
171.0000 40.1083
172.0000 40.1083
173.0000 40.1083
174.0000 40.1083
175.0000 40.1083
176.0000 40.1083
177.0000 40.1083
178.0000 40.1083
179.0000 40.1083
180.0000 40.1084
181.0000 40.1084
182.0000 40.1084
183.0000 40.1084
184.0000 40.1085
185.0000 40.1085
186.0000 40.1085
187.0000 40.1086
188.0000 40.1086
189.0000 40.1086
190.0000 40.1087
191.0000 40.1087
192.0000 40.1088
193.0000 40.1088
194.0000 40.1088
195.0000 40.1089
196.0000 40.1089
197.0000 40.1089
198.0000 40.1090
199.0000 40.1090
200.0000 40.1091
201.0000 40.1091
202.0000 40.1091
203.0000 40.1092
204.0000 40.1092
205.0000 40.1093
206.0000 40.1093
207.0000 40.1093
208.0000 40.1094
209.0000 40.1094
210.0000 40.1094
211.0000 40.1095
212.0000 40.1095
213.0000 40.1096
214.0000 40.1096
215.0000 40.1096
216.0000 40.1097
217.0000 40.1097
218.0000 40.1097
219.0000 40.1098
220.0000 40.1098
221.0000 40.1098
222.0000 40.1099
223.0000 40.1099
224.0000 40.1099
225.0000 40.1100
226.0000 40.1100
227.0000 40.1100
228.0000 40.1101
229.0000 40.1101
230.0000 40.1101
231.0000 40.1101
232.0000 40.1102
233.0000 40.1102
234.0000 40.1102
235.0000 40.1103
236.0000 40.1103
237.0000 40.1103
238.0000 40.1103
239.0000 40.1104
240.0000 40.1104
241.0000 40.1104
242.0000 40.1104
243.0000 40.1105
244.0000 40.1105
245.0000 40.1105
246.0000 40.1105
247.0000 40.1106
248.0000 40.1106
249.0000 40.1106
250.0000 40.1106
251.0000 40.1107
252.0000 40.1107
253.0000 40.1107
254.0000 40.1107
255.0000 40.1108
256.0000 40.1108
257.0000 40.1108
258.0000 40.1108
259.0000 40.1108
260.0000 40.1109
261.0000 40.1109
262.0000 40.1109
263.0000 40.1109
264.0000 40.1109
265.0000 40.1110
266.0000 40.1110
267.0000 40.1110
268.0000 40.1110
269.0000 40.1110
270.0000 40.1110
271.0000 40.1111
272.0000 40.1111
273.0000 40.1111
274.0000 40.1111
275.0000 40.1111
276.0000 40.1111
277.0000 40.1112
278.0000 40.1112
279.0000 40.1112
280.0000 40.1112
281.0000 40.1112
282.0000 40.1112
283.0000 40.1112
284.0000 40.1113
285.0000 40.1113
286.0000 40.1113
287.0000 40.1113
288.0000 40.1113
289.0000 40.1113
290.0000 40.1113
291.0000 40.1114
292.0000 40.1114
293.0000 40.1114
294.0000 40.1114
295.0000 40.1114
296.0000 40.1114
297.0000 40.1114
298.0000 40.1114
299.0000 40.1115
300.0000 40.1115
301.0000 40.1115
302.0000 40.1115
303.0000 40.1115
304.0000 40.1115
305.0000 40.1115
306.0000 40.1115
307.0000 40.1115
308.0000 40.1116
309.0000 40.1116
310.0000 40.1116
311.0000 40.1116
312.0000 40.1116
313.0000 40.1116
314.0000 40.1116
315.0000 40.1116
316.0000 40.1116
317.0000 40.1116
318.0000 40.1116
319.0000 40.1117
320.0000 40.1117
321.0000 40.1117
322.0000 40.1117
323.0000 40.1117
324.0000 40.1117
325.0000 40.1117
326.0000 40.1117
327.0000 40.1117
328.0000 40.1117
329.0000 40.1117
330.0000 8.0617
331.0000 31.9618
332.0000 31.8618
333.0000 32.1428
334.0000 32.5435
335.0000 32.7205
336.0000 32.9049
337.0000 33.0896
338.0000 33.2741
339.0000 33.4591
340.0000 33.6437
341.0000 33.8270
342.0000 34.0080
343.0000 34.1863
344.0000 34.3610
345.0000 34.5319
346.0000 34.6985
347.0000 34.8605
348.0000 35.0176
349.0000 35.1697
350.0000 35.3167
351.0000 35.4584
352.0000 35.5948
353.0000 35.7260
354.0000 35.8519
355.0000 35.9725
356.0000 36.0881
357.0000 36.1985
358.0000 36.3040
359.0000 36.4047
360.0000 36.5007
361.0000 36.5921
362.0000 36.6791
363.0000 36.7618
364.0000 36.8403
365.0000 36.9148
366.0000 36.9856
367.0000 37.0526
368.0000 37.1161
369.0000 37.1762
370.0000 37.2330
371.0000 37.2868
372.0000 37.3375
373.0000 37.3855
374.0000 37.4308
375.0000 37.4735
376.0000 37.5138
377.0000 37.5517
378.0000 37.5875
379.0000 37.6211
380.0000 37.6528
381.0000 37.6826
382.0000 37.7106
383.0000 37.7370
384.0000 37.7617
385.0000 37.7850
386.0000 37.8068
387.0000 37.8273
388.0000 37.8465
389.0000 37.8646
390.0000 37.8814
391.0000 37.8973
392.0000 37.9121
393.0000 37.9260
394.0000 37.9390
395.0000 37.9512
396.0000 37.9626
397.0000 37.9732
398.0000 37.9831
399.0000 37.9924
400.0000 38.0011
401.0000 38.0092
402.0000 38.0168
403.0000 38.0239
404.0000 38.0305
405.0000 38.0366
406.0000 38.0424
407.0000 38.0477
408.0000 38.0527
409.0000 38.0573
410.0000 38.0616
411.0000 38.0656
412.0000 38.0694
413.0000 38.0728
414.0000 38.0760
415.0000 38.0790
416.0000 38.0818
417.0000 38.0844
418.0000 38.0868
419.0000 38.0890
420.0000 38.0911
421.0000 38.0930
422.0000 38.0947
423.0000 38.0964
424.0000 38.0979
425.0000 38.0993
426.0000 38.1006
427.0000 38.1017
428.0000 38.1028
429.0000 38.1038
430.0000 38.1048
431.0000 38.1056
432.0000 38.1064
433.0000 38.1071
434.0000 38.1078
435.0000 38.1084
436.0000 38.1089
437.0000 38.1094
438.0000 38.1099
439.0000 38.1103
440.0000 38.1107
441.0000 38.1110
442.0000 38.1113
443.0000 38.1116
444.0000 38.1118
445.0000 38.1121
446.0000 38.1123
447.0000 38.1124
448.0000 38.1126
449.0000 38.1127
450.0000 38.1128
451.0000 38.1129
452.0000 38.1130
453.0000 38.1131
454.0000 38.1132
455.0000 38.1132
456.0000 38.1132
457.0000 38.1133
458.0000 38.1133
459.0000 38.1133
460.0000 38.1133
461.0000 38.1133
462.0000 38.1133
463.0000 38.1133
464.0000 38.1132
465.0000 38.1132
466.0000 38.1132
467.0000 38.1131
468.0000 38.1131
469.0000 38.1131
470.0000 38.1130
471.0000 38.1130
472.0000 38.1129
473.0000 38.1129
474.0000 38.1128
475.0000 38.1128
476.0000 38.1127
477.0000 38.1126
478.0000 38.1126
479.0000 38.1125
480.0000 38.1125
481.0000 38.1124
482.0000 38.1123
483.0000 38.1123
484.0000 38.1122
485.0000 38.1121
486.0000 38.1121
487.0000 38.1120
488.0000 38.1119
489.0000 38.1119
490.0000 38.1118
491.0000 38.1118
492.0000 38.1117
493.0000 38.1116
494.0000 38.1116
495.0000 38.1115
496.0000 38.1114
497.0000 38.1114
498.0000 38.1113
499.0000 38.1113
500.0000 38.1112
501.0000 38.1111
502.0000 38.1111
503.0000 38.1110
504.0000 38.1110
505.0000 38.1109
506.0000 38.1109
507.0000 38.1108
508.0000 38.1107
509.0000 38.1107
510.0000 38.1106
511.0000 38.1106
512.0000 38.1105
513.0000 38.1105
514.0000 38.1104
515.0000 38.1104
516.0000 38.1103
517.0000 38.1103
518.0000 38.1102
519.0000 38.1102
520.0000 38.1101
521.0000 38.1101
522.0000 38.1100
523.0000 38.1100
524.0000 38.1099
525.0000 38.1099
526.0000 38.1099
527.0000 38.1098
528.0000 38.1098
529.0000 38.1097
530.0000 38.1097
531.0000 38.1096
532.0000 38.1096
533.0000 38.1096
534.0000 38.1095
535.0000 38.1095
536.0000 38.1094
537.0000 38.1094
538.0000 38.1094
539.0000 38.1093
540.0000 38.1093
541.0000 38.1093
542.0000 38.1092
543.0000 38.1092
544.0000 38.1091
545.0000 38.1091
546.0000 38.1091
547.0000 38.1090
548.0000 38.1090
549.0000 38.1090
550.0000 38.1090
551.0000 38.1089
552.0000 38.1089
553.0000 38.1089
554.0000 38.1088
555.0000 38.1088
556.0000 38.1088
557.0000 38.1087
558.0000 38.1087
559.0000 38.1087
560.0000 38.1087
561.0000 38.1086
562.0000 38.1086
563.0000 38.1086
564.0000 38.1085
565.0000 38.1085
566.0000 38.1085
567.0000 38.1085
568.0000 38.1084
569.0000 38.1084
570.0000 38.1084
571.0000 38.1084
572.0000 38.1083
573.0000 38.1083
574.0000 38.1083
575.0000 38.1083
576.0000 38.1083
577.0000 38.1082
578.0000 38.1082
579.0000 38.1082
580.0000 38.1082
581.0000 38.1082
582.0000 38.1081
583.0000 38.1081
584.0000 38.1081
585.0000 38.1081
586.0000 38.1081
587.0000 38.1080
588.0000 38.1080
589.0000 38.1080
590.0000 38.1080
591.0000 38.1080
592.0000 38.1079
593.0000 38.1079
594.0000 38.1079
595.0000 38.1079
596.0000 38.1079
597.0000 38.1079
598.0000 38.1078
599.0000 38.1078
600.0000 38.1078
