1.0000 36.0000
2.0000 36.0000
3.0000 36.0000
4.0000 36.0000
5.0000 36.0000
6.0000 36.0000
7.0000 36.0000
8.0000 36.0000
9.0000 36.0000
10.0000 36.0000
11.0000 36.0000
12.0000 36.0000
13.0000 36.0000
14.0000 36.0000
15.0000 36.0000
16.0000 36.0000
17.0000 36.0000
18.0000 36.0000
19.0000 36.0000
20.0000 36.0035
21.0000 36.0101
22.0000 36.0193
23.0000 36.0308
24.0000 36.0443
25.0000 36.0595
26.0000 36.0761
27.0000 36.0938
28.0000 36.1125
29.0000 36.1319
30.0000 50.2518
31.0000 50.4721
32.0000 50.6926
33.0000 50.8710
34.0000 50.9721
35.0000 51.0046
36.0000 50.9764
37.0000 50.8943
38.0000 50.7651
39.0000 50.5946
40.0000 50.3886
41.0000 50.1520
42.0000 49.8896
43.0000 49.6056
44.0000 49.3041
45.0000 48.9886
46.0000 48.6623
47.0000 48.3281
48.0000 47.9887
49.0000 47.6465
50.0000 47.3035
51.0000 46.9616
52.0000 46.6225
53.0000 46.2877
54.0000 45.9584
55.0000 45.6356
56.0000 45.3204
57.0000 45.0136
58.0000 44.7157
59.0000 44.4273
60.0000 44.1489
61.0000 43.8807
62.0000 43.6231
63.0000 43.3761
64.0000 43.1399
65.0000 42.9144
66.0000 42.6996
67.0000 42.4955
68.0000 42.3018
69.0000 42.1184
70.0000 41.9451
71.0000 41.7817
72.0000 41.6279
73.0000 41.4834
74.0000 41.3479
75.0000 41.2211
76.0000 41.1026
77.0000 40.9922
78.0000 40.8896
79.0000 40.7942
80.0000 40.7060
81.0000 40.6244
82.0000 40.5492
83.0000 40.4800
84.0000 40.4166
85.0000 40.3585
86.0000 40.3056
87.0000 40.2574
88.0000 40.2138
89.0000 40.1744
90.0000 40.1389
91.0000 40.1072
92.0000 40.0788
93.0000 40.0537
94.0000 40.0316
95.0000 40.0122
96.0000 39.9953
97.0000 39.9808
98.0000 39.9685
99.0000 39.9581
100.0000 39.9496
101.0000 39.9427
102.0000 39.9373
103.0000 39.9333
104.0000 39.9305
105.0000 39.9288
106.0000 39.9281
107.0000 39.9283
108.0000 39.9293
109.0000 39.9310
110.0000 39.9333
111.0000 39.9362
112.0000 39.9395
113.0000 39.9431
114.0000 39.9472
115.0000 39.9514
116.0000 39.9560
117.0000 39.9606
118.0000 39.9655
119.0000 39.9704
120.0000 39.9754
121.0000 39.9804
122.0000 39.9854
123.0000 39.9904
124.0000 39.9953
125.0000 40.0002
126.0000 40.0050
127.0000 40.0097
128.0000 40.0143
129.0000 40.0188
130.0000 40.0232
131.0000 40.0274
132.0000 40.0315
133.0000 40.0354
134.0000 40.0392
135.0000 40.0429
136.0000 40.0464
137.0000 40.0498
138.0000 40.0530
139.0000 40.0561
140.0000 40.0590
141.0000 40.0618
142.0000 40.0645
143.0000 40.0670
144.0000 40.0694
145.0000 40.0716
146.0000 40.0737
147.0000 40.0758
148.0000 40.0777
149.0000 40.0794
150.0000 40.0811
151.0000 40.0827
152.0000 40.0842
153.0000 40.0856
154.0000 40.0869
155.0000 40.0881
156.0000 40.0892
157.0000 40.0903
158.0000 40.0913
159.0000 40.0922
160.0000 40.0931
161.0000 40.0939
162.0000 40.0946
163.0000 40.0953
164.0000 40.0959
165.0000 40.0965
166.0000 40.0971
167.0000 40.0976
168.0000 40.0981
169.0000 40.0985
170.0000 40.0989
171.0000 40.0993
172.0000 40.0996
173.0000 40.0999
174.0000 40.1002
175.0000 40.1005
176.0000 40.1008
177.0000 40.1010
178.0000 40.1012
179.0000 40.1015
180.0000 40.1016
181.0000 40.1018
182.0000 40.1020
183.0000 40.1022
184.0000 40.1023
185.0000 40.1025
186.0000 40.1026
187.0000 40.1027
188.0000 40.1028
189.0000 40.1030
190.0000 40.1031
191.0000 40.1032
192.0000 40.1033
193.0000 40.1034
194.0000 40.1035
195.0000 40.1036
196.0000 40.1037
197.0000 40.1038
198.0000 40.1039
199.0000 40.1040
200.0000 40.1041
201.0000 40.1042
202.0000 40.1042
203.0000 40.1043
204.0000 40.1044
205.0000 40.1045
206.0000 40.1046
207.0000 40.1047
208.0000 40.1048
209.0000 40.1049
210.0000 40.1050
211.0000 40.1050
212.0000 40.1051
213.0000 40.1052
214.0000 40.1053
215.0000 40.1054
216.0000 40.1055
217.0000 40.1056
218.0000 40.1056
219.0000 40.1057
220.0000 40.1058
221.0000 40.1059
222.0000 40.1060
223.0000 40.1061
224.0000 40.1062
225.0000 40.1062
226.0000 40.1063
227.0000 40.1064
228.0000 40.1065
229.0000 40.1066
230.0000 40.1066
231.0000 40.1067
232.0000 40.1068
233.0000 40.1069
234.0000 40.1070
235.0000 40.1070
236.0000 40.1071
237.0000 40.1072
238.0000 40.1073
239.0000 40.1073
240.0000 40.1074
241.0000 40.1075
242.0000 40.1076
243.0000 40.1076
244.0000 40.1077
245.0000 40.1078
246.0000 40.1079
247.0000 40.1079
248.0000 40.1080
249.0000 40.1081
250.0000 40.1081
251.0000 40.1082
252.0000 40.1082
253.0000 40.1083
254.0000 40.1084
255.0000 40.1084
256.0000 40.1085
257.0000 40.1086
258.0000 40.1086
259.0000 40.1087
260.0000 40.1087
261.0000 40.1088
262.0000 40.1088
263.0000 40.1089
264.0000 40.1089
265.0000 40.1090
266.0000 40.1091
267.0000 40.1091
268.0000 40.1092
269.0000 40.1092
270.0000 40.1093
271.0000 40.1093
272.0000 40.1093
273.0000 40.1094
274.0000 40.1094
275.0000 40.1095
276.0000 40.1095
277.0000 40.1096
278.0000 40.1096
279.0000 40.1097
280.0000 40.1097
281.0000 40.1097
282.0000 40.1098
283.0000 40.1098
284.0000 40.1099
285.0000 40.1099
286.0000 40.1099
287.0000 40.1100
288.0000 40.1100
289.0000 40.1100
290.0000 40.1101
291.0000 40.1101
292.0000 40.1102
293.0000 40.1102
294.0000 40.1102
295.0000 40.1103
296.0000 40.1103
297.0000 40.1103
298.0000 40.1103
299.0000 40.1104
300.0000 40.1104
301.0000 40.1104
302.0000 40.1105
303.0000 40.1105
304.0000 40.1105
305.0000 40.1105
306.0000 40.1106
307.0000 40.1106
308.0000 40.1106
309.0000 40.1107
310.0000 40.1107
311.0000 40.1107
312.0000 40.1107
313.0000 40.1108
314.0000 40.1108
315.0000 40.1108
316.0000 40.1108
317.0000 40.1108
318.0000 40.1109
319.0000 40.1109
320.0000 40.1109
321.0000 40.1109
322.0000 40.1110
323.0000 40.1110
324.0000 40.1110
325.0000 40.1110
326.0000 40.1110
327.0000 40.1111
328.0000 40.1111
329.0000 40.1111
330.0000 32.0540
331.0000 31.9397
332.0000 31.8254
333.0000 31.7353
334.0000 31.6892
335.0000 31.6823
336.0000 31.7100
337.0000 31.7682
338.0000 31.8531
339.0000 31.9614
340.0000 32.0897
341.0000 32.2352
342.0000 32.3950
343.0000 32.5668
344.0000 32.7483
345.0000 32.9375
346.0000 33.1324
347.0000 33.3315
348.0000 33.5331
349.0000 33.7360
350.0000 33.9389
351.0000 34.1409
352.0000 34.3408
353.0000 34.5380
354.0000 34.7317
355.0000 34.9213
356.0000 35.1062
357.0000 35.2861
358.0000 35.4605
359.0000 35.6292
360.0000 35.7920
361.0000 35.9485
362.0000 36.0989
363.0000 36.2428
364.0000 36.3804
365.0000 36.5117
366.0000 36.6366
367.0000 36.7552
368.0000 36.8676
369.0000 36.9740
370.0000 37.0744
371.0000 37.1691
372.0000 37.2581
373.0000 37.3417
374.0000 37.4200
375.0000 37.4931
376.0000 37.5614
377.0000 37.6250
378.0000 37.6841
379.0000 37.7389
380.0000 37.7896
381.0000 37.8364
382.0000 37.8795
383.0000 37.9191
384.0000 37.9553
385.0000 37.9884
386.0000 38.0186
387.0000 38.0460
388.0000 38.0707
389.0000 38.0930
390.0000 38.1130
391.0000 38.1309
392.0000 38.1468
393.0000 38.1609
394.0000 38.1732
395.0000 38.1839
396.0000 38.1932
397.0000 38.2011
398.0000 38.2078
399.0000 38.2134
400.0000 38.2179
401.0000 38.2215
402.0000 38.2242
403.0000 38.2261
404.0000 38.2273
405.0000 38.2279
406.0000 38.2279
407.0000 38.2275
408.0000 38.2265
409.0000 38.2252
410.0000 38.2236
411.0000 38.2216
412.0000 38.2194
413.0000 38.2170
414.0000 38.2144
415.0000 38.2116
416.0000 38.2087
417.0000 38.2057
418.0000 38.2027
419.0000 38.1996
420.0000 38.1965
421.0000 38.1934
422.0000 38.1903
423.0000 38.1872
424.0000 38.1841
425.0000 38.1811
426.0000 38.1781
427.0000 38.1752
428.0000 38.1723
429.0000 38.1696
430.0000 38.1669
431.0000 38.1643
432.0000 38.1617
433.0000 38.1593
434.0000 38.1569
435.0000 38.1547
436.0000 38.1525
437.0000 38.1504
438.0000 38.1484
439.0000 38.1465
440.0000 38.1447
441.0000 38.1430
442.0000 38.1413
443.0000 38.1397
444.0000 38.1382
445.0000 38.1368
446.0000 38.1355
447.0000 38.1342
448.0000 38.1330
449.0000 38.1319
450.0000 38.1308
451.0000 38.1298
452.0000 38.1288
453.0000 38.1279
454.0000 38.1271
455.0000 38.1263
456.0000 38.1256
457.0000 38.1249
458.0000 38.1242
459.0000 38.1236
460.0000 38.1230
461.0000 38.1225
462.0000 38.1220
463.0000 38.1215
464.0000 38.1210
465.0000 38.1206
466.0000 38.1202
467.0000 38.1199
468.0000 38.1195
469.0000 38.1192
470.0000 38.1189
471.0000 38.1186
472.0000 38.1183
473.0000 38.1181
474.0000 38.1178
475.0000 38.1176
476.0000 38.1174
477.0000 38.1172
478.0000 38.1170
479.0000 38.1168
480.0000 38.1167
481.0000 38.1165
482.0000 38.1163
483.0000 38.1162
484.0000 38.1161
485.0000 38.1159
486.0000 38.1158
487.0000 38.1156
488.0000 38.1155
489.0000 38.1154
490.0000 38.1153
491.0000 38.1152
492.0000 38.1151
493.0000 38.1150
494.0000 38.1148
495.0000 38.1147
496.0000 38.1146
497.0000 38.1145
498.0000 38.1144
499.0000 38.1143
500.0000 38.1142
501.0000 38.1141
502.0000 38.1141
503.0000 38.1140
504.0000 38.1139
505.0000 38.1138
506.0000 38.1137
507.0000 38.1136
508.0000 38.1135
509.0000 38.1134
510.0000 38.1133
511.0000 38.1132
512.0000 38.1131
513.0000 38.1131
514.0000 38.1130
515.0000 38.1129
516.0000 38.1128
517.0000 38.1127
518.0000 38.1126
519.0000 38.1126
520.0000 38.1125
521.0000 38.1124
522.0000 38.1123
523.0000 38.1122
524.0000 38.1122
525.0000 38.1121
526.0000 38.1120
527.0000 38.1119
528.0000 38.1118
529.0000 38.1118
530.0000 38.1117
531.0000 38.1116
532.0000 38.1115
533.0000 38.1115
534.0000 38.1114
535.0000 38.1113
536.0000 38.1113
537.0000 38.1112
538.0000 38.1111
539.0000 38.1111
540.0000 38.1110
541.0000 38.1109
542.0000 38.1109
543.0000 38.1108
544.0000 38.1107
545.0000 38.1107
546.0000 38.1106
547.0000 38.1105
548.0000 38.1105
549.0000 38.1104
550.0000 38.1104
551.0000 38.1103
552.0000 38.1102
553.0000 38.1102
554.0000 38.1101
555.0000 38.1101
556.0000 38.1100
557.0000 38.1100
558.0000 38.1099
559.0000 38.1099
560.0000 38.1098
561.0000 38.1098
562.0000 38.1097
563.0000 38.1097
564.0000 38.1096
565.0000 38.1096
566.0000 38.1095
567.0000 38.1095
568.0000 38.1094
569.0000 38.1094
570.0000 38.1094
571.0000 38.1093
572.0000 38.1093
573.0000 38.1092
574.0000 38.1092
575.0000 38.1092
576.0000 38.1091
577.0000 38.1091
578.0000 38.1090
579.0000 38.1090
580.0000 38.1090
581.0000 38.1089
582.0000 38.1089
583.0000 38.1089
584.0000 38.1088
585.0000 38.1088
586.0000 38.1088
587.0000 38.1087
588.0000 38.1087
589.0000 38.1087
590.0000 38.1086
591.0000 38.1086
592.0000 38.1086
593.0000 38.1085
594.0000 38.1085
595.0000 38.1085
596.0000 38.1084
597.0000 38.1084
598.0000 38.1084
599.0000 38.1084
600.0000 38.1083
