1.0000 36.0000
2.0000 36.0000
3.0000 36.0000
4.0000 36.0000
5.0000 36.0000
6.0000 36.0000
7.0000 36.0000
8.0000 36.0000
9.0000 36.0000
10.0000 36.0000
11.0000 36.0000
12.0000 36.0000
13.0000 36.0000
14.0000 36.0000
15.0000 36.0000
16.0000 36.0000
17.0000 36.0000
18.0000 36.0000
19.0000 36.0000
20.0000 36.0140
21.0000 36.0278
22.0000 36.0415
23.0000 36.0550
24.0000 36.0682
25.0000 36.0812
26.0000 36.0939
27.0000 36.1065
28.0000 36.1190
29.0000 36.1314
30.0000 92.2837
31.0000 43.5759
32.0000 43.8681
33.0000 43.4922
34.0000 43.0696
35.0000 43.1997
36.0000 43.3266
37.0000 43.4583
38.0000 43.5887
39.0000 43.7116
40.0000 43.8273
41.0000 43.9357
42.0000 44.0370
43.0000 44.1316
44.0000 44.2196
45.0000 44.3012
46.0000 44.3767
47.0000 44.4462
48.0000 44.5099
49.0000 44.5679
50.0000 44.6204
51.0000 44.6675
52.0000 44.7093
53.0000 44.7461
54.0000 44.7778
55.0000 44.8047
56.0000 44.8268
57.0000 44.8443
58.0000 44.8573
59.0000 44.8658
60.0000 44.8700
61.0000 44.8701
62.0000 44.8660
63.0000 44.8580
64.0000 44.8461
65.0000 44.8305
66.0000 44.8112
67.0000 44.7884
68.0000 44.7622
69.0000 44.7326
70.0000 44.6998
71.0000 44.6639
72.0000 44.6251
73.0000 44.5833
74.0000 44.5387
75.0000 44.4915
76.0000 44.4417
77.0000 44.3894
78.0000 44.3348
79.0000 44.2779
80.0000 44.2189
81.0000 44.1578
82.0000 44.0947
83.0000 44.0298
84.0000 43.9632
85.0000 43.8949
86.0000 43.8250
87.0000 43.7537
88.0000 43.6810
89.0000 43.6071
90.0000 43.5320
91.0000 43.4558
92.0000 43.3787
93.0000 43.3006
94.0000 43.2217
95.0000 43.1421
96.0000 43.0619
97.0000 42.9810
98.0000 42.8998
99.0000 42.8181
100.0000 42.7361
101.0000 42.6539
102.0000 42.5715
103.0000 42.4890
104.0000 42.4065
105.0000 42.3241
106.0000 42.2418
107.0000 42.1596
108.0000 42.0777
109.0000 41.9962
110.0000 41.9150
111.0000 41.8343
112.0000 41.7540
113.0000 41.6743
114.0000 41.5952
115.0000 41.5168
116.0000 41.4391
117.0000 41.3621
118.0000 41.2859
119.0000 41.2106
120.0000 41.1362
121.0000 41.0627
122.0000 40.9902
123.0000 40.9187
124.0000 40.8482
125.0000 40.7788
126.0000 40.7106
127.0000 40.6435
128.0000 40.5775
129.0000 40.5128
130.0000 40.4493
131.0000 40.3870
132.0000 40.3260
133.0000 40.2663
134.0000 40.2080
135.0000 40.1509
136.0000 40.0952
137.0000 40.0409
138.0000 39.9879
139.0000 39.9364
140.0000 39.8862
141.0000 39.8374
142.0000 39.7901
143.0000 39.7441
144.0000 39.6996
145.0000 39.6565
146.0000 39.6149
147.0000 39.5747
148.0000 39.5359
149.0000 39.4985
150.0000 39.4625
151.0000 39.4280
152.0000 39.3949
153.0000 39.3632
154.0000 39.3329
155.0000 39.3040
156.0000 39.2765
157.0000 39.2503
158.0000 39.2255
159.0000 39.2021
160.0000 39.1800
161.0000 39.1592
162.0000 39.1398
163.0000 39.1216
164.0000 39.1047
165.0000 39.0891
166.0000 39.0747
167.0000 39.0616
168.0000 39.0496
169.0000 39.0389
170.0000 39.0293
171.0000 39.0208
172.0000 39.0135
173.0000 39.0073
174.0000 39.0022
175.0000 38.9982
176.0000 38.9952
177.0000 38.9932
178.0000 38.9922
179.0000 38.9922
180.0000 38.9931
181.0000 38.9949
182.0000 38.9977
183.0000 39.0013
184.0000 39.0058
185.0000 39.0111
186.0000 39.0173
187.0000 39.0242
188.0000 39.0318
189.0000 39.0402
190.0000 39.0493
191.0000 39.0591
192.0000 39.0695
193.0000 39.0805
194.0000 39.0922
195.0000 39.1044
196.0000 39.1172
197.0000 39.1306
198.0000 39.1444
199.0000 39.1588
200.0000 39.1735
201.0000 39.1888
202.0000 39.2044
203.0000 39.2204
204.0000 39.2368
205.0000 39.2536
206.0000 39.2706
207.0000 39.2880
208.0000 39.3057
209.0000 39.3236
210.0000 39.3417
211.0000 39.3600
212.0000 39.3786
213.0000 39.3973
214.0000 39.4162
215.0000 39.4352
216.0000 39.4543
217.0000 39.4735
218.0000 39.4928
219.0000 39.5121
220.0000 39.5315
221.0000 39.5509
222.0000 39.5703
223.0000 39.5897
224.0000 39.6091
225.0000 39.6284
226.0000 39.6477
227.0000 39.6669
228.0000 39.6860
229.0000 39.7050
230.0000 39.7239
231.0000 39.7427
232.0000 39.7613
233.0000 39.7798
234.0000 39.7981
235.0000 39.8162
236.0000 39.8342
237.0000 39.8519
238.0000 39.8694
239.0000 39.8868
240.0000 39.9038
241.0000 39.9207
242.0000 39.9373
243.0000 39.9537
244.0000 39.9697
245.0000 39.9856
246.0000 40.0011
247.0000 40.0164
248.0000 40.0314
249.0000 40.0460
250.0000 40.0604
251.0000 40.0745
252.0000 40.0883
253.0000 40.1017
254.0000 40.1149
255.0000 40.1277
256.0000 40.1402
257.0000 40.1524
258.0000 40.1642
259.0000 40.1757
260.0000 40.1869
261.0000 40.1977
262.0000 40.2082
263.0000 40.2184
264.0000 40.2283
265.0000 40.2378
266.0000 40.2469
267.0000 40.2558
268.0000 40.2643
269.0000 40.2724
270.0000 40.2802
271.0000 40.2877
272.0000 40.2949
273.0000 40.3017
274.0000 40.3083
275.0000 40.3144
276.0000 40.3203
277.0000 40.3259
278.0000 40.3311
279.0000 40.3360
280.0000 40.3406
281.0000 40.3449
282.0000 40.3489
283.0000 40.3527
284.0000 40.3561
285.0000 40.3592
286.0000 40.3620
287.0000 40.3646
288.0000 40.3669
289.0000 40.3689
290.0000 40.3706
291.0000 40.3721
292.0000 40.3734
293.0000 40.3743
294.0000 40.3751
295.0000 40.3756
296.0000 40.3758
297.0000 40.3759
298.0000 40.3757
299.0000 40.3753
300.0000 40.3746
301.0000 40.3738
302.0000 40.3728
303.0000 40.3715
304.0000 40.3701
305.0000 40.3685
306.0000 40.3667
307.0000 40.3648
308.0000 40.3627
309.0000 40.3604
310.0000 40.3579
311.0000 40.3554
312.0000 40.3526
313.0000 40.3498
314.0000 40.3468
315.0000 40.3436
316.0000 40.3404
317.0000 40.3370
318.0000 40.3336
319.0000 40.3300
320.0000 40.3263
321.0000 40.3226
322.0000 40.3187
323.0000 40.3148
324.0000 40.3108
325.0000 40.3067
326.0000 40.3025
327.0000 40.2983
328.0000 40.2941
329.0000 40.2898
330.0000 8.2054
331.0000 36.0410
332.0000 35.8766
333.0000 36.0939
334.0000 36.3378
335.0000 36.2658
336.0000 36.1957
337.0000 36.1228
338.0000 36.0506
339.0000 35.9826
340.0000 35.9188
341.0000 35.8591
342.0000 35.8034
343.0000 35.7516
344.0000 35.7035
345.0000 35.6591
346.0000 35.6181
347.0000 35.5806
348.0000 35.5463
349.0000 35.5153
350.0000 35.4874
351.0000 35.4626
352.0000 35.4407
353.0000 35.4218
354.0000 35.4056
355.0000 35.3923
356.0000 35.3816
357.0000 35.3736
358.0000 35.3682
359.0000 35.3652
360.0000 35.3647
361.0000 35.3665
362.0000 35.3706
363.0000 35.3770
364.0000 35.3856
365.0000 35.3963
366.0000 35.4090
367.0000 35.4237
368.0000 35.4404
369.0000 35.4589
370.0000 35.4792
371.0000 35.5013
372.0000 35.5250
373.0000 35.5504
374.0000 35.5773
375.0000 35.6057
376.0000 35.6355
377.0000 35.6667
378.0000 35.6993
379.0000 35.7330
380.0000 35.7680
381.0000 35.8041
382.0000 35.8413
383.0000 35.8795
384.0000 35.9187
385.0000 35.9588
386.0000 35.9997
387.0000 36.0414
388.0000 36.0839
389.0000 36.1270
390.0000 36.1708
391.0000 36.2152
392.0000 36.2601
393.0000 36.3055
394.0000 36.3513
395.0000 36.3974
396.0000 36.4439
397.0000 36.4907
398.0000 36.5377
399.0000 36.5850
400.0000 36.6323
401.0000 36.6798
402.0000 36.7273
403.0000 36.7749
404.0000 36.8224
405.0000 36.8698
406.0000 36.9172
407.0000 36.9644
408.0000 37.0115
409.0000 37.0583
410.0000 37.1049
411.0000 37.1512
412.0000 37.1972
413.0000 37.2429
414.0000 37.2881
415.0000 37.3330
416.0000 37.3775
417.0000 37.4215
418.0000 37.4650
419.0000 37.5080
420.0000 37.5504
421.0000 37.5923
422.0000 37.6337
423.0000 37.6744
424.0000 37.7145
425.0000 37.7540
426.0000 37.7928
427.0000 37.8309
428.0000 37.8684
429.0000 37.9051
430.0000 37.9411
431.0000 37.9764
432.0000 38.0110
433.0000 38.0448
434.0000 38.0778
435.0000 38.1101
436.0000 38.1415
437.0000 38.1722
438.0000 38.2021
439.0000 38.2312
440.0000 38.2595
441.0000 38.2869
442.0000 38.3136
443.0000 38.3394
444.0000 38.3644
445.0000 38.3885
446.0000 38.4119
447.0000 38.4344
448.0000 38.4561
449.0000 38.4770
450.0000 38.4971
451.0000 38.5163
452.0000 38.5347
453.0000 38.5524
454.0000 38.5692
455.0000 38.5852
456.0000 38.6004
457.0000 38.6149
458.0000 38.6285
459.0000 38.6414
460.0000 38.6536
461.0000 38.6649
462.0000 38.6756
463.0000 38.6854
464.0000 38.6946
465.0000 38.7030
466.0000 38.7107
467.0000 38.7178
468.0000 38.7241
469.0000 38.7298
470.0000 38.7348
471.0000 38.7391
472.0000 38.7428
473.0000 38.7459
474.0000 38.7483
475.0000 38.7502
476.0000 38.7514
477.0000 38.7521
478.0000 38.7523
479.0000 38.7518
480.0000 38.7509
481.0000 38.7494
482.0000 38.7474
483.0000 38.7449
484.0000 38.7419
485.0000 38.7385
486.0000 38.7346
487.0000 38.7303
488.0000 38.7255
489.0000 38.7204
490.0000 38.7148
491.0000 38.7089
492.0000 38.7026
493.0000 38.6959
494.0000 38.6890
495.0000 38.6816
496.0000 38.6740
497.0000 38.6661
498.0000 38.6579
499.0000 38.6494
500.0000 38.6407
501.0000 38.6317
502.0000 38.6225
503.0000 38.6131
504.0000 38.6035
505.0000 38.5937
506.0000 38.5837
507.0000 38.5736
508.0000 38.5633
509.0000 38.5529
510.0000 38.5423
511.0000 38.5317
512.0000 38.5209
513.0000 38.5101
514.0000 38.4991
515.0000 38.4881
516.0000 38.4771
517.0000 38.4660
518.0000 38.4548
519.0000 38.4436
520.0000 38.4325
521.0000 38.4213
522.0000 38.4101
523.0000 38.3989
524.0000 38.3878
525.0000 38.3767
526.0000 38.3656
527.0000 38.3546
528.0000 38.3436
529.0000 38.3327
530.0000 38.3219
531.0000 38.3111
532.0000 38.3004
533.0000 38.2899
534.0000 38.2794
535.0000 38.2690
536.0000 38.2588
537.0000 38.2487
538.0000 38.2387
539.0000 38.2288
540.0000 38.2190
541.0000 38.2094
542.0000 38.2000
543.0000 38.1907
544.0000 38.1815
545.0000 38.1725
546.0000 38.1637
547.0000 38.1550
548.0000 38.1465
549.0000 38.1382
550.0000 38.1301
551.0000 38.1221
552.0000 38.1143
553.0000 38.1067
554.0000 38.0993
555.0000 38.0920
556.0000 38.0850
557.0000 38.0781
558.0000 38.0714
559.0000 38.0650
560.0000 38.0587
561.0000 38.0526
562.0000 38.0467
563.0000 38.0410
564.0000 38.0354
565.0000 38.0301
566.0000 38.0250
567.0000 38.0201
568.0000 38.0153
569.0000 38.0108
570.0000 38.0064
571.0000 38.0022
572.0000 37.9983
573.0000 37.9945
574.0000 37.9909
575.0000 37.9875
576.0000 37.9842
577.0000 37.9812
578.0000 37.9783
579.0000 37.9756
580.0000 37.9731
581.0000 37.9707
582.0000 37.9686
583.0000 37.9666
584.0000 37.9647
585.0000 37.9631
586.0000 37.9615
587.0000 37.9602
588.0000 37.9590
589.0000 37.9580
590.0000 37.9571
591.0000 37.9563
592.0000 37.9557
593.0000 37.9553
594.0000 37.9550
595.0000 37.9548
596.0000 37.9548
597.0000 37.9548
598.0000 37.9551
599.0000 37.9554
600.0000 37.9559
