1.0000 36.0000
2.0000 36.0000
3.0000 36.0000
4.0000 36.0000
5.0000 36.0000
6.0000 36.0000
7.0000 36.0000
8.0000 36.0000
9.0000 36.0000
10.0000 36.0000
11.0000 36.0000
12.0000 36.0000
13.0000 36.0000
14.0000 36.0000
15.0000 36.0000
16.0000 36.0000
17.0000 36.0000
18.0000 36.0000
19.0000 36.0000
20.0000 36.0017
21.0000 36.0050
22.0000 36.0095
23.0000 36.0151
24.0000 36.0216
25.0000 36.0288
26.0000 36.0367
27.0000 36.0451
28.0000 36.0539
29.0000 36.0630
30.0000 43.0724
31.0000 43.0819
32.0000 43.0915
33.0000 43.0907
34.0000 43.0712
35.0000 43.0356
36.0000 42.9863
37.0000 42.9253
38.0000 42.8545
39.0000 42.7755
40.0000 42.6897
41.0000 42.5985
42.0000 42.5029
43.0000 42.4040
44.0000 42.3026
45.0000 42.1995
46.0000 42.0954
47.0000 41.9909
48.0000 41.8864
49.0000 41.7825
50.0000 41.6794
51.0000 41.5776
52.0000 41.4772
53.0000 41.3786
54.0000 41.2820
55.0000 41.1873
56.0000 41.0949
57.0000 41.0048
58.0000 40.9171
59.0000 40.8318
60.0000 40.7490
61.0000 40.6687
62.0000 40.5909
63.0000 40.5156
64.0000 40.4429
65.0000 40.3725
66.0000 40.3047
67.0000 40.2392
68.0000 40.1761
69.0000 40.1153
70.0000 40.0568
71.0000 40.0004
72.0000 39.9463
73.0000 39.8942
74.0000 39.8442
75.0000 39.7962
76.0000 39.7501
77.0000 39.7058
78.0000 39.6633
79.0000 39.6226
80.0000 39.5836
81.0000 39.5462
82.0000 39.5103
83.0000 39.4760
84.0000 39.4431
85.0000 39.4116
86.0000 39.3815
87.0000 39.3527
88.0000 39.3251
89.0000 39.2987
90.0000 39.2734
91.0000 39.2493
92.0000 39.2262
93.0000 39.2041
94.0000 39.1830
95.0000 39.1628
96.0000 39.1435
97.0000 39.1251
98.0000 39.1075
99.0000 39.0907
100.0000 39.0746
101.0000 39.0593
102.0000 39.0446
103.0000 39.0306
104.0000 39.0172
105.0000 39.0045
106.0000 38.9923
107.0000 38.9807
108.0000 38.9695
109.0000 38.9589
110.0000 38.9488
111.0000 38.9392
112.0000 38.9299
113.0000 38.9211
114.0000 38.9127
115.0000 38.9047
116.0000 38.8971
117.0000 38.8898
118.0000 38.8828
119.0000 38.8762
120.0000 38.8698
121.0000 38.8638
122.0000 38.8580
123.0000 38.8525
124.0000 38.8472
125.0000 38.8422
126.0000 38.8374
127.0000 38.8329
128.0000 38.8285
129.0000 38.8244
130.0000 38.8204
131.0000 38.8167
132.0000 38.8131
133.0000 38.8096
134.0000 38.8063
135.0000 38.8032
136.0000 38.8002
137.0000 38.7974
138.0000 38.7947
139.0000 38.7921
140.0000 38.7896
141.0000 38.7873
142.0000 38.7850
143.0000 38.7829
144.0000 38.7809
145.0000 38.7789
146.0000 38.7771
147.0000 38.7753
148.0000 38.7736
149.0000 38.7720
150.0000 38.7705
151.0000 38.7690
152.0000 38.7676
153.0000 38.7663
154.0000 38.7650
155.0000 38.7638
156.0000 38.7626
157.0000 38.7615
158.0000 38.7605
159.0000 38.7595
160.0000 38.7585
161.0000 38.7576
162.0000 38.7568
163.0000 38.7559
164.0000 38.7551
165.0000 38.7544
166.0000 38.7537
167.0000 38.7530
168.0000 38.7523
169.0000 38.7517
170.0000 38.7511
171.0000 38.7506
172.0000 38.7500
173.0000 38.7495
174.0000 38.7490
175.0000 38.7485
176.0000 38.7481
177.0000 38.7477
178.0000 38.7473
179.0000 38.7469
180.0000 38.7465
181.0000 38.7462
182.0000 38.7458
183.0000 38.7455
184.0000 38.7452
185.0000 38.7449
186.0000 38.7446
187.0000 38.7444
188.0000 38.7441
189.0000 38.7439
190.0000 38.7437
191.0000 38.7434
192.0000 38.7432
193.0000 38.7430
194.0000 38.7428
195.0000 38.7427
196.0000 38.7425
197.0000 38.7423
198.0000 38.7422
199.0000 38.7420
200.0000 38.7419
201.0000 38.7417
202.0000 38.7416
203.0000 38.7415
204.0000 38.7414
205.0000 38.7413
206.0000 38.7412
207.0000 38.7410
208.0000 38.7410
209.0000 38.7409
210.0000 38.7408
211.0000 38.7407
212.0000 38.7406
213.0000 38.7405
214.0000 38.7405
215.0000 38.7404
216.0000 38.7403
217.0000 38.7403
218.0000 38.7402
219.0000 38.7401
220.0000 38.7401
221.0000 38.7400
222.0000 38.7400
223.0000 38.7399
224.0000 38.7399
225.0000 38.7398
226.0000 38.7398
227.0000 38.7398
228.0000 38.7397
229.0000 38.7397
230.0000 38.7397
231.0000 38.7396
232.0000 38.7396
233.0000 38.7396
234.0000 38.7395
235.0000 38.7395
236.0000 38.7395
237.0000 38.7395
238.0000 38.7394
239.0000 38.7394
240.0000 38.7394
241.0000 38.7394
242.0000 38.7394
243.0000 38.7393
244.0000 38.7393
245.0000 38.7393
246.0000 38.7393
247.0000 38.7393
248.0000 38.7393
249.0000 38.7392
250.0000 38.7392
251.0000 38.7392
252.0000 38.7392
253.0000 38.7392
254.0000 38.7392
255.0000 38.7392
256.0000 38.7392
257.0000 38.7392
258.0000 38.7391
259.0000 38.7391
260.0000 38.7391
261.0000 38.7391
262.0000 38.7391
263.0000 38.7391
264.0000 38.7391
265.0000 38.7391
266.0000 38.7391
267.0000 38.7391
268.0000 38.7391
269.0000 38.7391
270.0000 38.7391
271.0000 38.7391
272.0000 38.7391
273.0000 38.7391
274.0000 38.7390
275.0000 38.7390
276.0000 38.7390
277.0000 38.7390
278.0000 38.7390
279.0000 38.7390
280.0000 38.7390
281.0000 38.7390
282.0000 38.7390
283.0000 38.7390
284.0000 38.7390
285.0000 38.7390
286.0000 38.7390
287.0000 38.7390
288.0000 38.7390
289.0000 38.7390
290.0000 38.7390
291.0000 38.7390
292.0000 38.7390
293.0000 38.7390
294.0000 38.7390
295.0000 38.7390
296.0000 38.7390
297.0000 38.7390
298.0000 38.7390
299.0000 38.7390
300.0000 38.7390
301.0000 38.7390
302.0000 38.7390
303.0000 38.7390
304.0000 38.7390
305.0000 38.7390
306.0000 38.7390
307.0000 38.7390
308.0000 38.7390
309.0000 38.7390
310.0000 38.7390
311.0000 38.7390
312.0000 38.7390
313.0000 38.7390
314.0000 38.7390
315.0000 38.7390
316.0000 38.7390
317.0000 38.7390
318.0000 38.7390
319.0000 38.7390
320.0000 38.7390
321.0000 38.7390
322.0000 38.7390
323.0000 38.7390
324.0000 38.7390
325.0000 38.7390
326.0000 38.7390
327.0000 38.7390
328.0000 38.7390
329.0000 38.7390
330.0000 34.7390
331.0000 34.7390
332.0000 34.7390
333.0000 34.7449
334.0000 34.7616
335.0000 34.7874
336.0000 34.8210
337.0000 34.8612
338.0000 34.9070
339.0000 34.9573
340.0000 35.0114
341.0000 35.0685
342.0000 35.1280
343.0000 35.1893
344.0000 35.2519
345.0000 35.3153
346.0000 35.3791
347.0000 35.4431
348.0000 35.5069
349.0000 35.5703
350.0000 35.6330
351.0000 35.6949
352.0000 35.7558
353.0000 35.8156
354.0000 35.8742
355.0000 35.9314
356.0000 35.9873
357.0000 36.0418
358.0000 36.0948
359.0000 36.1463
360.0000 36.1962
361.0000 36.2446
362.0000 36.2915
363.0000 36.3369
364.0000 36.3807
365.0000 36.4230
366.0000 36.4639
367.0000 36.5033
368.0000 36.5412
369.0000 36.5778
370.0000 36.6130
371.0000 36.6468
372.0000 36.6793
373.0000 36.7106
374.0000 36.7406
375.0000 36.7695
376.0000 36.7972
377.0000 36.8237
378.0000 36.8492
379.0000 36.8736
380.0000 36.8971
381.0000 36.9195
382.0000 36.9410
383.0000 36.9616
384.0000 36.9813
385.0000 37.0002
386.0000 37.0183
387.0000 37.0355
388.0000 37.0521
389.0000 37.0679
390.0000 37.0830
391.0000 37.0975
392.0000 37.1114
393.0000 37.1246
394.0000 37.1372
395.0000 37.1493
396.0000 37.1609
397.0000 37.1719
398.0000 37.1825
399.0000 37.1925
400.0000 37.2022
401.0000 37.2114
402.0000 37.2201
403.0000 37.2285
404.0000 37.2365
405.0000 37.2442
406.0000 37.2515
407.0000 37.2584
408.0000 37.2651
409.0000 37.2714
410.0000 37.2775
411.0000 37.2833
412.0000 37.2888
413.0000 37.2941
414.0000 37.2991
415.0000 37.3039
416.0000 37.3085
417.0000 37.3129
418.0000 37.3170
419.0000 37.3210
420.0000 37.3248
421.0000 37.3284
422.0000 37.3319
423.0000 37.3352
424.0000 37.3383
425.0000 37.3413
426.0000 37.3442
427.0000 37.3469
428.0000 37.3495
429.0000 37.3520
430.0000 37.3544
431.0000 37.3566
432.0000 37.3588
433.0000 37.3608
434.0000 37.3628
435.0000 37.3647
436.0000 37.3665
437.0000 37.3682
438.0000 37.3698
439.0000 37.3713
440.0000 37.3728
441.0000 37.3742
442.0000 37.3756
443.0000 37.3768
444.0000 37.3781
445.0000 37.3792
446.0000 37.3803
447.0000 37.3814
448.0000 37.3824
449.0000 37.3834
450.0000 37.3843
451.0000 37.3852
452.0000 37.3860
453.0000 37.3868
454.0000 37.3876
455.0000 37.3883
456.0000 37.3890
457.0000 37.3896
458.0000 37.3903
459.0000 37.3909
460.0000 37.3914
461.0000 37.3920
462.0000 37.3925
463.0000 37.3930
464.0000 37.3935
465.0000 37.3939
466.0000 37.3943
467.0000 37.3947
468.0000 37.3951
469.0000 37.3955
470.0000 37.3959
471.0000 37.3962
472.0000 37.3965
473.0000 37.3968
474.0000 37.3971
475.0000 37.3974
476.0000 37.3977
477.0000 37.3979
478.0000 37.3982
479.0000 37.3984
480.0000 37.3986
481.0000 37.3988
482.0000 37.3990
483.0000 37.3992
484.0000 37.3994
485.0000 37.3996
486.0000 37.3997
487.0000 37.3999
488.0000 37.4000
489.0000 37.4002
490.0000 37.4003
491.0000 37.4005
492.0000 37.4006
493.0000 37.4007
494.0000 37.4008
495.0000 37.4009
496.0000 37.4010
497.0000 37.4011
498.0000 37.4012
499.0000 37.4013
500.0000 37.4014
501.0000 37.4015
502.0000 37.4016
503.0000 37.4016
504.0000 37.4017
505.0000 37.4018
506.0000 37.4018
507.0000 37.4019
508.0000 37.4019
509.0000 37.4020
510.0000 37.4021
511.0000 37.4021
512.0000 37.4022
513.0000 37.4022
514.0000 37.4022
515.0000 37.4023
516.0000 37.4023
517.0000 37.4024
518.0000 37.4024
519.0000 37.4024
520.0000 37.4025
521.0000 37.4025
522.0000 37.4025
523.0000 37.4026
524.0000 37.4026
525.0000 37.4026
526.0000 37.4026
527.0000 37.4027
528.0000 37.4027
529.0000 37.4027
530.0000 37.4027
531.0000 37.4027
532.0000 37.4028
533.0000 37.4028
534.0000 37.4028
535.0000 37.4028
536.0000 37.4028
537.0000 37.4028
538.0000 37.4028
539.0000 37.4029
540.0000 37.4029
541.0000 37.4029
542.0000 37.4029
543.0000 37.4029
544.0000 37.4029
545.0000 37.4029
546.0000 37.4029
547.0000 37.4029
548.0000 37.4030
549.0000 37.4030
550.0000 37.4030
551.0000 37.4030
552.0000 37.4030
553.0000 37.4030
554.0000 37.4030
555.0000 37.4030
556.0000 37.4030
557.0000 37.4030
558.0000 37.4030
559.0000 37.4030
560.0000 37.4030
561.0000 37.4030
562.0000 37.4030
563.0000 37.4030
564.0000 37.4031
565.0000 37.4031
566.0000 37.4031
567.0000 37.4031
568.0000 37.4031
569.0000 37.4031
570.0000 37.4031
571.0000 37.4031
572.0000 37.4031
573.0000 37.4031
574.0000 37.4031
575.0000 37.4031
576.0000 37.4031
577.0000 37.4031
578.0000 37.4031
579.0000 37.4031
580.0000 37.4031
581.0000 37.4031
582.0000 37.4031
583.0000 37.4031
584.0000 37.4031
585.0000 37.4031
586.0000 37.4031
587.0000 37.4031
588.0000 37.4031
589.0000 37.4031
590.0000 37.4031
591.0000 37.4031
592.0000 37.4031
593.0000 37.4031
594.0000 37.4031
595.0000 37.4031
596.0000 37.4031
597.0000 37.4031
598.0000 37.4031
599.0000 37.4031
600.0000 37.4031
