1.0000 36.0000
2.0000 36.0000
3.0000 36.0000
4.0000 36.0000
5.0000 36.0000
6.0000 36.0000
7.0000 36.0000
8.0000 36.0000
9.0000 36.0000
10.0000 36.0000
11.0000 36.0000
12.0000 36.0000
13.0000 36.0000
14.0000 36.0000
15.0000 36.0000
16.0000 36.0000
17.0000 36.0000
18.0000 36.0000
19.0000 36.0000
20.0000 36.0026
21.0000 36.0075
22.0000 36.0142
23.0000 36.0226
24.0000 36.0324
25.0000 36.0432
26.0000 36.0550
27.0000 36.0675
28.0000 36.0806
29.0000 36.0941
30.0000 46.6079
31.0000 46.6218
32.0000 46.6358
33.0000 46.6264
34.0000 46.5747
35.0000 46.4868
36.0000 46.3680
37.0000 46.2229
38.0000 46.0559
39.0000 45.8708
40.0000 45.6711
41.0000 45.4597
42.0000 45.2395
43.0000 45.0128
44.0000 44.7818
45.0000 44.5483
46.0000 44.3142
47.0000 44.0807
48.0000 43.8491
49.0000 43.6205
50.0000 43.3959
51.0000 43.1759
52.0000 42.9613
53.0000 42.7526
54.0000 42.5501
55.0000 42.3543
56.0000 42.1654
57.0000 41.9835
58.0000 41.8089
59.0000 41.6415
60.0000 41.4813
61.0000 41.3284
62.0000 41.1826
63.0000 41.0438
64.0000 40.9120
65.0000 40.7870
66.0000 40.6686
67.0000 40.5565
68.0000 40.4508
69.0000 40.3510
70.0000 40.2570
71.0000 40.1686
72.0000 40.0855
73.0000 40.0076
74.0000 39.9345
75.0000 39.8662
76.0000 39.8023
77.0000 39.7426
78.0000 39.6870
79.0000 39.6352
80.0000 39.5870
81.0000 39.5422
82.0000 39.5007
83.0000 39.4621
84.0000 39.4265
85.0000 39.3936
86.0000 39.3631
87.0000 39.3351
88.0000 39.3093
89.0000 39.2855
90.0000 39.2637
91.0000 39.2437
92.0000 39.2254
93.0000 39.2087
94.0000 39.1935
95.0000 39.1796
96.0000 39.1669
97.0000 39.1555
98.0000 39.1451
99.0000 39.1357
100.0000 39.1272
101.0000 39.1196
102.0000 39.1128
103.0000 39.1066
104.0000 39.1012
105.0000 39.0963
106.0000 39.0920
107.0000 39.0883
108.0000 39.0849
109.0000 39.0820
110.0000 39.0795
111.0000 39.0773
112.0000 39.0754
113.0000 39.0738
114.0000 39.0725
115.0000 39.0714
116.0000 39.0705
117.0000 39.0698
118.0000 39.0693
119.0000 39.0688
120.0000 39.0686
121.0000 39.0684
122.0000 39.0683
123.0000 39.0684
124.0000 39.0685
125.0000 39.0686
126.0000 39.0688
127.0000 39.0691
128.0000 39.0694
129.0000 39.0698
130.0000 39.0701
131.0000 39.0705
132.0000 39.0709
133.0000 39.0713
134.0000 39.0717
135.0000 39.0722
136.0000 39.0726
137.0000 39.0730
138.0000 39.0734
139.0000 39.0738
140.0000 39.0743
141.0000 39.0747
142.0000 39.0750
143.0000 39.0754
144.0000 39.0758
145.0000 39.0761
146.0000 39.0765
147.0000 39.0768
148.0000 39.0771
149.0000 39.0774
150.0000 39.0777
151.0000 39.0780
152.0000 39.0783
153.0000 39.0785
154.0000 39.0787
155.0000 39.0790
156.0000 39.0792
157.0000 39.0794
158.0000 39.0796
159.0000 39.0798
160.0000 39.0799
161.0000 39.0801
162.0000 39.0802
163.0000 39.0804
164.0000 39.0805
165.0000 39.0806
166.0000 39.0808
167.0000 39.0809
168.0000 39.0810
169.0000 39.0811
170.0000 39.0811
171.0000 39.0812
172.0000 39.0813
173.0000 39.0814
174.0000 39.0814
175.0000 39.0815
176.0000 39.0815
177.0000 39.0816
178.0000 39.0816
179.0000 39.0817
180.0000 39.0817
181.0000 39.0818
182.0000 39.0818
183.0000 39.0818
184.0000 39.0819
185.0000 39.0819
186.0000 39.0819
187.0000 39.0819
188.0000 39.0819
189.0000 39.0820
190.0000 39.0820
191.0000 39.0820
192.0000 39.0820
193.0000 39.0820
194.0000 39.0820
195.0000 39.0820
196.0000 39.0820
197.0000 39.0820
198.0000 39.0820
199.0000 39.0821
200.0000 39.0821
201.0000 39.0821
202.0000 39.0821
203.0000 39.0821
204.0000 39.0821
205.0000 39.0821
206.0000 39.0821
207.0000 39.0821
208.0000 39.0821
209.0000 39.0821
210.0000 39.0821
211.0000 39.0821
212.0000 39.0821
213.0000 39.0821
214.0000 39.0821
215.0000 39.0821
216.0000 39.0821
217.0000 39.0821
218.0000 39.0821
219.0000 39.0821
220.0000 39.0821
221.0000 39.0821
222.0000 39.0821
223.0000 39.0821
224.0000 39.0821
225.0000 39.0821
226.0000 39.0821
227.0000 39.0821
228.0000 39.0821
229.0000 39.0821
230.0000 39.0821
231.0000 39.0821
232.0000 39.0821
233.0000 39.0821
234.0000 39.0821
235.0000 39.0821
236.0000 39.0821
237.0000 39.0821
238.0000 39.0821
239.0000 39.0821
240.0000 39.0821
241.0000 39.0821
242.0000 39.0821
243.0000 39.0821
244.0000 39.0821
245.0000 39.0821
246.0000 39.0821
247.0000 39.0821
248.0000 39.0821
249.0000 39.0821
250.0000 39.0821
251.0000 39.0821
252.0000 39.0821
253.0000 39.0821
254.0000 39.0821
255.0000 39.0821
256.0000 39.0821
257.0000 39.0821
258.0000 39.0821
259.0000 39.0821
260.0000 39.0821
261.0000 39.0821
262.0000 39.0821
263.0000 39.0821
264.0000 39.0821
265.0000 39.0821
266.0000 39.0821
267.0000 39.0821
268.0000 39.0821
269.0000 39.0821
270.0000 39.0821
271.0000 39.0821
272.0000 39.0821
273.0000 39.0821
274.0000 39.0821
275.0000 39.0821
276.0000 39.0821
277.0000 39.0821
278.0000 39.0821
279.0000 39.0821
280.0000 39.0821
281.0000 39.0821
282.0000 39.0821
283.0000 39.0821
284.0000 39.0821
285.0000 39.0821
286.0000 39.0821
287.0000 39.0821
288.0000 39.0821
289.0000 39.0821
290.0000 39.0821
291.0000 39.0821
292.0000 39.0821
293.0000 39.0821
294.0000 39.0821
295.0000 39.0821
296.0000 39.0821
297.0000 39.0821
298.0000 39.0821
299.0000 39.0821
300.0000 39.0821
301.0000 39.0821
302.0000 39.0821
303.0000 39.0821
304.0000 39.0821
305.0000 39.0821
306.0000 39.0821
307.0000 39.0821
308.0000 39.0821
309.0000 39.0821
310.0000 39.0821
311.0000 39.0821
312.0000 39.0821
313.0000 39.0821
314.0000 39.0821
315.0000 39.0821
316.0000 39.0821
317.0000 39.0821
318.0000 39.0821
319.0000 39.0821
320.0000 39.0821
321.0000 39.0821
322.0000 39.0821
323.0000 39.0821
324.0000 39.0821
325.0000 39.0821
326.0000 39.0821
327.0000 39.0821
328.0000 39.0821
329.0000 39.0821
330.0000 33.0821
331.0000 33.0821
332.0000 33.0821
333.0000 33.0954
334.0000 33.1329
335.0000 33.1909
336.0000 33.2666
337.0000 33.3570
338.0000 33.4598
339.0000 33.5727
340.0000 33.6939
341.0000 33.8214
342.0000 33.9537
343.0000 34.0895
344.0000 34.2276
345.0000 34.3667
346.0000 34.5060
347.0000 34.6448
348.0000 34.7821
349.0000 34.9175
350.0000 35.0504
351.0000 35.1804
352.0000 35.3072
353.0000 35.4303
354.0000 35.5497
355.0000 35.6650
356.0000 35.7762
357.0000 35.8832
358.0000 35.9859
359.0000 36.0842
360.0000 36.1783
361.0000 36.2680
362.0000 36.3536
363.0000 36.4349
364.0000 36.5122
365.0000 36.5854
366.0000 36.6547
367.0000 36.7203
368.0000 36.7822
369.0000 36.8406
370.0000 36.8955
371.0000 36.9472
372.0000 36.9957
373.0000 37.0412
374.0000 37.0838
375.0000 37.1237
376.0000 37.1610
377.0000 37.1958
378.0000 37.2282
379.0000 37.2584
380.0000 37.2865
381.0000 37.3125
382.0000 37.3367
383.0000 37.3591
384.0000 37.3798
385.0000 37.3990
386.0000 37.4167
387.0000 37.4330
388.0000 37.4480
389.0000 37.4618
390.0000 37.4744
391.0000 37.4860
392.0000 37.4966
393.0000 37.5063
394.0000 37.5151
395.0000 37.5232
396.0000 37.5305
397.0000 37.5371
398.0000 37.5431
399.0000 37.5485
400.0000 37.5534
401.0000 37.5578
402.0000 37.5617
403.0000 37.5653
404.0000 37.5684
405.0000 37.5712
406.0000 37.5736
407.0000 37.5758
408.0000 37.5777
409.0000 37.5794
410.0000 37.5808
411.0000 37.5821
412.0000 37.5831
413.0000 37.5840
414.0000 37.5848
415.0000 37.5854
416.0000 37.5859
417.0000 37.5863
418.0000 37.5866
419.0000 37.5868
420.0000 37.5870
421.0000 37.5870
422.0000 37.5871
423.0000 37.5870
424.0000 37.5870
425.0000 37.5868
426.0000 37.5867
427.0000 37.5865
428.0000 37.5864
429.0000 37.5861
430.0000 37.5859
431.0000 37.5857
432.0000 37.5855
433.0000 37.5852
434.0000 37.5850
435.0000 37.5847
436.0000 37.5845
437.0000 37.5842
438.0000 37.5840
439.0000 37.5837
440.0000 37.5835
441.0000 37.5832
442.0000 37.5830
443.0000 37.5828
444.0000 37.5826
445.0000 37.5824
446.0000 37.5822
447.0000 37.5820
448.0000 37.5818
449.0000 37.5816
450.0000 37.5814
451.0000 37.5813
452.0000 37.5811
453.0000 37.5810
454.0000 37.5808
455.0000 37.5807
456.0000 37.5806
457.0000 37.5804
458.0000 37.5803
459.0000 37.5802
460.0000 37.5801
461.0000 37.5800
462.0000 37.5799
463.0000 37.5799
464.0000 37.5798
465.0000 37.5797
466.0000 37.5796
467.0000 37.5796
468.0000 37.5795
469.0000 37.5795
470.0000 37.5794
471.0000 37.5794
472.0000 37.5793
473.0000 37.5793
474.0000 37.5793
475.0000 37.5792
476.0000 37.5792
477.0000 37.5792
478.0000 37.5791
479.0000 37.5791
480.0000 37.5791
481.0000 37.5791
482.0000 37.5790
483.0000 37.5790
484.0000 37.5790
485.0000 37.5790
486.0000 37.5790
487.0000 37.5790
488.0000 37.5790
489.0000 37.5790
490.0000 37.5789
491.0000 37.5789
492.0000 37.5789
493.0000 37.5789
494.0000 37.5789
495.0000 37.5789
496.0000 37.5789
497.0000 37.5789
498.0000 37.5789
499.0000 37.5789
500.0000 37.5789
501.0000 37.5789
502.0000 37.5789
503.0000 37.5789
504.0000 37.5789
505.0000 37.5789
506.0000 37.5789
507.0000 37.5789
508.0000 37.5789
509.0000 37.5789
510.0000 37.5789
511.0000 37.5789
512.0000 37.5789
513.0000 37.5789
514.0000 37.5789
515.0000 37.5789
516.0000 37.5789
517.0000 37.5789
518.0000 37.5789
519.0000 37.5789
520.0000 37.5789
521.0000 37.5789
522.0000 37.5789
523.0000 37.5789
524.0000 37.5789
525.0000 37.5789
526.0000 37.5789
527.0000 37.5789
528.0000 37.5789
529.0000 37.5789
530.0000 37.5789
531.0000 37.5789
532.0000 37.5789
533.0000 37.5789
534.0000 37.5789
535.0000 37.5789
536.0000 37.5789
537.0000 37.5789
538.0000 37.5789
539.0000 37.5789
540.0000 37.5789
541.0000 37.5789
542.0000 37.5789
543.0000 37.5789
544.0000 37.5789
545.0000 37.5789
546.0000 37.5789
547.0000 37.5789
548.0000 37.5789
549.0000 37.5789
550.0000 37.5789
551.0000 37.5789
552.0000 37.5789
553.0000 37.5789
554.0000 37.5789
555.0000 37.5789
556.0000 37.5789
557.0000 37.5789
558.0000 37.5789
559.0000 37.5789
560.0000 37.5789
561.0000 37.5789
562.0000 37.5789
563.0000 37.5789
564.0000 37.5789
565.0000 37.5789
566.0000 37.5789
567.0000 37.5789
568.0000 37.5789
569.0000 37.5789
570.0000 37.5789
571.0000 37.5789
572.0000 37.5789
573.0000 37.5789
574.0000 37.5789
575.0000 37.5789
576.0000 37.5789
577.0000 37.5789
578.0000 37.5789
579.0000 37.5789
580.0000 37.5789
581.0000 37.5789
582.0000 37.5789
583.0000 37.5789
584.0000 37.5789
585.0000 37.5789
586.0000 37.5789
587.0000 37.5789
588.0000 37.5789
589.0000 37.5789
590.0000 37.5789
591.0000 37.5789
592.0000 37.5789
593.0000 37.5789
594.0000 37.5789
595.0000 37.5789
596.0000 37.5789
597.0000 37.5789
598.0000 37.5789
599.0000 37.5789
600.0000 37.5789
