1.0000 36.0000
2.0000 36.0000
3.0000 36.0000
4.0000 36.0000
5.0000 36.0000
6.0000 36.0000
7.0000 36.0000
8.0000 36.0000
9.0000 36.0000
10.0000 36.0000
11.0000 36.0000
12.0000 36.0000
13.0000 36.0000
14.0000 36.0000
15.0000 36.0000
16.0000 36.0000
17.0000 36.0000
18.0000 36.0000
19.0000 36.0000
20.0000 36.0044
21.0000 36.0124
22.0000 36.0237
23.0000 36.0377
24.0000 36.0539
25.0000 36.0719
26.0000 36.0914
27.0000 36.1120
28.0000 36.1334
29.0000 36.1553
30.0000 53.6775
31.0000 53.6997
32.0000 53.7217
33.0000 53.6785
34.0000 53.5176
35.0000 53.2560
36.0000 52.9085
37.0000 52.4886
38.0000 52.0088
39.0000 51.4807
40.0000 50.9146
41.0000 50.3202
42.0000 49.7058
43.0000 49.0794
44.0000 48.4476
45.0000 47.8166
46.0000 47.1916
47.0000 46.5773
48.0000 45.9775
49.0000 45.3956
50.0000 44.8344
51.0000 44.2961
52.0000 43.7825
53.0000 43.2950
54.0000 42.8344
55.0000 42.4014
56.0000 41.9964
57.0000 41.6192
58.0000 41.2698
59.0000 40.9476
60.0000 40.6522
61.0000 40.3826
62.0000 40.1380
63.0000 39.9175
64.0000 39.7200
65.0000 39.5442
66.0000 39.3891
67.0000 39.2534
68.0000 39.1358
69.0000 39.0352
70.0000 38.9504
71.0000 38.8800
72.0000 38.8230
73.0000 38.7781
74.0000 38.7443
75.0000 38.7205
76.0000 38.7056
77.0000 38.6987
78.0000 38.6988
79.0000 38.7052
80.0000 38.7169
81.0000 38.7332
82.0000 38.7534
83.0000 38.7769
84.0000 38.8030
85.0000 38.8312
86.0000 38.8610
87.0000 38.8920
88.0000 38.9237
89.0000 38.9558
90.0000 38.9879
91.0000 39.0198
92.0000 39.0513
93.0000 39.0821
94.0000 39.1120
95.0000 39.1409
96.0000 39.1687
97.0000 39.1952
98.0000 39.2205
99.0000 39.2443
100.0000 39.2668
101.0000 39.2879
102.0000 39.3075
103.0000 39.3258
104.0000 39.3426
105.0000 39.3581
106.0000 39.3722
107.0000 39.3851
108.0000 39.3967
109.0000 39.4071
110.0000 39.4164
111.0000 39.4247
112.0000 39.4319
113.0000 39.4382
114.0000 39.4436
115.0000 39.4481
116.0000 39.4519
117.0000 39.4551
118.0000 39.4575
119.0000 39.4594
120.0000 39.4608
121.0000 39.4617
122.0000 39.4622
123.0000 39.4623
124.0000 39.4621
125.0000 39.4616
126.0000 39.4608
127.0000 39.4598
128.0000 39.4587
129.0000 39.4574
130.0000 39.4560
131.0000 39.4545
132.0000 39.4530
133.0000 39.4514
134.0000 39.4497
135.0000 39.4481
136.0000 39.4465
137.0000 39.4449
138.0000 39.4433
139.0000 39.4417
140.0000 39.4402
141.0000 39.4388
142.0000 39.4374
143.0000 39.4361
144.0000 39.4349
145.0000 39.4337
146.0000 39.4326
147.0000 39.4316
148.0000 39.4307
149.0000 39.4298
150.0000 39.4290
151.0000 39.4282
152.0000 39.4276
153.0000 39.4269
154.0000 39.4264
155.0000 39.4259
156.0000 39.4255
157.0000 39.4251
158.0000 39.4247
159.0000 39.4245
160.0000 39.4242
161.0000 39.4240
162.0000 39.4238
163.0000 39.4237
164.0000 39.4236
165.0000 39.4235
166.0000 39.4235
167.0000 39.4234
168.0000 39.4234
169.0000 39.4234
170.0000 39.4234
171.0000 39.4235
172.0000 39.4235
173.0000 39.4236
174.0000 39.4236
175.0000 39.4237
176.0000 39.4238
177.0000 39.4239
178.0000 39.4240
179.0000 39.4240
180.0000 39.4241
181.0000 39.4242
182.0000 39.4243
183.0000 39.4244
184.0000 39.4244
185.0000 39.4245
186.0000 39.4246
187.0000 39.4247
188.0000 39.4247
189.0000 39.4248
190.0000 39.4249
191.0000 39.4249
192.0000 39.4250
193.0000 39.4250
194.0000 39.4251
195.0000 39.4251
196.0000 39.4251
197.0000 39.4252
198.0000 39.4252
199.0000 39.4252
200.0000 39.4253
201.0000 39.4253
202.0000 39.4253
203.0000 39.4253
204.0000 39.4253
205.0000 39.4254
206.0000 39.4254
207.0000 39.4254
208.0000 39.4254
209.0000 39.4254
210.0000 39.4254
211.0000 39.4254
212.0000 39.4254
213.0000 39.4254
214.0000 39.4254
215.0000 39.4254
216.0000 39.4254
217.0000 39.4254
218.0000 39.4254
219.0000 39.4254
220.0000 39.4254
221.0000 39.4254
222.0000 39.4254
223.0000 39.4254
224.0000 39.4254
225.0000 39.4254
226.0000 39.4254
227.0000 39.4254
228.0000 39.4254
229.0000 39.4253
230.0000 39.4253
231.0000 39.4253
232.0000 39.4253
233.0000 39.4253
234.0000 39.4253
235.0000 39.4253
236.0000 39.4253
237.0000 39.4253
238.0000 39.4253
239.0000 39.4253
240.0000 39.4253
241.0000 39.4253
242.0000 39.4253
243.0000 39.4253
244.0000 39.4253
245.0000 39.4253
246.0000 39.4253
247.0000 39.4253
248.0000 39.4253
249.0000 39.4253
250.0000 39.4253
251.0000 39.4253
252.0000 39.4253
253.0000 39.4253
254.0000 39.4253
255.0000 39.4253
256.0000 39.4253
257.0000 39.4253
258.0000 39.4253
259.0000 39.4253
260.0000 39.4253
261.0000 39.4253
262.0000 39.4253
263.0000 39.4253
264.0000 39.4253
265.0000 39.4253
266.0000 39.4253
267.0000 39.4253
268.0000 39.4253
269.0000 39.4253
270.0000 39.4253
271.0000 39.4253
272.0000 39.4253
273.0000 39.4253
274.0000 39.4253
275.0000 39.4253
276.0000 39.4253
277.0000 39.4253
278.0000 39.4253
279.0000 39.4253
280.0000 39.4253
281.0000 39.4253
282.0000 39.4253
283.0000 39.4253
284.0000 39.4253
285.0000 39.4253
286.0000 39.4253
287.0000 39.4253
288.0000 39.4253
289.0000 39.4253
290.0000 39.4253
291.0000 39.4253
292.0000 39.4253
293.0000 39.4253
294.0000 39.4253
295.0000 39.4253
296.0000 39.4253
297.0000 39.4253
298.0000 39.4253
299.0000 39.4253
300.0000 39.4253
301.0000 39.4253
302.0000 39.4253
303.0000 39.4253
304.0000 39.4253
305.0000 39.4253
306.0000 39.4253
307.0000 39.4253
308.0000 39.4253
309.0000 39.4253
310.0000 39.4253
311.0000 39.4253
312.0000 39.4253
313.0000 39.4253
314.0000 39.4253
315.0000 39.4253
316.0000 39.4253
317.0000 39.4253
318.0000 39.4253
319.0000 39.4253
320.0000 39.4253
321.0000 39.4253
322.0000 39.4253
323.0000 39.4253
324.0000 39.4253
325.0000 39.4253
326.0000 39.4253
327.0000 39.4253
328.0000 39.4253
329.0000 39.4253
330.0000 29.4253
331.0000 29.4253
332.0000 29.4253
333.0000 29.4624
334.0000 29.5665
335.0000 29.7278
336.0000 29.9378
337.0000 30.1887
338.0000 30.4733
339.0000 30.7851
340.0000 31.1180
341.0000 31.4665
342.0000 31.8259
343.0000 32.1916
344.0000 32.5599
345.0000 32.9271
346.0000 33.2903
347.0000 33.6470
348.0000 33.9948
349.0000 34.3318
350.0000 34.6566
351.0000 34.9679
352.0000 35.2646
353.0000 35.5461
354.0000 35.8118
355.0000 36.0613
356.0000 36.2946
357.0000 36.5116
358.0000 36.7125
359.0000 36.8976
360.0000 37.0671
361.0000 37.2217
362.0000 37.3618
363.0000 37.4880
364.0000 37.6010
365.0000 37.7013
366.0000 37.7898
367.0000 37.8670
368.0000 37.9338
369.0000 37.9908
370.0000 38.0388
371.0000 38.0784
372.0000 38.1105
373.0000 38.1355
374.0000 38.1542
375.0000 38.1671
376.0000 38.1750
377.0000 38.1783
378.0000 38.1776
379.0000 38.1733
380.0000 38.1660
381.0000 38.1561
382.0000 38.1440
383.0000 38.1301
384.0000 38.1146
385.0000 38.0980
386.0000 38.0805
387.0000 38.0624
388.0000 38.0439
389.0000 38.0252
390.0000 38.0064
391.0000 37.9879
392.0000 37.9696
393.0000 37.9518
394.0000 37.9344
395.0000 37.9177
396.0000 37.9016
397.0000 37.8863
398.0000 37.8717
399.0000 37.8579
400.0000 37.8450
401.0000 37.8328
402.0000 37.8215
403.0000 37.8110
404.0000 37.8014
405.0000 37.7925
406.0000 37.7844
407.0000 37.7770
408.0000 37.7703
409.0000 37.7644
410.0000 37.7591
411.0000 37.7544
412.0000 37.7503
413.0000 37.7467
414.0000 37.7436
415.0000 37.7410
416.0000 37.7389
417.0000 37.7371
418.0000 37.7358
419.0000 37.7347
420.0000 37.7339
421.0000 37.7335
422.0000 37.7332
423.0000 37.7332
424.0000 37.7334
425.0000 37.7337
426.0000 37.7341
427.0000 37.7347
428.0000 37.7354
429.0000 37.7362
430.0000 37.7370
431.0000 37.7379
432.0000 37.7388
433.0000 37.7397
434.0000 37.7407
435.0000 37.7416
436.0000 37.7426
437.0000 37.7435
438.0000 37.7444
439.0000 37.7453
440.0000 37.7462
441.0000 37.7470
442.0000 37.7478
443.0000 37.7485
444.0000 37.7493
445.0000 37.7499
446.0000 37.7506
447.0000 37.7512
448.0000 37.7517
449.0000 37.7522
450.0000 37.7527
451.0000 37.7531
452.0000 37.7535
453.0000 37.7538
454.0000 37.7542
455.0000 37.7544
456.0000 37.7547
457.0000 37.7549
458.0000 37.7551
459.0000 37.7553
460.0000 37.7554
461.0000 37.7555
462.0000 37.7556
463.0000 37.7557
464.0000 37.7557
465.0000 37.7558
466.0000 37.7558
467.0000 37.7558
468.0000 37.7558
469.0000 37.7558
470.0000 37.7558
471.0000 37.7558
472.0000 37.7558
473.0000 37.7557
474.0000 37.7557
475.0000 37.7557
476.0000 37.7556
477.0000 37.7556
478.0000 37.7555
479.0000 37.7555
480.0000 37.7554
481.0000 37.7554
482.0000 37.7553
483.0000 37.7553
484.0000 37.7552
485.0000 37.7552
486.0000 37.7551
487.0000 37.7551
488.0000 37.7551
489.0000 37.7550
490.0000 37.7550
491.0000 37.7550
492.0000 37.7549
493.0000 37.7549
494.0000 37.7549
495.0000 37.7549
496.0000 37.7548
497.0000 37.7548
498.0000 37.7548
499.0000 37.7548
500.0000 37.7548
501.0000 37.7547
502.0000 37.7547
503.0000 37.7547
504.0000 37.7547
505.0000 37.7547
506.0000 37.7547
507.0000 37.7547
508.0000 37.7547
509.0000 37.7547
510.0000 37.7547
511.0000 37.7547
512.0000 37.7547
513.0000 37.7547
514.0000 37.7547
515.0000 37.7547
516.0000 37.7547
517.0000 37.7547
518.0000 37.7547
519.0000 37.7547
520.0000 37.7547
521.0000 37.7547
522.0000 37.7547
523.0000 37.7547
524.0000 37.7547
525.0000 37.7547
526.0000 37.7547
527.0000 37.7547
528.0000 37.7547
529.0000 37.7547
530.0000 37.7547
531.0000 37.7547
532.0000 37.7547
533.0000 37.7547
534.0000 37.7547
535.0000 37.7547
536.0000 37.7547
537.0000 37.7547
538.0000 37.7547
539.0000 37.7547
540.0000 37.7547
541.0000 37.7547
542.0000 37.7547
543.0000 37.7547
544.0000 37.7547
545.0000 37.7547
546.0000 37.7547
547.0000 37.7547
548.0000 37.7547
549.0000 37.7547
550.0000 37.7547
551.0000 37.7547
552.0000 37.7547
553.0000 37.7547
554.0000 37.7547
555.0000 37.7547
556.0000 37.7547
557.0000 37.7547
558.0000 37.7547
559.0000 37.7547
560.0000 37.7547
561.0000 37.7547
562.0000 37.7547
563.0000 37.7547
564.0000 37.7547
565.0000 37.7547
566.0000 37.7547
567.0000 37.7547
568.0000 37.7547
569.0000 37.7547
570.0000 37.7547
571.0000 37.7547
572.0000 37.7547
573.0000 37.7547
574.0000 37.7547
575.0000 37.7547
576.0000 37.7547
577.0000 37.7547
578.0000 37.7547
579.0000 37.7547
580.0000 37.7547
581.0000 37.7547
582.0000 37.7547
583.0000 37.7547
584.0000 37.7547
585.0000 37.7547
586.0000 37.7547
587.0000 37.7547
588.0000 37.7547
589.0000 37.7547
590.0000 37.7547
591.0000 37.7547
592.0000 37.7547
593.0000 37.7547
594.0000 37.7547
595.0000 37.7547
596.0000 37.7547
597.0000 37.7547
598.0000 37.7547
599.0000 37.7547
600.0000 37.7547
