1.0000 36.0000
2.0000 36.0000
3.0000 36.0000
4.0000 36.0000
5.0000 36.0000
6.0000 36.0000
7.0000 36.0000
8.0000 36.0000
9.0000 36.0000
10.0000 36.0000
11.0000 36.0000
12.0000 36.0000
13.0000 36.0000
14.0000 36.0000
15.0000 36.0000
16.0000 36.0000
17.0000 36.0000
18.0000 36.0000
19.0000 36.0000
20.0000 36.0175
21.0000 36.0359
22.0000 36.0553
23.0000 36.0752
24.0000 36.0953
25.0000 36.1154
26.0000 36.1353
27.0000 36.1551
28.0000 36.1745
29.0000 36.1936
30.0000 100.0000
31.0000 44.1932
32.0000 44.3860
33.0000 43.6305
34.0000 42.7478
35.0000 42.5967
36.0000 42.4541
37.0000 42.3356
38.0000 42.2335
39.0000 42.1379
40.0000 42.0481
41.0000 41.9636
42.0000 41.8837
43.0000 41.8083
44.0000 41.7370
45.0000 41.6696
46.0000 41.6058
47.0000 41.5454
48.0000 41.4882
49.0000 41.4341
50.0000 41.3827
51.0000 41.3340
52.0000 41.2877
53.0000 41.2438
54.0000 41.2022
55.0000 41.1626
56.0000 41.1249
57.0000 41.0892
58.0000 41.0551
59.0000 41.0227
60.0000 40.9919
61.0000 40.9625
62.0000 40.9344
63.0000 40.9077
64.0000 40.8823
65.0000 40.8580
66.0000 40.8347
67.0000 40.8126
68.0000 40.7914
69.0000 40.7711
70.0000 40.7518
71.0000 40.7332
72.0000 40.7155
73.0000 40.6985
74.0000 40.6822
75.0000 40.6666
76.0000 40.6516
77.0000 40.6372
78.0000 40.6235
79.0000 40.6102
80.0000 40.5975
81.0000 40.5853
82.0000 40.5735
83.0000 40.5622
84.0000 40.5513
85.0000 40.5408
86.0000 40.5307
87.0000 40.5209
88.0000 40.5115
89.0000 40.5025
90.0000 40.4937
91.0000 40.4853
92.0000 40.4771
93.0000 40.4692
94.0000 40.4616
95.0000 40.4542
96.0000 40.4471
97.0000 40.4401
98.0000 40.4334
99.0000 40.4269
100.0000 40.4206
101.0000 40.4145
102.0000 40.4086
103.0000 40.4028
104.0000 40.3973
105.0000 40.3918
106.0000 40.3866
107.0000 40.3814
108.0000 40.3764
109.0000 40.3716
110.0000 40.3669
111.0000 40.3622
112.0000 40.3578
113.0000 40.3534
114.0000 40.3491
115.0000 40.3450
116.0000 40.3409
117.0000 40.3370
118.0000 40.3331
119.0000 40.3294
120.0000 40.3257
121.0000 40.3221
122.0000 40.3186
123.0000 40.3151
124.0000 40.3118
125.0000 40.3085
126.0000 40.3053
127.0000 40.3021
128.0000 40.2991
129.0000 40.2960
130.0000 40.2931
131.0000 40.2902
132.0000 40.2874
133.0000 40.2846
134.0000 40.2819
135.0000 40.2792
136.0000 40.2766
137.0000 40.2740
138.0000 40.2715
139.0000 40.2691
140.0000 40.2666
141.0000 40.2643
142.0000 40.2619
143.0000 40.2596
144.0000 40.2574
145.0000 40.2552
146.0000 40.2530
147.0000 40.2509
148.0000 40.2488
149.0000 40.2467
150.0000 40.2447
151.0000 40.2427
152.0000 40.2408
153.0000 40.2389
154.0000 40.2370
155.0000 40.2351
156.0000 40.2333
157.0000 40.2315
158.0000 40.2297
159.0000 40.2280
160.0000 40.2263
161.0000 40.2246
162.0000 40.2230
163.0000 40.2214
164.0000 40.2198
165.0000 40.2182
166.0000 40.2166
167.0000 40.2151
168.0000 40.2136
169.0000 40.2121
170.0000 40.2107
171.0000 40.2093
172.0000 40.2078
173.0000 40.2065
174.0000 40.2051
175.0000 40.2037
176.0000 40.2024
177.0000 40.2011
178.0000 40.1998
179.0000 40.1986
180.0000 40.1973
181.0000 40.1961
182.0000 40.1949
183.0000 40.1937
184.0000 40.1925
185.0000 40.1914
186.0000 40.1902
187.0000 40.1891
188.0000 40.1880
189.0000 40.1869
190.0000 40.1859
191.0000 40.1848
192.0000 40.1838
193.0000 40.1827
194.0000 40.1817
195.0000 40.1807
196.0000 40.1798
197.0000 40.1788
198.0000 40.1778
199.0000 40.1769
200.0000 40.1760
201.0000 40.1751
202.0000 40.1742
203.0000 40.1733
204.0000 40.1724
205.0000 40.1716
206.0000 40.1707
207.0000 40.1699
208.0000 40.1691
209.0000 40.1683
210.0000 40.1675
211.0000 40.1667
212.0000 40.1659
213.0000 40.1651
214.0000 40.1644
215.0000 40.1636
216.0000 40.1629
217.0000 40.1622
218.0000 40.1615
219.0000 40.1608
220.0000 40.1601
221.0000 40.1594
222.0000 40.1587
223.0000 40.1581
224.0000 40.1574
225.0000 40.1568
226.0000 40.1562
227.0000 40.1555
228.0000 40.1549
229.0000 40.1543
230.0000 40.1537
231.0000 40.1531
232.0000 40.1525
233.0000 40.1520
234.0000 40.1514
235.0000 40.1509
236.0000 40.1503
237.0000 40.1498
238.0000 40.1492
239.0000 40.1487
240.0000 40.1482
241.0000 40.1477
242.0000 40.1472
243.0000 40.1467
244.0000 40.1462
245.0000 40.1457
246.0000 40.1452
247.0000 40.1448
248.0000 40.1443
249.0000 40.1439
250.0000 40.1434
251.0000 40.1430
252.0000 40.1425
253.0000 40.1421
254.0000 40.1417
255.0000 40.1413
256.0000 40.1408
257.0000 40.1404
258.0000 40.1400
259.0000 40.1396
260.0000 40.1393
261.0000 40.1389
262.0000 40.1385
263.0000 40.1381
264.0000 40.1378
265.0000 40.1374
266.0000 40.1370
267.0000 40.1367
268.0000 40.1363
269.0000 40.1360
270.0000 40.1357
271.0000 40.1353
272.0000 40.1350
273.0000 40.1347
274.0000 40.1344
275.0000 40.1341
276.0000 40.1337
277.0000 40.1334
278.0000 40.1331
279.0000 40.1328
280.0000 40.1326
281.0000 40.1323
282.0000 40.1320
283.0000 40.1317
284.0000 40.1314
285.0000 40.1312
286.0000 40.1309
287.0000 40.1306
288.0000 40.1304
289.0000 40.1301
290.0000 40.1299
291.0000 40.1296
292.0000 40.1294
293.0000 40.1291
294.0000 40.1289
295.0000 40.1286
296.0000 40.1284
297.0000 40.1282
298.0000 40.1280
299.0000 40.1277
300.0000 40.1275
301.0000 40.1273
302.0000 40.1271
303.0000 40.1269
304.0000 40.1267
305.0000 40.1265
306.0000 40.1263
307.0000 40.1261
308.0000 40.1259
309.0000 40.1257
310.0000 40.1255
311.0000 40.1253
312.0000 40.1251
313.0000 40.1249
314.0000 40.1248
315.0000 40.1246
316.0000 40.1244
317.0000 40.1242
318.0000 40.1241
319.0000 40.1239
320.0000 40.1237
321.0000 40.1236
322.0000 40.1234
323.0000 40.1233
324.0000 40.1231
325.0000 40.1229
326.0000 40.1228
327.0000 40.1226
328.0000 40.1225
329.0000 40.1224
330.0000 0.0722
331.0000 31.9721
332.0000 31.8719
333.0000 32.3668
334.0000 32.9881
335.0000 33.1967
336.0000 33.4045
337.0000 33.6000
338.0000 33.7864
339.0000 33.9685
340.0000 34.1459
341.0000 34.3186
342.0000 34.4863
343.0000 34.6489
344.0000 34.8062
345.0000 34.9583
346.0000 35.1050
347.0000 35.2463
348.0000 35.3823
349.0000 35.5131
350.0000 35.6386
351.0000 35.7590
352.0000 35.8745
353.0000 35.9850
354.0000 36.0908
355.0000 36.1919
356.0000 36.2885
357.0000 36.3808
358.0000 36.4689
359.0000 36.5529
360.0000 36.6330
361.0000 36.7094
362.0000 36.7821
363.0000 36.8513
364.0000 36.9172
365.0000 36.9799
366.0000 37.0395
367.0000 37.0962
368.0000 37.1501
369.0000 37.2013
370.0000 37.2499
371.0000 37.2961
372.0000 37.3399
373.0000 37.3816
374.0000 37.4210
375.0000 37.4585
376.0000 37.4941
377.0000 37.5278
378.0000 37.5597
379.0000 37.5900
380.0000 37.6187
381.0000 37.6459
382.0000 37.6717
383.0000 37.6962
384.0000 37.7193
385.0000 37.7412
386.0000 37.7620
387.0000 37.7816
388.0000 37.8002
389.0000 37.8178
390.0000 37.8345
391.0000 37.8503
392.0000 37.8652
393.0000 37.8793
394.0000 37.8926
395.0000 37.9053
396.0000 37.9172
397.0000 37.9285
398.0000 37.9392
399.0000 37.9493
400.0000 37.9588
401.0000 37.9679
402.0000 37.9764
403.0000 37.9845
404.0000 37.9921
405.0000 37.9993
406.0000 38.0061
407.0000 38.0125
408.0000 38.0185
409.0000 38.0243
410.0000 38.0297
411.0000 38.0348
412.0000 38.0396
413.0000 38.0441
414.0000 38.0484
415.0000 38.0524
416.0000 38.0562
417.0000 38.0598
418.0000 38.0632
419.0000 38.0664
420.0000 38.0694
421.0000 38.0723
422.0000 38.0750
423.0000 38.0775
424.0000 38.0798
425.0000 38.0821
426.0000 38.0842
427.0000 38.0862
428.0000 38.0880
429.0000 38.0898
430.0000 38.0914
431.0000 38.0930
432.0000 38.0944
433.0000 38.0958
434.0000 38.0971
435.0000 38.0983
436.0000 38.0994
437.0000 38.1004
438.0000 38.1014
439.0000 38.1024
440.0000 38.1032
441.0000 38.1040
442.0000 38.1048
443.0000 38.1055
444.0000 38.1062
445.0000 38.1068
446.0000 38.1074
447.0000 38.1079
448.0000 38.1084
449.0000 38.1089
450.0000 38.1093
451.0000 38.1097
452.0000 38.1101
453.0000 38.1104
454.0000 38.1108
455.0000 38.1111
456.0000 38.1113
457.0000 38.1116
458.0000 38.1118
459.0000 38.1120
460.0000 38.1122
461.0000 38.1124
462.0000 38.1125
463.0000 38.1127
464.0000 38.1128
465.0000 38.1129
466.0000 38.1130
467.0000 38.1131
468.0000 38.1132
469.0000 38.1133
470.0000 38.1133
471.0000 38.1134
472.0000 38.1134
473.0000 38.1134
474.0000 38.1135
475.0000 38.1135
476.0000 38.1135
477.0000 38.1135
478.0000 38.1135
479.0000 38.1135
480.0000 38.1135
481.0000 38.1135
482.0000 38.1135
483.0000 38.1134
484.0000 38.1134
485.0000 38.1134
486.0000 38.1134
487.0000 38.1133
488.0000 38.1133
489.0000 38.1132
490.0000 38.1132
491.0000 38.1132
492.0000 38.1131
493.0000 38.1131
494.0000 38.1130
495.0000 38.1130
496.0000 38.1129
497.0000 38.1129
498.0000 38.1128
499.0000 38.1127
500.0000 38.1127
501.0000 38.1126
502.0000 38.1126
503.0000 38.1125
504.0000 38.1125
505.0000 38.1124
506.0000 38.1123
507.0000 38.1123
508.0000 38.1122
509.0000 38.1121
510.0000 38.1121
511.0000 38.1120
512.0000 38.1120
513.0000 38.1119
514.0000 38.1118
515.0000 38.1118
516.0000 38.1117
517.0000 38.1117
518.0000 38.1116
519.0000 38.1115
520.0000 38.1115
521.0000 38.1114
522.0000 38.1114
523.0000 38.1113
524.0000 38.1112
525.0000 38.1112
526.0000 38.1111
527.0000 38.1111
528.0000 38.1110
529.0000 38.1110
530.0000 38.1109
531.0000 38.1109
532.0000 38.1108
533.0000 38.1107
534.0000 38.1107
535.0000 38.1106
536.0000 38.1106
537.0000 38.1105
538.0000 38.1105
539.0000 38.1104
540.0000 38.1104
541.0000 38.1103
542.0000 38.1103
543.0000 38.1102
544.0000 38.1102
545.0000 38.1101
546.0000 38.1101
547.0000 38.1100
548.0000 38.1100
549.0000 38.1100
550.0000 38.1099
551.0000 38.1099
552.0000 38.1098
553.0000 38.1098
554.0000 38.1097
555.0000 38.1097
556.0000 38.1097
557.0000 38.1096
558.0000 38.1096
559.0000 38.1095
560.0000 38.1095
561.0000 38.1095
562.0000 38.1094
563.0000 38.1094
564.0000 38.1093
565.0000 38.1093
566.0000 38.1093
567.0000 38.1092
568.0000 38.1092
569.0000 38.1092
570.0000 38.1091
571.0000 38.1091
572.0000 38.1091
573.0000 38.1090
574.0000 38.1090
575.0000 38.1090
576.0000 38.1089
577.0000 38.1089
578.0000 38.1089
579.0000 38.1088
580.0000 38.1088
581.0000 38.1088
582.0000 38.1087
583.0000 38.1087
584.0000 38.1087
585.0000 38.1087
586.0000 38.1086
587.0000 38.1086
588.0000 38.1086
589.0000 38.1085
590.0000 38.1085
591.0000 38.1085
592.0000 38.1085
593.0000 38.1084
594.0000 38.1084
595.0000 38.1084
596.0000 38.1084
597.0000 38.1083
598.0000 38.1083
599.0000 38.1083
600.0000 38.1083
