1.0000 36.5000
2.0000 36.5000
3.0000 36.5000
4.0000 36.5000
5.0000 36.5000
6.0000 36.5000
7.0000 36.5000
8.0000 36.5000
9.0000 36.5000
10.0000 36.5000
11.0000 36.5000
12.0000 36.5000
13.0000 36.5000
14.0000 36.5000
15.0000 36.5000
16.0000 36.5000
17.0000 36.5000
18.0000 36.5000
19.0000 36.5000
20.0000 36.4991
21.0000 36.4975
22.0000 36.4953
23.0000 36.4925
24.0000 36.4892
25.0000 36.4856
26.0000 36.4817
27.0000 36.4775
28.0000 36.4732
29.0000 36.4688
30.0000 36.4643
31.0000 36.4598
32.0000 36.4553
33.0000 36.4613
34.0000 36.4863
35.0000 36.5281
36.0000 36.5844
37.0000 36.6532
38.0000 36.7327
39.0000 36.8214
40.0000 36.9176
41.0000 37.0201
42.0000 37.1275
43.0000 37.2387
44.0000 37.3527
45.0000 37.4686
46.0000 37.5855
47.0000 37.7027
48.0000 37.8195
49.0000 37.9354
50.0000 38.0498
51.0000 38.1624
52.0000 38.2726
53.0000 38.3802
54.0000 38.4849
55.0000 38.5865
56.0000 38.6848
57.0000 38.7797
58.0000 38.8709
59.0000 38.9585
60.0000 39.0424
61.0000 39.1225
62.0000 39.1989
63.0000 39.2716
64.0000 39.3406
65.0000 39.4059
66.0000 39.4676
67.0000 39.5259
68.0000 39.5807
69.0000 39.6321
70.0000 39.6804
71.0000 39.7255
72.0000 39.7675
73.0000 39.8067
74.0000 39.8431
75.0000 39.8768
76.0000 39.9079
77.0000 39.9366
78.0000 39.9630
79.0000 39.9872
80.0000 40.0093
81.0000 40.0294
82.0000 40.0477
83.0000 40.0642
84.0000 40.0790
85.0000 40.0923
86.0000 40.1041
87.0000 40.1146
88.0000 40.1238
89.0000 40.1318
90.0000 40.1388
91.0000 40.1447
92.0000 40.1497
93.0000 40.1538
94.0000 40.1571
95.0000 40.1597
96.0000 40.1616
97.0000 40.1629
98.0000 40.1637
99.0000 40.1639
100.0000 40.1637
101.0000 40.1631
102.0000 40.1621
103.0000 40.1608
104.0000 40.1592
105.0000 40.1574
106.0000 40.1553
107.0000 40.1531
108.0000 40.1507
109.0000 40.1481
110.0000 40.1454
111.0000 40.1427
112.0000 40.1398
113.0000 40.1369
114.0000 40.1340
115.0000 40.1310
116.0000 40.1280
117.0000 40.1251
118.0000 40.1221
119.0000 40.1191
120.0000 40.1162
121.0000 40.1133
122.0000 40.1105
123.0000 40.1077
124.0000 40.1049
125.0000 40.1022
126.0000 40.0996
127.0000 40.0970
128.0000 40.0945
129.0000 40.0920
130.0000 40.0896
131.0000 40.0873
132.0000 40.0850
133.0000 40.0829
134.0000 40.0807
135.0000 40.0787
136.0000 40.0767
137.0000 40.0748
138.0000 40.0729
139.0000 40.0711
140.0000 40.0694
141.0000 40.0677
142.0000 40.0661
143.0000 40.0645
144.0000 40.0630
145.0000 40.0616
146.0000 40.0602
147.0000 40.0588
148.0000 40.0575
149.0000 40.0562
150.0000 40.0550
151.0000 40.0539
152.0000 40.0527
153.0000 40.0516
154.0000 40.0506
155.0000 40.0496
156.0000 40.0486
157.0000 40.0476
158.0000 40.0467
159.0000 40.0458
160.0000 40.0449
161.0000 40.0441
162.0000 40.0433
163.0000 40.0425
164.0000 40.0417
165.0000 40.0410
166.0000 40.0403
167.0000 40.0396
168.0000 40.0389
169.0000 40.0383
170.0000 40.0376
171.0000 40.0370
172.0000 40.0364
173.0000 40.0358
174.0000 40.0352
175.0000 40.0346
176.0000 40.0341
177.0000 40.0335
178.0000 40.0330
179.0000 40.0325
180.0000 40.0320
181.0000 40.0315
182.0000 40.0310
183.0000 40.0305
184.0000 40.0300
185.0000 40.0296
186.0000 40.0291
187.0000 40.0287
188.0000 40.0282
189.0000 40.0278
190.0000 40.0274
191.0000 40.0270
192.0000 40.0266
193.0000 40.0262
194.0000 40.0258
195.0000 40.0254
196.0000 40.0250
197.0000 40.0246
198.0000 40.0242
199.0000 40.0239
200.0000 40.0235
201.0000 40.0232
202.0000 40.0228
203.0000 40.0225
204.0000 40.0221
205.0000 40.0218
206.0000 40.0214
207.0000 40.0211
208.0000 40.0208
209.0000 40.0205
210.0000 40.0202
211.0000 40.0199
212.0000 40.0196
213.0000 40.0193
214.0000 40.0190
215.0000 40.0187
216.0000 40.0184
217.0000 40.0181
218.0000 40.0178
219.0000 40.0176
220.0000 40.0173
221.0000 40.0170
222.0000 40.0168
223.0000 40.0165
224.0000 40.0162
225.0000 40.0160
226.0000 40.0157
227.0000 40.0155
228.0000 40.0153
229.0000 40.0150
230.0000 40.0148
231.0000 40.0146
232.0000 40.0143
233.0000 40.0141
234.0000 40.0139
235.0000 40.0137
236.0000 40.0135
237.0000 40.0133
238.0000 40.0130
239.0000 40.0128
240.0000 40.0126
241.0000 40.0124
242.0000 40.0122
243.0000 40.0121
244.0000 40.0119
245.0000 40.0117
246.0000 40.0115
247.0000 40.0113
248.0000 40.0111
249.0000 40.0110
250.0000 40.0108
251.0000 40.0106
252.0000 40.0105
253.0000 40.0103
254.0000 40.0101
255.0000 40.0100
256.0000 40.0098
257.0000 40.0097
258.0000 40.0095
259.0000 40.0094
260.0000 40.0092
261.0000 40.0091
262.0000 40.0089
263.0000 40.0088
264.0000 40.0087
265.0000 40.0085
266.0000 40.0084
267.0000 40.0083
268.0000 40.0081
269.0000 40.0080
270.0000 40.0079
271.0000 40.0077
272.0000 40.0076
273.0000 40.0075
274.0000 40.0074
275.0000 40.0073
276.0000 40.0072
277.0000 40.0070
278.0000 40.0069
279.0000 40.0068
280.0000 40.0067
281.0000 40.0066
282.0000 40.0065
283.0000 40.0064
284.0000 40.0063
285.0000 40.0062
286.0000 40.0061
287.0000 40.0060
288.0000 40.0059
289.0000 40.0058
290.0000 40.0057
291.0000 40.0056
292.0000 40.0056
293.0000 40.0055
294.0000 40.0054
295.0000 40.0053
296.0000 40.0052
297.0000 40.0051
298.0000 40.0051
299.0000 40.0050
300.0000 40.0049
301.0000 40.0048
302.0000 40.0047
303.0000 40.0047
304.0000 40.0046
305.0000 40.0045
306.0000 40.0045
307.0000 40.0044
308.0000 40.0043
309.0000 40.0042
310.0000 40.0042
311.0000 40.0041
312.0000 40.0040
313.0000 40.0040
314.0000 40.0039
315.0000 40.0039
316.0000 40.0038
317.0000 40.0037
318.0000 40.0037
319.0000 40.0036
320.0000 40.0036
321.0000 40.0035
322.0000 40.0035
323.0000 40.0034
324.0000 40.0033
325.0000 40.0033
326.0000 40.0032
327.0000 40.0032
328.0000 40.0031
329.0000 40.0031
330.0000 40.0030
331.0000 40.0030
332.0000 40.0030
333.0000 39.9969
334.0000 39.9800
335.0000 39.9537
336.0000 39.9191
337.0000 39.8774
338.0000 39.8297
339.0000 39.7769
340.0000 39.7198
341.0000 39.6593
342.0000 39.5961
343.0000 39.5308
344.0000 39.4640
345.0000 39.3963
346.0000 39.3281
347.0000 39.2599
348.0000 39.1920
349.0000 39.1247
350.0000 39.0584
351.0000 38.9932
352.0000 38.9295
353.0000 38.8674
354.0000 38.8070
355.0000 38.7485
356.0000 38.6920
357.0000 38.6375
358.0000 38.5851
359.0000 38.5350
360.0000 38.4870
361.0000 38.4412
362.0000 38.3976
363.0000 38.3563
364.0000 38.3171
365.0000 38.2800
366.0000 38.2450
367.0000 38.2121
368.0000 38.1812
369.0000 38.1522
370.0000 38.1251
371.0000 38.0998
372.0000 38.0763
373.0000 38.0545
374.0000 38.0343
375.0000 38.0156
376.0000 37.9985
377.0000 37.9827
378.0000 37.9683
379.0000 37.9551
380.0000 37.9432
381.0000 37.9324
382.0000 37.9226
383.0000 37.9139
384.0000 37.9061
385.0000 37.8992
386.0000 37.8932
387.0000 37.8879
388.0000 37.8834
389.0000 37.8795
390.0000 37.8762
391.0000 37.8735
392.0000 37.8714
393.0000 37.8697
394.0000 37.8685
395.0000 37.8677
396.0000 37.8673
397.0000 37.8672
398.0000 37.8674
399.0000 37.8679
400.0000 37.8687
401.0000 37.8696
402.0000 37.8708
403.0000 37.8722
404.0000 37.8737
405.0000 37.8753
406.0000 37.8771
407.0000 37.8790
408.0000 37.8809
409.0000 37.8829
410.0000 37.8850
411.0000 37.8871
412.0000 37.8893
413.0000 37.8914
414.0000 37.8936
415.0000 37.8958
416.0000 37.8980
417.0000 37.9002
418.0000 37.9024
419.0000 37.9045
420.0000 37.9066
421.0000 37.9087
422.0000 37.9108
423.0000 37.9128
424.0000 37.9148
425.0000 37.9168
426.0000 37.9187
427.0000 37.9206
428.0000 37.9224
429.0000 37.9242
430.0000 37.9260
431.0000 37.9277
432.0000 37.9293
433.0000 37.9309
434.0000 37.9325
435.0000 37.9340
436.0000 37.9355
437.0000 37.9369
438.0000 37.9383
439.0000 37.9396
440.0000 37.9410
441.0000 37.9422
442.0000 37.9435
443.0000 37.9446
444.0000 37.9458
445.0000 37.9469
446.0000 37.9480
447.0000 37.9491
448.0000 37.9501
449.0000 37.9511
450.0000 37.9520
451.0000 37.9530
452.0000 37.9539
453.0000 37.9547
454.0000 37.9556
455.0000 37.9564
456.0000 37.9572
457.0000 37.9580
458.0000 37.9588
459.0000 37.9595
460.0000 37.9602
461.0000 37.9609
462.0000 37.9616
463.0000 37.9623
464.0000 37.9629
465.0000 37.9635
466.0000 37.9642
467.0000 37.9648
468.0000 37.9653
469.0000 37.9659
470.0000 37.9665
471.0000 37.9670
472.0000 37.9675
473.0000 37.9681
474.0000 37.9686
475.0000 37.9691
476.0000 37.9696
477.0000 37.9701
478.0000 37.9705
479.0000 37.9710
480.0000 37.9714
481.0000 37.9719
482.0000 37.9723
483.0000 37.9728
484.0000 37.9732
485.0000 37.9736
486.0000 37.9740
487.0000 37.9744
488.0000 37.9748
489.0000 37.9752
490.0000 37.9756
491.0000 37.9759
492.0000 37.9763
493.0000 37.9767
494.0000 37.9770
495.0000 37.9774
496.0000 37.9777
497.0000 37.9781
498.0000 37.9784
499.0000 37.9787
500.0000 37.9791
501.0000 37.9794
502.0000 37.9797
503.0000 37.9800
504.0000 37.9803
505.0000 37.9806
506.0000 37.9809
507.0000 37.9812
508.0000 37.9815
509.0000 37.9818
510.0000 37.9821
511.0000 37.9823
512.0000 37.9826
513.0000 37.9829
514.0000 37.9831
515.0000 37.9834
516.0000 37.9837
517.0000 37.9839
518.0000 37.9842
519.0000 37.9844
520.0000 37.9846
521.0000 37.9849
522.0000 37.9851
523.0000 37.9854
524.0000 37.9856
525.0000 37.9858
526.0000 37.9860
527.0000 37.9862
528.0000 37.9865
529.0000 37.9867
530.0000 37.9869
531.0000 37.9871
532.0000 37.9873
533.0000 37.9875
534.0000 37.9877
535.0000 37.9879
536.0000 37.9881
537.0000 37.9882
538.0000 37.9884
539.0000 37.9886
540.0000 37.9888
541.0000 37.9890
542.0000 37.9891
543.0000 37.9893
544.0000 37.9895
545.0000 37.9896
546.0000 37.9898
547.0000 37.9900
548.0000 37.9901
549.0000 37.9903
550.0000 37.9904
551.0000 37.9906
552.0000 37.9907
553.0000 37.9909
554.0000 37.9910
555.0000 37.9912
556.0000 37.9913
557.0000 37.9914
558.0000 37.9916
559.0000 37.9917
560.0000 37.9918
561.0000 37.9920
562.0000 37.9921
563.0000 37.9922
564.0000 37.9923
565.0000 37.9924
566.0000 37.9926
567.0000 37.9927
568.0000 37.9928
569.0000 37.9929
570.0000 37.9930
571.0000 37.9931
572.0000 37.9932
573.0000 37.9933
574.0000 37.9934
575.0000 37.9936
576.0000 37.9937
577.0000 37.9938
578.0000 37.9939
579.0000 37.9939
580.0000 37.9940
581.0000 37.9941
582.0000 37.9942
583.0000 37.9943
584.0000 37.9944
585.0000 37.9945
586.0000 37.9946
587.0000 37.9947
588.0000 37.9947
589.0000 37.9948
590.0000 37.9949
591.0000 37.9950
592.0000 37.9951
593.0000 37.9951
594.0000 37.9952
595.0000 37.9953
596.0000 37.9954
597.0000 37.9954
598.0000 37.9955
599.0000 37.9956
600.0000 37.9957
