1.0000 36.5000
2.0000 36.5000
3.0000 36.5000
4.0000 36.5000
5.0000 36.5000
6.0000 36.5000
7.0000 36.5000
8.0000 36.5000
9.0000 36.5000
10.0000 36.5000
11.0000 36.5000
12.0000 36.5000
13.0000 36.5000
14.0000 36.5000
15.0000 36.5000
16.0000 36.5000
17.0000 36.5000
18.0000 36.5000
19.0000 36.5000
20.0000 36.4991
21.0000 36.4975
22.0000 36.4953
23.0000 36.4925
24.0000 36.4893
25.0000 36.4857
26.0000 36.4819
27.0000 36.4779
28.0000 36.4738
29.0000 36.4695
30.0000 36.4653
31.0000 36.4610
32.0000 36.4568
33.0000 36.4994
34.0000 36.5881
35.0000 36.6796
36.0000 36.7733
37.0000 36.8680
38.0000 36.9629
39.0000 37.0579
40.0000 37.1529
41.0000 37.2478
42.0000 37.3425
43.0000 37.4368
44.0000 37.5308
45.0000 37.6242
46.0000 37.7171
47.0000 37.8093
48.0000 37.9008
49.0000 37.9914
50.0000 38.0812
51.0000 38.1700
52.0000 38.2578
53.0000 38.3445
54.0000 38.4300
55.0000 38.5144
56.0000 38.5975
57.0000 38.6792
58.0000 38.7597
59.0000 38.8387
60.0000 38.9162
61.0000 38.9923
62.0000 39.0669
63.0000 39.1399
64.0000 39.2114
65.0000 39.2812
66.0000 39.3495
67.0000 39.4160
68.0000 39.4809
69.0000 39.5441
70.0000 39.6057
71.0000 39.6655
72.0000 39.7236
73.0000 39.7799
74.0000 39.8346
75.0000 39.8875
76.0000 39.9387
77.0000 39.9881
78.0000 40.0358
79.0000 40.0818
80.0000 40.1261
81.0000 40.1687
82.0000 40.2096
83.0000 40.2488
84.0000 40.2864
85.0000 40.3223
86.0000 40.3565
87.0000 40.3892
88.0000 40.4202
89.0000 40.4497
90.0000 40.4776
91.0000 40.5040
92.0000 40.5289
93.0000 40.5522
94.0000 40.5742
95.0000 40.5947
96.0000 40.6137
97.0000 40.6314
98.0000 40.6478
99.0000 40.6628
100.0000 40.6766
101.0000 40.6890
102.0000 40.7003
103.0000 40.7103
104.0000 40.7191
105.0000 40.7269
106.0000 40.7335
107.0000 40.7390
108.0000 40.7435
109.0000 40.7469
110.0000 40.7494
111.0000 40.7509
112.0000 40.7515
113.0000 40.7513
114.0000 40.7501
115.0000 40.7481
116.0000 40.7454
117.0000 40.7418
118.0000 40.7376
119.0000 40.7326
120.0000 40.7270
121.0000 40.7207
122.0000 40.7138
123.0000 40.7064
124.0000 40.6983
125.0000 40.6898
126.0000 40.6807
127.0000 40.6712
128.0000 40.6613
129.0000 40.6509
130.0000 40.6401
131.0000 40.6290
132.0000 40.6176
133.0000 40.6058
134.0000 40.5938
135.0000 40.5815
136.0000 40.5689
137.0000 40.5562
138.0000 40.5432
139.0000 40.5301
140.0000 40.5168
141.0000 40.5034
142.0000 40.4899
143.0000 40.4762
144.0000 40.4626
145.0000 40.4488
146.0000 40.4351
147.0000 40.4213
148.0000 40.4075
149.0000 40.3937
150.0000 40.3800
151.0000 40.3663
152.0000 40.3526
153.0000 40.3390
154.0000 40.3256
155.0000 40.3122
156.0000 40.2989
157.0000 40.2857
158.0000 40.2727
159.0000 40.2598
160.0000 40.2471
161.0000 40.2345
162.0000 40.2222
163.0000 40.2099
164.0000 40.1979
165.0000 40.1861
166.0000 40.1744
167.0000 40.1630
168.0000 40.1518
169.0000 40.1408
170.0000 40.1301
171.0000 40.1195
172.0000 40.1092
173.0000 40.0991
174.0000 40.0893
175.0000 40.0797
176.0000 40.0704
177.0000 40.0613
178.0000 40.0524
179.0000 40.0438
180.0000 40.0355
181.0000 40.0274
182.0000 40.0196
183.0000 40.0120
184.0000 40.0046
185.0000 39.9976
186.0000 39.9907
187.0000 39.9842
188.0000 39.9778
189.0000 39.9717
190.0000 39.9659
191.0000 39.9603
192.0000 39.9550
193.0000 39.9499
194.0000 39.9450
195.0000 39.9404
196.0000 39.9360
197.0000 39.9318
198.0000 39.9278
199.0000 39.9241
200.0000 39.9206
201.0000 39.9173
202.0000 39.9142
203.0000 39.9114
204.0000 39.9087
205.0000 39.9062
206.0000 39.9039
207.0000 39.9019
208.0000 39.9000
209.0000 39.8982
210.0000 39.8967
211.0000 39.8953
212.0000 39.8941
213.0000 39.8931
214.0000 39.8922
215.0000 39.8915
216.0000 39.8910
217.0000 39.8905
218.0000 39.8903
219.0000 39.8901
220.0000 39.8901
221.0000 39.8902
222.0000 39.8905
223.0000 39.8908
224.0000 39.8913
225.0000 39.8919
226.0000 39.8926
227.0000 39.8933
228.0000 39.8942
229.0000 39.8952
230.0000 39.8963
231.0000 39.8974
232.0000 39.8986
233.0000 39.8999
234.0000 39.9013
235.0000 39.9027
236.0000 39.9042
237.0000 39.9057
238.0000 39.9073
239.0000 39.9090
240.0000 39.9107
241.0000 39.9125
242.0000 39.9142
243.0000 39.9161
244.0000 39.9179
245.0000 39.9198
246.0000 39.9217
247.0000 39.9236
248.0000 39.9256
249.0000 39.9276
250.0000 39.9295
251.0000 39.9315
252.0000 39.9335
253.0000 39.9356
254.0000 39.9376
255.0000 39.9396
256.0000 39.9416
257.0000 39.9436
258.0000 39.9456
259.0000 39.9476
260.0000 39.9496
261.0000 39.9516
262.0000 39.9536
263.0000 39.9555
264.0000 39.9574
265.0000 39.9593
266.0000 39.9612
267.0000 39.9631
268.0000 39.9650
269.0000 39.9668
270.0000 39.9686
271.0000 39.9703
272.0000 39.9721
273.0000 39.9738
274.0000 39.9755
275.0000 39.9771
276.0000 39.9788
277.0000 39.9803
278.0000 39.9819
279.0000 39.9834
280.0000 39.9849
281.0000 39.9864
282.0000 39.9878
283.0000 39.9892
284.0000 39.9905
285.0000 39.9918
286.0000 39.9931
287.0000 39.9943
288.0000 39.9955
289.0000 39.9967
290.0000 39.9978
291.0000 39.9989
292.0000 39.9999
293.0000 40.0010
294.0000 40.0019
295.0000 40.0029
296.0000 40.0038
297.0000 40.0046
298.0000 40.0055
299.0000 40.0063
300.0000 40.0070
301.0000 40.0078
302.0000 40.0084
303.0000 40.0091
304.0000 40.0097
305.0000 40.0103
306.0000 40.0109
307.0000 40.0114
308.0000 40.0119
309.0000 40.0124
310.0000 40.0128
311.0000 40.0132
312.0000 40.0136
313.0000 40.0139
314.0000 40.0142
315.0000 40.0145
316.0000 40.0148
317.0000 40.0150
318.0000 40.0152
319.0000 40.0154
320.0000 40.0156
321.0000 40.0157
322.0000 40.0158
323.0000 40.0159
324.0000 40.0160
325.0000 40.0160
326.0000 40.0161
327.0000 40.0161
328.0000 40.0161
329.0000 40.0160
330.0000 40.0160
331.0000 40.0159
332.0000 40.0158
333.0000 39.9890
334.0000 39.9358
335.0000 39.8811
336.0000 39.8252
337.0000 39.7688
338.0000 39.7123
339.0000 39.6558
340.0000 39.5994
341.0000 39.5432
342.0000 39.4871
343.0000 39.4314
344.0000 39.3759
345.0000 39.3208
346.0000 39.2662
347.0000 39.2120
348.0000 39.1583
349.0000 39.1051
350.0000 39.0526
351.0000 39.0007
352.0000 38.9495
353.0000 38.8990
354.0000 38.8492
355.0000 38.8002
356.0000 38.7520
357.0000 38.7046
358.0000 38.6581
359.0000 38.6124
360.0000 38.5677
361.0000 38.5239
362.0000 38.4810
363.0000 38.4390
364.0000 38.3981
365.0000 38.3581
366.0000 38.3191
367.0000 38.2811
368.0000 38.2441
369.0000 38.2082
370.0000 38.1732
371.0000 38.1393
372.0000 38.1064
373.0000 38.0746
374.0000 38.0438
375.0000 38.0140
376.0000 37.9853
377.0000 37.9575
378.0000 37.9308
379.0000 37.9052
380.0000 37.8805
381.0000 37.8569
382.0000 37.8342
383.0000 37.8125
384.0000 37.7918
385.0000 37.7721
386.0000 37.7533
387.0000 37.7355
388.0000 37.7186
389.0000 37.7027
390.0000 37.6876
391.0000 37.6734
392.0000 37.6601
393.0000 37.6477
394.0000 37.6361
395.0000 37.6253
396.0000 37.6154
397.0000 37.6062
398.0000 37.5978
399.0000 37.5902
400.0000 37.5833
401.0000 37.5771
402.0000 37.5717
403.0000 37.5669
404.0000 37.5628
405.0000 37.5594
406.0000 37.5565
407.0000 37.5543
408.0000 37.5527
409.0000 37.5517
410.0000 37.5512
411.0000 37.5512
412.0000 37.5518
413.0000 37.5529
414.0000 37.5544
415.0000 37.5564
416.0000 37.5588
417.0000 37.5617
418.0000 37.5650
419.0000 37.5686
420.0000 37.5727
421.0000 37.5771
422.0000 37.5818
423.0000 37.5868
424.0000 37.5921
425.0000 37.5977
426.0000 37.6036
427.0000 37.6098
428.0000 37.6161
429.0000 37.6227
430.0000 37.6295
431.0000 37.6365
432.0000 37.6437
433.0000 37.6510
434.0000 37.6584
435.0000 37.6660
436.0000 37.6737
437.0000 37.6816
438.0000 37.6895
439.0000 37.6975
440.0000 37.7055
441.0000 37.7136
442.0000 37.7218
443.0000 37.7300
444.0000 37.7382
445.0000 37.7464
446.0000 37.7547
447.0000 37.7629
448.0000 37.7711
449.0000 37.7793
450.0000 37.7875
451.0000 37.7956
452.0000 37.8037
453.0000 37.8117
454.0000 37.8196
455.0000 37.8275
456.0000 37.8353
457.0000 37.8430
458.0000 37.8506
459.0000 37.8581
460.0000 37.8656
461.0000 37.8729
462.0000 37.8801
463.0000 37.8872
464.0000 37.8942
465.0000 37.9010
466.0000 37.9078
467.0000 37.9144
468.0000 37.9208
469.0000 37.9271
470.0000 37.9333
471.0000 37.9394
472.0000 37.9453
473.0000 37.9510
474.0000 37.9567
475.0000 37.9621
476.0000 37.9674
477.0000 37.9726
478.0000 37.9776
479.0000 37.9825
480.0000 37.9872
481.0000 37.9918
482.0000 37.9962
483.0000 38.0005
484.0000 38.0046
485.0000 38.0085
486.0000 38.0124
487.0000 38.0160
488.0000 38.0195
489.0000 38.0229
490.0000 38.0261
491.0000 38.0292
492.0000 38.0322
493.0000 38.0350
494.0000 38.0376
495.0000 38.0402
496.0000 38.0425
497.0000 38.0448
498.0000 38.0469
499.0000 38.0489
500.0000 38.0508
501.0000 38.0525
502.0000 38.0542
503.0000 38.0557
504.0000 38.0571
505.0000 38.0583
506.0000 38.0595
507.0000 38.0605
508.0000 38.0615
509.0000 38.0623
510.0000 38.0631
511.0000 38.0637
512.0000 38.0642
513.0000 38.0647
514.0000 38.0650
515.0000 38.0653
516.0000 38.0655
517.0000 38.0656
518.0000 38.0656
519.0000 38.0656
520.0000 38.0655
521.0000 38.0653
522.0000 38.0650
523.0000 38.0647
524.0000 38.0643
525.0000 38.0638
526.0000 38.0633
527.0000 38.0627
528.0000 38.0621
529.0000 38.0614
530.0000 38.0607
531.0000 38.0600
532.0000 38.0592
533.0000 38.0583
534.0000 38.0574
535.0000 38.0565
536.0000 38.0556
537.0000 38.0546
538.0000 38.0536
539.0000 38.0525
540.0000 38.0515
541.0000 38.0504
542.0000 38.0493
543.0000 38.0482
544.0000 38.0470
545.0000 38.0459
546.0000 38.0447
547.0000 38.0435
548.0000 38.0424
549.0000 38.0412
550.0000 38.0400
551.0000 38.0388
552.0000 38.0376
553.0000 38.0364
554.0000 38.0352
555.0000 38.0340
556.0000 38.0328
557.0000 38.0316
558.0000 38.0304
559.0000 38.0292
560.0000 38.0280
561.0000 38.0268
562.0000 38.0257
563.0000 38.0245
564.0000 38.0234
565.0000 38.0223
566.0000 38.0212
567.0000 38.0201
568.0000 38.0190
569.0000 38.0180
570.0000 38.0169
571.0000 38.0159
572.0000 38.0149
573.0000 38.0139
574.0000 38.0129
575.0000 38.0120
576.0000 38.0110
577.0000 38.0101
578.0000 38.0092
579.0000 38.0083
580.0000 38.0075
581.0000 38.0067
582.0000 38.0059
583.0000 38.0051
584.0000 38.0043
585.0000 38.0036
586.0000 38.0028
587.0000 38.0021
588.0000 38.0015
589.0000 38.0008
590.0000 38.0002
591.0000 37.9996
592.0000 37.9990
593.0000 37.9984
594.0000 37.9979
595.0000 37.9973
596.0000 37.9968
597.0000 37.9964
598.0000 37.9959
599.0000 37.9955
600.0000 37.9951
