1.0000 36.5000
2.0000 36.5000
3.0000 36.5000
4.0000 36.5000
5.0000 36.5000
6.0000 36.5000
7.0000 36.5000
8.0000 36.5000
9.0000 36.5000
10.0000 36.5000
11.0000 36.5000
12.0000 36.5000
13.0000 36.5000
14.0000 36.5000
15.0000 36.5000
16.0000 36.5000
17.0000 36.5000
18.0000 36.5000
19.0000 36.5000
20.0000 36.4991
21.0000 36.4975
22.0000 36.4953
23.0000 36.4925
24.0000 36.4892
25.0000 36.4856
26.0000 36.4817
27.0000 36.4776
28.0000 36.4733
29.0000 36.4689
30.0000 36.4645
31.0000 36.4601
32.0000 36.4557
33.0000 36.4643
34.0000 36.4965
35.0000 36.5488
36.0000 36.6183
37.0000 36.7023
38.0000 36.7982
39.0000 36.9039
40.0000 37.0171
41.0000 37.1360
42.0000 37.2588
43.0000 37.3841
44.0000 37.5105
45.0000 37.6367
46.0000 37.7617
47.0000 37.8845
48.0000 38.0045
49.0000 38.1209
50.0000 38.2331
51.0000 38.3408
52.0000 38.4435
53.0000 38.5410
54.0000 38.6331
55.0000 38.7197
56.0000 38.8007
57.0000 38.8762
58.0000 38.9460
59.0000 39.0105
60.0000 39.0696
61.0000 39.1235
62.0000 39.1724
63.0000 39.2165
64.0000 39.2560
65.0000 39.2912
66.0000 39.3222
67.0000 39.3493
68.0000 39.3728
69.0000 39.3930
70.0000 39.4099
71.0000 39.4240
72.0000 39.4354
73.0000 39.4444
74.0000 39.4511
75.0000 39.4559
76.0000 39.4589
77.0000 39.4603
78.0000 39.4602
79.0000 39.4590
80.0000 39.4566
81.0000 39.4534
82.0000 39.4493
83.0000 39.4446
84.0000 39.4394
85.0000 39.4338
86.0000 39.4278
87.0000 39.4216
88.0000 39.4153
89.0000 39.4088
90.0000 39.4024
91.0000 39.3960
92.0000 39.3897
93.0000 39.3836
94.0000 39.3776
95.0000 39.3718
96.0000 39.3663
97.0000 39.3610
98.0000 39.3559
99.0000 39.3511
100.0000 39.3466
101.0000 39.3424
102.0000 39.3385
103.0000 39.3348
104.0000 39.3315
105.0000 39.3284
106.0000 39.3256
107.0000 39.3230
108.0000 39.3207
109.0000 39.3186
110.0000 39.3167
111.0000 39.3151
112.0000 39.3136
113.0000 39.3124
114.0000 39.3113
115.0000 39.3104
116.0000 39.3096
117.0000 39.3090
118.0000 39.3085
119.0000 39.3081
120.0000 39.3078
121.0000 39.3077
122.0000 39.3076
123.0000 39.3075
124.0000 39.3076
125.0000 39.3077
126.0000 39.3078
127.0000 39.3080
128.0000 39.3083
129.0000 39.3085
130.0000 39.3088
131.0000 39.3091
132.0000 39.3094
133.0000 39.3097
134.0000 39.3101
135.0000 39.3104
136.0000 39.3107
137.0000 39.3110
138.0000 39.3113
139.0000 39.3117
140.0000 39.3120
141.0000 39.3122
142.0000 39.3125
143.0000 39.3128
144.0000 39.3130
145.0000 39.3133
146.0000 39.3135
147.0000 39.3137
148.0000 39.3139
149.0000 39.3140
150.0000 39.3142
151.0000 39.3144
152.0000 39.3145
153.0000 39.3146
154.0000 39.3147
155.0000 39.3148
156.0000 39.3149
157.0000 39.3150
158.0000 39.3151
159.0000 39.3151
160.0000 39.3152
161.0000 39.3152
162.0000 39.3152
163.0000 39.3153
164.0000 39.3153
165.0000 39.3153
166.0000 39.3153
167.0000 39.3153
168.0000 39.3153
169.0000 39.3153
170.0000 39.3153
171.0000 39.3153
172.0000 39.3153
173.0000 39.3153
174.0000 39.3153
175.0000 39.3153
176.0000 39.3152
177.0000 39.3152
178.0000 39.3152
179.0000 39.3152
180.0000 39.3152
181.0000 39.3152
182.0000 39.3151
183.0000 39.3151
184.0000 39.3151
185.0000 39.3151
186.0000 39.3151
187.0000 39.3151
188.0000 39.3151
189.0000 39.3150
190.0000 39.3150
191.0000 39.3150
192.0000 39.3150
193.0000 39.3150
194.0000 39.3150
195.0000 39.3150
196.0000 39.3150
197.0000 39.3150
198.0000 39.3150
199.0000 39.3150
200.0000 39.3149
201.0000 39.3149
202.0000 39.3149
203.0000 39.3149
204.0000 39.3149
205.0000 39.3149
206.0000 39.3149
207.0000 39.3149
208.0000 39.3149
209.0000 39.3149
210.0000 39.3149
211.0000 39.3149
212.0000 39.3149
213.0000 39.3149
214.0000 39.3149
215.0000 39.3149
216.0000 39.3149
217.0000 39.3149
218.0000 39.3149
219.0000 39.3149
220.0000 39.3149
221.0000 39.3149
222.0000 39.3149
223.0000 39.3149
224.0000 39.3149
225.0000 39.3149
226.0000 39.3149
227.0000 39.3149
228.0000 39.3149
229.0000 39.3149
230.0000 39.3149
231.0000 39.3149
232.0000 39.3149
233.0000 39.3149
234.0000 39.3149
235.0000 39.3149
236.0000 39.3149
237.0000 39.3149
238.0000 39.3149
239.0000 39.3149
240.0000 39.3149
241.0000 39.3149
242.0000 39.3149
243.0000 39.3149
244.0000 39.3149
245.0000 39.3149
246.0000 39.3149
247.0000 39.3149
248.0000 39.3149
249.0000 39.3149
250.0000 39.3149
251.0000 39.3149
252.0000 39.3149
253.0000 39.3149
254.0000 39.3149
255.0000 39.3149
256.0000 39.3149
257.0000 39.3149
258.0000 39.3149
259.0000 39.3149
260.0000 39.3149
261.0000 39.3149
262.0000 39.3149
263.0000 39.3149
264.0000 39.3149
265.0000 39.3149
266.0000 39.3149
267.0000 39.3149
268.0000 39.3149
269.0000 39.3149
270.0000 39.3149
271.0000 39.3149
272.0000 39.3149
273.0000 39.3149
274.0000 39.3149
275.0000 39.3149
276.0000 39.3149
277.0000 39.3149
278.0000 39.3149
279.0000 39.3149
280.0000 39.3149
281.0000 39.3149
282.0000 39.3149
283.0000 39.3149
284.0000 39.3149
285.0000 39.3149
286.0000 39.3149
287.0000 39.3149
288.0000 39.3149
289.0000 39.3149
290.0000 39.3149
291.0000 39.3149
292.0000 39.3149
293.0000 39.3149
294.0000 39.3149
295.0000 39.3149
296.0000 39.3149
297.0000 39.3149
298.0000 39.3149
299.0000 39.3149
300.0000 39.3149
301.0000 39.3149
302.0000 39.3149
303.0000 39.3149
304.0000 39.3149
305.0000 39.3149
306.0000 39.3149
307.0000 39.3149
308.0000 39.3149
309.0000 39.3149
310.0000 39.3149
311.0000 39.3149
312.0000 39.3149
313.0000 39.3149
314.0000 39.3149
315.0000 39.3149
316.0000 39.3149
317.0000 39.3149
318.0000 39.3149
319.0000 39.3149
320.0000 39.3149
321.0000 39.3149
322.0000 39.3149
323.0000 39.3149
324.0000 39.3149
325.0000 39.3149
326.0000 39.3149
327.0000 39.3149
328.0000 39.3149
329.0000 39.3149
330.0000 39.3149
331.0000 39.3149
332.0000 39.3149
333.0000 39.3075
334.0000 39.2867
335.0000 39.2544
336.0000 39.2124
337.0000 39.1623
338.0000 39.1053
339.0000 39.0430
340.0000 38.9764
341.0000 38.9067
342.0000 38.8348
343.0000 38.7617
344.0000 38.6880
345.0000 38.6146
346.0000 38.5419
347.0000 38.4706
348.0000 38.4010
349.0000 38.3336
350.0000 38.2687
351.0000 38.2064
352.0000 38.1471
353.0000 38.0908
354.0000 38.0376
355.0000 37.9877
356.0000 37.9411
357.0000 37.8977
358.0000 37.8575
359.0000 37.8205
360.0000 37.7866
361.0000 37.7557
362.0000 37.7276
363.0000 37.7024
364.0000 37.6798
365.0000 37.6597
366.0000 37.6420
367.0000 37.6266
368.0000 37.6132
369.0000 37.6018
370.0000 37.5922
371.0000 37.5843
372.0000 37.5779
373.0000 37.5729
374.0000 37.5692
375.0000 37.5666
376.0000 37.5650
377.0000 37.5643
378.0000 37.5645
379.0000 37.5653
380.0000 37.5668
381.0000 37.5688
382.0000 37.5712
383.0000 37.5740
384.0000 37.5771
385.0000 37.5804
386.0000 37.5839
387.0000 37.5875
388.0000 37.5912
389.0000 37.5950
390.0000 37.5987
391.0000 37.6024
392.0000 37.6061
393.0000 37.6096
394.0000 37.6131
395.0000 37.6165
396.0000 37.6197
397.0000 37.6227
398.0000 37.6257
399.0000 37.6284
400.0000 37.6310
401.0000 37.6334
402.0000 37.6357
403.0000 37.6378
404.0000 37.6397
405.0000 37.6415
406.0000 37.6431
407.0000 37.6446
408.0000 37.6459
409.0000 37.6471
410.0000 37.6482
411.0000 37.6491
412.0000 37.6499
413.0000 37.6507
414.0000 37.6513
415.0000 37.6518
416.0000 37.6522
417.0000 37.6526
418.0000 37.6528
419.0000 37.6531
420.0000 37.6532
421.0000 37.6533
422.0000 37.6534
423.0000 37.6534
424.0000 37.6533
425.0000 37.6533
426.0000 37.6532
427.0000 37.6531
428.0000 37.6529
429.0000 37.6528
430.0000 37.6526
431.0000 37.6524
432.0000 37.6522
433.0000 37.6521
434.0000 37.6519
435.0000 37.6517
436.0000 37.6515
437.0000 37.6513
438.0000 37.6511
439.0000 37.6509
440.0000 37.6508
441.0000 37.6506
442.0000 37.6504
443.0000 37.6503
444.0000 37.6501
445.0000 37.6500
446.0000 37.6499
447.0000 37.6498
448.0000 37.6497
449.0000 37.6496
450.0000 37.6495
451.0000 37.6494
452.0000 37.6493
453.0000 37.6492
454.0000 37.6492
455.0000 37.6491
456.0000 37.6491
457.0000 37.6490
458.0000 37.6490
459.0000 37.6489
460.0000 37.6489
461.0000 37.6489
462.0000 37.6489
463.0000 37.6489
464.0000 37.6489
465.0000 37.6488
466.0000 37.6488
467.0000 37.6488
468.0000 37.6488
469.0000 37.6488
470.0000 37.6488
471.0000 37.6488
472.0000 37.6488
473.0000 37.6489
474.0000 37.6489
475.0000 37.6489
476.0000 37.6489
477.0000 37.6489
478.0000 37.6489
479.0000 37.6489
480.0000 37.6489
481.0000 37.6489
482.0000 37.6489
483.0000 37.6489
484.0000 37.6490
485.0000 37.6490
486.0000 37.6490
487.0000 37.6490
488.0000 37.6490
489.0000 37.6490
490.0000 37.6490
491.0000 37.6490
492.0000 37.6490
493.0000 37.6490
494.0000 37.6490
495.0000 37.6490
496.0000 37.6490
497.0000 37.6490
498.0000 37.6490
499.0000 37.6490
500.0000 37.6490
501.0000 37.6491
502.0000 37.6491
503.0000 37.6491
504.0000 37.6491
505.0000 37.6491
506.0000 37.6491
507.0000 37.6491
508.0000 37.6491
509.0000 37.6491
510.0000 37.6491
511.0000 37.6491
512.0000 37.6491
513.0000 37.6491
514.0000 37.6491
515.0000 37.6491
516.0000 37.6491
517.0000 37.6491
518.0000 37.6491
519.0000 37.6491
520.0000 37.6491
521.0000 37.6491
522.0000 37.6491
523.0000 37.6491
524.0000 37.6491
525.0000 37.6491
526.0000 37.6491
527.0000 37.6491
528.0000 37.6491
529.0000 37.6491
530.0000 37.6491
531.0000 37.6491
532.0000 37.6491
533.0000 37.6491
534.0000 37.6491
535.0000 37.6491
536.0000 37.6491
537.0000 37.6491
538.0000 37.6491
539.0000 37.6491
540.0000 37.6491
541.0000 37.6491
542.0000 37.6491
543.0000 37.6491
544.0000 37.6491
545.0000 37.6491
546.0000 37.6491
547.0000 37.6491
548.0000 37.6491
549.0000 37.6491
550.0000 37.6491
551.0000 37.6491
552.0000 37.6491
553.0000 37.6491
554.0000 37.6491
555.0000 37.6491
556.0000 37.6491
557.0000 37.6491
558.0000 37.6491
559.0000 37.6491
560.0000 37.6491
561.0000 37.6491
562.0000 37.6491
563.0000 37.6491
564.0000 37.6491
565.0000 37.6491
566.0000 37.6491
567.0000 37.6491
568.0000 37.6491
569.0000 37.6491
570.0000 37.6491
571.0000 37.6491
572.0000 37.6491
573.0000 37.6491
574.0000 37.6491
575.0000 37.6491
576.0000 37.6491
577.0000 37.6491
578.0000 37.6491
579.0000 37.6491
580.0000 37.6491
581.0000 37.6491
582.0000 37.6491
583.0000 37.6491
584.0000 37.6491
585.0000 37.6491
586.0000 37.6491
587.0000 37.6491
588.0000 37.6491
589.0000 37.6491
590.0000 37.6491
591.0000 37.6491
592.0000 37.6491
593.0000 37.6491
594.0000 37.6491
595.0000 37.6491
596.0000 37.6491
597.0000 37.6491
598.0000 37.6491
599.0000 37.6491
600.0000 37.6491
