1.0000 36.5000
2.0000 36.5000
3.0000 36.5000
4.0000 36.5000
5.0000 36.5000
6.0000 36.5000
7.0000 36.5000
8.0000 36.5000
9.0000 36.5000
10.0000 36.5000
11.0000 36.5000
12.0000 36.5000
13.0000 36.5000
14.0000 36.5000
15.0000 36.5000
16.0000 36.5000
17.0000 36.5000
18.0000 36.5000
19.0000 36.5000
20.0000 36.4991
21.0000 36.4975
22.0000 36.4953
23.0000 36.4925
24.0000 36.4892
25.0000 36.4856
26.0000 36.4817
27.0000 36.4775
28.0000 36.4732
29.0000 36.4688
30.0000 36.4643
31.0000 36.4598
32.0000 36.4553
33.0000 36.4612
34.0000 36.4863
35.0000 36.5279
36.0000 36.5840
37.0000 36.6524
38.0000 36.7315
39.0000 36.8196
40.0000 36.9150
41.0000 37.0166
42.0000 37.1228
43.0000 37.2328
44.0000 37.3453
45.0000 37.4595
46.0000 37.5746
47.0000 37.6898
48.0000 37.8045
49.0000 37.9182
50.0000 38.0302
51.0000 38.1402
52.0000 38.2478
53.0000 38.3526
54.0000 38.4546
55.0000 38.5533
56.0000 38.6486
57.0000 38.7405
58.0000 38.8287
59.0000 38.9133
60.0000 38.9941
61.0000 39.0712
62.0000 39.1446
63.0000 39.2144
64.0000 39.2804
65.0000 39.3429
66.0000 39.4018
67.0000 39.4573
68.0000 39.5094
69.0000 39.5583
70.0000 39.6041
71.0000 39.6468
72.0000 39.6866
73.0000 39.7236
74.0000 39.7579
75.0000 39.7897
76.0000 39.8190
77.0000 39.8461
78.0000 39.8709
79.0000 39.8936
80.0000 39.9144
81.0000 39.9333
82.0000 39.9505
83.0000 39.9660
84.0000 39.9800
85.0000 39.9925
86.0000 40.0038
87.0000 40.0137
88.0000 40.0225
89.0000 40.0303
90.0000 40.0370
91.0000 40.0429
92.0000 40.0479
93.0000 40.0521
94.0000 40.0556
95.0000 40.0585
96.0000 40.0607
97.0000 40.0625
98.0000 40.0637
99.0000 40.0646
100.0000 40.0650
101.0000 40.0651
102.0000 40.0649
103.0000 40.0644
104.0000 40.0637
105.0000 40.0627
106.0000 40.0616
107.0000 40.0604
108.0000 40.0590
109.0000 40.0575
110.0000 40.0559
111.0000 40.0542
112.0000 40.0525
113.0000 40.0507
114.0000 40.0490
115.0000 40.0472
116.0000 40.0454
117.0000 40.0436
118.0000 40.0418
119.0000 40.0401
120.0000 40.0384
121.0000 40.0367
122.0000 40.0351
123.0000 40.0335
124.0000 40.0319
125.0000 40.0304
126.0000 40.0290
127.0000 40.0276
128.0000 40.0262
129.0000 40.0249
130.0000 40.0237
131.0000 40.0225
132.0000 40.0214
133.0000 40.0203
134.0000 40.0193
135.0000 40.0183
136.0000 40.0174
137.0000 40.0165
138.0000 40.0157
139.0000 40.0149
140.0000 40.0142
141.0000 40.0135
142.0000 40.0128
143.0000 40.0122
144.0000 40.0117
145.0000 40.0111
146.0000 40.0106
147.0000 40.0102
148.0000 40.0097
149.0000 40.0093
150.0000 40.0090
151.0000 40.0086
152.0000 40.0083
153.0000 40.0080
154.0000 40.0077
155.0000 40.0074
156.0000 40.0072
157.0000 40.0070
158.0000 40.0068
159.0000 40.0066
160.0000 40.0064
161.0000 40.0062
162.0000 40.0061
163.0000 40.0059
164.0000 40.0058
165.0000 40.0057
166.0000 40.0056
167.0000 40.0055
168.0000 40.0054
169.0000 40.0053
170.0000 40.0052
171.0000 40.0051
172.0000 40.0051
173.0000 40.0050
174.0000 40.0049
175.0000 40.0049
176.0000 40.0048
177.0000 40.0048
178.0000 40.0047
179.0000 40.0046
180.0000 40.0046
181.0000 40.0046
182.0000 40.0045
183.0000 40.0045
184.0000 40.0044
185.0000 40.0044
186.0000 40.0043
187.0000 40.0043
188.0000 40.0043
189.0000 40.0042
190.0000 40.0042
191.0000 40.0042
192.0000 40.0041
193.0000 40.0041
194.0000 40.0040
195.0000 40.0040
196.0000 40.0040
197.0000 40.0039
198.0000 40.0039
199.0000 40.0039
200.0000 40.0038
201.0000 40.0038
202.0000 40.0037
203.0000 40.0037
204.0000 40.0037
205.0000 40.0036
206.0000 40.0036
207.0000 40.0036
208.0000 40.0035
209.0000 40.0035
210.0000 40.0034
211.0000 40.0034
212.0000 40.0034
213.0000 40.0033
214.0000 40.0033
215.0000 40.0032
216.0000 40.0032
217.0000 40.0032
218.0000 40.0031
219.0000 40.0031
220.0000 40.0031
221.0000 40.0030
222.0000 40.0030
223.0000 40.0030
224.0000 40.0029
225.0000 40.0029
226.0000 40.0028
227.0000 40.0028
228.0000 40.0028
229.0000 40.0027
230.0000 40.0027
231.0000 40.0027
232.0000 40.0026
233.0000 40.0026
234.0000 40.0026
235.0000 40.0025
236.0000 40.0025
237.0000 40.0025
238.0000 40.0024
239.0000 40.0024
240.0000 40.0024
241.0000 40.0023
242.0000 40.0023
243.0000 40.0023
244.0000 40.0023
245.0000 40.0022
246.0000 40.0022
247.0000 40.0022
248.0000 40.0021
249.0000 40.0021
250.0000 40.0021
251.0000 40.0021
252.0000 40.0020
253.0000 40.0020
254.0000 40.0020
255.0000 40.0020
256.0000 40.0019
257.0000 40.0019
258.0000 40.0019
259.0000 40.0019
260.0000 40.0018
261.0000 40.0018
262.0000 40.0018
263.0000 40.0018
264.0000 40.0017
265.0000 40.0017
266.0000 40.0017
267.0000 40.0017
268.0000 40.0016
269.0000 40.0016
270.0000 40.0016
271.0000 40.0016
272.0000 40.0016
273.0000 40.0015
274.0000 40.0015
275.0000 40.0015
276.0000 40.0015
277.0000 40.0015
278.0000 40.0014
279.0000 40.0014
280.0000 40.0014
281.0000 40.0014
282.0000 40.0014
283.0000 40.0014
284.0000 40.0013
285.0000 40.0013
286.0000 40.0013
287.0000 40.0013
288.0000 40.0013
289.0000 40.0012
290.0000 40.0012
291.0000 40.0012
292.0000 40.0012
293.0000 40.0012
294.0000 40.0012
295.0000 40.0012
296.0000 40.0011
297.0000 40.0011
298.0000 40.0011
299.0000 40.0011
300.0000 40.0011
301.0000 40.0011
302.0000 40.0011
303.0000 40.0010
304.0000 40.0010
305.0000 40.0010
306.0000 40.0010
307.0000 40.0010
308.0000 40.0010
309.0000 40.0010
310.0000 40.0009
311.0000 40.0009
312.0000 40.0009
313.0000 40.0009
314.0000 40.0009
315.0000 40.0009
316.0000 40.0009
317.0000 40.0009
318.0000 40.0009
319.0000 40.0008
320.0000 40.0008
321.0000 40.0008
322.0000 40.0008
323.0000 40.0008
324.0000 40.0008
325.0000 40.0008
326.0000 40.0008
327.0000 40.0008
328.0000 40.0008
329.0000 40.0007
330.0000 40.0007
331.0000 40.0007
332.0000 40.0007
333.0000 39.9947
334.0000 39.9779
335.0000 39.9516
336.0000 39.9172
337.0000 39.8757
338.0000 39.8283
339.0000 39.7759
340.0000 39.7193
341.0000 39.6593
342.0000 39.5968
343.0000 39.5322
344.0000 39.4663
345.0000 39.3996
346.0000 39.3324
347.0000 39.2653
348.0000 39.1986
349.0000 39.1326
350.0000 39.0677
351.0000 39.0040
352.0000 38.9418
353.0000 38.8812
354.0000 38.8224
355.0000 38.7655
356.0000 38.7107
357.0000 38.6579
358.0000 38.6072
359.0000 38.5588
360.0000 38.5125
361.0000 38.4684
362.0000 38.4265
363.0000 38.3868
364.0000 38.3492
365.0000 38.3137
366.0000 38.2803
367.0000 38.2489
368.0000 38.2195
369.0000 38.1919
370.0000 38.1662
371.0000 38.1422
372.0000 38.1199
373.0000 38.0993
374.0000 38.0802
375.0000 38.0626
376.0000 38.0464
377.0000 38.0316
378.0000 38.0180
379.0000 38.0056
380.0000 37.9943
381.0000 37.9842
382.0000 37.9750
383.0000 37.9668
384.0000 37.9594
385.0000 37.9529
386.0000 37.9471
387.0000 37.9421
388.0000 37.9377
389.0000 37.9339
390.0000 37.9307
391.0000 37.9280
392.0000 37.9258
393.0000 37.9240
394.0000 37.9226
395.0000 37.9216
396.0000 37.9209
397.0000 37.9205
398.0000 37.9204
399.0000 37.9206
400.0000 37.9209
401.0000 37.9214
402.0000 37.9221
403.0000 37.9230
404.0000 37.9240
405.0000 37.9250
406.0000 37.9262
407.0000 37.9275
408.0000 37.9288
409.0000 37.9302
410.0000 37.9316
411.0000 37.9331
412.0000 37.9346
413.0000 37.9361
414.0000 37.9376
415.0000 37.9391
416.0000 37.9405
417.0000 37.9420
418.0000 37.9435
419.0000 37.9449
420.0000 37.9464
421.0000 37.9477
422.0000 37.9491
423.0000 37.9504
424.0000 37.9517
425.0000 37.9530
426.0000 37.9542
427.0000 37.9554
428.0000 37.9566
429.0000 37.9577
430.0000 37.9588
431.0000 37.9598
432.0000 37.9608
433.0000 37.9618
434.0000 37.9628
435.0000 37.9637
436.0000 37.9645
437.0000 37.9654
438.0000 37.9662
439.0000 37.9669
440.0000 37.9677
441.0000 37.9684
442.0000 37.9691
443.0000 37.9697
444.0000 37.9704
445.0000 37.9710
446.0000 37.9716
447.0000 37.9721
448.0000 37.9726
449.0000 37.9732
450.0000 37.9737
451.0000 37.9741
452.0000 37.9746
453.0000 37.9750
454.0000 37.9755
455.0000 37.9759
456.0000 37.9763
457.0000 37.9767
458.0000 37.9770
459.0000 37.9774
460.0000 37.9777
461.0000 37.9781
462.0000 37.9784
463.0000 37.9787
464.0000 37.9790
465.0000 37.9793
466.0000 37.9796
467.0000 37.9799
468.0000 37.9802
469.0000 37.9804
470.0000 37.9807
471.0000 37.9809
472.0000 37.9812
473.0000 37.9814
474.0000 37.9817
475.0000 37.9819
476.0000 37.9821
477.0000 37.9824
478.0000 37.9826
479.0000 37.9828
480.0000 37.9830
481.0000 37.9832
482.0000 37.9834
483.0000 37.9837
484.0000 37.9839
485.0000 37.9841
486.0000 37.9842
487.0000 37.9844
488.0000 37.9846
489.0000 37.9848
490.0000 37.9850
491.0000 37.9852
492.0000 37.9854
493.0000 37.9856
494.0000 37.9857
495.0000 37.9859
496.0000 37.9861
497.0000 37.9863
498.0000 37.9864
499.0000 37.9866
500.0000 37.9868
501.0000 37.9869
502.0000 37.9871
503.0000 37.9873
504.0000 37.9874
505.0000 37.9876
506.0000 37.9877
507.0000 37.9879
508.0000 37.9880
509.0000 37.9882
510.0000 37.9883
511.0000 37.9885
512.0000 37.9886
513.0000 37.9888
514.0000 37.9889
515.0000 37.9891
516.0000 37.9892
517.0000 37.9893
518.0000 37.9895
519.0000 37.9896
520.0000 37.9897
521.0000 37.9899
522.0000 37.9900
523.0000 37.9901
524.0000 37.9903
525.0000 37.9904
526.0000 37.9905
527.0000 37.9906
528.0000 37.9907
529.0000 37.9909
530.0000 37.9910
531.0000 37.9911
532.0000 37.9912
533.0000 37.9913
534.0000 37.9914
535.0000 37.9916
536.0000 37.9917
537.0000 37.9918
538.0000 37.9919
539.0000 37.9920
540.0000 37.9921
541.0000 37.9922
542.0000 37.9923
543.0000 37.9924
544.0000 37.9925
545.0000 37.9926
546.0000 37.9927
547.0000 37.9928
548.0000 37.9929
549.0000 37.9930
550.0000 37.9931
551.0000 37.9931
552.0000 37.9932
553.0000 37.9933
554.0000 37.9934
555.0000 37.9935
556.0000 37.9936
557.0000 37.9937
558.0000 37.9937
559.0000 37.9938
560.0000 37.9939
561.0000 37.9940
562.0000 37.9941
563.0000 37.9941
564.0000 37.9942
565.0000 37.9943
566.0000 37.9944
567.0000 37.9944
568.0000 37.9945
569.0000 37.9946
570.0000 37.9947
571.0000 37.9947
572.0000 37.9948
573.0000 37.9949
574.0000 37.9949
575.0000 37.9950
576.0000 37.9951
577.0000 37.9951
578.0000 37.9952
579.0000 37.9952
580.0000 37.9953
581.0000 37.9954
582.0000 37.9954
583.0000 37.9955
584.0000 37.9956
585.0000 37.9956
586.0000 37.9957
587.0000 37.9957
588.0000 37.9958
589.0000 37.9958
590.0000 37.9959
591.0000 37.9959
592.0000 37.9960
593.0000 37.9960
594.0000 37.9961
595.0000 37.9961
596.0000 37.9962
597.0000 37.9962
598.0000 37.9963
599.0000 37.9963
600.0000 37.9964
