1.0000 0.0000
2.0000 0.0000
3.0000 0.0000
4.0000 0.0000
5.0000 0.0000
6.0000 0.0000
7.0000 0.0000
8.0000 0.0000
9.0000 0.0000
10.0000 0.0000
11.0000 0.0000
12.0000 0.0000
13.0000 0.0000
14.0000 0.0000
15.0000 -0.1000
16.0000 -0.1000
17.0000 -0.1000
18.0000 -0.1000
19.0000 -0.1000
20.0000 -0.1000
21.0000 -0.1000
22.0000 -0.1000
23.0000 -0.1000
24.0000 -0.1000
25.0000 -0.1000
26.0000 -0.1000
27.0000 -0.1000
28.0000 -0.1000
29.0000 -0.1000
30.0000 -0.1000
31.0000 -0.1000
32.0000 -0.1000
33.0000 -0.1000
34.0000 -0.1000
35.0000 -0.1000
36.0000 -0.1000
37.0000 -0.1000
38.0000 -0.1000
39.0000 -0.1000
40.0000 -0.1000
41.0000 -0.1000
42.0000 -0.1000
43.0000 -0.1000
44.0000 -0.1000
45.0000 -0.1000
46.0000 -0.1000
47.0000 -0.1000
48.0000 -0.1000
49.0000 -0.1000
50.0000 -0.1000
51.0000 -0.1000
52.0000 -0.1000
53.0000 -0.1000
54.0000 -0.1000
55.0000 -0.1000
56.0000 -0.1000
57.0000 -0.1000
58.0000 -0.1000
59.0000 -0.1000
60.0000 -0.1000
61.0000 -0.1000
62.0000 -0.1000
63.0000 -0.1000
64.0000 -0.1000
65.0000 -0.1000
66.0000 -0.1000
67.0000 -0.1000
68.0000 -0.1000
69.0000 -0.1000
70.0000 -0.1000
71.0000 -0.1000
72.0000 -0.1000
73.0000 -0.1000
74.0000 -0.1000
75.0000 -0.1000
76.0000 -0.1000
77.0000 -0.1000
78.0000 -0.1000
79.0000 -0.1000
80.0000 -0.1000
81.0000 -0.1000
82.0000 -0.1000
83.0000 -0.1000
84.0000 -0.1000
85.0000 -0.1000
86.0000 -0.1000
87.0000 -0.1000
88.0000 -0.1000
89.0000 -0.1000
90.0000 -0.1000
91.0000 -0.1000
92.0000 -0.1000
93.0000 -0.1000
94.0000 -0.1000
95.0000 -0.1000
96.0000 -0.1000
97.0000 -0.1000
98.0000 -0.1000
99.0000 -0.1000
100.0000 -0.1000
101.0000 -0.1000
102.0000 -0.1000
103.0000 -0.1000
104.0000 -0.1000
105.0000 -0.1000
106.0000 -0.1000
107.0000 -0.1000
108.0000 -0.1000
109.0000 -0.1000
110.0000 -0.1000
111.0000 -0.1000
112.0000 -0.1000
113.0000 -0.1000
114.0000 -0.1000
115.0000 -0.1000
116.0000 -0.1000
117.0000 -0.1000
118.0000 -0.1000
119.0000 -0.1000
120.0000 -0.1000
121.0000 -0.1000
122.0000 -0.1000
123.0000 -0.1000
124.0000 -0.1000
125.0000 -0.1000
126.0000 -0.1000
127.0000 -0.1000
128.0000 -0.1000
129.0000 -0.1000
130.0000 -0.1000
131.0000 -0.1000
132.0000 -0.1000
133.0000 -0.1000
134.0000 -0.1000
135.0000 -0.1000
136.0000 -0.1000
137.0000 -0.1000
138.0000 -0.1000
139.0000 -0.1000
140.0000 -0.1000
141.0000 -0.1000
142.0000 -0.1000
143.0000 -0.1000
144.0000 -0.1000
145.0000 -0.1000
146.0000 -0.1000
147.0000 -0.1000
148.0000 -0.1000
149.0000 -0.1000
150.0000 -0.1000
151.0000 -0.1000
152.0000 -0.1000
153.0000 -0.1000
154.0000 -0.1000
155.0000 -0.1000
156.0000 -0.1000
157.0000 -0.1000
158.0000 -0.1000
159.0000 -0.1000
160.0000 -0.1000
161.0000 -0.1000
162.0000 -0.1000
163.0000 -0.1000
164.0000 -0.1000
165.0000 -0.1000
166.0000 -0.1000
167.0000 -0.1000
168.0000 -0.1000
169.0000 -0.1000
170.0000 -0.1000
171.0000 -0.1000
172.0000 -0.1000
173.0000 -0.1000
174.0000 -0.1000
175.0000 -0.1000
176.0000 -0.1000
177.0000 -0.1000
178.0000 -0.1000
179.0000 -0.1000
180.0000 -0.1000
181.0000 -0.1000
182.0000 -0.1000
183.0000 -0.1000
184.0000 -0.1000
185.0000 -0.1000
186.0000 -0.1000
187.0000 -0.1000
188.0000 -0.1000
189.0000 -0.1000
190.0000 -0.1000
191.0000 -0.1000
192.0000 -0.1000
193.0000 -0.1000
194.0000 -0.1000
195.0000 -0.1000
196.0000 -0.1000
197.0000 -0.1000
198.0000 -0.1000
199.0000 -0.1000
200.0000 -0.1000
201.0000 -0.1000
202.0000 -0.1000
203.0000 -0.1000
204.0000 -0.1000
205.0000 -0.1000
206.0000 -0.1000
207.0000 -0.1000
208.0000 -0.1000
209.0000 -0.1000
210.0000 -0.1000
211.0000 -0.1000
212.0000 -0.1000
213.0000 -0.1000
214.0000 -0.1000
215.0000 -0.1000
216.0000 -0.1000
217.0000 -0.1000
218.0000 -0.1000
219.0000 -0.1000
220.0000 -0.1000
221.0000 -0.1000
222.0000 -0.1000
223.0000 -0.1000
224.0000 -0.1000
225.0000 -0.1000
226.0000 -0.1000
227.0000 -0.1000
228.0000 -0.1000
229.0000 -0.1000
230.0000 -0.1000
231.0000 -0.1000
232.0000 -0.1000
233.0000 -0.1000
234.0000 -0.1000
235.0000 -0.1000
236.0000 -0.1000
237.0000 -0.1000
238.0000 -0.1000
239.0000 -0.1000
240.0000 -0.1000
241.0000 -0.1000
242.0000 -0.1000
243.0000 -0.1000
244.0000 -0.1000
245.0000 -0.1000
246.0000 -0.1000
247.0000 -0.1000
248.0000 -0.1000
249.0000 -0.1000
250.0000 -0.1000
