1.0000 0.0000
2.0000 0.0000
3.0000 0.0000
4.0000 0.0000
5.0000 0.0000
6.0000 0.0000
7.0000 0.0000
8.0000 0.0000
9.0000 0.0000
10.0000 0.0000
11.0000 0.0000
12.0000 0.0000
13.0000 0.0000
14.0000 0.0000
15.0000 -0.4000
16.0000 -0.4000
17.0000 -0.4000
18.0000 -0.4000
19.0000 -0.4000
20.0000 -0.4000
21.0000 -0.4000
22.0000 -0.4000
23.0000 -0.4000
24.0000 -0.4000
25.0000 -0.4000
26.0000 -0.4000
27.0000 -0.4000
28.0000 -0.4000
29.0000 -0.4000
30.0000 -0.4000
31.0000 -0.4000
32.0000 -0.4000
33.0000 -0.4000
34.0000 -0.4000
35.0000 -0.4000
36.0000 -0.4000
37.0000 -0.4000
38.0000 -0.4000
39.0000 -0.4000
40.0000 -0.4000
41.0000 -0.4000
42.0000 -0.4000
43.0000 -0.4000
44.0000 -0.4000
45.0000 -0.4000
46.0000 -0.4000
47.0000 -0.4000
48.0000 -0.4000
49.0000 -0.4000
50.0000 -0.4000
51.0000 -0.4000
52.0000 -0.4000
53.0000 -0.4000
54.0000 -0.4000
55.0000 -0.4000
56.0000 -0.4000
57.0000 -0.4000
58.0000 -0.4000
59.0000 -0.4000
60.0000 -0.4000
61.0000 -0.4000
62.0000 -0.4000
63.0000 -0.4000
64.0000 -0.4000
65.0000 -0.4000
66.0000 -0.4000
67.0000 -0.4000
68.0000 -0.4000
69.0000 -0.4000
70.0000 -0.4000
71.0000 -0.4000
72.0000 -0.4000
73.0000 -0.4000
74.0000 -0.4000
75.0000 -0.4000
76.0000 -0.4000
77.0000 -0.4000
78.0000 -0.4000
79.0000 -0.4000
80.0000 -0.4000
81.0000 -0.4000
82.0000 -0.4000
83.0000 -0.4000
84.0000 -0.4000
85.0000 -0.4000
86.0000 -0.4000
87.0000 -0.4000
88.0000 -0.4000
89.0000 -0.4000
90.0000 -0.4000
91.0000 -0.4000
92.0000 -0.4000
93.0000 -0.4000
94.0000 -0.4000
95.0000 -0.4000
96.0000 -0.4000
97.0000 -0.4000
98.0000 -0.4000
99.0000 -0.4000
100.0000 -0.4000
101.0000 -0.4000
102.0000 -0.4000
103.0000 -0.4000
104.0000 -0.4000
105.0000 -0.4000
106.0000 -0.4000
107.0000 -0.4000
108.0000 -0.4000
109.0000 -0.4000
110.0000 -0.4000
111.0000 -0.4000
112.0000 -0.4000
113.0000 -0.4000
114.0000 -0.4000
115.0000 -0.4000
116.0000 -0.4000
117.0000 -0.4000
118.0000 -0.4000
119.0000 -0.4000
120.0000 -0.4000
121.0000 -0.4000
122.0000 -0.4000
123.0000 -0.4000
124.0000 -0.4000
125.0000 -0.4000
126.0000 -0.4000
127.0000 -0.4000
128.0000 -0.4000
129.0000 -0.4000
130.0000 -0.4000
131.0000 -0.4000
132.0000 -0.4000
133.0000 -0.4000
134.0000 -0.4000
135.0000 -0.4000
136.0000 -0.4000
137.0000 -0.4000
138.0000 -0.4000
139.0000 -0.4000
140.0000 -0.4000
141.0000 -0.4000
142.0000 -0.4000
143.0000 -0.4000
144.0000 -0.4000
145.0000 -0.4000
146.0000 -0.4000
147.0000 -0.4000
148.0000 -0.4000
149.0000 -0.4000
150.0000 -0.4000
151.0000 -0.4000
152.0000 -0.4000
153.0000 -0.4000
154.0000 -0.4000
155.0000 -0.4000
156.0000 -0.4000
157.0000 -0.4000
158.0000 -0.4000
159.0000 -0.4000
160.0000 -0.4000
161.0000 -0.4000
162.0000 -0.4000
163.0000 -0.4000
164.0000 -0.4000
165.0000 -0.4000
166.0000 -0.4000
167.0000 -0.4000
168.0000 -0.4000
169.0000 -0.4000
170.0000 -0.4000
171.0000 -0.4000
172.0000 -0.4000
173.0000 -0.4000
174.0000 -0.4000
175.0000 -0.4000
176.0000 -0.4000
177.0000 -0.4000
178.0000 -0.4000
179.0000 -0.4000
180.0000 -0.4000
181.0000 -0.4000
182.0000 -0.4000
183.0000 -0.4000
184.0000 -0.4000
185.0000 -0.4000
186.0000 -0.4000
187.0000 -0.4000
188.0000 -0.4000
189.0000 -0.4000
190.0000 -0.4000
191.0000 -0.4000
192.0000 -0.4000
193.0000 -0.4000
194.0000 -0.4000
195.0000 -0.4000
196.0000 -0.4000
197.0000 -0.4000
198.0000 -0.4000
199.0000 -0.4000
200.0000 -0.4000
201.0000 -0.4000
202.0000 -0.4000
203.0000 -0.4000
204.0000 -0.4000
205.0000 -0.4000
206.0000 -0.4000
207.0000 -0.4000
208.0000 -0.4000
209.0000 -0.4000
210.0000 -0.4000
211.0000 -0.4000
212.0000 -0.4000
213.0000 -0.4000
214.0000 -0.4000
215.0000 -0.4000
216.0000 -0.4000
217.0000 -0.4000
218.0000 -0.4000
219.0000 -0.4000
220.0000 -0.4000
221.0000 -0.4000
222.0000 -0.4000
223.0000 -0.4000
224.0000 -0.4000
225.0000 -0.4000
226.0000 -0.4000
227.0000 -0.4000
228.0000 -0.4000
229.0000 -0.4000
230.0000 -0.4000
231.0000 -0.4000
232.0000 -0.4000
233.0000 -0.4000
234.0000 -0.4000
235.0000 -0.4000
236.0000 -0.4000
237.0000 -0.4000
238.0000 -0.4000
239.0000 -0.4000
240.0000 -0.4000
241.0000 -0.4000
242.0000 -0.4000
243.0000 -0.4000
244.0000 -0.4000
245.0000 -0.4000
246.0000 -0.4000
247.0000 -0.4000
248.0000 -0.4000
249.0000 -0.4000
250.0000 -0.4000
