1.0000 0.0000
2.0000 0.0000
3.0000 0.0000
4.0000 0.0000
5.0000 0.0000
6.0000 0.0000
7.0000 0.0000
8.0000 0.0000
9.0000 0.0000
10.0000 0.0000
11.0000 0.0000
12.0000 0.0000
13.0000 0.0000
14.0000 0.0000
15.0000 0.0000
16.0000 0.0000
17.0000 0.0000
18.0000 0.0000
19.0000 0.0000
20.0000 0.0744
21.0000 0.2616
22.0000 0.5157
23.0000 0.8023
24.0000 1.0962
25.0000 1.3799
26.0000 1.6421
27.0000 1.8762
28.0000 2.0793
29.0000 2.2508
30.0000 2.3920
31.0000 2.5054
32.0000 2.5941
33.0000 2.6615
34.0000 2.7109
35.0000 2.7455
36.0000 2.7684
37.0000 2.7821
38.0000 2.7888
39.0000 2.7905
40.0000 2.7887
41.0000 2.7845
42.0000 2.7790
43.0000 2.7729
44.0000 2.7667
45.0000 2.7607
46.0000 2.7551
47.0000 2.7502
48.0000 2.7460
49.0000 2.7424
50.0000 2.7394
51.0000 2.7371
52.0000 2.7352
53.0000 2.7338
54.0000 2.7328
55.0000 2.7321
56.0000 2.7316
57.0000 2.7314
58.0000 2.7312
59.0000 2.7312
60.0000 2.7313
61.0000 2.7313
62.0000 2.7315
63.0000 2.7316
64.0000 2.7317
65.0000 2.7319
66.0000 2.7320
67.0000 2.7321
68.0000 2.7322
69.0000 2.7322
70.0000 2.7323
71.0000 2.7323
72.0000 2.7324
73.0000 2.7324
74.0000 2.7324
75.0000 2.7324
76.0000 2.7325
77.0000 2.7325
78.0000 2.7325
79.0000 2.7325
80.0000 2.7325
81.0000 2.7325
82.0000 2.7325
83.0000 2.7325
84.0000 2.7325
85.0000 2.7325
86.0000 2.7324
87.0000 2.7324
88.0000 2.7324
89.0000 2.7324
90.0000 2.7324
91.0000 2.7324
92.0000 2.7324
93.0000 2.7324
94.0000 2.7324
95.0000 2.7324
96.0000 2.7324
97.0000 2.7324
98.0000 2.7324
99.0000 2.7324
100.0000 2.7324
101.0000 2.7324
102.0000 2.7324
103.0000 2.7324
104.0000 2.7324
105.0000 2.7324
106.0000 2.7324
107.0000 2.7324
108.0000 2.7324
109.0000 2.7324
110.0000 2.7324
111.0000 2.7324
112.0000 2.7324
113.0000 2.7324
114.0000 2.7324
115.0000 2.7324
116.0000 2.7324
117.0000 2.7324
118.0000 2.7324
119.0000 2.7324
120.0000 2.7324
121.0000 2.7324
122.0000 2.7324
123.0000 2.7324
124.0000 2.7324
125.0000 2.7324
126.0000 2.7324
127.0000 2.7324
128.0000 2.7324
129.0000 2.7324
130.0000 2.7324
131.0000 2.7324
132.0000 2.7324
133.0000 2.7324
134.0000 2.7324
135.0000 2.7324
136.0000 2.7324
137.0000 2.7324
138.0000 2.7324
139.0000 2.7324
140.0000 2.7324
141.0000 2.7324
142.0000 2.7324
143.0000 2.7324
144.0000 2.7324
145.0000 2.7324
146.0000 2.7324
147.0000 2.7324
148.0000 2.7324
149.0000 2.7324
150.0000 2.7324
151.0000 2.7324
152.0000 2.7324
153.0000 2.7324
154.0000 2.7324
155.0000 2.7324
156.0000 2.7324
157.0000 2.7324
158.0000 2.7324
159.0000 2.7324
160.0000 2.7324
161.0000 2.7324
162.0000 2.7324
163.0000 2.7324
164.0000 2.7324
165.0000 2.7324
166.0000 2.7324
167.0000 2.7324
168.0000 2.7324
169.0000 2.7324
170.0000 2.7324
171.0000 2.7324
172.0000 2.7324
173.0000 2.7324
174.0000 2.7324
175.0000 2.7324
176.0000 2.7324
177.0000 2.7324
178.0000 2.7324
179.0000 2.7324
180.0000 2.7324
181.0000 2.7324
182.0000 2.7324
183.0000 2.7324
184.0000 2.7324
185.0000 2.7324
186.0000 2.7324
187.0000 2.7324
188.0000 2.7324
189.0000 2.7324
190.0000 2.7324
191.0000 2.7324
192.0000 2.7324
193.0000 2.7324
194.0000 2.7324
195.0000 2.7324
196.0000 2.7324
197.0000 2.7324
198.0000 2.7324
199.0000 2.7324
200.0000 2.7324
201.0000 2.7324
202.0000 2.7324
203.0000 2.7324
204.0000 2.7324
205.0000 2.7324
206.0000 2.7324
207.0000 2.7324
208.0000 2.7324
209.0000 2.7324
210.0000 2.7324
211.0000 2.7324
212.0000 2.7324
213.0000 2.7324
214.0000 2.7324
215.0000 2.7324
216.0000 2.7324
217.0000 2.7324
218.0000 2.7324
219.0000 2.7324
220.0000 2.7324
221.0000 2.7324
222.0000 2.7324
223.0000 2.7324
224.0000 2.7324
225.0000 2.7324
226.0000 2.7324
227.0000 2.7324
228.0000 2.7324
229.0000 2.7324
230.0000 2.7324
231.0000 2.7324
232.0000 2.7324
233.0000 2.7324
234.0000 2.7324
235.0000 2.7324
236.0000 2.7324
237.0000 2.7324
238.0000 2.7324
239.0000 2.7324
240.0000 2.7324
241.0000 2.7324
242.0000 2.7324
243.0000 2.7324
244.0000 2.7324
245.0000 2.7324
246.0000 2.7324
247.0000 2.7324
248.0000 2.7324
249.0000 2.7324
250.0000 2.7324
