1.0000 0.0000
2.0000 0.0000
3.0000 0.0000
4.0000 0.0000
5.0000 0.0000
6.0000 0.0000
7.0000 0.0000
8.0000 0.0000
9.0000 0.0000
10.0000 0.0000
11.0000 0.0000
12.0000 0.0000
13.0000 0.0000
14.0000 0.0000
15.0000 0.0000
16.0000 0.0000
17.0000 0.0000
18.0000 0.0000
19.0000 0.0000
20.0000 -0.0172
21.0000 -0.0443
22.0000 -0.0661
23.0000 -0.0806
24.0000 -0.0895
25.0000 -0.0947
26.0000 -0.0977
27.0000 -0.0993
28.0000 -0.1002
29.0000 -0.1007
30.0000 -0.1009
31.0000 -0.1010
32.0000 -0.1011
33.0000 -0.1012
34.0000 -0.1012
35.0000 -0.1012
36.0000 -0.1012
37.0000 -0.1012
38.0000 -0.1012
39.0000 -0.1012
40.0000 -0.1012
41.0000 -0.1012
42.0000 -0.1012
43.0000 -0.1012
44.0000 -0.1012
45.0000 -0.1012
46.0000 -0.1012
47.0000 -0.1012
48.0000 -0.1012
49.0000 -0.1012
50.0000 -0.1012
51.0000 -0.1012
52.0000 -0.1012
53.0000 -0.1012
54.0000 -0.1012
55.0000 -0.1012
56.0000 -0.1012
57.0000 -0.1012
58.0000 -0.1012
59.0000 -0.1012
60.0000 -0.1012
61.0000 -0.1012
62.0000 -0.1012
63.0000 -0.1012
64.0000 -0.1012
65.0000 -0.1012
66.0000 -0.1012
67.0000 -0.1012
68.0000 -0.1012
69.0000 -0.1012
70.0000 -0.1012
71.0000 -0.1012
72.0000 -0.1012
73.0000 -0.1012
74.0000 -0.1012
75.0000 -0.1012
76.0000 -0.1012
77.0000 -0.1012
78.0000 -0.1012
79.0000 -0.1012
80.0000 -0.1012
81.0000 -0.1012
82.0000 -0.1012
83.0000 -0.1012
84.0000 -0.1012
85.0000 -0.1012
86.0000 -0.1012
87.0000 -0.1012
88.0000 -0.1012
89.0000 -0.1012
90.0000 -0.1012
91.0000 -0.1012
92.0000 -0.1012
93.0000 -0.1012
94.0000 -0.1012
95.0000 -0.1012
96.0000 -0.1012
97.0000 -0.1012
98.0000 -0.1012
99.0000 -0.1012
100.0000 -0.1012
101.0000 -0.1012
102.0000 -0.1012
103.0000 -0.1012
104.0000 -0.1012
105.0000 -0.1012
106.0000 -0.1012
107.0000 -0.1012
108.0000 -0.1012
109.0000 -0.1012
110.0000 -0.1012
111.0000 -0.1012
112.0000 -0.1012
113.0000 -0.1012
114.0000 -0.1012
115.0000 -0.1012
116.0000 -0.1012
117.0000 -0.1012
118.0000 -0.1012
119.0000 -0.1012
120.0000 -0.1012
121.0000 -0.1012
122.0000 -0.1012
123.0000 -0.1012
124.0000 -0.1012
125.0000 -0.1012
126.0000 -0.1012
127.0000 -0.1012
128.0000 -0.1012
129.0000 -0.1012
130.0000 -0.1012
131.0000 -0.1012
132.0000 -0.1012
133.0000 -0.1012
134.0000 -0.1012
135.0000 -0.1012
136.0000 -0.1012
137.0000 -0.1012
138.0000 -0.1012
139.0000 -0.1012
140.0000 -0.1012
141.0000 -0.1012
142.0000 -0.1012
143.0000 -0.1012
144.0000 -0.1012
145.0000 -0.1012
146.0000 -0.1012
147.0000 -0.1012
148.0000 -0.1012
149.0000 -0.1012
150.0000 -0.1012
151.0000 -0.1012
152.0000 -0.1012
153.0000 -0.1012
154.0000 -0.1012
155.0000 -0.1012
156.0000 -0.1012
157.0000 -0.1012
158.0000 -0.1012
159.0000 -0.1012
160.0000 -0.1012
161.0000 -0.1012
162.0000 -0.1012
163.0000 -0.1012
164.0000 -0.1012
165.0000 -0.1012
166.0000 -0.1012
167.0000 -0.1012
168.0000 -0.1012
169.0000 -0.1012
170.0000 -0.1012
171.0000 -0.1012
172.0000 -0.1012
173.0000 -0.1012
174.0000 -0.1012
175.0000 -0.1012
176.0000 -0.1012
177.0000 -0.1012
178.0000 -0.1012
179.0000 -0.1012
180.0000 -0.1012
181.0000 -0.1012
182.0000 -0.1012
183.0000 -0.1012
184.0000 -0.1012
185.0000 -0.1012
186.0000 -0.1012
187.0000 -0.1012
188.0000 -0.1012
189.0000 -0.1012
190.0000 -0.1012
191.0000 -0.1012
192.0000 -0.1012
193.0000 -0.1012
194.0000 -0.1012
195.0000 -0.1012
196.0000 -0.1012
197.0000 -0.1012
198.0000 -0.1012
199.0000 -0.1012
200.0000 -0.1012
201.0000 -0.1012
202.0000 -0.1012
203.0000 -0.1012
204.0000 -0.1012
205.0000 -0.1012
206.0000 -0.1012
207.0000 -0.1012
208.0000 -0.1012
209.0000 -0.1012
210.0000 -0.1012
211.0000 -0.1012
212.0000 -0.1012
213.0000 -0.1012
214.0000 -0.1012
215.0000 -0.1012
216.0000 -0.1012
217.0000 -0.1012
218.0000 -0.1012
219.0000 -0.1012
220.0000 -0.1012
221.0000 -0.1012
222.0000 -0.1012
223.0000 -0.1012
224.0000 -0.1012
225.0000 -0.1012
226.0000 -0.1012
227.0000 -0.1012
228.0000 -0.1012
229.0000 -0.1012
230.0000 -0.1012
231.0000 -0.1012
232.0000 -0.1012
233.0000 -0.1012
234.0000 -0.1012
235.0000 -0.1012
236.0000 -0.1012
237.0000 -0.1012
238.0000 -0.1012
239.0000 -0.1012
240.0000 -0.1012
241.0000 -0.1012
242.0000 -0.1012
243.0000 -0.1012
244.0000 -0.1012
245.0000 -0.1012
246.0000 -0.1012
247.0000 -0.1012
248.0000 -0.1012
249.0000 -0.1012
250.0000 -0.1012
