1.0000 0.0000
2.0000 0.0000
3.0000 0.0000
4.0000 0.0000
5.0000 0.0000
6.0000 0.0000
7.0000 0.0000
8.0000 0.0000
9.0000 0.0000
10.0000 0.0000
11.0000 0.0000
12.0000 0.0000
13.0000 0.0000
14.0000 0.0000
15.0000 0.0000
16.0000 0.0000
17.0000 0.0000
18.0000 0.0000
19.0000 0.0000
20.0000 0.0398
21.0000 0.1353
22.0000 0.2571
23.0000 0.3850
24.0000 0.5061
25.0000 0.6129
26.0000 0.7021
27.0000 0.7730
28.0000 0.8268
29.0000 0.8657
30.0000 0.8921
31.0000 0.9087
32.0000 0.9178
33.0000 0.9216
34.0000 0.9218
35.0000 0.9198
36.0000 0.9166
37.0000 0.9129
38.0000 0.9092
39.0000 0.9059
40.0000 0.9030
41.0000 0.9006
42.0000 0.8988
43.0000 0.8974
44.0000 0.8965
45.0000 0.8958
46.0000 0.8955
47.0000 0.8953
48.0000 0.8952
49.0000 0.8952
50.0000 0.8953
51.0000 0.8954
52.0000 0.8955
53.0000 0.8956
54.0000 0.8957
55.0000 0.8958
56.0000 0.8959
57.0000 0.8959
58.0000 0.8959
59.0000 0.8960
60.0000 0.8960
61.0000 0.8960
62.0000 0.8960
63.0000 0.8960
64.0000 0.8960
65.0000 0.8960
66.0000 0.8960
67.0000 0.8960
68.0000 0.8960
69.0000 0.8960
70.0000 0.8960
71.0000 0.8960
72.0000 0.8960
73.0000 0.8960
74.0000 0.8960
75.0000 0.8960
76.0000 0.8960
77.0000 0.8960
78.0000 0.8960
79.0000 0.8960
80.0000 0.8960
81.0000 0.8960
82.0000 0.8960
83.0000 0.8960
84.0000 0.8960
85.0000 0.8960
86.0000 0.8960
87.0000 0.8960
88.0000 0.8960
89.0000 0.8960
90.0000 0.8960
91.0000 0.8960
92.0000 0.8960
93.0000 0.8960
94.0000 0.8960
95.0000 0.8960
96.0000 0.8960
97.0000 0.8960
98.0000 0.8960
99.0000 0.8960
100.0000 0.8960
101.0000 0.8960
102.0000 0.8960
103.0000 0.8960
104.0000 0.8960
105.0000 0.8960
106.0000 0.8960
107.0000 0.8960
108.0000 0.8960
109.0000 0.8960
110.0000 0.8960
111.0000 0.8960
112.0000 0.8960
113.0000 0.8960
114.0000 0.8960
115.0000 0.8960
116.0000 0.8960
117.0000 0.8960
118.0000 0.8960
119.0000 0.8960
120.0000 0.8960
121.0000 0.8960
122.0000 0.8960
123.0000 0.8960
124.0000 0.8960
125.0000 0.8960
126.0000 0.8960
127.0000 0.8960
128.0000 0.8960
129.0000 0.8960
130.0000 0.8960
131.0000 0.8960
132.0000 0.8960
133.0000 0.8960
134.0000 0.8960
135.0000 0.8960
136.0000 0.8960
137.0000 0.8960
138.0000 0.8960
139.0000 0.8960
140.0000 0.8960
141.0000 0.8960
142.0000 0.8960
143.0000 0.8960
144.0000 0.8960
145.0000 0.8960
146.0000 0.8960
147.0000 0.8960
148.0000 0.8960
149.0000 0.8960
150.0000 0.8960
151.0000 0.8960
152.0000 0.8960
153.0000 0.8960
154.0000 0.8960
155.0000 0.8960
156.0000 0.8960
157.0000 0.8960
158.0000 0.8960
159.0000 0.8960
160.0000 0.8960
161.0000 0.8960
162.0000 0.8960
163.0000 0.8960
164.0000 0.8960
165.0000 0.8960
166.0000 0.8960
167.0000 0.8960
168.0000 0.8960
169.0000 0.8960
170.0000 0.8960
171.0000 0.8960
172.0000 0.8960
173.0000 0.8960
174.0000 0.8960
175.0000 0.8960
176.0000 0.8960
177.0000 0.8960
178.0000 0.8960
179.0000 0.8960
180.0000 0.8960
181.0000 0.8960
182.0000 0.8960
183.0000 0.8960
184.0000 0.8960
185.0000 0.8960
186.0000 0.8960
187.0000 0.8960
188.0000 0.8960
189.0000 0.8960
190.0000 0.8960
191.0000 0.8960
192.0000 0.8960
193.0000 0.8960
194.0000 0.8960
195.0000 0.8960
196.0000 0.8960
197.0000 0.8960
198.0000 0.8960
199.0000 0.8960
200.0000 0.8960
201.0000 0.8960
202.0000 0.8960
203.0000 0.8960
204.0000 0.8960
205.0000 0.8960
206.0000 0.8960
207.0000 0.8960
208.0000 0.8960
209.0000 0.8960
210.0000 0.8960
211.0000 0.8960
212.0000 0.8960
213.0000 0.8960
214.0000 0.8960
215.0000 0.8960
216.0000 0.8960
217.0000 0.8960
218.0000 0.8960
219.0000 0.8960
220.0000 0.8960
221.0000 0.8960
222.0000 0.8960
223.0000 0.8960
224.0000 0.8960
225.0000 0.8960
226.0000 0.8960
227.0000 0.8960
228.0000 0.8960
229.0000 0.8960
230.0000 0.8960
231.0000 0.8960
232.0000 0.8960
233.0000 0.8960
234.0000 0.8960
235.0000 0.8960
236.0000 0.8960
237.0000 0.8960
238.0000 0.8960
239.0000 0.8960
240.0000 0.8960
241.0000 0.8960
242.0000 0.8960
243.0000 0.8960
244.0000 0.8960
245.0000 0.8960
246.0000 0.8960
247.0000 0.8960
248.0000 0.8960
249.0000 0.8960
250.0000 0.8960
