1.0000 0.0000
2.0000 0.0000
3.0000 0.0000
4.0000 0.0000
5.0000 0.0000
6.0000 0.0000
7.0000 0.0000
8.0000 0.0000
9.0000 0.0000
10.0000 0.0000
11.0000 0.0000
12.0000 0.0000
13.0000 0.0000
14.0000 0.0000
15.0000 0.0000
16.0000 0.0000
17.0000 0.0000
18.0000 0.0000
19.0000 0.0000
20.0000 -0.0069
21.0000 -0.0196
22.0000 -0.0313
23.0000 -0.0402
24.0000 -0.0461
25.0000 -0.0497
26.0000 -0.0517
27.0000 -0.0528
28.0000 -0.0533
29.0000 -0.0535
30.0000 -0.0536
31.0000 -0.0536
32.0000 -0.0536
33.0000 -0.0535
34.0000 -0.0535
35.0000 -0.0535
36.0000 -0.0535
37.0000 -0.0535
38.0000 -0.0535
39.0000 -0.0535
40.0000 -0.0535
41.0000 -0.0535
42.0000 -0.0535
43.0000 -0.0535
44.0000 -0.0535
45.0000 -0.0535
46.0000 -0.0535
47.0000 -0.0535
48.0000 -0.0535
49.0000 -0.0535
50.0000 -0.0535
51.0000 -0.0535
52.0000 -0.0535
53.0000 -0.0535
54.0000 -0.0535
55.0000 -0.0535
56.0000 -0.0535
57.0000 -0.0535
58.0000 -0.0535
59.0000 -0.0535
60.0000 -0.0535
61.0000 -0.0535
62.0000 -0.0535
63.0000 -0.0535
64.0000 -0.0535
65.0000 -0.0535
66.0000 -0.0535
67.0000 -0.0535
68.0000 -0.0535
69.0000 -0.0535
70.0000 -0.0535
71.0000 -0.0535
72.0000 -0.0535
73.0000 -0.0535
74.0000 -0.0535
75.0000 -0.0535
76.0000 -0.0535
77.0000 -0.0535
78.0000 -0.0535
79.0000 -0.0535
80.0000 -0.0535
81.0000 -0.0535
82.0000 -0.0535
83.0000 -0.0535
84.0000 -0.0535
85.0000 -0.0535
86.0000 -0.0535
87.0000 -0.0535
88.0000 -0.0535
89.0000 -0.0535
90.0000 -0.0535
91.0000 -0.0535
92.0000 -0.0535
93.0000 -0.0535
94.0000 -0.0535
95.0000 -0.0535
96.0000 -0.0535
97.0000 -0.0535
98.0000 -0.0535
99.0000 -0.0535
100.0000 -0.0535
101.0000 -0.0535
102.0000 -0.0535
103.0000 -0.0535
104.0000 -0.0535
105.0000 -0.0535
106.0000 -0.0535
107.0000 -0.0535
108.0000 -0.0535
109.0000 -0.0535
110.0000 -0.0535
111.0000 -0.0535
112.0000 -0.0535
113.0000 -0.0535
114.0000 -0.0535
115.0000 -0.0535
116.0000 -0.0535
117.0000 -0.0535
118.0000 -0.0535
119.0000 -0.0535
120.0000 -0.0535
121.0000 -0.0535
122.0000 -0.0535
123.0000 -0.0535
124.0000 -0.0535
125.0000 -0.0535
126.0000 -0.0535
127.0000 -0.0535
128.0000 -0.0535
129.0000 -0.0535
130.0000 -0.0535
131.0000 -0.0535
132.0000 -0.0535
133.0000 -0.0535
134.0000 -0.0535
135.0000 -0.0535
136.0000 -0.0535
137.0000 -0.0535
138.0000 -0.0535
139.0000 -0.0535
140.0000 -0.0535
141.0000 -0.0535
142.0000 -0.0535
143.0000 -0.0535
144.0000 -0.0535
145.0000 -0.0535
146.0000 -0.0535
147.0000 -0.0535
148.0000 -0.0535
149.0000 -0.0535
150.0000 -0.0535
151.0000 -0.0535
152.0000 -0.0535
153.0000 -0.0535
154.0000 -0.0535
155.0000 -0.0535
156.0000 -0.0535
157.0000 -0.0535
158.0000 -0.0535
159.0000 -0.0535
160.0000 -0.0535
161.0000 -0.0535
162.0000 -0.0535
163.0000 -0.0535
164.0000 -0.0535
165.0000 -0.0535
166.0000 -0.0535
167.0000 -0.0535
168.0000 -0.0535
169.0000 -0.0535
170.0000 -0.0535
171.0000 -0.0535
172.0000 -0.0535
173.0000 -0.0535
174.0000 -0.0535
175.0000 -0.0535
176.0000 -0.0535
177.0000 -0.0535
178.0000 -0.0535
179.0000 -0.0535
180.0000 -0.0535
181.0000 -0.0535
182.0000 -0.0535
183.0000 -0.0535
184.0000 -0.0535
185.0000 -0.0535
186.0000 -0.0535
187.0000 -0.0535
188.0000 -0.0535
189.0000 -0.0535
190.0000 -0.0535
191.0000 -0.0535
192.0000 -0.0535
193.0000 -0.0535
194.0000 -0.0535
195.0000 -0.0535
196.0000 -0.0535
197.0000 -0.0535
198.0000 -0.0535
199.0000 -0.0535
200.0000 -0.0535
201.0000 -0.0535
202.0000 -0.0535
203.0000 -0.0535
204.0000 -0.0535
205.0000 -0.0535
206.0000 -0.0535
207.0000 -0.0535
208.0000 -0.0535
209.0000 -0.0535
210.0000 -0.0535
211.0000 -0.0535
212.0000 -0.0535
213.0000 -0.0535
214.0000 -0.0535
215.0000 -0.0535
216.0000 -0.0535
217.0000 -0.0535
218.0000 -0.0535
219.0000 -0.0535
220.0000 -0.0535
221.0000 -0.0535
222.0000 -0.0535
223.0000 -0.0535
224.0000 -0.0535
225.0000 -0.0535
226.0000 -0.0535
227.0000 -0.0535
228.0000 -0.0535
229.0000 -0.0535
230.0000 -0.0535
231.0000 -0.0535
232.0000 -0.0535
233.0000 -0.0535
234.0000 -0.0535
235.0000 -0.0535
236.0000 -0.0535
237.0000 -0.0535
238.0000 -0.0535
239.0000 -0.0535
240.0000 -0.0535
241.0000 -0.0535
242.0000 -0.0535
243.0000 -0.0535
244.0000 -0.0535
245.0000 -0.0535
246.0000 -0.0535
247.0000 -0.0535
248.0000 -0.0535
249.0000 -0.0535
250.0000 -0.0535
