1.0000 0.0000
2.0000 0.0000
3.0000 0.0000
4.0000 0.0000
5.0000 0.0000
6.0000 0.0000
7.0000 0.0000
8.0000 0.0000
9.0000 0.0000
10.0000 0.0000
11.0000 0.0000
12.0000 0.0000
13.0000 0.0000
14.0000 0.0000
15.0000 0.0000
16.0000 0.0000
17.0000 0.0000
18.0000 0.0000
19.0000 0.0000
20.0000 0.0628
21.0000 0.2190
22.0000 0.4280
23.0000 0.6596
24.0000 0.8927
25.0000 1.1129
26.0000 1.3115
27.0000 1.4842
28.0000 1.6294
29.0000 1.7478
30.0000 1.8414
31.0000 1.9131
32.0000 1.9659
33.0000 2.0032
34.0000 2.0279
35.0000 2.0428
36.0000 2.0503
37.0000 2.0525
38.0000 2.0510
39.0000 2.0471
40.0000 2.0420
41.0000 2.0362
42.0000 2.0304
43.0000 2.0249
44.0000 2.0200
45.0000 2.0157
46.0000 2.0120
47.0000 2.0091
48.0000 2.0067
49.0000 2.0049
50.0000 2.0036
51.0000 2.0027
52.0000 2.0021
53.0000 2.0017
54.0000 2.0015
55.0000 2.0014
56.0000 2.0015
57.0000 2.0016
58.0000 2.0017
59.0000 2.0018
60.0000 2.0020
61.0000 2.0021
62.0000 2.0022
63.0000 2.0024
64.0000 2.0024
65.0000 2.0025
66.0000 2.0026
67.0000 2.0026
68.0000 2.0027
69.0000 2.0027
70.0000 2.0027
71.0000 2.0027
72.0000 2.0027
73.0000 2.0027
74.0000 2.0027
75.0000 2.0027
76.0000 2.0027
77.0000 2.0027
78.0000 2.0027
79.0000 2.0027
80.0000 2.0027
81.0000 2.0027
82.0000 2.0027
83.0000 2.0027
84.0000 2.0027
85.0000 2.0027
86.0000 2.0027
87.0000 2.0027
88.0000 2.0027
89.0000 2.0027
90.0000 2.0027
91.0000 2.0027
92.0000 2.0027
93.0000 2.0027
94.0000 2.0027
95.0000 2.0027
96.0000 2.0027
97.0000 2.0027
98.0000 2.0027
99.0000 2.0027
100.0000 2.0027
101.0000 2.0027
102.0000 2.0027
103.0000 2.0027
104.0000 2.0027
105.0000 2.0027
106.0000 2.0027
107.0000 2.0027
108.0000 2.0027
109.0000 2.0027
110.0000 2.0027
111.0000 2.0027
112.0000 2.0027
113.0000 2.0027
114.0000 2.0027
115.0000 2.0027
116.0000 2.0027
117.0000 2.0027
118.0000 2.0027
119.0000 2.0027
120.0000 2.0027
121.0000 2.0027
122.0000 2.0027
123.0000 2.0027
124.0000 2.0027
125.0000 2.0027
126.0000 2.0027
127.0000 2.0027
128.0000 2.0027
129.0000 2.0027
130.0000 2.0027
131.0000 2.0027
132.0000 2.0027
133.0000 2.0027
134.0000 2.0027
135.0000 2.0027
136.0000 2.0027
137.0000 2.0027
138.0000 2.0027
139.0000 2.0027
140.0000 2.0027
141.0000 2.0027
142.0000 2.0027
143.0000 2.0027
144.0000 2.0027
145.0000 2.0027
146.0000 2.0027
147.0000 2.0027
148.0000 2.0027
149.0000 2.0027
150.0000 2.0027
151.0000 2.0027
152.0000 2.0027
153.0000 2.0027
154.0000 2.0027
155.0000 2.0027
156.0000 2.0027
157.0000 2.0027
158.0000 2.0027
159.0000 2.0027
160.0000 2.0027
161.0000 2.0027
162.0000 2.0027
163.0000 2.0027
164.0000 2.0027
165.0000 2.0027
166.0000 2.0027
167.0000 2.0027
168.0000 2.0027
169.0000 2.0027
170.0000 2.0027
171.0000 2.0027
172.0000 2.0027
173.0000 2.0027
174.0000 2.0027
175.0000 2.0027
176.0000 2.0027
177.0000 2.0027
178.0000 2.0027
179.0000 2.0027
180.0000 2.0027
181.0000 2.0027
182.0000 2.0027
183.0000 2.0027
184.0000 2.0027
185.0000 2.0027
186.0000 2.0027
187.0000 2.0027
188.0000 2.0027
189.0000 2.0027
190.0000 2.0027
191.0000 2.0027
192.0000 2.0027
193.0000 2.0027
194.0000 2.0027
195.0000 2.0027
196.0000 2.0027
197.0000 2.0027
198.0000 2.0027
199.0000 2.0027
200.0000 2.0027
201.0000 2.0027
202.0000 2.0027
203.0000 2.0027
204.0000 2.0027
205.0000 2.0027
206.0000 2.0027
207.0000 2.0027
208.0000 2.0027
209.0000 2.0027
210.0000 2.0027
211.0000 2.0027
212.0000 2.0027
213.0000 2.0027
214.0000 2.0027
215.0000 2.0027
216.0000 2.0027
217.0000 2.0027
218.0000 2.0027
219.0000 2.0027
220.0000 2.0027
221.0000 2.0027
222.0000 2.0027
223.0000 2.0027
224.0000 2.0027
225.0000 2.0027
226.0000 2.0027
227.0000 2.0027
228.0000 2.0027
229.0000 2.0027
230.0000 2.0027
231.0000 2.0027
232.0000 2.0027
233.0000 2.0027
234.0000 2.0027
235.0000 2.0027
236.0000 2.0027
237.0000 2.0027
238.0000 2.0027
239.0000 2.0027
240.0000 2.0027
241.0000 2.0027
242.0000 2.0027
243.0000 2.0027
244.0000 2.0027
245.0000 2.0027
246.0000 2.0027
247.0000 2.0027
248.0000 2.0027
249.0000 2.0027
250.0000 2.0027
