1.0000 0.0000
2.0000 0.0000
3.0000 0.0000
4.0000 0.0000
5.0000 0.0000
6.0000 0.0000
7.0000 0.0000
8.0000 0.0000
9.0000 0.0000
10.0000 0.0000
11.0000 0.0000
12.0000 0.0000
13.0000 0.0000
14.0000 0.0000
15.0000 0.0000
16.0000 0.0000
17.0000 0.0000
18.0000 0.0000
19.0000 0.0000
20.0000 -0.0399
21.0000 -0.0887
22.0000 -0.1218
23.0000 -0.1423
24.0000 -0.1546
25.0000 -0.1619
26.0000 -0.1663
27.0000 -0.1690
28.0000 -0.1705
29.0000 -0.1715
30.0000 -0.1720
31.0000 -0.1723
32.0000 -0.1725
33.0000 -0.1727
34.0000 -0.1727
35.0000 -0.1728
36.0000 -0.1728
37.0000 -0.1728
38.0000 -0.1728
39.0000 -0.1728
40.0000 -0.1728
41.0000 -0.1728
42.0000 -0.1728
43.0000 -0.1728
44.0000 -0.1728
45.0000 -0.1728
46.0000 -0.1728
47.0000 -0.1728
48.0000 -0.1728
49.0000 -0.1728
50.0000 -0.1728
51.0000 -0.1728
52.0000 -0.1728
53.0000 -0.1728
54.0000 -0.1728
55.0000 -0.1728
56.0000 -0.1728
57.0000 -0.1728
58.0000 -0.1728
59.0000 -0.1728
60.0000 -0.1728
61.0000 -0.1728
62.0000 -0.1728
63.0000 -0.1728
64.0000 -0.1728
65.0000 -0.1728
66.0000 -0.1728
67.0000 -0.1728
68.0000 -0.1728
69.0000 -0.1728
70.0000 -0.1728
71.0000 -0.1728
72.0000 -0.1728
73.0000 -0.1728
74.0000 -0.1728
75.0000 -0.1728
76.0000 -0.1728
77.0000 -0.1728
78.0000 -0.1728
79.0000 -0.1728
80.0000 -0.1728
81.0000 -0.1728
82.0000 -0.1728
83.0000 -0.1728
84.0000 -0.1728
85.0000 -0.1728
86.0000 -0.1728
87.0000 -0.1728
88.0000 -0.1728
89.0000 -0.1728
90.0000 -0.1728
91.0000 -0.1728
92.0000 -0.1728
93.0000 -0.1728
94.0000 -0.1728
95.0000 -0.1728
96.0000 -0.1728
97.0000 -0.1728
98.0000 -0.1728
99.0000 -0.1728
100.0000 -0.1728
101.0000 -0.1728
102.0000 -0.1728
103.0000 -0.1728
104.0000 -0.1728
105.0000 -0.1728
106.0000 -0.1728
107.0000 -0.1728
108.0000 -0.1728
109.0000 -0.1728
110.0000 -0.1728
111.0000 -0.1728
112.0000 -0.1728
113.0000 -0.1728
114.0000 -0.1728
115.0000 -0.1728
116.0000 -0.1728
117.0000 -0.1728
118.0000 -0.1728
119.0000 -0.1728
120.0000 -0.1728
121.0000 -0.1728
122.0000 -0.1728
123.0000 -0.1728
124.0000 -0.1728
125.0000 -0.1728
126.0000 -0.1728
127.0000 -0.1728
128.0000 -0.1728
129.0000 -0.1728
130.0000 -0.1728
131.0000 -0.1728
132.0000 -0.1728
133.0000 -0.1728
134.0000 -0.1728
135.0000 -0.1728
136.0000 -0.1728
137.0000 -0.1728
138.0000 -0.1728
139.0000 -0.1728
140.0000 -0.1728
141.0000 -0.1728
142.0000 -0.1728
143.0000 -0.1728
144.0000 -0.1728
145.0000 -0.1728
146.0000 -0.1728
147.0000 -0.1728
148.0000 -0.1728
149.0000 -0.1728
150.0000 -0.1728
151.0000 -0.1728
152.0000 -0.1728
153.0000 -0.1728
154.0000 -0.1728
155.0000 -0.1728
156.0000 -0.1728
157.0000 -0.1728
158.0000 -0.1728
159.0000 -0.1728
160.0000 -0.1728
161.0000 -0.1728
162.0000 -0.1728
163.0000 -0.1728
164.0000 -0.1728
165.0000 -0.1728
166.0000 -0.1728
167.0000 -0.1728
168.0000 -0.1728
169.0000 -0.1728
170.0000 -0.1728
171.0000 -0.1728
172.0000 -0.1728
173.0000 -0.1728
174.0000 -0.1728
175.0000 -0.1728
176.0000 -0.1728
177.0000 -0.1728
178.0000 -0.1728
179.0000 -0.1728
180.0000 -0.1728
181.0000 -0.1728
182.0000 -0.1728
183.0000 -0.1728
184.0000 -0.1728
185.0000 -0.1728
186.0000 -0.1728
187.0000 -0.1728
188.0000 -0.1728
189.0000 -0.1728
190.0000 -0.1728
191.0000 -0.1728
192.0000 -0.1728
193.0000 -0.1728
194.0000 -0.1728
195.0000 -0.1728
196.0000 -0.1728
197.0000 -0.1728
198.0000 -0.1728
199.0000 -0.1728
200.0000 -0.1728
201.0000 -0.1728
202.0000 -0.1728
203.0000 -0.1728
204.0000 -0.1728
205.0000 -0.1728
206.0000 -0.1728
207.0000 -0.1728
208.0000 -0.1728
209.0000 -0.1728
210.0000 -0.1728
211.0000 -0.1728
212.0000 -0.1728
213.0000 -0.1728
214.0000 -0.1728
215.0000 -0.1728
216.0000 -0.1728
217.0000 -0.1728
218.0000 -0.1728
219.0000 -0.1728
220.0000 -0.1728
221.0000 -0.1728
222.0000 -0.1728
223.0000 -0.1728
224.0000 -0.1728
225.0000 -0.1728
226.0000 -0.1728
227.0000 -0.1728
228.0000 -0.1728
229.0000 -0.1728
230.0000 -0.1728
231.0000 -0.1728
232.0000 -0.1728
233.0000 -0.1728
234.0000 -0.1728
235.0000 -0.1728
236.0000 -0.1728
237.0000 -0.1728
238.0000 -0.1728
239.0000 -0.1728
240.0000 -0.1728
241.0000 -0.1728
242.0000 -0.1728
243.0000 -0.1728
244.0000 -0.1728
245.0000 -0.1728
246.0000 -0.1728
247.0000 -0.1728
248.0000 -0.1728
249.0000 -0.1728
250.0000 -0.1728
