1.0000 0.0000
2.0000 0.0000
3.0000 0.0000
4.0000 0.0000
5.0000 0.0000
6.0000 0.0000
7.0000 0.0000
8.0000 0.0000
9.0000 0.0000
10.0000 0.0000
11.0000 0.0000
12.0000 0.0000
13.0000 0.0000
14.0000 0.0000
15.0000 0.0000
16.0000 0.0000
17.0000 0.0000
18.0000 0.0000
19.0000 0.0000
20.0000 -0.0326
21.0000 -0.0747
22.0000 -0.1042
23.0000 -0.1225
24.0000 -0.1335
25.0000 -0.1400
26.0000 -0.1438
27.0000 -0.1461
28.0000 -0.1475
29.0000 -0.1483
30.0000 -0.1487
31.0000 -0.1490
32.0000 -0.1492
33.0000 -0.1493
34.0000 -0.1493
35.0000 -0.1494
36.0000 -0.1494
37.0000 -0.1494
38.0000 -0.1494
39.0000 -0.1494
40.0000 -0.1494
41.0000 -0.1494
42.0000 -0.1494
43.0000 -0.1494
44.0000 -0.1494
45.0000 -0.1494
46.0000 -0.1494
47.0000 -0.1494
48.0000 -0.1494
49.0000 -0.1494
50.0000 -0.1494
51.0000 -0.1494
52.0000 -0.1494
53.0000 -0.1494
54.0000 -0.1494
55.0000 -0.1494
56.0000 -0.1494
57.0000 -0.1494
58.0000 -0.1494
59.0000 -0.1494
60.0000 -0.1494
61.0000 -0.1494
62.0000 -0.1494
63.0000 -0.1494
64.0000 -0.1494
65.0000 -0.1494
66.0000 -0.1494
67.0000 -0.1494
68.0000 -0.1494
69.0000 -0.1494
70.0000 -0.1494
71.0000 -0.1494
72.0000 -0.1494
73.0000 -0.1494
74.0000 -0.1494
75.0000 -0.1494
76.0000 -0.1494
77.0000 -0.1494
78.0000 -0.1494
79.0000 -0.1494
80.0000 -0.1494
81.0000 -0.1494
82.0000 -0.1494
83.0000 -0.1494
84.0000 -0.1494
85.0000 -0.1494
86.0000 -0.1494
87.0000 -0.1494
88.0000 -0.1494
89.0000 -0.1494
90.0000 -0.1494
91.0000 -0.1494
92.0000 -0.1494
93.0000 -0.1494
94.0000 -0.1494
95.0000 -0.1494
96.0000 -0.1494
97.0000 -0.1494
98.0000 -0.1494
99.0000 -0.1494
100.0000 -0.1494
101.0000 -0.1494
102.0000 -0.1494
103.0000 -0.1494
104.0000 -0.1494
105.0000 -0.1494
106.0000 -0.1494
107.0000 -0.1494
108.0000 -0.1494
109.0000 -0.1494
110.0000 -0.1494
111.0000 -0.1494
112.0000 -0.1494
113.0000 -0.1494
114.0000 -0.1494
115.0000 -0.1494
116.0000 -0.1494
117.0000 -0.1494
118.0000 -0.1494
119.0000 -0.1494
120.0000 -0.1494
121.0000 -0.1494
122.0000 -0.1494
123.0000 -0.1494
124.0000 -0.1494
125.0000 -0.1494
126.0000 -0.1494
127.0000 -0.1494
128.0000 -0.1494
129.0000 -0.1494
130.0000 -0.1494
131.0000 -0.1494
132.0000 -0.1494
133.0000 -0.1494
134.0000 -0.1494
135.0000 -0.1494
136.0000 -0.1494
137.0000 -0.1494
138.0000 -0.1494
139.0000 -0.1494
140.0000 -0.1494
141.0000 -0.1494
142.0000 -0.1494
143.0000 -0.1494
144.0000 -0.1494
145.0000 -0.1494
146.0000 -0.1494
147.0000 -0.1494
148.0000 -0.1494
149.0000 -0.1494
150.0000 -0.1494
151.0000 -0.1494
152.0000 -0.1494
153.0000 -0.1494
154.0000 -0.1494
155.0000 -0.1494
156.0000 -0.1494
157.0000 -0.1494
158.0000 -0.1494
159.0000 -0.1494
160.0000 -0.1494
161.0000 -0.1494
162.0000 -0.1494
163.0000 -0.1494
164.0000 -0.1494
165.0000 -0.1494
166.0000 -0.1494
167.0000 -0.1494
168.0000 -0.1494
169.0000 -0.1494
170.0000 -0.1494
171.0000 -0.1494
172.0000 -0.1494
173.0000 -0.1494
174.0000 -0.1494
175.0000 -0.1494
176.0000 -0.1494
177.0000 -0.1494
178.0000 -0.1494
179.0000 -0.1494
180.0000 -0.1494
181.0000 -0.1494
182.0000 -0.1494
183.0000 -0.1494
184.0000 -0.1494
185.0000 -0.1494
186.0000 -0.1494
187.0000 -0.1494
188.0000 -0.1494
189.0000 -0.1494
190.0000 -0.1494
191.0000 -0.1494
192.0000 -0.1494
193.0000 -0.1494
194.0000 -0.1494
195.0000 -0.1494
196.0000 -0.1494
197.0000 -0.1494
198.0000 -0.1494
199.0000 -0.1494
200.0000 -0.1494
201.0000 -0.1494
202.0000 -0.1494
203.0000 -0.1494
204.0000 -0.1494
205.0000 -0.1494
206.0000 -0.1494
207.0000 -0.1494
208.0000 -0.1494
209.0000 -0.1494
210.0000 -0.1494
211.0000 -0.1494
212.0000 -0.1494
213.0000 -0.1494
214.0000 -0.1494
215.0000 -0.1494
216.0000 -0.1494
217.0000 -0.1494
218.0000 -0.1494
219.0000 -0.1494
220.0000 -0.1494
221.0000 -0.1494
222.0000 -0.1494
223.0000 -0.1494
224.0000 -0.1494
225.0000 -0.1494
226.0000 -0.1494
227.0000 -0.1494
228.0000 -0.1494
229.0000 -0.1494
230.0000 -0.1494
231.0000 -0.1494
232.0000 -0.1494
233.0000 -0.1494
234.0000 -0.1494
235.0000 -0.1494
236.0000 -0.1494
237.0000 -0.1494
238.0000 -0.1494
239.0000 -0.1494
240.0000 -0.1494
241.0000 -0.1494
242.0000 -0.1494
243.0000 -0.1494
244.0000 -0.1494
245.0000 -0.1494
246.0000 -0.1494
247.0000 -0.1494
248.0000 -0.1494
249.0000 -0.1494
250.0000 -0.1494
