1.0000 0.0000
2.0000 0.0000
3.0000 0.0000
4.0000 0.0000
5.0000 0.0000
6.0000 0.0000
7.0000 0.0000
8.0000 0.0000
9.0000 0.0000
10.0000 0.0000
11.0000 0.0000
12.0000 0.0000
13.0000 0.0000
14.0000 0.0000
15.0000 0.0000
16.0000 0.0000
17.0000 0.0000
18.0000 0.0000
19.0000 0.0000
20.0000 0.0977
21.0000 0.3473
22.0000 0.6930
23.0000 1.0921
24.0000 1.5122
25.0000 1.9298
26.0000 2.3287
27.0000 2.6982
28.0000 3.0319
29.0000 3.3270
30.0000 3.5830
31.0000 3.8010
32.0000 3.9836
33.0000 4.1340
34.0000 4.2555
35.0000 4.3519
36.0000 4.4268
37.0000 4.4836
38.0000 4.5253
39.0000 4.5548
40.0000 4.5745
41.0000 4.5865
42.0000 4.5927
43.0000 4.5945
44.0000 4.5932
45.0000 4.5898
46.0000 4.5850
47.0000 4.5794
48.0000 4.5736
49.0000 4.5678
50.0000 4.5622
51.0000 4.5570
52.0000 4.5524
53.0000 4.5482
54.0000 4.5447
55.0000 4.5416
56.0000 4.5391
57.0000 4.5370
58.0000 4.5352
59.0000 4.5339
60.0000 4.5328
61.0000 4.5321
62.0000 4.5315
63.0000 4.5311
64.0000 4.5308
65.0000 4.5306
66.0000 4.5305
67.0000 4.5305
68.0000 4.5305
69.0000 4.5306
70.0000 4.5306
71.0000 4.5307
72.0000 4.5308
73.0000 4.5309
74.0000 4.5309
75.0000 4.5310
76.0000 4.5311
77.0000 4.5311
78.0000 4.5312
79.0000 4.5312
80.0000 4.5313
81.0000 4.5313
82.0000 4.5313
83.0000 4.5313
84.0000 4.5313
85.0000 4.5314
86.0000 4.5314
87.0000 4.5314
88.0000 4.5314
89.0000 4.5314
90.0000 4.5314
91.0000 4.5314
92.0000 4.5314
93.0000 4.5314
94.0000 4.5314
95.0000 4.5314
96.0000 4.5314
97.0000 4.5314
98.0000 4.5314
99.0000 4.5314
100.0000 4.5314
101.0000 4.5314
102.0000 4.5314
103.0000 4.5314
104.0000 4.5314
105.0000 4.5314
106.0000 4.5314
107.0000 4.5314
108.0000 4.5314
109.0000 4.5314
110.0000 4.5314
111.0000 4.5314
112.0000 4.5314
113.0000 4.5314
114.0000 4.5314
115.0000 4.5314
116.0000 4.5314
117.0000 4.5314
118.0000 4.5314
119.0000 4.5314
120.0000 4.5314
121.0000 4.5314
122.0000 4.5314
123.0000 4.5314
124.0000 4.5314
125.0000 4.5314
126.0000 4.5314
127.0000 4.5314
128.0000 4.5314
129.0000 4.5314
130.0000 4.5314
131.0000 4.5314
132.0000 4.5314
133.0000 4.5314
134.0000 4.5314
135.0000 4.5314
136.0000 4.5314
137.0000 4.5314
138.0000 4.5314
139.0000 4.5314
140.0000 4.5314
141.0000 4.5314
142.0000 4.5314
143.0000 4.5314
144.0000 4.5314
145.0000 4.5314
146.0000 4.5314
147.0000 4.5314
148.0000 4.5314
149.0000 4.5314
150.0000 4.5314
151.0000 4.5314
152.0000 4.5314
153.0000 4.5314
154.0000 4.5314
155.0000 4.5314
156.0000 4.5314
157.0000 4.5314
158.0000 4.5314
159.0000 4.5314
160.0000 4.5314
161.0000 4.5314
162.0000 4.5314
163.0000 4.5314
164.0000 4.5314
165.0000 4.5314
166.0000 4.5314
167.0000 4.5314
168.0000 4.5314
169.0000 4.5314
170.0000 4.5314
171.0000 4.5314
172.0000 4.5314
173.0000 4.5314
174.0000 4.5314
175.0000 4.5314
176.0000 4.5314
177.0000 4.5314
178.0000 4.5314
179.0000 4.5314
180.0000 4.5314
181.0000 4.5314
182.0000 4.5314
183.0000 4.5314
184.0000 4.5314
185.0000 4.5314
186.0000 4.5314
187.0000 4.5314
188.0000 4.5314
189.0000 4.5314
190.0000 4.5314
191.0000 4.5314
192.0000 4.5314
193.0000 4.5314
194.0000 4.5314
195.0000 4.5314
196.0000 4.5314
197.0000 4.5314
198.0000 4.5314
199.0000 4.5314
200.0000 4.5314
201.0000 4.5314
202.0000 4.5314
203.0000 4.5314
204.0000 4.5314
205.0000 4.5314
206.0000 4.5314
207.0000 4.5314
208.0000 4.5314
209.0000 4.5314
210.0000 4.5314
211.0000 4.5314
212.0000 4.5314
213.0000 4.5314
214.0000 4.5314
215.0000 4.5314
216.0000 4.5314
217.0000 4.5314
218.0000 4.5314
219.0000 4.5314
220.0000 4.5314
221.0000 4.5314
222.0000 4.5314
223.0000 4.5314
224.0000 4.5314
225.0000 4.5314
226.0000 4.5314
227.0000 4.5314
228.0000 4.5314
229.0000 4.5314
230.0000 4.5314
231.0000 4.5314
232.0000 4.5314
233.0000 4.5314
234.0000 4.5314
235.0000 4.5314
236.0000 4.5314
237.0000 4.5314
238.0000 4.5314
239.0000 4.5314
240.0000 4.5314
241.0000 4.5314
242.0000 4.5314
243.0000 4.5314
244.0000 4.5314
245.0000 4.5314
246.0000 4.5314
247.0000 4.5314
248.0000 4.5314
249.0000 4.5314
250.0000 4.5314
