1.0000 0.0000
2.0000 0.0000
3.0000 0.0000
4.0000 0.0000
5.0000 0.0000
6.0000 0.0000
7.0000 0.0000
8.0000 0.0000
9.0000 0.0000
10.0000 0.0000
11.0000 0.0000
12.0000 0.0000
13.0000 0.0000
14.0000 0.0000
15.0000 0.0000
16.0000 0.0000
17.0000 0.0000
18.0000 0.0000
19.0000 0.0000
20.0000 -0.0362
21.0000 -0.0817
22.0000 -0.1130
23.0000 -0.1323
24.0000 -0.1440
25.0000 -0.1509
26.0000 -0.1550
27.0000 -0.1575
28.0000 -0.1589
29.0000 -0.1598
30.0000 -0.1603
31.0000 -0.1606
32.0000 -0.1608
33.0000 -0.1609
34.0000 -0.1610
35.0000 -0.1610
36.0000 -0.1610
37.0000 -0.1611
38.0000 -0.1611
39.0000 -0.1611
40.0000 -0.1611
41.0000 -0.1611
42.0000 -0.1611
43.0000 -0.1611
44.0000 -0.1611
45.0000 -0.1611
46.0000 -0.1611
47.0000 -0.1611
48.0000 -0.1611
49.0000 -0.1611
50.0000 -0.1611
51.0000 -0.1611
52.0000 -0.1611
53.0000 -0.1611
54.0000 -0.1611
55.0000 -0.1611
56.0000 -0.1611
57.0000 -0.1611
58.0000 -0.1611
59.0000 -0.1611
60.0000 -0.1611
61.0000 -0.1611
62.0000 -0.1611
63.0000 -0.1611
64.0000 -0.1611
65.0000 -0.1611
66.0000 -0.1611
67.0000 -0.1611
68.0000 -0.1611
69.0000 -0.1611
70.0000 -0.1611
71.0000 -0.1611
72.0000 -0.1611
73.0000 -0.1611
74.0000 -0.1611
75.0000 -0.1611
76.0000 -0.1611
77.0000 -0.1611
78.0000 -0.1611
79.0000 -0.1611
80.0000 -0.1611
81.0000 -0.1611
82.0000 -0.1611
83.0000 -0.1611
84.0000 -0.1611
85.0000 -0.1611
86.0000 -0.1611
87.0000 -0.1611
88.0000 -0.1611
89.0000 -0.1611
90.0000 -0.1611
91.0000 -0.1611
92.0000 -0.1611
93.0000 -0.1611
94.0000 -0.1611
95.0000 -0.1611
96.0000 -0.1611
97.0000 -0.1611
98.0000 -0.1611
99.0000 -0.1611
100.0000 -0.1611
101.0000 -0.1611
102.0000 -0.1611
103.0000 -0.1611
104.0000 -0.1611
105.0000 -0.1611
106.0000 -0.1611
107.0000 -0.1611
108.0000 -0.1611
109.0000 -0.1611
110.0000 -0.1611
111.0000 -0.1611
112.0000 -0.1611
113.0000 -0.1611
114.0000 -0.1611
115.0000 -0.1611
116.0000 -0.1611
117.0000 -0.1611
118.0000 -0.1611
119.0000 -0.1611
120.0000 -0.1611
121.0000 -0.1611
122.0000 -0.1611
123.0000 -0.1611
124.0000 -0.1611
125.0000 -0.1611
126.0000 -0.1611
127.0000 -0.1611
128.0000 -0.1611
129.0000 -0.1611
130.0000 -0.1611
131.0000 -0.1611
132.0000 -0.1611
133.0000 -0.1611
134.0000 -0.1611
135.0000 -0.1611
136.0000 -0.1611
137.0000 -0.1611
138.0000 -0.1611
139.0000 -0.1611
140.0000 -0.1611
141.0000 -0.1611
142.0000 -0.1611
143.0000 -0.1611
144.0000 -0.1611
145.0000 -0.1611
146.0000 -0.1611
147.0000 -0.1611
148.0000 -0.1611
149.0000 -0.1611
150.0000 -0.1611
151.0000 -0.1611
152.0000 -0.1611
153.0000 -0.1611
154.0000 -0.1611
155.0000 -0.1611
156.0000 -0.1611
157.0000 -0.1611
158.0000 -0.1611
159.0000 -0.1611
160.0000 -0.1611
161.0000 -0.1611
162.0000 -0.1611
163.0000 -0.1611
164.0000 -0.1611
165.0000 -0.1611
166.0000 -0.1611
167.0000 -0.1611
168.0000 -0.1611
169.0000 -0.1611
170.0000 -0.1611
171.0000 -0.1611
172.0000 -0.1611
173.0000 -0.1611
174.0000 -0.1611
175.0000 -0.1611
176.0000 -0.1611
177.0000 -0.1611
178.0000 -0.1611
179.0000 -0.1611
180.0000 -0.1611
181.0000 -0.1611
182.0000 -0.1611
183.0000 -0.1611
184.0000 -0.1611
185.0000 -0.1611
186.0000 -0.1611
187.0000 -0.1611
188.0000 -0.1611
189.0000 -0.1611
190.0000 -0.1611
191.0000 -0.1611
192.0000 -0.1611
193.0000 -0.1611
194.0000 -0.1611
195.0000 -0.1611
196.0000 -0.1611
197.0000 -0.1611
198.0000 -0.1611
199.0000 -0.1611
200.0000 -0.1611
201.0000 -0.1611
202.0000 -0.1611
203.0000 -0.1611
204.0000 -0.1611
205.0000 -0.1611
206.0000 -0.1611
207.0000 -0.1611
208.0000 -0.1611
209.0000 -0.1611
210.0000 -0.1611
211.0000 -0.1611
212.0000 -0.1611
213.0000 -0.1611
214.0000 -0.1611
215.0000 -0.1611
216.0000 -0.1611
217.0000 -0.1611
218.0000 -0.1611
219.0000 -0.1611
220.0000 -0.1611
221.0000 -0.1611
222.0000 -0.1611
223.0000 -0.1611
224.0000 -0.1611
225.0000 -0.1611
226.0000 -0.1611
227.0000 -0.1611
228.0000 -0.1611
229.0000 -0.1611
230.0000 -0.1611
231.0000 -0.1611
232.0000 -0.1611
233.0000 -0.1611
234.0000 -0.1611
235.0000 -0.1611
236.0000 -0.1611
237.0000 -0.1611
238.0000 -0.1611
239.0000 -0.1611
240.0000 -0.1611
241.0000 -0.1611
242.0000 -0.1611
243.0000 -0.1611
244.0000 -0.1611
245.0000 -0.1611
246.0000 -0.1611
247.0000 -0.1611
248.0000 -0.1611
249.0000 -0.1611
250.0000 -0.1611
