1.0000 0.0000
2.0000 0.0000
3.0000 0.0000
4.0000 0.0000
5.0000 0.0000
6.0000 0.0000
7.0000 0.0000
8.0000 0.0000
9.0000 0.0000
10.0000 0.0000
11.0000 0.0713
12.0000 0.1079
13.0000 0.1056
14.0000 0.0837
15.0000 0.0575
16.0000 0.0346
17.0000 0.0175
18.0000 0.0059
19.0000 -0.0010
20.0000 -0.0044
21.0000 -0.0055
22.0000 -0.0052
23.0000 -0.0041
24.0000 -0.0029
25.0000 -0.0017
26.0000 -0.0008
27.0000 -0.0001
28.0000 0.0003
29.0000 0.0005
30.0000 0.0005
31.0000 0.0005
32.0000 0.0004
33.0000 0.0003
34.0000 0.0002
35.0000 0.0002
36.0000 0.0001
37.0000 0.0001
38.0000 0.0001
39.0000 0.0001
40.0000 0.0001
41.0000 0.0000
42.0000 0.0000
43.0000 0.0001
44.0000 0.0001
45.0000 0.0001
46.0000 0.0000
47.0000 -0.0000
48.0000 0.0000
49.0000 0.0000
50.0000 0.0000
51.0000 0.0000
52.0000 0.0000
53.0000 0.0000
54.0000 0.0000
55.0000 0.0000
56.0000 -0.0000
57.0000 0.0000
58.0000 -0.0000
59.0000 -0.0000
60.0000 -0.0000
61.0000 0.0000
62.0000 0.0000
63.0000 -0.0000
64.0000 -0.0000
65.0000 0.0000
66.0000 0.0000
67.0000 0.0000
68.0000 0.0000
69.0000 0.0000
70.0000 0.0000
71.0000 -0.0000
72.0000 -0.0000
73.0000 -0.0000
74.0000 -0.0000
75.0000 0.0000
76.0000 0.0000
77.0000 -0.0000
78.0000 0.0000
79.0000 -0.0000
80.0000 -0.0000
81.0000 -0.0000
82.0000 0.0000
83.0000 0.0000
84.0000 0.0000
85.0000 0.0000
86.0000 -0.0000
87.0000 -0.0000
88.0000 0.0000
89.0000 0.0000
90.0000 -0.0000
91.0000 -0.0000
92.0000 0.0000
93.0000 0.0000
94.0000 -0.0000
95.0000 -0.0000
96.0000 0.0000
97.0000 0.0000
98.0000 -0.0000
99.0000 -0.0000
100.0000 0.0000
101.0000 0.0000
102.0000 0.0000
103.0000 0.0000
104.0000 -0.0000
105.0000 -0.0000
106.0000 -0.0000
107.0000 0.0000
108.0000 0.0000
109.0000 0.0000
110.0000 0.0000
111.0000 0.1808
112.0000 0.1750
113.0000 0.1148
114.0000 0.0684
115.0000 0.0398
116.0000 0.0213
117.0000 0.0088
118.0000 0.0008
119.0000 -0.0035
120.0000 -0.0051
121.0000 -0.0049
122.0000 -0.0039
123.0000 -0.0028
124.0000 -0.0016
125.0000 -0.0006
126.0000 0.0000
127.0000 0.0004
128.0000 0.0006
129.0000 0.0006
130.0000 0.0006
131.0000 0.0005
132.0000 0.0003
133.0000 0.0003
134.0000 0.0002
135.0000 0.0002
136.0000 0.0002
137.0000 0.0001
138.0000 0.0000
139.0000 0.0000
140.0000 0.0001
141.0000 0.0001
142.0000 0.0001
143.0000 0.0001
144.0000 0.0001
145.0000 0.0001
146.0000 0.0000
147.0000 -0.0000
148.0000 0.0000
149.0000 0.0000
150.0000 -0.0000
151.0000 0.0000
152.0000 0.0000
153.0000 0.0000
154.0000 0.0001
155.0000 0.0000
156.0000 0.0001
157.0000 0.0000
158.0000 0.0000
159.0000 0.0001
160.0000 0.0000
161.0000 -0.0000
162.0000 0.0000
163.0000 -0.0000
164.0000 -0.0001
165.0000 -0.0001
166.0000 -0.0001
167.0000 -0.0001
168.0000 0.0000
169.0000 0.0001
170.0000 0.0000
171.0000 0.0000
172.0000 0.0000
173.0000 0.0001
174.0000 0.0001
175.0000 0.0001
176.0000 -0.0000
177.0000 -0.0001
178.0000 -0.0001
179.0000 0.0000
180.0000 0.0001
181.0000 0.0000
182.0000 0.0000
183.0000 0.0000
184.0000 0.0000
185.0000 0.0000
186.0000 0.0000
187.0000 -0.0000
188.0000 -0.0000
189.0000 0.0000
190.0000 -0.0000
191.0000 0.0001
192.0000 0.0001
193.0000 0.0000
194.0000 0.0000
195.0000 0.0000
196.0000 -0.0001
197.0000 0.0000
198.0000 0.0000
199.0000 -0.0000
200.0000 -0.0001
201.0000 -0.0001
202.0000 -0.0000
203.0000 0.0000
204.0000 0.0000
205.0000 0.0000
206.0000 0.0000
207.0000 0.0000
208.0000 0.0000
209.0000 0.0000
210.0000 0.0001
211.0000 0.3300
212.0000 0.5864
213.0000 0.7453
214.0000 0.8452
215.0000 0.9122
216.0000 0.9582
217.0000 0.9880
218.0000 1.0054
219.0000 1.0135
220.0000 1.0153
221.0000 1.0135
222.0000 1.0100
223.0000 1.0065
224.0000 1.0034
225.0000 1.0010
226.0000 0.9995
227.0000 0.9987
228.0000 0.9984
229.0000 0.9985
230.0000 0.9987
231.0000 0.9990
232.0000 0.9993
233.0000 0.9996
234.0000 0.9998
235.0000 0.9999
236.0000 1.0000
237.0000 1.0000
238.0000 1.0000
239.0000 0.9999
240.0000 0.9999
241.0000 1.0000
242.0000 1.0000
243.0000 0.9999
244.0000 1.0000
245.0000 1.0000
246.0000 1.0000
247.0000 0.9999
248.0000 1.0000
249.0000 0.9999
250.0000 1.0000
251.0000 0.9999
252.0000 1.0000
253.0000 1.0000
254.0000 1.0000
255.0000 1.0000
256.0000 1.0001
257.0000 1.0001
258.0000 1.0001
259.0000 1.0000
260.0000 1.0000
261.0000 1.0000
262.0000 1.0000
263.0000 1.0000
264.0000 1.0001
265.0000 1.0000
266.0000 1.0000
267.0000 1.0000
268.0000 0.9999
269.0000 1.0000
270.0000 0.9999
271.0000 1.0000
272.0000 1.0000
273.0000 1.0001
274.0000 1.0001
275.0000 1.0000
276.0000 1.0000
277.0000 1.0000
278.0000 1.0000
279.0000 1.0000
280.0000 1.0001
281.0000 1.0001
282.0000 1.0000
283.0000 1.0000
284.0000 1.0000
285.0000 1.0000
286.0000 1.0001
287.0000 1.0000
288.0000 1.0000
289.0000 1.0000
290.0000 1.0001
291.0000 1.0000
292.0000 1.0000
293.0000 1.0000
294.0000 1.0000
295.0000 1.0000
296.0000 1.0000
297.0000 1.0000
298.0000 1.0000
299.0000 1.0000
300.0000 1.0000
301.0000 0.9999
302.0000 0.9999
303.0000 1.0000
304.0000 1.0001
305.0000 1.0000
306.0000 1.0000
307.0000 1.0000
308.0000 1.0000
309.0000 1.0000
310.0000 1.0000
311.0000 0.8574
312.0000 0.7844
313.0000 0.7890
314.0000 0.8328
315.0000 0.8851
316.0000 0.9308
317.0000 0.9652
318.0000 0.9883
319.0000 1.0021
320.0000 1.0089
321.0000 1.0111
322.0000 1.0104
323.0000 1.0083
324.0000 1.0058
325.0000 1.0034
326.0000 1.0016
327.0000 1.0003
328.0000 0.9995
329.0000 0.9991
330.0000 0.9990
331.0000 0.9991
332.0000 0.9993
333.0000 0.9994
334.0000 0.9996
335.0000 0.9997
336.0000 0.9998
337.0000 0.9999
338.0000 0.9999
339.0000 0.9999
340.0000 0.9999
341.0000 0.9999
342.0000 0.9999
343.0000 0.9999
344.0000 0.9999
345.0000 0.9999
346.0000 1.0000
347.0000 1.0001
348.0000 1.0001
349.0000 1.0001
350.0000 1.0000
351.0000 1.0000
352.0000 1.0000
353.0000 1.0000
354.0000 1.0000
355.0000 1.0000
356.0000 1.0000
357.0000 1.0000
358.0000 1.0000
359.0000 1.0000
360.0000 1.0000
361.0000 1.0000
362.0000 1.0000
363.0000 1.0001
364.0000 1.0001
365.0000 1.0001
366.0000 1.0001
367.0000 1.0000
368.0000 1.0000
369.0000 1.0000
370.0000 1.0000
371.0000 1.0000
372.0000 1.0000
373.0000 1.0000
374.0000 0.9999
375.0000 0.9999
376.0000 0.9999
377.0000 1.0000
378.0000 1.0000
379.0000 1.0001
380.0000 1.0000
381.0000 1.0000
382.0000 1.0000
383.0000 0.9999
384.0000 0.9999
385.0000 0.9999
386.0000 1.0000
387.0000 1.0001
388.0000 1.0000
389.0000 1.0000
390.0000 1.0000
391.0000 1.0000
392.0000 0.9999
393.0000 0.9999
394.0000 1.0000
395.0000 1.0000
396.0000 1.0000
397.0000 1.0000
398.0000 1.0001
399.0000 1.0001
400.0000 1.0000
401.0000 1.0000
402.0000 1.0001
403.0000 1.0000
404.0000 1.0000
405.0000 1.0001
406.0000 1.0000
407.0000 0.9999
408.0000 0.9999
409.0000 0.9999
410.0000 0.9999
411.0000 0.6382
412.0000 0.6499
413.0000 0.7702
414.0000 0.8630
415.0000 0.9202
416.0000 0.9572
417.0000 0.9823
418.0000 0.9983
419.0000 1.0069
420.0000 1.0100
421.0000 1.0097
422.0000 1.0077
423.0000 1.0054
424.0000 1.0031
425.0000 1.0011
426.0000 0.9997
427.0000 0.9991
428.0000 0.9987
429.0000 0.9987
430.0000 0.9987
431.0000 0.9988
432.0000 0.9992
433.0000 0.9993
434.0000 0.9995
435.0000 0.9994
436.0000 0.9995
437.0000 0.9997
438.0000 0.9998
439.0000 0.9999
440.0000 0.9998
441.0000 0.9997
442.0000 0.9997
443.0000 0.9997
444.0000 0.9996
445.0000 0.9998
446.0000 0.9999
447.0000 0.9999
448.0000 0.9998
449.0000 0.9999
450.0000 1.0000
451.0000 0.9999
452.0000 0.9999
453.0000 0.9999
454.0000 0.9998
455.0000 0.9999
456.0000 0.9998
457.0000 0.9999
458.0000 0.9999
459.0000 0.9998
460.0000 0.9998
461.0000 1.0000
462.0000 0.9999
463.0000 0.9999
464.0000 1.0000
465.0000 1.0001
466.0000 1.0001
467.0000 1.0001
468.0000 0.9999
469.0000 0.9998
470.0000 0.9999
471.0000 0.9999
472.0000 0.9999
473.0000 0.9998
474.0000 0.9997
475.0000 0.9998
476.0000 1.0000
477.0000 1.0001
478.0000 1.0001
479.0000 0.9999
480.0000 0.9999
481.0000 0.9999
482.0000 0.9999
483.0000 0.9999
484.0000 0.9999
485.0000 0.9999
486.0000 0.9999
487.0000 1.0001
488.0000 1.0000
489.0000 1.0000
490.0000 1.0000
491.0000 0.9999
492.0000 0.9998
493.0000 1.0000
494.0000 1.0000
495.0000 0.9999
496.0000 1.0001
497.0000 1.0000
498.0000 1.0000
499.0000 1.0000
500.0000 1.0001
501.0000 1.0001
502.0000 1.0000
503.0000 0.9999
504.0000 0.9999
505.0000 1.0000
506.0000 0.9999
507.0000 0.9999
508.0000 0.9999
509.0000 0.9999
510.0000 0.9999
511.0000 0.3399
512.0000 -0.1728
513.0000 -0.4906
514.0000 -0.6903
515.0000 -0.8245
516.0000 -0.9164
517.0000 -0.9761
518.0000 -1.0108
519.0000 -1.0270
520.0000 -1.0306
521.0000 -1.0270
522.0000 -1.0201
523.0000 -1.0129
524.0000 -1.0068
525.0000 -1.0021
526.0000 -0.9990
527.0000 -0.9973
528.0000 -0.9968
529.0000 -0.9969
530.0000 -0.9974
531.0000 -0.9979
532.0000 -0.9986
533.0000 -0.9992
534.0000 -0.9995
535.0000 -0.9998
536.0000 -1.0000
537.0000 -1.0000
538.0000 -1.0000
539.0000 -0.9999
540.0000 -0.9999
541.0000 -1.0001
542.0000 -1.0000
543.0000 -0.9999
544.0000 -0.9999
545.0000 -1.0000
546.0000 -0.9999
547.0000 -0.9999
548.0000 -0.9999
549.0000 -0.9999
550.0000 -0.9999
551.0000 -0.9999
552.0000 -1.0000
553.0000 -1.0000
554.0000 -1.0000
555.0000 -1.0000
556.0000 -1.0001
557.0000 -1.0002
558.0000 -1.0002
559.0000 -1.0001
560.0000 -1.0001
561.0000 -1.0000
562.0000 -1.0001
563.0000 -1.0000
564.0000 -1.0001
565.0000 -1.0001
566.0000 -1.0001
567.0000 -1.0000
568.0000 -0.9999
569.0000 -0.9999
570.0000 -0.9999
571.0000 -1.0000
572.0000 -1.0001
573.0000 -1.0001
574.0000 -1.0001
575.0000 -1.0001
576.0000 -1.0001
577.0000 -1.0001
578.0000 -1.0000
579.0000 -1.0001
580.0000 -1.0001
581.0000 -1.0001
582.0000 -1.0000
583.0000 -1.0000
584.0000 -0.9999
585.0000 -1.0000
586.0000 -1.0001
587.0000 -1.0001
588.0000 -0.9999
589.0000 -1.0000
590.0000 -1.0002
591.0000 -1.0000
592.0000 -0.9999
593.0000 -1.0000
594.0000 -1.0000
595.0000 -1.0000
596.0000 -1.0001
597.0000 -1.0001
598.0000 -1.0001
599.0000 -1.0000
600.0000 -1.0000
601.0000 -0.9999
602.0000 -0.9999
603.0000 -1.0000
604.0000 -1.0002
605.0000 -1.0001
606.0000 -1.0000
607.0000 -1.0000
608.0000 -1.0000
609.0000 -1.0000
610.0000 -1.0000
611.0000 -0.7862
612.0000 -0.6766
613.0000 -0.6836
614.0000 -0.7492
615.0000 -0.8277
616.0000 -0.8963
617.0000 -0.9478
618.0000 -0.9826
619.0000 -1.0033
620.0000 -1.0135
621.0000 -1.0167
622.0000 -1.0156
623.0000 -1.0125
624.0000 -1.0087
625.0000 -1.0051
626.0000 -1.0024
627.0000 -1.0004
628.0000 -0.9993
629.0000 -0.9987
630.0000 -0.9986
631.0000 -0.9988
632.0000 -0.9990
633.0000 -0.9992
634.0000 -0.9994
635.0000 -0.9996
636.0000 -0.9997
637.0000 -0.9999
638.0000 -0.9999
639.0000 -0.9999
640.0000 -1.0000
641.0000 -0.9999
642.0000 -0.9999
643.0000 -0.9998
644.0000 -0.9998
645.0000 -0.9998
646.0000 -1.0001
647.0000 -1.0002
648.0000 -1.0002
649.0000 -1.0002
650.0000 -1.0001
651.0000 -1.0001
652.0000 -1.0000
653.0000 -1.0001
654.0000 -1.0000
655.0000 -1.0000
656.0000 -1.0000
657.0000 -0.9999
658.0000 -1.0000
659.0000 -1.0000
660.0000 -1.0000
661.0000 -1.0000
662.0000 -1.0001
663.0000 -1.0002
664.0000 -1.0002
665.0000 -1.0002
666.0000 -1.0002
667.0000 -1.0000
668.0000 -1.0000
669.0000 -1.0000
670.0000 -1.0000
671.0000 -1.0000
672.0000 -1.0001
673.0000 -1.0000
674.0000 -0.9999
675.0000 -0.9998
676.0000 -0.9998
677.0000 -1.0001
678.0000 -1.0001
679.0000 -1.0002
680.0000 -1.0001
681.0000 -1.0001
682.0000 -0.9999
683.0000 -0.9999
684.0000 -0.9999
685.0000 -0.9999
686.0000 -1.0001
687.0000 -1.0001
688.0000 -1.0001
689.0000 -1.0001
690.0000 -1.0000
691.0000 -1.0000
692.0000 -0.9999
693.0000 -0.9999
694.0000 -1.0000
695.0000 -1.0000
696.0000 -1.0000
697.0000 -1.0000
698.0000 -1.0001
699.0000 -1.0001
700.0000 -1.0001
701.0000 -1.0000
702.0000 -1.0001
703.0000 -1.0000
704.0000 -1.0000
705.0000 -1.0001
706.0000 -1.0001
707.0000 -0.9999
708.0000 -0.9999
709.0000 -0.9998
710.0000 -0.9998
711.0000 -0.4573
712.0000 -0.4747
713.0000 -0.6551
714.0000 -0.7944
715.0000 -0.8802
716.0000 -0.9358
717.0000 -0.9733
718.0000 -0.9973
719.0000 -1.0102
720.0000 -1.0149
721.0000 -1.0145
722.0000 -1.0114
723.0000 -1.0079
724.0000 -1.0046
725.0000 -1.0016
726.0000 -0.9995
727.0000 -0.9985
728.0000 -0.9980
729.0000 -0.9979
730.0000 -0.9980
731.0000 -0.9982
732.0000 -0.9987
733.0000 -0.9989
734.0000 -0.9991
735.0000 -0.9991
736.0000 -0.9992
737.0000 -0.9995
738.0000 -0.9996
739.0000 -0.9997
740.0000 -0.9996
741.0000 -0.9994
742.0000 -0.9995
743.0000 -0.9995
744.0000 -0.9994
745.0000 -0.9996
746.0000 -0.9998
747.0000 -0.9999
748.0000 -0.9997
749.0000 -0.9998
750.0000 -0.9999
751.0000 -0.9998
752.0000 -0.9998
753.0000 -0.9998
754.0000 -0.9997
755.0000 -0.9998
756.0000 -0.9997
757.0000 -0.9998
758.0000 -0.9998
759.0000 -0.9997
760.0000 -0.9997
761.0000 -0.9999
762.0000 -0.9998
763.0000 -0.9999
764.0000 -1.0000
765.0000 -1.0002
766.0000 -1.0001
767.0000 -1.0001
768.0000 -0.9998
769.0000 -0.9996
770.0000 -0.9999
771.0000 -0.9999
772.0000 -0.9998
773.0000 -0.9996
774.0000 -0.9996
775.0000 -0.9997
776.0000 -0.9999
777.0000 -1.0001
778.0000 -1.0001
779.0000 -0.9999
780.0000 -0.9998
781.0000 -0.9999
782.0000 -0.9999
783.0000 -0.9999
784.0000 -0.9999
785.0000 -0.9999
786.0000 -0.9998
787.0000 -1.0001
788.0000 -1.0001
789.0000 -0.9999
790.0000 -1.0000
791.0000 -0.9998
792.0000 -0.9997
793.0000 -0.9999
794.0000 -0.9999
795.0000 -0.9999
796.0000 -1.0001
797.0000 -0.9999
798.0000 -0.9999
799.0000 -1.0000
800.0000 -1.0001
801.0000 -1.0001
802.0000 -1.0000
803.0000 -0.9999
804.0000 -0.9999
805.0000 -0.9999
806.0000 -0.9999
807.0000 -0.9998
808.0000 -0.9999
809.0000 -0.9998
810.0000 -0.9998
811.0000 -0.0099
812.0000 0.7592
813.0000 1.2358
814.0000 1.5355
815.0000 1.7368
816.0000 1.8747
817.0000 1.9641
818.0000 2.0162
819.0000 2.0405
820.0000 2.0459
821.0000 2.0405
822.0000 2.0302
823.0000 2.0194
824.0000 2.0102
825.0000 2.0032
826.0000 1.9984
827.0000 1.9960
828.0000 1.9953
829.0000 1.9954
830.0000 1.9961
831.0000 1.9969
832.0000 1.9978
833.0000 1.9987
834.0000 1.9993
835.0000 1.9996
836.0000 1.9999
837.0000 2.0001
838.0000 1.9999
839.0000 1.9998
840.0000 1.9998
841.0000 2.0001
842.0000 2.0000
843.0000 1.9998
844.0000 1.9999
845.0000 2.0000
846.0000 1.9999
847.0000 1.9998
848.0000 1.9999
849.0000 1.9999
850.0000 1.9999
851.0000 1.9998
852.0000 2.0000
853.0000 2.0001
854.0000 2.0000
855.0000 1.9999
856.0000 2.0002
857.0000 2.0003
858.0000 2.0003
859.0000 2.0001
860.0000 2.0001
861.0000 2.0000
862.0000 2.0001
863.0000 2.0000
864.0000 2.0002
865.0000 2.0001
866.0000 2.0001
867.0000 2.0000
868.0000 1.9998
869.0000 1.9999
870.0000 1.9998
871.0000 2.0000
872.0000 2.0001
873.0000 2.0002
874.0000 2.0002
875.0000 2.0001
876.0000 2.0001
877.0000 2.0001
878.0000 2.0000
879.0000 2.0001
880.0000 2.0002
881.0000 2.0002
882.0000 1.9999
883.0000 2.0000
884.0000 1.9999
885.0000 1.9999
886.0000 2.0002
887.0000 2.0001
888.0000 1.9999
889.0000 2.0001
890.0000 2.0002
891.0000 2.0001
892.0000 1.9999
893.0000 2.0000
894.0000 2.0000
895.0000 2.0000
896.0000 2.0001
897.0000 2.0001
898.0000 2.0001
899.0000 2.0001
900.0000 2.0000
901.0000 1.9998
902.0000 1.9998
903.0000 2.0000
904.0000 2.0003
905.0000 2.0001
906.0000 2.0000
907.0000 2.0000
908.0000 2.0000
909.0000 2.0000
910.0000 2.0000
