1.0000 0.0000
2.0000 0.0000
3.0000 0.0000
4.0000 0.0000
5.0000 0.0000
6.0000 0.0000
7.0000 0.0000
8.0000 0.0000
9.0000 0.0000
10.0000 0.0000
11.0000 0.0462
12.0000 0.0467
13.0000 0.0503
14.0000 0.0535
15.0000 0.0564
16.0000 0.0592
17.0000 0.0617
18.0000 0.0641
19.0000 0.0664
20.0000 0.0685
21.0000 0.0704
22.0000 0.0722
23.0000 0.0739
24.0000 0.0755
25.0000 0.0770
26.0000 0.0784
27.0000 0.0796
28.0000 0.0808
29.0000 0.0820
30.0000 0.0830
31.0000 0.0840
32.0000 0.0849
33.0000 0.0858
34.0000 0.0866
35.0000 0.0873
36.0000 0.0881
37.0000 0.0887
38.0000 0.0893
39.0000 0.0899
40.0000 0.0905
41.0000 0.0910
42.0000 0.0915
43.0000 0.0919
44.0000 0.0923
45.0000 0.0927
46.0000 0.0931
47.0000 0.0935
48.0000 0.0938
49.0000 0.0941
50.0000 0.0944
51.0000 0.0947
52.0000 0.0949
53.0000 0.0952
54.0000 0.0954
55.0000 0.0956
56.0000 0.0959
57.0000 0.0961
58.0000 0.0962
59.0000 0.0964
60.0000 0.0966
61.0000 0.0968
62.0000 0.0969
63.0000 0.0971
64.0000 0.0972
65.0000 0.0973
66.0000 0.0975
67.0000 0.0976
68.0000 0.0977
69.0000 0.0978
70.0000 0.0979
71.0000 0.0980
72.0000 0.0982
73.0000 0.0982
74.0000 0.0983
75.0000 0.0984
76.0000 0.0985
77.0000 0.0986
78.0000 0.0987
79.0000 0.0988
80.0000 0.0989
81.0000 0.0989
82.0000 0.0990
83.0000 0.0991
84.0000 0.0992
85.0000 0.0992
86.0000 0.0993
87.0000 0.0994
88.0000 0.0994
89.0000 0.0995
90.0000 0.0995
91.0000 0.0996
92.0000 0.0997
93.0000 0.0997
94.0000 0.0998
95.0000 0.0998
96.0000 0.0999
97.0000 0.1000
98.0000 0.1000
99.0000 0.1001
100.0000 0.1001
101.0000 0.1002
102.0000 0.1002
103.0000 0.1003
104.0000 0.1003
105.0000 0.1004
106.0000 0.1004
107.0000 0.1005
108.0000 0.1005
109.0000 0.1006
110.0000 0.1006
111.0000 0.1007
112.0000 0.1007
113.0000 0.1008
114.0000 0.1008
115.0000 0.1009
116.0000 0.1009
117.0000 0.1010
118.0000 0.1010
119.0000 0.1010
120.0000 0.1011
121.0000 0.1011
122.0000 0.1012
123.0000 0.1012
124.0000 0.1013
125.0000 0.1013
126.0000 0.1014
127.0000 0.1014
128.0000 0.1014
129.0000 0.1015
130.0000 0.1015
131.0000 0.1016
132.0000 0.1016
133.0000 0.1016
134.0000 0.1017
135.0000 0.1017
136.0000 0.1018
137.0000 0.1018
138.0000 0.1019
139.0000 0.1019
140.0000 0.1019
141.0000 0.1020
142.0000 0.1020
143.0000 0.1020
144.0000 0.1021
145.0000 0.1021
146.0000 0.1022
147.0000 0.1022
148.0000 0.1022
149.0000 0.1023
150.0000 0.1023
151.0000 0.1024
152.0000 0.1024
153.0000 0.1024
154.0000 0.1025
155.0000 0.1025
156.0000 0.1025
157.0000 0.1026
158.0000 0.1026
159.0000 0.1027
160.0000 0.1027
161.0000 0.1027
162.0000 0.1028
163.0000 0.1028
164.0000 0.1028
165.0000 0.1029
166.0000 0.1029
167.0000 0.1029
168.0000 0.1030
169.0000 0.1030
170.0000 0.1030
171.0000 0.1031
172.0000 0.1031
173.0000 0.1032
174.0000 0.1032
175.0000 0.1032
176.0000 0.1033
177.0000 0.1033
178.0000 0.1033
179.0000 0.1034
180.0000 0.1034
181.0000 0.1034
182.0000 0.1035
183.0000 0.1035
184.0000 0.1035
185.0000 0.1036
186.0000 0.1036
187.0000 0.1036
188.0000 0.1036
189.0000 0.1037
190.0000 0.1037
191.0000 0.1037
192.0000 0.1038
193.0000 0.1038
194.0000 0.1038
195.0000 0.1039
196.0000 0.1039
197.0000 0.1039
198.0000 0.1040
199.0000 0.1040
200.0000 0.1040
201.0000 0.1041
202.0000 0.1041
203.0000 0.1041
204.0000 0.1041
205.0000 0.1042
206.0000 0.1042
207.0000 0.1042
208.0000 0.1043
209.0000 0.1043
210.0000 0.1043
211.0000 0.1044
212.0000 0.1044
213.0000 0.1044
214.0000 0.1044
215.0000 0.1045
216.0000 0.1045
217.0000 0.1045
218.0000 0.1046
219.0000 0.1046
220.0000 0.1046
221.0000 0.1046
222.0000 0.1047
223.0000 0.1047
224.0000 0.1047
225.0000 0.1047
226.0000 0.1048
227.0000 0.1048
228.0000 0.1048
229.0000 0.1049
230.0000 0.1049
231.0000 0.1049
232.0000 0.1049
233.0000 0.1050
234.0000 0.1050
235.0000 0.1050
236.0000 0.1050
237.0000 0.1051
238.0000 0.1051
239.0000 0.1051
240.0000 0.1051
241.0000 0.1052
242.0000 0.1052
243.0000 0.1052
244.0000 0.1052
245.0000 0.1053
246.0000 0.1053
247.0000 0.1053
248.0000 0.1053
249.0000 0.1054
250.0000 0.1054
251.0000 0.1054
252.0000 0.1054
253.0000 0.1055
254.0000 0.1055
255.0000 0.1055
256.0000 0.1055
257.0000 0.1056
258.0000 0.1056
259.0000 0.1056
260.0000 0.1056
261.0000 0.1057
262.0000 0.1057
263.0000 0.1057
264.0000 0.1057
265.0000 0.1058
266.0000 0.1058
267.0000 0.1058
268.0000 0.1058
269.0000 0.1058
270.0000 0.1059
271.0000 0.1059
272.0000 0.1059
273.0000 0.1059
274.0000 0.1060
275.0000 0.1060
276.0000 0.1060
277.0000 0.1060
278.0000 0.1060
279.0000 0.1061
280.0000 0.1061
281.0000 0.1061
282.0000 0.1061
283.0000 0.1062
284.0000 0.1062
285.0000 0.1062
286.0000 0.1062
287.0000 0.1062
288.0000 0.1063
289.0000 0.1063
290.0000 0.1063
291.0000 0.1063
292.0000 0.1063
293.0000 0.1064
294.0000 0.1064
295.0000 0.1064
296.0000 0.1064
297.0000 0.1064
298.0000 0.1065
299.0000 0.1065
300.0000 0.1065
301.0000 0.1065
302.0000 0.1065
303.0000 0.1066
304.0000 0.1066
305.0000 0.1066
306.0000 0.1066
307.0000 0.1066
308.0000 0.1067
309.0000 0.1067
310.0000 0.1067
311.0000 0.0144
312.0000 0.0134
313.0000 0.0062
314.0000 -0.0001
315.0000 -0.0060
316.0000 -0.0115
317.0000 -0.0166
318.0000 -0.0214
319.0000 -0.0259
320.0000 -0.0300
321.0000 -0.0339
322.0000 -0.0375
323.0000 -0.0409
324.0000 -0.0440
325.0000 -0.0470
326.0000 -0.0497
327.0000 -0.0523
328.0000 -0.0547
329.0000 -0.0569
330.0000 -0.0590
331.0000 -0.0609
332.0000 -0.0628
333.0000 -0.0645
334.0000 -0.0661
335.0000 -0.0676
336.0000 -0.0689
337.0000 -0.0703
338.0000 -0.0715
339.0000 -0.0726
340.0000 -0.0737
341.0000 -0.0747
342.0000 -0.0756
343.0000 -0.0765
344.0000 -0.0774
345.0000 -0.0781
346.0000 -0.0789
347.0000 -0.0796
348.0000 -0.0802
349.0000 -0.0808
350.0000 -0.0814
351.0000 -0.0819
352.0000 -0.0824
353.0000 -0.0829
354.0000 -0.0834
355.0000 -0.0838
356.0000 -0.0842
357.0000 -0.0846
358.0000 -0.0850
359.0000 -0.0853
360.0000 -0.0856
361.0000 -0.0860
362.0000 -0.0863
363.0000 -0.0865
364.0000 -0.0868
365.0000 -0.0871
366.0000 -0.0873
367.0000 -0.0875
368.0000 -0.0878
369.0000 -0.0880
370.0000 -0.0882
371.0000 -0.0884
372.0000 -0.0886
373.0000 -0.0888
374.0000 -0.0889
375.0000 -0.0891
376.0000 -0.0893
377.0000 -0.0894
378.0000 -0.0896
379.0000 -0.0897
380.0000 -0.0899
381.0000 -0.0900
382.0000 -0.0901
383.0000 -0.0903
384.0000 -0.0904
385.0000 -0.0905
386.0000 -0.0907
387.0000 -0.0908
388.0000 -0.0909
389.0000 -0.0910
390.0000 -0.0911
391.0000 -0.0912
392.0000 -0.0913
393.0000 -0.0914
394.0000 -0.0915
395.0000 -0.0916
396.0000 -0.0917
397.0000 -0.0918
398.0000 -0.0919
399.0000 -0.0920
400.0000 -0.0921
401.0000 -0.0922
402.0000 -0.0923
403.0000 -0.0924
404.0000 -0.0925
405.0000 -0.0926
406.0000 -0.0927
407.0000 -0.0928
408.0000 -0.0928
409.0000 -0.0929
410.0000 -0.0930
411.0000 -0.0931
412.0000 -0.0932
413.0000 -0.0933
414.0000 -0.0933
415.0000 -0.0934
416.0000 -0.0935
417.0000 -0.0936
418.0000 -0.0937
419.0000 -0.0937
420.0000 -0.0938
421.0000 -0.0939
422.0000 -0.0940
423.0000 -0.0940
424.0000 -0.0941
425.0000 -0.0942
426.0000 -0.0943
427.0000 -0.0943
428.0000 -0.0944
429.0000 -0.0945
430.0000 -0.0946
431.0000 -0.0946
432.0000 -0.0947
433.0000 -0.0948
434.0000 -0.0949
435.0000 -0.0949
436.0000 -0.0950
437.0000 -0.0951
438.0000 -0.0951
439.0000 -0.0952
440.0000 -0.0953
441.0000 -0.0953
442.0000 -0.0954
443.0000 -0.0955
444.0000 -0.0955
445.0000 -0.0956
446.0000 -0.0957
447.0000 -0.0957
448.0000 -0.0958
449.0000 -0.0959
450.0000 -0.0959
451.0000 -0.0960
452.0000 -0.0961
453.0000 -0.0961
454.0000 -0.0962
455.0000 -0.0963
456.0000 -0.0963
457.0000 -0.0964
458.0000 -0.0965
459.0000 -0.0965
460.0000 -0.0966
461.0000 -0.0966
462.0000 -0.0967
463.0000 -0.0968
464.0000 -0.0968
465.0000 -0.0969
466.0000 -0.0970
467.0000 -0.0970
468.0000 -0.0971
469.0000 -0.0971
470.0000 -0.0972
471.0000 -0.0973
472.0000 -0.0973
473.0000 -0.0974
474.0000 -0.0974
475.0000 -0.0975
476.0000 -0.0976
477.0000 -0.0976
478.0000 -0.0977
479.0000 -0.0977
480.0000 -0.0978
481.0000 -0.0978
482.0000 -0.0979
483.0000 -0.0980
484.0000 -0.0980
485.0000 -0.0981
486.0000 -0.0981
487.0000 -0.0982
488.0000 -0.0982
489.0000 -0.0983
490.0000 -0.0983
491.0000 -0.0984
492.0000 -0.0985
493.0000 -0.0985
494.0000 -0.0986
495.0000 -0.0986
496.0000 -0.0987
497.0000 -0.0987
498.0000 -0.0988
499.0000 -0.0988
500.0000 -0.0989
501.0000 -0.0989
502.0000 -0.0990
503.0000 -0.0990
504.0000 -0.0991
505.0000 -0.0991
506.0000 -0.0992
507.0000 -0.0992
508.0000 -0.0993
509.0000 -0.0994
510.0000 -0.0994
511.0000 -0.0995
512.0000 -0.0995
513.0000 -0.0996
514.0000 -0.0996
515.0000 -0.0996
516.0000 -0.0997
517.0000 -0.0997
518.0000 -0.0998
519.0000 -0.0998
520.0000 -0.0999
521.0000 -0.0999
522.0000 -0.1000
523.0000 -0.1000
524.0000 -0.1001
525.0000 -0.1001
526.0000 -0.1002
527.0000 -0.1002
528.0000 -0.1003
529.0000 -0.1003
530.0000 -0.1004
531.0000 -0.1004
532.0000 -0.1005
533.0000 -0.1005
534.0000 -0.1005
535.0000 -0.1006
536.0000 -0.1006
537.0000 -0.1007
538.0000 -0.1007
539.0000 -0.1008
540.0000 -0.1008
541.0000 -0.1009
542.0000 -0.1009
543.0000 -0.1010
544.0000 -0.1010
545.0000 -0.1010
546.0000 -0.1011
547.0000 -0.1011
548.0000 -0.1012
549.0000 -0.1012
550.0000 -0.1013
551.0000 -0.1013
552.0000 -0.1013
553.0000 -0.1014
554.0000 -0.1014
555.0000 -0.1015
556.0000 -0.1015
557.0000 -0.1015
558.0000 -0.1016
559.0000 -0.1016
560.0000 -0.1017
561.0000 -0.1017
562.0000 -0.1017
563.0000 -0.1018
564.0000 -0.1018
565.0000 -0.1019
566.0000 -0.1019
567.0000 -0.1019
568.0000 -0.1020
569.0000 -0.1020
570.0000 -0.1021
571.0000 -0.1021
572.0000 -0.1021
573.0000 -0.1022
574.0000 -0.1022
575.0000 -0.1023
576.0000 -0.1023
577.0000 -0.1023
578.0000 -0.1024
579.0000 -0.1024
580.0000 -0.1024
581.0000 -0.1025
582.0000 -0.1025
583.0000 -0.1026
584.0000 -0.1026
585.0000 -0.1026
586.0000 -0.1027
587.0000 -0.1027
588.0000 -0.1027
589.0000 -0.1028
590.0000 -0.1028
591.0000 -0.1028
592.0000 -0.1029
593.0000 -0.1029
594.0000 -0.1030
595.0000 -0.1030
596.0000 -0.1030
597.0000 -0.1031
598.0000 -0.1031
599.0000 -0.1031
600.0000 -0.1032
601.0000 -0.1032
602.0000 -0.1032
603.0000 -0.1033
604.0000 -0.1033
605.0000 -0.1033
606.0000 -0.1034
607.0000 -0.1034
608.0000 -0.1034
609.0000 -0.1035
610.0000 -0.1035
611.0000 0.0350
612.0000 0.0364
613.0000 0.0473
614.0000 0.0567
615.0000 0.0656
616.0000 0.0738
617.0000 0.0815
618.0000 0.0886
619.0000 0.0953
620.0000 0.1015
621.0000 0.1073
622.0000 0.1128
623.0000 0.1178
624.0000 0.1225
625.0000 0.1269
626.0000 0.1311
627.0000 0.1349
628.0000 0.1385
629.0000 0.1418
630.0000 0.1449
631.0000 0.1479
632.0000 0.1506
633.0000 0.1532
634.0000 0.1555
635.0000 0.1578
636.0000 0.1599
637.0000 0.1618
638.0000 0.1636
639.0000 0.1654
640.0000 0.1670
641.0000 0.1685
642.0000 0.1699
643.0000 0.1712
644.0000 0.1725
645.0000 0.1736
646.0000 0.1747
647.0000 0.1757
648.0000 0.1767
649.0000 0.1776
650.0000 0.1785
651.0000 0.1793
652.0000 0.1801
653.0000 0.1808
654.0000 0.1815
655.0000 0.1821
656.0000 0.1827
657.0000 0.1833
658.0000 0.1838
659.0000 0.1843
660.0000 0.1848
661.0000 0.1853
662.0000 0.1857
663.0000 0.1861
664.0000 0.1865
665.0000 0.1869
666.0000 0.1873
667.0000 0.1876
668.0000 0.1880
669.0000 0.1883
670.0000 0.1886
671.0000 0.1889
672.0000 0.1892
673.0000 0.1894
674.0000 0.1897
675.0000 0.1900
676.0000 0.1902
677.0000 0.1904
678.0000 0.1907
679.0000 0.1909
680.0000 0.1911
681.0000 0.1913
682.0000 0.1915
683.0000 0.1917
684.0000 0.1919
685.0000 0.1921
686.0000 0.1923
687.0000 0.1924
688.0000 0.1926
689.0000 0.1928
690.0000 0.1929
691.0000 0.1931
692.0000 0.1933
693.0000 0.1934
694.0000 0.1936
695.0000 0.1937
696.0000 0.1939
697.0000 0.1940
698.0000 0.1941
699.0000 0.1943
700.0000 0.1944
701.0000 0.1946
702.0000 0.1947
703.0000 0.1948
704.0000 0.1950
705.0000 0.1951
706.0000 0.1952
707.0000 0.1953
708.0000 0.1955
709.0000 0.1956
710.0000 0.1957
711.0000 0.1958
712.0000 0.1960
713.0000 0.1961
714.0000 0.1962
715.0000 0.1963
716.0000 0.1964
717.0000 0.1966
718.0000 0.1967
719.0000 0.1968
720.0000 0.1969
721.0000 0.1970
722.0000 0.1971
723.0000 0.1972
724.0000 0.1973
725.0000 0.1975
726.0000 0.1976
727.0000 0.1977
728.0000 0.1978
729.0000 0.1979
730.0000 0.1980
731.0000 0.1981
732.0000 0.1982
733.0000 0.1983
734.0000 0.1984
735.0000 0.1985
736.0000 0.1986
737.0000 0.1987
738.0000 0.1988
739.0000 0.1989
740.0000 0.1990
741.0000 0.1991
742.0000 0.1992
743.0000 0.1993
744.0000 0.1994
745.0000 0.1995
746.0000 0.1996
747.0000 0.1997
748.0000 0.1998
749.0000 0.1999
750.0000 0.2000
751.0000 0.2001
752.0000 0.2002
753.0000 0.2003
754.0000 0.2004
755.0000 0.2005
756.0000 0.2006
757.0000 0.2007
758.0000 0.2008
759.0000 0.2009
760.0000 0.2010
761.0000 0.2010
762.0000 0.2011
763.0000 0.2012
764.0000 0.2013
765.0000 0.2014
766.0000 0.2015
767.0000 0.2016
768.0000 0.2017
769.0000 0.2018
770.0000 0.2019
771.0000 0.2019
772.0000 0.2020
773.0000 0.2021
774.0000 0.2022
775.0000 0.2023
776.0000 0.2024
777.0000 0.2025
778.0000 0.2025
779.0000 0.2026
780.0000 0.2027
781.0000 0.2028
782.0000 0.2029
783.0000 0.2030
784.0000 0.2030
785.0000 0.2031
786.0000 0.2032
787.0000 0.2033
788.0000 0.2034
789.0000 0.2035
790.0000 0.2035
791.0000 0.2036
792.0000 0.2037
793.0000 0.2038
794.0000 0.2039
795.0000 0.2039
796.0000 0.2040
797.0000 0.2041
798.0000 0.2042
799.0000 0.2042
800.0000 0.2043
801.0000 0.2044
802.0000 0.2045
803.0000 0.2046
804.0000 0.2046
805.0000 0.2047
806.0000 0.2048
807.0000 0.2049
808.0000 0.2049
809.0000 0.2050
810.0000 0.2051
811.0000 0.2052
812.0000 0.2052
813.0000 0.2053
814.0000 0.2054
815.0000 0.2054
816.0000 0.2055
817.0000 0.2056
818.0000 0.2057
819.0000 0.2057
820.0000 0.2058
821.0000 0.2059
822.0000 0.2059
823.0000 0.2060
824.0000 0.2061
825.0000 0.2061
826.0000 0.2062
827.0000 0.2063
828.0000 0.2064
829.0000 0.2064
830.0000 0.2065
831.0000 0.2066
832.0000 0.2066
833.0000 0.2067
834.0000 0.2068
835.0000 0.2068
836.0000 0.2069
837.0000 0.2070
838.0000 0.2070
839.0000 0.2071
840.0000 0.2072
841.0000 0.2072
842.0000 0.2073
843.0000 0.2073
844.0000 0.2074
845.0000 0.2075
846.0000 0.2075
847.0000 0.2076
848.0000 0.2077
849.0000 0.2077
850.0000 0.2078
851.0000 0.2079
852.0000 0.2079
853.0000 0.2080
854.0000 0.2080
855.0000 0.2081
856.0000 0.2082
857.0000 0.2082
858.0000 0.2083
859.0000 0.2083
860.0000 0.2084
861.0000 0.2085
862.0000 0.2085
863.0000 0.2086
864.0000 0.2086
865.0000 0.2087
866.0000 0.2087
867.0000 0.2088
868.0000 0.2089
869.0000 0.2089
870.0000 0.2090
871.0000 0.2090
872.0000 0.2091
873.0000 0.2091
874.0000 0.2092
875.0000 0.2093
876.0000 0.2093
877.0000 0.2094
878.0000 0.2094
879.0000 0.2095
880.0000 0.2095
881.0000 0.2096
882.0000 0.2096
883.0000 0.2097
884.0000 0.2098
885.0000 0.2098
886.0000 0.2099
887.0000 0.2099
888.0000 0.2100
889.0000 0.2100
890.0000 0.2101
891.0000 0.2101
892.0000 0.2102
893.0000 0.2102
894.0000 0.2103
895.0000 0.2103
896.0000 0.2104
897.0000 0.2104
898.0000 0.2105
899.0000 0.2105
900.0000 0.2106
901.0000 0.2106
902.0000 0.2107
903.0000 0.2107
904.0000 0.2108
905.0000 0.2108
906.0000 0.2109
907.0000 0.2109
908.0000 0.2110
909.0000 0.2110
910.0000 0.2111
