1.0000 0.0000
2.0000 0.0000
3.0000 0.0000
4.0000 0.0000
5.0000 0.0000
6.0000 0.0000
7.0000 0.0000
8.0000 0.0000
9.0000 0.0000
10.0000 0.0000
11.0000 0.0551
12.0000 0.0579
13.0000 0.0645
14.0000 0.0706
15.0000 0.0766
16.0000 0.0824
17.0000 0.0881
18.0000 0.0936
19.0000 0.0990
20.0000 0.1042
21.0000 0.1093
22.0000 0.1143
23.0000 0.1191
24.0000 0.1238
25.0000 0.1284
26.0000 0.1328
27.0000 0.1372
28.0000 0.1414
29.0000 0.1455
30.0000 0.1495
31.0000 0.1534
32.0000 0.1572
33.0000 0.1609
34.0000 0.1645
35.0000 0.1680
36.0000 0.1714
37.0000 0.1748
38.0000 0.1780
39.0000 0.1812
40.0000 0.1842
41.0000 0.1872
42.0000 0.1902
43.0000 0.1930
44.0000 0.1958
45.0000 0.1985
46.0000 0.2011
47.0000 0.2037
48.0000 0.2062
49.0000 0.2086
50.0000 0.2110
51.0000 0.2133
52.0000 0.2155
53.0000 0.2177
54.0000 0.2199
55.0000 0.2219
56.0000 0.2240
57.0000 0.2260
58.0000 0.2279
59.0000 0.2298
60.0000 0.2316
61.0000 0.2334
62.0000 0.2351
63.0000 0.2368
64.0000 0.2385
65.0000 0.2401
66.0000 0.2417
67.0000 0.2432
68.0000 0.2447
69.0000 0.2462
70.0000 0.2476
71.0000 0.2490
72.0000 0.2504
73.0000 0.2517
74.0000 0.2530
75.0000 0.2543
76.0000 0.2555
77.0000 0.2567
78.0000 0.2579
79.0000 0.2590
80.0000 0.2601
81.0000 0.2612
82.0000 0.2623
83.0000 0.2633
84.0000 0.2643
85.0000 0.2653
86.0000 0.2663
87.0000 0.2672
88.0000 0.2682
89.0000 0.2691
90.0000 0.2699
91.0000 0.2708
92.0000 0.2716
93.0000 0.2725
94.0000 0.2733
95.0000 0.2740
96.0000 0.2748
97.0000 0.2756
98.0000 0.2763
99.0000 0.2770
100.0000 0.2777
101.0000 0.2784
102.0000 0.2791
103.0000 0.2797
104.0000 0.2804
105.0000 0.2810
106.0000 0.2816
107.0000 0.2822
108.0000 0.2828
109.0000 0.2833
110.0000 0.2839
111.0000 0.2845
112.0000 0.2850
113.0000 0.2855
114.0000 0.2860
115.0000 0.2865
116.0000 0.2870
117.0000 0.2875
118.0000 0.2880
119.0000 0.2885
120.0000 0.2889
121.0000 0.2894
122.0000 0.2898
123.0000 0.2902
124.0000 0.2906
125.0000 0.2911
126.0000 0.2915
127.0000 0.2919
128.0000 0.2922
129.0000 0.2926
130.0000 0.2930
131.0000 0.2934
132.0000 0.2937
133.0000 0.2941
134.0000 0.2944
135.0000 0.2948
136.0000 0.2951
137.0000 0.2954
138.0000 0.2958
139.0000 0.2961
140.0000 0.2964
141.0000 0.2967
142.0000 0.2970
143.0000 0.2973
144.0000 0.2976
145.0000 0.2979
146.0000 0.2981
147.0000 0.2984
148.0000 0.2987
149.0000 0.2989
150.0000 0.2992
151.0000 0.2995
152.0000 0.2997
153.0000 0.3000
154.0000 0.3002
155.0000 0.3005
156.0000 0.3007
157.0000 0.3009
158.0000 0.3012
159.0000 0.3014
160.0000 0.3016
161.0000 0.3018
162.0000 0.3020
163.0000 0.3023
164.0000 0.3025
165.0000 0.3027
166.0000 0.3029
167.0000 0.3031
168.0000 0.3033
169.0000 0.3035
170.0000 0.3037
171.0000 0.3039
172.0000 0.3041
173.0000 0.3042
174.0000 0.3044
175.0000 0.3046
176.0000 0.3048
177.0000 0.3050
178.0000 0.3051
179.0000 0.3053
180.0000 0.3055
181.0000 0.3056
182.0000 0.3058
183.0000 0.3060
184.0000 0.3061
185.0000 0.3063
186.0000 0.3065
187.0000 0.3066
188.0000 0.3068
189.0000 0.3069
190.0000 0.3071
191.0000 0.3072
192.0000 0.3074
193.0000 0.3075
194.0000 0.3077
195.0000 0.3078
196.0000 0.3079
197.0000 0.3081
198.0000 0.3082
199.0000 0.3084
200.0000 0.3085
201.0000 0.3086
202.0000 0.3088
203.0000 0.3089
204.0000 0.3090
205.0000 0.3092
206.0000 0.3093
207.0000 0.3094
208.0000 0.3095
209.0000 0.3097
210.0000 0.3098
211.0000 0.3099
212.0000 0.3100
213.0000 0.3101
214.0000 0.3103
215.0000 0.3104
216.0000 0.3105
217.0000 0.3106
218.0000 0.3107
219.0000 0.3108
220.0000 0.3110
221.0000 0.3111
222.0000 0.3112
223.0000 0.3113
224.0000 0.3114
225.0000 0.3115
226.0000 0.3116
227.0000 0.3117
228.0000 0.3118
229.0000 0.3119
230.0000 0.3120
231.0000 0.3121
232.0000 0.3122
233.0000 0.3123
234.0000 0.3124
235.0000 0.3125
236.0000 0.3126
237.0000 0.3127
238.0000 0.3128
239.0000 0.3129
240.0000 0.3130
241.0000 0.3131
242.0000 0.3132
243.0000 0.3133
244.0000 0.3134
245.0000 0.3135
246.0000 0.3136
247.0000 0.3137
248.0000 0.3138
249.0000 0.3139
250.0000 0.3140
251.0000 0.3141
252.0000 0.3141
253.0000 0.3142
254.0000 0.3143
255.0000 0.3144
256.0000 0.3145
257.0000 0.3146
258.0000 0.3147
259.0000 0.3148
260.0000 0.3148
261.0000 0.3149
262.0000 0.3150
263.0000 0.3151
264.0000 0.3152
265.0000 0.3153
266.0000 0.3153
267.0000 0.3154
268.0000 0.3155
269.0000 0.3156
270.0000 0.3157
271.0000 0.3157
272.0000 0.3158
273.0000 0.3159
274.0000 0.3160
275.0000 0.3161
276.0000 0.3161
277.0000 0.3162
278.0000 0.3163
279.0000 0.3164
280.0000 0.3164
281.0000 0.3165
282.0000 0.3166
283.0000 0.3167
284.0000 0.3167
285.0000 0.3168
286.0000 0.3169
287.0000 0.3170
288.0000 0.3170
289.0000 0.3171
290.0000 0.3172
291.0000 0.3173
292.0000 0.3173
293.0000 0.3174
294.0000 0.3175
295.0000 0.3175
296.0000 0.3176
297.0000 0.3177
298.0000 0.3177
299.0000 0.3178
300.0000 0.3179
301.0000 0.3180
302.0000 0.3180
303.0000 0.3181
304.0000 0.3182
305.0000 0.3182
306.0000 0.3183
307.0000 0.3184
308.0000 0.3184
309.0000 0.3185
310.0000 0.3186
311.0000 0.2085
312.0000 0.2028
313.0000 0.1897
314.0000 0.1776
315.0000 0.1657
316.0000 0.1541
317.0000 0.1428
318.0000 0.1318
319.0000 0.1211
320.0000 0.1108
321.0000 0.1006
322.0000 0.0908
323.0000 0.0812
324.0000 0.0718
325.0000 0.0628
326.0000 0.0539
327.0000 0.0453
328.0000 0.0369
329.0000 0.0287
330.0000 0.0208
331.0000 0.0130
332.0000 0.0055
333.0000 -0.0018
334.0000 -0.0090
335.0000 -0.0159
336.0000 -0.0227
337.0000 -0.0293
338.0000 -0.0358
339.0000 -0.0420
340.0000 -0.0481
341.0000 -0.0541
342.0000 -0.0598
343.0000 -0.0655
344.0000 -0.0710
345.0000 -0.0763
346.0000 -0.0815
347.0000 -0.0866
348.0000 -0.0915
349.0000 -0.0963
350.0000 -0.1010
351.0000 -0.1056
352.0000 -0.1100
353.0000 -0.1144
354.0000 -0.1186
355.0000 -0.1227
356.0000 -0.1267
357.0000 -0.1306
358.0000 -0.1344
359.0000 -0.1382
360.0000 -0.1418
361.0000 -0.1453
362.0000 -0.1487
363.0000 -0.1521
364.0000 -0.1554
365.0000 -0.1585
366.0000 -0.1616
367.0000 -0.1647
368.0000 -0.1676
369.0000 -0.1705
370.0000 -0.1733
371.0000 -0.1760
372.0000 -0.1787
373.0000 -0.1813
374.0000 -0.1838
375.0000 -0.1863
376.0000 -0.1887
377.0000 -0.1911
378.0000 -0.1934
379.0000 -0.1956
380.0000 -0.1978
381.0000 -0.1999
382.0000 -0.2020
383.0000 -0.2041
384.0000 -0.2060
385.0000 -0.2080
386.0000 -0.2099
387.0000 -0.2117
388.0000 -0.2135
389.0000 -0.2153
390.0000 -0.2170
391.0000 -0.2187
392.0000 -0.2203
393.0000 -0.2219
394.0000 -0.2234
395.0000 -0.2250
396.0000 -0.2265
397.0000 -0.2279
398.0000 -0.2293
399.0000 -0.2307
400.0000 -0.2321
401.0000 -0.2334
402.0000 -0.2347
403.0000 -0.2360
404.0000 -0.2372
405.0000 -0.2384
406.0000 -0.2396
407.0000 -0.2407
408.0000 -0.2419
409.0000 -0.2430
410.0000 -0.2441
411.0000 -0.2451
412.0000 -0.2462
413.0000 -0.2472
414.0000 -0.2482
415.0000 -0.2491
416.0000 -0.2501
417.0000 -0.2510
418.0000 -0.2519
419.0000 -0.2528
420.0000 -0.2537
421.0000 -0.2545
422.0000 -0.2554
423.0000 -0.2562
424.0000 -0.2570
425.0000 -0.2578
426.0000 -0.2585
427.0000 -0.2593
428.0000 -0.2600
429.0000 -0.2608
430.0000 -0.2615
431.0000 -0.2622
432.0000 -0.2628
433.0000 -0.2635
434.0000 -0.2642
435.0000 -0.2648
436.0000 -0.2654
437.0000 -0.2661
438.0000 -0.2667
439.0000 -0.2673
440.0000 -0.2678
441.0000 -0.2684
442.0000 -0.2690
443.0000 -0.2695
444.0000 -0.2701
445.0000 -0.2706
446.0000 -0.2711
447.0000 -0.2717
448.0000 -0.2722
449.0000 -0.2727
450.0000 -0.2731
451.0000 -0.2736
452.0000 -0.2741
453.0000 -0.2746
454.0000 -0.2750
455.0000 -0.2755
456.0000 -0.2759
457.0000 -0.2763
458.0000 -0.2768
459.0000 -0.2772
460.0000 -0.2776
461.0000 -0.2780
462.0000 -0.2784
463.0000 -0.2788
464.0000 -0.2792
465.0000 -0.2796
466.0000 -0.2800
467.0000 -0.2803
468.0000 -0.2807
469.0000 -0.2811
470.0000 -0.2814
471.0000 -0.2818
472.0000 -0.2821
473.0000 -0.2824
474.0000 -0.2828
475.0000 -0.2831
476.0000 -0.2834
477.0000 -0.2838
478.0000 -0.2841
479.0000 -0.2844
480.0000 -0.2847
481.0000 -0.2850
482.0000 -0.2853
483.0000 -0.2856
484.0000 -0.2859
485.0000 -0.2862
486.0000 -0.2865
487.0000 -0.2868
488.0000 -0.2870
489.0000 -0.2873
490.0000 -0.2876
491.0000 -0.2879
492.0000 -0.2881
493.0000 -0.2884
494.0000 -0.2887
495.0000 -0.2889
496.0000 -0.2892
497.0000 -0.2894
498.0000 -0.2897
499.0000 -0.2899
500.0000 -0.2902
501.0000 -0.2904
502.0000 -0.2906
503.0000 -0.2909
504.0000 -0.2911
505.0000 -0.2913
506.0000 -0.2916
507.0000 -0.2918
508.0000 -0.2920
509.0000 -0.2922
510.0000 -0.2925
511.0000 -0.2927
512.0000 -0.2929
513.0000 -0.2931
514.0000 -0.2933
515.0000 -0.2935
516.0000 -0.2937
517.0000 -0.2939
518.0000 -0.2941
519.0000 -0.2943
520.0000 -0.2945
521.0000 -0.2947
522.0000 -0.2949
523.0000 -0.2951
524.0000 -0.2953
525.0000 -0.2955
526.0000 -0.2957
527.0000 -0.2959
528.0000 -0.2961
529.0000 -0.2963
530.0000 -0.2964
531.0000 -0.2966
532.0000 -0.2968
533.0000 -0.2970
534.0000 -0.2972
535.0000 -0.2973
536.0000 -0.2975
537.0000 -0.2977
538.0000 -0.2979
539.0000 -0.2980
540.0000 -0.2982
541.0000 -0.2984
542.0000 -0.2985
543.0000 -0.2987
544.0000 -0.2989
545.0000 -0.2990
546.0000 -0.2992
547.0000 -0.2994
548.0000 -0.2995
549.0000 -0.2997
550.0000 -0.2998
551.0000 -0.3000
552.0000 -0.3002
553.0000 -0.3003
554.0000 -0.3005
555.0000 -0.3006
556.0000 -0.3008
557.0000 -0.3009
558.0000 -0.3011
559.0000 -0.3012
560.0000 -0.3014
561.0000 -0.3015
562.0000 -0.3017
563.0000 -0.3018
564.0000 -0.3020
565.0000 -0.3021
566.0000 -0.3023
567.0000 -0.3024
568.0000 -0.3025
569.0000 -0.3027
570.0000 -0.3028
571.0000 -0.3030
572.0000 -0.3031
573.0000 -0.3032
574.0000 -0.3034
575.0000 -0.3035
576.0000 -0.3036
577.0000 -0.3038
578.0000 -0.3039
579.0000 -0.3040
580.0000 -0.3042
581.0000 -0.3043
582.0000 -0.3044
583.0000 -0.3046
584.0000 -0.3047
585.0000 -0.3048
586.0000 -0.3049
587.0000 -0.3051
588.0000 -0.3052
589.0000 -0.3053
590.0000 -0.3055
591.0000 -0.3056
592.0000 -0.3057
593.0000 -0.3058
594.0000 -0.3059
595.0000 -0.3061
596.0000 -0.3062
597.0000 -0.3063
598.0000 -0.3064
599.0000 -0.3065
600.0000 -0.3067
601.0000 -0.3068
602.0000 -0.3069
603.0000 -0.3070
604.0000 -0.3071
605.0000 -0.3072
606.0000 -0.3074
607.0000 -0.3075
608.0000 -0.3076
609.0000 -0.3077
610.0000 -0.3078
611.0000 -0.1428
612.0000 -0.1343
613.0000 -0.1146
614.0000 -0.0964
615.0000 -0.0785
616.0000 -0.0612
617.0000 -0.0443
618.0000 -0.0279
619.0000 -0.0118
620.0000 0.0037
621.0000 0.0189
622.0000 0.0337
623.0000 0.0480
624.0000 0.0620
625.0000 0.0757
626.0000 0.0889
627.0000 0.1018
628.0000 0.1144
629.0000 0.1266
630.0000 0.1385
631.0000 0.1502
632.0000 0.1614
633.0000 0.1724
634.0000 0.1832
635.0000 0.1936
636.0000 0.2037
637.0000 0.2136
638.0000 0.2233
639.0000 0.2326
640.0000 0.2418
641.0000 0.2507
642.0000 0.2593
643.0000 0.2678
644.0000 0.2760
645.0000 0.2840
646.0000 0.2918
647.0000 0.2994
648.0000 0.3068
649.0000 0.3140
650.0000 0.3210
651.0000 0.3278
652.0000 0.3345
653.0000 0.3410
654.0000 0.3473
655.0000 0.3535
656.0000 0.3595
657.0000 0.3653
658.0000 0.3710
659.0000 0.3766
660.0000 0.3820
661.0000 0.3873
662.0000 0.3924
663.0000 0.3974
664.0000 0.4023
665.0000 0.4071
666.0000 0.4117
667.0000 0.4163
668.0000 0.4207
669.0000 0.4250
670.0000 0.4292
671.0000 0.4333
672.0000 0.4373
673.0000 0.4412
674.0000 0.4449
675.0000 0.4487
676.0000 0.4523
677.0000 0.4558
678.0000 0.4592
679.0000 0.4626
680.0000 0.4658
681.0000 0.4690
682.0000 0.4721
683.0000 0.4752
684.0000 0.4781
685.0000 0.4810
686.0000 0.4839
687.0000 0.4866
688.0000 0.4893
689.0000 0.4919
690.0000 0.4945
691.0000 0.4970
692.0000 0.4994
693.0000 0.5018
694.0000 0.5041
695.0000 0.5064
696.0000 0.5086
697.0000 0.5108
698.0000 0.5129
699.0000 0.5150
700.0000 0.5170
701.0000 0.5190
702.0000 0.5209
703.0000 0.5228
704.0000 0.5247
705.0000 0.5265
706.0000 0.5282
707.0000 0.5300
708.0000 0.5317
709.0000 0.5333
710.0000 0.5349
711.0000 0.5365
712.0000 0.5380
713.0000 0.5395
714.0000 0.5410
715.0000 0.5425
716.0000 0.5439
717.0000 0.5453
718.0000 0.5466
719.0000 0.5479
720.0000 0.5492
721.0000 0.5505
722.0000 0.5518
723.0000 0.5530
724.0000 0.5542
725.0000 0.5553
726.0000 0.5565
727.0000 0.5576
728.0000 0.5587
729.0000 0.5598
730.0000 0.5608
731.0000 0.5619
732.0000 0.5629
733.0000 0.5639
734.0000 0.5649
735.0000 0.5658
736.0000 0.5667
737.0000 0.5677
738.0000 0.5686
739.0000 0.5695
740.0000 0.5703
741.0000 0.5712
742.0000 0.5720
743.0000 0.5728
744.0000 0.5736
745.0000 0.5744
746.0000 0.5752
747.0000 0.5760
748.0000 0.5767
749.0000 0.5775
750.0000 0.5782
751.0000 0.5789
752.0000 0.5796
753.0000 0.5803
754.0000 0.5810
755.0000 0.5816
756.0000 0.5823
757.0000 0.5829
758.0000 0.5836
759.0000 0.5842
760.0000 0.5848
761.0000 0.5854
762.0000 0.5860
763.0000 0.5866
764.0000 0.5872
765.0000 0.5877
766.0000 0.5883
767.0000 0.5888
768.0000 0.5894
769.0000 0.5899
770.0000 0.5905
771.0000 0.5910
772.0000 0.5915
773.0000 0.5920
774.0000 0.5925
775.0000 0.5930
776.0000 0.5935
777.0000 0.5939
778.0000 0.5944
779.0000 0.5949
780.0000 0.5953
781.0000 0.5958
782.0000 0.5962
783.0000 0.5967
784.0000 0.5971
785.0000 0.5975
786.0000 0.5979
787.0000 0.5984
788.0000 0.5988
789.0000 0.5992
790.0000 0.5996
791.0000 0.6000
792.0000 0.6004
793.0000 0.6008
794.0000 0.6011
795.0000 0.6015
796.0000 0.6019
797.0000 0.6023
798.0000 0.6026
799.0000 0.6030
800.0000 0.6034
801.0000 0.6037
802.0000 0.6041
803.0000 0.6044
804.0000 0.6048
805.0000 0.6051
806.0000 0.6054
807.0000 0.6058
808.0000 0.6061
809.0000 0.6064
810.0000 0.6067
811.0000 0.6071
812.0000 0.6074
813.0000 0.6077
814.0000 0.6080
815.0000 0.6083
816.0000 0.6086
817.0000 0.6089
818.0000 0.6092
819.0000 0.6095
820.0000 0.6098
821.0000 0.6101
822.0000 0.6104
823.0000 0.6107
824.0000 0.6110
825.0000 0.6112
826.0000 0.6115
827.0000 0.6118
828.0000 0.6121
829.0000 0.6124
830.0000 0.6126
831.0000 0.6129
832.0000 0.6132
833.0000 0.6134
834.0000 0.6137
835.0000 0.6139
836.0000 0.6142
837.0000 0.6145
838.0000 0.6147
839.0000 0.6150
840.0000 0.6152
841.0000 0.6155
842.0000 0.6157
843.0000 0.6160
844.0000 0.6162
845.0000 0.6164
846.0000 0.6167
847.0000 0.6169
848.0000 0.6172
849.0000 0.6174
850.0000 0.6176
851.0000 0.6178
852.0000 0.6181
853.0000 0.6183
854.0000 0.6185
855.0000 0.6188
856.0000 0.6190
857.0000 0.6192
858.0000 0.6194
859.0000 0.6196
860.0000 0.6199
861.0000 0.6201
862.0000 0.6203
863.0000 0.6205
864.0000 0.6207
865.0000 0.6209
866.0000 0.6211
867.0000 0.6214
868.0000 0.6216
869.0000 0.6218
870.0000 0.6220
871.0000 0.6222
872.0000 0.6224
873.0000 0.6226
874.0000 0.6228
875.0000 0.6230
876.0000 0.6232
877.0000 0.6234
878.0000 0.6236
879.0000 0.6238
880.0000 0.6240
881.0000 0.6242
882.0000 0.6243
883.0000 0.6245
884.0000 0.6247
885.0000 0.6249
886.0000 0.6251
887.0000 0.6253
888.0000 0.6255
889.0000 0.6257
890.0000 0.6258
891.0000 0.6260
892.0000 0.6262
893.0000 0.6264
894.0000 0.6266
895.0000 0.6267
896.0000 0.6269
897.0000 0.6271
898.0000 0.6273
899.0000 0.6274
900.0000 0.6276
901.0000 0.6278
902.0000 0.6280
903.0000 0.6281
904.0000 0.6283
905.0000 0.6285
906.0000 0.6286
907.0000 0.6288
908.0000 0.6290
909.0000 0.6291
910.0000 0.6293
