1.0000 0.0000
2.0000 0.0000
3.0000 0.0000
4.0000 0.0000
5.0000 0.0000
6.0000 0.0000
7.0000 0.0000
8.0000 0.0000
9.0000 0.0000
10.0000 -0.0250
11.0000 -0.0300
12.0000 -0.0203
13.0000 -0.0043
14.0000 0.0120
15.0000 0.0256
16.0000 0.0358
17.0000 0.0429
18.0000 0.0474
19.0000 0.0499
20.0000 0.0507
21.0000 0.0505
22.0000 0.0497
23.0000 0.0483
24.0000 0.0467
25.0000 0.0451
26.0000 0.0435
27.0000 0.0421
28.0000 0.0409
29.0000 0.0398
30.0000 0.0388
31.0000 0.0380
32.0000 0.0372
33.0000 0.0365
34.0000 0.0359
35.0000 0.0352
36.0000 0.0346
37.0000 0.0340
38.0000 0.0335
39.0000 0.0329
40.0000 0.0324
41.0000 0.0319
42.0000 0.0314
43.0000 0.0308
44.0000 0.0304
45.0000 0.0299
46.0000 0.0295
47.0000 0.0291
48.0000 0.0287
49.0000 0.0283
50.0000 0.0279
51.0000 0.0276
52.0000 0.0272
53.0000 0.0269
54.0000 0.0266
55.0000 0.0263
56.0000 0.0261
57.0000 0.0258
58.0000 0.0255
59.0000 0.0253
60.0000 0.0251
61.0000 0.0249
62.0000 0.0247
63.0000 0.0245
64.0000 0.0243
65.0000 0.0241
66.0000 0.0239
67.0000 0.0237
68.0000 0.0236
69.0000 0.0235
70.0000 0.0233
71.0000 0.0232
72.0000 0.0230
73.0000 0.0229
74.0000 0.0228
75.0000 0.0227
76.0000 0.0226
77.0000 0.0225
78.0000 0.0224
79.0000 0.0224
80.0000 0.0222
81.0000 0.0222
82.0000 0.0221
83.0000 0.0221
84.0000 0.0220
85.0000 0.0219
86.0000 0.0218
87.0000 0.0218
88.0000 0.0218
89.0000 0.0217
90.0000 0.0216
91.0000 0.0216
92.0000 0.0216
93.0000 0.0215
94.0000 0.0215
95.0000 0.0215
96.0000 0.0215
97.0000 0.0215
98.0000 0.0214
99.0000 0.0214
100.0000 0.0213
101.0000 0.0213
102.0000 0.0213
103.0000 0.0213
104.0000 0.0213
105.0000 0.0213
106.0000 0.0213
107.0000 0.0213
108.0000 0.0213
109.0000 0.0212
110.0000 0.5175
111.0000 0.5528
112.0000 0.4655
113.0000 0.3910
114.0000 0.3553
115.0000 0.3468
116.0000 0.3499
117.0000 0.3548
118.0000 0.3577
119.0000 0.3586
120.0000 0.3581
121.0000 0.3571
122.0000 0.3564
123.0000 0.3559
124.0000 0.3559
125.0000 0.3565
126.0000 0.3572
127.0000 0.3581
128.0000 0.3595
129.0000 0.3608
130.0000 0.3621
131.0000 0.3634
132.0000 0.3647
133.0000 0.3660
134.0000 0.3672
135.0000 0.3683
136.0000 0.3694
137.0000 0.3706
138.0000 0.3715
139.0000 0.3725
140.0000 0.3734
141.0000 0.3743
142.0000 0.3753
143.0000 0.3761
144.0000 0.3769
145.0000 0.3778
146.0000 0.3785
147.0000 0.3793
148.0000 0.3802
149.0000 0.3808
150.0000 0.3817
151.0000 0.3824
152.0000 0.3830
153.0000 0.3837
154.0000 0.3843
155.0000 0.3850
156.0000 0.3855
157.0000 0.3862
158.0000 0.3867
159.0000 0.3873
160.0000 0.3880
161.0000 0.3885
162.0000 0.3890
163.0000 0.3895
164.0000 0.3900
165.0000 0.3905
166.0000 0.3909
167.0000 0.3914
168.0000 0.3920
169.0000 0.3924
170.0000 0.3928
171.0000 0.3930
172.0000 0.3935
173.0000 0.3940
174.0000 0.3944
175.0000 0.3946
176.0000 0.3950
177.0000 0.3953
178.0000 0.3958
179.0000 0.3961
180.0000 0.3964
181.0000 0.3967
182.0000 0.3970
183.0000 0.3974
184.0000 0.3976
185.0000 0.3979
186.0000 0.3981
187.0000 0.3984
188.0000 0.3986
189.0000 0.3988
190.0000 0.3991
191.0000 0.3995
192.0000 0.3996
193.0000 0.3998
194.0000 0.4001
195.0000 0.4003
196.0000 0.4005
197.0000 0.4006
198.0000 0.4008
199.0000 0.4009
200.0000 0.4012
201.0000 0.4015
202.0000 0.4016
203.0000 0.4018
204.0000 0.4020
205.0000 0.4021
206.0000 0.4023
207.0000 0.4024
208.0000 0.4025
209.0000 0.4026
210.0000 0.3779
211.0000 0.3319
212.0000 0.2876
213.0000 0.2509
214.0000 0.2218
215.0000 0.1995
216.0000 0.1832
217.0000 0.1725
218.0000 0.1665
219.0000 0.1640
220.0000 0.1639
221.0000 0.1654
222.0000 0.1676
223.0000 0.1699
224.0000 0.1722
225.0000 0.1741
226.0000 0.1756
227.0000 0.1766
228.0000 0.1772
229.0000 0.1775
230.0000 0.1777
231.0000 0.1777
232.0000 0.1776
233.0000 0.1774
234.0000 0.1772
235.0000 0.1771
236.0000 0.1770
237.0000 0.1768
238.0000 0.1766
239.0000 0.1765
240.0000 0.1764
241.0000 0.1762
242.0000 0.1761
243.0000 0.1760
244.0000 0.1760
245.0000 0.1758
246.0000 0.1756
247.0000 0.1754
248.0000 0.1752
249.0000 0.1751
250.0000 0.1749
251.0000 0.1747
252.0000 0.1745
253.0000 0.1743
254.0000 0.1741
255.0000 0.1739
256.0000 0.1736
257.0000 0.1734
258.0000 0.1731
259.0000 0.1729
260.0000 0.1727
261.0000 0.1725
262.0000 0.1721
263.0000 0.1720
264.0000 0.1717
265.0000 0.1715
266.0000 0.1713
267.0000 0.1709
268.0000 0.1708
269.0000 0.1706
270.0000 0.1704
271.0000 0.1702
272.0000 0.1699
273.0000 0.1697
274.0000 0.1694
275.0000 0.1692
276.0000 0.1690
277.0000 0.1687
278.0000 0.1685
279.0000 0.1683
280.0000 0.1681
281.0000 0.1679
282.0000 0.1678
283.0000 0.1675
284.0000 0.1673
285.0000 0.1671
286.0000 0.1669
287.0000 0.1667
288.0000 0.1666
289.0000 0.1665
290.0000 0.1662
291.0000 0.1660
292.0000 0.1658
293.0000 0.1656
294.0000 0.1654
295.0000 0.1653
296.0000 0.1651
297.0000 0.1649
298.0000 0.1647
299.0000 0.1646
300.0000 0.1645
301.0000 0.1644
302.0000 0.1643
303.0000 0.1641
304.0000 0.1638
305.0000 0.1637
306.0000 0.1636
307.0000 0.1635
308.0000 0.1633
309.0000 0.1632
310.0000 0.2131
311.0000 0.2229
312.0000 0.2035
313.0000 0.1713
314.0000 0.1386
315.0000 0.1113
316.0000 0.0908
317.0000 0.0765
318.0000 0.0673
319.0000 0.0622
320.0000 0.0604
321.0000 0.0607
322.0000 0.0624
323.0000 0.0649
324.0000 0.0680
325.0000 0.0713
326.0000 0.0742
327.0000 0.0770
328.0000 0.0793
329.0000 0.0813
330.0000 0.0833
331.0000 0.0849
332.0000 0.0863
333.0000 0.0876
334.0000 0.0888
335.0000 0.0900
336.0000 0.0912
337.0000 0.0922
338.0000 0.0932
339.0000 0.0943
340.0000 0.0953
341.0000 0.0963
342.0000 0.0973
343.0000 0.0983
344.0000 0.0991
345.0000 0.1000
346.0000 0.1007
347.0000 0.1014
348.0000 0.1022
349.0000 0.1030
350.0000 0.1036
351.0000 0.1042
352.0000 0.1049
353.0000 0.1054
354.0000 0.1060
355.0000 0.1065
356.0000 0.1071
357.0000 0.1076
358.0000 0.1080
359.0000 0.1084
360.0000 0.1088
361.0000 0.1092
362.0000 0.1096
363.0000 0.1099
364.0000 0.1102
365.0000 0.1106
366.0000 0.1108
367.0000 0.1112
368.0000 0.1114
369.0000 0.1117
370.0000 0.1119
371.0000 0.1122
372.0000 0.1125
373.0000 0.1126
374.0000 0.1128
375.0000 0.1129
376.0000 0.1132
377.0000 0.1133
378.0000 0.1135
379.0000 0.1136
380.0000 0.1137
381.0000 0.1138
382.0000 0.1140
383.0000 0.1141
384.0000 0.1142
385.0000 0.1143
386.0000 0.1144
387.0000 0.1144
388.0000 0.1144
389.0000 0.1145
390.0000 0.1147
391.0000 0.1147
392.0000 0.1148
393.0000 0.1149
394.0000 0.1149
395.0000 0.1148
396.0000 0.1149
397.0000 0.1149
398.0000 0.1150
399.0000 0.1150
400.0000 0.1151
401.0000 0.1152
402.0000 0.1150
403.0000 0.1150
404.0000 0.1150
405.0000 0.1150
406.0000 0.1150
407.0000 0.1149
408.0000 0.1150
409.0000 0.1150
410.0000 -0.8776
411.0000 -0.9482
412.0000 -0.7737
413.0000 -0.6246
414.0000 -0.5532
415.0000 -0.5363
416.0000 -0.5425
417.0000 -0.5524
418.0000 -0.5582
419.0000 -0.5601
420.0000 -0.5590
421.0000 -0.5571
422.0000 -0.5557
423.0000 -0.5548
424.0000 -0.5547
425.0000 -0.5560
426.0000 -0.5574
427.0000 -0.5593
428.0000 -0.5620
429.0000 -0.5647
430.0000 -0.5673
431.0000 -0.5700
432.0000 -0.5725
433.0000 -0.5750
434.0000 -0.5775
435.0000 -0.5798
436.0000 -0.5820
437.0000 -0.5843
438.0000 -0.5863
439.0000 -0.5883
440.0000 -0.5900
441.0000 -0.5918
442.0000 -0.5939
443.0000 -0.5954
444.0000 -0.5972
445.0000 -0.5990
446.0000 -0.6003
447.0000 -0.6020
448.0000 -0.6037
449.0000 -0.6050
450.0000 -0.6067
451.0000 -0.6081
452.0000 -0.6094
453.0000 -0.6108
454.0000 -0.6121
455.0000 -0.6134
456.0000 -0.6145
457.0000 -0.6158
458.0000 -0.6169
459.0000 -0.6182
460.0000 -0.6194
461.0000 -0.6205
462.0000 -0.6215
463.0000 -0.6225
464.0000 -0.6235
465.0000 -0.6245
466.0000 -0.6254
467.0000 -0.6264
468.0000 -0.6275
469.0000 -0.6283
470.0000 -0.6291
471.0000 -0.6297
472.0000 -0.6307
473.0000 -0.6315
474.0000 -0.6324
475.0000 -0.6328
476.0000 -0.6336
477.0000 -0.6343
478.0000 -0.6352
479.0000 -0.6358
480.0000 -0.6364
481.0000 -0.6370
482.0000 -0.6377
483.0000 -0.6385
484.0000 -0.6388
485.0000 -0.6394
486.0000 -0.6398
487.0000 -0.6405
488.0000 -0.6408
489.0000 -0.6413
490.0000 -0.6419
491.0000 -0.6426
492.0000 -0.6429
493.0000 -0.6432
494.0000 -0.6439
495.0000 -0.6443
496.0000 -0.6446
497.0000 -0.6449
498.0000 -0.6452
499.0000 -0.6455
500.0000 -0.6462
501.0000 -0.6466
502.0000 -0.6469
503.0000 -0.6473
504.0000 -0.6476
505.0000 -0.6479
506.0000 -0.6482
507.0000 -0.6484
508.0000 -0.6487
509.0000 -0.6489
510.0000 -0.5996
511.0000 -0.5075
512.0000 -0.4189
513.0000 -0.3456
514.0000 -0.2874
515.0000 -0.2427
516.0000 -0.2101
517.0000 -0.1887
518.0000 -0.1767
519.0000 -0.1717
520.0000 -0.1716
521.0000 -0.1745
522.0000 -0.1788
523.0000 -0.1836
524.0000 -0.1880
525.0000 -0.1918
526.0000 -0.1949
527.0000 -0.1970
528.0000 -0.1981
529.0000 -0.1988
530.0000 -0.1991
531.0000 -0.1990
532.0000 -0.1990
533.0000 -0.1985
534.0000 -0.1982
535.0000 -0.1979
536.0000 -0.1976
537.0000 -0.1973
538.0000 -0.1970
539.0000 -0.1968
540.0000 -0.1965
541.0000 -0.1961
542.0000 -0.1960
543.0000 -0.1958
544.0000 -0.1957
545.0000 -0.1953
546.0000 -0.1949
547.0000 -0.1946
548.0000 -0.1942
549.0000 -0.1939
550.0000 -0.1935
551.0000 -0.1931
552.0000 -0.1927
553.0000 -0.1923
554.0000 -0.1919
555.0000 -0.1915
556.0000 -0.1909
557.0000 -0.1905
558.0000 -0.1899
559.0000 -0.1895
560.0000 -0.1891
561.0000 -0.1887
562.0000 -0.1880
563.0000 -0.1877
564.0000 -0.1872
565.0000 -0.1868
566.0000 -0.1863
567.0000 -0.1856
568.0000 -0.1853
569.0000 -0.1849
570.0000 -0.1845
571.0000 -0.1841
572.0000 -0.1836
573.0000 -0.1831
574.0000 -0.1825
575.0000 -0.1822
576.0000 -0.1818
577.0000 -0.1812
578.0000 -0.1808
579.0000 -0.1804
580.0000 -0.1800
581.0000 -0.1796
582.0000 -0.1793
583.0000 -0.1787
584.0000 -0.1783
585.0000 -0.1779
586.0000 -0.1774
587.0000 -0.1771
588.0000 -0.1769
589.0000 -0.1767
590.0000 -0.1761
591.0000 -0.1757
592.0000 -0.1753
593.0000 -0.1750
594.0000 -0.1746
595.0000 -0.1743
596.0000 -0.1739
597.0000 -0.1735
598.0000 -0.1732
599.0000 -0.1730
600.0000 -0.1728
601.0000 -0.1726
602.0000 -0.1723
603.0000 -0.1719
604.0000 -0.1714
605.0000 -0.1711
606.0000 -0.1709
607.0000 -0.1707
608.0000 -0.1704
609.0000 -0.1701
610.0000 -0.2449
611.0000 -0.2595
612.0000 -0.2303
613.0000 -0.1820
614.0000 -0.1330
615.0000 -0.0920
616.0000 -0.0612
617.0000 -0.0396
618.0000 -0.0257
619.0000 -0.0181
620.0000 -0.0152
621.0000 -0.0157
622.0000 -0.0182
623.0000 -0.0219
624.0000 -0.0265
625.0000 -0.0314
626.0000 -0.0357
627.0000 -0.0398
628.0000 -0.0433
629.0000 -0.0462
630.0000 -0.0491
631.0000 -0.0515
632.0000 -0.0536
633.0000 -0.0555
634.0000 -0.0572
635.0000 -0.0590
636.0000 -0.0607
637.0000 -0.0622
638.0000 -0.0637
639.0000 -0.0652
640.0000 -0.0667
641.0000 -0.0682
642.0000 -0.0697
643.0000 -0.0711
644.0000 -0.0723
645.0000 -0.0736
646.0000 -0.0746
647.0000 -0.0757
648.0000 -0.0769
649.0000 -0.0779
650.0000 -0.0789
651.0000 -0.0797
652.0000 -0.0808
653.0000 -0.0816
654.0000 -0.0824
655.0000 -0.0831
656.0000 -0.0839
657.0000 -0.0847
658.0000 -0.0853
659.0000 -0.0859
660.0000 -0.0864
661.0000 -0.0870
662.0000 -0.0876
663.0000 -0.0880
664.0000 -0.0885
665.0000 -0.0891
666.0000 -0.0893
667.0000 -0.0899
668.0000 -0.0902
669.0000 -0.0905
670.0000 -0.0908
671.0000 -0.0913
672.0000 -0.0917
673.0000 -0.0919
674.0000 -0.0921
675.0000 -0.0923
676.0000 -0.0927
677.0000 -0.0928
678.0000 -0.0931
679.0000 -0.0932
680.0000 -0.0934
681.0000 -0.0935
682.0000 -0.0938
683.0000 -0.0939
684.0000 -0.0941
685.0000 -0.0943
686.0000 -0.0943
687.0000 -0.0943
688.0000 -0.0943
689.0000 -0.0945
690.0000 -0.0947
691.0000 -0.0948
692.0000 -0.0950
693.0000 -0.0951
694.0000 -0.0950
695.0000 -0.0949
696.0000 -0.0950
697.0000 -0.0950
698.0000 -0.0951
699.0000 -0.0951
700.0000 -0.0952
701.0000 -0.0953
702.0000 -0.0951
703.0000 -0.0950
704.0000 -0.0951
705.0000 -0.0951
706.0000 -0.0950
707.0000 -0.0949
708.0000 -0.0949
709.0000 -0.0949
710.0000 1.3939
711.0000 1.4999
712.0000 1.2381
713.0000 1.0145
714.0000 0.9074
715.0000 0.8821
716.0000 0.8914
717.0000 0.9063
718.0000 0.9150
719.0000 0.9178
720.0000 0.9162
721.0000 0.9134
722.0000 0.9113
723.0000 0.9099
724.0000 0.9098
725.0000 0.9117
726.0000 0.9139
727.0000 0.9167
728.0000 0.9207
729.0000 0.9249
730.0000 0.9287
731.0000 0.9328
732.0000 0.9366
733.0000 0.9404
734.0000 0.9440
735.0000 0.9475
736.0000 0.9509
737.0000 0.9543
738.0000 0.9573
739.0000 0.9603
740.0000 0.9629
741.0000 0.9656
742.0000 0.9687
743.0000 0.9710
744.0000 0.9737
745.0000 0.9764
746.0000 0.9784
747.0000 0.9810
748.0000 0.9835
749.0000 0.9854
750.0000 0.9880
751.0000 0.9902
752.0000 0.9921
753.0000 0.9942
754.0000 0.9961
755.0000 0.9981
756.0000 0.9998
757.0000 1.0017
758.0000 1.0034
759.0000 1.0052
760.0000 1.0071
761.0000 1.0088
762.0000 1.0102
763.0000 1.0117
764.0000 1.0132
765.0000 1.0148
766.0000 1.0161
767.0000 1.0176
768.0000 1.0192
769.0000 1.0205
770.0000 1.0216
771.0000 1.0225
772.0000 1.0240
773.0000 1.0253
774.0000 1.0266
775.0000 1.0272
776.0000 1.0285
777.0000 1.0294
778.0000 1.0308
779.0000 1.0318
780.0000 1.0326
781.0000 1.0335
782.0000 1.0346
783.0000 1.0357
784.0000 1.0362
785.0000 1.0371
786.0000 1.0378
787.0000 1.0388
788.0000 1.0393
789.0000 1.0401
790.0000 1.0409
791.0000 1.0419
792.0000 1.0425
793.0000 1.0428
794.0000 1.0439
795.0000 1.0446
796.0000 1.0450
797.0000 1.0455
798.0000 1.0459
799.0000 1.0463
800.0000 1.0473
801.0000 1.0481
802.0000 1.0485
803.0000 1.0490
804.0000 1.0495
805.0000 1.0500
806.0000 1.0504
807.0000 1.0507
808.0000 1.0511
809.0000 1.0515
810.0000 0.9775
811.0000 0.8393
812.0000 0.7064
813.0000 0.5965
814.0000 0.5092
815.0000 0.4422
816.0000 0.3932
817.0000 0.3612
818.0000 0.3432
819.0000 0.3357
820.0000 0.3355
821.0000 0.3398
822.0000 0.3464
823.0000 0.3534
824.0000 0.3602
825.0000 0.3659
826.0000 0.3705
827.0000 0.3736
828.0000 0.3753
829.0000 0.3763
830.0000 0.3767
831.0000 0.3767
832.0000 0.3766
833.0000 0.3759
834.0000 0.3754
835.0000 0.3750
836.0000 0.3746
837.0000 0.3741
838.0000 0.3737
839.0000 0.3733
840.0000 0.3729
841.0000 0.3723
842.0000 0.3721
843.0000 0.3719
844.0000 0.3716
845.0000 0.3711
846.0000 0.3705
847.0000 0.3700
848.0000 0.3694
849.0000 0.3690
850.0000 0.3684
851.0000 0.3677
852.0000 0.3672
853.0000 0.3665
854.0000 0.3660
855.0000 0.3653
856.0000 0.3644
857.0000 0.3638
858.0000 0.3630
859.0000 0.3624
860.0000 0.3618
861.0000 0.3612
862.0000 0.3601
863.0000 0.3597
864.0000 0.3590
865.0000 0.3583
866.0000 0.3576
867.0000 0.3566
868.0000 0.3560
869.0000 0.3554
870.0000 0.3549
871.0000 0.3543
872.0000 0.3535
873.0000 0.3527
874.0000 0.3519
875.0000 0.3514
876.0000 0.3508
877.0000 0.3500
878.0000 0.3493
879.0000 0.3487
880.0000 0.3482
881.0000 0.3475
882.0000 0.3470
883.0000 0.3462
884.0000 0.3456
885.0000 0.3451
886.0000 0.3443
887.0000 0.3437
888.0000 0.3435
889.0000 0.3432
890.0000 0.3423
891.0000 0.3416
892.0000 0.3411
893.0000 0.3406
894.0000 0.3401
895.0000 0.3396
896.0000 0.3390
897.0000 0.3384
898.0000 0.3380
899.0000 0.3377
900.0000 0.3373
901.0000 0.3370
902.0000 0.3366
903.0000 0.3360
904.0000 0.3352
905.0000 0.3347
906.0000 0.3345
907.0000 0.3342
908.0000 0.3337
909.0000 0.3333
910.0000 0.3329
