1.0000 0.0000
2.0000 0.0000
3.0000 0.0000
4.0000 0.0000
5.0000 0.0000
6.0000 0.0000
7.0000 0.0000
8.0000 0.0000
9.0000 0.0000
10.0000 -0.0250
11.0000 -0.1104
12.0000 -0.1687
13.0000 -0.1959
14.0000 -0.2078
15.0000 -0.2148
16.0000 -0.2188
17.0000 -0.2195
18.0000 -0.2161
19.0000 -0.2093
20.0000 -0.2004
21.0000 -0.1900
22.0000 -0.1791
23.0000 -0.1692
24.0000 -0.1604
25.0000 -0.1531
26.0000 -0.1466
27.0000 -0.1411
28.0000 -0.1365
29.0000 -0.1325
30.0000 -0.1294
31.0000 -0.1264
32.0000 -0.1237
33.0000 -0.1212
34.0000 -0.1187
35.0000 -0.1166
36.0000 -0.1144
37.0000 -0.1120
38.0000 -0.1095
39.0000 -0.1074
40.0000 -0.1050
41.0000 -0.1029
42.0000 -0.1008
43.0000 -0.0989
44.0000 -0.0966
45.0000 -0.0946
46.0000 -0.0924
47.0000 -0.0904
48.0000 -0.0884
49.0000 -0.0866
50.0000 -0.0846
51.0000 -0.0826
52.0000 -0.0809
53.0000 -0.0791
54.0000 -0.0772
55.0000 -0.0755
56.0000 -0.0738
57.0000 -0.0722
58.0000 -0.0704
59.0000 -0.0687
60.0000 -0.0671
61.0000 -0.0654
62.0000 -0.0640
63.0000 -0.0625
64.0000 -0.0609
65.0000 -0.0596
66.0000 -0.0579
67.0000 -0.0566
68.0000 -0.0550
69.0000 -0.0537
70.0000 -0.0524
71.0000 -0.0511
72.0000 -0.0499
73.0000 -0.0485
74.0000 -0.0471
75.0000 -0.0460
76.0000 -0.0448
77.0000 -0.0434
78.0000 -0.0424
79.0000 -0.0412
80.0000 -0.0403
81.0000 -0.0391
82.0000 -0.0380
83.0000 -0.0368
84.0000 -0.0357
85.0000 -0.0350
86.0000 -0.0339
87.0000 -0.0328
88.0000 -0.0318
89.0000 -0.0310
90.0000 -0.0302
91.0000 -0.0291
92.0000 -0.0284
93.0000 -0.0277
94.0000 -0.0266
95.0000 -0.0255
96.0000 -0.0247
97.0000 -0.0241
98.0000 -0.0233
99.0000 -0.0225
100.0000 -0.0220
101.0000 -0.0216
102.0000 -0.0205
103.0000 -0.0196
104.0000 -0.0190
105.0000 -0.0183
106.0000 -0.0176
107.0000 -0.0170
108.0000 -0.0165
109.0000 -0.0159
110.0000 2.5905
111.0000 2.3422
112.0000 1.4885
113.0000 0.8521
114.0000 0.5438
115.0000 0.4527
116.0000 0.4603
117.0000 0.4958
118.0000 0.5282
119.0000 0.5529
120.0000 0.5695
121.0000 0.5813
122.0000 0.5906
123.0000 0.5970
124.0000 0.6017
125.0000 0.6065
126.0000 0.6091
127.0000 0.6109
128.0000 0.6137
129.0000 0.6158
130.0000 0.6170
131.0000 0.6188
132.0000 0.6204
133.0000 0.6222
134.0000 0.6241
135.0000 0.6260
136.0000 0.6280
137.0000 0.6302
138.0000 0.6318
139.0000 0.6337
140.0000 0.6351
141.0000 0.6366
142.0000 0.6391
143.0000 0.6400
144.0000 0.6416
145.0000 0.6433
146.0000 0.6439
147.0000 0.6455
148.0000 0.6471
149.0000 0.6476
150.0000 0.6494
151.0000 0.6504
152.0000 0.6510
153.0000 0.6522
154.0000 0.6530
155.0000 0.6540
156.0000 0.6544
157.0000 0.6555
158.0000 0.6561
159.0000 0.6571
160.0000 0.6579
161.0000 0.6587
162.0000 0.6589
163.0000 0.6594
164.0000 0.6598
165.0000 0.6605
166.0000 0.6608
167.0000 0.6615
168.0000 0.6625
169.0000 0.6626
170.0000 0.6628
171.0000 0.6626
172.0000 0.6636
173.0000 0.6642
174.0000 0.6646
175.0000 0.6639
176.0000 0.6645
177.0000 0.6646
178.0000 0.6654
179.0000 0.6656
180.0000 0.6655
181.0000 0.6657
182.0000 0.6661
183.0000 0.6666
184.0000 0.6660
185.0000 0.6662
186.0000 0.6660
187.0000 0.6666
188.0000 0.6662
189.0000 0.6664
190.0000 0.6667
191.0000 0.6674
192.0000 0.6671
193.0000 0.6665
194.0000 0.6673
195.0000 0.6673
196.0000 0.6670
197.0000 0.6667
198.0000 0.6664
199.0000 0.6662
200.0000 0.6671
201.0000 0.6673
202.0000 0.6670
203.0000 0.6668
204.0000 0.6667
205.0000 0.6667
206.0000 0.6664
207.0000 0.6661
208.0000 0.6659
209.0000 0.6658
210.0000 0.8840
211.0000 0.9050
212.0000 0.9205
213.0000 0.9571
214.0000 0.9926
215.0000 1.0109
216.0000 1.0080
217.0000 0.9901
218.0000 0.9633
219.0000 0.9318
220.0000 0.8999
221.0000 0.8696
222.0000 0.8425
223.0000 0.8188
224.0000 0.7987
225.0000 0.7820
226.0000 0.7683
227.0000 0.7565
228.0000 0.7460
229.0000 0.7371
230.0000 0.7294
231.0000 0.7223
232.0000 0.7159
233.0000 0.7091
234.0000 0.7029
235.0000 0.6968
236.0000 0.6907
237.0000 0.6845
238.0000 0.6786
239.0000 0.6729
240.0000 0.6672
241.0000 0.6613
242.0000 0.6563
243.0000 0.6514
244.0000 0.6466
245.0000 0.6414
246.0000 0.6365
247.0000 0.6319
248.0000 0.6271
249.0000 0.6231
250.0000 0.6187
251.0000 0.6146
252.0000 0.6107
253.0000 0.6068
254.0000 0.6031
255.0000 0.5994
256.0000 0.5955
257.0000 0.5921
258.0000 0.5884
259.0000 0.5852
260.0000 0.5822
261.0000 0.5791
262.0000 0.5754
263.0000 0.5730
264.0000 0.5701
265.0000 0.5673
266.0000 0.5644
267.0000 0.5612
268.0000 0.5588
269.0000 0.5564
270.0000 0.5543
271.0000 0.5519
272.0000 0.5493
273.0000 0.5468
274.0000 0.5444
275.0000 0.5426
276.0000 0.5405
277.0000 0.5381
278.0000 0.5362
279.0000 0.5343
280.0000 0.5326
281.0000 0.5307
282.0000 0.5291
283.0000 0.5270
284.0000 0.5253
285.0000 0.5238
286.0000 0.5218
287.0000 0.5203
288.0000 0.5194
289.0000 0.5184
290.0000 0.5162
291.0000 0.5146
292.0000 0.5132
293.0000 0.5122
294.0000 0.5108
295.0000 0.5097
296.0000 0.5083
297.0000 0.5071
298.0000 0.5060
299.0000 0.5052
300.0000 0.5042
301.0000 0.5033
302.0000 0.5023
303.0000 0.5011
304.0000 0.4995
305.0000 0.4985
306.0000 0.4980
307.0000 0.4972
308.0000 0.4963
309.0000 0.4954
310.0000 0.5448
311.0000 0.7149
312.0000 0.8308
313.0000 0.8842
314.0000 0.9075
315.0000 0.9209
316.0000 0.9286
317.0000 0.9292
318.0000 0.9213
319.0000 0.9070
320.0000 0.8884
321.0000 0.8673
322.0000 0.8451
323.0000 0.8245
324.0000 0.8065
325.0000 0.7917
326.0000 0.7780
327.0000 0.7668
328.0000 0.7569
329.0000 0.7483
330.0000 0.7419
331.0000 0.7356
332.0000 0.7298
333.0000 0.7241
334.0000 0.7188
335.0000 0.7143
336.0000 0.7094
337.0000 0.7042
338.0000 0.6990
339.0000 0.6944
340.0000 0.6894
341.0000 0.6849
342.0000 0.6806
343.0000 0.6761
344.0000 0.6713
345.0000 0.6672
346.0000 0.6623
347.0000 0.6580
348.0000 0.6542
349.0000 0.6502
350.0000 0.6461
351.0000 0.6415
352.0000 0.6382
353.0000 0.6341
354.0000 0.6303
355.0000 0.6266
356.0000 0.6230
357.0000 0.6197
358.0000 0.6161
359.0000 0.6123
360.0000 0.6087
361.0000 0.6055
362.0000 0.6025
363.0000 0.5991
364.0000 0.5961
365.0000 0.5933
366.0000 0.5897
367.0000 0.5870
368.0000 0.5839
369.0000 0.5810
370.0000 0.5781
371.0000 0.5757
372.0000 0.5732
373.0000 0.5701
374.0000 0.5671
375.0000 0.5646
376.0000 0.5626
377.0000 0.5598
378.0000 0.5576
379.0000 0.5549
380.0000 0.5529
381.0000 0.5503
382.0000 0.5483
383.0000 0.5460
384.0000 0.5438
385.0000 0.5422
386.0000 0.5399
387.0000 0.5375
388.0000 0.5353
389.0000 0.5336
390.0000 0.5322
391.0000 0.5302
392.0000 0.5286
393.0000 0.5271
394.0000 0.5248
395.0000 0.5226
396.0000 0.5210
397.0000 0.5196
398.0000 0.5181
399.0000 0.5165
400.0000 0.5154
401.0000 0.5144
402.0000 0.5121
403.0000 0.5106
404.0000 0.5097
405.0000 0.5083
406.0000 0.5066
407.0000 0.5055
408.0000 0.5044
409.0000 0.5033
410.0000 -4.7094
411.0000 -4.2129
412.0000 -2.5055
413.0000 -1.2327
414.0000 -0.6161
415.0000 -0.4340
416.0000 -0.4491
417.0000 -0.5201
418.0000 -0.5849
419.0000 -0.6343
420.0000 -0.6675
421.0000 -0.6910
422.0000 -0.7097
423.0000 -0.7224
424.0000 -0.7318
425.0000 -0.7415
426.0000 -0.7466
427.0000 -0.7502
428.0000 -0.7559
429.0000 -0.7600
430.0000 -0.7625
431.0000 -0.7660
432.0000 -0.7693
433.0000 -0.7728
434.0000 -0.7767
435.0000 -0.7805
436.0000 -0.7844
437.0000 -0.7889
438.0000 -0.7920
439.0000 -0.7959
440.0000 -0.7986
441.0000 -0.8018
442.0000 -0.8067
443.0000 -0.8086
444.0000 -0.8116
445.0000 -0.8150
446.0000 -0.8162
447.0000 -0.8194
448.0000 -0.8226
449.0000 -0.8236
450.0000 -0.8273
451.0000 -0.8292
452.0000 -0.8305
453.0000 -0.8328
454.0000 -0.8345
455.0000 -0.8364
456.0000 -0.8373
457.0000 -0.8395
458.0000 -0.8407
459.0000 -0.8426
460.0000 -0.8443
461.0000 -0.8458
462.0000 -0.8463
463.0000 -0.8472
464.0000 -0.8481
465.0000 -0.8495
466.0000 -0.8500
467.0000 -0.8515
468.0000 -0.8534
469.0000 -0.8537
470.0000 -0.8540
471.0000 -0.8536
472.0000 -0.8557
473.0000 -0.8569
474.0000 -0.8577
475.0000 -0.8563
476.0000 -0.8574
477.0000 -0.8576
478.0000 -0.8593
479.0000 -0.8597
480.0000 -0.8594
481.0000 -0.8598
482.0000 -0.8607
483.0000 -0.8617
484.0000 -0.8604
485.0000 -0.8608
486.0000 -0.8606
487.0000 -0.8616
488.0000 -0.8608
489.0000 -0.8614
490.0000 -0.8619
491.0000 -0.8633
492.0000 -0.8628
493.0000 -0.8616
494.0000 -0.8631
495.0000 -0.8631
496.0000 -0.8625
497.0000 -0.8618
498.0000 -0.8613
499.0000 -0.8608
500.0000 -0.8627
501.0000 -0.8632
502.0000 -0.8626
503.0000 -0.8621
504.0000 -0.8620
505.0000 -0.8619
506.0000 -0.8614
507.0000 -0.8608
508.0000 -0.8604
509.0000 -0.8601
510.0000 -1.2965
511.0000 -1.3384
512.0000 -1.3696
513.0000 -1.4427
514.0000 -1.5138
515.0000 -1.5503
516.0000 -1.5445
517.0000 -1.5088
518.0000 -1.4550
519.0000 -1.3921
520.0000 -1.3282
521.0000 -1.2676
522.0000 -1.2134
523.0000 -1.1660
524.0000 -1.1260
525.0000 -1.0925
526.0000 -1.0650
527.0000 -1.0414
528.0000 -1.0204
529.0000 -1.0027
530.0000 -0.9873
531.0000 -0.9731
532.0000 -0.9603
533.0000 -0.9467
534.0000 -0.9343
535.0000 -0.9221
536.0000 -0.9099
537.0000 -0.8975
538.0000 -0.8857
539.0000 -0.8744
540.0000 -0.8630
541.0000 -0.8511
542.0000 -0.8410
543.0000 -0.8313
544.0000 -0.8217
545.0000 -0.8114
546.0000 -0.8014
547.0000 -0.7922
548.0000 -0.7828
549.0000 -0.7747
550.0000 -0.7660
551.0000 -0.7577
552.0000 -0.7498
553.0000 -0.7420
554.0000 -0.7347
555.0000 -0.7274
556.0000 -0.7195
557.0000 -0.7126
558.0000 -0.7054
559.0000 -0.6988
560.0000 -0.6928
561.0000 -0.6867
562.0000 -0.6793
563.0000 -0.6745
564.0000 -0.6687
565.0000 -0.6631
566.0000 -0.6574
567.0000 -0.6509
568.0000 -0.6461
569.0000 -0.6413
570.0000 -0.6370
571.0000 -0.6322
572.0000 -0.6270
573.0000 -0.6222
574.0000 -0.6172
575.0000 -0.6137
576.0000 -0.6094
577.0000 -0.6048
578.0000 -0.6009
579.0000 -0.5971
580.0000 -0.5936
581.0000 -0.5898
582.0000 -0.5867
583.0000 -0.5826
584.0000 -0.5791
585.0000 -0.5760
586.0000 -0.5722
587.0000 -0.5692
588.0000 -0.5673
589.0000 -0.5654
590.0000 -0.5610
591.0000 -0.5577
592.0000 -0.5550
593.0000 -0.5528
594.0000 -0.5502
595.0000 -0.5479
596.0000 -0.5451
597.0000 -0.5426
598.0000 -0.5405
599.0000 -0.5389
600.0000 -0.5370
601.0000 -0.5350
602.0000 -0.5332
603.0000 -0.5307
604.0000 -0.5275
605.0000 -0.5255
606.0000 -0.5245
607.0000 -0.5230
608.0000 -0.5212
609.0000 -0.5194
610.0000 -0.5931
611.0000 -0.8479
612.0000 -1.0215
613.0000 -1.1011
614.0000 -1.1357
615.0000 -1.1556
616.0000 -1.1670
617.0000 -1.1674
618.0000 -1.1550
619.0000 -1.1331
620.0000 -1.1049
621.0000 -1.0731
622.0000 -1.0397
623.0000 -1.0084
624.0000 -0.9811
625.0000 -0.9587
626.0000 -0.9379
627.0000 -0.9210
628.0000 -0.9059
629.0000 -0.8925
630.0000 -0.8829
631.0000 -0.8733
632.0000 -0.8644
633.0000 -0.8556
634.0000 -0.8473
635.0000 -0.8404
636.0000 -0.8329
637.0000 -0.8250
638.0000 -0.8170
639.0000 -0.8099
640.0000 -0.8023
641.0000 -0.7955
642.0000 -0.7888
643.0000 -0.7818
644.0000 -0.7744
645.0000 -0.7683
646.0000 -0.7608
647.0000 -0.7542
648.0000 -0.7485
649.0000 -0.7423
650.0000 -0.7360
651.0000 -0.7290
652.0000 -0.7239
653.0000 -0.7176
654.0000 -0.7119
655.0000 -0.7061
656.0000 -0.7007
657.0000 -0.6956
658.0000 -0.6903
659.0000 -0.6845
660.0000 -0.6788
661.0000 -0.6741
662.0000 -0.6695
663.0000 -0.6643
664.0000 -0.6598
665.0000 -0.6556
666.0000 -0.6499
667.0000 -0.6460
668.0000 -0.6412
669.0000 -0.6368
670.0000 -0.6322
671.0000 -0.6287
672.0000 -0.6249
673.0000 -0.6203
674.0000 -0.6156
675.0000 -0.6118
676.0000 -0.6089
677.0000 -0.6047
678.0000 -0.6013
679.0000 -0.5972
680.0000 -0.5940
681.0000 -0.5900
682.0000 -0.5872
683.0000 -0.5837
684.0000 -0.5803
685.0000 -0.5778
686.0000 -0.5744
687.0000 -0.5708
688.0000 -0.5674
689.0000 -0.5648
690.0000 -0.5627
691.0000 -0.5598
692.0000 -0.5573
693.0000 -0.5550
694.0000 -0.5514
695.0000 -0.5482
696.0000 -0.5458
697.0000 -0.5437
698.0000 -0.5414
699.0000 -0.5391
700.0000 -0.5373
701.0000 -0.5358
702.0000 -0.5322
703.0000 -0.5301
704.0000 -0.5288
705.0000 -0.5267
706.0000 -0.5242
707.0000 -0.5225
708.0000 -0.5209
709.0000 -0.5192
710.0000 7.2999
711.0000 6.5552
712.0000 3.9940
713.0000 2.0849
714.0000 1.1599
715.0000 0.8868
716.0000 0.9094
717.0000 1.0159
718.0000 1.1131
719.0000 1.1872
720.0000 1.2370
721.0000 1.2722
722.0000 1.3003
723.0000 1.3193
724.0000 1.3335
725.0000 1.3480
726.0000 1.3556
727.0000 1.3611
728.0000 1.3695
729.0000 1.3757
730.0000 1.3794
731.0000 1.3847
732.0000 1.3896
733.0000 1.3949
734.0000 1.4007
735.0000 1.4064
736.0000 1.4124
737.0000 1.4191
738.0000 1.4237
739.0000 1.4296
740.0000 1.4336
741.0000 1.4384
742.0000 1.4458
743.0000 1.4485
744.0000 1.4532
745.0000 1.4582
746.0000 1.4600
747.0000 1.4648
748.0000 1.4696
749.0000 1.4711
750.0000 1.4766
751.0000 1.4796
752.0000 1.4815
753.0000 1.4849
754.0000 1.4875
755.0000 1.4903
756.0000 1.4917
757.0000 1.4949
758.0000 1.4968
759.0000 1.4996
760.0000 1.5022
761.0000 1.5044
762.0000 1.5052
763.0000 1.5065
764.0000 1.5079
765.0000 1.5100
766.0000 1.5107
767.0000 1.5130
768.0000 1.5158
769.0000 1.5163
770.0000 1.5168
771.0000 1.5162
772.0000 1.5192
773.0000 1.5211
774.0000 1.5223
775.0000 1.5202
776.0000 1.5219
777.0000 1.5221
778.0000 1.5246
779.0000 1.5253
780.0000 1.5249
781.0000 1.5254
782.0000 1.5268
783.0000 1.5283
784.0000 1.5264
785.0000 1.5270
786.0000 1.5266
787.0000 1.5282
788.0000 1.5270
789.0000 1.5278
790.0000 1.5285
791.0000 1.5306
792.0000 1.5299
793.0000 1.5281
794.0000 1.5304
795.0000 1.5304
796.0000 1.5294
797.0000 1.5285
798.0000 1.5277
799.0000 1.5269
800.0000 1.5298
801.0000 1.5305
802.0000 1.5296
803.0000 1.5289
804.0000 1.5287
805.0000 1.5285
806.0000 1.5278
807.0000 1.5269
808.0000 1.5263
809.0000 1.5259
810.0000 2.1805
811.0000 2.2434
812.0000 2.2901
813.0000 2.3999
814.0000 2.5064
815.0000 2.5612
816.0000 2.5525
817.0000 2.4989
818.0000 2.4182
819.0000 2.3239
820.0000 2.2281
821.0000 2.1372
822.0000 2.0558
823.0000 1.9847
824.0000 1.9247
825.0000 1.8744
826.0000 1.8333
827.0000 1.7979
828.0000 1.7663
829.0000 1.7398
830.0000 1.7167
831.0000 1.6954
832.0000 1.6762
833.0000 1.6559
834.0000 1.6372
835.0000 1.6189
836.0000 1.6007
837.0000 1.5820
838.0000 1.5643
839.0000 1.5473
840.0000 1.5302
841.0000 1.5123
842.0000 1.4973
843.0000 1.4827
844.0000 1.4683
845.0000 1.4528
846.0000 1.4379
847.0000 1.4241
848.0000 1.4099
849.0000 1.3978
850.0000 1.3847
851.0000 1.3723
852.0000 1.3605
853.0000 1.3488
854.0000 1.3378
855.0000 1.3268
856.0000 1.3149
857.0000 1.3047
858.0000 1.2938
859.0000 1.2840
860.0000 1.2750
861.0000 1.2658
862.0000 1.2547
863.0000 1.2474
864.0000 1.2389
865.0000 1.2304
866.0000 1.2218
867.0000 1.2121
868.0000 1.2049
869.0000 1.1977
870.0000 1.1913
871.0000 1.1841
872.0000 1.1763
873.0000 1.1690
874.0000 1.1616
875.0000 1.1562
876.0000 1.1499
877.0000 1.1429
878.0000 1.1372
879.0000 1.1315
880.0000 1.1262
881.0000 1.1205
882.0000 1.1157
883.0000 1.1096
884.0000 1.1044
885.0000 1.0998
886.0000 1.0940
887.0000 1.0895
888.0000 1.0867
889.0000 1.0838
890.0000 1.0772
891.0000 1.0723
892.0000 1.0683
893.0000 1.0650
894.0000 1.0611
895.0000 1.0575
896.0000 1.0535
897.0000 1.0497
898.0000 1.0465
899.0000 1.0441
900.0000 1.0412
901.0000 1.0383
902.0000 1.0355
903.0000 1.0319
904.0000 1.0270
905.0000 1.0240
906.0000 1.0225
907.0000 1.0202
908.0000 1.0175
909.0000 1.0148
910.0000 1.0127
