1.0000 0.0000
2.0000 0.0000
3.0000 0.0000
4.0000 0.0000
5.0000 0.0000
6.0000 0.0000
7.0000 0.0000
8.0000 0.0000
9.0000 0.0000
10.0000 0.9797
11.0000 1.5226
12.0000 1.8139
13.0000 1.9498
14.0000 1.9839
15.0000 1.9530
16.0000 1.8857
17.0000 1.8042
18.0000 1.7241
19.0000 1.6548
20.0000 1.6007
21.0000 1.5630
22.0000 1.5404
23.0000 1.5302
24.0000 1.5293
25.0000 1.5350
26.0000 1.5450
27.0000 1.5570
28.0000 1.5696
29.0000 1.5817
30.0000 1.5926
31.0000 1.6022
32.0000 1.6106
33.0000 1.6179
34.0000 1.6241
35.0000 1.6294
36.0000 1.6342
37.0000 1.6385
38.0000 1.6425
39.0000 1.6464
40.0000 1.6500
41.0000 1.6536
42.0000 1.6571
43.0000 1.6604
44.0000 1.6638
45.0000 1.6670
46.0000 1.6702
47.0000 1.6730
48.0000 1.6756
49.0000 1.6781
50.0000 1.6809
51.0000 1.6834
52.0000 1.6858
53.0000 1.6881
54.0000 1.6904
55.0000 1.6925
56.0000 1.6944
57.0000 1.6962
58.0000 1.6980
59.0000 1.6996
60.0000 1.7012
61.0000 1.7028
62.0000 1.7042
63.0000 1.7057
64.0000 1.7069
65.0000 1.7081
66.0000 1.7093
67.0000 1.7105
68.0000 1.7116
69.0000 1.7129
70.0000 1.7140
71.0000 1.7150
72.0000 1.7159
73.0000 1.7167
74.0000 1.7175
75.0000 1.7183
76.0000 1.7191
77.0000 1.7198
78.0000 1.7205
79.0000 1.7211
80.0000 1.7216
81.0000 1.7221
82.0000 1.7227
83.0000 1.7233
84.0000 1.7238
85.0000 1.7243
86.0000 1.7248
87.0000 1.7251
88.0000 1.7255
89.0000 1.7259
90.0000 1.7262
91.0000 1.7265
92.0000 1.7268
93.0000 1.7271
94.0000 1.7275
95.0000 1.7278
96.0000 1.7280
97.0000 1.7282
98.0000 1.7284
99.0000 1.7285
100.0000 1.7286
101.0000 1.7288
102.0000 1.7290
103.0000 1.7293
104.0000 1.7294
105.0000 1.7295
106.0000 1.7295
107.0000 1.7296
108.0000 1.7297
109.0000 1.7298
110.0000 2.1809
111.0000 2.3574
112.0000 2.3792
113.0000 2.3035
114.0000 2.1729
115.0000 2.0246
116.0000 1.8878
117.0000 1.7789
118.0000 1.7023
119.0000 1.6561
120.0000 1.6334
121.0000 1.6272
122.0000 1.6314
123.0000 1.6405
124.0000 1.6506
125.0000 1.6593
126.0000 1.6655
127.0000 1.6687
128.0000 1.6684
129.0000 1.6659
130.0000 1.6608
131.0000 1.6544
132.0000 1.6464
133.0000 1.6383
134.0000 1.6302
135.0000 1.6221
136.0000 1.6143
137.0000 1.6065
138.0000 1.5992
139.0000 1.5923
140.0000 1.5856
141.0000 1.5794
142.0000 1.5733
143.0000 1.5675
144.0000 1.5621
145.0000 1.5571
146.0000 1.5515
147.0000 1.5461
148.0000 1.5411
149.0000 1.5360
150.0000 1.5313
151.0000 1.5267
152.0000 1.5222
153.0000 1.5178
154.0000 1.5137
155.0000 1.5092
156.0000 1.5051
157.0000 1.5012
158.0000 1.4974
159.0000 1.4937
160.0000 1.4901
161.0000 1.4866
162.0000 1.4831
163.0000 1.4797
164.0000 1.4763
165.0000 1.4730
166.0000 1.4697
167.0000 1.4667
168.0000 1.4638
169.0000 1.4608
170.0000 1.4578
171.0000 1.4551
172.0000 1.4527
173.0000 1.4504
174.0000 1.4481
175.0000 1.4457
176.0000 1.4433
177.0000 1.4409
178.0000 1.4387
179.0000 1.4365
180.0000 1.4342
181.0000 1.4322
182.0000 1.4303
183.0000 1.4284
184.0000 1.4264
185.0000 1.4246
186.0000 1.4228
187.0000 1.4211
188.0000 1.4193
189.0000 1.4177
190.0000 1.4161
191.0000 1.4146
192.0000 1.4134
193.0000 1.4119
194.0000 1.4106
195.0000 1.4094
196.0000 1.4080
197.0000 1.4065
198.0000 1.4049
199.0000 1.4036
200.0000 1.4025
201.0000 1.4016
202.0000 1.4003
203.0000 1.3991
204.0000 1.3980
205.0000 1.3969
206.0000 1.3959
207.0000 1.3949
208.0000 1.3940
209.0000 1.3931
210.0000 -0.0456
211.0000 -0.9920
212.0000 -1.4704
213.0000 -1.6018
214.0000 -1.5210
215.0000 -1.3354
216.0000 -1.1178
217.0000 -0.9127
218.0000 -0.7426
219.0000 -0.6153
220.0000 -0.5300
221.0000 -0.4813
222.0000 -0.4619
223.0000 -0.4630
224.0000 -0.4770
225.0000 -0.4979
226.0000 -0.5216
227.0000 -0.5444
228.0000 -0.5643
229.0000 -0.5806
230.0000 -0.5934
231.0000 -0.6024
232.0000 -0.6086
233.0000 -0.6124
234.0000 -0.6141
235.0000 -0.6152
236.0000 -0.6157
237.0000 -0.6157
238.0000 -0.6155
239.0000 -0.6151
240.0000 -0.6151
241.0000 -0.6151
242.0000 -0.6147
243.0000 -0.6146
244.0000 -0.6145
245.0000 -0.6143
246.0000 -0.6142
247.0000 -0.6140
248.0000 -0.6137
249.0000 -0.6132
250.0000 -0.6124
251.0000 -0.6118
252.0000 -0.6112
253.0000 -0.6105
254.0000 -0.6096
255.0000 -0.6086
256.0000 -0.6076
257.0000 -0.6062
258.0000 -0.6051
259.0000 -0.6040
260.0000 -0.6028
261.0000 -0.6018
262.0000 -0.6009
263.0000 -0.5995
264.0000 -0.5979
265.0000 -0.5966
266.0000 -0.5953
267.0000 -0.5941
268.0000 -0.5927
269.0000 -0.5916
270.0000 -0.5905
271.0000 -0.5895
272.0000 -0.5885
273.0000 -0.5872
274.0000 -0.5859
275.0000 -0.5844
276.0000 -0.5832
277.0000 -0.5819
278.0000 -0.5807
279.0000 -0.5795
280.0000 -0.5782
281.0000 -0.5769
282.0000 -0.5756
283.0000 -0.5742
284.0000 -0.5730
285.0000 -0.5719
286.0000 -0.5708
287.0000 -0.5697
288.0000 -0.5686
289.0000 -0.5674
290.0000 -0.5663
291.0000 -0.5652
292.0000 -0.5643
293.0000 -0.5633
294.0000 -0.5623
295.0000 -0.5612
296.0000 -0.5601
297.0000 -0.5591
298.0000 -0.5580
299.0000 -0.5569
300.0000 -0.5559
301.0000 -0.5551
302.0000 -0.5543
303.0000 -0.5536
304.0000 -0.5528
305.0000 -0.5519
306.0000 -0.5508
307.0000 -0.5499
308.0000 -0.5491
309.0000 -0.5484
310.0000 -2.5070
311.0000 -3.5920
312.0000 -4.1735
313.0000 -4.4444
314.0000 -4.5119
315.0000 -4.4493
316.0000 -4.3140
317.0000 -4.1505
318.0000 -3.9896
319.0000 -3.8504
320.0000 -3.7415
321.0000 -3.6654
322.0000 -3.6195
323.0000 -3.5986
324.0000 -3.5962
325.0000 -3.6070
326.0000 -3.6265
327.0000 -3.6499
328.0000 -3.6745
329.0000 -3.6981
330.0000 -3.7193
331.0000 -3.7380
332.0000 -3.7542
333.0000 -3.7682
334.0000 -3.7802
335.0000 -3.7903
336.0000 -3.7995
337.0000 -3.8079
338.0000 -3.8154
339.0000 -3.8226
340.0000 -3.8294
341.0000 -3.8361
342.0000 -3.8427
343.0000 -3.8491
344.0000 -3.8556
345.0000 -3.8618
346.0000 -3.8679
347.0000 -3.8731
348.0000 -3.8780
349.0000 -3.8824
350.0000 -3.8872
351.0000 -3.8919
352.0000 -3.8962
353.0000 -3.9005
354.0000 -3.9047
355.0000 -3.9086
356.0000 -3.9122
357.0000 -3.9158
358.0000 -3.9191
359.0000 -3.9222
360.0000 -3.9253
361.0000 -3.9282
362.0000 -3.9309
363.0000 -3.9335
364.0000 -3.9358
365.0000 -3.9378
366.0000 -3.9398
367.0000 -3.9417
368.0000 -3.9436
369.0000 -3.9457
370.0000 -3.9479
371.0000 -3.9496
372.0000 -3.9511
373.0000 -3.9526
374.0000 -3.9543
375.0000 -3.9560
376.0000 -3.9575
377.0000 -3.9588
378.0000 -3.9599
379.0000 -3.9608
380.0000 -3.9617
381.0000 -3.9626
382.0000 -3.9634
383.0000 -3.9644
384.0000 -3.9654
385.0000 -3.9663
386.0000 -3.9671
387.0000 -3.9677
388.0000 -3.9683
389.0000 -3.9688
390.0000 -3.9691
391.0000 -3.9696
392.0000 -3.9702
393.0000 -3.9708
394.0000 -3.9715
395.0000 -3.9721
396.0000 -3.9725
397.0000 -3.9729
398.0000 -3.9731
399.0000 -3.9732
400.0000 -3.9732
401.0000 -3.9734
402.0000 -3.9737
403.0000 -3.9740
404.0000 -3.9741
405.0000 -3.9741
406.0000 -3.9740
407.0000 -3.9741
408.0000 -3.9740
409.0000 -3.9740
410.0000 -4.8762
411.0000 -5.2292
412.0000 -5.2729
413.0000 -5.1216
414.0000 -4.8605
415.0000 -4.5640
416.0000 -4.2907
417.0000 -4.0729
418.0000 -3.9197
419.0000 -3.8274
420.0000 -3.7819
421.0000 -3.7696
422.0000 -3.7779
423.0000 -3.7960
424.0000 -3.8162
425.0000 -3.8336
426.0000 -3.8460
427.0000 -3.8523
428.0000 -3.8518
429.0000 -3.8467
430.0000 -3.8365
431.0000 -3.8237
432.0000 -3.8077
433.0000 -3.7915
434.0000 -3.7752
435.0000 -3.7592
436.0000 -3.7435
437.0000 -3.7280
438.0000 -3.7134
439.0000 -3.6995
440.0000 -3.6862
441.0000 -3.6738
442.0000 -3.6615
443.0000 -3.6500
444.0000 -3.6392
445.0000 -3.6292
446.0000 -3.6180
447.0000 -3.6072
448.0000 -3.5973
449.0000 -3.5870
450.0000 -3.5775
451.0000 -3.5683
452.0000 -3.5593
453.0000 -3.5507
454.0000 -3.5423
455.0000 -3.5333
456.0000 -3.5251
457.0000 -3.5174
458.0000 -3.5098
459.0000 -3.5023
460.0000 -3.4952
461.0000 -3.4883
462.0000 -3.4811
463.0000 -3.4743
464.0000 -3.4676
465.0000 -3.4611
466.0000 -3.4545
467.0000 -3.4485
468.0000 -3.4427
469.0000 -3.4367
470.0000 -3.4307
471.0000 -3.4252
472.0000 -3.4203
473.0000 -3.4158
474.0000 -3.4111
475.0000 -3.4064
476.0000 -3.4017
477.0000 -3.3969
478.0000 -3.3925
479.0000 -3.3880
480.0000 -3.3835
481.0000 -3.3795
482.0000 -3.3756
483.0000 -3.3718
484.0000 -3.3679
485.0000 -3.3641
486.0000 -3.3607
487.0000 -3.3572
488.0000 -3.3537
489.0000 -3.3504
490.0000 -3.3472
491.0000 -3.3442
492.0000 -3.3418
493.0000 -3.3387
494.0000 -3.3363
495.0000 -3.3337
496.0000 -3.3309
497.0000 -3.3279
498.0000 -3.3248
499.0000 -3.3221
500.0000 -3.3200
501.0000 -3.3181
502.0000 -3.3157
503.0000 -3.3133
504.0000 -3.3110
505.0000 -3.3088
506.0000 -3.3068
507.0000 -3.3047
508.0000 -3.3029
509.0000 -3.3011
510.0000 -0.4238
511.0000 1.4689
512.0000 2.4259
513.0000 2.6886
514.0000 2.5270
515.0000 2.1558
516.0000 1.7206
517.0000 1.3103
518.0000 0.9703
519.0000 0.7157
520.0000 0.5450
521.0000 0.4477
522.0000 0.4088
523.0000 0.4111
524.0000 0.4391
525.0000 0.4809
526.0000 0.5282
527.0000 0.5737
528.0000 0.6136
529.0000 0.6462
530.0000 0.6719
531.0000 0.6899
532.0000 0.7022
533.0000 0.7098
534.0000 0.7133
535.0000 0.7154
536.0000 0.7165
537.0000 0.7164
538.0000 0.7160
539.0000 0.7153
540.0000 0.7153
541.0000 0.7153
542.0000 0.7145
543.0000 0.7142
544.0000 0.7141
545.0000 0.7137
546.0000 0.7135
547.0000 0.7130
548.0000 0.7125
549.0000 0.7114
550.0000 0.7099
551.0000 0.7086
552.0000 0.7074
553.0000 0.7061
554.0000 0.7043
555.0000 0.7023
556.0000 0.7003
557.0000 0.6976
558.0000 0.6953
559.0000 0.6931
560.0000 0.6907
561.0000 0.6887
562.0000 0.6868
563.0000 0.6841
564.0000 0.6810
565.0000 0.6782
566.0000 0.6756
567.0000 0.6732
568.0000 0.6705
569.0000 0.6683
570.0000 0.6661
571.0000 0.6641
572.0000 0.6620
573.0000 0.6595
574.0000 0.6569
575.0000 0.6539
576.0000 0.6515
577.0000 0.6489
578.0000 0.6465
579.0000 0.6440
580.0000 0.6414
581.0000 0.6388
582.0000 0.6364
583.0000 0.6336
584.0000 0.6310
585.0000 0.6290
586.0000 0.6268
587.0000 0.6244
588.0000 0.6222
589.0000 0.6198
590.0000 0.6177
591.0000 0.6156
592.0000 0.6138
593.0000 0.6117
594.0000 0.6097
595.0000 0.6075
596.0000 0.6053
597.0000 0.6033
598.0000 0.6011
599.0000 0.5989
600.0000 0.5968
601.0000 0.5952
602.0000 0.5937
603.0000 0.5923
604.0000 0.5908
605.0000 0.5889
606.0000 0.5867
607.0000 0.5849
608.0000 0.5833
609.0000 0.5818
610.0000 3.5194
611.0000 5.1464
612.0000 6.0182
613.0000 6.4242
614.0000 6.5250
615.0000 6.4307
616.0000 6.2274
617.0000 5.9819
618.0000 5.7403
619.0000 5.5311
620.0000 5.3675
621.0000 5.2529
622.0000 5.1838
623.0000 5.1521
624.0000 5.1482
625.0000 5.1642
626.0000 5.1932
627.0000 5.2279
628.0000 5.2645
629.0000 5.2997
630.0000 5.3311
631.0000 5.3589
632.0000 5.3829
633.0000 5.4036
634.0000 5.4213
635.0000 5.4363
636.0000 5.4500
637.0000 5.4623
638.0000 5.4735
639.0000 5.4840
640.0000 5.4938
641.0000 5.5037
642.0000 5.5134
643.0000 5.5230
644.0000 5.5326
645.0000 5.5418
646.0000 5.5507
647.0000 5.5584
648.0000 5.5654
649.0000 5.5719
650.0000 5.5787
651.0000 5.5856
652.0000 5.5918
653.0000 5.5981
654.0000 5.6042
655.0000 5.6097
656.0000 5.6151
657.0000 5.6204
658.0000 5.6254
659.0000 5.6299
660.0000 5.6346
661.0000 5.6387
662.0000 5.6426
663.0000 5.6465
664.0000 5.6498
665.0000 5.6526
666.0000 5.6553
667.0000 5.6580
668.0000 5.6607
669.0000 5.6638
670.0000 5.6669
671.0000 5.6693
672.0000 5.6715
673.0000 5.6737
674.0000 5.6762
675.0000 5.6788
676.0000 5.6811
677.0000 5.6830
678.0000 5.6845
679.0000 5.6857
680.0000 5.6869
681.0000 5.6881
682.0000 5.6892
683.0000 5.6907
684.0000 5.6922
685.0000 5.6934
686.0000 5.6946
687.0000 5.6954
688.0000 5.6962
689.0000 5.6968
690.0000 5.6972
691.0000 5.6979
692.0000 5.6988
693.0000 5.6997
694.0000 5.7006
695.0000 5.7016
696.0000 5.7021
697.0000 5.7027
698.0000 5.7029
699.0000 5.7031
700.0000 5.7030
701.0000 5.7032
702.0000 5.7035
703.0000 5.7039
704.0000 5.7040
705.0000 5.7038
706.0000 5.7036
707.0000 5.7037
708.0000 5.7035
709.0000 5.7034
710.0000 7.0566
711.0000 7.5862
712.0000 7.6517
713.0000 7.4248
714.0000 7.0333
715.0000 6.5886
716.0000 6.1786
717.0000 5.8520
718.0000 5.6222
719.0000 5.4837
720.0000 5.4155
721.0000 5.3971
722.0000 5.4094
723.0000 5.4367
724.0000 5.4669
725.0000 5.4929
726.0000 5.5115
727.0000 5.5210
728.0000 5.5203
729.0000 5.5126
730.0000 5.4973
731.0000 5.4781
732.0000 5.4542
733.0000 5.4298
734.0000 5.4054
735.0000 5.3814
736.0000 5.3578
737.0000 5.3346
738.0000 5.3127
739.0000 5.2919
740.0000 5.2719
741.0000 5.2534
742.0000 5.2349
743.0000 5.2176
744.0000 5.2014
745.0000 5.1864
746.0000 5.1696
747.0000 5.1534
748.0000 5.1385
749.0000 5.1232
750.0000 5.1089
751.0000 5.0950
752.0000 5.0815
753.0000 5.0686
754.0000 5.0560
755.0000 5.0426
756.0000 5.0303
757.0000 5.0188
758.0000 5.0074
759.0000 4.9961
760.0000 4.9854
761.0000 4.9750
762.0000 4.9643
763.0000 4.9541
764.0000 4.9441
765.0000 4.9343
766.0000 4.9244
767.0000 4.9153
768.0000 4.9066
769.0000 4.8976
770.0000 4.8887
771.0000 4.8804
772.0000 4.8731
773.0000 4.8663
774.0000 4.8593
775.0000 4.8522
776.0000 4.8451
777.0000 4.8379
778.0000 4.8314
779.0000 4.8246
780.0000 4.8178
781.0000 4.8118
782.0000 4.8060
783.0000 4.8003
784.0000 4.7945
785.0000 4.7888
786.0000 4.7836
787.0000 4.7784
788.0000 4.7731
789.0000 4.7682
790.0000 4.7634
791.0000 4.7589
792.0000 4.7553
793.0000 4.7507
794.0000 4.7470
795.0000 4.7432
796.0000 4.7390
797.0000 4.7345
798.0000 4.7298
799.0000 4.7258
800.0000 4.7226
801.0000 4.7198
802.0000 4.7162
803.0000 4.7125
804.0000 4.7091
805.0000 4.7058
806.0000 4.7028
807.0000 4.6997
808.0000 4.6970
809.0000 4.6943
810.0000 0.3782
811.0000 -2.4608
812.0000 -3.8962
813.0000 -4.2903
814.0000 -4.0479
815.0000 -3.4911
816.0000 -2.8383
817.0000 -2.2229
818.0000 -1.7128
819.0000 -1.3309
820.0000 -1.0749
821.0000 -0.9290
822.0000 -0.8706
823.0000 -0.8741
824.0000 -0.9160
825.0000 -0.9787
826.0000 -1.0497
827.0000 -1.1180
828.0000 -1.1777
829.0000 -1.2267
830.0000 -1.2652
831.0000 -1.2923
832.0000 -1.3107
833.0000 -1.3221
834.0000 -1.3274
835.0000 -1.3305
836.0000 -1.3322
837.0000 -1.3321
838.0000 -1.3315
839.0000 -1.3303
840.0000 -1.3304
841.0000 -1.3304
842.0000 -1.3292
843.0000 -1.3287
844.0000 -1.3286
845.0000 -1.3280
846.0000 -1.3276
847.0000 -1.3269
848.0000 -1.3261
849.0000 -1.3245
850.0000 -1.3223
851.0000 -1.3203
852.0000 -1.3186
853.0000 -1.3166
854.0000 -1.3139
855.0000 -1.3109
856.0000 -1.3078
857.0000 -1.3038
858.0000 -1.3004
859.0000 -1.2970
860.0000 -1.2934
861.0000 -1.2905
862.0000 -1.2876
863.0000 -1.2836
864.0000 -1.2789
865.0000 -1.2748
866.0000 -1.2709
867.0000 -1.2672
868.0000 -1.2632
869.0000 -1.2599
870.0000 -1.2566
871.0000 -1.2536
872.0000 -1.2505
873.0000 -1.2467
874.0000 -1.2427
875.0000 -1.2383
876.0000 -1.2347
877.0000 -1.2308
878.0000 -1.2271
879.0000 -1.2235
880.0000 -1.2196
881.0000 -1.2157
882.0000 -1.2120
883.0000 -1.2078
884.0000 -1.2039
885.0000 -1.2009
886.0000 -1.1976
887.0000 -1.1941
888.0000 -1.1907
889.0000 -1.1871
890.0000 -1.1840
891.0000 -1.1808
892.0000 -1.1781
893.0000 -1.1749
894.0000 -1.1719
895.0000 -1.1686
896.0000 -1.1654
897.0000 -1.1624
898.0000 -1.1591
899.0000 -1.1557
900.0000 -1.1526
901.0000 -1.1502
902.0000 -1.1479
903.0000 -1.1459
904.0000 -1.1436
905.0000 -1.1409
906.0000 -1.1375
907.0000 -1.1348
908.0000 -1.1323
909.0000 -1.1302
910.0000 -1.1280
