1.0000 0.0000
2.0000 0.0000
3.0000 0.0000
4.0000 0.0000
5.0000 0.0000
6.0000 0.0000
7.0000 0.0000
8.0000 0.0000
9.0000 0.0000
10.0000 0.5028
11.0000 0.3965
12.0000 0.1757
13.0000 0.0078
14.0000 -0.0896
15.0000 -0.1387
16.0000 -0.1611
17.0000 -0.1702
18.0000 -0.1727
19.0000 -0.1725
20.0000 -0.1717
21.0000 -0.1716
22.0000 -0.1728
23.0000 -0.1756
24.0000 -0.1797
25.0000 -0.1851
26.0000 -0.1914
27.0000 -0.1982
28.0000 -0.2056
29.0000 -0.2129
30.0000 -0.2200
31.0000 -0.2268
32.0000 -0.2334
33.0000 -0.2399
34.0000 -0.2459
35.0000 -0.2516
36.0000 -0.2570
37.0000 -0.2623
38.0000 -0.2673
39.0000 -0.2724
40.0000 -0.2772
41.0000 -0.2819
42.0000 -0.2863
43.0000 -0.2908
44.0000 -0.2952
45.0000 -0.2995
46.0000 -0.3037
47.0000 -0.3077
48.0000 -0.3117
49.0000 -0.3155
50.0000 -0.3195
51.0000 -0.3233
52.0000 -0.3268
53.0000 -0.3305
54.0000 -0.3341
55.0000 -0.3376
56.0000 -0.3408
57.0000 -0.3441
58.0000 -0.3474
59.0000 -0.3505
60.0000 -0.3535
61.0000 -0.3566
62.0000 -0.3596
63.0000 -0.3624
64.0000 -0.3651
65.0000 -0.3678
66.0000 -0.3705
67.0000 -0.3732
68.0000 -0.3758
69.0000 -0.3784
70.0000 -0.3809
71.0000 -0.3831
72.0000 -0.3854
73.0000 -0.3877
74.0000 -0.3900
75.0000 -0.3922
76.0000 -0.3944
77.0000 -0.3965
78.0000 -0.3985
79.0000 -0.4005
80.0000 -0.4024
81.0000 -0.4043
82.0000 -0.4061
83.0000 -0.4080
84.0000 -0.4098
85.0000 -0.4116
86.0000 -0.4132
87.0000 -0.4149
88.0000 -0.4165
89.0000 -0.4181
90.0000 -0.4196
91.0000 -0.4210
92.0000 -0.4225
93.0000 -0.4240
94.0000 -0.4254
95.0000 -0.4268
96.0000 -0.4282
97.0000 -0.4295
98.0000 -0.4307
99.0000 -0.4319
100.0000 -0.4330
101.0000 -0.4342
102.0000 -0.4354
103.0000 -0.4367
104.0000 -0.4377
105.0000 -0.4387
106.0000 -0.4397
107.0000 -0.4408
108.0000 -0.4418
109.0000 -0.4427
110.0000 -0.9765
111.0000 -1.3514
112.0000 -1.4171
113.0000 -1.3134
114.0000 -1.1836
115.0000 -1.0901
116.0000 -1.0389
117.0000 -1.0147
118.0000 -1.0035
119.0000 -0.9986
120.0000 -0.9963
121.0000 -0.9971
122.0000 -1.0003
123.0000 -1.0051
124.0000 -1.0113
125.0000 -1.0182
126.0000 -1.0247
127.0000 -1.0308
128.0000 -1.0366
129.0000 -1.0419
130.0000 -1.0463
131.0000 -1.0498
132.0000 -1.0528
133.0000 -1.0556
134.0000 -1.0578
135.0000 -1.0599
136.0000 -1.0618
137.0000 -1.0638
138.0000 -1.0655
139.0000 -1.0666
140.0000 -1.0676
141.0000 -1.0690
142.0000 -1.0701
143.0000 -1.0712
144.0000 -1.0725
145.0000 -1.0736
146.0000 -1.0740
147.0000 -1.0745
148.0000 -1.0754
149.0000 -1.0761
150.0000 -1.0767
151.0000 -1.0773
152.0000 -1.0777
153.0000 -1.0779
154.0000 -1.0781
155.0000 -1.0785
156.0000 -1.0788
157.0000 -1.0790
158.0000 -1.0790
159.0000 -1.0793
160.0000 -1.0796
161.0000 -1.0795
162.0000 -1.0796
163.0000 -1.0795
164.0000 -1.0795
165.0000 -1.0794
166.0000 -1.0793
167.0000 -1.0790
168.0000 -1.0789
169.0000 -1.0789
170.0000 -1.0788
171.0000 -1.0785
172.0000 -1.0782
173.0000 -1.0779
174.0000 -1.0780
175.0000 -1.0777
176.0000 -1.0776
177.0000 -1.0772
178.0000 -1.0768
179.0000 -1.0765
180.0000 -1.0764
181.0000 -1.0760
182.0000 -1.0757
183.0000 -1.0756
184.0000 -1.0751
185.0000 -1.0747
186.0000 -1.0744
187.0000 -1.0740
188.0000 -1.0735
189.0000 -1.0732
190.0000 -1.0729
191.0000 -1.0728
192.0000 -1.0724
193.0000 -1.0721
194.0000 -1.0717
195.0000 -1.0714
196.0000 -1.0708
197.0000 -1.0705
198.0000 -1.0701
199.0000 -1.0698
200.0000 -1.0694
201.0000 -1.0690
202.0000 -1.0687
203.0000 -1.0684
204.0000 -1.0681
205.0000 -1.0676
206.0000 -1.0670
207.0000 -1.0668
208.0000 -1.0662
209.0000 -1.0659
210.0000 0.1324
211.0000 0.3496
212.0000 0.3218
213.0000 0.2884
214.0000 0.2802
215.0000 0.2790
216.0000 0.2727
217.0000 0.2600
218.0000 0.2444
219.0000 0.2304
220.0000 0.2213
221.0000 0.2175
222.0000 0.2193
223.0000 0.2258
224.0000 0.2356
225.0000 0.2479
226.0000 0.2613
227.0000 0.2757
228.0000 0.2901
229.0000 0.3040
230.0000 0.3169
231.0000 0.3293
232.0000 0.3405
233.0000 0.3513
234.0000 0.3613
235.0000 0.3707
236.0000 0.3793
237.0000 0.3877
238.0000 0.3958
239.0000 0.4040
240.0000 0.4118
241.0000 0.4189
242.0000 0.4259
243.0000 0.4329
244.0000 0.4396
245.0000 0.4463
246.0000 0.4528
247.0000 0.4590
248.0000 0.4651
249.0000 0.4708
250.0000 0.4767
251.0000 0.4825
252.0000 0.4878
253.0000 0.4929
254.0000 0.4978
255.0000 0.5032
256.0000 0.5081
257.0000 0.5125
258.0000 0.5170
259.0000 0.5214
260.0000 0.5255
261.0000 0.5298
262.0000 0.5340
263.0000 0.5377
264.0000 0.5416
265.0000 0.5453
266.0000 0.5488
267.0000 0.5524
268.0000 0.5558
269.0000 0.5591
270.0000 0.5622
271.0000 0.5654
272.0000 0.5685
273.0000 0.5714
274.0000 0.5743
275.0000 0.5770
276.0000 0.5798
277.0000 0.5824
278.0000 0.5850
279.0000 0.5875
280.0000 0.5898
281.0000 0.5919
282.0000 0.5941
283.0000 0.5965
284.0000 0.5987
285.0000 0.6009
286.0000 0.6028
287.0000 0.6045
288.0000 0.6065
289.0000 0.6081
290.0000 0.6099
291.0000 0.6117
292.0000 0.6135
293.0000 0.6151
294.0000 0.6167
295.0000 0.6182
296.0000 0.6197
297.0000 0.6212
298.0000 0.6225
299.0000 0.6237
300.0000 0.6248
301.0000 0.6261
302.0000 0.6275
303.0000 0.6288
304.0000 0.6300
305.0000 0.6311
306.0000 0.6321
307.0000 0.6331
308.0000 0.6342
309.0000 0.6352
310.0000 -0.3692
311.0000 -0.1558
312.0000 0.2864
313.0000 0.6231
314.0000 0.8187
315.0000 0.9174
316.0000 0.9630
317.0000 0.9821
318.0000 0.9880
319.0000 0.9883
320.0000 0.9873
321.0000 0.9877
322.0000 0.9909
323.0000 0.9970
324.0000 1.0058
325.0000 1.0172
326.0000 1.0305
327.0000 1.0446
328.0000 1.0598
329.0000 1.0750
330.0000 1.0896
331.0000 1.1037
332.0000 1.1173
333.0000 1.1306
334.0000 1.1431
335.0000 1.1549
336.0000 1.1663
337.0000 1.1772
338.0000 1.1878
339.0000 1.1982
340.0000 1.2080
341.0000 1.2176
342.0000 1.2268
343.0000 1.2362
344.0000 1.2454
345.0000 1.2544
346.0000 1.2632
347.0000 1.2715
348.0000 1.2796
349.0000 1.2875
350.0000 1.2954
351.0000 1.3034
352.0000 1.3107
353.0000 1.3181
354.0000 1.3256
355.0000 1.3326
356.0000 1.3393
357.0000 1.3463
358.0000 1.3529
359.0000 1.3593
360.0000 1.3657
361.0000 1.3719
362.0000 1.3781
363.0000 1.3840
364.0000 1.3895
365.0000 1.3949
366.0000 1.4003
367.0000 1.4058
368.0000 1.4112
369.0000 1.4164
370.0000 1.4215
371.0000 1.4261
372.0000 1.4308
373.0000 1.4354
374.0000 1.4402
375.0000 1.4449
376.0000 1.4494
377.0000 1.4536
378.0000 1.4578
379.0000 1.4617
380.0000 1.4656
381.0000 1.4694
382.0000 1.4731
383.0000 1.4770
384.0000 1.4807
385.0000 1.4843
386.0000 1.4877
387.0000 1.4910
388.0000 1.4944
389.0000 1.4975
390.0000 1.5004
391.0000 1.5034
392.0000 1.5065
393.0000 1.5094
394.0000 1.5123
395.0000 1.5153
396.0000 1.5180
397.0000 1.5208
398.0000 1.5232
399.0000 1.5256
400.0000 1.5278
401.0000 1.5303
402.0000 1.5326
403.0000 1.5351
404.0000 1.5373
405.0000 1.5392
406.0000 1.5412
407.0000 1.5434
408.0000 1.5452
409.0000 1.5471
410.0000 2.6146
411.0000 3.3644
412.0000 3.4958
413.0000 3.2886
414.0000 3.0291
415.0000 2.8420
416.0000 2.7399
417.0000 2.6915
418.0000 2.6691
419.0000 2.6593
420.0000 2.6547
421.0000 2.6564
422.0000 2.6628
423.0000 2.6725
424.0000 2.6849
425.0000 2.6987
426.0000 2.7118
427.0000 2.7240
428.0000 2.7356
429.0000 2.7462
430.0000 2.7550
431.0000 2.7620
432.0000 2.7680
433.0000 2.7737
434.0000 2.7782
435.0000 2.7824
436.0000 2.7862
437.0000 2.7902
438.0000 2.7936
439.0000 2.7959
440.0000 2.7978
441.0000 2.8006
442.0000 2.8028
443.0000 2.8051
444.0000 2.8078
445.0000 2.8099
446.0000 2.8107
447.0000 2.8118
448.0000 2.8135
449.0000 2.8150
450.0000 2.8161
451.0000 2.8174
452.0000 2.8183
453.0000 2.8186
454.0000 2.8191
455.0000 2.8199
456.0000 2.8205
457.0000 2.8208
458.0000 2.8209
459.0000 2.8215
460.0000 2.8220
461.0000 2.8219
462.0000 2.8222
463.0000 2.8219
464.0000 2.8220
465.0000 2.8217
466.0000 2.8215
467.0000 2.8210
468.0000 2.8207
469.0000 2.8208
470.0000 2.8205
471.0000 2.8199
472.0000 2.8195
473.0000 2.8189
474.0000 2.8190
475.0000 2.8184
476.0000 2.8182
477.0000 2.8175
478.0000 2.8167
479.0000 2.8161
480.0000 2.8158
481.0000 2.8151
482.0000 2.8145
483.0000 2.8142
484.0000 2.8133
485.0000 2.8125
486.0000 2.8118
487.0000 2.8112
488.0000 2.8101
489.0000 2.8096
490.0000 2.8088
491.0000 2.8088
492.0000 2.8079
493.0000 2.8074
494.0000 2.8066
495.0000 2.8060
496.0000 2.8048
497.0000 2.8042
498.0000 2.8034
499.0000 2.8027
500.0000 2.8020
501.0000 2.8013
502.0000 2.8005
503.0000 2.8000
504.0000 2.7994
505.0000 2.7984
506.0000 2.7973
507.0000 2.7968
508.0000 2.7957
509.0000 2.7949
510.0000 0.3985
511.0000 -0.0360
512.0000 0.0197
513.0000 0.0863
514.0000 0.1029
515.0000 0.1052
516.0000 0.1177
517.0000 0.1431
518.0000 0.1744
519.0000 0.2024
520.0000 0.2207
521.0000 0.2282
522.0000 0.2246
523.0000 0.2116
524.0000 0.1920
525.0000 0.1675
526.0000 0.1406
527.0000 0.1118
528.0000 0.0830
529.0000 0.0552
530.0000 0.0294
531.0000 0.0046
532.0000 -0.0177
533.0000 -0.0393
534.0000 -0.0594
535.0000 -0.0781
536.0000 -0.0954
537.0000 -0.1122
538.0000 -0.1284
539.0000 -0.1447
540.0000 -0.1604
541.0000 -0.1746
542.0000 -0.1886
543.0000 -0.2026
544.0000 -0.2160
545.0000 -0.2294
546.0000 -0.2423
547.0000 -0.2547
548.0000 -0.2669
549.0000 -0.2784
550.0000 -0.2901
551.0000 -0.3018
552.0000 -0.3124
553.0000 -0.3226
554.0000 -0.3324
555.0000 -0.3431
556.0000 -0.3529
557.0000 -0.3618
558.0000 -0.3708
559.0000 -0.3796
560.0000 -0.3878
561.0000 -0.3964
562.0000 -0.4048
563.0000 -0.4121
564.0000 -0.4199
565.0000 -0.4273
566.0000 -0.4343
567.0000 -0.4415
568.0000 -0.4484
569.0000 -0.4549
570.0000 -0.4612
571.0000 -0.4676
572.0000 -0.4738
573.0000 -0.4796
574.0000 -0.4853
575.0000 -0.4908
576.0000 -0.4963
577.0000 -0.5015
578.0000 -0.5068
579.0000 -0.5117
580.0000 -0.5163
581.0000 -0.5205
582.0000 -0.5249
583.0000 -0.5297
584.0000 -0.5342
585.0000 -0.5385
586.0000 -0.5423
587.0000 -0.5458
588.0000 -0.5496
589.0000 -0.5530
590.0000 -0.5566
591.0000 -0.5601
592.0000 -0.5638
593.0000 -0.5670
594.0000 -0.5702
595.0000 -0.5732
596.0000 -0.5761
597.0000 -0.5791
598.0000 -0.5817
599.0000 -0.5841
600.0000 -0.5864
601.0000 -0.5890
602.0000 -0.5917
603.0000 -0.5944
604.0000 -0.5968
605.0000 -0.5990
606.0000 -0.6009
607.0000 -0.6030
608.0000 -0.6051
609.0000 -0.6071
610.0000 0.8989
611.0000 0.5784
612.0000 -0.0852
613.0000 -0.5907
614.0000 -0.8845
615.0000 -1.0330
616.0000 -1.1017
617.0000 -1.1308
618.0000 -1.1400
619.0000 -1.1408
620.0000 -1.1397
621.0000 -1.1405
622.0000 -1.1457
623.0000 -1.1553
624.0000 -1.1687
625.0000 -1.1861
626.0000 -1.2063
627.0000 -1.2277
628.0000 -1.2507
629.0000 -1.2738
630.0000 -1.2959
631.0000 -1.3173
632.0000 -1.3380
633.0000 -1.3580
634.0000 -1.3771
635.0000 -1.3950
636.0000 -1.4123
637.0000 -1.4289
638.0000 -1.4449
639.0000 -1.4606
640.0000 -1.4756
641.0000 -1.4901
642.0000 -1.5041
643.0000 -1.5184
644.0000 -1.5324
645.0000 -1.5460
646.0000 -1.5594
647.0000 -1.5720
648.0000 -1.5842
649.0000 -1.5961
650.0000 -1.6081
651.0000 -1.6202
652.0000 -1.6313
653.0000 -1.6425
654.0000 -1.6538
655.0000 -1.6643
656.0000 -1.6745
657.0000 -1.6851
658.0000 -1.6951
659.0000 -1.7049
660.0000 -1.7147
661.0000 -1.7240
662.0000 -1.7334
663.0000 -1.7423
664.0000 -1.7507
665.0000 -1.7588
666.0000 -1.7670
667.0000 -1.7752
668.0000 -1.7833
669.0000 -1.7912
670.0000 -1.7989
671.0000 -1.8059
672.0000 -1.8129
673.0000 -1.8197
674.0000 -1.8272
675.0000 -1.8343
676.0000 -1.8412
677.0000 -1.8474
678.0000 -1.8537
679.0000 -1.8596
680.0000 -1.8656
681.0000 -1.8714
682.0000 -1.8769
683.0000 -1.8828
684.0000 -1.8883
685.0000 -1.8937
686.0000 -1.8990
687.0000 -1.9040
688.0000 -1.9090
689.0000 -1.9137
690.0000 -1.9181
691.0000 -1.9226
692.0000 -1.9271
693.0000 -1.9316
694.0000 -1.9360
695.0000 -1.9406
696.0000 -1.9446
697.0000 -1.9489
698.0000 -1.9525
699.0000 -1.9561
700.0000 -1.9594
701.0000 -1.9632
702.0000 -1.9666
703.0000 -1.9703
704.0000 -1.9736
705.0000 -1.9765
706.0000 -1.9794
707.0000 -1.9828
708.0000 -1.9854
709.0000 -1.9882
710.0000 -3.5894
711.0000 -4.7141
712.0000 -4.9114
713.0000 -4.6006
714.0000 -4.2113
715.0000 -3.9308
716.0000 -3.7775
717.0000 -3.7050
718.0000 -3.6714
719.0000 -3.6568
720.0000 -3.6499
721.0000 -3.6524
722.0000 -3.6621
723.0000 -3.6767
724.0000 -3.6952
725.0000 -3.7159
726.0000 -3.7356
727.0000 -3.7539
728.0000 -3.7713
729.0000 -3.7873
730.0000 -3.8004
731.0000 -3.8110
732.0000 -3.8200
733.0000 -3.8285
734.0000 -3.8353
735.0000 -3.8416
736.0000 -3.8473
737.0000 -3.8533
738.0000 -3.8584
739.0000 -3.8619
740.0000 -3.8647
741.0000 -3.8689
742.0000 -3.8724
743.0000 -3.8757
744.0000 -3.8798
745.0000 -3.8830
746.0000 -3.8841
747.0000 -3.8858
748.0000 -3.8884
749.0000 -3.8906
750.0000 -3.8923
751.0000 -3.8942
752.0000 -3.8956
753.0000 -3.8961
754.0000 -3.8968
755.0000 -3.8981
756.0000 -3.8989
757.0000 -3.8994
758.0000 -3.8995
759.0000 -3.9004
760.0000 -3.9012
761.0000 -3.9011
762.0000 -3.9015
763.0000 -3.9010
764.0000 -3.9012
765.0000 -3.9008
766.0000 -3.9005
767.0000 -3.8998
768.0000 -3.8993
769.0000 -3.8994
770.0000 -3.8990
771.0000 -3.8982
772.0000 -3.8975
773.0000 -3.8966
774.0000 -3.8967
775.0000 -3.8959
776.0000 -3.8956
777.0000 -3.8945
778.0000 -3.8934
779.0000 -3.8924
780.0000 -3.8921
781.0000 -3.8910
782.0000 -3.8900
783.0000 -3.8897
784.0000 -3.8883
785.0000 -3.8871
786.0000 -3.8860
787.0000 -3.8851
788.0000 -3.8835
789.0000 -3.8827
790.0000 -3.8816
791.0000 -3.8814
792.0000 -3.8802
793.0000 -3.8794
794.0000 -3.8782
795.0000 -3.8774
796.0000 -3.8756
797.0000 -3.8746
798.0000 -3.8735
799.0000 -3.8724
800.0000 -3.8714
801.0000 -3.8703
802.0000 -3.8692
803.0000 -3.8683
804.0000 -3.8674
805.0000 -3.8659
806.0000 -3.8642
807.0000 -3.8635
808.0000 -3.8619
809.0000 -3.8608
810.0000 -0.2661
811.0000 0.3857
812.0000 0.3021
813.0000 0.2022
814.0000 0.1773
815.0000 0.1738
816.0000 0.1550
817.0000 0.1169
818.0000 0.0700
819.0000 0.0281
820.0000 0.0006
821.0000 -0.0107
822.0000 -0.0052
823.0000 0.0142
824.0000 0.0436
825.0000 0.0804
826.0000 0.1207
827.0000 0.1639
828.0000 0.2072
829.0000 0.2488
830.0000 0.2875
831.0000 0.3247
832.0000 0.3582
833.0000 0.3905
834.0000 0.4207
835.0000 0.4488
836.0000 0.4747
837.0000 0.5000
838.0000 0.5243
839.0000 0.5486
840.0000 0.5722
841.0000 0.5935
842.0000 0.6145
843.0000 0.6356
844.0000 0.6556
845.0000 0.6756
846.0000 0.6951
847.0000 0.7137
848.0000 0.7320
849.0000 0.7493
850.0000 0.7668
851.0000 0.7843
852.0000 0.8003
853.0000 0.8155
854.0000 0.8302
855.0000 0.8462
856.0000 0.8610
857.0000 0.8743
858.0000 0.8878
859.0000 0.9011
860.0000 0.9133
861.0000 0.9263
862.0000 0.9388
863.0000 0.9498
864.0000 0.9615
865.0000 0.9726
866.0000 0.9831
867.0000 0.9938
868.0000 1.0042
869.0000 1.0140
870.0000 1.0234
871.0000 1.0330
872.0000 1.0423
873.0000 1.0511
874.0000 1.0596
875.0000 1.0678
876.0000 1.0761
877.0000 1.0838
878.0000 1.0919
879.0000 1.0992
880.0000 1.1060
881.0000 1.1124
882.0000 1.1190
883.0000 1.1262
884.0000 1.1329
885.0000 1.1393
886.0000 1.1450
887.0000 1.1504
888.0000 1.1561
889.0000 1.1611
890.0000 1.1666
891.0000 1.1718
892.0000 1.1773
893.0000 1.1821
894.0000 1.1868
895.0000 1.1914
896.0000 1.1958
897.0000 1.2002
898.0000 1.2042
899.0000 1.2077
900.0000 1.2112
901.0000 1.2151
902.0000 1.2192
903.0000 1.2233
904.0000 1.2268
905.0000 1.2301
906.0000 1.2330
907.0000 1.2361
908.0000 1.2392
909.0000 1.2423
910.0000 1.2456
