1.0000 0.0000
2.0000 0.0000
3.0000 0.0000
4.0000 0.0000
5.0000 0.0000
6.0000 0.0000
7.0000 0.0000
8.0000 0.0000
9.0000 0.0000
10.0000 0.0000
11.0000 0.0051
12.0000 0.0026
13.0000 -0.0029
14.0000 -0.0068
15.0000 -0.0078
16.0000 -0.0068
17.0000 -0.0051
18.0000 -0.0033
19.0000 -0.0020
20.0000 -0.0010
21.0000 -0.0003
22.0000 0.0000
23.0000 0.0003
24.0000 0.0004
25.0000 0.0005
26.0000 0.0004
27.0000 0.0003
28.0000 0.0002
29.0000 0.0001
30.0000 0.0001
31.0000 0.0000
32.0000 0.0000
33.0000 -0.0000
34.0000 -0.0000
35.0000 -0.0000
36.0000 -0.0000
37.0000 -0.0001
38.0000 -0.0001
39.0000 -0.0000
40.0000 -0.0000
41.0000 0.0000
42.0000 0.0000
43.0000 0.0000
44.0000 -0.0000
45.0000 -0.0000
46.0000 -0.0000
47.0000 -0.0000
48.0000 0.0000
49.0000 0.0000
50.0000 -0.0000
51.0000 -0.0000
52.0000 0.0000
53.0000 0.0000
54.0000 -0.0000
55.0000 0.0000
56.0000 0.0000
57.0000 0.0000
58.0000 -0.0000
59.0000 -0.0000
60.0000 -0.0000
61.0000 0.0000
62.0000 0.0000
63.0000 0.0000
64.0000 0.0000
65.0000 0.0000
66.0000 -0.0000
67.0000 0.0000
68.0000 0.0000
69.0000 0.0000
70.0000 0.0000
71.0000 0.0000
72.0000 0.0000
73.0000 -0.0000
74.0000 -0.0000
75.0000 -0.0000
76.0000 -0.0000
77.0000 -0.0000
78.0000 -0.0000
79.0000 0.0000
80.0000 0.0000
81.0000 -0.0000
82.0000 -0.0000
83.0000 -0.0000
84.0000 0.0000
85.0000 0.0000
86.0000 -0.0000
87.0000 -0.0000
88.0000 0.0000
89.0000 0.0000
90.0000 0.0000
91.0000 0.0000
92.0000 0.0000
93.0000 -0.0000
94.0000 -0.0001
95.0000 -0.0001
96.0000 -0.0000
97.0000 0.0000
98.0000 0.0000
99.0000 0.0000
100.0000 0.0000
101.0000 0.0000
102.0000 -0.0001
103.0000 -0.0001
104.0000 -0.0000
105.0000 -0.0000
106.0000 -0.0000
107.0000 0.0000
108.0000 0.0000
109.0000 0.0000
110.0000 0.0000
111.0000 0.4308
112.0000 0.7793
113.0000 0.9569
114.0000 1.0167
115.0000 1.0226
116.0000 1.0136
117.0000 1.0053
118.0000 1.0013
119.0000 1.0001
120.0000 1.0002
121.0000 1.0006
122.0000 1.0008
123.0000 1.0008
124.0000 1.0007
125.0000 1.0004
126.0000 1.0003
127.0000 1.0002
128.0000 0.9999
129.0000 0.9999
130.0000 1.0000
131.0000 0.9999
132.0000 0.9999
133.0000 0.9999
134.0000 0.9999
135.0000 0.9999
136.0000 0.9999
137.0000 0.9999
138.0000 1.0000
139.0000 1.0000
140.0000 1.0000
141.0000 1.0000
142.0000 0.9999
143.0000 1.0000
144.0000 1.0000
145.0000 1.0000
146.0000 1.0000
147.0000 1.0000
148.0000 1.0000
149.0000 1.0000
150.0000 0.9999
151.0000 1.0000
152.0000 1.0000
153.0000 1.0000
154.0000 1.0000
155.0000 1.0000
156.0000 1.0000
157.0000 1.0000
158.0000 1.0000
159.0000 1.0000
160.0000 1.0000
161.0000 1.0000
162.0000 1.0001
163.0000 1.0000
164.0000 1.0000
165.0000 1.0000
166.0000 1.0000
167.0000 0.9999
168.0000 0.9999
169.0000 1.0000
170.0000 1.0001
171.0000 1.0000
172.0000 0.9999
173.0000 1.0000
174.0000 1.0000
175.0000 1.0001
176.0000 1.0000
177.0000 1.0000
178.0000 0.9999
179.0000 1.0000
180.0000 1.0000
181.0000 1.0000
182.0000 1.0000
183.0000 1.0000
184.0000 1.0001
185.0000 1.0001
186.0000 1.0000
187.0000 1.0000
188.0000 1.0000
189.0000 0.9999
190.0000 0.9999
191.0000 0.9999
192.0000 1.0000
193.0000 1.0000
194.0000 1.0000
195.0000 1.0000
196.0000 1.0001
197.0000 1.0001
198.0000 1.0001
199.0000 1.0000
200.0000 0.9998
201.0000 0.9999
202.0000 1.0000
203.0000 1.0000
204.0000 1.0000
205.0000 1.0001
206.0000 1.0001
207.0000 1.0000
208.0000 1.0000
209.0000 0.9999
210.0000 0.9998
211.0000 1.0265
212.0000 1.0369
213.0000 1.0331
214.0000 1.0246
215.0000 1.0167
216.0000 1.0109
217.0000 1.0066
218.0000 1.0037
219.0000 1.0016
220.0000 1.0003
221.0000 0.9994
222.0000 0.9989
223.0000 0.9988
224.0000 0.9988
225.0000 0.9990
226.0000 0.9992
227.0000 0.9995
228.0000 0.9998
229.0000 0.9999
230.0000 1.0000
231.0000 1.0000
232.0000 1.0000
233.0000 1.0001
234.0000 1.0001
235.0000 1.0001
236.0000 1.0001
237.0000 1.0001
238.0000 1.0001
239.0000 1.0001
240.0000 1.0001
241.0000 1.0000
242.0000 1.0000
243.0000 0.9999
244.0000 1.0000
245.0000 1.0000
246.0000 1.0001
247.0000 1.0000
248.0000 1.0000
249.0000 1.0000
250.0000 1.0000
251.0000 1.0000
252.0000 1.0000
253.0000 1.0000
254.0000 1.0000
255.0000 1.0000
256.0000 1.0001
257.0000 1.0000
258.0000 1.0000
259.0000 1.0000
260.0000 1.0000
261.0000 1.0000
262.0000 1.0000
263.0000 0.9999
264.0000 1.0000
265.0000 1.0000
266.0000 1.0000
267.0000 1.0000
268.0000 1.0000
269.0000 0.9999
270.0000 0.9999
271.0000 1.0000
272.0000 1.0001
273.0000 1.0001
274.0000 1.0001
275.0000 1.0000
276.0000 1.0000
277.0000 1.0000
278.0000 1.0000
279.0000 1.0000
280.0000 1.0000
281.0000 1.0000
282.0000 1.0000
283.0000 1.0000
284.0000 1.0000
285.0000 1.0000
286.0000 1.0000
287.0000 0.9999
288.0000 0.9999
289.0000 1.0000
290.0000 1.0001
291.0000 1.0001
292.0000 1.0000
293.0000 1.0000
294.0000 1.0000
295.0000 1.0000
296.0000 1.0000
297.0000 1.0000
298.0000 0.9999
299.0000 0.9999
300.0000 0.9999
301.0000 1.0000
302.0000 1.0001
303.0000 1.0001
304.0000 1.0001
305.0000 1.0001
306.0000 1.0000
307.0000 1.0000
308.0000 1.0000
309.0000 1.0000
310.0000 0.9999
311.0000 0.9898
312.0000 0.9948
313.0000 1.0059
314.0000 1.0136
315.0000 1.0156
316.0000 1.0137
317.0000 1.0102
318.0000 1.0068
319.0000 1.0040
320.0000 1.0020
321.0000 1.0007
322.0000 0.9999
323.0000 0.9994
324.0000 0.9991
325.0000 0.9990
326.0000 0.9992
327.0000 0.9993
328.0000 0.9996
329.0000 0.9997
330.0000 0.9998
331.0000 0.9999
332.0000 1.0000
333.0000 1.0001
334.0000 1.0001
335.0000 1.0000
336.0000 1.0001
337.0000 1.0001
338.0000 1.0001
339.0000 1.0000
340.0000 1.0000
341.0000 0.9999
342.0000 0.9999
343.0000 1.0000
344.0000 1.0000
345.0000 1.0000
346.0000 1.0001
347.0000 1.0000
348.0000 1.0000
349.0000 1.0000
350.0000 1.0000
351.0000 1.0000
352.0000 1.0000
353.0000 1.0000
354.0000 1.0000
355.0000 1.0000
356.0000 1.0000
357.0000 1.0000
358.0000 1.0000
359.0000 1.0000
360.0000 1.0000
361.0000 1.0000
362.0000 0.9999
363.0000 1.0000
364.0000 0.9999
365.0000 0.9999
366.0000 1.0000
367.0000 1.0000
368.0000 1.0000
369.0000 1.0000
370.0000 1.0000
371.0000 0.9999
372.0000 1.0000
373.0000 1.0001
374.0000 1.0001
375.0000 1.0000
376.0000 1.0000
377.0000 1.0000
378.0000 1.0000
379.0000 1.0000
380.0000 1.0000
381.0000 1.0000
382.0000 1.0000
383.0000 1.0000
384.0000 1.0000
385.0000 1.0000
386.0000 1.0000
387.0000 1.0001
388.0000 1.0000
389.0000 0.9999
390.0000 0.9999
391.0000 0.9999
392.0000 1.0000
393.0000 1.0000
394.0000 1.0001
395.0000 1.0001
396.0000 1.0000
397.0000 1.0000
398.0000 0.9999
399.0000 0.9999
400.0000 0.9999
401.0000 1.0000
402.0000 1.0001
403.0000 1.0000
404.0000 1.0000
405.0000 1.0000
406.0000 1.0000
407.0000 1.0000
408.0000 0.9999
409.0000 0.9999
410.0000 1.0000
411.0000 0.1385
412.0000 -0.5587
413.0000 -0.9138
414.0000 -1.0333
415.0000 -1.0452
416.0000 -1.0271
417.0000 -1.0107
418.0000 -1.0026
419.0000 -1.0002
420.0000 -1.0005
421.0000 -1.0012
422.0000 -1.0015
423.0000 -1.0017
424.0000 -1.0014
425.0000 -1.0008
426.0000 -1.0006
427.0000 -1.0003
428.0000 -0.9999
429.0000 -0.9998
430.0000 -0.9999
431.0000 -0.9999
432.0000 -0.9999
433.0000 -0.9999
434.0000 -0.9998
435.0000 -0.9998
436.0000 -0.9998
437.0000 -0.9998
438.0000 -1.0000
439.0000 -1.0000
440.0000 -1.0001
441.0000 -1.0000
442.0000 -0.9999
443.0000 -1.0000
444.0000 -1.0000
445.0000 -1.0000
446.0000 -1.0001
447.0000 -0.9999
448.0000 -0.9999
449.0000 -1.0000
450.0000 -0.9999
451.0000 -1.0000
452.0000 -1.0001
453.0000 -1.0000
454.0000 -1.0001
455.0000 -1.0001
456.0000 -1.0001
457.0000 -1.0000
458.0000 -1.0000
459.0000 -0.9999
460.0000 -0.9999
461.0000 -1.0000
462.0000 -1.0001
463.0000 -1.0001
464.0000 -1.0000
465.0000 -0.9999
466.0000 -0.9999
467.0000 -0.9998
468.0000 -0.9999
469.0000 -1.0000
470.0000 -1.0001
471.0000 -1.0001
472.0000 -0.9999
473.0000 -0.9999
474.0000 -1.0000
475.0000 -1.0002
476.0000 -1.0000
477.0000 -0.9999
478.0000 -0.9998
479.0000 -0.9999
480.0000 -1.0000
481.0000 -1.0000
482.0000 -1.0000
483.0000 -1.0000
484.0000 -1.0002
485.0000 -1.0001
486.0000 -1.0001
487.0000 -1.0000
488.0000 -1.0000
489.0000 -0.9999
490.0000 -0.9998
491.0000 -0.9998
492.0000 -1.0000
493.0000 -1.0001
494.0000 -0.9999
495.0000 -1.0001
496.0000 -1.0002
497.0000 -1.0002
498.0000 -1.0001
499.0000 -0.9999
500.0000 -0.9997
501.0000 -0.9998
502.0000 -1.0000
503.0000 -1.0001
504.0000 -1.0001
505.0000 -1.0001
506.0000 -1.0001
507.0000 -1.0001
508.0000 -1.0000
509.0000 -0.9998
510.0000 -0.9997
511.0000 -1.0530
512.0000 -1.0738
513.0000 -1.0662
514.0000 -1.0492
515.0000 -1.0334
516.0000 -1.0217
517.0000 -1.0133
518.0000 -1.0074
519.0000 -1.0033
520.0000 -1.0005
521.0000 -0.9988
522.0000 -0.9979
523.0000 -0.9976
524.0000 -0.9976
525.0000 -0.9980
526.0000 -0.9984
527.0000 -0.9990
528.0000 -0.9995
529.0000 -0.9998
530.0000 -0.9999
531.0000 -1.0000
532.0000 -1.0000
533.0000 -1.0001
534.0000 -1.0001
535.0000 -1.0001
536.0000 -1.0002
537.0000 -1.0002
538.0000 -1.0002
539.0000 -1.0001
540.0000 -1.0001
541.0000 -1.0001
542.0000 -0.9999
543.0000 -0.9999
544.0000 -0.9999
545.0000 -1.0001
546.0000 -1.0001
547.0000 -1.0001
548.0000 -1.0001
549.0000 -1.0000
550.0000 -1.0000
551.0000 -1.0000
552.0000 -1.0000
553.0000 -1.0000
554.0000 -1.0000
555.0000 -1.0000
556.0000 -1.0001
557.0000 -1.0000
558.0000 -1.0000
559.0000 -1.0000
560.0000 -0.9999
561.0000 -1.0000
562.0000 -1.0000
563.0000 -0.9999
564.0000 -0.9999
565.0000 -1.0000
566.0000 -1.0001
567.0000 -1.0001
568.0000 -0.9999
569.0000 -0.9999
570.0000 -0.9999
571.0000 -1.0000
572.0000 -1.0001
573.0000 -1.0002
574.0000 -1.0001
575.0000 -1.0000
576.0000 -1.0000
577.0000 -1.0001
578.0000 -1.0000
579.0000 -1.0000
580.0000 -1.0000
581.0000 -1.0000
582.0000 -1.0000
583.0000 -1.0001
584.0000 -1.0000
585.0000 -1.0000
586.0000 -1.0000
587.0000 -0.9999
588.0000 -0.9998
589.0000 -0.9999
590.0000 -1.0002
591.0000 -1.0002
592.0000 -1.0001
593.0000 -1.0000
594.0000 -1.0000
595.0000 -1.0000
596.0000 -1.0000
597.0000 -0.9999
598.0000 -0.9999
599.0000 -0.9998
600.0000 -0.9999
601.0000 -1.0000
602.0000 -1.0001
603.0000 -1.0002
604.0000 -1.0003
605.0000 -1.0001
606.0000 -0.9999
607.0000 -0.9999
608.0000 -0.9999
609.0000 -0.9999
610.0000 -0.9999
611.0000 -0.9847
612.0000 -0.9921
613.0000 -1.0088
614.0000 -1.0203
615.0000 -1.0233
616.0000 -1.0205
617.0000 -1.0154
618.0000 -1.0103
619.0000 -1.0061
620.0000 -1.0030
621.0000 -1.0010
622.0000 -0.9999
623.0000 -0.9991
624.0000 -0.9986
625.0000 -0.9985
626.0000 -0.9987
627.0000 -0.9990
628.0000 -0.9993
629.0000 -0.9996
630.0000 -0.9996
631.0000 -0.9998
632.0000 -1.0000
633.0000 -1.0001
634.0000 -1.0001
635.0000 -1.0000
636.0000 -1.0001
637.0000 -1.0001
638.0000 -1.0001
639.0000 -1.0000
640.0000 -1.0000
641.0000 -0.9999
642.0000 -0.9999
643.0000 -1.0000
644.0000 -1.0001
645.0000 -1.0000
646.0000 -1.0001
647.0000 -1.0000
648.0000 -1.0000
649.0000 -1.0000
650.0000 -1.0000
651.0000 -1.0001
652.0000 -1.0000
653.0000 -1.0000
654.0000 -1.0000
655.0000 -1.0000
656.0000 -0.9999
657.0000 -0.9999
658.0000 -1.0000
659.0000 -1.0001
660.0000 -1.0001
661.0000 -1.0000
662.0000 -0.9999
663.0000 -1.0000
664.0000 -0.9999
665.0000 -0.9999
666.0000 -1.0000
667.0000 -0.9999
668.0000 -1.0000
669.0000 -1.0000
670.0000 -1.0000
671.0000 -0.9999
672.0000 -1.0000
673.0000 -1.0001
674.0000 -1.0001
675.0000 -1.0000
676.0000 -1.0000
677.0000 -1.0000
678.0000 -1.0000
679.0000 -1.0001
680.0000 -1.0000
681.0000 -1.0000
682.0000 -1.0000
683.0000 -1.0000
684.0000 -1.0000
685.0000 -1.0000
686.0000 -1.0001
687.0000 -1.0001
688.0000 -1.0000
689.0000 -0.9999
690.0000 -0.9998
691.0000 -0.9999
692.0000 -1.0000
693.0000 -1.0001
694.0000 -1.0002
695.0000 -1.0002
696.0000 -1.0001
697.0000 -1.0000
698.0000 -0.9999
699.0000 -0.9999
700.0000 -0.9999
701.0000 -0.9999
702.0000 -1.0001
703.0000 -1.0000
704.0000 -1.0000
705.0000 -1.0000
706.0000 -1.0000
707.0000 -1.0000
708.0000 -0.9999
709.0000 -0.9999
710.0000 -1.0000
711.0000 0.2923
712.0000 1.3380
713.0000 1.8707
714.0000 2.0499
715.0000 2.0678
716.0000 2.0407
717.0000 2.0160
718.0000 2.0038
719.0000 2.0002
720.0000 2.0007
721.0000 2.0018
722.0000 2.0023
723.0000 2.0025
724.0000 2.0021
725.0000 2.0013
726.0000 2.0009
727.0000 2.0005
728.0000 1.9998
729.0000 1.9997
730.0000 1.9999
731.0000 1.9998
732.0000 1.9998
733.0000 1.9998
734.0000 1.9997
735.0000 1.9997
736.0000 1.9997
737.0000 1.9998
738.0000 2.0000
739.0000 2.0000
740.0000 2.0001
741.0000 2.0000
742.0000 1.9998
743.0000 2.0001
744.0000 2.0000
745.0000 2.0000
746.0000 2.0001
747.0000 1.9999
748.0000 1.9998
749.0000 2.0000
750.0000 1.9998
751.0000 2.0000
752.0000 2.0001
753.0000 2.0000
754.0000 2.0001
755.0000 2.0001
756.0000 2.0001
757.0000 1.9999
758.0000 1.9999
759.0000 1.9998
760.0000 1.9999
761.0000 2.0000
762.0000 2.0002
763.0000 2.0001
764.0000 2.0000
765.0000 1.9999
766.0000 1.9999
767.0000 1.9998
768.0000 1.9998
769.0000 2.0001
770.0000 2.0002
771.0000 2.0001
772.0000 1.9998
773.0000 1.9999
774.0000 2.0000
775.0000 2.0003
776.0000 2.0000
777.0000 1.9999
778.0000 1.9997
779.0000 1.9999
780.0000 2.0000
781.0000 2.0000
782.0000 1.9999
783.0000 2.0001
784.0000 2.0003
785.0000 2.0002
786.0000 2.0001
787.0000 1.9999
788.0000 2.0000
789.0000 1.9998
790.0000 1.9997
791.0000 1.9997
792.0000 2.0000
793.0000 2.0001
794.0000 1.9999
795.0000 2.0001
796.0000 2.0003
797.0000 2.0003
798.0000 2.0002
799.0000 1.9999
800.0000 1.9995
801.0000 1.9997
802.0000 2.0000
803.0000 2.0001
804.0000 2.0001
805.0000 2.0001
806.0000 2.0002
807.0000 2.0001
808.0000 1.9999
809.0000 1.9997
810.0000 1.9995
811.0000 2.0794
812.0000 2.1107
813.0000 2.0993
814.0000 2.0738
815.0000 2.0501
816.0000 2.0326
817.0000 2.0199
818.0000 2.0110
819.0000 2.0049
820.0000 2.0008
821.0000 1.9982
822.0000 1.9968
823.0000 1.9963
824.0000 1.9964
825.0000 1.9969
826.0000 1.9976
827.0000 1.9985
828.0000 1.9993
829.0000 1.9997
830.0000 1.9999
831.0000 2.0000
832.0000 2.0000
833.0000 2.0002
834.0000 2.0002
835.0000 2.0002
836.0000 2.0003
837.0000 2.0003
838.0000 2.0002
839.0000 2.0002
840.0000 2.0002
841.0000 2.0001
842.0000 1.9999
843.0000 1.9998
844.0000 1.9999
845.0000 2.0001
846.0000 2.0002
847.0000 2.0001
848.0000 2.0001
849.0000 1.9999
850.0000 2.0000
851.0000 2.0000
852.0000 1.9999
853.0000 2.0000
854.0000 2.0000
855.0000 2.0001
856.0000 2.0002
857.0000 2.0001
858.0000 2.0000
859.0000 1.9999
860.0000 1.9999
861.0000 1.9999
862.0000 2.0000
863.0000 1.9998
864.0000 1.9999
865.0000 2.0000
866.0000 2.0001
867.0000 2.0001
868.0000 1.9999
869.0000 1.9998
870.0000 1.9998
871.0000 2.0000
872.0000 2.0002
873.0000 2.0002
874.0000 2.0002
875.0000 2.0000
876.0000 2.0001
877.0000 2.0001
878.0000 2.0000
879.0000 2.0000
880.0000 1.9999
881.0000 2.0000
882.0000 2.0000
883.0000 2.0001
884.0000 2.0000
885.0000 2.0000
886.0000 2.0000
887.0000 1.9998
888.0000 1.9997
889.0000 1.9999
890.0000 2.0003
891.0000 2.0003
892.0000 2.0001
893.0000 2.0000
894.0000 2.0000
895.0000 2.0000
896.0000 2.0000
897.0000 1.9999
898.0000 1.9998
899.0000 1.9997
900.0000 1.9998
901.0000 2.0000
902.0000 2.0002
903.0000 2.0004
904.0000 2.0004
905.0000 2.0002
906.0000 1.9999
907.0000 1.9999
908.0000 1.9999
909.0000 1.9999
910.0000 1.9998
