1.0000 0.0000
2.0000 0.0000
3.0000 0.0000
4.0000 0.0000
5.0000 0.0000
6.0000 0.0000
7.0000 0.0000
8.0000 0.0000
9.0000 0.0000
10.0000 1.3342
11.0000 1.9921
12.0000 2.1776
13.0000 2.2606
14.0000 2.2984
15.0000 2.2568
16.0000 1.6938
17.0000 1.2967
18.0000 1.2856
19.0000 1.3037
20.0000 1.0994
21.0000 1.0417
22.0000 0.9056
23.0000 0.9656
24.0000 0.6882
25.0000 0.8340
26.0000 0.6878
27.0000 0.6135
28.0000 0.7221
29.0000 0.7024
30.0000 0.6208
31.0000 0.6704
32.0000 0.6034
33.0000 0.6255
34.0000 0.5222
35.0000 0.6456
36.0000 0.8206
37.0000 0.8935
38.0000 0.7688
39.0000 0.6750
40.0000 0.7452
41.0000 0.6526
42.0000 0.8552
43.0000 0.6964
44.0000 0.7444
45.0000 0.6724
46.0000 0.6472
47.0000 0.5617
48.0000 0.4747
49.0000 0.7103
50.0000 0.7163
51.0000 0.7077
52.0000 0.7718
53.0000 0.8824
54.0000 0.7457
55.0000 0.7209
56.0000 0.6284
57.0000 0.5760
58.0000 0.6862
59.0000 0.5197
60.0000 0.4806
61.0000 0.5336
62.0000 0.5415
63.0000 0.7239
64.0000 0.7902
65.0000 0.7345
66.0000 0.6872
67.0000 0.8401
68.0000 0.9243
69.0000 0.8390
70.0000 0.8293
71.0000 0.5862
72.0000 0.6970
73.0000 0.5989
74.0000 0.5304
75.0000 0.4754
76.0000 0.6016
77.0000 0.4571
78.0000 0.5296
79.0000 0.3702
80.0000 0.6140
81.0000 0.6667
82.0000 0.6765
83.0000 0.7296
84.0000 0.8252
85.0000 0.7272
86.0000 0.7545
87.0000 0.8603
88.0000 0.9756
89.0000 0.9582
90.0000 0.9227
91.0000 0.7721
92.0000 0.5437
93.0000 0.6955
94.0000 0.8996
95.0000 0.8833
96.0000 0.7526
97.0000 0.7222
98.0000 0.4262
99.0000 0.7116
100.0000 0.5355
101.0000 0.4791
102.0000 0.5275
103.0000 0.5206
104.0000 0.5144
105.0000 0.3703
106.0000 0.3779
107.0000 0.6304
108.0000 0.7043
109.0000 0.7754
110.0000 0.5524
111.0000 0.5818
112.0000 0.8002
113.0000 0.8215
114.0000 0.6610
115.0000 0.6582
116.0000 0.7708
117.0000 0.6802
118.0000 0.5976
119.0000 0.6832
120.0000 0.8309
121.0000 0.8148
122.0000 0.7174
123.0000 0.6640
124.0000 0.6599
125.0000 0.5327
126.0000 0.7478
127.0000 0.8880
128.0000 0.6086
129.0000 0.6577
130.0000 0.7456
131.0000 0.6118
132.0000 0.6009
133.0000 0.7515
134.0000 0.6768
135.0000 0.8169
136.0000 0.7485
137.0000 0.7666
138.0000 0.7207
139.0000 0.5645
140.0000 0.4427
141.0000 0.6022
142.0000 0.5977
143.0000 0.7141
144.0000 0.8513
145.0000 0.7389
146.0000 0.7291
147.0000 0.8359
148.0000 0.7492
149.0000 0.7076
150.0000 0.8676
151.0000 0.6871
152.0000 0.5993
153.0000 0.4442
154.0000 0.5223
155.0000 0.6612
156.0000 0.7739
157.0000 0.8790
158.0000 0.6539
159.0000 0.6938
160.0000 0.6059
161.0000 0.5593
162.0000 0.6673
163.0000 0.6184
164.0000 0.8191
165.0000 0.7462
166.0000 0.8816
167.0000 0.7467
168.0000 0.6901
169.0000 0.6526
170.0000 0.6372
171.0000 0.6661
172.0000 0.5870
173.0000 0.7298
174.0000 0.6802
175.0000 0.6782
176.0000 0.6438
177.0000 0.7756
178.0000 0.7256
179.0000 0.7326
180.0000 0.5805
181.0000 0.4940
182.0000 0.5293
183.0000 0.6156
184.0000 0.8648
185.0000 0.8816
186.0000 0.6570
187.0000 0.7005
188.0000 0.6879
189.0000 0.6995
190.0000 0.5894
191.0000 0.6466
192.0000 0.5750
193.0000 0.6865
194.0000 0.8163
195.0000 0.7664
196.0000 0.6161
197.0000 0.6397
198.0000 0.7547
199.0000 0.6337
200.0000 0.6092
201.0000 0.6623
202.0000 0.7655
203.0000 0.6384
204.0000 0.7108
205.0000 0.6705
206.0000 0.7477
207.0000 0.6665
208.0000 0.7065
209.0000 0.4561
210.0000 0.3356
211.0000 0.4522
212.0000 0.6783
213.0000 0.8583
214.0000 0.6611
215.0000 0.7150
216.0000 0.8229
217.0000 0.7067
218.0000 0.7964
219.0000 0.9716
220.0000 0.9490
221.0000 0.9140
222.0000 0.9690
223.0000 0.7967
224.0000 0.5574
225.0000 0.5167
226.0000 0.5549
227.0000 0.3883
228.0000 0.4469
229.0000 0.7400
230.0000 0.6660
231.0000 0.5828
232.0000 0.7255
233.0000 0.7101
234.0000 0.6079
235.0000 0.7244
236.0000 0.5739
237.0000 0.7087
238.0000 0.7194
239.0000 0.5792
240.0000 0.6177
241.0000 0.6836
242.0000 0.7754
243.0000 0.7425
244.0000 0.6288
245.0000 0.6999
246.0000 0.8366
247.0000 0.8528
248.0000 0.8196
249.0000 0.7795
250.0000 0.7311
251.0000 0.6614
252.0000 0.7071
253.0000 0.4788
254.0000 0.5229
255.0000 0.5158
256.0000 0.6848
257.0000 0.6433
258.0000 0.5097
259.0000 0.5366
260.0000 -0.4883
261.0000 -1.2739
262.0000 -1.6982
263.0000 -1.8660
264.0000 -1.5301
265.0000 -1.4577
266.0000 -1.0963
267.0000 -0.8752
268.0000 -0.7248
269.0000 -0.6198
270.0000 -0.6205
271.0000 -0.2930
272.0000 -0.0705
273.0000 0.0625
274.0000 0.1442
275.0000 0.2937
276.0000 0.2301
277.0000 0.1717
278.0000 0.1446
279.0000 0.1259
280.0000 0.1939
281.0000 0.1195
282.0000 0.2104
283.0000 0.1372
284.0000 0.0791
285.0000 0.1485
286.0000 0.0712
287.0000 0.0504
288.0000 0.1722
289.0000 0.0623
290.0000 0.0735
291.0000 -0.0029
292.0000 -0.0860
293.0000 0.1336
294.0000 0.2895
295.0000 0.0598
296.0000 0.2381
297.0000 0.1867
298.0000 0.2332
299.0000 0.1606
300.0000 0.0702
301.0000 -0.0529
302.0000 -0.1459
303.0000 0.1731
304.0000 0.1940
305.0000 -0.0914
306.0000 0.0018
307.0000 -0.1292
308.0000 -0.0717
309.0000 -0.0114
310.0000 0.1166
311.0000 0.2437
312.0000 0.3191
313.0000 0.0506
314.0000 0.0785
315.0000 0.1832
316.0000 0.0064
317.0000 0.0493
318.0000 -0.0366
319.0000 0.1336
320.0000 0.2900
321.0000 0.1700
322.0000 0.0813
323.0000 0.1965
324.0000 0.0448
325.0000 -0.1054
326.0000 0.0062
327.0000 0.1711
328.0000 0.1734
329.0000 -0.0232
330.0000 -0.0641
331.0000 0.0522
332.0000 0.0274
333.0000 0.0782
334.0000 -0.1060
335.0000 0.0082
336.0000 0.1434
337.0000 0.0064
338.0000 0.1815
339.0000 0.0570
340.0000 0.0228
341.0000 -0.0334
342.0000 -0.2187
343.0000 -0.1552
344.0000 -0.1967
345.0000 -0.0496
346.0000 0.0103
347.0000 0.1268
348.0000 0.2931
349.0000 0.1267
350.0000 0.2176
351.0000 0.0762
352.0000 0.1078
353.0000 0.0087
354.0000 0.1622
355.0000 0.1866
356.0000 0.1841
357.0000 0.2259
358.0000 -0.0866
359.0000 -0.0706
360.0000 -0.0175
361.0000 0.0817
362.0000 0.2469
363.0000 0.3796
364.0000 0.1272
365.0000 0.0154
366.0000 -0.1032
367.0000 0.0971
368.0000 -0.1207
369.0000 0.0369
370.0000 0.2902
371.0000 0.1275
372.0000 0.1714
373.0000 0.2248
374.0000 0.1548
375.0000 0.0182
376.0000 -0.1129
377.0000 -0.0092
378.0000 -0.0370
379.0000 0.0550
380.0000 -0.0584
381.0000 -0.2264
382.0000 -0.0169
383.0000 0.0171
384.0000 -0.0408
385.0000 0.0642
386.0000 -0.0882
387.0000 -0.1637
388.0000 -0.0770
389.0000 0.1148
390.0000 0.1793
391.0000 0.1742
392.0000 0.3038
393.0000 0.2103
394.0000 0.3715
395.0000 0.3564
396.0000 0.1544
397.0000 0.0642
398.0000 0.1365
399.0000 -0.0435
400.0000 0.0515
401.0000 -0.0225
402.0000 0.0938
403.0000 -0.0482
404.0000 -0.0706
405.0000 0.0125
406.0000 0.1233
407.0000 0.3244
408.0000 0.0246
409.0000 0.0712
410.0000 -0.0384
411.0000 0.1829
412.0000 0.2304
413.0000 0.1424
414.0000 0.0905
415.0000 0.1806
416.0000 0.2537
417.0000 0.1569
418.0000 0.0128
419.0000 0.0780
420.0000 -0.0803
421.0000 -0.0048
422.0000 -0.2010
423.0000 -0.1372
424.0000 0.0706
425.0000 0.0207
426.0000 0.0359
427.0000 0.1788
428.0000 0.1218
429.0000 0.1353
430.0000 0.2512
431.0000 0.2300
432.0000 0.0344
433.0000 -0.0161
434.0000 0.1310
435.0000 0.1806
436.0000 -0.1111
437.0000 0.0165
438.0000 -0.0051
439.0000 0.0695
440.0000 0.1379
441.0000 0.2504
442.0000 0.1713
443.0000 0.2694
444.0000 0.1695
445.0000 -0.1120
446.0000 -0.1945
447.0000 -0.1041
448.0000 -0.2100
449.0000 -0.0409
450.0000 -0.0096
451.0000 -0.0371
452.0000 0.1063
453.0000 0.3415
454.0000 0.1348
455.0000 -0.0588
456.0000 0.1182
457.0000 0.1180
458.0000 0.0953
459.0000 0.1398
460.0000 0.1152
461.0000 0.1471
462.0000 -0.0448
463.0000 -0.0170
464.0000 0.0248
465.0000 0.0647
466.0000 0.0194
467.0000 0.0347
468.0000 -0.0152
469.0000 -0.0864
470.0000 -0.0212
471.0000 0.1556
472.0000 0.1982
473.0000 0.2420
474.0000 0.3559
475.0000 0.2787
476.0000 0.1413
477.0000 -0.0195
478.0000 -0.1013
479.0000 -0.0233
480.0000 0.1683
481.0000 0.0482
482.0000 0.1703
483.0000 0.2126
484.0000 -0.0146
485.0000 -0.0533
486.0000 0.0240
487.0000 -0.1315
488.0000 -0.2616
489.0000 -0.0269
490.0000 -0.0749
491.0000 0.0511
492.0000 0.0685
493.0000 0.1278
494.0000 0.2882
495.0000 0.3515
496.0000 0.4019
497.0000 0.3259
498.0000 0.0027
499.0000 0.0457
500.0000 0.0027
501.0000 0.1842
502.0000 0.1737
503.0000 0.2280
504.0000 0.2810
505.0000 -0.0209
506.0000 -0.0889
507.0000 -0.1300
508.0000 -0.1948
509.0000 -0.0711
510.0000 0.0385
