1.0000 0.0000
2.0000 0.0000
3.0000 0.0000
4.0000 0.0000
5.0000 0.0000
6.0000 0.0000
7.0000 0.0000
8.0000 0.0000
9.0000 0.0000
10.0000 0.0000
11.0000 0.0000
12.0000 0.2320
13.0000 0.4150
14.0000 0.5391
15.0000 0.5695
16.0000 0.5621
17.0000 0.5597
18.0000 0.6803
19.0000 0.6809
20.0000 0.7441
21.0000 0.7750
22.0000 0.7681
23.0000 0.6397
24.0000 0.6962
25.0000 0.5980
26.0000 0.5746
27.0000 0.7441
28.0000 0.8650
29.0000 0.9675
30.0000 1.0122
31.0000 0.9571
32.0000 0.9900
33.0000 0.9392
34.0000 0.8285
35.0000 0.8311
36.0000 0.6640
37.0000 0.8262
38.0000 0.8047
39.0000 0.9275
40.0000 0.9303
41.0000 1.0115
42.0000 0.9365
43.0000 0.9191
44.0000 0.9408
45.0000 0.9636
46.0000 0.8883
47.0000 0.7671
48.0000 0.8307
49.0000 0.8229
50.0000 0.9466
51.0000 0.9212
52.0000 0.8544
53.0000 0.9397
54.0000 0.9837
55.0000 0.9442
56.0000 0.9150
57.0000 0.9707
58.0000 0.9681
59.0000 0.9903
60.0000 1.0329
61.0000 1.0579
62.0000 1.1017
63.0000 1.1144
64.0000 1.1316
65.0000 1.0051
66.0000 1.0517
67.0000 1.0087
68.0000 0.9339
69.0000 0.7601
70.0000 0.8958
71.0000 1.1011
72.0000 1.1232
73.0000 1.1659
74.0000 1.0703
75.0000 1.0169
76.0000 0.9592
77.0000 0.9145
78.0000 0.8208
79.0000 0.8552
80.0000 0.9049
81.0000 0.8408
82.0000 0.8533
83.0000 0.9297
84.0000 1.0769
85.0000 1.1629
86.0000 1.1272
87.0000 1.0678
88.0000 1.0590
89.0000 1.0445
90.0000 0.9689
91.0000 0.9908
92.0000 0.9792
93.0000 1.0290
94.0000 1.0506
95.0000 1.0229
96.0000 1.0397
97.0000 1.0392
98.0000 1.0668
99.0000 1.1170
100.0000 1.2490
101.0000 1.2107
102.0000 1.2606
103.0000 1.2456
104.0000 1.1318
105.0000 1.1825
106.0000 1.1693
107.0000 1.0963
108.0000 1.0724
109.0000 1.0464
110.0000 0.8433
111.0000 0.7329
112.0000 0.8088
113.0000 0.9261
114.0000 0.9210
115.0000 0.8390
116.0000 0.8442
117.0000 0.7590
118.0000 0.6776
119.0000 0.6459
120.0000 0.6951
121.0000 0.8118
122.0000 0.9189
123.0000 1.0108
124.0000 1.0267
125.0000 0.8900
126.0000 0.7643
127.0000 0.7155
128.0000 0.6948
129.0000 0.7264
130.0000 0.8223
131.0000 0.8612
132.0000 0.9253
133.0000 0.8256
134.0000 0.7197
135.0000 0.7784
136.0000 0.7291
137.0000 0.8228
138.0000 0.9240
139.0000 0.9459
140.0000 0.9156
141.0000 0.8335
142.0000 0.8518
143.0000 0.8591
144.0000 0.9516
145.0000 1.0200
146.0000 1.0124
147.0000 1.0757
148.0000 1.0856
149.0000 1.1303
150.0000 1.1616
151.0000 1.2256
152.0000 1.2581
153.0000 1.1812
154.0000 1.1028
155.0000 1.0019
156.0000 0.9751
157.0000 0.9316
158.0000 0.9782
159.0000 0.9673
160.0000 0.9591
161.0000 1.0205
162.0000 1.0341
163.0000 1.0462
164.0000 1.1567
165.0000 1.0054
166.0000 0.9248
167.0000 1.0036
168.0000 1.0163
169.0000 0.9013
170.0000 0.8543
171.0000 0.9360
172.0000 0.9666
173.0000 0.9850
174.0000 0.9525
175.0000 0.9026
176.0000 0.7774
177.0000 0.6876
178.0000 0.7722
179.0000 0.8675
180.0000 0.9666
181.0000 1.0658
182.0000 1.1300
183.0000 1.0884
184.0000 1.1279
185.0000 1.1405
186.0000 1.1630
187.0000 1.0441
188.0000 0.9466
189.0000 0.8353
190.0000 0.8468
191.0000 0.8684
192.0000 0.9835
193.0000 1.0011
194.0000 1.0665
195.0000 1.0905
196.0000 1.0275
197.0000 0.9331
198.0000 0.9837
199.0000 1.0366
200.0000 1.0440
201.0000 1.0456
202.0000 1.0579
203.0000 1.1711
204.0000 1.0722
205.0000 0.9708
206.0000 0.8705
207.0000 0.8365
208.0000 0.9407
209.0000 1.0682
210.0000 1.0860
211.0000 1.0642
212.0000 0.9937
213.0000 0.9170
214.0000 0.9689
215.0000 1.0426
216.0000 1.1092
217.0000 1.0828
218.0000 1.0007
219.0000 0.9577
220.0000 0.8618
221.0000 0.7797
222.0000 0.8015
223.0000 0.8904
224.0000 1.0320
225.0000 1.0275
226.0000 0.8875
227.0000 0.9356
228.0000 0.8900
229.0000 0.9762
230.0000 1.0151
231.0000 1.1126
232.0000 1.1851
233.0000 1.2095
234.0000 1.0483
235.0000 0.8812
236.0000 0.7669
237.0000 0.7186
238.0000 0.7568
239.0000 0.8565
240.0000 1.0418
241.0000 1.0834
242.0000 1.0773
243.0000 0.9822
244.0000 0.9294
245.0000 0.8376
246.0000 0.8219
247.0000 0.9400
248.0000 0.9335
249.0000 0.9697
250.0000 1.0476
251.0000 1.0897
252.0000 1.1644
253.0000 0.9959
254.0000 0.9888
255.0000 1.0977
256.0000 1.1258
257.0000 1.0019
258.0000 0.9363
259.0000 0.9460
260.0000 0.8227
261.0000 0.8829
262.0000 1.1381
263.0000 1.3931
264.0000 1.5742
265.0000 1.8341
266.0000 1.9441
267.0000 1.9250
268.0000 1.8706
269.0000 1.6333
270.0000 1.4774
271.0000 1.3732
272.0000 1.2824
273.0000 1.2587
274.0000 1.1470
275.0000 1.1789
276.0000 1.2487
277.0000 1.2870
278.0000 1.3067
279.0000 1.3355
280.0000 1.1646
281.0000 1.1012
282.0000 1.0850
283.0000 1.0016
284.0000 1.0155
285.0000 0.9491
286.0000 1.0038
287.0000 1.1540
288.0000 1.0922
289.0000 1.0229
290.0000 0.9359
291.0000 0.9288
292.0000 1.0489
293.0000 0.9798
294.0000 1.0163
295.0000 1.1270
296.0000 1.0184
297.0000 1.0630
298.0000 1.1206
299.0000 1.0501
300.0000 1.0428
301.0000 1.0538
302.0000 1.0003
303.0000 1.0455
304.0000 1.1179
305.0000 1.1122
306.0000 1.0109
307.0000 0.9886
308.0000 0.9283
309.0000 0.9142
310.0000 0.9996
311.0000 1.0560
312.0000 1.1001
313.0000 1.0818
314.0000 1.0827
315.0000 0.9843
316.0000 0.9029
317.0000 0.9345
318.0000 0.8912
319.0000 0.9444
320.0000 1.0071
321.0000 1.0331
322.0000 1.0312
323.0000 0.9958
324.0000 0.9646
325.0000 0.8902
326.0000 0.8824
327.0000 0.7634
328.0000 0.7750
329.0000 0.7591
330.0000 0.8255
331.0000 0.9919
332.0000 1.1318
333.0000 1.0320
334.0000 1.0054
335.0000 0.8246
336.0000 0.7309
337.0000 0.8497
338.0000 0.9781
339.0000 1.0364
340.0000 1.1139
341.0000 1.1720
342.0000 1.1682
343.0000 1.1696
344.0000 1.1501
345.0000 1.0385
346.0000 0.8823
347.0000 0.8582
348.0000 0.9509
349.0000 1.0267
350.0000 0.9916
351.0000 1.0171
352.0000 0.9799
353.0000 1.0875
354.0000 1.1745
355.0000 1.1048
356.0000 1.0427
357.0000 1.0528
358.0000 1.1549
359.0000 1.1691
360.0000 1.0930
361.0000 0.9269
362.0000 0.7917
363.0000 0.7895
364.0000 0.7690
365.0000 0.7313
366.0000 0.8086
367.0000 0.9206
368.0000 0.9782
369.0000 1.1962
370.0000 1.2880
371.0000 1.1784
372.0000 1.1000
373.0000 0.9580
374.0000 0.8764
375.0000 0.8070
376.0000 0.8150
377.0000 0.8557
378.0000 0.8124
379.0000 0.9955
380.0000 1.0733
381.0000 1.0853
382.0000 1.0263
383.0000 1.0018
384.0000 1.0362
385.0000 1.0926
386.0000 1.1291
387.0000 1.1408
388.0000 1.1041
389.0000 0.9855
390.0000 0.8556
391.0000 0.7897
392.0000 0.8683
393.0000 0.9569
394.0000 1.1295
395.0000 1.2006
396.0000 1.3106
397.0000 1.2443
398.0000 1.2308
399.0000 1.2151
400.0000 1.1144
401.0000 1.0663
402.0000 1.0425
403.0000 0.9596
404.0000 1.0055
405.0000 1.1487
406.0000 1.1083
407.0000 1.0449
408.0000 0.9674
409.0000 0.9703
410.0000 1.0385
411.0000 1.1214
412.0000 1.1510
413.0000 1.0887
414.0000 1.0158
415.0000 1.0377
416.0000 1.0495
417.0000 1.1233
418.0000 1.1826
419.0000 1.1314
420.0000 1.0483
421.0000 0.9388
422.0000 0.9272
423.0000 0.8608
424.0000 0.9344
425.0000 0.8504
426.0000 0.9345
427.0000 1.0679
428.0000 1.1909
429.0000 1.1150
430.0000 1.0609
431.0000 0.9511
432.0000 0.8212
433.0000 0.8944
434.0000 1.0301
435.0000 1.0182
436.0000 0.9714
437.0000 0.9668
438.0000 0.9464
439.0000 0.9863
440.0000 0.9117
441.0000 1.0408
442.0000 0.9989
443.0000 0.9765
444.0000 1.1133
445.0000 1.1500
446.0000 1.0907
447.0000 1.0877
448.0000 1.0078
449.0000 0.9896
450.0000 0.9387
451.0000 0.8206
452.0000 0.9083
453.0000 1.0444
454.0000 1.0232
455.0000 0.9308
456.0000 0.8989
457.0000 0.8793
458.0000 1.0168
459.0000 1.0986
460.0000 1.1730
461.0000 1.1064
462.0000 1.2332
463.0000 1.2088
464.0000 1.0732
465.0000 1.1197
466.0000 1.0943
467.0000 1.1757
468.0000 1.0716
469.0000 1.0395
470.0000 1.1073
471.0000 1.1634
472.0000 1.1306
473.0000 1.0102
474.0000 0.9156
475.0000 0.9109
476.0000 0.9915
477.0000 1.0253
478.0000 0.9758
479.0000 1.0458
480.0000 0.9534
481.0000 1.0538
482.0000 0.9696
483.0000 0.9893
484.0000 0.9942
485.0000 0.9519
486.0000 0.9239
487.0000 0.9589
488.0000 1.0358
489.0000 1.0955
490.0000 1.1301
491.0000 1.2144
492.0000 1.2870
493.0000 1.2526
494.0000 1.2256
495.0000 1.2253
496.0000 1.1475
497.0000 1.1713
498.0000 1.0571
499.0000 1.0322
500.0000 1.1668
501.0000 1.2307
502.0000 1.1582
503.0000 1.0810
504.0000 1.0503
505.0000 1.1221
506.0000 1.0592
507.0000 1.0420
508.0000 0.9979
509.0000 1.0492
510.0000 1.1235
