1.0000 0.0000
2.0000 0.0000
3.0000 0.0000
4.0000 0.0000
5.0000 0.0000
6.0000 0.0000
7.0000 0.0000
8.0000 0.0000
9.0000 0.0000
10.0000 0.8460
11.0000 1.0917
12.0000 0.8375
13.0000 0.1731
14.0000 -0.1312
15.0000 -0.5009
16.0000 -0.7673
17.0000 -0.8605
18.0000 -0.9641
19.0000 -0.9388
20.0000 -0.8718
21.0000 -0.5546
22.0000 -0.3590
23.0000 -0.3779
24.0000 -0.4866
25.0000 -0.5419
26.0000 -0.5727
27.0000 -0.5645
28.0000 -0.3785
29.0000 -0.1898
30.0000 -0.2430
31.0000 -0.2424
32.0000 -0.3059
33.0000 -0.2905
34.0000 -0.1644
35.0000 -0.3345
36.0000 -0.3401
37.0000 -0.3288
38.0000 -0.2554
39.0000 -0.1301
40.0000 -0.2369
41.0000 -0.3771
42.0000 -0.3199
43.0000 -0.4469
44.0000 -0.2422
45.0000 -0.3468
46.0000 -0.2033
47.0000 -0.2637
48.0000 -0.2214
49.0000 -0.2360
50.0000 -0.3787
51.0000 -0.1568
52.0000 -0.1335
53.0000 -0.2563
54.0000 -0.1392
55.0000 -0.3372
56.0000 -0.2552
57.0000 -0.2173
58.0000 -0.3699
59.0000 -0.2748
60.0000 -0.1525
61.0000 -0.1893
62.0000 -0.3689
63.0000 -0.3521
64.0000 -0.1684
65.0000 -0.3539
66.0000 -0.3363
67.0000 -0.3235
68.0000 -0.2477
69.0000 -0.3522
70.0000 -0.3459
71.0000 -0.3333
72.0000 -0.3973
73.0000 -0.2774
74.0000 -0.2265
75.0000 -0.2311
76.0000 -0.2342
77.0000 -0.2411
78.0000 -0.2882
79.0000 -0.1669
80.0000 -0.1221
81.0000 -0.0180
82.0000 -0.1604
83.0000 -0.2316
84.0000 -0.1145
85.0000 -0.1402
86.0000 -0.3474
87.0000 -0.3382
88.0000 -0.3340
89.0000 -0.2951
90.0000 -0.3818
91.0000 -0.3847
92.0000 -0.4090
93.0000 -0.4386
94.0000 -0.3634
95.0000 -0.2948
96.0000 -0.3481
97.0000 -0.3201
98.0000 -0.2560
99.0000 -0.2769
100.0000 -0.2365
101.0000 -0.1347
102.0000 -0.0931
103.0000 -0.0724
104.0000 -0.0686
105.0000 -0.1626
106.0000 -0.2582
107.0000 -0.1064
108.0000 -0.2646
109.0000 -0.2812
110.0000 -0.2198
111.0000 -0.0748
112.0000 -0.1498
113.0000 -0.3386
114.0000 -0.2300
115.0000 -0.3896
116.0000 -0.2802
117.0000 -0.3901
118.0000 -0.3355
119.0000 -0.2539
120.0000 -0.2250
121.0000 -0.2529
122.0000 -0.1388
123.0000 -0.1830
124.0000 -0.3577
125.0000 -0.2652
126.0000 -0.1795
127.0000 -0.2887
128.0000 -0.3341
129.0000 -0.4305
130.0000 -0.4159
131.0000 -0.3816
132.0000 -0.3092
133.0000 -0.1162
134.0000 -0.1821
135.0000 -0.2682
136.0000 -0.3882
137.0000 -0.2996
138.0000 -0.4220
139.0000 -0.2728
140.0000 -0.1578
141.0000 -0.1817
142.0000 -0.3247
143.0000 -0.2859
144.0000 -0.3046
145.0000 -0.4037
146.0000 -0.2466
147.0000 -0.2296
148.0000 -0.3853
149.0000 -0.3266
150.0000 -0.2882
151.0000 -0.1945
152.0000 -0.3551
153.0000 -0.3097
154.0000 -0.3014
155.0000 -0.1303
156.0000 -0.1602
157.0000 -0.2411
158.0000 -0.2911
159.0000 -0.3135
160.0000 -0.3621
161.0000 -0.2557
162.0000 -0.2567
163.0000 -0.3356
164.0000 -0.1966
165.0000 -0.1807
166.0000 -0.2155
167.0000 -0.1787
168.0000 -0.2069
169.0000 -0.3041
170.0000 -0.2777
171.0000 -0.3301
172.0000 -0.4303
173.0000 -0.3692
174.0000 -0.1209
175.0000 -0.0347
176.0000 -0.1004
177.0000 -0.1476
178.0000 -0.1257
179.0000 -0.3762
180.0000 -0.4780
181.0000 -0.4765
182.0000 -0.2915
183.0000 -0.2028
184.0000 -0.1868
185.0000 -0.1162
186.0000 -0.2463
187.0000 -0.3610
188.0000 -0.4772
189.0000 -0.2358
190.0000 -0.3193
191.0000 -0.2788
192.0000 -0.2946
193.0000 -0.1637
194.0000 -0.2687
195.0000 -0.3100
196.0000 -0.2740
197.0000 -0.2590
198.0000 -0.1908
199.0000 -0.2417
200.0000 -0.3518
201.0000 -0.2445
202.0000 -0.2672
203.0000 -0.2739
204.0000 -0.3724
205.0000 -0.3753
206.0000 -0.1748
207.0000 -0.2000
208.0000 -0.0785
209.0000 -0.1429
210.0000 -0.1828
211.0000 -0.2342
212.0000 -0.1757
213.0000 -0.1617
214.0000 -0.1366
215.0000 -0.0616
216.0000 -0.1130
217.0000 -0.3485
218.0000 -0.4406
219.0000 -0.4018
220.0000 -0.3055
221.0000 -0.2897
222.0000 -0.3208
223.0000 -0.5332
224.0000 -0.5379
225.0000 -0.2744
226.0000 -0.2759
227.0000 -0.2013
228.0000 -0.2191
229.0000 -0.2208
230.0000 -0.2046
231.0000 -0.3084
232.0000 -0.2996
233.0000 -0.2524
234.0000 -0.2202
235.0000 -0.1747
236.0000 -0.2471
237.0000 -0.1485
238.0000 -0.1477
239.0000 -0.2584
240.0000 -0.2130
241.0000 -0.1266
242.0000 -0.1291
243.0000 -0.1577
244.0000 -0.1780
245.0000 -0.3255
246.0000 -0.3580
247.0000 -0.2560
248.0000 -0.1695
249.0000 -0.1442
250.0000 -0.1960
251.0000 -0.2071
252.0000 -0.4458
253.0000 -0.4430
254.0000 -0.3372
255.0000 -0.2418
256.0000 -0.1370
257.0000 -0.0379
258.0000 -0.2376
259.0000 -0.3899
260.0000 0.8205
261.0000 1.2665
262.0000 1.5755
263.0000 1.6760
264.0000 1.6640
265.0000 1.6673
266.0000 1.7170
267.0000 1.5276
268.0000 1.5850
269.0000 1.4950
270.0000 1.4880
271.0000 1.3689
272.0000 1.4028
273.0000 1.3527
274.0000 1.1704
275.0000 1.0922
276.0000 1.0299
277.0000 0.9930
278.0000 0.6638
279.0000 0.6041
280.0000 0.8056
281.0000 0.9755
282.0000 0.8665
283.0000 0.7763
284.0000 0.8278
285.0000 0.7441
286.0000 0.7045
287.0000 0.6958
288.0000 0.8508
289.0000 0.9580
290.0000 1.0035
291.0000 0.8551
292.0000 0.8221
293.0000 0.8850
294.0000 0.7638
295.0000 0.7043
296.0000 0.7925
297.0000 0.6121
298.0000 0.7929
299.0000 0.7229
300.0000 0.6769
301.0000 0.7305
302.0000 0.8589
303.0000 0.8388
304.0000 0.8493
305.0000 0.8075
306.0000 0.9045
307.0000 0.7989
308.0000 0.9373
309.0000 0.9282
310.0000 0.9476
311.0000 0.9002
312.0000 0.8709
313.0000 0.7625
314.0000 0.7145
315.0000 0.7870
316.0000 0.7756
317.0000 0.5941
318.0000 0.6367
319.0000 0.7429
320.0000 0.7538
321.0000 0.7506
322.0000 0.9311
323.0000 0.8149
324.0000 0.6595
325.0000 0.7436
326.0000 0.7116
327.0000 0.7033
328.0000 0.8976
329.0000 0.9472
330.0000 0.8139
331.0000 0.7330
332.0000 0.6562
333.0000 0.8121
334.0000 0.8793
335.0000 0.9945
336.0000 0.7997
337.0000 0.8063
338.0000 0.7766
339.0000 0.6877
340.0000 0.8978
341.0000 0.7804
342.0000 0.8291
343.0000 0.8942
344.0000 0.9091
345.0000 0.9522
346.0000 0.8332
347.0000 0.9618
348.0000 0.9310
349.0000 0.9048
350.0000 0.8847
351.0000 0.6998
352.0000 0.8910
353.0000 0.7512
354.0000 0.7049
355.0000 0.7471
356.0000 0.6366
357.0000 0.7110
358.0000 0.7546
359.0000 0.7963
360.0000 0.9058
361.0000 0.7173
362.0000 0.7809
363.0000 0.7481
364.0000 0.7227
365.0000 0.7151
366.0000 0.7412
367.0000 0.8562
368.0000 0.8348
369.0000 0.8061
370.0000 0.8137
371.0000 0.7483
372.0000 0.8354
373.0000 0.6932
374.0000 0.5715
375.0000 0.6880
376.0000 0.7035
377.0000 0.8786
378.0000 0.8358
379.0000 0.7158
380.0000 0.7289
381.0000 0.8462
382.0000 1.0387
383.0000 0.9553
384.0000 0.8387
385.0000 0.8676
386.0000 0.9330
387.0000 0.9217
388.0000 0.9526
389.0000 0.8928
390.0000 0.9635
391.0000 0.9801
392.0000 0.7867
393.0000 0.7516
394.0000 0.6671
395.0000 0.6048
396.0000 0.6458
397.0000 0.5523
398.0000 0.6093
399.0000 0.6634
400.0000 0.7840
401.0000 0.7174
402.0000 0.7876
403.0000 0.7541
404.0000 0.8752
405.0000 1.0378
406.0000 1.0171
407.0000 0.8850
408.0000 0.8672
409.0000 0.9236
410.0000 0.8751
411.0000 0.8090
412.0000 0.6959
413.0000 0.7087
414.0000 0.8766
415.0000 0.8238
416.0000 0.7065
417.0000 0.5173
418.0000 0.6868
419.0000 0.7711
420.0000 0.7594
421.0000 0.7664
422.0000 0.8005
423.0000 0.7921
424.0000 0.7875
425.0000 0.9403
426.0000 0.8613
427.0000 0.8270
428.0000 0.6377
429.0000 0.8761
430.0000 0.9078
431.0000 0.9128
432.0000 0.7197
433.0000 0.8068
434.0000 0.6858
435.0000 0.7968
436.0000 0.8075
437.0000 0.6630
438.0000 0.8646
439.0000 0.7279
440.0000 0.6846
441.0000 0.7756
442.0000 0.8464
443.0000 0.8094
444.0000 0.7003
445.0000 0.7653
446.0000 0.7045
447.0000 0.6944
448.0000 0.8318
449.0000 0.8877
450.0000 0.7762
451.0000 0.7912
452.0000 0.8020
453.0000 0.8837
454.0000 0.9932
455.0000 0.9275
456.0000 0.8944
457.0000 0.8975
458.0000 0.8429
459.0000 0.7709
460.0000 0.8652
461.0000 0.8858
462.0000 0.7812
463.0000 0.6604
464.0000 0.5908
465.0000 0.7995
466.0000 0.8585
467.0000 0.7257
468.0000 0.8380
469.0000 0.8795
470.0000 0.9083
471.0000 0.7690
472.0000 0.6610
473.0000 0.8043
474.0000 0.8359
475.0000 0.6964
476.0000 0.5417
477.0000 0.7957
478.0000 0.8597
479.0000 0.9262
480.0000 0.8777
481.0000 0.7623
482.0000 0.7284
483.0000 0.6459
484.0000 0.6849
485.0000 0.7928
486.0000 0.7439
487.0000 0.8511
488.0000 0.9237
489.0000 0.8898
490.0000 0.8774
491.0000 0.7714
492.0000 0.9717
493.0000 0.9987
494.0000 0.8400
495.0000 0.8471
496.0000 0.7471
497.0000 0.7467
498.0000 0.6213
499.0000 0.7958
500.0000 0.7963
501.0000 0.7096
502.0000 0.5860
503.0000 0.5990
504.0000 0.7625
505.0000 0.7656
506.0000 0.6457
507.0000 0.6790
508.0000 0.7884
509.0000 0.9675
510.0000 0.8627
