1.0000 -0.0552
2.0000 -0.0825
3.0000 -0.0639
4.0000 0.0446
5.0000 0.0321
6.0000 0.0255
7.0000 0.0821
8.0000 0.0492
9.0000 -0.0233
10.0000 0.0151
11.0000 -0.0450
12.0000 -0.0097
13.0000 0.0609
14.0000 -0.0940
15.0000 -0.0826
16.0000 0.0978
17.0000 0.0879
18.0000 0.0368
19.0000 0.0068
20.0000 0.0798
21.0000 -0.0724
22.0000 -0.0636
23.0000 -0.0786
24.0000 0.0879
25.0000 -0.0179
26.0000 0.0891
27.0000 0.0977
28.0000 -0.0327
29.0000 -0.0512
30.0000 0.0360
31.0000 -0.0177
32.0000 0.0501
33.0000 0.0104
34.0000 0.0024
35.0000 0.0439
36.0000 -0.0291
37.0000 -0.0307
38.0000 -0.0091
39.0000 -0.0565
40.0000 -0.0382
41.0000 0.0566
42.0000 -0.0980
43.0000 0.0845
44.0000 -0.0915
45.0000 0.0409
46.0000 -0.0551
47.0000 0.0346
48.0000 0.0247
49.0000 -0.0646
50.0000 0.0534
51.0000 -0.0784
52.0000 -0.0802
53.0000 -0.0614
54.0000 -0.0802
55.0000 0.0115
56.0000 -0.0376
57.0000 -0.0322
58.0000 0.0020
59.0000 0.0258
60.0000 -0.0218
61.0000 0.0003
62.0000 0.0995
63.0000 -0.0029
64.0000 -0.0725
65.0000 0.0855
66.0000 0.0427
67.0000 -0.0313
68.0000 -0.0750
69.0000 0.0293
70.0000 -0.0203
71.0000 0.0670
72.0000 0.0105
73.0000 0.0099
74.0000 0.0239
75.0000 0.0513
76.0000 -0.0015
77.0000 0.0945
78.0000 0.0676
79.0000 0.0908
80.0000 -0.0286
81.0000 -0.0437
82.0000 0.0422
83.0000 0.0181
84.0000 -0.0905
85.0000 -0.0097
86.0000 0.0430
87.0000 -0.0437
88.0000 -0.0724
89.0000 -0.0723
90.0000 -0.0268
91.0000 0.0008
92.0000 0.0754
93.0000 -0.0101
94.0000 -0.0915
95.0000 -0.0622
96.0000 0.0173
97.0000 -0.0278
98.0000 0.0622
99.0000 -0.0832
100.0000 0.0303
101.0000 -0.0193
102.0000 -0.0463
103.0000 -0.0337
104.0000 -0.0304
105.0000 0.0768
106.0000 0.0860
107.0000 -0.0905
108.0000 0.0472
109.0000 0.0090
110.0000 0.0787
111.0000 -0.0393
112.0000 -0.0609
113.0000 0.0444
114.0000 0.0165
115.0000 0.0845
116.0000 -0.0428
117.0000 0.0970
118.0000 0.0678
119.0000 -0.0059
120.0000 -0.0462
121.0000 0.0008
122.0000 -0.0385
123.0000 -0.0049
124.0000 0.0576
125.0000 0.0337
126.0000 -0.0957
127.0000 -0.0398
128.0000 0.0962
129.0000 0.0602
130.0000 0.0195
131.0000 0.0887
132.0000 0.0457
133.0000 -0.0948
134.0000 0.0293
135.0000 -0.0255
136.0000 0.0659
137.0000 -0.0255
138.0000 0.0745
139.0000 0.0337
140.0000 0.0308
141.0000 -0.0187
142.0000 0.0867
143.0000 -0.0031
144.0000 -0.0166
145.0000 0.0976
146.0000 -0.0222
147.0000 -0.0507
148.0000 0.0766
149.0000 0.0117
150.0000 -0.0702
151.0000 -0.0099
152.0000 0.0799
153.0000 0.0765
154.0000 0.0346
155.0000 -0.0754
156.0000 -0.0449
157.0000 -0.0433
158.0000 0.0653
159.0000 -0.0004
160.0000 0.0669
161.0000 0.0149
162.0000 -0.0087
163.0000 0.0769
164.0000 -0.0963
165.0000 -0.0123
166.0000 -0.0766
167.0000 -0.0350
168.0000 -0.0315
169.0000 0.0093
170.0000 -0.0208
171.0000 0.0031
172.0000 0.0902
173.0000 -0.0200
174.0000 -0.0731
175.0000 -0.0832
176.0000 -0.0352
177.0000 -0.0977
178.0000 -0.0809
179.0000 0.0262
180.0000 0.0948
181.0000 0.0994
182.0000 0.0031
183.0000 -0.0140
184.0000 -0.0858
185.0000 -0.0871
186.0000 0.0653
187.0000 0.0227
188.0000 0.0772
189.0000 -0.0618
190.0000 0.0796
191.0000 0.0008
192.0000 0.0639
193.0000 -0.0596
194.0000 -0.0144
195.0000 0.0240
196.0000 0.0440
197.0000 0.0034
198.0000 -0.0687
199.0000 0.0390
200.0000 0.0673
201.0000 -0.0280
202.0000 -0.0227
203.0000 0.0469
204.0000 0.0388
205.0000 0.0568
206.0000 -0.0781
207.0000 0.0182
208.0000 -0.0899
209.0000 0.0668
210.0000 0.0727
211.0000 0.0338
212.0000 -0.0564
213.0000 -0.0756
214.0000 0.0199
215.0000 -0.0887
216.0000 -0.0961
217.0000 0.0664
218.0000 0.0040
219.0000 -0.0805
220.0000 -0.0784
221.0000 -0.0714
222.0000 -0.0991
223.0000 0.0697
224.0000 0.0974
225.0000 -0.0457
226.0000 0.0016
227.0000 0.0526
228.0000 0.0323
229.0000 -0.0658
230.0000 0.0181
231.0000 0.0884
232.0000 -0.0096
233.0000 0.0065
234.0000 0.0360
235.0000 -0.0521
236.0000 0.0734
237.0000 -0.0775
238.0000 -0.0400
239.0000 0.0667
240.0000 -0.0220
241.0000 -0.0719
242.0000 -0.0826
243.0000 -0.0485
244.0000 -0.0150
245.0000 -0.0010
246.0000 -0.0513
247.0000 -0.0852
248.0000 -0.0993
249.0000 -0.0997
250.0000 -0.0715
251.0000 -0.0650
252.0000 0.0198
253.0000 0.0879
254.0000 -0.0035
255.0000 0.0048
256.0000 -0.0863
257.0000 -0.0652
258.0000 0.0909
259.0000 0.0923
260.0000 -0.0985
261.0000 0.0412
262.0000 0.0105
263.0000 0.0545
264.0000 -0.0258
265.0000 0.0713
266.0000 -0.0364
267.0000 0.0820
268.0000 0.0183
269.0000 0.0706
270.0000 0.0809
271.0000 0.0065
272.0000 -0.0641
273.0000 -0.0625
274.0000 -0.0192
275.0000 -0.0903
276.0000 -0.0450
277.0000 -0.0514
278.0000 0.0913
279.0000 0.0637
280.0000 -0.0648
281.0000 -0.0622
282.0000 -0.0367
283.0000 0.0251
284.0000 -0.0122
285.0000 0.0003
286.0000 0.0525
287.0000 0.0495
288.0000 -0.0754
289.0000 -0.0305
290.0000 -0.0704
291.0000 0.0345
292.0000 0.0389
293.0000 -0.0980
294.0000 -0.0441
295.0000 0.0813
296.0000 -0.0950
297.0000 0.0674
298.0000 -0.0886
299.0000 0.0165
300.0000 0.0439
301.0000 0.0454
302.0000 0.0163
303.0000 -0.0885
304.0000 -0.0430
305.0000 0.0924
306.0000 -0.0614
307.0000 0.0866
308.0000 -0.0454
309.0000 -0.0206
310.0000 -0.0738
311.0000 -0.0817
312.0000 -0.0978
313.0000 0.0579
314.0000 -0.0104
315.0000 -0.0877
316.0000 0.0285
317.0000 0.0674
318.0000 0.0693
319.0000 -0.0442
320.0000 -0.0526
321.0000 0.0241
322.0000 -0.0655
323.0000 -0.0489
324.0000 0.0822
325.0000 0.0450
326.0000 0.0152
327.0000 -0.0192
328.0000 -0.0820
329.0000 0.0023
330.0000 0.0451
331.0000 0.0059
332.0000 0.0718
333.0000 -0.0364
334.0000 0.0504
335.0000 -0.0781
336.0000 0.0049
337.0000 0.0421
338.0000 -0.0417
339.0000 0.0823
340.0000 -0.0489
341.0000 0.0677
342.0000 0.0896
343.0000 0.0169
344.0000 0.0655
345.0000 -0.0115
346.0000 0.0653
347.0000 -0.0585
348.0000 -0.0732
349.0000 0.0142
350.0000 -0.0705
351.0000 0.0816
352.0000 -0.0934
353.0000 0.0610
354.0000 -0.0235
355.0000 -0.0271
356.0000 0.0423
357.0000 -0.0343
358.0000 0.0950
359.0000 0.0174
360.0000 -0.0382
361.0000 0.0518
362.0000 -0.0627
363.0000 -0.0608
364.0000 0.0605
365.0000 0.0458
366.0000 0.0618
367.0000 -0.0854
368.0000 0.0820
369.0000 -0.0135
370.0000 -0.0922
371.0000 0.0527
372.0000 -0.0632
373.0000 0.0036
374.0000 0.0710
375.0000 0.0358
376.0000 0.0870
377.0000 -0.0536
378.0000 0.0410
379.0000 0.0513
380.0000 0.0925
381.0000 0.0928
382.0000 -0.0897
383.0000 0.0160
384.0000 0.0802
385.0000 -0.0136
386.0000 0.0425
387.0000 0.0602
388.0000 -0.0043
389.0000 -0.0262
390.0000 -0.0661
391.0000 -0.0604
392.0000 -0.0346
393.0000 -0.0058
394.0000 -0.0642
395.0000 -0.0185
396.0000 0.0231
397.0000 0.0754
398.0000 -0.0070
399.0000 0.0797
400.0000 -0.0331
401.0000 0.0804
402.0000 -0.0245
403.0000 0.0908
404.0000 0.0080
405.0000 -0.0858
406.0000 -0.0814
407.0000 -0.0981
408.0000 0.0285
409.0000 -0.0939
410.0000 -0.0090
411.0000 -0.0983
412.0000 -0.0292
413.0000 -0.0127
414.0000 -0.0902
415.0000 -0.0818
416.0000 -0.0518
417.0000 0.0714
418.0000 -0.0022
419.0000 -0.0548
420.0000 0.0524
421.0000 -0.0078
422.0000 0.0835
423.0000 0.0431
424.0000 -0.0133
425.0000 -0.0214
426.0000 0.0267
427.0000 -0.0344
428.0000 0.0999
429.0000 -0.0746
430.0000 -0.0953
431.0000 -0.0778
432.0000 0.0768
433.0000 -0.0262
434.0000 -0.0118
435.0000 -0.0752
436.0000 0.0714
437.0000 0.0383
438.0000 -0.0433
439.0000 0.0371
440.0000 0.0222
441.0000 -0.0613
442.0000 -0.0307
443.0000 -0.0689
444.0000 0.0250
445.0000 0.0610
446.0000 0.0902
447.0000 0.0510
448.0000 0.0662
449.0000 -0.0085
450.0000 0.0864
451.0000 0.0791
452.0000 0.0165
453.0000 -0.0930
454.0000 -0.0185
455.0000 0.0492
456.0000 -0.0712
457.0000 -0.0491
458.0000 -0.0196
459.0000 -0.0228
460.0000 -0.0666
461.0000 -0.0811
462.0000 0.0539
463.0000 0.0481
464.0000 0.0648
465.0000 -0.0413
466.0000 0.0046
467.0000 0.0664
468.0000 0.0114
469.0000 0.0361
470.0000 -0.0087
471.0000 0.0077
472.0000 0.0510
473.0000 -0.0530
474.0000 -0.0897
475.0000 0.0204
476.0000 0.0977
477.0000 -0.0181
478.0000 0.0082
479.0000 -0.0561
480.0000 -0.0808
481.0000 0.0497
482.0000 -0.0324
483.0000 0.0105
484.0000 0.0786
485.0000 0.0093
486.0000 0.0246
487.0000 0.0492
488.0000 0.0645
489.0000 -0.0171
490.0000 0.0563
491.0000 0.0490
492.0000 -0.0515
493.0000 -0.0550
494.0000 -0.0426
495.0000 -0.0897
496.0000 -0.0674
497.0000 -0.0665
498.0000 0.0999
499.0000 -0.0906
500.0000 -0.0204
501.0000 -0.0541
502.0000 0.0366
503.0000 -0.0124
504.0000 -0.0988
505.0000 0.0602
506.0000 0.0865
507.0000 0.0653
508.0000 0.0585
509.0000 -0.0553
510.0000 0.0169
