1.0000 0.0000
2.0000 0.0000
3.0000 0.0000
4.0000 0.0000
5.0000 0.0000
6.0000 0.0000
7.0000 0.0000
8.0000 0.0000
9.0000 0.0000
10.0000 0.0000
11.0000 0.0000
12.0000 0.0000
13.0000 0.0000
14.0000 0.0489
15.0000 0.0960
16.0000 0.2128
17.0000 0.3134
18.0000 0.3954
19.0000 0.4346
20.0000 0.4430
21.0000 0.4455
22.0000 0.4156
23.0000 0.3850
24.0000 0.3876
25.0000 0.3694
26.0000 0.3232
27.0000 0.2924
28.0000 0.2810
29.0000 0.2453
30.0000 0.2277
31.0000 0.2096
32.0000 0.1689
33.0000 0.1204
34.0000 0.0931
35.0000 0.0727
36.0000 0.0561
37.0000 0.0368
38.0000 0.0253
39.0000 0.0196
40.0000 0.0000
41.0000 -0.0122
42.0000 0.0022
43.0000 0.0225
44.0000 0.0015
45.0000 -0.0039
46.0000 0.0099
47.0000 0.0013
48.0000 -0.0026
49.0000 -0.0056
50.0000 0.0075
51.0000 0.0191
52.0000 0.0190
53.0000 0.0231
54.0000 0.0336
55.0000 0.0140
56.0000 -0.0001
57.0000 -0.0072
58.0000 -0.0241
59.0000 -0.0237
60.0000 -0.0152
61.0000 0.0136
62.0000 0.0326
63.0000 0.0640
64.0000 0.0757
65.0000 0.0737
66.0000 0.0605
67.0000 0.0446
68.0000 0.0402
69.0000 0.0427
70.0000 0.0023
71.0000 0.0006
72.0000 0.0033
73.0000 0.0116
74.0000 0.0453
75.0000 0.0469
76.0000 0.0408
77.0000 0.0173
78.0000 -0.0177
79.0000 -0.0232
80.0000 -0.0040
81.0000 0.0153
82.0000 0.0128
83.0000 0.0150
84.0000 -0.0096
85.0000 -0.0046
86.0000 0.0076
87.0000 0.0471
88.0000 0.0524
89.0000 0.0740
90.0000 0.0909
91.0000 0.0665
92.0000 0.0535
93.0000 0.0230
94.0000 0.0375
95.0000 0.0297
96.0000 0.0219
97.0000 0.0138
98.0000 -0.0102
99.0000 0.0063
100.0000 -0.0211
101.0000 -0.0357
102.0000 -0.0423
103.0000 -0.0487
104.0000 -0.0342
105.0000 -0.0349
106.0000 -0.0546
107.0000 -0.0479
108.0000 -0.0337
109.0000 -0.0173
110.0000 -0.0171
111.0000 -0.0149
112.0000 -0.0225
113.0000 -0.0118
114.0000 -0.0141
115.0000 -0.0188
116.0000 -0.0168
117.0000 -0.0078
118.0000 0.0173
119.0000 0.0068
120.0000 -0.0120
121.0000 -0.0460
122.0000 -0.0501
123.0000 -0.0332
124.0000 -0.0197
125.0000 -0.0097
126.0000 0.0125
127.0000 0.0276
128.0000 0.0575
129.0000 0.0261
130.0000 0.0021
131.0000 -0.0103
132.0000 0.0191
133.0000 0.0160
134.0000 0.0252
135.0000 0.0039
136.0000 -0.0214
137.0000 -0.0165
138.0000 -0.0123
139.0000 0.0049
140.0000 0.0169
141.0000 0.0153
142.0000 0.0310
143.0000 0.0062
144.0000 -0.0050
145.0000 -0.0020
146.0000 -0.0234
147.0000 -0.0304
148.0000 -0.0343
149.0000 -0.0267
150.0000 -0.0207
151.0000 -0.0243
152.0000 -0.0062
153.0000 -0.0073
154.0000 -0.0278
155.0000 -0.0349
156.0000 -0.0235
157.0000 -0.0402
158.0000 -0.0664
159.0000 -0.0596
160.0000 -0.0693
161.0000 -0.0543
162.0000 -0.0318
163.0000 -0.0302
164.0000 -0.0191
165.0000 0.0016
166.0000 0.0300
167.0000 0.0526
168.0000 0.0671
169.0000 0.0916
170.0000 0.0714
171.0000 0.0544
172.0000 0.0393
173.0000 0.0239
174.0000 0.0336
175.0000 0.0390
176.0000 0.0339
177.0000 0.0184
178.0000 -0.0114
179.0000 -0.0237
180.0000 -0.0283
181.0000 -0.0425
182.0000 -0.0303
183.0000 -0.0420
184.0000 -0.0452
185.0000 -0.0351
186.0000 -0.0214
187.0000 -0.0234
188.0000 -0.0147
189.0000 -0.0295
190.0000 -0.0594
191.0000 -0.0489
192.0000 -0.0343
193.0000 -0.0313
194.0000 -0.0311
195.0000 -0.0354
196.0000 -0.0415
197.0000 -0.0214
198.0000 0.0001
199.0000 0.0059
200.0000 0.0355
201.0000 0.0373
202.0000 0.0445
203.0000 0.0482
204.0000 0.0376
205.0000 0.0376
206.0000 0.0462
207.0000 0.0460
208.0000 0.0435
209.0000 0.0055
210.0000 -0.0296
211.0000 -0.0493
212.0000 -0.0740
213.0000 -0.0691
214.0000 -0.0480
215.0000 -0.0313
216.0000 -0.0280
217.0000 -0.0211
218.0000 -0.0201
219.0000 -0.0295
220.0000 -0.0257
221.0000 -0.0128
222.0000 0.0124
223.0000 0.0035
224.0000 0.0015
225.0000 -0.0155
226.0000 -0.0102
227.0000 0.0015
228.0000 -0.0053
229.0000 -0.0206
230.0000 -0.0448
231.0000 -0.0107
232.0000 0.0012
233.0000 0.0062
234.0000 0.0072
235.0000 -0.0118
236.0000 -0.0062
237.0000 -0.0060
238.0000 -0.0191
239.0000 -0.0474
240.0000 -0.0615
241.0000 -0.0290
242.0000 0.0050
243.0000 0.0338
244.0000 0.0458
245.0000 0.0469
246.0000 0.0382
247.0000 0.0230
248.0000 0.0152
249.0000 0.0005
250.0000 -0.0016
251.0000 -0.0070
252.0000 -0.0005
253.0000 0.0094
254.0000 0.0062
255.0000 -0.0013
256.0000 -0.0292
257.0000 -0.0339
258.0000 -0.0175
259.0000 0.0112
260.0000 0.0099
261.0000 -0.0089
262.0000 -0.0562
263.0000 -0.0634
264.0000 -0.0018
265.0000 0.1044
266.0000 0.1572
267.0000 0.1739
268.0000 0.1915
269.0000 0.2161
270.0000 0.2467
271.0000 0.2839
272.0000 0.3276
273.0000 0.3897
274.0000 0.4363
275.0000 0.5059
276.0000 0.5575
277.0000 0.5872
278.0000 0.5972
279.0000 0.6344
280.0000 0.6831
281.0000 0.7242
282.0000 0.7809
283.0000 0.8358
284.0000 0.8366
285.0000 0.8351
286.0000 0.8433
287.0000 0.8692
288.0000 0.8659
289.0000 0.8923
290.0000 0.9144
291.0000 0.9249
292.0000 0.9397
293.0000 0.9443
294.0000 0.9388
295.0000 0.9584
296.0000 0.9778
297.0000 0.9924
298.0000 1.0345
299.0000 1.0174
300.0000 1.0046
301.0000 0.9843
302.0000 0.9912
303.0000 0.9723
304.0000 0.9533
305.0000 0.9613
306.0000 0.9769
307.0000 0.9844
308.0000 0.9943
309.0000 0.9999
310.0000 1.0005
311.0000 1.0032
312.0000 1.0017
313.0000 1.0001
314.0000 0.9970
315.0000 0.9914
316.0000 0.9833
317.0000 0.9681
318.0000 0.9783
319.0000 0.9799
320.0000 0.9574
321.0000 0.9733
322.0000 0.9912
323.0000 1.0125
324.0000 1.0247
325.0000 1.0081
326.0000 0.9948
327.0000 0.9767
328.0000 0.9547
329.0000 0.9534
330.0000 0.9423
331.0000 0.9281
332.0000 0.9499
333.0000 0.9670
334.0000 0.9978
335.0000 1.0244
336.0000 1.0433
337.0000 1.0459
338.0000 1.0633
339.0000 1.0276
340.0000 1.0205
341.0000 0.9959
342.0000 0.9677
343.0000 0.9744
344.0000 0.9842
345.0000 0.9854
346.0000 0.9896
347.0000 0.9875
348.0000 0.9900
349.0000 1.0131
350.0000 1.0208
351.0000 1.0147
352.0000 1.0331
353.0000 1.0264
354.0000 1.0066
355.0000 0.9937
356.0000 0.9977
357.0000 1.0218
358.0000 1.0084
359.0000 1.0112
360.0000 0.9907
361.0000 0.9751
362.0000 0.9739
363.0000 0.9798
364.0000 1.0096
365.0000 0.9977
366.0000 0.9999
367.0000 1.0016
368.0000 1.0254
369.0000 1.0428
370.0000 1.0580
371.0000 1.0619
372.0000 1.0739
373.0000 1.0522
374.0000 1.0722
375.0000 1.0642
376.0000 1.0523
377.0000 1.0511
378.0000 1.0373
379.0000 1.0094
380.0000 1.0132
381.0000 1.0243
382.0000 1.0158
383.0000 1.0182
384.0000 1.0178
385.0000 1.0093
386.0000 0.9887
387.0000 0.9965
388.0000 0.9709
389.0000 0.9626
390.0000 0.9610
391.0000 0.9505
392.0000 0.9457
393.0000 0.9559
394.0000 0.9744
395.0000 0.9696
396.0000 1.0077
397.0000 1.0131
398.0000 0.9900
399.0000 0.9882
400.0000 0.9720
401.0000 0.9870
402.0000 0.9630
403.0000 0.9399
404.0000 0.9363
405.0000 0.9571
406.0000 0.9717
407.0000 0.9941
408.0000 0.9865
409.0000 0.9723
410.0000 0.9772
411.0000 0.9830
412.0000 0.9746
413.0000 0.9633
414.0000 0.9733
415.0000 0.9856
416.0000 0.9956
417.0000 1.0010
418.0000 0.9976
419.0000 1.0137
420.0000 1.0195
421.0000 1.0492
422.0000 1.0498
423.0000 1.0441
424.0000 1.0585
425.0000 1.0470
426.0000 1.0504
427.0000 1.0428
428.0000 1.0326
429.0000 1.0205
430.0000 1.0072
431.0000 0.9861
432.0000 0.9995
433.0000 0.9877
434.0000 0.9746
435.0000 0.9871
436.0000 0.9863
437.0000 0.9846
438.0000 0.9759
439.0000 0.9798
440.0000 1.0106
441.0000 1.0271
442.0000 1.0480
443.0000 1.0432
444.0000 1.0321
445.0000 0.9985
446.0000 0.9942
447.0000 0.9963
448.0000 1.0052
449.0000 0.9983
450.0000 0.9804
451.0000 0.9812
452.0000 0.9729
453.0000 0.9809
454.0000 0.9796
455.0000 0.9831
456.0000 0.9916
457.0000 0.9962
458.0000 0.9727
459.0000 0.9514
460.0000 0.9578
461.0000 0.9981
462.0000 1.0158
463.0000 1.0178
464.0000 0.9816
465.0000 0.9777
466.0000 0.9722
467.0000 0.9885
468.0000 1.0078
469.0000 1.0157
470.0000 1.0102
471.0000 0.9964
472.0000 1.0060
473.0000 1.0197
474.0000 1.0181
475.0000 1.0304
476.0000 1.0295
477.0000 1.0569
478.0000 1.0604
479.0000 1.0432
480.0000 0.9931
481.0000 0.9715
482.0000 0.9509
483.0000 0.9317
484.0000 0.9315
485.0000 0.9643
486.0000 0.9746
487.0000 0.9928
488.0000 0.9839
489.0000 0.9939
490.0000 0.9841
491.0000 1.0080
492.0000 1.0016
493.0000 0.9967
494.0000 1.0243
495.0000 1.0330
496.0000 1.0261
497.0000 1.0077
498.0000 0.9929
499.0000 0.9894
500.0000 1.0076
501.0000 1.0084
502.0000 1.0176
503.0000 1.0529
504.0000 1.0450
505.0000 1.0214
506.0000 0.9973
507.0000 1.0016
508.0000 1.0011
509.0000 1.0082
510.0000 1.0069
