1.0000 0.0000
2.0000 0.0000
3.0000 0.0000
4.0000 0.0000
5.0000 0.0000
6.0000 0.0000
7.0000 0.0000
8.0000 0.0000
9.0000 0.0000
10.0000 1.5847
11.0000 1.4604
12.0000 1.2255
13.0000 0.1173
14.0000 -0.6644
15.0000 -0.9005
16.0000 -0.7224
17.0000 -0.9459
18.0000 -0.6071
19.0000 -0.5742
20.0000 -0.1946
21.0000 -0.6334
22.0000 -0.1843
23.0000 -0.9544
24.0000 -0.4062
25.0000 0.3858
26.0000 0.1906
27.0000 0.1592
28.0000 0.0349
29.0000 -0.1738
30.0000 0.1337
31.0000 0.1224
32.0000 -0.2454
33.0000 -0.1558
34.0000 -1.0939
35.0000 0.1653
36.0000 -0.6750
37.0000 0.3321
38.0000 -0.3044
39.0000 0.0832
40.0000 -0.8631
41.0000 -0.5176
42.0000 0.1161
43.0000 -0.1725
44.0000 -0.2869
45.0000 -0.8283
46.0000 0.1133
47.0000 -0.8009
48.0000 0.1907
49.0000 -0.4545
50.0000 -0.9850
51.0000 0.0627
52.0000 0.2473
53.0000 -0.3517
54.0000 -0.4821
55.0000 -0.3749
56.0000 -0.3522
57.0000 -0.8989
58.0000 -0.3194
59.0000 -0.5868
60.0000 -0.3224
61.0000 -0.4625
62.0000 -0.7506
63.0000 -1.3397
64.0000 -0.6687
65.0000 -0.9034
66.0000 -0.7972
67.0000 -1.0887
68.0000 0.4769
69.0000 0.9536
70.0000 0.0550
71.0000 0.3422
72.0000 -0.2457
73.0000 -0.5291
74.0000 -0.7034
75.0000 -0.9076
76.0000 -0.8580
77.0000 -0.5060
78.0000 -0.2295
79.0000 -0.5424
80.0000 0.1061
81.0000 0.7537
82.0000 0.8977
83.0000 0.5754
84.0000 -0.3511
85.0000 -0.7450
86.0000 -0.3720
87.0000 -0.1310
88.0000 -0.8206
89.0000 -0.5993
90.0000 -0.6296
91.0000 -0.3046
92.0000 -0.6660
93.0000 -0.1963
94.0000 -0.1142
95.0000 0.1151
96.0000 -0.0071
97.0000 0.3023
98.0000 0.3349
99.0000 -0.4330
100.0000 -0.0123
101.0000 -0.2412
102.0000 -0.5083
103.0000 0.1667
104.0000 0.2800
105.0000 0.1511
106.0000 0.2038
107.0000 0.4693
108.0000 -0.5154
109.0000 -0.8535
110.0000 -0.1712
111.0000 0.0336
112.0000 -0.6527
113.0000 -1.0191
114.0000 -0.2573
115.0000 -0.7897
116.0000 -0.9334
117.0000 -0.6464
118.0000 -0.4221
119.0000 0.0672
120.0000 0.2298
121.0000 0.4264
122.0000 0.5332
123.0000 -0.0953
124.0000 -0.4730
125.0000 -0.8697
126.0000 -0.8776
127.0000 -0.6965
128.0000 -0.4088
129.0000 -0.2596
130.0000 0.2079
131.0000 -0.5423
132.0000 -0.3343
133.0000 -0.1654
134.0000 -0.9200
135.0000 -0.3481
136.0000 0.0047
137.0000 -0.4311
138.0000 -1.1683
139.0000 -1.4134
140.0000 -0.9840
141.0000 -0.4505
142.0000 0.0580
143.0000 0.1736
144.0000 -0.4386
145.0000 0.1085
146.0000 -0.1810
147.0000 -0.1479
148.0000 -0.1538
149.0000 0.3211
150.0000 -0.0166
151.0000 0.0146
152.0000 0.0358
153.0000 -0.3850
154.0000 0.2614
155.0000 -0.0578
156.0000 0.4460
157.0000 -0.1311
158.0000 -0.7815
159.0000 -0.0948
160.0000 -0.5799
161.0000 -0.4140
162.0000 0.0658
163.0000 -0.9788
164.0000 -0.4608
165.0000 0.2193
166.0000 -0.2679
167.0000 -0.5211
168.0000 -0.2924
169.0000 -0.1087
170.0000 -0.4512
171.0000 0.1218
172.0000 0.2884
173.0000 -0.1510
174.0000 -0.5022
175.0000 -0.7309
176.0000 -0.0505
177.0000 -0.0209
178.0000 -0.2065
179.0000 -0.3405
180.0000 -0.3691
181.0000 -0.4153
182.0000 0.3444
183.0000 0.6908
184.0000 -0.1635
185.0000 -1.0656
186.0000 -0.9193
187.0000 -1.2197
188.0000 -0.3764
189.0000 -0.1105
190.0000 0.3003
191.0000 -0.0970
192.0000 0.6464
193.0000 0.0712
194.0000 -0.5317
195.0000 -0.8537
196.0000 -0.2886
197.0000 -0.4202
198.0000 -0.0767
199.0000 -0.5483
200.0000 -0.0039
201.0000 0.8674
202.0000 -0.2214
203.0000 -0.3128
204.0000 -0.6164
205.0000 -0.3485
206.0000 -0.1077
207.0000 0.2870
208.0000 0.4538
209.0000 -0.0734
210.0000 -0.1763
211.0000 -0.0392
212.0000 0.3360
213.0000 0.2490
214.0000 -0.1438
215.0000 -0.4228
216.0000 -0.7346
217.0000 -0.8566
218.0000 -1.0817
219.0000 -1.5323
220.0000 -0.2515
221.0000 0.0772
222.0000 0.5737
223.0000 -0.1502
224.0000 -0.5969
225.0000 0.1847
226.0000 -0.2813
227.0000 0.1727
228.0000 0.3333
229.0000 0.7814
230.0000 0.6824
231.0000 0.0838
232.0000 -1.0688
233.0000 -1.3805
234.0000 -1.4861
235.0000 -1.0105
236.0000 -0.3442
237.0000 0.1714
238.0000 0.2143
239.0000 -0.7957
240.0000 -0.7608
241.0000 -1.0019
242.0000 -0.9906
243.0000 -1.2686
244.0000 -0.7356
245.0000 -0.0495
246.0000 -0.4382
247.0000 -0.4653
248.0000 -0.2207
249.0000 -0.1958
250.0000 -0.0119
251.0000 -0.7589
252.0000 -0.4679
253.0000 0.4455
254.0000 0.2426
255.0000 -0.2434
256.0000 -0.4419
257.0000 -0.1101
258.0000 -0.6699
259.0000 -0.1626
260.0000 0.9538
261.0000 1.5816
262.0000 1.1389
263.0000 2.0055
264.0000 2.1068
265.0000 2.1910
266.0000 2.1783
267.0000 1.1741
268.0000 0.9220
269.0000 1.0403
270.0000 0.9156
271.0000 0.7893
272.0000 0.8653
273.0000 1.7222
274.0000 2.0910
275.0000 1.6889
276.0000 1.5452
277.0000 1.1732
278.0000 0.1812
279.0000 0.8928
280.0000 0.7540
281.0000 0.3170
282.0000 0.7184
283.0000 0.7254
284.0000 1.6185
285.0000 1.5947
286.0000 0.4276
287.0000 0.4874
288.0000 0.1844
289.0000 0.4222
290.0000 0.9536
291.0000 0.3213
292.0000 0.5103
293.0000 1.5334
294.0000 0.3867
295.0000 0.6549
296.0000 0.9637
297.0000 0.5554
298.0000 0.8079
299.0000 1.4928
300.0000 0.8972
301.0000 1.2673
302.0000 1.5454
303.0000 0.6156
304.0000 -0.0650
305.0000 0.6754
306.0000 0.1807
307.0000 0.6663
308.0000 1.3688
309.0000 1.0928
310.0000 1.7249
311.0000 1.3839
312.0000 0.7825
313.0000 0.1675
314.0000 0.3869
315.0000 0.7139
316.0000 0.4220
317.0000 0.8493
318.0000 0.7162
319.0000 0.7598
320.0000 0.6678
321.0000 0.0432
322.0000 0.3767
323.0000 0.5850
324.0000 0.9156
325.0000 0.4123
326.0000 0.6281
327.0000 0.3704
328.0000 0.7721
329.0000 1.5432
330.0000 1.3493
331.0000 0.5331
332.0000 0.8024
333.0000 0.1254
334.0000 0.5885
335.0000 1.1888
336.0000 1.3791
337.0000 1.0538
338.0000 1.0122
339.0000 1.3868
340.0000 0.9840
341.0000 0.6864
342.0000 0.4340
343.0000 0.1291
344.0000 -0.0429
345.0000 0.0747
346.0000 1.0225
347.0000 1.0649
348.0000 0.7217
349.0000 0.8854
350.0000 1.0417
351.0000 1.3669
352.0000 1.8354
353.0000 1.4344
354.0000 1.0730
355.0000 1.4705
356.0000 1.7281
357.0000 1.6968
358.0000 0.8467
359.0000 0.0185
360.0000 -0.4107
361.0000 -0.0630
362.0000 -0.2792
363.0000 0.1276
364.0000 0.3062
365.0000 0.6793
366.0000 0.5468
367.0000 1.2996
368.0000 1.4691
369.0000 0.5515
370.0000 0.5386
371.0000 0.0780
372.0000 0.3432
373.0000 0.3306
374.0000 0.5134
375.0000 0.8411
376.0000 0.6124
377.0000 1.5703
378.0000 1.0251
379.0000 0.8316
380.0000 0.5237
381.0000 0.2985
382.0000 0.9303
383.0000 0.9390
384.0000 0.9982
385.0000 0.7345
386.0000 0.6645
387.0000 0.2345
388.0000 0.3444
389.0000 0.7015
390.0000 1.3019
391.0000 1.0733
392.0000 1.2926
393.0000 0.7115
394.0000 0.7546
395.0000 0.0932
396.0000 0.3080
397.0000 0.5388
398.0000 0.3917
399.0000 1.3522
400.0000 1.1357
401.0000 0.3847
402.0000 1.0156
403.0000 1.0580
404.0000 0.2690
405.0000 0.0935
406.0000 -0.1222
407.0000 0.7355
408.0000 1.3016
409.0000 1.3896
410.0000 1.4670
411.0000 1.0805
412.0000 1.4052
413.0000 1.4256
414.0000 0.9407
415.0000 1.5627
416.0000 1.8573
417.0000 0.9516
418.0000 0.5377
419.0000 0.1797
420.0000 0.1237
421.0000 -0.8110
422.0000 -0.2413
423.0000 -0.8741
424.0000 0.6337
425.0000 0.9631
426.0000 1.3359
427.0000 0.2263
428.0000 1.0265
429.0000 0.1883
430.0000 -0.0903
431.0000 0.7930
432.0000 1.4584
433.0000 0.6720
434.0000 0.9641
435.0000 1.3389
436.0000 0.9865
437.0000 0.7058
438.0000 0.0898
439.0000 1.0662
440.0000 0.4781
441.0000 0.4691
442.0000 1.5579
443.0000 0.9859
444.0000 0.8110
445.0000 1.0784
446.0000 0.1633
447.0000 0.1647
448.0000 0.6252
449.0000 0.0037
450.0000 1.0302
451.0000 1.0445
452.0000 0.4349
453.0000 0.0829
454.0000 0.6062
455.0000 0.2993
456.0000 1.2410
457.0000 1.2028
458.0000 1.3732
459.0000 0.8179
460.0000 1.4773
461.0000 1.1889
462.0000 0.2144
463.0000 1.2112
464.0000 1.3026
465.0000 1.7975
466.0000 0.1552
467.0000 0.2970
468.0000 1.1269
469.0000 1.1963
470.0000 0.4486
471.0000 -0.1922
472.0000 -0.3180
473.0000 -0.2005
474.0000 0.3601
475.0000 0.6202
476.0000 0.1742
477.0000 0.5326
478.0000 0.5459
479.0000 1.8031
480.0000 1.1441
481.0000 1.7074
482.0000 1.1930
483.0000 0.7326
484.0000 0.4136
485.0000 0.3535
486.0000 0.5097
487.0000 0.3123
488.0000 0.1537
489.0000 0.4905
490.0000 1.1106
491.0000 0.2572
492.0000 0.3283
493.0000 0.6571
494.0000 0.1348
495.0000 0.5445
496.0000 0.4406
497.0000 0.6042
498.0000 1.2994
499.0000 1.2357
500.0000 0.4585
501.0000 0.7275
502.0000 0.7453
503.0000 1.2452
504.0000 1.1457
505.0000 1.2414
506.0000 0.9533
507.0000 1.2738
508.0000 2.0941
509.0000 1.4205
510.0000 1.7594
