1.0000 0.0000
2.0000 0.0000
3.0000 0.0000
4.0000 0.0000
5.0000 0.0000
6.0000 0.0000
7.0000 0.0000
8.0000 0.0000
9.0000 0.0000
10.0000 1.0073
11.0000 1.8748
12.0000 2.1692
13.0000 3.1327
14.0000 2.0299
15.0000 2.0370
16.0000 1.5528
17.0000 0.4027
18.0000 -0.2747
19.0000 1.0067
20.0000 0.5545
21.0000 0.3304
22.0000 1.2227
23.0000 1.1908
24.0000 1.1606
25.0000 0.8008
26.0000 0.0346
27.0000 0.5078
28.0000 -0.4049
29.0000 -0.4697
30.0000 0.6322
31.0000 0.2407
32.0000 1.7168
33.0000 1.1452
34.0000 1.0205
35.0000 0.8564
36.0000 1.0940
37.0000 0.9693
38.0000 0.9032
39.0000 0.2164
40.0000 0.8027
41.0000 -0.1395
42.0000 0.2051
43.0000 0.6063
44.0000 1.4435
45.0000 1.1940
46.0000 0.6915
47.0000 1.0765
48.0000 0.9191
49.0000 0.2217
50.0000 0.3825
51.0000 0.6924
52.0000 1.4633
53.0000 0.7481
54.0000 1.9816
55.0000 1.1379
56.0000 1.4256
57.0000 1.1717
58.0000 1.0810
59.0000 1.6308
60.0000 0.9058
61.0000 1.5882
62.0000 0.9443
63.0000 0.3100
64.0000 -0.4233
65.0000 0.3684
66.0000 0.6197
67.0000 0.3471
68.0000 0.1661
69.0000 -0.3307
70.0000 0.6047
71.0000 0.7790
72.0000 1.1884
73.0000 0.4071
74.0000 1.1933
75.0000 0.9057
76.0000 0.1615
77.0000 -0.1055
78.0000 -0.3809
79.0000 0.4217
80.0000 0.5062
81.0000 0.8157
82.0000 1.1449
83.0000 0.9561
84.0000 0.4296
85.0000 0.8977
86.0000 1.5286
87.0000 1.1405
88.0000 1.2470
89.0000 1.5701
90.0000 0.1333
91.0000 0.5300
92.0000 -0.0257
93.0000 0.5843
94.0000 0.3715
95.0000 1.3907
96.0000 0.8512
97.0000 1.0943
98.0000 0.7674
99.0000 0.0357
100.0000 0.6954
101.0000 -0.1763
102.0000 -0.6041
103.0000 -0.1155
104.0000 -0.5741
105.0000 -0.9032
106.0000 0.5881
107.0000 1.4259
108.0000 1.5954
109.0000 1.4263
110.0000 1.0640
111.0000 0.6061
112.0000 0.4687
113.0000 0.6408
114.0000 0.6008
115.0000 1.1211
116.0000 1.1036
117.0000 0.8508
118.0000 0.4817
119.0000 -0.4425
120.0000 -1.0376
121.0000 -0.3222
122.0000 1.1549
123.0000 1.3666
124.0000 1.5633
125.0000 1.7881
126.0000 0.9001
127.0000 0.4277
128.0000 -0.0886
129.0000 -0.6128
130.0000 0.9850
131.0000 1.0722
132.0000 1.6521
133.0000 1.1848
134.0000 1.1142
135.0000 1.7711
136.0000 1.4402
137.0000 1.6927
138.0000 0.5851
139.0000 0.7455
140.0000 0.4097
141.0000 0.7150
142.0000 0.6009
143.0000 0.5864
144.0000 0.9740
145.0000 0.8778
146.0000 0.4820
147.0000 0.8231
148.0000 -0.4816
149.0000 -0.5449
150.0000 -0.0932
151.0000 -0.4298
152.0000 -0.0217
153.0000 0.1551
154.0000 0.5854
155.0000 1.7219
156.0000 1.2388
157.0000 1.5519
158.0000 1.1863
159.0000 1.4919
160.0000 0.3049
161.0000 0.0422
162.0000 0.6820
163.0000 0.8674
164.0000 -0.2035
165.0000 0.1029
166.0000 1.2819
167.0000 1.3405
168.0000 0.1885
169.0000 -0.6301
170.0000 -0.0113
171.0000 -0.3197
172.0000 0.3796
173.0000 1.1351
174.0000 1.2909
175.0000 1.7417
176.0000 2.0293
177.0000 1.6983
178.0000 0.5369
179.0000 0.1329
180.0000 -0.6703
181.0000 1.0694
182.0000 0.9585
183.0000 0.7445
184.0000 0.9426
185.0000 0.7353
186.0000 0.4073
187.0000 0.8621
188.0000 0.5630
189.0000 -0.1217
190.0000 0.5592
191.0000 0.6215
192.0000 0.7101
193.0000 1.2928
194.0000 1.5698
195.0000 0.4408
196.0000 1.2248
197.0000 0.3634
198.0000 0.1004
199.0000 -0.2922
200.0000 -0.2324
201.0000 0.2250
202.0000 0.4202
203.0000 1.6005
204.0000 1.2661
205.0000 -0.1789
206.0000 0.3672
207.0000 -0.0431
208.0000 -0.4072
209.0000 0.4305
210.0000 0.9304
211.0000 1.6080
212.0000 1.0004
213.0000 0.8043
214.0000 1.3319
215.0000 0.9653
216.0000 1.7302
217.0000 0.5160
218.0000 0.7919
219.0000 0.6866
220.0000 0.4377
221.0000 -0.3761
222.0000 0.3698
223.0000 0.1684
224.0000 0.9122
225.0000 0.1831
226.0000 0.2002
227.0000 0.2651
228.0000 0.8777
229.0000 0.6900
230.0000 0.8968
231.0000 1.4155
232.0000 1.1195
233.0000 0.8700
234.0000 0.7468
235.0000 1.8353
236.0000 2.0761
237.0000 1.3955
238.0000 0.6963
239.0000 1.0379
240.0000 0.9538
241.0000 0.7754
242.0000 1.1483
243.0000 0.5057
244.0000 1.0764
245.0000 1.1805
246.0000 0.8062
247.0000 0.9430
248.0000 -0.5322
249.0000 0.7320
250.0000 0.5152
251.0000 0.1065
252.0000 -0.7473
253.0000 0.2245
254.0000 0.4774
255.0000 -0.0948
256.0000 1.0697
257.0000 1.4987
258.0000 0.7338
259.0000 1.0224
260.0000 0.7094
261.0000 -0.8330
262.0000 -2.1986
263.0000 -2.3744
264.0000 -2.6283
265.0000 -1.3346
266.0000 -1.0340
267.0000 -0.7164
268.0000 0.2287
269.0000 -0.9959
270.0000 -0.8618
271.0000 -0.9220
272.0000 -0.4061
273.0000 -0.2839
274.0000 0.5196
275.0000 -0.1315
276.0000 -0.3550
277.0000 0.3726
278.0000 0.2712
279.0000 0.5672
280.0000 -0.4265
281.0000 -0.6081
282.0000 0.7034
283.0000 0.3857
284.0000 0.0612
285.0000 0.2624
286.0000 0.6369
287.0000 1.1557
288.0000 0.1014
289.0000 0.9158
290.0000 0.0040
291.0000 -0.4178
292.0000 0.8086
293.0000 0.4345
294.0000 -0.3108
295.0000 -0.0703
296.0000 -1.0362
297.0000 -0.6474
298.0000 -0.1400
299.0000 -0.2148
300.0000 0.6097
301.0000 0.5953
302.0000 0.0378
303.0000 0.4141
304.0000 -0.0075
305.0000 -0.0616
306.0000 0.2198
307.0000 -0.9453
308.0000 -0.9331
309.0000 0.3939
310.0000 0.2500
311.0000 -0.1050
312.0000 0.5482
313.0000 0.1694
314.0000 0.4905
315.0000 0.8797
316.0000 0.3939
317.0000 0.2390
318.0000 0.9107
319.0000 0.2557
320.0000 -0.6749
321.0000 -0.5036
322.0000 -0.9047
323.0000 0.1688
324.0000 0.2974
325.0000 0.5286
326.0000 0.4388
327.0000 0.6919
328.0000 -0.5622
329.0000 -0.2585
330.0000 -0.9225
331.0000 -0.8886
332.0000 0.5199
333.0000 0.4447
334.0000 0.3435
335.0000 0.7075
336.0000 -0.1067
337.0000 -0.0341
338.0000 0.5469
339.0000 0.6974
340.0000 0.0513
341.0000 -0.3505
342.0000 0.8059
343.0000 0.4439
344.0000 0.2881
345.0000 -0.3241
346.0000 0.0963
347.0000 -0.8752
348.0000 0.3052
349.0000 -0.6004
350.0000 -1.5636
351.0000 -0.8124
352.0000 -0.6740
353.0000 0.0405
354.0000 -0.7951
355.0000 -0.3044
356.0000 -0.0357
357.0000 0.8044
358.0000 1.4839
359.0000 1.4995
360.0000 0.4254
361.0000 1.3867
362.0000 1.1556
363.0000 0.8281
364.0000 1.4566
365.0000 -0.0994
366.0000 -0.7151
367.0000 -0.4098
368.0000 -0.4338
369.0000 -0.3474
370.0000 -0.2641
371.0000 0.2598
372.0000 0.0784
373.0000 -0.4504
374.0000 0.5502
375.0000 0.4984
376.0000 0.1427
377.0000 -0.1465
378.0000 0.5849
379.0000 0.1059
380.0000 0.4090
381.0000 0.1365
382.0000 0.3585
383.0000 -0.0928
384.0000 -0.3532
385.0000 -0.8203
386.0000 -0.8019
387.0000 -0.1578
388.0000 0.4992
389.0000 1.2122
390.0000 1.1872
391.0000 1.5899
392.0000 0.6958
393.0000 0.8009
394.0000 0.3050
395.0000 -0.4758
396.0000 -1.6114
397.0000 -0.8604
398.0000 -0.2049
399.0000 0.1226
400.0000 1.2718
401.0000 0.5870
402.0000 0.5163
403.0000 0.5924
404.0000 -0.1027
405.0000 -0.2783
406.0000 -0.1083
407.0000 -0.7190
408.0000 -1.0134
409.0000 -1.6989
410.0000 -0.5711
411.0000 0.2346
412.0000 -0.1150
413.0000 -0.6737
414.0000 -0.2609
415.0000 0.0162
416.0000 0.1861
417.0000 1.2475
418.0000 2.0869
419.0000 2.4660
420.0000 1.6031
421.0000 0.7226
422.0000 0.8275
423.0000 0.2192
424.0000 -0.0101
425.0000 -1.2304
426.0000 -0.3874
427.0000 -0.2612
428.0000 0.4485
429.0000 0.1249
430.0000 -0.0397
431.0000 -0.9573
432.0000 -1.0813
433.0000 -0.5578
434.0000 0.6673
435.0000 0.3864
436.0000 0.9607
437.0000 0.0809
438.0000 0.2648
439.0000 0.2143
440.0000 0.2292
441.0000 -0.5546
442.0000 -0.3847
443.0000 0.3313
444.0000 0.9119
445.0000 -0.3758
446.0000 -0.1298
447.0000 0.3628
448.0000 1.0257
449.0000 0.3542
450.0000 0.0696
451.0000 -0.2595
452.0000 0.4055
453.0000 0.5769
454.0000 0.1642
455.0000 -0.0908
456.0000 -0.6572
457.0000 0.4570
458.0000 -0.6625
459.0000 -0.2577
460.0000 -0.0125
461.0000 -0.9400
462.0000 -0.4821
463.0000 0.3423
464.0000 0.7563
465.0000 0.3843
466.0000 0.2036
467.0000 0.5238
468.0000 0.5077
469.0000 0.8048
470.0000 1.4552
471.0000 1.3699
472.0000 0.3880
473.0000 0.2172
474.0000 0.9364
475.0000 -0.9604
476.0000 -0.8903
477.0000 -1.6764
478.0000 -1.3912
479.0000 -0.5100
480.0000 -0.2136
481.0000 0.4608
482.0000 1.2271
483.0000 1.4007
484.0000 1.5429
485.0000 1.4905
486.0000 1.4341
487.0000 0.2488
488.0000 0.5816
489.0000 0.4671
490.0000 0.1575
491.0000 0.1599
492.0000 0.5435
493.0000 -0.8949
494.0000 -0.1924
495.0000 0.4931
496.0000 -0.0448
497.0000 -0.1844
498.0000 -0.7831
499.0000 -0.2945
500.0000 0.0450
501.0000 -1.2539
502.0000 -0.8530
503.0000 -0.6160
504.0000 -0.0521
505.0000 -1.1159
506.0000 -0.8015
507.0000 -1.3346
508.0000 -0.8085
509.0000 0.1531
510.0000 0.3276
