1.0000 -0.0694
2.0000 -0.2388
3.0000 -0.0490
4.0000 -0.3680
5.0000 0.1522
6.0000 -0.1919
7.0000 0.3842
8.0000 -0.2581
9.0000 -0.2091
10.0000 -0.4939
11.0000 -0.0631
12.0000 -0.2091
13.0000 0.4367
14.0000 -0.1028
15.0000 0.0650
16.0000 -0.2302
17.0000 -0.3163
18.0000 -0.4674
19.0000 0.2487
20.0000 -0.3308
21.0000 0.0433
22.0000 0.0786
23.0000 0.3956
24.0000 -0.0573
25.0000 -0.4447
26.0000 -0.3681
27.0000 -0.1041
28.0000 -0.4788
29.0000 -0.2119
30.0000 -0.0116
31.0000 -0.2974
32.0000 0.4763
33.0000 -0.1956
34.0000 0.3960
35.0000 -0.4982
36.0000 0.3677
37.0000 -0.4610
38.0000 0.1043
39.0000 -0.4925
40.0000 0.4460
41.0000 -0.3867
42.0000 -0.2581
43.0000 0.1127
44.0000 0.2981
45.0000 0.2811
46.0000 -0.4457
47.0000 0.4929
48.0000 -0.3864
49.0000 -0.0183
50.0000 0.3099
51.0000 -0.2528
52.0000 0.1090
53.0000 0.0111
54.0000 0.4904
55.0000 -0.1680
56.0000 0.1256
57.0000 0.2510
58.0000 -0.1432
59.0000 0.3506
60.0000 -0.2248
61.0000 0.3019
62.0000 0.0378
63.0000 0.2228
64.0000 -0.3212
65.0000 0.4599
66.0000 0.3086
67.0000 0.3859
68.0000 -0.4654
69.0000 -0.4862
70.0000 0.4512
71.0000 -0.1136
72.0000 0.3309
73.0000 -0.0470
74.0000 0.4259
75.0000 0.2376
76.0000 0.0101
77.0000 -0.0478
78.0000 -0.1096
79.0000 0.4764
80.0000 -0.0701
81.0000 -0.1766
82.0000 -0.1248
83.0000 -0.1579
84.0000 0.0317
85.0000 0.2743
86.0000 0.1255
87.0000 -0.1654
88.0000 0.3639
89.0000 0.1725
90.0000 -0.3008
91.0000 -0.0035
92.0000 0.0014
93.0000 0.0340
94.0000 -0.0872
95.0000 0.2028
96.0000 -0.1187
97.0000 -0.1414
98.0000 -0.2965
99.0000 -0.1066
100.0000 -0.1249
101.0000 -0.3347
102.0000 -0.1808
103.0000 -0.2958
104.0000 -0.4300
105.0000 -0.3418
106.0000 0.1871
107.0000 0.0121
108.0000 0.4288
109.0000 0.2498
110.0000 -0.2605
111.0000 -0.2809
112.0000 0.1629
113.0000 0.2939
114.0000 -0.1905
115.0000 0.4869
116.0000 0.3296
117.0000 0.0953
118.0000 -0.0033
119.0000 -0.4320
120.0000 -0.4012
121.0000 -0.0970
122.0000 0.2242
123.0000 0.2830
124.0000 0.3113
125.0000 0.4440
126.0000 0.0076
127.0000 -0.0270
128.0000 -0.1775
129.0000 -0.2218
130.0000 0.2512
131.0000 0.4223
132.0000 0.3041
133.0000 -0.0367
134.0000 0.4519
135.0000 0.2087
136.0000 -0.1011
137.0000 0.3325
138.0000 0.1498
139.0000 0.4323
140.0000 0.0684
141.0000 0.1346
142.0000 -0.0924
143.0000 -0.0316
144.0000 0.4105
145.0000 -0.1614
146.0000 -0.0131
147.0000 0.0796
148.0000 -0.4390
149.0000 -0.4157
150.0000 0.0393
151.0000 -0.2669
152.0000 -0.0410
153.0000 0.1608
154.0000 -0.1528
155.0000 0.4525
156.0000 -0.3416
157.0000 0.2416
158.0000 0.2009
159.0000 -0.1257
160.0000 -0.1817
161.0000 -0.2022
162.0000 -0.1116
163.0000 0.4812
164.0000 -0.4162
165.0000 -0.2639
166.0000 0.4844
167.0000 0.2493
168.0000 -0.3331
169.0000 -0.3949
170.0000 0.2294
171.0000 -0.3666
172.0000 0.0088
173.0000 0.3597
174.0000 0.3058
175.0000 0.4559
176.0000 0.0415
177.0000 -0.0191
178.0000 -0.2917
179.0000 -0.1738
180.0000 -0.3666
181.0000 0.4591
182.0000 -0.3475
183.0000 -0.4104
184.0000 0.1689
185.0000 0.2902
186.0000 -0.0274
187.0000 0.4581
188.0000 -0.1949
189.0000 -0.2636
190.0000 -0.0353
191.0000 0.1153
192.0000 -0.3762
193.0000 0.2357
194.0000 0.3290
195.0000 -0.1009
196.0000 0.0712
197.0000 -0.1798
198.0000 -0.2783
199.0000 -0.0177
200.0000 -0.2789
201.0000 -0.4398
202.0000 0.2715
203.0000 0.3951
204.0000 0.1568
205.0000 -0.4663
206.0000 -0.0100
207.0000 -0.4167
208.0000 -0.4477
209.0000 0.2120
210.0000 0.1176
211.0000 0.1457
212.0000 -0.3963
213.0000 -0.2371
214.0000 0.1229
215.0000 -0.0868
216.0000 0.3586
217.0000 -0.2161
218.0000 0.2795
219.0000 0.4196
220.0000 -0.3374
221.0000 -0.3862
222.0000 -0.1442
223.0000 0.0828
224.0000 0.4258
225.0000 -0.4900
226.0000 0.1088
227.0000 -0.2316
228.0000 -0.0190
229.0000 -0.4514
230.0000 -0.2416
231.0000 0.1057
232.0000 0.3106
233.0000 0.2081
234.0000 0.2811
235.0000 0.4933
236.0000 0.1506
237.0000 -0.2561
238.0000 -0.3021
239.0000 0.4508
240.0000 0.0845
241.0000 0.2146
242.0000 0.3587
243.0000 0.2508
244.0000 0.2968
245.0000 0.0046
246.0000 0.2038
247.0000 0.2287
248.0000 -0.4442
249.0000 0.3631
250.0000 -0.0887
251.0000 0.2502
252.0000 -0.2665
253.0000 -0.1154
254.0000 0.0703
255.0000 -0.0071
256.0000 0.4950
257.0000 0.1653
258.0000 0.1712
259.0000 0.0311
260.0000 0.3838
261.0000 -0.1988
262.0000 -0.0394
263.0000 -0.4154
264.0000 -0.3469
265.0000 0.0806
266.0000 -0.1381
267.0000 0.3583
268.0000 0.4617
269.0000 -0.2940
270.0000 0.1155
271.0000 0.1025
272.0000 0.2437
273.0000 -0.2485
274.0000 -0.0279
275.0000 -0.2210
276.0000 -0.2543
277.0000 0.1505
278.0000 0.3611
279.0000 -0.1009
280.0000 -0.2435
281.0000 0.1192
282.0000 0.3262
283.0000 0.0465
284.0000 -0.4598
285.0000 -0.1389
286.0000 0.4861
287.0000 0.2571
288.0000 -0.0278
289.0000 0.3109
290.0000 -0.3837
291.0000 0.1352
292.0000 0.4084
293.0000 -0.4603
294.0000 0.1862
295.0000 0.0043
296.0000 -0.4511
297.0000 0.2013
298.0000 0.0823
299.0000 -0.3294
300.0000 0.4198
301.0000 -0.1390
302.0000 -0.4164
303.0000 0.3329
304.0000 0.2236
305.0000 -0.2020
306.0000 0.3805
307.0000 -0.4187
308.0000 -0.3717
309.0000 0.3840
310.0000 -0.3786
311.0000 -0.1854
312.0000 0.2915
313.0000 0.1802
314.0000 0.1429
315.0000 0.1173
316.0000 0.1010
317.0000 -0.1356
318.0000 0.2954
319.0000 -0.1454
320.0000 -0.2632
321.0000 0.3165
322.0000 -0.1298
323.0000 0.3613
324.0000 0.0705
325.0000 0.4609
326.0000 0.1366
327.0000 0.4271
328.0000 -0.3302
329.0000 -0.2565
330.0000 -0.3009
331.0000 0.2096
332.0000 0.3583
333.0000 0.4617
334.0000 0.0629
335.0000 0.0137
336.0000 -0.3347
337.0000 0.0351
338.0000 0.1232
339.0000 -0.1812
340.0000 -0.1732
341.0000 -0.1381
342.0000 0.4138
343.0000 0.1588
344.0000 0.2446
345.0000 0.0167
346.0000 -0.1193
347.0000 -0.3286
348.0000 0.4665
349.0000 -0.2778
350.0000 -0.4363
351.0000 -0.0957
352.0000 -0.3881
353.0000 0.1135
354.0000 -0.2801
355.0000 -0.2338
356.0000 -0.3116
357.0000 -0.0506
358.0000 0.3687
359.0000 0.4141
360.0000 0.0854
361.0000 0.4265
362.0000 0.3836
363.0000 0.1073
364.0000 0.4248
365.0000 -0.3955
366.0000 -0.1042
367.0000 -0.2855
368.0000 -0.2733
369.0000 0.2542
370.0000 0.0535
371.0000 0.4855
372.0000 0.1005
373.0000 0.0708
374.0000 0.4571
375.0000 0.1015
376.0000 0.1788
377.0000 -0.4184
378.0000 0.3675
379.0000 -0.0354
380.0000 0.2740
381.0000 0.1577
382.0000 -0.0676
383.0000 -0.1247
384.0000 -0.1576
385.0000 -0.1161
386.0000 -0.0191
387.0000 0.4376
388.0000 0.4031
389.0000 0.3732
390.0000 -0.0346
391.0000 0.3083
392.0000 -0.3346
393.0000 0.1914
394.0000 -0.2019
395.0000 0.0012
396.0000 -0.4421
397.0000 0.0723
398.0000 0.3238
399.0000 -0.1999
400.0000 0.4511
401.0000 0.2513
402.0000 -0.1507
403.0000 -0.0033
404.0000 0.1329
405.0000 0.1396
406.0000 0.3598
407.0000 -0.3194
408.0000 -0.3364
409.0000 -0.4227
410.0000 0.0806
411.0000 0.3053
412.0000 -0.2727
413.0000 -0.3514
414.0000 0.1340
415.0000 -0.3178
416.0000 -0.3504
417.0000 0.4550
418.0000 0.4575
419.0000 0.4711
420.0000 0.0251
421.0000 0.3964
422.0000 0.1607
423.0000 0.4757
424.0000 -0.3211
425.0000 -0.4505
426.0000 -0.0109
427.0000 0.4970
428.0000 0.0426
429.0000 0.4091
430.0000 0.3789
431.0000 -0.3825
432.0000 -0.3312
433.0000 0.4280
434.0000 0.3837
435.0000 -0.1174
436.0000 0.3679
437.0000 -0.0521
438.0000 0.4443
439.0000 -0.2554
440.0000 0.3086
441.0000 -0.1019
442.0000 -0.4197
443.0000 0.3289
444.0000 0.2910
445.0000 -0.4739
446.0000 0.4226
447.0000 0.3340
448.0000 0.2598
449.0000 0.3327
450.0000 -0.2870
451.0000 -0.1026
452.0000 0.4939
453.0000 0.4449
454.0000 -0.0621
455.0000 0.2441
456.0000 -0.4470
457.0000 0.2980
458.0000 -0.4677
459.0000 0.2198
460.0000 -0.2834
461.0000 -0.3613
462.0000 0.4236
463.0000 -0.1228
464.0000 0.0402
465.0000 -0.4607
466.0000 0.4716
467.0000 0.1442
468.0000 -0.2921
469.0000 -0.0306
470.0000 0.4913
471.0000 0.4554
472.0000 0.0809
473.0000 0.2054
474.0000 0.2825
475.0000 -0.4917
476.0000 0.2673
477.0000 -0.2723
478.0000 0.1420
479.0000 -0.2318
480.0000 0.3055
481.0000 -0.0302
482.0000 0.4227
483.0000 0.3575
484.0000 0.3781
485.0000 0.2592
486.0000 0.1423
487.0000 -0.1236
488.0000 0.2922
489.0000 -0.0109
490.0000 -0.3134
491.0000 0.3382
492.0000 0.2322
493.0000 -0.4655
494.0000 0.4714
495.0000 0.2432
496.0000 0.0942
497.0000 0.0679
498.0000 -0.4238
499.0000 0.0613
500.0000 0.4308
501.0000 -0.4064
502.0000 0.1028
503.0000 -0.1437
504.0000 0.1710
505.0000 -0.4109
506.0000 0.0908
507.0000 -0.3989
508.0000 -0.4484
509.0000 0.2684
510.0000 -0.2746
