1.0000 -0.0253
2.0000 0.0280
3.0000 -0.0910
4.0000 -0.0305
5.0000 -0.0232
6.0000 -0.0957
7.0000 0.0601
8.0000 0.0626
9.0000 0.0235
10.0000 0.0060
11.0000 -0.0503
12.0000 -0.0545
13.0000 0.0972
14.0000 0.0071
15.0000 0.0604
16.0000 -0.0866
17.0000 -0.0964
18.0000 0.0567
19.0000 0.0771
20.0000 0.0252
21.0000 -0.0564
22.0000 -0.0916
23.0000 0.0233
24.0000 -0.0291
25.0000 0.0969
26.0000 0.0353
27.0000 0.0534
28.0000 0.0325
29.0000 -0.0409
30.0000 0.0056
31.0000 0.0205
32.0000 0.0167
33.0000 0.0167
34.0000 -0.0835
35.0000 0.0992
36.0000 0.0943
37.0000 0.0773
38.0000 -0.0173
39.0000 -0.0749
40.0000 0.0452
41.0000 0.0388
42.0000 0.0686
43.0000 0.0542
44.0000 -0.0244
45.0000 0.0459
46.0000 -0.0462
47.0000 -0.0045
48.0000 -0.0527
49.0000 0.0659
50.0000 0.0869
51.0000 -0.0636
52.0000 -0.0020
53.0000 0.0792
54.0000 -0.0912
55.0000 0.0545
56.0000 -0.0642
57.0000 -0.0580
58.0000 0.0813
59.0000 -0.0797
60.0000 -0.0891
61.0000 -0.0137
62.0000 0.0623
63.0000 0.0789
64.0000 -0.0220
65.0000 0.0835
66.0000 0.0237
67.0000 0.0872
68.0000 0.0461
69.0000 0.0666
70.0000 0.0500
71.0000 -0.0355
72.0000 0.0958
73.0000 -0.0339
74.0000 -0.0279
75.0000 -0.0172
76.0000 0.0389
77.0000 -0.0344
78.0000 0.0478
79.0000 -0.0936
80.0000 0.0325
81.0000 -0.0539
82.0000 0.0249
83.0000 0.0321
84.0000 -0.0302
85.0000 -0.0518
86.0000 0.0712
87.0000 0.0462
88.0000 0.0673
89.0000 0.0176
90.0000 0.0614
91.0000 -0.0021
92.0000 -0.0294
93.0000 0.0927
94.0000 0.0946
95.0000 0.0334
96.0000 0.0350
97.0000 0.0241
98.0000 -0.0961
99.0000 0.0950
100.0000 -0.0538
101.0000 -0.0756
102.0000 -0.0484
103.0000 -0.0696
104.0000 -0.0757
105.0000 -0.0811
106.0000 -0.0202
107.0000 -0.0315
108.0000 0.0589
109.0000 0.0372
110.0000 -0.0890
111.0000 -0.0908
112.0000 0.0440
113.0000 0.0756
114.0000 -0.0859
115.0000 0.0601
116.0000 0.0087
117.0000 0.0431
118.0000 -0.0133
119.0000 0.0121
120.0000 0.0498
121.0000 0.0294
122.0000 -0.0723
123.0000 -0.0275
124.0000 0.0561
125.0000 -0.0733
126.0000 0.0120
127.0000 0.0879
128.0000 -0.0427
129.0000 0.0792
130.0000 0.0768
131.0000 0.0098
132.0000 0.0154
133.0000 -0.0107
134.0000 0.0042
135.0000 0.0874
136.0000 0.0698
137.0000 0.0186
138.0000 0.0867
139.0000 -0.0586
140.0000 -0.0856
141.0000 0.0334
142.0000 0.0622
143.0000 0.0513
144.0000 0.0944
145.0000 0.0728
146.0000 -0.0091
147.0000 0.0569
148.0000 0.0827
149.0000 0.0198
150.0000 0.0799
151.0000 -0.0589
152.0000 0.0525
153.0000 -0.0430
154.0000 0.0329
155.0000 -0.0185
156.0000 0.0433
157.0000 0.0792
158.0000 -0.0220
159.0000 0.0390
160.0000 0.0219
161.0000 -0.0348
162.0000 0.0428
163.0000 0.0442
164.0000 0.0350
165.0000 -0.0124
166.0000 0.0629
167.0000 -0.0508
168.0000 -0.0249
169.0000 0.0124
170.0000 -0.0204
171.0000 0.0315
172.0000 0.0445
173.0000 0.0664
174.0000 -0.0879
175.0000 -0.0672
176.0000 -0.0397
177.0000 0.0080
178.0000 -0.0707
179.0000 0.0719
180.0000 0.0142
181.0000 0.0107
182.0000 -0.0339
183.0000 -0.0016
184.0000 0.0775
185.0000 -0.0128
186.0000 -0.0211
187.0000 0.0637
188.0000 0.0862
189.0000 -0.0483
190.0000 0.0187
191.0000 0.0226
192.0000 0.0064
193.0000 -0.0092
194.0000 0.0932
195.0000 0.0391
196.0000 -0.0306
197.0000 0.0113
198.0000 0.0124
199.0000 -0.0147
200.0000 0.0463
201.0000 -0.0092
202.0000 0.0551
203.0000 -0.0139
204.0000 0.0890
205.0000 0.0411
206.0000 -0.0220
207.0000 -0.0081
208.0000 -0.0543
209.0000 -0.0969
210.0000 -0.0844
211.0000 0.0000
212.0000 0.0143
213.0000 0.0342
214.0000 -0.0888
215.0000 -0.0695
216.0000 -0.0130
217.0000 0.0235
218.0000 0.0728
219.0000 0.0816
220.0000 0.0034
221.0000 0.0119
222.0000 0.0533
223.0000 0.0834
224.0000 0.0010
225.0000 -0.0798
226.0000 0.0171
227.0000 -0.0834
228.0000 0.0034
229.0000 0.0877
230.0000 -0.0119
231.0000 0.0312
232.0000 0.0679
233.0000 0.0108
234.0000 -0.0266
235.0000 0.0158
236.0000 -0.0186
237.0000 -0.0112
238.0000 -0.0197
239.0000 -0.0193
240.0000 -0.0279
241.0000 -0.0480
242.0000 -0.0141
243.0000 -0.0405
244.0000 -0.0762
245.0000 0.0413
246.0000 0.0570
247.0000 -0.0212
248.0000 -0.0559
249.0000 -0.0622
250.0000 -0.0464
251.0000 -0.0723
252.0000 0.0802
253.0000 -0.0558
254.0000 -0.0248
255.0000 -0.0470
256.0000 -0.0127
257.0000 -0.0948
258.0000 -0.0139
259.0000 0.0525
260.0000 0.0360
261.0000 0.0290
262.0000 -0.0564
263.0000 -0.0544
264.0000 0.0782
265.0000 -0.0195
266.0000 0.0217
267.0000 0.0818
268.0000 -0.0335
269.0000 -0.0115
270.0000 -0.0934
271.0000 0.0433
272.0000 -0.0327
273.0000 -0.0356
274.0000 0.0097
275.0000 0.0105
276.0000 -0.0517
277.0000 -0.0692
278.0000 0.0871
279.0000 0.0457
280.0000 -0.0279
281.0000 -0.0998
282.0000 0.0399
283.0000 0.0086
284.0000 -0.0425
285.0000 0.0523
286.0000 0.0152
287.0000 0.0291
288.0000 0.0009
289.0000 -0.0816
290.0000 -0.0604
291.0000 -0.0137
292.0000 -0.0486
293.0000 0.0065
294.0000 0.0892
295.0000 -0.0215
296.0000 0.0343
297.0000 0.0943
298.0000 -0.0099
299.0000 0.0373
300.0000 0.0300
301.0000 -0.0252
302.0000 -0.0768
303.0000 0.0960
304.0000 0.0190
305.0000 -0.0628
306.0000 -0.0317
307.0000 -0.0219
308.0000 -0.0696
309.0000 -0.0251
310.0000 -0.0130
311.0000 0.0229
312.0000 0.0147
313.0000 -0.0529
314.0000 0.0139
315.0000 -0.0007
316.0000 -0.0557
317.0000 0.0942
318.0000 0.0012
319.0000 0.0493
320.0000 0.0915
321.0000 0.0201
322.0000 -0.0819
323.0000 0.0717
324.0000 0.0399
325.0000 -0.0540
326.0000 0.0621
327.0000 0.0977
328.0000 -0.0358
329.0000 -0.0879
330.0000 0.0113
331.0000 0.0660
332.0000 0.0578
333.0000 -0.0096
334.0000 -0.0780
335.0000 -0.0460
336.0000 0.0945
337.0000 -0.0376
338.0000 0.0701
339.0000 0.0279
340.0000 -0.0823
341.0000 0.0169
342.0000 -0.0878
343.0000 -0.0430
344.0000 -0.0618
345.0000 -0.0213
346.0000 0.0354
347.0000 -0.0364
348.0000 0.0343
349.0000 -0.0660
350.0000 -0.0048
351.0000 0.0104
352.0000 -0.0892
353.0000 -0.0097
354.0000 0.0579
355.0000 0.0065
356.0000 0.0743
357.0000 0.0300
358.0000 -0.0848
359.0000 -0.0172
360.0000 -0.0472
361.0000 0.0990
362.0000 0.0562
363.0000 0.0985
364.0000 -0.0152
365.0000 -0.0003
366.0000 -0.0287
367.0000 0.0182
368.0000 -0.0612
369.0000 0.0498
370.0000 0.0893
371.0000 0.0118
372.0000 -0.0004
373.0000 0.0988
374.0000 0.0925
375.0000 -0.0193
376.0000 -0.0041
377.0000 -0.0207
378.0000 0.0117
379.0000 0.0991
380.0000 0.0070
381.0000 -0.0769
382.0000 -0.0391
383.0000 0.0062
384.0000 0.0081
385.0000 0.0085
386.0000 -0.0967
387.0000 -0.0715
388.0000 -0.0486
389.0000 0.0324
390.0000 -0.0442
391.0000 -0.0610
392.0000 0.0761
393.0000 -0.0192
394.0000 0.0938
395.0000 0.0689
396.0000 -0.0247
397.0000 0.0570
398.0000 0.0628
399.0000 -0.0142
400.0000 0.0193
401.0000 0.0404
402.0000 0.0470
403.0000 0.0086
404.0000 -0.0378
405.0000 -0.0636
406.0000 -0.0073
407.0000 0.0830
408.0000 -0.0997
409.0000 -0.0583
410.0000 -0.0745
411.0000 0.0454
412.0000 0.0561
413.0000 -0.0127
414.0000 -0.0901
415.0000 0.0188
416.0000 0.0683
417.0000 0.0927
418.0000 -0.0559
419.0000 0.0074
420.0000 -0.0305
421.0000 0.0279
422.0000 -0.0677
423.0000 0.0155
424.0000 0.0768
425.0000 -0.0642
426.0000 0.0248
427.0000 0.0606
428.0000 0.0962
429.0000 -0.0536
430.0000 0.0215
431.0000 -0.0185
432.0000 0.0096
433.0000 -0.0583
434.0000 0.0912
435.0000 -0.0058
436.0000 -0.0913
437.0000 0.0958
438.0000 -0.0732
439.0000 0.0819
440.0000 0.0800
441.0000 0.0509
442.0000 -0.0163
443.0000 0.0638
444.0000 0.0477
445.0000 -0.0866
446.0000 -0.0005
447.0000 0.0485
448.0000 -0.0687
449.0000 0.0236
450.0000 0.0670
451.0000 0.0165
452.0000 0.0710
453.0000 0.0771
454.0000 -0.0927
455.0000 -0.0690
456.0000 0.0212
457.0000 -0.0352
458.0000 -0.0187
459.0000 0.0220
460.0000 -0.0624
461.0000 -0.0354
462.0000 -0.0532
463.0000 0.0386
464.0000 0.0656
465.0000 -0.0381
466.0000 -0.0349
467.0000 0.0621
468.0000 -0.0474
469.0000 -0.0533
470.0000 -0.0231
471.0000 0.0983
472.0000 0.0961
473.0000 0.0057
474.0000 0.0514
475.0000 0.0714
476.0000 0.0859
477.0000 -0.0999
478.0000 -0.0585
479.0000 -0.0348
480.0000 0.0495
481.0000 0.0087
482.0000 0.0665
483.0000 0.0915
484.0000 -0.0287
485.0000 -0.0307
486.0000 0.0593
487.0000 -0.0749
488.0000 -0.0950
489.0000 0.0463
490.0000 -0.0265
491.0000 0.0785
492.0000 -0.0741
493.0000 -0.0300
494.0000 0.0855
495.0000 0.0185
496.0000 0.0677
497.0000 0.0004
498.0000 -0.0289
499.0000 -0.0573
500.0000 -0.0333
501.0000 0.0872
502.0000 0.0924
503.0000 0.0881
504.0000 0.0221
505.0000 -0.0534
506.0000 0.0527
507.0000 0.0147
508.0000 -0.0342
509.0000 -0.0375
510.0000 0.0660
