1.0000 0.0000
2.0000 0.0000
3.0000 0.0000
4.0000 0.0000
5.0000 0.0000
6.0000 0.0000
7.0000 0.0000
8.0000 0.0000
9.0000 0.0000
10.0000 0.1261
11.0000 -0.2712
12.0000 -0.2675
13.0000 -0.2467
14.0000 -0.2502
15.0000 -0.2629
16.0000 -0.2696
17.0000 -0.2708
18.0000 -0.2638
19.0000 -0.2518
20.0000 -0.2393
21.0000 -0.2250
22.0000 -0.2090
23.0000 -0.1977
24.0000 -0.1863
25.0000 -0.1778
26.0000 -0.1699
27.0000 -0.1638
28.0000 -0.1581
29.0000 -0.1538
30.0000 -0.1515
31.0000 -0.1470
32.0000 -0.1450
33.0000 -0.1420
34.0000 -0.1388
35.0000 -0.1377
36.0000 -0.1346
37.0000 -0.1320
38.0000 -0.1291
39.0000 -0.1272
40.0000 -0.1244
41.0000 -0.1222
42.0000 -0.1191
43.0000 -0.1187
44.0000 -0.1143
45.0000 -0.1133
46.0000 -0.1106
47.0000 -0.1080
48.0000 -0.1061
49.0000 -0.1048
50.0000 -0.1016
51.0000 -0.0993
52.0000 -0.0985
53.0000 -0.0956
54.0000 -0.0938
55.0000 -0.0920
56.0000 -0.0899
57.0000 -0.0885
58.0000 -0.0866
59.0000 -0.0842
60.0000 -0.0828
61.0000 -0.0808
62.0000 -0.0798
63.0000 -0.0776
64.0000 -0.0757
65.0000 -0.0751
66.0000 -0.0723
67.0000 -0.0716
68.0000 -0.0690
69.0000 -0.0685
70.0000 -0.0667
71.0000 -0.0655
72.0000 -0.0639
73.0000 -0.0626
74.0000 -0.0606
75.0000 -0.0602
76.0000 -0.0586
77.0000 -0.0566
78.0000 -0.0561
79.0000 -0.0543
80.0000 -0.0541
81.0000 -0.0520
82.0000 -0.0513
83.0000 -0.0495
84.0000 -0.0486
85.0000 -0.0482
86.0000 -0.0469
87.0000 -0.0451
88.0000 -0.0445
89.0000 -0.0436
90.0000 -0.0432
91.0000 -0.0409
92.0000 -0.0410
93.0000 -0.0407
94.0000 -0.0383
95.0000 -0.0377
96.0000 -0.0370
97.0000 -0.0364
98.0000 -0.0355
99.0000 -0.0344
100.0000 -0.0335
101.0000 -0.0347
102.0000 -0.0318
103.0000 -0.0310
104.0000 -0.0312
105.0000 -0.0303
106.0000 -0.0290
107.0000 -0.0289
108.0000 -0.0282
109.0000 -0.0277
110.0000 8.2352
111.0000 1.5003
112.0000 0.7463
113.0000 0.7009
114.0000 0.6644
115.0000 0.6871
116.0000 0.7055
117.0000 0.7499
118.0000 0.7508
119.0000 0.7982
120.0000 0.7979
121.0000 0.8118
122.0000 0.8321
123.0000 0.8239
124.0000 0.8218
125.0000 0.8472
126.0000 0.8239
127.0000 0.8236
128.0000 0.8435
129.0000 0.8304
130.0000 0.8234
131.0000 0.8386
132.0000 0.8291
133.0000 0.8327
134.0000 0.8343
135.0000 0.8339
136.0000 0.8353
137.0000 0.8409
138.0000 0.8305
139.0000 0.8466
140.0000 0.8320
141.0000 0.8350
142.0000 0.8553
143.0000 0.8287
144.0000 0.8460
145.0000 0.8455
146.0000 0.8333
147.0000 0.8479
148.0000 0.8465
149.0000 0.8326
150.0000 0.8558
151.0000 0.8409
152.0000 0.8386
153.0000 0.8501
154.0000 0.8408
155.0000 0.8494
156.0000 0.8357
157.0000 0.8548
158.0000 0.8360
159.0000 0.8490
160.0000 0.8464
161.0000 0.8447
162.0000 0.8407
163.0000 0.8491
164.0000 0.8397
165.0000 0.8504
166.0000 0.8384
167.0000 0.8450
168.0000 0.8497
169.0000 0.8398
170.0000 0.8480
171.0000 0.8331
172.0000 0.8537
173.0000 0.8401
174.0000 0.8480
175.0000 0.8320
176.0000 0.8521
177.0000 0.8331
178.0000 0.8521
179.0000 0.8383
180.0000 0.8405
181.0000 0.8416
182.0000 0.8415
183.0000 0.8469
184.0000 0.8299
185.0000 0.8498
186.0000 0.8311
187.0000 0.8494
188.0000 0.8297
189.0000 0.8472
190.0000 0.8314
191.0000 0.8483
192.0000 0.8352
193.0000 0.8307
194.0000 0.8495
195.0000 0.8331
196.0000 0.8365
197.0000 0.8372
198.0000 0.8365
199.0000 0.8298
200.0000 0.8472
201.0000 0.8334
202.0000 0.8334
203.0000 0.8348
204.0000 0.8360
205.0000 0.8351
206.0000 0.8338
207.0000 0.8334
208.0000 0.8337
209.0000 0.8275
210.0000 1.5134
211.0000 0.9172
212.0000 1.0686
213.0000 1.2207
214.0000 1.2837
215.0000 1.3005
216.0000 1.2779
217.0000 1.2468
218.0000 1.2061
219.0000 1.1642
220.0000 1.1212
221.0000 1.0823
222.0000 1.0497
223.0000 1.0213
224.0000 0.9969
225.0000 0.9789
226.0000 0.9633
227.0000 0.9505
228.0000 0.9398
229.0000 0.9307
230.0000 0.9210
231.0000 0.9155
232.0000 0.9091
233.0000 0.9001
234.0000 0.8948
235.0000 0.8874
236.0000 0.8815
237.0000 0.8745
238.0000 0.8671
239.0000 0.8628
240.0000 0.8555
241.0000 0.8475
242.0000 0.8451
243.0000 0.8376
244.0000 0.8341
245.0000 0.8268
246.0000 0.8212
247.0000 0.8182
248.0000 0.8103
249.0000 0.8083
250.0000 0.8028
251.0000 0.7980
252.0000 0.7930
253.0000 0.7905
254.0000 0.7846
255.0000 0.7832
256.0000 0.7748
257.0000 0.7756
258.0000 0.7679
259.0000 0.7663
260.0000 0.7637
261.0000 0.7595
262.0000 0.7534
263.0000 0.7548
264.0000 0.7489
265.0000 0.7466
266.0000 0.7444
267.0000 0.7383
268.0000 0.7385
269.0000 0.7342
270.0000 0.7338
271.0000 0.7286
272.0000 0.7275
273.0000 0.7245
274.0000 0.7212
275.0000 0.7205
276.0000 0.7179
277.0000 0.7136
278.0000 0.7143
279.0000 0.7105
280.0000 0.7095
281.0000 0.7072
282.0000 0.7054
283.0000 0.7031
284.0000 0.7003
285.0000 0.7015
286.0000 0.6964
287.0000 0.6964
288.0000 0.6944
289.0000 0.6968
290.0000 0.6889
291.0000 0.6906
292.0000 0.6882
293.0000 0.6876
294.0000 0.6866
295.0000 0.6846
296.0000 0.6832
297.0000 0.6820
298.0000 0.6808
299.0000 0.6801
300.0000 0.6797
301.0000 0.6773
302.0000 0.6775
303.0000 0.6755
304.0000 0.6732
305.0000 0.6730
306.0000 0.6733
307.0000 0.6720
308.0000 0.6707
309.0000 0.6693
310.0000 0.4179
311.0000 1.2103
312.0000 1.2032
313.0000 1.1597
314.0000 1.1671
315.0000 1.1907
316.0000 1.2057
317.0000 1.2058
318.0000 1.1907
319.0000 1.1661
320.0000 1.1406
321.0000 1.1114
322.0000 1.0799
323.0000 1.0553
324.0000 1.0324
325.0000 1.0159
326.0000 0.9984
327.0000 0.9868
328.0000 0.9745
329.0000 0.9643
330.0000 0.9609
331.0000 0.9512
332.0000 0.9465
333.0000 0.9399
334.0000 0.9332
335.0000 0.9304
336.0000 0.9241
337.0000 0.9185
338.0000 0.9125
339.0000 0.9082
340.0000 0.9024
341.0000 0.8977
342.0000 0.8920
343.0000 0.8893
344.0000 0.8807
345.0000 0.8795
346.0000 0.8724
347.0000 0.8674
348.0000 0.8644
349.0000 0.8604
350.0000 0.8547
351.0000 0.8489
352.0000 0.8483
353.0000 0.8409
354.0000 0.8384
355.0000 0.8334
356.0000 0.8301
357.0000 0.8260
358.0000 0.8231
359.0000 0.8178
360.0000 0.8138
361.0000 0.8111
362.0000 0.8085
363.0000 0.8030
364.0000 0.8006
365.0000 0.7989
366.0000 0.7922
367.0000 0.7921
368.0000 0.7865
369.0000 0.7850
370.0000 0.7803
371.0000 0.7793
372.0000 0.7757
373.0000 0.7728
374.0000 0.7685
375.0000 0.7669
376.0000 0.7650
377.0000 0.7608
378.0000 0.7594
379.0000 0.7556
380.0000 0.7552
381.0000 0.7501
382.0000 0.7499
383.0000 0.7461
384.0000 0.7440
385.0000 0.7430
386.0000 0.7404
387.0000 0.7368
388.0000 0.7355
389.0000 0.7329
390.0000 0.7334
391.0000 0.7284
392.0000 0.7282
393.0000 0.7277
394.0000 0.7226
395.0000 0.7216
396.0000 0.7201
397.0000 0.7190
398.0000 0.7170
399.0000 0.7149
400.0000 0.7131
401.0000 0.7155
402.0000 0.7087
403.0000 0.7086
404.0000 0.7089
405.0000 0.7068
406.0000 0.7041
407.0000 0.7040
408.0000 0.7027
409.0000 0.7016
410.0000 -15.8243
411.0000 -2.3544
412.0000 -0.8463
413.0000 -0.7555
414.0000 -0.6826
415.0000 -0.7279
416.0000 -0.7647
417.0000 -0.8536
418.0000 -0.8553
419.0000 -0.9500
420.0000 -0.9494
421.0000 -0.9772
422.0000 -1.0178
423.0000 -1.0015
424.0000 -0.9972
425.0000 -1.0480
426.0000 -1.0015
427.0000 -1.0007
428.0000 -1.0405
429.0000 -1.0143
430.0000 -1.0005
431.0000 -1.0307
432.0000 -1.0118
433.0000 -1.0190
434.0000 -1.0221
435.0000 -1.0214
436.0000 -1.0242
437.0000 -1.0353
438.0000 -1.0145
439.0000 -1.0468
440.0000 -1.0176
441.0000 -1.0236
442.0000 -1.0641
443.0000 -1.0109
444.0000 -1.0455
445.0000 -1.0445
446.0000 -1.0202
447.0000 -1.0494
448.0000 -1.0465
449.0000 -1.0188
450.0000 -1.0651
451.0000 -1.0354
452.0000 -1.0307
453.0000 -1.0537
454.0000 -1.0350
455.0000 -1.0522
456.0000 -1.0248
457.0000 -1.0632
458.0000 -1.0254
459.0000 -1.0516
460.0000 -1.0464
461.0000 -1.0428
462.0000 -1.0349
463.0000 -1.0517
464.0000 -1.0330
465.0000 -1.0544
466.0000 -1.0303
467.0000 -1.0435
468.0000 -1.0529
469.0000 -1.0331
470.0000 -1.0496
471.0000 -1.0196
472.0000 -1.0610
473.0000 -1.0338
474.0000 -1.0496
475.0000 -1.0175
476.0000 -1.0578
477.0000 -1.0196
478.0000 -1.0576
479.0000 -1.0300
480.0000 -1.0345
481.0000 -1.0366
482.0000 -1.0366
483.0000 -1.0473
484.0000 -1.0133
485.0000 -1.0531
486.0000 -1.0158
487.0000 -1.0524
488.0000 -1.0129
489.0000 -1.0478
490.0000 -1.0163
491.0000 -1.0502
492.0000 -1.0240
493.0000 -1.0149
494.0000 -1.0525
495.0000 -1.0197
496.0000 -1.0266
497.0000 -1.0278
498.0000 -1.0265
499.0000 -1.0132
500.0000 -1.0480
501.0000 -1.0204
502.0000 -1.0204
503.0000 -1.0231
504.0000 -1.0255
505.0000 -1.0237
506.0000 -1.0211
507.0000 -1.0204
508.0000 -1.0209
509.0000 -1.0084
510.0000 -2.3803
511.0000 -1.1880
512.0000 -1.4908
513.0000 -1.7950
514.0000 -1.9209
515.0000 -1.9546
516.0000 -1.9093
517.0000 -1.8472
518.0000 -1.7658
519.0000 -1.6820
520.0000 -1.5959
521.0000 -1.5182
522.0000 -1.4530
523.0000 -1.3961
524.0000 -1.3474
525.0000 -1.3114
526.0000 -1.2801
527.0000 -1.2545
528.0000 -1.2332
529.0000 -1.2149
530.0000 -1.1956
531.0000 -1.1845
532.0000 -1.1718
533.0000 -1.1538
534.0000 -1.1432
535.0000 -1.1284
536.0000 -1.1165
537.0000 -1.1025
538.0000 -1.0877
539.0000 -1.0791
540.0000 -1.0646
541.0000 -1.0486
542.0000 -1.0438
543.0000 -1.0287
544.0000 -1.0217
545.0000 -1.0071
546.0000 -0.9960
547.0000 -0.9899
548.0000 -0.9741
549.0000 -0.9702
550.0000 -0.9592
551.0000 -0.9496
552.0000 -0.9396
553.0000 -0.9346
554.0000 -0.9228
555.0000 -0.9199
556.0000 -0.9031
557.0000 -0.9048
558.0000 -0.8893
559.0000 -0.8860
560.0000 -0.8810
561.0000 -0.8725
562.0000 -0.8603
563.0000 -0.8632
564.0000 -0.8513
565.0000 -0.8468
566.0000 -0.8423
567.0000 -0.8301
568.0000 -0.8305
569.0000 -0.8219
570.0000 -0.8211
571.0000 -0.8107
572.0000 -0.8085
573.0000 -0.8025
574.0000 -0.7959
575.0000 -0.7945
576.0000 -0.7893
577.0000 -0.7807
578.0000 -0.7821
579.0000 -0.7746
580.0000 -0.7724
581.0000 -0.7679
582.0000 -0.7644
583.0000 -0.7597
584.0000 -0.7542
585.0000 -0.7565
586.0000 -0.7464
587.0000 -0.7464
588.0000 -0.7424
589.0000 -0.7471
590.0000 -0.7314
591.0000 -0.7347
592.0000 -0.7300
593.0000 -0.7287
594.0000 -0.7268
595.0000 -0.7227
596.0000 -0.7199
597.0000 -0.7176
598.0000 -0.7152
599.0000 -0.7137
600.0000 -0.7130
601.0000 -0.7082
602.0000 -0.7085
603.0000 -0.7046
604.0000 -0.7000
605.0000 -0.6996
606.0000 -0.7001
607.0000 -0.6975
608.0000 -0.6950
609.0000 -0.6922
610.0000 -0.3154
611.0000 -1.5030
612.0000 -1.4925
613.0000 -1.4263
614.0000 -1.4375
615.0000 -1.4720
616.0000 -1.4953
617.0000 -1.4943
618.0000 -1.4710
619.0000 -1.4339
620.0000 -1.3955
621.0000 -1.3513
622.0000 -1.3043
623.0000 -1.2665
624.0000 -1.2319
625.0000 -1.2075
626.0000 -1.1804
627.0000 -1.1634
628.0000 -1.1444
629.0000 -1.1285
630.0000 -1.1238
631.0000 -1.1089
632.0000 -1.1016
633.0000 -1.0914
634.0000 -1.0812
635.0000 -1.0768
636.0000 -1.0672
637.0000 -1.0586
638.0000 -1.0494
639.0000 -1.0429
640.0000 -1.0340
641.0000 -1.0267
642.0000 -1.0185
643.0000 -1.0135
644.0000 -1.0007
645.0000 -0.9992
646.0000 -0.9877
647.0000 -0.9804
648.0000 -0.9763
649.0000 -0.9695
650.0000 -0.9614
651.0000 -0.9520
652.0000 -0.9516
653.0000 -0.9397
654.0000 -0.9366
655.0000 -0.9283
656.0000 -0.9238
657.0000 -0.9171
658.0000 -0.9131
659.0000 -0.9049
660.0000 -0.8985
661.0000 -0.8950
662.0000 -0.8908
663.0000 -0.8819
664.0000 -0.8792
665.0000 -0.8762
666.0000 -0.8655
667.0000 -0.8661
668.0000 -0.8575
669.0000 -0.8550
670.0000 -0.8475
671.0000 -0.8467
672.0000 -0.8411
673.0000 -0.8364
674.0000 -0.8300
675.0000 -0.8270
676.0000 -0.8250
677.0000 -0.8185
678.0000 -0.8163
679.0000 -0.8105
680.0000 -0.8098
681.0000 -0.8017
682.0000 -0.8020
683.0000 -0.7963
684.0000 -0.7930
685.0000 -0.7913
686.0000 -0.7875
687.0000 -0.7821
688.0000 -0.7799
689.0000 -0.7757
690.0000 -0.7771
691.0000 -0.7695
692.0000 -0.7690
693.0000 -0.7682
694.0000 -0.7604
695.0000 -0.7590
696.0000 -0.7567
697.0000 -0.7551
698.0000 -0.7521
699.0000 -0.7490
700.0000 -0.7462
701.0000 -0.7499
702.0000 -0.7391
703.0000 -0.7397
704.0000 -0.7401
705.0000 -0.7367
706.0000 -0.7327
707.0000 -0.7326
708.0000 -0.7306
709.0000 -0.7290
710.0000 24.0597
711.0000 3.8550
712.0000 1.5928
713.0000 1.4567
714.0000 1.3472
715.0000 1.4153
716.0000 1.4704
717.0000 1.6036
718.0000 1.6062
719.0000 1.7483
720.0000 1.7473
721.0000 1.7890
722.0000 1.8499
723.0000 1.8255
724.0000 1.8191
725.0000 1.8952
726.0000 1.8255
727.0000 1.8244
728.0000 1.8841
729.0000 1.8447
730.0000 1.8240
731.0000 1.8694
732.0000 1.8409
733.0000 1.8517
734.0000 1.8565
735.0000 1.8553
736.0000 1.8596
737.0000 1.8762
738.0000 1.8450
739.0000 1.8935
740.0000 1.8496
741.0000 1.8587
742.0000 1.9194
743.0000 1.8397
744.0000 1.8915
745.0000 1.8900
746.0000 1.8536
747.0000 1.8973
748.0000 1.8930
749.0000 1.8514
750.0000 1.9209
751.0000 1.8763
752.0000 1.8693
753.0000 1.9038
754.0000 1.8758
755.0000 1.9016
756.0000 1.8605
757.0000 1.9180
758.0000 1.8614
759.0000 1.9007
760.0000 1.8928
761.0000 1.8875
762.0000 1.8756
763.0000 1.9007
764.0000 1.8727
765.0000 1.9048
766.0000 1.8687
767.0000 1.8885
768.0000 1.9026
769.0000 1.8728
770.0000 1.8975
771.0000 1.8527
772.0000 1.9147
773.0000 1.8739
774.0000 1.8976
775.0000 1.8495
776.0000 1.9099
777.0000 1.8527
778.0000 1.9097
779.0000 1.8683
780.0000 1.8750
781.0000 1.8782
782.0000 1.8781
783.0000 1.8942
784.0000 1.8431
785.0000 1.9029
786.0000 1.8469
787.0000 1.9018
788.0000 1.8426
789.0000 1.8949
790.0000 1.8476
791.0000 1.8985
792.0000 1.8592
793.0000 1.8456
794.0000 1.9020
795.0000 1.8528
796.0000 1.8631
797.0000 1.8649
798.0000 1.8629
799.0000 1.8429
800.0000 1.8952
801.0000 1.8538
802.0000 1.8538
803.0000 1.8579
804.0000 1.8615
805.0000 1.8587
806.0000 1.8548
807.0000 1.8538
808.0000 1.8546
809.0000 1.8359
810.0000 3.8937
811.0000 2.1052
812.0000 2.5594
813.0000 3.0157
814.0000 3.2046
815.0000 3.2551
816.0000 3.1872
817.0000 3.0941
818.0000 2.9719
819.0000 2.8461
820.0000 2.7171
821.0000 2.6005
822.0000 2.5027
823.0000 2.4174
824.0000 2.3443
825.0000 2.2903
826.0000 2.2434
827.0000 2.2050
828.0000 2.1731
829.0000 2.1456
830.0000 2.1166
831.0000 2.0999
832.0000 2.0809
833.0000 2.0539
834.0000 2.0380
835.0000 2.0158
836.0000 1.9980
837.0000 1.9769
838.0000 1.9548
839.0000 1.9419
840.0000 1.9202
841.0000 1.8961
842.0000 1.8889
843.0000 1.8662
844.0000 1.8558
845.0000 1.8339
846.0000 1.8172
847.0000 1.8081
848.0000 1.7844
849.0000 1.7786
850.0000 1.7621
851.0000 1.7476
852.0000 1.7326
853.0000 1.7251
854.0000 1.7074
855.0000 1.7031
856.0000 1.6779
857.0000 1.6804
858.0000 1.6571
859.0000 1.6523
860.0000 1.6448
861.0000 1.6320
862.0000 1.6137
863.0000 1.6180
864.0000 1.6001
865.0000 1.5934
866.0000 1.5867
867.0000 1.5683
868.0000 1.5689
869.0000 1.5560
870.0000 1.5549
871.0000 1.5393
872.0000 1.5360
873.0000 1.5270
874.0000 1.5171
875.0000 1.5150
876.0000 1.5072
877.0000 1.4942
878.0000 1.4964
879.0000 1.4851
880.0000 1.4819
881.0000 1.4751
882.0000 1.4698
883.0000 1.4627
884.0000 1.4545
885.0000 1.4580
886.0000 1.4428
887.0000 1.4428
888.0000 1.4369
889.0000 1.4438
890.0000 1.4203
891.0000 1.4252
892.0000 1.4182
893.0000 1.4162
894.0000 1.4135
895.0000 1.4074
896.0000 1.4030
897.0000 1.3996
898.0000 1.3960
899.0000 1.3937
900.0000 1.3928
901.0000 1.3855
902.0000 1.3860
903.0000 1.3801
904.0000 1.3732
905.0000 1.3726
906.0000 1.3734
907.0000 1.3695
908.0000 1.3658
909.0000 1.3615
910.0000 1.3640
