1.0000 0.0000
2.0000 0.0000
3.0000 0.0000
4.0000 0.0000
5.0000 0.0000
6.0000 0.0000
7.0000 0.0000
8.0000 0.0000
9.0000 0.0000
10.0000 0.9782
11.0000 1.5274
12.0000 1.8255
13.0000 1.9683
14.0000 2.0101
15.0000 1.9872
16.0000 1.9278
17.0000 1.8532
18.0000 1.7786
19.0000 1.7134
20.0000 1.6621
21.0000 1.6259
22.0000 1.6036
23.0000 1.5930
24.0000 1.5911
25.0000 1.5955
26.0000 1.6039
27.0000 1.6143
28.0000 1.6253
29.0000 1.6361
30.0000 1.6457
31.0000 1.6544
32.0000 1.6621
33.0000 1.6689
34.0000 1.6747
35.0000 1.6797
36.0000 1.6842
37.0000 1.6885
38.0000 1.6923
39.0000 1.6961
40.0000 1.6996
41.0000 1.7031
42.0000 1.7064
43.0000 1.7096
44.0000 1.7128
45.0000 1.7158
46.0000 1.7187
47.0000 1.7213
48.0000 1.7238
49.0000 1.7260
50.0000 1.7285
51.0000 1.7308
52.0000 1.7329
53.0000 1.7350
54.0000 1.7370
55.0000 1.7388
56.0000 1.7406
57.0000 1.7422
58.0000 1.7437
59.0000 1.7450
60.0000 1.7464
61.0000 1.7477
62.0000 1.7489
63.0000 1.7501
64.0000 1.7511
65.0000 1.7521
66.0000 1.7531
67.0000 1.7541
68.0000 1.7549
69.0000 1.7559
70.0000 1.7569
71.0000 1.7576
72.0000 1.7583
73.0000 1.7589
74.0000 1.7595
75.0000 1.7601
76.0000 1.7607
77.0000 1.7612
78.0000 1.7617
79.0000 1.7621
80.0000 1.7624
81.0000 1.7627
82.0000 1.7631
83.0000 1.7634
84.0000 1.7638
85.0000 1.7642
86.0000 1.7644
87.0000 1.7646
88.0000 1.7649
89.0000 1.7650
90.0000 1.7651
91.0000 1.7653
92.0000 1.7655
93.0000 1.7656
94.0000 1.7658
95.0000 1.7660
96.0000 1.7660
97.0000 1.7661
98.0000 1.7661
99.0000 1.7661
100.0000 1.7661
101.0000 1.7662
102.0000 1.7662
103.0000 1.7664
104.0000 1.7664
105.0000 1.7663
106.0000 1.7662
107.0000 1.7662
108.0000 1.7661
109.0000 1.7661
110.0000 1.8978
111.0000 1.9667
112.0000 1.9207
113.0000 1.7834
114.0000 1.6140
115.0000 1.4532
116.0000 1.3282
117.0000 1.2426
118.0000 1.1930
119.0000 1.1724
120.0000 1.1692
121.0000 1.1774
122.0000 1.1901
123.0000 1.2039
124.0000 1.2146
125.0000 1.2209
126.0000 1.2240
127.0000 1.2234
128.0000 1.2177
129.0000 1.2121
130.0000 1.2024
131.0000 1.1932
132.0000 1.1817
133.0000 1.1723
134.0000 1.1624
135.0000 1.1529
136.0000 1.1433
137.0000 1.1344
138.0000 1.1265
139.0000 1.1189
140.0000 1.1114
141.0000 1.1047
142.0000 1.0972
143.0000 1.0916
144.0000 1.0855
145.0000 1.0803
146.0000 1.0732
147.0000 1.0679
148.0000 1.0628
149.0000 1.0573
150.0000 1.0522
151.0000 1.0474
152.0000 1.0426
153.0000 1.0384
154.0000 1.0337
155.0000 1.0287
156.0000 1.0249
157.0000 1.0212
158.0000 1.0172
159.0000 1.0131
160.0000 1.0096
161.0000 1.0064
162.0000 1.0024
163.0000 0.9996
164.0000 0.9959
165.0000 0.9930
166.0000 0.9898
167.0000 0.9873
168.0000 0.9843
169.0000 0.9809
170.0000 0.9780
171.0000 0.9757
172.0000 0.9737
173.0000 0.9716
174.0000 0.9688
175.0000 0.9670
176.0000 0.9644
177.0000 0.9626
178.0000 0.9608
179.0000 0.9586
180.0000 0.9563
181.0000 0.9548
182.0000 0.9530
183.0000 0.9510
184.0000 0.9495
185.0000 0.9476
186.0000 0.9464
187.0000 0.9448
188.0000 0.9435
189.0000 0.9419
190.0000 0.9406
191.0000 0.9390
192.0000 0.9386
193.0000 0.9366
194.0000 0.9360
195.0000 0.9348
196.0000 0.9337
197.0000 0.9320
198.0000 0.9307
199.0000 0.9298
200.0000 0.9292
201.0000 0.9287
202.0000 0.9272
203.0000 0.9260
204.0000 0.9252
205.0000 0.9244
206.0000 0.9238
207.0000 0.9226
208.0000 0.9224
209.0000 0.9215
210.0000 -0.5393
211.0000 -1.4945
212.0000 -1.9843
213.0000 -2.1302
214.0000 -2.0643
215.0000 -1.8910
216.0000 -1.6837
217.0000 -1.4877
218.0000 -1.3242
219.0000 -1.2008
220.0000 -1.1164
221.0000 -1.0675
222.0000 -1.0459
223.0000 -1.0436
224.0000 -1.0533
225.0000 -1.0697
226.0000 -1.0893
227.0000 -1.1074
228.0000 -1.1232
229.0000 -1.1360
230.0000 -1.1467
231.0000 -1.1531
232.0000 -1.1579
233.0000 -1.1598
234.0000 -1.1602
235.0000 -1.1609
236.0000 -1.1610
237.0000 -1.1597
238.0000 -1.1592
239.0000 -1.1577
240.0000 -1.1574
241.0000 -1.1568
242.0000 -1.1552
243.0000 -1.1546
244.0000 -1.1540
245.0000 -1.1523
246.0000 -1.1518
247.0000 -1.1509
248.0000 -1.1499
249.0000 -1.1485
250.0000 -1.1463
251.0000 -1.1452
252.0000 -1.1440
253.0000 -1.1426
254.0000 -1.1410
255.0000 -1.1387
256.0000 -1.1372
257.0000 -1.1354
258.0000 -1.1337
259.0000 -1.1319
260.0000 -1.1301
261.0000 -1.1285
262.0000 -1.1269
263.0000 -1.1250
264.0000 -1.1223
265.0000 -1.1205
266.0000 -1.1188
267.0000 -1.1170
268.0000 -1.1151
269.0000 -1.1135
270.0000 -1.1119
271.0000 -1.1104
272.0000 -1.1088
273.0000 -1.1070
274.0000 -1.1053
275.0000 -1.1034
276.0000 -1.1018
277.0000 -1.1000
278.0000 -1.0983
279.0000 -1.0967
280.0000 -1.0950
281.0000 -1.0933
282.0000 -1.0917
283.0000 -1.0893
284.0000 -1.0879
285.0000 -1.0867
286.0000 -1.0853
287.0000 -1.0838
288.0000 -1.0823
289.0000 -1.0809
290.0000 -1.0795
291.0000 -1.0781
292.0000 -1.0768
293.0000 -1.0755
294.0000 -1.0742
295.0000 -1.0729
296.0000 -1.0715
297.0000 -1.0702
298.0000 -1.0689
299.0000 -1.0675
300.0000 -1.0662
301.0000 -1.0652
302.0000 -1.0643
303.0000 -1.0634
304.0000 -1.0623
305.0000 -1.0611
306.0000 -1.0598
307.0000 -1.0587
308.0000 -1.0576
309.0000 -1.0566
310.0000 -3.0121
311.0000 -4.1096
312.0000 -4.7047
313.0000 -4.9891
314.0000 -5.0719
315.0000 -5.0253
316.0000 -4.9056
317.0000 -4.7557
318.0000 -4.6057
319.0000 -4.4746
320.0000 -4.3710
321.0000 -4.2978
322.0000 -4.2526
323.0000 -4.2308
324.0000 -4.2262
325.0000 -4.2342
326.0000 -4.2505
327.0000 -4.2706
328.0000 -4.2919
329.0000 -4.3128
330.0000 -4.3315
331.0000 -4.3482
332.0000 -4.3629
333.0000 -4.3757
334.0000 -4.3868
335.0000 -4.3963
336.0000 -4.4051
337.0000 -4.4130
338.0000 -4.4203
339.0000 -4.4272
340.0000 -4.4336
341.0000 -4.4401
342.0000 -4.4463
343.0000 -4.4525
344.0000 -4.4585
345.0000 -4.4643
346.0000 -4.4698
347.0000 -4.4746
348.0000 -4.4790
349.0000 -4.4829
350.0000 -4.4871
351.0000 -4.4913
352.0000 -4.4951
353.0000 -4.4989
354.0000 -4.5025
355.0000 -4.5057
356.0000 -4.5089
357.0000 -4.5120
358.0000 -4.5148
359.0000 -4.5173
360.0000 -4.5199
361.0000 -4.5223
362.0000 -4.5245
363.0000 -4.5267
364.0000 -4.5284
365.0000 -4.5300
366.0000 -4.5315
367.0000 -4.5329
368.0000 -4.5343
369.0000 -4.5360
370.0000 -4.5376
371.0000 -4.5389
372.0000 -4.5401
373.0000 -4.5411
374.0000 -4.5422
375.0000 -4.5435
376.0000 -4.5447
377.0000 -4.5455
378.0000 -4.5463
379.0000 -4.5467
380.0000 -4.5472
381.0000 -4.5476
382.0000 -4.5481
383.0000 -4.5487
384.0000 -4.5493
385.0000 -4.5499
386.0000 -4.5503
387.0000 -4.5505
388.0000 -4.5508
389.0000 -4.5509
390.0000 -4.5509
391.0000 -4.5511
392.0000 -4.5514
393.0000 -4.5517
394.0000 -4.5520
395.0000 -4.5523
396.0000 -4.5523
397.0000 -4.5525
398.0000 -4.5523
399.0000 -4.5522
400.0000 -4.5520
401.0000 -4.5520
402.0000 -4.5519
403.0000 -4.5519
404.0000 -4.5519
405.0000 -4.5516
406.0000 -4.5512
407.0000 -4.5510
408.0000 -4.5508
409.0000 -4.5506
410.0000 -4.8138
411.0000 -4.9516
412.0000 -4.8596
413.0000 -4.5853
414.0000 -4.2466
415.0000 -3.9252
416.0000 -3.6751
417.0000 -3.5041
418.0000 -3.4049
419.0000 -3.3639
420.0000 -3.3574
421.0000 -3.3738
422.0000 -3.3991
423.0000 -3.4268
424.0000 -3.4481
425.0000 -3.4607
426.0000 -3.4668
427.0000 -3.4657
428.0000 -3.4543
429.0000 -3.4430
430.0000 -3.4237
431.0000 -3.4053
432.0000 -3.3822
433.0000 -3.3634
434.0000 -3.3437
435.0000 -3.3247
436.0000 -3.3055
437.0000 -3.2877
438.0000 -3.2719
439.0000 -3.2567
440.0000 -3.2417
441.0000 -3.2284
442.0000 -3.2134
443.0000 -3.2022
444.0000 -3.1900
445.0000 -3.1795
446.0000 -3.1653
447.0000 -3.1547
448.0000 -3.1446
449.0000 -3.1335
450.0000 -3.1234
451.0000 -3.1138
452.0000 -3.1042
453.0000 -3.0958
454.0000 -3.0865
455.0000 -3.0763
456.0000 -3.0688
457.0000 -3.0613
458.0000 -3.0534
459.0000 -3.0453
460.0000 -3.0382
461.0000 -3.0319
462.0000 -3.0239
463.0000 -3.0182
464.0000 -3.0108
465.0000 -3.0051
466.0000 -2.9987
467.0000 -2.9936
468.0000 -2.9877
469.0000 -2.9809
470.0000 -2.9751
471.0000 -2.9704
472.0000 -2.9664
473.0000 -2.9623
474.0000 -2.9567
475.0000 -2.9531
476.0000 -2.9479
477.0000 -2.9443
478.0000 -2.9406
479.0000 -2.9362
480.0000 -2.9317
481.0000 -2.9287
482.0000 -2.9251
483.0000 -2.9210
484.0000 -2.9180
485.0000 -2.9144
486.0000 -2.9119
487.0000 -2.9086
488.0000 -2.9060
489.0000 -2.9028
490.0000 -2.9003
491.0000 -2.8971
492.0000 -2.8963
493.0000 -2.8924
494.0000 -2.8912
495.0000 -2.8886
496.0000 -2.8864
497.0000 -2.8831
498.0000 -2.8805
499.0000 -2.8787
500.0000 -2.8775
501.0000 -2.8765
502.0000 -2.8735
503.0000 -2.8711
504.0000 -2.8694
505.0000 -2.8679
506.0000 -2.8668
507.0000 -2.8643
508.0000 -2.8640
509.0000 -2.8620
510.0000 0.0595
511.0000 1.9699
512.0000 2.9495
513.0000 3.2412
514.0000 3.1095
515.0000 2.7630
516.0000 2.3484
517.0000 1.9563
518.0000 1.6293
519.0000 1.3825
520.0000 1.2137
521.0000 1.1158
522.0000 1.0728
523.0000 1.0681
524.0000 1.0875
525.0000 1.1202
526.0000 1.1596
527.0000 1.1957
528.0000 1.2274
529.0000 1.2529
530.0000 1.2744
531.0000 1.2871
532.0000 1.2968
533.0000 1.3005
534.0000 1.3014
535.0000 1.3028
536.0000 1.3030
537.0000 1.3004
538.0000 1.2993
539.0000 1.2963
540.0000 1.2957
541.0000 1.2946
542.0000 1.2914
543.0000 1.2901
544.0000 1.2889
545.0000 1.2857
546.0000 1.2846
547.0000 1.2827
548.0000 1.2807
549.0000 1.2780
550.0000 1.2735
551.0000 1.2713
552.0000 1.2690
553.0000 1.2662
554.0000 1.2630
555.0000 1.2583
556.0000 1.2554
557.0000 1.2518
558.0000 1.2483
559.0000 1.2448
560.0000 1.2412
561.0000 1.2380
562.0000 1.2348
563.0000 1.2310
564.0000 1.2255
565.0000 1.2221
566.0000 1.2186
567.0000 1.2149
568.0000 1.2112
569.0000 1.2080
570.0000 1.2048
571.0000 1.2017
572.0000 1.1985
573.0000 1.1950
574.0000 1.1915
575.0000 1.1878
576.0000 1.1846
577.0000 1.1810
578.0000 1.1777
579.0000 1.1744
580.0000 1.1711
581.0000 1.1676
582.0000 1.1643
583.0000 1.1595
584.0000 1.1568
585.0000 1.1544
586.0000 1.1515
587.0000 1.1485
588.0000 1.1457
589.0000 1.1428
590.0000 1.1400
591.0000 1.1372
592.0000 1.1346
593.0000 1.1321
594.0000 1.1293
595.0000 1.1267
596.0000 1.1240
597.0000 1.1215
598.0000 1.1188
599.0000 1.1161
600.0000 1.1135
601.0000 1.1114
602.0000 1.1095
603.0000 1.1078
604.0000 1.1056
605.0000 1.1031
606.0000 1.1005
607.0000 1.0984
608.0000 1.0961
609.0000 1.0943
610.0000 4.0271
611.0000 5.6728
612.0000 6.5648
613.0000 6.9910
614.0000 7.1147
615.0000 7.0443
616.0000 6.8644
617.0000 6.6392
618.0000 6.4139
619.0000 6.2169
620.0000 6.0610
621.0000 5.9507
622.0000 5.8826
623.0000 5.8495
624.0000 5.8423
625.0000 5.8540
626.0000 5.8781
627.0000 5.9079
628.0000 5.9395
629.0000 5.9705
630.0000 5.9983
631.0000 6.0231
632.0000 6.0447
633.0000 6.0636
634.0000 6.0799
635.0000 6.0940
636.0000 6.1070
637.0000 6.1186
638.0000 6.1293
639.0000 6.1393
640.0000 6.1487
641.0000 6.1582
642.0000 6.1672
643.0000 6.1764
644.0000 6.1853
645.0000 6.1938
646.0000 6.2019
647.0000 6.2089
648.0000 6.2152
649.0000 6.2208
650.0000 6.2268
651.0000 6.2328
652.0000 6.2383
653.0000 6.2437
654.0000 6.2490
655.0000 6.2536
656.0000 6.2582
657.0000 6.2628
658.0000 6.2670
659.0000 6.2706
660.0000 6.2745
661.0000 6.2780
662.0000 6.2811
663.0000 6.2842
664.0000 6.2866
665.0000 6.2889
666.0000 6.2908
667.0000 6.2928
668.0000 6.2947
669.0000 6.2970
670.0000 6.2995
671.0000 6.3012
672.0000 6.3029
673.0000 6.3043
674.0000 6.3060
675.0000 6.3080
676.0000 6.3097
677.0000 6.3109
678.0000 6.3119
679.0000 6.3124
680.0000 6.3130
681.0000 6.3136
682.0000 6.3142
683.0000 6.3150
684.0000 6.3159
685.0000 6.3167
686.0000 6.3173
687.0000 6.3175
688.0000 6.3177
689.0000 6.3177
690.0000 6.3177
691.0000 6.3179
692.0000 6.3184
693.0000 6.3188
694.0000 6.3193
695.0000 6.3197
696.0000 6.3197
697.0000 6.3199
698.0000 6.3196
699.0000 6.3194
700.0000 6.3189
701.0000 6.3189
702.0000 6.3186
703.0000 6.3185
704.0000 6.3183
705.0000 6.3178
706.0000 6.3172
707.0000 6.3170
708.0000 6.3165
709.0000 6.3160
710.0000 6.7109
711.0000 6.9175
712.0000 6.7796
713.0000 6.3681
714.0000 5.8602
715.0000 5.3781
716.0000 5.0032
717.0000 4.7466
718.0000 4.5979
719.0000 4.5364
720.0000 4.5266
721.0000 4.5512
722.0000 4.5892
723.0000 4.6306
724.0000 4.6626
725.0000 4.6815
726.0000 4.6907
727.0000 4.6890
728.0000 4.6720
729.0000 4.6550
730.0000 4.6260
731.0000 4.5984
732.0000 4.5638
733.0000 4.5356
734.0000 4.5060
735.0000 4.4776
736.0000 4.4488
737.0000 4.4220
738.0000 4.3983
739.0000 4.3756
740.0000 4.3531
741.0000 4.3332
742.0000 4.3106
743.0000 4.2939
744.0000 4.2756
745.0000 4.2598
746.0000 4.2385
747.0000 4.2226
748.0000 4.2074
749.0000 4.1908
750.0000 4.1756
751.0000 4.1612
752.0000 4.1469
753.0000 4.1343
754.0000 4.1202
755.0000 4.1051
756.0000 4.0938
757.0000 4.0826
758.0000 4.0706
759.0000 4.0584
760.0000 4.0479
761.0000 4.0384
762.0000 4.0264
763.0000 4.0178
764.0000 4.0068
765.0000 3.9981
766.0000 3.9886
767.0000 3.9810
768.0000 3.9721
769.0000 3.9618
770.0000 3.9532
771.0000 3.9462
772.0000 3.9402
773.0000 3.9341
774.0000 3.9257
775.0000 3.9202
776.0000 3.9124
777.0000 3.9070
778.0000 3.9015
779.0000 3.8949
780.0000 3.8881
781.0000 3.8837
782.0000 3.8782
783.0000 3.8721
784.0000 3.8676
785.0000 3.8621
786.0000 3.8584
787.0000 3.8535
788.0000 3.8496
789.0000 3.8448
790.0000 3.8410
791.0000 3.8362
792.0000 3.8350
793.0000 3.8291
794.0000 3.8273
795.0000 3.8235
796.0000 3.8202
797.0000 3.8152
798.0000 3.8113
799.0000 3.8086
800.0000 3.8068
801.0000 3.8053
802.0000 3.8008
803.0000 3.7972
804.0000 3.7947
805.0000 3.7924
806.0000 3.7907
807.0000 3.7870
808.0000 3.7865
809.0000 3.7836
810.0000 -0.5988
811.0000 -3.4642
812.0000 -4.9336
813.0000 -5.3713
814.0000 -5.1736
815.0000 -4.6539
816.0000 -4.0320
817.0000 -3.4439
818.0000 -2.9534
819.0000 -2.5831
820.0000 -2.3300
821.0000 -2.1832
822.0000 -2.1187
823.0000 -2.1116
824.0000 -2.1407
825.0000 -2.1898
826.0000 -2.2488
827.0000 -2.3031
828.0000 -2.3506
829.0000 -2.3888
830.0000 -2.4210
831.0000 -2.4401
832.0000 -2.4547
833.0000 -2.4602
834.0000 -2.4616
835.0000 -2.4637
836.0000 -2.4640
837.0000 -2.4601
838.0000 -2.4584
839.0000 -2.4539
840.0000 -2.4530
841.0000 -2.4513
842.0000 -2.4465
843.0000 -2.4446
844.0000 -2.4428
845.0000 -2.4379
846.0000 -2.4363
847.0000 -2.4336
848.0000 -2.4305
849.0000 -2.4265
850.0000 -2.4198
851.0000 -2.4164
852.0000 -2.4129
853.0000 -2.4087
854.0000 -2.4039
855.0000 -2.3969
856.0000 -2.3926
857.0000 -2.3871
858.0000 -2.3820
859.0000 -2.3767
860.0000 -2.3713
861.0000 -2.3664
862.0000 -2.3616
863.0000 -2.3559
864.0000 -2.3478
865.0000 -2.3426
866.0000 -2.3374
867.0000 -2.3319
868.0000 -2.3263
869.0000 -2.3214
870.0000 -2.3167
871.0000 -2.3121
872.0000 -2.3073
873.0000 -2.3020
874.0000 -2.2967
875.0000 -2.2912
876.0000 -2.2863
877.0000 -2.2809
878.0000 -2.2760
879.0000 -2.2711
880.0000 -2.2661
881.0000 -2.2609
882.0000 -2.2560
883.0000 -2.2488
884.0000 -2.2446
885.0000 -2.2411
886.0000 -2.2368
887.0000 -2.2323
888.0000 -2.2280
889.0000 -2.2237
890.0000 -2.2194
891.0000 -2.2153
892.0000 -2.2113
893.0000 -2.2076
894.0000 -2.2035
895.0000 -2.1995
896.0000 -2.1954
897.0000 -2.1917
898.0000 -2.1877
899.0000 -2.1836
900.0000 -2.1797
901.0000 -2.1766
902.0000 -2.1738
903.0000 -2.1711
904.0000 -2.1678
905.0000 -2.1642
906.0000 -2.1603
907.0000 -2.1571
908.0000 -2.1537
909.0000 -2.1509
910.0000 -2.1483
