1.0000 0.0000
2.0000 0.0000
3.0000 0.0000
4.0000 0.0000
5.0000 0.0000
6.0000 0.0000
7.0000 0.0000
8.0000 0.0000
9.0000 0.0000
10.0000 0.4947
11.0000 0.4049
12.0000 0.1899
13.0000 0.0181
14.0000 -0.0847
15.0000 -0.1374
16.0000 -0.1625
17.0000 -0.1739
18.0000 -0.1792
19.0000 -0.1820
20.0000 -0.1838
21.0000 -0.1861
22.0000 -0.1894
23.0000 -0.1936
24.0000 -0.1987
25.0000 -0.2048
26.0000 -0.2115
27.0000 -0.2186
28.0000 -0.2260
29.0000 -0.2334
30.0000 -0.2403
31.0000 -0.2471
32.0000 -0.2536
33.0000 -0.2601
34.0000 -0.2661
35.0000 -0.2717
36.0000 -0.2772
37.0000 -0.2826
38.0000 -0.2877
39.0000 -0.2928
40.0000 -0.2977
41.0000 -0.3024
42.0000 -0.3070
43.0000 -0.3114
44.0000 -0.3160
45.0000 -0.3203
46.0000 -0.3246
47.0000 -0.3288
48.0000 -0.3327
49.0000 -0.3366
50.0000 -0.3406
51.0000 -0.3445
52.0000 -0.3480
53.0000 -0.3517
54.0000 -0.3554
55.0000 -0.3588
56.0000 -0.3621
57.0000 -0.3654
58.0000 -0.3686
59.0000 -0.3718
60.0000 -0.3748
61.0000 -0.3779
62.0000 -0.3809
63.0000 -0.3837
64.0000 -0.3864
65.0000 -0.3890
66.0000 -0.3918
67.0000 -0.3944
68.0000 -0.3971
69.0000 -0.3996
70.0000 -0.4021
71.0000 -0.4043
72.0000 -0.4066
73.0000 -0.4089
74.0000 -0.4112
75.0000 -0.4133
76.0000 -0.4155
77.0000 -0.4176
78.0000 -0.4196
79.0000 -0.4216
80.0000 -0.4234
81.0000 -0.4252
82.0000 -0.4271
83.0000 -0.4290
84.0000 -0.4307
85.0000 -0.4324
86.0000 -0.4340
87.0000 -0.4357
88.0000 -0.4373
89.0000 -0.4388
90.0000 -0.4402
91.0000 -0.4417
92.0000 -0.4431
93.0000 -0.4445
94.0000 -0.4459
95.0000 -0.4474
96.0000 -0.4486
97.0000 -0.4499
98.0000 -0.4511
99.0000 -0.4522
100.0000 -0.4533
101.0000 -0.4543
102.0000 -0.4556
103.0000 -0.4569
104.0000 -0.4578
105.0000 -0.4588
106.0000 -0.4598
107.0000 -0.4608
108.0000 -0.4617
109.0000 -0.4627
110.0000 -1.5579
111.0000 -1.6024
112.0000 -1.3456
113.0000 -1.1287
114.0000 -1.0040
115.0000 -0.9397
116.0000 -0.9061
117.0000 -0.8846
118.0000 -0.8692
119.0000 -0.8631
120.0000 -0.8570
121.0000 -0.8586
122.0000 -0.8613
123.0000 -0.8645
124.0000 -0.8697
125.0000 -0.8754
126.0000 -0.8775
127.0000 -0.8806
128.0000 -0.8848
129.0000 -0.8871
130.0000 -0.8872
131.0000 -0.8880
132.0000 -0.8882
133.0000 -0.8890
134.0000 -0.8881
135.0000 -0.8882
136.0000 -0.8876
137.0000 -0.8885
138.0000 -0.8872
139.0000 -0.8863
140.0000 -0.8844
141.0000 -0.8851
142.0000 -0.8850
143.0000 -0.8833
144.0000 -0.8840
145.0000 -0.8830
146.0000 -0.8801
147.0000 -0.8805
148.0000 -0.8802
149.0000 -0.8788
150.0000 -0.8789
151.0000 -0.8774
152.0000 -0.8761
153.0000 -0.8752
154.0000 -0.8740
155.0000 -0.8739
156.0000 -0.8719
157.0000 -0.8715
158.0000 -0.8698
159.0000 -0.8699
160.0000 -0.8689
161.0000 -0.8673
162.0000 -0.8664
163.0000 -0.8652
164.0000 -0.8646
165.0000 -0.8637
166.0000 -0.8622
167.0000 -0.8610
168.0000 -0.8606
169.0000 -0.8595
170.0000 -0.8585
171.0000 -0.8567
172.0000 -0.8568
173.0000 -0.8553
174.0000 -0.8549
175.0000 -0.8525
176.0000 -0.8531
177.0000 -0.8513
178.0000 -0.8512
179.0000 -0.8498
180.0000 -0.8489
181.0000 -0.8478
182.0000 -0.8471
183.0000 -0.8468
184.0000 -0.8446
185.0000 -0.8447
186.0000 -0.8430
187.0000 -0.8431
188.0000 -0.8411
189.0000 -0.8413
190.0000 -0.8399
191.0000 -0.8405
192.0000 -0.8382
193.0000 -0.8378
194.0000 -0.8377
195.0000 -0.8365
196.0000 -0.8352
197.0000 -0.8348
198.0000 -0.8340
199.0000 -0.8331
200.0000 -0.8335
201.0000 -0.8320
202.0000 -0.8312
203.0000 -0.8306
204.0000 -0.8301
205.0000 -0.8292
206.0000 -0.8282
207.0000 -0.8280
208.0000 -0.8267
209.0000 -0.8263
210.0000 0.3310
211.0000 0.5772
212.0000 0.5656
213.0000 0.5312
214.0000 0.5191
215.0000 0.5197
216.0000 0.5194
217.0000 0.5135
218.0000 0.5046
219.0000 0.4964
220.0000 0.4929
221.0000 0.4924
222.0000 0.4969
223.0000 0.5052
224.0000 0.5161
225.0000 0.5288
226.0000 0.5418
227.0000 0.5563
228.0000 0.5705
229.0000 0.5839
230.0000 0.5959
231.0000 0.6082
232.0000 0.6185
233.0000 0.6295
234.0000 0.6396
235.0000 0.6483
236.0000 0.6568
237.0000 0.6657
238.0000 0.6735
239.0000 0.6820
240.0000 0.6896
241.0000 0.6966
242.0000 0.7041
243.0000 0.7107
244.0000 0.7172
245.0000 0.7247
246.0000 0.7309
247.0000 0.7368
248.0000 0.7429
249.0000 0.7485
250.0000 0.7549
251.0000 0.7603
252.0000 0.7655
253.0000 0.7704
254.0000 0.7753
255.0000 0.7810
256.0000 0.7857
257.0000 0.7898
258.0000 0.7944
259.0000 0.7987
260.0000 0.8027
261.0000 0.8070
262.0000 0.8112
263.0000 0.8145
264.0000 0.8188
265.0000 0.8221
266.0000 0.8254
267.0000 0.8291
268.0000 0.8324
269.0000 0.8355
270.0000 0.8385
271.0000 0.8417
272.0000 0.8447
273.0000 0.8476
274.0000 0.8503
275.0000 0.8529
276.0000 0.8556
277.0000 0.8583
278.0000 0.8607
279.0000 0.8630
280.0000 0.8651
281.0000 0.8671
282.0000 0.8692
283.0000 0.8721
284.0000 0.8738
285.0000 0.8756
286.0000 0.8776
287.0000 0.8793
288.0000 0.8810
289.0000 0.8825
290.0000 0.8845
291.0000 0.8861
292.0000 0.8879
293.0000 0.8892
294.0000 0.8907
295.0000 0.8922
296.0000 0.8936
297.0000 0.8950
298.0000 0.8962
299.0000 0.8973
300.0000 0.8983
301.0000 0.8996
302.0000 0.9008
303.0000 0.9021
304.0000 0.9034
305.0000 0.9043
306.0000 0.9050
307.0000 0.9059
308.0000 0.9069
309.0000 0.9079
310.0000 -0.0807
311.0000 0.0997
312.0000 0.5303
313.0000 0.8748
314.0000 1.0812
315.0000 1.1873
316.0000 1.2379
317.0000 1.2617
318.0000 1.2731
319.0000 1.2792
320.0000 1.2834
321.0000 1.2886
322.0000 1.2957
323.0000 1.3048
324.0000 1.3156
325.0000 1.3281
326.0000 1.3421
327.0000 1.3567
328.0000 1.3721
329.0000 1.3874
330.0000 1.4014
331.0000 1.4154
332.0000 1.4289
333.0000 1.4421
334.0000 1.4546
335.0000 1.4662
336.0000 1.4776
337.0000 1.4887
338.0000 1.4992
339.0000 1.5097
340.0000 1.5197
341.0000 1.5295
342.0000 1.5388
343.0000 1.5482
344.0000 1.5577
345.0000 1.5666
346.0000 1.5755
347.0000 1.5840
348.0000 1.5920
349.0000 1.5999
350.0000 1.6080
351.0000 1.6160
352.0000 1.6232
353.0000 1.6308
354.0000 1.6382
355.0000 1.6453
356.0000 1.6519
357.0000 1.6589
358.0000 1.6655
359.0000 1.6720
360.0000 1.6784
361.0000 1.6845
362.0000 1.6906
363.0000 1.6965
364.0000 1.7021
365.0000 1.7073
366.0000 1.7128
367.0000 1.7181
368.0000 1.7236
369.0000 1.7287
370.0000 1.7338
371.0000 1.7382
372.0000 1.7428
373.0000 1.7474
374.0000 1.7523
375.0000 1.7567
376.0000 1.7612
377.0000 1.7653
378.0000 1.7694
379.0000 1.7733
380.0000 1.7771
381.0000 1.7809
382.0000 1.7845
383.0000 1.7884
384.0000 1.7919
385.0000 1.7953
386.0000 1.7987
387.0000 1.8020
388.0000 1.8053
389.0000 1.8083
390.0000 1.8110
391.0000 1.8141
392.0000 1.8169
393.0000 1.8197
394.0000 1.8227
395.0000 1.8256
396.0000 1.8281
397.0000 1.8308
398.0000 1.8331
399.0000 1.8355
400.0000 1.8376
401.0000 1.8398
402.0000 1.8423
403.0000 1.8447
404.0000 1.8466
405.0000 1.8485
406.0000 1.8504
407.0000 1.8525
408.0000 1.8542
409.0000 1.8560
410.0000 4.0466
411.0000 4.1354
412.0000 3.6219
413.0000 3.1882
414.0000 2.9388
415.0000 2.8103
416.0000 2.7432
417.0000 2.7002
418.0000 2.6695
419.0000 2.6573
420.0000 2.6451
421.0000 2.6484
422.0000 2.6539
423.0000 2.6603
424.0000 2.6706
425.0000 2.6821
426.0000 2.6863
427.0000 2.6926
428.0000 2.7010
429.0000 2.7056
430.0000 2.7059
431.0000 2.7073
432.0000 2.7079
433.0000 2.7094
434.0000 2.7076
435.0000 2.7079
436.0000 2.7068
437.0000 2.7086
438.0000 2.7059
439.0000 2.7041
440.0000 2.7003
441.0000 2.7018
442.0000 2.7015
443.0000 2.6983
444.0000 2.6996
445.0000 2.6976
446.0000 2.6918
447.0000 2.6927
448.0000 2.6920
449.0000 2.6893
450.0000 2.6895
451.0000 2.6866
452.0000 2.6840
453.0000 2.6821
454.0000 2.6797
455.0000 2.6797
456.0000 2.6756
457.0000 2.6748
458.0000 2.6714
459.0000 2.6716
460.0000 2.6697
461.0000 2.6665
462.0000 2.6646
463.0000 2.6622
464.0000 2.6610
465.0000 2.6594
466.0000 2.6562
467.0000 2.6539
468.0000 2.6531
469.0000 2.6509
470.0000 2.6489
471.0000 2.6453
472.0000 2.6455
473.0000 2.6425
474.0000 2.6418
475.0000 2.6370
476.0000 2.6382
477.0000 2.6345
478.0000 2.6344
479.0000 2.6315
480.0000 2.6299
481.0000 2.6275
482.0000 2.6262
483.0000 2.6256
484.0000 2.6213
485.0000 2.6215
486.0000 2.6180
487.0000 2.6183
488.0000 2.6142
489.0000 2.6147
490.0000 2.6119
491.0000 2.6130
492.0000 2.6084
493.0000 2.6077
494.0000 2.6075
495.0000 2.6050
496.0000 2.6024
497.0000 2.6017
498.0000 2.6001
499.0000 2.5983
500.0000 2.5990
501.0000 2.5961
502.0000 2.5945
503.0000 2.5933
504.0000 2.5923
505.0000 2.5906
506.0000 2.5885
507.0000 2.5882
508.0000 2.5855
509.0000 2.5847
510.0000 0.2701
511.0000 -0.2222
512.0000 -0.1991
513.0000 -0.1303
514.0000 -0.1061
515.0000 -0.1073
516.0000 -0.1067
517.0000 -0.0948
518.0000 -0.0771
519.0000 -0.0607
520.0000 -0.0536
521.0000 -0.0526
522.0000 -0.0616
523.0000 -0.0782
524.0000 -0.1000
525.0000 -0.1255
526.0000 -0.1516
527.0000 -0.1805
528.0000 -0.2088
529.0000 -0.2356
530.0000 -0.2597
531.0000 -0.2843
532.0000 -0.3048
533.0000 -0.3268
534.0000 -0.3470
535.0000 -0.3645
536.0000 -0.3814
537.0000 -0.3993
538.0000 -0.4150
539.0000 -0.4319
540.0000 -0.4470
541.0000 -0.4611
542.0000 -0.4761
543.0000 -0.4893
544.0000 -0.5022
545.0000 -0.5172
546.0000 -0.5297
547.0000 -0.5414
548.0000 -0.5537
549.0000 -0.5649
550.0000 -0.5776
551.0000 -0.5885
552.0000 -0.5988
553.0000 -0.6086
554.0000 -0.6184
555.0000 -0.6298
556.0000 -0.6393
557.0000 -0.6475
558.0000 -0.6567
559.0000 -0.6653
560.0000 -0.6732
561.0000 -0.6818
562.0000 -0.6902
563.0000 -0.6968
564.0000 -0.7055
565.0000 -0.7121
566.0000 -0.7187
567.0000 -0.7261
568.0000 -0.7326
569.0000 -0.7389
570.0000 -0.7448
571.0000 -0.7513
572.0000 -0.7573
573.0000 -0.7630
574.0000 -0.7685
575.0000 -0.7737
576.0000 -0.7791
577.0000 -0.7844
578.0000 -0.7892
579.0000 -0.7939
580.0000 -0.7981
581.0000 -0.8021
582.0000 -0.8062
583.0000 -0.8120
584.0000 -0.8156
585.0000 -0.8190
586.0000 -0.8231
587.0000 -0.8264
588.0000 -0.8300
589.0000 -0.8328
590.0000 -0.8369
591.0000 -0.8401
592.0000 -0.8437
593.0000 -0.8464
594.0000 -0.8493
595.0000 -0.8522
596.0000 -0.8551
597.0000 -0.8579
598.0000 -0.8602
599.0000 -0.8624
600.0000 -0.8644
601.0000 -0.8671
602.0000 -0.8694
603.0000 -0.8721
604.0000 -0.8746
605.0000 -0.8764
606.0000 -0.8779
607.0000 -0.8797
608.0000 -0.8817
609.0000 -0.8837
610.0000 0.5988
611.0000 0.3277
612.0000 -0.3183
613.0000 -0.8356
614.0000 -1.1455
615.0000 -1.3049
616.0000 -1.3812
617.0000 -1.4173
618.0000 -1.4348
619.0000 -1.4443
620.0000 -1.4510
621.0000 -1.4589
622.0000 -1.4699
623.0000 -1.4838
624.0000 -1.5003
625.0000 -1.5193
626.0000 -1.5406
627.0000 -1.5627
628.0000 -1.5860
629.0000 -1.6092
630.0000 -1.6304
631.0000 -1.6516
632.0000 -1.6720
633.0000 -1.6920
634.0000 -1.7110
635.0000 -1.7285
636.0000 -1.7458
637.0000 -1.7627
638.0000 -1.7787
639.0000 -1.7945
640.0000 -1.8095
641.0000 -1.8243
642.0000 -1.8385
643.0000 -1.8528
644.0000 -1.8672
645.0000 -1.8808
646.0000 -1.8943
647.0000 -1.9071
648.0000 -1.9192
649.0000 -1.9311
650.0000 -1.9434
651.0000 -1.9555
652.0000 -1.9663
653.0000 -1.9777
654.0000 -1.9889
655.0000 -1.9997
656.0000 -2.0096
657.0000 -2.0202
658.0000 -2.0301
659.0000 -2.0401
660.0000 -2.0499
661.0000 -2.0590
662.0000 -2.0682
663.0000 -2.0772
664.0000 -2.0856
665.0000 -2.0934
666.0000 -2.1017
667.0000 -2.1096
668.0000 -2.1178
669.0000 -2.1256
670.0000 -2.1333
671.0000 -2.1400
672.0000 -2.1468
673.0000 -2.1537
674.0000 -2.1612
675.0000 -2.1681
676.0000 -2.1748
677.0000 -2.1810
678.0000 -2.1871
679.0000 -2.1929
680.0000 -2.1987
681.0000 -2.2044
682.0000 -2.2097
683.0000 -2.2157
684.0000 -2.2209
685.0000 -2.2261
686.0000 -2.2312
687.0000 -2.2363
688.0000 -2.2411
689.0000 -2.2457
690.0000 -2.2497
691.0000 -2.2543
692.0000 -2.2585
693.0000 -2.2628
694.0000 -2.2673
695.0000 -2.2718
696.0000 -2.2755
697.0000 -2.2796
698.0000 -2.2831
699.0000 -2.2866
700.0000 -2.2898
701.0000 -2.2931
702.0000 -2.2969
703.0000 -2.3003
704.0000 -2.3032
705.0000 -2.3060
706.0000 -2.3089
707.0000 -2.3121
708.0000 -2.3145
709.0000 -2.3172
710.0000 -5.6030
711.0000 -5.7363
712.0000 -4.9661
713.0000 -4.3156
714.0000 -3.9415
715.0000 -3.7488
716.0000 -3.6482
717.0000 -3.5837
718.0000 -3.5377
719.0000 -3.5195
720.0000 -3.5012
721.0000 -3.5060
722.0000 -3.5143
723.0000 -3.5240
724.0000 -3.5393
725.0000 -3.5566
726.0000 -3.5630
727.0000 -3.5724
728.0000 -3.5850
729.0000 -3.5920
730.0000 -3.5923
731.0000 -3.5945
732.0000 -3.5954
733.0000 -3.5977
734.0000 -3.5950
735.0000 -3.5954
736.0000 -3.5938
737.0000 -3.5965
738.0000 -3.5925
739.0000 -3.5898
740.0000 -3.5842
741.0000 -3.5863
742.0000 -3.5859
743.0000 -3.5811
744.0000 -3.5830
745.0000 -3.5800
746.0000 -3.5714
747.0000 -3.5728
748.0000 -3.5717
749.0000 -3.5677
750.0000 -3.5680
751.0000 -3.5637
752.0000 -3.5598
753.0000 -3.5569
754.0000 -3.5533
755.0000 -3.5533
756.0000 -3.5472
757.0000 -3.5460
758.0000 -3.5408
759.0000 -3.5412
760.0000 -3.5383
761.0000 -3.5336
762.0000 -3.5307
763.0000 -3.5271
764.0000 -3.5253
765.0000 -3.5229
766.0000 -3.5181
767.0000 -3.5147
768.0000 -3.5134
769.0000 -3.5102
770.0000 -3.5072
771.0000 -3.5018
772.0000 -3.5021
773.0000 -3.4976
774.0000 -3.4966
775.0000 -3.4894
776.0000 -3.4911
777.0000 -3.4856
778.0000 -3.4854
779.0000 -3.4811
780.0000 -3.4787
781.0000 -3.4751
782.0000 -3.4732
783.0000 -3.4723
784.0000 -3.4658
785.0000 -3.4661
786.0000 -3.4609
787.0000 -3.4614
788.0000 -3.4553
789.0000 -3.4559
790.0000 -3.4517
791.0000 -3.4534
792.0000 -3.4464
793.0000 -3.4455
794.0000 -3.4452
795.0000 -3.4414
796.0000 -3.4375
797.0000 -3.4364
798.0000 -3.4340
799.0000 -3.4313
800.0000 -3.4324
801.0000 -3.4280
802.0000 -3.4257
803.0000 -3.4239
804.0000 -3.4224
805.0000 -3.4198
806.0000 -3.4167
807.0000 -3.4162
808.0000 -3.4121
809.0000 -3.4110
810.0000 0.0609
811.0000 0.7994
812.0000 0.7648
813.0000 0.6616
814.0000 0.6252
815.0000 0.6270
816.0000 0.6262
817.0000 0.6083
818.0000 0.5817
819.0000 0.5571
820.0000 0.5465
821.0000 0.5450
822.0000 0.5585
823.0000 0.5834
824.0000 0.6161
825.0000 0.6544
826.0000 0.6934
827.0000 0.7368
828.0000 0.7793
829.0000 0.8195
830.0000 0.8557
831.0000 0.8925
832.0000 0.9233
833.0000 0.9563
834.0000 0.9866
835.0000 1.0128
836.0000 1.0382
837.0000 1.0650
838.0000 1.0885
839.0000 1.1139
840.0000 1.1366
841.0000 1.1577
842.0000 1.1801
843.0000 1.2000
844.0000 1.2193
845.0000 1.2418
846.0000 1.2606
847.0000 1.2782
848.0000 1.2966
849.0000 1.3134
850.0000 1.3325
851.0000 1.3488
852.0000 1.3643
853.0000 1.3790
854.0000 1.3937
855.0000 1.4107
856.0000 1.4249
857.0000 1.4373
858.0000 1.4511
859.0000 1.4640
860.0000 1.4759
861.0000 1.4888
862.0000 1.5013
863.0000 1.5113
864.0000 1.5244
865.0000 1.5342
866.0000 1.5440
867.0000 1.5552
868.0000 1.5649
869.0000 1.5744
870.0000 1.5833
871.0000 1.5931
872.0000 1.6020
873.0000 1.6105
874.0000 1.6188
875.0000 1.6266
876.0000 1.6347
877.0000 1.6427
878.0000 1.6499
879.0000 1.6569
880.0000 1.6632
881.0000 1.6692
882.0000 1.6753
883.0000 1.6840
884.0000 1.6894
885.0000 1.6946
886.0000 1.7007
887.0000 1.7057
888.0000 1.7110
889.0000 1.7152
890.0000 1.7215
891.0000 1.7262
892.0000 1.7316
893.0000 1.7356
894.0000 1.7400
895.0000 1.7444
896.0000 1.7487
897.0000 1.7529
898.0000 1.7564
899.0000 1.7596
900.0000 1.7627
901.0000 1.7667
902.0000 1.7701
903.0000 1.7743
904.0000 1.7779
905.0000 1.7807
906.0000 1.7829
907.0000 1.7856
908.0000 1.7887
909.0000 1.7916
910.0000 1.7942
