1.0000 0.0000
2.0000 0.0000
3.0000 0.0000
4.0000 0.0000
5.0000 0.0000
6.0000 0.0000
7.0000 0.0000
8.0000 0.0000
9.0000 0.0000
10.0000 0.0000
11.0000 0.3774
12.0000 0.6467
13.0000 0.7892
14.0000 0.8583
15.0000 0.8981
16.0000 0.9287
17.0000 0.9553
18.0000 0.9773
19.0000 0.9936
20.0000 1.0044
21.0000 1.0104
22.0000 1.0126
23.0000 1.0125
24.0000 1.0109
25.0000 1.0087
26.0000 1.0063
27.0000 1.0042
28.0000 1.0025
29.0000 1.0011
30.0000 1.0002
31.0000 0.9996
32.0000 0.9993
33.0000 0.9992
34.0000 0.9992
35.0000 0.9993
36.0000 0.9994
37.0000 0.9995
38.0000 0.9996
39.0000 0.9998
40.0000 0.9998
41.0000 0.9998
42.0000 0.9998
43.0000 0.9999
44.0000 0.9999
45.0000 0.9999
46.0000 0.9999
47.0000 0.9999
48.0000 0.9999
49.0000 1.0000
50.0000 0.9999
51.0000 0.9999
52.0000 0.9999
53.0000 0.9999
54.0000 0.9999
55.0000 0.9999
56.0000 0.9999
57.0000 1.0000
58.0000 1.0000
59.0000 1.0000
60.0000 1.0000
61.0000 1.0000
62.0000 1.0000
63.0000 0.9999
64.0000 0.9999
65.0000 1.0000
66.0000 1.0000
67.0000 1.0000
68.0000 1.0000
69.0000 0.9999
70.0000 0.9999
71.0000 0.9999
72.0000 0.9999
73.0000 1.0000
74.0000 1.0000
75.0000 1.0000
76.0000 1.0000
77.0000 1.0000
78.0000 1.0000
79.0000 1.0000
80.0000 1.0000
81.0000 1.0000
82.0000 1.0000
83.0000 1.0000
84.0000 1.0000
85.0000 1.0000
86.0000 0.9999
87.0000 1.0000
88.0000 1.0000
89.0000 1.0000
90.0000 1.0000
91.0000 1.0000
92.0000 1.0000
93.0000 1.0000
94.0000 1.0000
95.0000 1.0000
96.0000 1.0000
97.0000 1.0000
98.0000 0.9999
99.0000 0.9999
100.0000 1.0000
101.0000 1.0001
102.0000 1.0000
103.0000 1.0000
104.0000 1.0000
105.0000 1.0000
106.0000 1.0000
107.0000 1.0000
108.0000 1.0000
109.0000 1.0000
110.0000 1.0000
111.0000 1.0930
112.0000 0.8613
113.0000 0.8145
114.0000 0.8771
115.0000 0.9521
116.0000 1.0049
117.0000 1.0304
118.0000 1.0387
119.0000 1.0356
120.0000 1.0287
121.0000 1.0208
122.0000 1.0127
123.0000 1.0069
124.0000 1.0024
125.0000 0.9987
126.0000 0.9974
127.0000 0.9966
128.0000 0.9964
129.0000 0.9971
130.0000 0.9973
131.0000 0.9976
132.0000 0.9990
133.0000 0.9993
134.0000 0.9995
135.0000 1.0002
136.0000 1.0003
137.0000 1.0005
138.0000 1.0002
139.0000 0.9997
140.0000 1.0005
141.0000 1.0007
142.0000 1.0001
143.0000 1.0007
144.0000 1.0000
145.0000 0.9999
146.0000 1.0000
147.0000 1.0002
148.0000 1.0004
149.0000 1.0004
150.0000 0.9997
151.0000 1.0001
152.0000 0.9999
153.0000 0.9997
154.0000 1.0003
155.0000 1.0002
156.0000 1.0002
157.0000 0.9998
158.0000 1.0005
159.0000 1.0001
160.0000 1.0001
161.0000 1.0000
162.0000 1.0001
163.0000 0.9999
164.0000 1.0004
165.0000 0.9999
166.0000 1.0002
167.0000 0.9999
168.0000 1.0002
169.0000 1.0004
170.0000 1.0000
171.0000 1.0001
172.0000 0.9997
173.0000 1.0002
174.0000 1.0001
175.0000 1.0002
176.0000 0.9999
177.0000 1.0002
178.0000 0.9998
179.0000 1.0002
180.0000 1.0000
181.0000 0.9999
182.0000 1.0000
183.0000 1.0000
184.0000 1.0001
185.0000 0.9998
186.0000 1.0002
187.0000 0.9999
188.0000 1.0003
189.0000 1.0000
190.0000 1.0003
191.0000 0.9998
192.0000 1.0000
193.0000 1.0002
194.0000 0.9996
195.0000 1.0002
196.0000 1.0000
197.0000 1.0002
198.0000 1.0002
199.0000 1.0001
200.0000 0.9997
201.0000 1.0001
202.0000 1.0001
203.0000 1.0000
204.0000 0.9999
205.0000 0.9999
206.0000 1.0000
207.0000 1.0001
208.0000 0.9999
209.0000 1.0003
210.0000 0.9999
211.0000 1.3920
212.0000 1.5382
213.0000 1.4915
214.0000 1.3630
215.0000 1.2286
216.0000 1.1223
217.0000 1.0489
218.0000 1.0033
219.0000 0.9778
220.0000 0.9663
221.0000 0.9643
222.0000 0.9674
223.0000 0.9732
224.0000 0.9800
225.0000 0.9865
226.0000 0.9921
227.0000 0.9960
228.0000 0.9990
229.0000 1.0011
230.0000 1.0024
231.0000 1.0024
232.0000 1.0025
233.0000 1.0019
234.0000 1.0016
235.0000 1.0015
236.0000 1.0010
237.0000 1.0004
238.0000 1.0003
239.0000 0.9999
240.0000 1.0002
241.0000 1.0002
242.0000 0.9999
243.0000 1.0001
244.0000 1.0000
245.0000 0.9998
246.0000 1.0001
247.0000 1.0001
248.0000 1.0001
249.0000 0.9999
250.0000 0.9998
251.0000 1.0001
252.0000 1.0002
253.0000 1.0001
254.0000 0.9999
255.0000 0.9997
256.0000 1.0001
257.0000 1.0001
258.0000 1.0001
259.0000 1.0000
260.0000 1.0000
261.0000 0.9999
262.0000 1.0000
263.0000 0.9998
264.0000 0.9998
265.0000 1.0000
266.0000 1.0001
267.0000 1.0001
268.0000 1.0000
269.0000 1.0001
270.0000 1.0001
271.0000 1.0001
272.0000 1.0000
273.0000 1.0000
274.0000 1.0000
275.0000 0.9999
276.0000 0.9999
277.0000 1.0000
278.0000 0.9999
279.0000 1.0000
280.0000 1.0000
281.0000 0.9999
282.0000 0.9997
283.0000 0.9996
284.0000 1.0000
285.0000 1.0001
286.0000 1.0002
287.0000 1.0001
288.0000 1.0000
289.0000 0.9999
290.0000 1.0000
291.0000 0.9999
292.0000 0.9999
293.0000 1.0000
294.0000 1.0000
295.0000 1.0000
296.0000 1.0000
297.0000 1.0000
298.0000 1.0000
299.0000 1.0000
300.0000 1.0000
301.0000 0.9999
302.0000 0.9999
303.0000 0.9999
304.0000 1.0000
305.0000 1.0000
306.0000 1.0000
307.0000 1.0000
308.0000 0.9999
309.0000 1.0000
310.0000 1.0000
311.0000 0.2453
312.0000 -0.2935
313.0000 -0.5785
314.0000 -0.7167
315.0000 -0.7962
316.0000 -0.8575
317.0000 -0.9107
318.0000 -0.9546
319.0000 -0.9873
320.0000 -1.0088
321.0000 -1.0207
322.0000 -1.0252
323.0000 -1.0249
324.0000 -1.0218
325.0000 -1.0174
326.0000 -1.0126
327.0000 -1.0084
328.0000 -1.0049
329.0000 -1.0022
330.0000 -1.0003
331.0000 -0.9991
332.0000 -0.9986
333.0000 -0.9984
334.0000 -0.9984
335.0000 -0.9986
336.0000 -0.9988
337.0000 -0.9990
338.0000 -0.9992
339.0000 -0.9995
340.0000 -0.9995
341.0000 -0.9996
342.0000 -0.9996
343.0000 -0.9998
344.0000 -0.9998
345.0000 -0.9999
346.0000 -0.9997
347.0000 -0.9998
348.0000 -0.9998
349.0000 -0.9999
350.0000 -0.9999
351.0000 -0.9999
352.0000 -0.9999
353.0000 -0.9998
354.0000 -0.9999
355.0000 -0.9998
356.0000 -0.9998
357.0000 -0.9999
358.0000 -0.9999
359.0000 -0.9999
360.0000 -0.9999
361.0000 -0.9999
362.0000 -0.9999
363.0000 -0.9998
364.0000 -0.9998
365.0000 -0.9999
366.0000 -0.9999
367.0000 -1.0001
368.0000 -1.0000
369.0000 -0.9999
370.0000 -0.9997
371.0000 -0.9997
372.0000 -0.9998
373.0000 -0.9999
374.0000 -1.0000
375.0000 -1.0000
376.0000 -1.0000
377.0000 -0.9998
378.0000 -0.9999
379.0000 -0.9999
380.0000 -1.0000
381.0000 -0.9999
382.0000 -1.0001
383.0000 -1.0000
384.0000 -1.0000
385.0000 -1.0000
386.0000 -0.9999
387.0000 -0.9999
388.0000 -0.9999
389.0000 -0.9999
390.0000 -0.9999
391.0000 -0.9999
392.0000 -1.0000
393.0000 -1.0001
394.0000 -1.0000
395.0000 -1.0000
396.0000 -0.9999
397.0000 -0.9999
398.0000 -0.9999
399.0000 -0.9999
400.0000 -1.0000
401.0000 -1.0001
402.0000 -1.0000
403.0000 -1.0001
404.0000 -1.0000
405.0000 -0.9999
406.0000 -1.0000
407.0000 -1.0000
408.0000 -0.9999
409.0000 -1.0000
410.0000 -0.9999
411.0000 -1.1859
412.0000 -0.7224
413.0000 -0.6289
414.0000 -0.7541
415.0000 -0.9041
416.0000 -1.0097
417.0000 -1.0607
418.0000 -1.0773
419.0000 -1.0710
420.0000 -1.0573
421.0000 -1.0415
422.0000 -1.0253
423.0000 -1.0137
424.0000 -1.0046
425.0000 -0.9972
426.0000 -0.9947
427.0000 -0.9931
428.0000 -0.9928
429.0000 -0.9942
430.0000 -0.9945
431.0000 -0.9951
432.0000 -0.9979
433.0000 -0.9986
434.0000 -0.9990
435.0000 -1.0003
436.0000 -1.0006
437.0000 -1.0009
438.0000 -1.0003
439.0000 -0.9994
440.0000 -1.0010
441.0000 -1.0013
442.0000 -1.0002
443.0000 -1.0014
444.0000 -1.0000
445.0000 -0.9997
446.0000 -1.0000
447.0000 -1.0003
448.0000 -1.0008
449.0000 -1.0008
450.0000 -0.9993
451.0000 -1.0002
452.0000 -0.9998
453.0000 -0.9993
454.0000 -1.0006
455.0000 -1.0004
456.0000 -1.0003
457.0000 -0.9995
458.0000 -1.0009
459.0000 -1.0002
460.0000 -1.0001
461.0000 -0.9999
462.0000 -1.0003
463.0000 -0.9997
464.0000 -1.0007
465.0000 -0.9997
466.0000 -1.0003
467.0000 -0.9997
468.0000 -1.0003
469.0000 -1.0008
470.0000 -0.9999
471.0000 -1.0002
472.0000 -0.9993
473.0000 -1.0003
474.0000 -1.0001
475.0000 -1.0003
476.0000 -0.9999
477.0000 -1.0004
478.0000 -0.9995
479.0000 -1.0005
480.0000 -1.0000
481.0000 -0.9998
482.0000 -1.0001
483.0000 -1.0001
484.0000 -1.0003
485.0000 -0.9995
486.0000 -1.0004
487.0000 -0.9997
488.0000 -1.0005
489.0000 -0.9999
490.0000 -1.0005
491.0000 -0.9997
492.0000 -0.9999
493.0000 -1.0003
494.0000 -0.9992
495.0000 -1.0005
496.0000 -0.9999
497.0000 -1.0005
498.0000 -1.0004
499.0000 -1.0003
500.0000 -0.9994
501.0000 -1.0002
502.0000 -1.0002
503.0000 -1.0000
504.0000 -0.9999
505.0000 -0.9998
506.0000 -0.9999
507.0000 -1.0003
508.0000 -0.9999
509.0000 -1.0005
510.0000 -0.9998
511.0000 -1.7840
512.0000 -2.0764
513.0000 -1.9830
514.0000 -1.7259
515.0000 -1.4572
516.0000 -1.2445
517.0000 -1.0979
518.0000 -1.0066
519.0000 -0.9557
520.0000 -0.9325
521.0000 -0.9286
522.0000 -0.9348
523.0000 -0.9465
524.0000 -0.9601
525.0000 -0.9730
526.0000 -0.9842
527.0000 -0.9919
528.0000 -0.9980
529.0000 -1.0023
530.0000 -1.0048
531.0000 -1.0048
532.0000 -1.0050
533.0000 -1.0039
534.0000 -1.0032
535.0000 -1.0030
536.0000 -1.0020
537.0000 -1.0008
538.0000 -1.0005
539.0000 -0.9998
540.0000 -1.0004
541.0000 -1.0004
542.0000 -0.9998
543.0000 -1.0002
544.0000 -0.9999
545.0000 -0.9996
546.0000 -1.0002
547.0000 -1.0003
548.0000 -1.0002
549.0000 -0.9997
550.0000 -0.9995
551.0000 -1.0002
552.0000 -1.0004
553.0000 -1.0001
554.0000 -0.9999
555.0000 -0.9993
556.0000 -1.0002
557.0000 -1.0002
558.0000 -1.0003
559.0000 -1.0000
560.0000 -1.0000
561.0000 -0.9999
562.0000 -0.9999
563.0000 -0.9997
564.0000 -0.9996
565.0000 -1.0001
566.0000 -1.0002
567.0000 -1.0001
568.0000 -1.0000
569.0000 -1.0002
570.0000 -1.0001
571.0000 -1.0001
572.0000 -1.0000
573.0000 -1.0001
574.0000 -1.0000
575.0000 -0.9998
576.0000 -0.9999
577.0000 -0.9999
578.0000 -0.9998
579.0000 -1.0000
580.0000 -0.9999
581.0000 -0.9998
582.0000 -0.9995
583.0000 -0.9992
584.0000 -1.0001
585.0000 -1.0002
586.0000 -1.0003
587.0000 -1.0002
588.0000 -1.0000
589.0000 -0.9999
590.0000 -1.0000
591.0000 -0.9998
592.0000 -0.9999
593.0000 -1.0000
594.0000 -1.0000
595.0000 -1.0000
596.0000 -1.0000
597.0000 -1.0000
598.0000 -1.0001
599.0000 -1.0000
600.0000 -0.9999
601.0000 -0.9998
602.0000 -0.9998
603.0000 -0.9999
604.0000 -1.0000
605.0000 -1.0001
606.0000 -1.0000
607.0000 -1.0000
608.0000 -0.9999
609.0000 -0.9999
610.0000 -0.9999
611.0000 0.1320
612.0000 0.9402
613.0000 1.3677
614.0000 1.5751
615.0000 1.6942
616.0000 1.7863
617.0000 1.8660
618.0000 1.9319
619.0000 1.9809
620.0000 2.0132
621.0000 2.0310
622.0000 2.0378
623.0000 2.0374
624.0000 2.0326
625.0000 2.0261
626.0000 2.0189
627.0000 2.0126
628.0000 2.0074
629.0000 2.0033
630.0000 2.0004
631.0000 1.9986
632.0000 1.9979
633.0000 1.9976
634.0000 1.9976
635.0000 1.9978
636.0000 1.9981
637.0000 1.9985
638.0000 1.9988
639.0000 1.9991
640.0000 1.9992
641.0000 1.9994
642.0000 1.9995
643.0000 1.9997
644.0000 1.9997
645.0000 1.9998
646.0000 1.9996
647.0000 1.9996
648.0000 1.9997
649.0000 1.9998
650.0000 1.9999
651.0000 1.9999
652.0000 1.9999
653.0000 1.9998
654.0000 1.9999
655.0000 1.9997
656.0000 1.9997
657.0000 1.9998
658.0000 1.9999
659.0000 1.9998
660.0000 1.9998
661.0000 1.9998
662.0000 1.9998
663.0000 1.9996
664.0000 1.9998
665.0000 1.9998
666.0000 1.9999
667.0000 2.0002
668.0000 2.0000
669.0000 1.9999
670.0000 1.9996
671.0000 1.9996
672.0000 1.9997
673.0000 1.9999
674.0000 2.0000
675.0000 2.0000
676.0000 1.9999
677.0000 1.9997
678.0000 1.9998
679.0000 1.9998
680.0000 2.0000
681.0000 1.9999
682.0000 2.0001
683.0000 2.0001
684.0000 2.0000
685.0000 2.0000
686.0000 1.9999
687.0000 1.9999
688.0000 1.9999
689.0000 1.9999
690.0000 1.9999
691.0000 1.9999
692.0000 2.0001
693.0000 2.0001
694.0000 1.9999
695.0000 2.0000
696.0000 1.9999
697.0000 1.9999
698.0000 1.9998
699.0000 1.9998
700.0000 1.9999
701.0000 2.0002
702.0000 2.0000
703.0000 2.0001
704.0000 2.0000
705.0000 1.9999
706.0000 1.9999
707.0000 2.0001
708.0000 1.9999
709.0000 1.9999
710.0000 1.9999
711.0000 2.2788
712.0000 1.5836
713.0000 1.4434
714.0000 1.6310
715.0000 1.8560
716.0000 2.0145
717.0000 2.0910
718.0000 2.1159
719.0000 2.1065
720.0000 2.0858
721.0000 2.0622
722.0000 2.0379
723.0000 2.0206
724.0000 2.0069
725.0000 1.9958
726.0000 1.9920
727.0000 1.9895
728.0000 1.9892
729.0000 1.9912
730.0000 1.9917
731.0000 1.9926
732.0000 1.9968
733.0000 1.9978
734.0000 1.9985
735.0000 2.0004
736.0000 2.0009
737.0000 2.0013
738.0000 2.0005
739.0000 1.9990
740.0000 2.0014
741.0000 2.0019
742.0000 2.0003
743.0000 2.0021
744.0000 2.0000
745.0000 1.9995
746.0000 2.0000
747.0000 2.0004
748.0000 2.0012
749.0000 2.0012
750.0000 1.9990
751.0000 2.0003
752.0000 1.9996
753.0000 1.9990
754.0000 2.0008
755.0000 2.0006
756.0000 2.0004
757.0000 1.9993
758.0000 2.0013
759.0000 2.0003
760.0000 2.0001
761.0000 1.9998
762.0000 2.0004
763.0000 1.9996
764.0000 2.0010
765.0000 1.9995
766.0000 2.0004
767.0000 1.9996
768.0000 2.0004
769.0000 2.0012
770.0000 1.9998
771.0000 2.0003
772.0000 1.9989
773.0000 2.0004
774.0000 2.0002
775.0000 2.0004
776.0000 1.9998
777.0000 2.0007
778.0000 1.9992
779.0000 2.0007
780.0000 2.0001
781.0000 1.9997
782.0000 2.0001
783.0000 2.0001
784.0000 2.0004
785.0000 1.9992
786.0000 2.0006
787.0000 1.9995
788.0000 2.0008
789.0000 1.9999
790.0000 2.0008
791.0000 1.9995
792.0000 1.9998
793.0000 2.0005
794.0000 1.9989
795.0000 2.0007
796.0000 1.9999
797.0000 2.0007
798.0000 2.0006
799.0000 2.0004
800.0000 1.9991
801.0000 2.0003
802.0000 2.0002
803.0000 2.0000
804.0000 1.9998
805.0000 1.9997
806.0000 1.9999
807.0000 2.0004
808.0000 1.9998
809.0000 2.0007
810.0000 1.9996
811.0000 3.1760
812.0000 3.6146
813.0000 3.4746
814.0000 3.0889
815.0000 2.6857
816.0000 2.3668
817.0000 2.1468
818.0000 2.0100
819.0000 1.9335
820.0000 1.8988
821.0000 1.8930
822.0000 1.9021
823.0000 1.9197
824.0000 1.9401
825.0000 1.9595
826.0000 1.9762
827.0000 1.9879
828.0000 1.9970
829.0000 2.0034
830.0000 2.0071
831.0000 2.0073
832.0000 2.0076
833.0000 2.0058
834.0000 2.0047
835.0000 2.0045
836.0000 2.0030
837.0000 2.0012
838.0000 2.0008
839.0000 1.9998
840.0000 2.0006
841.0000 2.0007
842.0000 1.9997
843.0000 2.0003
844.0000 1.9999
845.0000 1.9994
846.0000 2.0003
847.0000 2.0004
848.0000 2.0003
849.0000 1.9996
850.0000 1.9993
851.0000 2.0002
852.0000 2.0006
853.0000 2.0002
854.0000 1.9998
855.0000 1.9990
856.0000 2.0004
857.0000 2.0003
858.0000 2.0004
859.0000 2.0000
860.0000 1.9999
861.0000 1.9998
862.0000 1.9999
863.0000 1.9995
864.0000 1.9994
865.0000 2.0001
866.0000 2.0002
867.0000 2.0002
868.0000 2.0000
869.0000 2.0004
870.0000 2.0002
871.0000 2.0002
872.0000 2.0000
873.0000 2.0001
874.0000 2.0000
875.0000 1.9998
876.0000 1.9998
877.0000 1.9999
878.0000 1.9997
879.0000 2.0000
880.0000 1.9999
881.0000 1.9997
882.0000 1.9992
883.0000 1.9989
884.0000 2.0001
885.0000 2.0003
886.0000 2.0005
887.0000 2.0002
888.0000 2.0001
889.0000 1.9998
890.0000 2.0000
891.0000 1.9997
892.0000 1.9998
893.0000 2.0000
894.0000 2.0000
895.0000 2.0000
896.0000 2.0000
897.0000 2.0000
898.0000 2.0001
899.0000 2.0000
900.0000 1.9999
901.0000 1.9997
902.0000 1.9997
903.0000 1.9998
904.0000 2.0000
905.0000 2.0001
906.0000 2.0001
907.0000 2.0000
908.0000 1.9998
909.0000 1.9999
910.0000 1.9999
