1.0000 0.0000
2.0000 0.0000
3.0000 0.0000
4.0000 0.0000
5.0000 0.0000
6.0000 0.0000
7.0000 0.0000
8.0000 0.0000
9.0000 0.0000
10.0000 0.0000
11.0000 0.0000
12.0000 0.0000
13.0000 0.0000
14.0000 0.0000
15.0000 0.0000
16.0000 0.0000
17.0000 0.0000
18.0000 0.0000
19.0000 0.0000
20.0000 0.0000
21.0000 0.0000
22.0000 0.0000
23.0000 0.0000
24.0000 0.0000
25.0000 0.0000
26.0000 0.0000
27.0000 0.0000
28.0000 0.0000
29.0000 0.0000
30.0000 0.0000
31.0000 0.0000
32.0000 0.0000
33.0000 0.0000
34.0000 0.0000
35.0000 0.0000
36.0000 0.0000
37.0000 0.0000
38.0000 0.0000
39.0000 0.0000
40.0000 0.0000
41.0000 0.0000
42.0000 0.0000
43.0000 0.0000
44.0000 0.0000
45.0000 0.0000
46.0000 0.0000
47.0000 0.0000
48.0000 0.0000
49.0000 0.0000
50.0000 0.0000
51.0000 0.0000
52.0000 0.0000
53.0000 0.0000
54.0000 0.0000
55.0000 0.0000
56.0000 0.0000
57.0000 0.0000
58.0000 0.0000
59.0000 0.0000
60.0000 0.0000
61.0000 0.0000
62.0000 0.0000
63.0000 0.0000
64.0000 0.0000
65.0000 0.0000
66.0000 0.0000
67.0000 0.0000
68.0000 0.0000
69.0000 0.0000
70.0000 0.0000
71.0000 0.0000
72.0000 0.0000
73.0000 0.0000
74.0000 0.0000
75.0000 0.0000
76.0000 0.0000
77.0000 0.0000
78.0000 0.0000
79.0000 0.0000
80.0000 0.0000
81.0000 0.0000
82.0000 0.0000
83.0000 0.0000
84.0000 0.0000
85.0000 0.0000
86.0000 0.0000
87.0000 0.0000
88.0000 0.0000
89.0000 0.0000
90.0000 0.0000
91.0000 0.0000
92.0000 0.0000
93.0000 0.0000
94.0000 0.0000
95.0000 0.0000
96.0000 0.0000
97.0000 0.0000
98.0000 0.0000
99.0000 0.0000
100.0000 0.0000
101.0000 0.0000
102.0000 0.0000
103.0000 0.0000
104.0000 0.0000
105.0000 0.0000
106.0000 0.0000
107.0000 0.0000
108.0000 0.0000
109.0000 0.0000
110.0000 0.0000
111.0000 0.6513
112.0000 0.6468
113.0000 0.6707
114.0000 0.6919
115.0000 0.7120
116.0000 0.7310
117.0000 0.7489
118.0000 0.7658
119.0000 0.7818
120.0000 0.7969
121.0000 0.8112
122.0000 0.8246
123.0000 0.8373
124.0000 0.8494
125.0000 0.8607
126.0000 0.8714
127.0000 0.8816
128.0000 0.8911
129.0000 0.9002
130.0000 0.9087
131.0000 0.9168
132.0000 0.9245
133.0000 0.9317
134.0000 0.9386
135.0000 0.9451
136.0000 0.9512
137.0000 0.9570
138.0000 0.9625
139.0000 0.9677
140.0000 0.9726
141.0000 0.9773
142.0000 0.9817
143.0000 0.9859
144.0000 0.9898
145.0000 0.9936
146.0000 0.9972
147.0000 1.0006
148.0000 1.0038
149.0000 1.0068
150.0000 1.0097
151.0000 1.0125
152.0000 1.0151
153.0000 1.0176
154.0000 1.0199
155.0000 1.0222
156.0000 1.0243
157.0000 1.0264
158.0000 1.0283
159.0000 1.0302
160.0000 1.0319
161.0000 1.0336
162.0000 1.0352
163.0000 1.0368
164.0000 1.0382
165.0000 1.0396
166.0000 1.0410
167.0000 1.0422
168.0000 1.0435
169.0000 1.0447
170.0000 1.0458
171.0000 1.0469
172.0000 1.0479
173.0000 1.0489
174.0000 1.0499
175.0000 1.0508
176.0000 1.0517
177.0000 1.0525
178.0000 1.0534
179.0000 1.0542
180.0000 1.0549
181.0000 1.0557
182.0000 1.0564
183.0000 1.0571
184.0000 1.0578
185.0000 1.0584
186.0000 1.0590
187.0000 1.0597
188.0000 1.0603
189.0000 1.0608
190.0000 1.0614
191.0000 1.0619
192.0000 1.0625
193.0000 1.0630
194.0000 1.0635
195.0000 1.0640
196.0000 1.0645
197.0000 1.0650
198.0000 1.0654
199.0000 1.0659
200.0000 1.0663
201.0000 1.0668
202.0000 1.0672
203.0000 1.0676
204.0000 1.0680
205.0000 1.0684
206.0000 1.0688
207.0000 1.0692
208.0000 1.0696
209.0000 1.0699
210.0000 1.0703
211.0000 1.0707
212.0000 1.0710
213.0000 1.0714
214.0000 1.0717
215.0000 1.0721
216.0000 1.0724
217.0000 1.0728
218.0000 1.0731
219.0000 1.0734
220.0000 1.0738
221.0000 1.0741
222.0000 1.0744
223.0000 1.0747
224.0000 1.0750
225.0000 1.0753
226.0000 1.0756
227.0000 1.0759
228.0000 1.0762
229.0000 1.0765
230.0000 1.0768
231.0000 1.0771
232.0000 1.0774
233.0000 1.0777
234.0000 1.0780
235.0000 1.0782
236.0000 1.0785
237.0000 1.0788
238.0000 1.0791
239.0000 1.0794
240.0000 1.0796
241.0000 1.0799
242.0000 1.0802
243.0000 1.0804
244.0000 1.0807
245.0000 1.0810
246.0000 1.0812
247.0000 1.0815
248.0000 1.0817
249.0000 1.0820
250.0000 1.0822
251.0000 1.0825
252.0000 1.0827
253.0000 1.0830
254.0000 1.0832
255.0000 1.0835
256.0000 1.0837
257.0000 1.0840
258.0000 1.0842
259.0000 1.0845
260.0000 1.0847
261.0000 1.0849
262.0000 1.0852
263.0000 1.0854
264.0000 1.0856
265.0000 1.0859
266.0000 1.0861
267.0000 1.0863
268.0000 1.0866
269.0000 1.0868
270.0000 1.0870
271.0000 1.0873
272.0000 1.0875
273.0000 1.0877
274.0000 1.0879
275.0000 1.0882
276.0000 1.0884
277.0000 1.0886
278.0000 1.0888
279.0000 1.0890
280.0000 1.0892
281.0000 1.0895
282.0000 1.0897
283.0000 1.0899
284.0000 1.0901
285.0000 1.0903
286.0000 1.0905
287.0000 1.0907
288.0000 1.0909
289.0000 1.0912
290.0000 1.0914
291.0000 1.0916
292.0000 1.0918
293.0000 1.0920
294.0000 1.0922
295.0000 1.0924
296.0000 1.0926
297.0000 1.0928
298.0000 1.0930
299.0000 1.0932
300.0000 1.0934
301.0000 1.0936
302.0000 1.0938
303.0000 1.0940
304.0000 1.0941
305.0000 1.0943
306.0000 1.0945
307.0000 1.0947
308.0000 1.0949
309.0000 1.0951
310.0000 1.0953
311.0000 1.0955
312.0000 1.0957
313.0000 1.0959
314.0000 1.0960
315.0000 1.0962
316.0000 1.0964
317.0000 1.0966
318.0000 1.0968
319.0000 1.0969
320.0000 1.0971
321.0000 1.0973
322.0000 1.0975
323.0000 1.0977
324.0000 1.0978
325.0000 1.0980
326.0000 1.0982
327.0000 1.0984
328.0000 1.0985
329.0000 1.0987
330.0000 1.0989
331.0000 1.0990
332.0000 1.0992
333.0000 1.0994
334.0000 1.0996
335.0000 1.0997
336.0000 1.0999
337.0000 1.1001
338.0000 1.1002
339.0000 1.1004
340.0000 1.1006
341.0000 1.1007
342.0000 1.1009
343.0000 1.1010
344.0000 1.1012
345.0000 1.1014
346.0000 1.1015
347.0000 1.1017
348.0000 1.1018
349.0000 1.1020
350.0000 1.1021
351.0000 1.1023
352.0000 1.1025
353.0000 1.1026
354.0000 1.1028
355.0000 1.1029
356.0000 1.1031
357.0000 1.1032
358.0000 1.1034
359.0000 1.1035
360.0000 1.1037
361.0000 1.1038
362.0000 1.1040
363.0000 1.1041
364.0000 1.1043
365.0000 1.1044
366.0000 1.1046
367.0000 1.1047
368.0000 1.1048
369.0000 1.1050
370.0000 1.1051
371.0000 1.1053
372.0000 1.1054
373.0000 1.1056
374.0000 1.1057
375.0000 1.1058
376.0000 1.1060
377.0000 1.1061
378.0000 1.1063
379.0000 1.1064
380.0000 1.1065
381.0000 1.1067
382.0000 1.1068
383.0000 1.1069
384.0000 1.1071
385.0000 1.1072
386.0000 1.1073
387.0000 1.1075
388.0000 1.1076
389.0000 1.1077
390.0000 1.1079
391.0000 1.1080
392.0000 1.1081
393.0000 1.1082
394.0000 1.1084
395.0000 1.1085
396.0000 1.1086
397.0000 1.1088
398.0000 1.1089
399.0000 1.1090
400.0000 1.1091
401.0000 1.1093
402.0000 1.1094
403.0000 1.1095
404.0000 1.1096
405.0000 1.1097
406.0000 1.1099
407.0000 1.1100
408.0000 1.1101
409.0000 1.1102
410.0000 1.1103
411.0000 -0.1922
412.0000 -0.1830
413.0000 -0.2306
414.0000 -0.2730
415.0000 -0.3131
416.0000 -0.3510
417.0000 -0.3867
418.0000 -0.4204
419.0000 -0.4523
420.0000 -0.4823
421.0000 -0.5107
422.0000 -0.5375
423.0000 -0.5628
424.0000 -0.5867
425.0000 -0.6093
426.0000 -0.6307
427.0000 -0.6508
428.0000 -0.6699
429.0000 -0.6879
430.0000 -0.7049
431.0000 -0.7210
432.0000 -0.7361
433.0000 -0.7505
434.0000 -0.7641
435.0000 -0.7769
436.0000 -0.7891
437.0000 -0.8006
438.0000 -0.8115
439.0000 -0.8218
440.0000 -0.8315
441.0000 -0.8407
442.0000 -0.8495
443.0000 -0.8577
444.0000 -0.8656
445.0000 -0.8730
446.0000 -0.8800
447.0000 -0.8867
448.0000 -0.8930
449.0000 -0.8990
450.0000 -0.9047
451.0000 -0.9101
452.0000 -0.9153
453.0000 -0.9202
454.0000 -0.9248
455.0000 -0.9292
456.0000 -0.9334
457.0000 -0.9374
458.0000 -0.9411
459.0000 -0.9448
460.0000 -0.9482
461.0000 -0.9515
462.0000 -0.9546
463.0000 -0.9576
464.0000 -0.9604
465.0000 -0.9631
466.0000 -0.9657
467.0000 -0.9682
468.0000 -0.9705
469.0000 -0.9728
470.0000 -0.9750
471.0000 -0.9771
472.0000 -0.9790
473.0000 -0.9810
474.0000 -0.9828
475.0000 -0.9845
476.0000 -0.9862
477.0000 -0.9879
478.0000 -0.9894
479.0000 -0.9909
480.0000 -0.9924
481.0000 -0.9938
482.0000 -0.9951
483.0000 -0.9964
484.0000 -0.9977
485.0000 -0.9989
486.0000 -1.0001
487.0000 -1.0013
488.0000 -1.0024
489.0000 -1.0034
490.0000 -1.0045
491.0000 -1.0055
492.0000 -1.0065
493.0000 -1.0074
494.0000 -1.0084
495.0000 -1.0093
496.0000 -1.0102
497.0000 -1.0110
498.0000 -1.0119
499.0000 -1.0127
500.0000 -1.0135
501.0000 -1.0143
502.0000 -1.0151
503.0000 -1.0158
504.0000 -1.0166
505.0000 -1.0173
506.0000 -1.0180
507.0000 -1.0187
508.0000 -1.0194
509.0000 -1.0201
510.0000 -1.0208
511.0000 -1.0214
512.0000 -1.0220
513.0000 -1.0227
514.0000 -1.0233
515.0000 -1.0239
516.0000 -1.0245
517.0000 -1.0251
518.0000 -1.0257
519.0000 -1.0263
520.0000 -1.0269
521.0000 -1.0275
522.0000 -1.0280
523.0000 -1.0286
524.0000 -1.0291
525.0000 -1.0297
526.0000 -1.0302
527.0000 -1.0307
528.0000 -1.0313
529.0000 -1.0318
530.0000 -1.0323
531.0000 -1.0328
532.0000 -1.0333
533.0000 -1.0338
534.0000 -1.0343
535.0000 -1.0348
536.0000 -1.0353
537.0000 -1.0358
538.0000 -1.0363
539.0000 -1.0368
540.0000 -1.0373
541.0000 -1.0377
542.0000 -1.0382
543.0000 -1.0387
544.0000 -1.0391
545.0000 -1.0396
546.0000 -1.0400
547.0000 -1.0405
548.0000 -1.0409
549.0000 -1.0414
550.0000 -1.0418
551.0000 -1.0423
552.0000 -1.0427
553.0000 -1.0432
554.0000 -1.0436
555.0000 -1.0440
556.0000 -1.0445
557.0000 -1.0449
558.0000 -1.0453
559.0000 -1.0457
560.0000 -1.0462
561.0000 -1.0466
562.0000 -1.0470
563.0000 -1.0474
564.0000 -1.0478
565.0000 -1.0482
566.0000 -1.0486
567.0000 -1.0490
568.0000 -1.0494
569.0000 -1.0498
570.0000 -1.0502
571.0000 -1.0506
572.0000 -1.0510
573.0000 -1.0514
574.0000 -1.0518
575.0000 -1.0522
576.0000 -1.0526
577.0000 -1.0530
578.0000 -1.0533
579.0000 -1.0537
580.0000 -1.0541
581.0000 -1.0545
582.0000 -1.0549
583.0000 -1.0552
584.0000 -1.0556
585.0000 -1.0560
586.0000 -1.0563
587.0000 -1.0567
588.0000 -1.0571
589.0000 -1.0574
590.0000 -1.0578
591.0000 -1.0581
592.0000 -1.0585
593.0000 -1.0589
594.0000 -1.0592
595.0000 -1.0596
596.0000 -1.0599
597.0000 -1.0603
598.0000 -1.0606
599.0000 -1.0610
600.0000 -1.0613
601.0000 -1.0616
602.0000 -1.0620
603.0000 -1.0623
604.0000 -1.0627
605.0000 -1.0630
606.0000 -1.0633
607.0000 -1.0637
608.0000 -1.0640
609.0000 -1.0643
610.0000 -1.0647
611.0000 -1.0650
612.0000 -1.0653
613.0000 -1.0656
614.0000 -1.0660
615.0000 -1.0663
616.0000 -1.0666
617.0000 -1.0669
618.0000 -1.0672
619.0000 -1.0675
620.0000 -1.0679
621.0000 -1.0682
622.0000 -1.0685
623.0000 -1.0688
624.0000 -1.0691
625.0000 -1.0694
626.0000 -1.0697
627.0000 -1.0700
628.0000 -1.0703
629.0000 -1.0706
630.0000 -1.0709
631.0000 -1.0712
632.0000 -1.0715
633.0000 -1.0718
634.0000 -1.0721
635.0000 -1.0724
636.0000 -1.0727
637.0000 -1.0730
638.0000 -1.0733
639.0000 -1.0736
640.0000 -1.0738
641.0000 -1.0741
642.0000 -1.0744
643.0000 -1.0747
644.0000 -1.0750
645.0000 -1.0753
646.0000 -1.0755
647.0000 -1.0758
648.0000 -1.0761
649.0000 -1.0764
650.0000 -1.0766
651.0000 -1.0769
652.0000 -1.0772
653.0000 -1.0774
654.0000 -1.0777
655.0000 -1.0780
656.0000 -1.0782
657.0000 -1.0785
658.0000 -1.0788
659.0000 -1.0790
660.0000 -1.0793
661.0000 -1.0796
662.0000 -1.0798
663.0000 -1.0801
664.0000 -1.0803
665.0000 -1.0806
666.0000 -1.0808
667.0000 -1.0811
668.0000 -1.0813
669.0000 -1.0816
670.0000 -1.0818
671.0000 -1.0821
672.0000 -1.0823
673.0000 -1.0826
674.0000 -1.0828
675.0000 -1.0831
676.0000 -1.0833
677.0000 -1.0836
678.0000 -1.0838
679.0000 -1.0840
680.0000 -1.0843
681.0000 -1.0845
682.0000 -1.0848
683.0000 -1.0850
684.0000 -1.0852
685.0000 -1.0855
686.0000 -1.0857
687.0000 -1.0859
688.0000 -1.0861
689.0000 -1.0864
690.0000 -1.0866
691.0000 -1.0868
692.0000 -1.0871
693.0000 -1.0873
694.0000 -1.0875
695.0000 -1.0877
696.0000 -1.0879
697.0000 -1.0882
698.0000 -1.0884
699.0000 -1.0886
700.0000 -1.0888
701.0000 -1.0890
702.0000 -1.0893
703.0000 -1.0895
704.0000 -1.0897
705.0000 -1.0899
706.0000 -1.0901
707.0000 -1.0903
708.0000 -1.0905
709.0000 -1.0907
710.0000 -1.0909
711.0000 0.8629
712.0000 0.8491
713.0000 0.9204
714.0000 0.9840
715.0000 1.0441
716.0000 1.1008
717.0000 1.1544
718.0000 1.2050
719.0000 1.2527
720.0000 1.2978
721.0000 1.3403
722.0000 1.3805
723.0000 1.4185
724.0000 1.4543
725.0000 1.4882
726.0000 1.5201
727.0000 1.5503
728.0000 1.5789
729.0000 1.6058
730.0000 1.6313
731.0000 1.6554
732.0000 1.6782
733.0000 1.6997
734.0000 1.7201
735.0000 1.7393
736.0000 1.7575
737.0000 1.7747
738.0000 1.7910
739.0000 1.8064
740.0000 1.8210
741.0000 1.8348
742.0000 1.8479
743.0000 1.8603
744.0000 1.8720
745.0000 1.8831
746.0000 1.8937
747.0000 1.9037
748.0000 1.9131
749.0000 1.9221
750.0000 1.9306
751.0000 1.9387
752.0000 1.9464
753.0000 1.9537
754.0000 1.9606
755.0000 1.9672
756.0000 1.9734
757.0000 1.9794
758.0000 1.9850
759.0000 1.9904
760.0000 1.9956
761.0000 2.0004
762.0000 2.0051
763.0000 2.0095
764.0000 2.0138
765.0000 2.0178
766.0000 2.0217
767.0000 2.0254
768.0000 2.0289
769.0000 2.0323
770.0000 2.0355
771.0000 2.0386
772.0000 2.0416
773.0000 2.0444
774.0000 2.0471
775.0000 2.0498
776.0000 2.0523
777.0000 2.0547
778.0000 2.0570
779.0000 2.0593
780.0000 2.0614
781.0000 2.0635
782.0000 2.0655
783.0000 2.0674
784.0000 2.0693
785.0000 2.0711
786.0000 2.0729
787.0000 2.0746
788.0000 2.0762
789.0000 2.0778
790.0000 2.0793
791.0000 2.0809
792.0000 2.0823
793.0000 2.0837
794.0000 2.0851
795.0000 2.0865
796.0000 2.0878
797.0000 2.0890
798.0000 2.0903
799.0000 2.0915
800.0000 2.0927
801.0000 2.0939
802.0000 2.0950
803.0000 2.0961
804.0000 2.0972
805.0000 2.0983
806.0000 2.0993
807.0000 2.1004
808.0000 2.1014
809.0000 2.1024
810.0000 2.1034
811.0000 2.1043
812.0000 2.1053
813.0000 2.1062
814.0000 2.1071
815.0000 2.1080
816.0000 2.1089
817.0000 2.1098
818.0000 2.1107
819.0000 2.1115
820.0000 2.1124
821.0000 2.1132
822.0000 2.1140
823.0000 2.1149
824.0000 2.1157
825.0000 2.1165
826.0000 2.1173
827.0000 2.1180
828.0000 2.1188
829.0000 2.1196
830.0000 2.1203
831.0000 2.1211
832.0000 2.1218
833.0000 2.1226
834.0000 2.1233
835.0000 2.1240
836.0000 2.1248
837.0000 2.1255
838.0000 2.1262
839.0000 2.1269
840.0000 2.1276
841.0000 2.1283
842.0000 2.1290
843.0000 2.1297
844.0000 2.1303
845.0000 2.1310
846.0000 2.1317
847.0000 2.1323
848.0000 2.1330
849.0000 2.1337
850.0000 2.1343
851.0000 2.1350
852.0000 2.1356
853.0000 2.1363
854.0000 2.1369
855.0000 2.1375
856.0000 2.1382
857.0000 2.1388
858.0000 2.1394
859.0000 2.1400
860.0000 2.1406
861.0000 2.1412
862.0000 2.1419
863.0000 2.1425
864.0000 2.1431
865.0000 2.1437
866.0000 2.1443
867.0000 2.1448
868.0000 2.1454
869.0000 2.1460
870.0000 2.1466
871.0000 2.1472
872.0000 2.1478
873.0000 2.1483
874.0000 2.1489
875.0000 2.1495
876.0000 2.1500
877.0000 2.1506
878.0000 2.1512
879.0000 2.1517
880.0000 2.1523
881.0000 2.1528
882.0000 2.1534
883.0000 2.1539
884.0000 2.1545
885.0000 2.1550
886.0000 2.1555
887.0000 2.1561
888.0000 2.1566
889.0000 2.1571
890.0000 2.1577
891.0000 2.1582
892.0000 2.1587
893.0000 2.1592
894.0000 2.1598
895.0000 2.1603
896.0000 2.1608
897.0000 2.1613
898.0000 2.1618
899.0000 2.1623
900.0000 2.1628
901.0000 2.1633
902.0000 2.1638
903.0000 2.1643
904.0000 2.1648
905.0000 2.1653
906.0000 2.1658
907.0000 2.1663
908.0000 2.1668
909.0000 2.1673
910.0000 2.1677
