1.0000 0.0000
2.0000 0.0000
3.0000 0.0000
4.0000 0.0000
5.0000 0.0000
6.0000 0.0000
7.0000 0.0000
8.0000 0.0000
9.0000 0.0000
10.0000 0.0000
11.0000 0.0000
12.0000 0.0000
13.0000 0.0000
14.0000 0.0000
15.0000 0.0000
16.0000 0.0000
17.0000 0.0000
18.0000 0.0000
19.0000 0.0000
20.0000 0.0000
21.0000 0.0000
22.0000 0.0000
23.0000 0.0000
24.0000 0.0000
25.0000 0.0000
26.0000 0.0000
27.0000 0.0000
28.0000 0.0000
29.0000 0.0000
30.0000 0.0000
31.0000 0.0000
32.0000 0.0000
33.0000 0.0000
34.0000 0.0000
35.0000 0.0000
36.0000 0.0000
37.0000 0.0000
38.0000 0.0000
39.0000 0.0000
40.0000 0.0000
41.0000 0.0000
42.0000 0.0000
43.0000 0.0000
44.0000 0.0000
45.0000 0.0000
46.0000 0.0000
47.0000 0.0000
48.0000 0.0000
49.0000 0.0000
50.0000 0.0000
51.0000 0.0000
52.0000 0.0000
53.0000 0.0000
54.0000 0.0000
55.0000 0.0000
56.0000 0.0000
57.0000 0.0000
58.0000 0.0000
59.0000 0.0000
60.0000 0.0000
61.0000 0.0000
62.0000 0.0000
63.0000 0.0000
64.0000 0.0000
65.0000 0.0000
66.0000 0.0000
67.0000 0.0000
68.0000 0.0000
69.0000 0.0000
70.0000 0.0000
71.0000 0.0000
72.0000 0.0000
73.0000 0.0000
74.0000 0.0000
75.0000 0.0000
76.0000 0.0000
77.0000 0.0000
78.0000 0.0000
79.0000 0.0000
80.0000 0.0000
81.0000 0.0000
82.0000 0.0000
83.0000 0.0000
84.0000 0.0000
85.0000 0.0000
86.0000 0.0000
87.0000 0.0000
88.0000 0.0000
89.0000 0.0000
90.0000 0.0000
91.0000 0.0000
92.0000 0.0000
93.0000 0.0000
94.0000 0.0000
95.0000 0.0000
96.0000 0.0000
97.0000 0.0000
98.0000 0.0000
99.0000 0.0000
100.0000 0.0000
101.0000 0.0000
102.0000 0.0000
103.0000 0.0000
104.0000 0.0000
105.0000 0.0000
106.0000 0.0000
107.0000 0.0000
108.0000 0.0000
109.0000 0.0000
110.0000 0.0000
111.0000 0.0000
112.0000 0.0000
113.0000 0.0000
114.0000 0.0000
115.0000 0.0000
116.0000 0.0000
117.0000 0.0000
118.0000 0.0000
119.0000 0.0000
120.0000 0.0000
121.0000 0.0000
122.0000 0.0000
123.0000 0.0000
124.0000 0.0000
125.0000 0.0000
126.0000 0.0000
127.0000 0.0000
128.0000 0.0000
129.0000 0.0000
130.0000 0.0000
131.0000 0.0000
132.0000 0.0000
133.0000 0.0000
134.0000 0.0000
135.0000 0.0000
136.0000 0.0000
137.0000 0.0000
138.0000 0.0000
139.0000 0.0000
140.0000 0.0000
141.0000 0.0000
142.0000 0.0000
143.0000 0.0000
144.0000 0.0000
145.0000 0.0000
146.0000 0.0000
147.0000 0.0000
148.0000 0.0000
149.0000 0.0000
150.0000 0.0000
151.0000 0.0000
152.0000 0.0000
153.0000 0.0000
154.0000 0.0000
155.0000 0.0000
156.0000 0.0000
157.0000 0.0000
158.0000 0.0000
159.0000 0.0000
160.0000 0.0000
161.0000 0.0000
162.0000 0.0000
163.0000 0.0000
164.0000 0.0000
165.0000 0.0000
166.0000 0.0000
167.0000 0.0000
168.0000 0.0000
169.0000 0.0000
170.0000 0.0000
171.0000 0.0000
172.0000 0.0000
173.0000 0.0000
174.0000 0.0000
175.0000 0.0000
176.0000 0.0000
177.0000 0.0000
178.0000 0.0000
179.0000 0.0000
180.0000 0.0000
181.0000 0.0000
182.0000 0.0000
183.0000 0.0000
184.0000 0.0000
185.0000 0.0000
186.0000 0.0000
187.0000 0.0000
188.0000 0.0000
189.0000 0.0000
190.0000 0.0000
191.0000 0.0000
192.0000 0.0000
193.0000 0.0000
194.0000 0.0000
195.0000 0.0000
196.0000 0.0000
197.0000 0.0000
198.0000 0.0000
199.0000 0.0000
200.0000 0.0000
201.0000 0.0000
202.0000 0.0000
203.0000 0.0000
204.0000 0.0000
205.0000 0.0000
206.0000 0.0000
207.0000 0.0000
208.0000 0.0000
209.0000 0.0000
210.0000 5.3602
211.0000 0.5492
212.0000 0.8222
213.0000 0.8098
214.0000 0.8132
215.0000 0.8156
216.0000 0.8180
217.0000 0.8202
218.0000 0.8224
219.0000 0.8244
220.0000 0.8264
221.0000 0.8283
222.0000 0.8301
223.0000 0.8318
224.0000 0.8335
225.0000 0.8351
226.0000 0.8366
227.0000 0.8380
228.0000 0.8394
229.0000 0.8407
230.0000 0.8420
231.0000 0.8432
232.0000 0.8443
233.0000 0.8454
234.0000 0.8465
235.0000 0.8475
236.0000 0.8485
237.0000 0.8494
238.0000 0.8503
239.0000 0.8511
240.0000 0.8519
241.0000 0.8527
242.0000 0.8534
243.0000 0.8541
244.0000 0.8548
245.0000 0.8554
246.0000 0.8561
247.0000 0.8567
248.0000 0.8572
249.0000 0.8578
250.0000 0.8583
251.0000 0.8588
252.0000 0.8592
253.0000 0.8597
254.0000 0.8601
255.0000 0.8605
256.0000 0.8609
257.0000 0.8613
258.0000 0.8617
259.0000 0.8620
260.0000 0.8623
261.0000 0.8627
262.0000 0.8630
263.0000 0.8633
264.0000 0.8635
265.0000 0.8638
266.0000 0.8640
267.0000 0.8643
268.0000 0.8645
269.0000 0.8647
270.0000 0.8649
271.0000 0.8651
272.0000 0.8653
273.0000 0.8655
274.0000 0.8657
275.0000 0.8659
276.0000 0.8660
277.0000 0.8662
278.0000 0.8663
279.0000 0.8665
280.0000 0.8666
281.0000 0.8667
282.0000 0.8669
283.0000 0.8670
284.0000 0.8671
285.0000 0.8672
286.0000 0.8673
287.0000 0.8674
288.0000 0.8675
289.0000 0.8676
290.0000 0.8677
291.0000 0.8678
292.0000 0.8678
293.0000 0.8679
294.0000 0.8680
295.0000 0.8681
296.0000 0.8681
297.0000 0.8682
298.0000 0.8682
299.0000 0.8683
300.0000 0.8684
301.0000 0.8684
302.0000 0.8685
303.0000 0.8685
304.0000 0.8686
305.0000 0.8686
306.0000 0.8686
307.0000 0.8687
308.0000 0.8687
309.0000 0.8688
310.0000 0.8688
311.0000 0.8688
312.0000 0.8689
313.0000 0.8689
314.0000 0.8689
315.0000 0.8689
316.0000 0.8690
317.0000 0.8690
318.0000 0.8690
319.0000 0.8690
320.0000 0.8691
321.0000 0.8691
322.0000 0.8691
323.0000 0.8691
324.0000 0.8692
325.0000 0.8692
326.0000 0.8692
327.0000 0.8692
328.0000 0.8692
329.0000 0.8692
330.0000 0.8692
331.0000 0.8693
332.0000 0.8693
333.0000 0.8693
334.0000 0.8693
335.0000 0.8693
336.0000 0.8693
337.0000 0.8693
338.0000 0.8693
339.0000 0.8694
340.0000 0.8694
341.0000 0.8694
342.0000 0.8694
343.0000 0.8694
344.0000 0.8694
345.0000 0.8694
346.0000 0.8694
347.0000 0.8694
348.0000 0.8694
349.0000 0.8694
350.0000 0.8694
351.0000 0.8694
352.0000 0.8694
353.0000 0.8695
354.0000 0.8695
355.0000 0.8695
356.0000 0.8695
357.0000 0.8695
358.0000 0.8695
359.0000 0.8695
360.0000 0.8695
361.0000 0.8695
362.0000 0.8695
363.0000 0.8695
364.0000 0.8695
365.0000 0.8695
366.0000 0.8695
367.0000 0.8695
368.0000 0.8695
369.0000 0.8695
370.0000 0.8695
371.0000 0.8695
372.0000 0.8695
373.0000 0.8695
374.0000 0.8695
375.0000 0.8695
376.0000 0.8695
377.0000 0.8695
378.0000 0.8695
379.0000 0.8695
380.0000 0.8695
381.0000 0.8695
382.0000 0.8695
383.0000 0.8695
384.0000 0.8695
385.0000 0.8695
386.0000 0.8695
387.0000 0.8695
388.0000 0.8695
389.0000 0.8695
390.0000 0.8695
391.0000 0.8695
392.0000 0.8695
393.0000 0.8695
394.0000 0.8695
395.0000 0.8695
396.0000 0.8695
397.0000 0.8695
398.0000 0.8696
399.0000 0.8696
400.0000 0.8696
401.0000 0.8696
402.0000 0.8696
403.0000 0.8696
404.0000 0.8696
405.0000 0.8696
406.0000 0.8696
407.0000 0.8696
408.0000 0.8696
409.0000 0.8696
410.0000 0.8696
411.0000 0.8696
412.0000 0.8696
413.0000 0.8696
414.0000 0.8696
415.0000 0.8696
416.0000 0.8696
417.0000 0.8696
418.0000 0.8696
419.0000 0.8696
420.0000 0.8696
421.0000 0.8696
422.0000 0.8696
423.0000 0.8696
424.0000 0.8696
425.0000 0.8696
426.0000 0.8696
427.0000 0.8696
428.0000 0.8696
429.0000 0.8696
430.0000 0.8696
431.0000 0.8696
432.0000 0.8696
433.0000 0.8696
434.0000 0.8696
435.0000 0.8696
436.0000 0.8696
437.0000 0.8696
438.0000 0.8696
439.0000 0.8696
440.0000 0.8696
441.0000 0.8696
442.0000 0.8696
443.0000 0.8696
444.0000 0.8696
445.0000 0.8696
446.0000 0.8696
447.0000 0.8696
448.0000 0.8696
449.0000 0.8696
450.0000 0.8696
451.0000 0.8696
452.0000 0.8696
453.0000 0.8696
454.0000 0.8696
455.0000 0.8696
456.0000 0.8696
457.0000 0.8696
458.0000 0.8696
459.0000 0.8696
460.0000 0.8696
461.0000 0.8696
462.0000 0.8696
463.0000 0.8696
464.0000 0.8696
465.0000 0.8696
466.0000 0.8696
467.0000 0.8696
468.0000 0.8696
469.0000 0.8696
470.0000 0.8696
471.0000 0.8696
472.0000 0.8696
473.0000 0.8696
474.0000 0.8696
475.0000 0.8696
476.0000 0.8696
477.0000 0.8696
478.0000 0.8696
479.0000 0.8696
480.0000 0.8696
481.0000 0.8696
482.0000 0.8696
483.0000 0.8696
484.0000 0.8696
485.0000 0.8696
486.0000 0.8696
487.0000 0.8696
488.0000 0.8696
489.0000 0.8696
490.0000 0.8696
491.0000 0.8696
492.0000 0.8696
493.0000 0.8696
494.0000 0.8696
495.0000 0.8696
496.0000 0.8696
497.0000 0.8696
498.0000 0.8696
499.0000 0.8696
500.0000 0.8696
501.0000 0.8696
502.0000 0.8696
503.0000 0.8696
504.0000 0.8696
505.0000 0.8696
506.0000 0.8696
507.0000 0.8696
508.0000 0.8696
509.0000 0.8696
510.0000 -9.8509
511.0000 -0.2288
512.0000 -0.7749
513.0000 -0.7500
514.0000 -0.7568
515.0000 -0.7617
516.0000 -0.7664
517.0000 -0.7709
518.0000 -0.7752
519.0000 -0.7793
520.0000 -0.7833
521.0000 -0.7870
522.0000 -0.7906
523.0000 -0.7941
524.0000 -0.7974
525.0000 -0.8006
526.0000 -0.8036
527.0000 -0.8065
528.0000 -0.8092
529.0000 -0.8118
530.0000 -0.8144
531.0000 -0.8168
532.0000 -0.8191
533.0000 -0.8213
534.0000 -0.8234
535.0000 -0.8254
536.0000 -0.8274
537.0000 -0.8292
538.0000 -0.8310
539.0000 -0.8327
540.0000 -0.8343
541.0000 -0.8358
542.0000 -0.8373
543.0000 -0.8387
544.0000 -0.8400
545.0000 -0.8413
546.0000 -0.8426
547.0000 -0.8437
548.0000 -0.8449
549.0000 -0.8460
550.0000 -0.8470
551.0000 -0.8480
552.0000 -0.8489
553.0000 -0.8498
554.0000 -0.8507
555.0000 -0.8515
556.0000 -0.8523
557.0000 -0.8531
558.0000 -0.8538
559.0000 -0.8545
560.0000 -0.8551
561.0000 -0.8558
562.0000 -0.8564
563.0000 -0.8569
564.0000 -0.8575
565.0000 -0.8580
566.0000 -0.8585
567.0000 -0.8590
568.0000 -0.8595
569.0000 -0.8599
570.0000 -0.8603
571.0000 -0.8607
572.0000 -0.8611
573.0000 -0.8615
574.0000 -0.8618
575.0000 -0.8622
576.0000 -0.8625
577.0000 -0.8628
578.0000 -0.8631
579.0000 -0.8634
580.0000 -0.8637
581.0000 -0.8639
582.0000 -0.8642
583.0000 -0.8644
584.0000 -0.8646
585.0000 -0.8648
586.0000 -0.8650
587.0000 -0.8652
588.0000 -0.8654
589.0000 -0.8656
590.0000 -0.8658
591.0000 -0.8660
592.0000 -0.8661
593.0000 -0.8663
594.0000 -0.8664
595.0000 -0.8665
596.0000 -0.8667
597.0000 -0.8668
598.0000 -0.8669
599.0000 -0.8670
600.0000 -0.8671
601.0000 -0.8673
602.0000 -0.8674
603.0000 -0.8675
604.0000 -0.8675
605.0000 -0.8676
606.0000 -0.8677
607.0000 -0.8678
608.0000 -0.8679
609.0000 -0.8679
610.0000 -0.8680
611.0000 -0.8681
612.0000 -0.8682
613.0000 -0.8682
614.0000 -0.8683
615.0000 -0.8683
616.0000 -0.8684
617.0000 -0.8684
618.0000 -0.8685
619.0000 -0.8685
620.0000 -0.8686
621.0000 -0.8686
622.0000 -0.8687
623.0000 -0.8687
624.0000 -0.8687
625.0000 -0.8688
626.0000 -0.8688
627.0000 -0.8688
628.0000 -0.8689
629.0000 -0.8689
630.0000 -0.8689
631.0000 -0.8690
632.0000 -0.8690
633.0000 -0.8690
634.0000 -0.8690
635.0000 -0.8691
636.0000 -0.8691
637.0000 -0.8691
638.0000 -0.8691
639.0000 -0.8691
640.0000 -0.8692
641.0000 -0.8692
642.0000 -0.8692
643.0000 -0.8692
644.0000 -0.8692
645.0000 -0.8692
646.0000 -0.8693
647.0000 -0.8693
648.0000 -0.8693
649.0000 -0.8693
650.0000 -0.8693
651.0000 -0.8693
652.0000 -0.8693
653.0000 -0.8693
654.0000 -0.8693
655.0000 -0.8694
656.0000 -0.8694
657.0000 -0.8694
658.0000 -0.8694
659.0000 -0.8694
660.0000 -0.8694
661.0000 -0.8694
662.0000 -0.8694
663.0000 -0.8694
664.0000 -0.8694
665.0000 -0.8694
666.0000 -0.8694
667.0000 -0.8694
668.0000 -0.8694
669.0000 -0.8695
670.0000 -0.8695
671.0000 -0.8695
672.0000 -0.8695
673.0000 -0.8695
674.0000 -0.8695
675.0000 -0.8695
676.0000 -0.8695
677.0000 -0.8695
678.0000 -0.8695
679.0000 -0.8695
680.0000 -0.8695
681.0000 -0.8695
682.0000 -0.8695
683.0000 -0.8695
684.0000 -0.8695
685.0000 -0.8695
686.0000 -0.8695
687.0000 -0.8695
688.0000 -0.8695
689.0000 -0.8695
690.0000 -0.8695
691.0000 -0.8695
692.0000 -0.8695
693.0000 -0.8695
694.0000 -0.8695
695.0000 -0.8695
696.0000 -0.8695
697.0000 -0.8695
698.0000 -0.8695
699.0000 -0.8695
700.0000 -0.8695
701.0000 -0.8695
702.0000 -0.8695
703.0000 -0.8695
704.0000 -0.8695
705.0000 -0.8695
706.0000 -0.8695
707.0000 -0.8695
708.0000 -0.8695
709.0000 -0.8695
710.0000 -0.8695
711.0000 -0.8695
712.0000 -0.8695
713.0000 -0.8695
714.0000 -0.8696
715.0000 -0.8696
716.0000 -0.8696
717.0000 -0.8696
718.0000 -0.8696
719.0000 -0.8696
720.0000 -0.8696
721.0000 -0.8696
722.0000 -0.8696
723.0000 -0.8696
724.0000 -0.8696
725.0000 -0.8696
726.0000 -0.8696
727.0000 -0.8696
728.0000 -0.8696
729.0000 -0.8696
730.0000 -0.8696
731.0000 -0.8696
732.0000 -0.8696
733.0000 -0.8696
734.0000 -0.8696
735.0000 -0.8696
736.0000 -0.8696
737.0000 -0.8696
738.0000 -0.8696
739.0000 -0.8696
740.0000 -0.8696
741.0000 -0.8696
742.0000 -0.8696
743.0000 -0.8696
744.0000 -0.8696
745.0000 -0.8696
746.0000 -0.8696
747.0000 -0.8696
748.0000 -0.8696
749.0000 -0.8696
750.0000 -0.8696
751.0000 -0.8696
752.0000 -0.8696
753.0000 -0.8696
754.0000 -0.8696
755.0000 -0.8696
756.0000 -0.8696
757.0000 -0.8696
758.0000 -0.8696
759.0000 -0.8696
760.0000 -0.8696
761.0000 -0.8696
762.0000 -0.8696
763.0000 -0.8696
764.0000 -0.8696
765.0000 -0.8696
766.0000 -0.8696
767.0000 -0.8696
768.0000 -0.8696
769.0000 -0.8696
770.0000 -0.8696
771.0000 -0.8696
772.0000 -0.8696
773.0000 -0.8696
774.0000 -0.8696
775.0000 -0.8696
776.0000 -0.8696
777.0000 -0.8696
778.0000 -0.8696
779.0000 -0.8696
780.0000 -0.8696
781.0000 -0.8696
782.0000 -0.8696
783.0000 -0.8696
784.0000 -0.8696
785.0000 -0.8696
786.0000 -0.8696
787.0000 -0.8696
788.0000 -0.8696
789.0000 -0.8696
790.0000 -0.8696
791.0000 -0.8696
792.0000 -0.8696
793.0000 -0.8696
794.0000 -0.8696
795.0000 -0.8696
796.0000 -0.8696
797.0000 -0.8696
798.0000 -0.8696
799.0000 -0.8696
800.0000 -0.8696
801.0000 -0.8696
802.0000 -0.8696
803.0000 -0.8696
804.0000 -0.8696
805.0000 -0.8696
806.0000 -0.8696
807.0000 -0.8696
808.0000 -0.8696
809.0000 -0.8696
810.0000 15.2111
811.0000 0.7779
812.0000 1.5971
813.0000 1.5597
814.0000 1.5700
815.0000 1.5773
816.0000 1.5843
817.0000 1.5911
818.0000 1.5976
819.0000 1.6038
820.0000 1.6097
821.0000 1.6153
822.0000 1.6208
823.0000 1.6259
824.0000 1.6309
825.0000 1.6356
826.0000 1.6401
827.0000 1.6445
828.0000 1.6486
829.0000 1.6526
830.0000 1.6563
831.0000 1.6600
832.0000 1.6634
833.0000 1.6667
834.0000 1.6699
835.0000 1.6729
836.0000 1.6758
837.0000 1.6786
838.0000 1.6812
839.0000 1.6838
840.0000 1.6862
841.0000 1.6885
842.0000 1.6907
843.0000 1.6928
844.0000 1.6948
845.0000 1.6968
846.0000 1.6986
847.0000 1.7004
848.0000 1.7021
849.0000 1.7037
850.0000 1.7053
851.0000 1.7067
852.0000 1.7082
853.0000 1.7095
854.0000 1.7108
855.0000 1.7120
856.0000 1.7132
857.0000 1.7144
858.0000 1.7154
859.0000 1.7165
860.0000 1.7175
861.0000 1.7184
862.0000 1.7193
863.0000 1.7202
864.0000 1.7210
865.0000 1.7218
866.0000 1.7226
867.0000 1.7233
868.0000 1.7240
869.0000 1.7246
870.0000 1.7253
871.0000 1.7259
872.0000 1.7265
873.0000 1.7270
874.0000 1.7275
875.0000 1.7281
876.0000 1.7285
877.0000 1.7290
878.0000 1.7294
879.0000 1.7299
880.0000 1.7303
881.0000 1.7307
882.0000 1.7310
883.0000 1.7314
884.0000 1.7317
885.0000 1.7320
886.0000 1.7324
887.0000 1.7326
888.0000 1.7329
889.0000 1.7332
890.0000 1.7335
891.0000 1.7337
892.0000 1.7339
893.0000 1.7342
894.0000 1.7344
895.0000 1.7346
896.0000 1.7348
897.0000 1.7350
898.0000 1.7352
899.0000 1.7353
900.0000 1.7355
901.0000 1.7357
902.0000 1.7358
903.0000 1.7360
904.0000 1.7361
905.0000 1.7362
906.0000 1.7364
907.0000 1.7365
908.0000 1.7366
909.0000 1.7367
910.0000 1.7368
