1.0000 0.0000
2.0000 0.0000
3.0000 0.0000
4.0000 0.0000
5.0000 0.0000
6.0000 0.0000
7.0000 0.0000
8.0000 0.0000
9.0000 0.0000
10.0000 0.0000
11.0000 0.0000
12.0000 0.0000
13.0000 0.0000
14.0000 0.0189
15.0000 0.0424
16.0000 0.1026
17.0000 0.1699
18.0000 0.2309
19.0000 0.2806
20.0000 0.3182
21.0000 0.3447
22.0000 0.3616
23.0000 0.3707
24.0000 0.3735
25.0000 0.3716
26.0000 0.3660
27.0000 0.3575
28.0000 0.3471
29.0000 0.3352
30.0000 0.3223
31.0000 0.3087
32.0000 0.2948
33.0000 0.2807
34.0000 0.2667
35.0000 0.2528
36.0000 0.2391
37.0000 0.2258
38.0000 0.2129
39.0000 0.2005
40.0000 0.1885
41.0000 0.1771
42.0000 0.1661
43.0000 0.1556
44.0000 0.1457
45.0000 0.1363
46.0000 0.1273
47.0000 0.1189
48.0000 0.1109
49.0000 0.1034
50.0000 0.0963
51.0000 0.0897
52.0000 0.0834
53.0000 0.0776
54.0000 0.0721
55.0000 0.0670
56.0000 0.0622
57.0000 0.0577
58.0000 0.0535
59.0000 0.0496
60.0000 0.0460
61.0000 0.0426
62.0000 0.0394
63.0000 0.0365
64.0000 0.0337
65.0000 0.0312
66.0000 0.0288
67.0000 0.0267
68.0000 0.0246
69.0000 0.0227
70.0000 0.0210
71.0000 0.0194
72.0000 0.0179
73.0000 0.0165
74.0000 0.0152
75.0000 0.0140
76.0000 0.0129
77.0000 0.0119
78.0000 0.0109
79.0000 0.0101
80.0000 0.0093
81.0000 0.0085
82.0000 0.0079
83.0000 0.0072
84.0000 0.0066
85.0000 0.0061
86.0000 0.0056
87.0000 0.0052
88.0000 0.0047
89.0000 0.0044
90.0000 0.0040
91.0000 0.0037
92.0000 0.0034
93.0000 0.0031
94.0000 0.0029
95.0000 0.0026
96.0000 0.0024
97.0000 0.0022
98.0000 0.0020
99.0000 0.0018
100.0000 0.0017
101.0000 0.0015
102.0000 0.0014
103.0000 0.0013
104.0000 0.0012
105.0000 0.0011
106.0000 0.0010
107.0000 0.0009
108.0000 0.0008
109.0000 0.0008
110.0000 0.0007
111.0000 0.0006
112.0000 0.0006
113.0000 0.0005
114.0000 0.0005
115.0000 0.0004
116.0000 0.0004
117.0000 0.0004
118.0000 0.0003
119.0000 0.0003
120.0000 0.0003
121.0000 0.0002
122.0000 0.0002
123.0000 0.0002
124.0000 0.0002
125.0000 0.0001
126.0000 0.0001
127.0000 0.0001
128.0000 0.0001
129.0000 0.0001
130.0000 0.0001
131.0000 0.0001
132.0000 0.0001
133.0000 0.0001
134.0000 0.0001
135.0000 0.0000
136.0000 0.0000
137.0000 0.0000
138.0000 0.0000
139.0000 0.0000
140.0000 0.0000
141.0000 0.0000
142.0000 0.0000
143.0000 0.0000
144.0000 0.0000
145.0000 0.0000
146.0000 0.0000
147.0000 0.0000
148.0000 0.0000
149.0000 0.0000
150.0000 0.0000
151.0000 0.0000
152.0000 0.0000
153.0000 0.0000
154.0000 0.0000
155.0000 0.0000
156.0000 0.0000
157.0000 0.0000
158.0000 0.0000
159.0000 0.0000
160.0000 0.0000
161.0000 0.0000
162.0000 0.0000
163.0000 0.0000
164.0000 0.0000
165.0000 0.0000
166.0000 0.0000
167.0000 -0.0000
168.0000 -0.0000
169.0000 -0.0000
170.0000 -0.0000
171.0000 -0.0000
172.0000 -0.0000
173.0000 -0.0000
174.0000 -0.0000
175.0000 -0.0000
176.0000 -0.0000
177.0000 -0.0000
178.0000 -0.0000
179.0000 -0.0000
180.0000 -0.0000
181.0000 -0.0000
182.0000 -0.0000
183.0000 -0.0000
184.0000 -0.0000
185.0000 -0.0000
186.0000 -0.0000
187.0000 -0.0000
188.0000 -0.0000
189.0000 -0.0000
190.0000 -0.0000
191.0000 -0.0000
192.0000 -0.0000
193.0000 -0.0000
194.0000 -0.0000
195.0000 -0.0000
196.0000 -0.0000
197.0000 -0.0000
198.0000 -0.0000
199.0000 -0.0000
200.0000 -0.0000
201.0000 -0.0000
202.0000 -0.0000
203.0000 -0.0000
204.0000 -0.0000
205.0000 -0.0000
206.0000 -0.0000
207.0000 -0.0000
208.0000 -0.0000
209.0000 -0.0000
210.0000 -0.0000
211.0000 -0.0000
212.0000 -0.0000
213.0000 -0.0000
214.0000 -0.0000
215.0000 -0.0000
216.0000 -0.0000
217.0000 -0.0000
218.0000 -0.0000
219.0000 -0.0000
220.0000 -0.0000
221.0000 -0.0000
222.0000 -0.0000
223.0000 -0.0000
224.0000 -0.0000
225.0000 -0.0000
226.0000 -0.0000
227.0000 -0.0000
228.0000 -0.0000
229.0000 -0.0000
230.0000 -0.0000
231.0000 -0.0000
232.0000 -0.0000
233.0000 -0.0000
234.0000 -0.0000
235.0000 -0.0000
236.0000 -0.0000
237.0000 -0.0000
238.0000 -0.0000
239.0000 -0.0000
240.0000 -0.0000
241.0000 -0.0000
242.0000 -0.0000
243.0000 -0.0000
244.0000 -0.0000
245.0000 -0.0000
246.0000 -0.0000
247.0000 -0.0000
248.0000 -0.0000
249.0000 -0.0000
250.0000 -0.0000
251.0000 -0.0000
252.0000 -0.0000
253.0000 -0.0000
254.0000 -0.0000
255.0000 -0.0000
256.0000 -0.0000
257.0000 -0.0000
258.0000 -0.0000
259.0000 -0.0000
260.0000 -0.0000
261.0000 -0.0000
262.0000 -0.0000
263.0000 -0.0000
264.0000 0.0442
265.0000 0.1065
266.0000 0.1431
267.0000 0.1677
268.0000 0.1877
269.0000 0.2069
270.0000 0.2270
271.0000 0.2488
272.0000 0.2724
273.0000 0.2976
274.0000 0.3242
275.0000 0.3518
276.0000 0.3801
277.0000 0.4087
278.0000 0.4373
279.0000 0.4658
280.0000 0.4938
281.0000 0.5213
282.0000 0.5481
283.0000 0.5741
284.0000 0.5991
285.0000 0.6232
286.0000 0.6463
287.0000 0.6684
288.0000 0.6895
289.0000 0.7095
290.0000 0.7285
291.0000 0.7465
292.0000 0.7635
293.0000 0.7795
294.0000 0.7946
295.0000 0.8089
296.0000 0.8222
297.0000 0.8348
298.0000 0.8465
299.0000 0.8575
300.0000 0.8678
301.0000 0.8774
302.0000 0.8864
303.0000 0.8948
304.0000 0.9026
305.0000 0.9098
306.0000 0.9166
307.0000 0.9229
308.0000 0.9287
309.0000 0.9342
310.0000 0.9392
311.0000 0.9439
312.0000 0.9482
313.0000 0.9522
314.0000 0.9559
315.0000 0.9594
316.0000 0.9626
317.0000 0.9655
318.0000 0.9682
319.0000 0.9708
320.0000 0.9731
321.0000 0.9752
322.0000 0.9772
323.0000 0.9791
324.0000 0.9808
325.0000 0.9823
326.0000 0.9838
327.0000 0.9851
328.0000 0.9863
329.0000 0.9874
330.0000 0.9885
331.0000 0.9894
332.0000 0.9903
333.0000 0.9911
334.0000 0.9919
335.0000 0.9925
336.0000 0.9932
337.0000 0.9937
338.0000 0.9943
339.0000 0.9947
340.0000 0.9952
341.0000 0.9956
342.0000 0.9960
343.0000 0.9963
344.0000 0.9966
345.0000 0.9969
346.0000 0.9972
347.0000 0.9974
348.0000 0.9977
349.0000 0.9979
350.0000 0.9981
351.0000 0.9982
352.0000 0.9984
353.0000 0.9985
354.0000 0.9986
355.0000 0.9988
356.0000 0.9989
357.0000 0.9990
358.0000 0.9991
359.0000 0.9991
360.0000 0.9992
361.0000 0.9993
362.0000 0.9994
363.0000 0.9994
364.0000 0.9995
365.0000 0.9995
366.0000 0.9996
367.0000 0.9996
368.0000 0.9996
369.0000 0.9997
370.0000 0.9997
371.0000 0.9998
372.0000 0.9998
373.0000 0.9998
374.0000 0.9998
375.0000 0.9998
376.0000 0.9999
377.0000 0.9999
378.0000 0.9999
379.0000 0.9999
380.0000 0.9999
381.0000 0.9999
382.0000 0.9999
383.0000 0.9999
384.0000 0.9999
385.0000 0.9999
386.0000 0.9999
387.0000 1.0000
388.0000 1.0000
389.0000 1.0000
390.0000 1.0000
391.0000 1.0000
392.0000 1.0000
393.0000 1.0000
394.0000 1.0000
395.0000 1.0000
396.0000 1.0000
397.0000 1.0000
398.0000 1.0000
399.0000 1.0000
400.0000 1.0000
401.0000 1.0000
402.0000 1.0000
403.0000 1.0000
404.0000 1.0000
405.0000 1.0000
406.0000 1.0000
407.0000 1.0000
408.0000 1.0000
409.0000 1.0000
410.0000 1.0000
411.0000 1.0000
412.0000 1.0000
413.0000 1.0000
414.0000 1.0000
415.0000 1.0000
416.0000 1.0000
417.0000 1.0000
418.0000 1.0000
419.0000 1.0000
420.0000 1.0000
421.0000 1.0000
422.0000 1.0000
423.0000 1.0000
424.0000 1.0000
425.0000 1.0000
426.0000 1.0000
427.0000 1.0000
428.0000 1.0000
429.0000 1.0000
430.0000 1.0000
431.0000 1.0000
432.0000 1.0000
433.0000 1.0000
434.0000 1.0000
435.0000 1.0000
436.0000 1.0000
437.0000 1.0000
438.0000 1.0000
439.0000 1.0000
440.0000 1.0000
441.0000 1.0000
442.0000 1.0000
443.0000 1.0000
444.0000 1.0000
445.0000 1.0000
446.0000 1.0000
447.0000 1.0000
448.0000 1.0000
449.0000 1.0000
450.0000 1.0000
451.0000 1.0000
452.0000 1.0000
453.0000 1.0000
454.0000 1.0000
455.0000 1.0000
456.0000 1.0000
457.0000 1.0000
458.0000 1.0000
459.0000 1.0000
460.0000 1.0000
461.0000 1.0000
462.0000 1.0000
463.0000 1.0000
464.0000 1.0000
465.0000 1.0000
466.0000 1.0000
467.0000 1.0000
468.0000 1.0000
469.0000 1.0000
470.0000 1.0000
471.0000 1.0000
472.0000 1.0000
473.0000 1.0000
474.0000 1.0000
475.0000 1.0000
476.0000 1.0000
477.0000 1.0000
478.0000 1.0000
479.0000 1.0001
480.0000 1.0001
481.0000 1.0001
482.0000 1.0001
483.0000 1.0001
484.0000 1.0001
485.0000 1.0001
486.0000 1.0001
487.0000 1.0001
488.0000 1.0001
489.0000 1.0000
490.0000 1.0000
491.0000 1.0000
492.0000 1.0000
493.0000 1.0000
494.0000 1.0000
495.0000 1.0000
496.0000 1.0000
497.0000 1.0000
498.0000 1.0000
499.0000 1.0000
500.0000 1.0000
501.0000 1.0000
502.0000 1.0000
503.0000 1.0000
504.0000 1.0000
505.0000 1.0000
506.0000 1.0000
507.0000 1.0000
508.0000 1.0000
509.0000 1.0000
510.0000 1.0000
