1.0000 0.0000
2.0000 0.0000
3.0000 0.0000
4.0000 0.0000
5.0000 0.0000
6.0000 0.0000
7.0000 0.0000
8.0000 0.0000
9.0000 0.0000
10.0000 4.9810
11.0000 5.4345
12.0000 4.3278
13.0000 2.9740
14.0000 1.8577
15.0000 1.0957
16.0000 0.6586
17.0000 0.4588
18.0000 0.4003
19.0000 0.4147
20.0000 0.4574
21.0000 0.5040
22.0000 0.5446
23.0000 0.5771
24.0000 0.6040
25.0000 0.6194
26.0000 0.6285
27.0000 0.6351
28.0000 0.6418
29.0000 0.6447
30.0000 0.6513
31.0000 0.6536
32.0000 0.6557
33.0000 0.6597
34.0000 0.6660
35.0000 0.6659
36.0000 0.6658
37.0000 0.6641
38.0000 0.6636
39.0000 0.6674
40.0000 0.6720
41.0000 0.6741
42.0000 0.6760
43.0000 0.6751
44.0000 0.6725
45.0000 0.6762
46.0000 0.6748
47.0000 0.6750
48.0000 0.6740
49.0000 0.6756
50.0000 0.6746
51.0000 0.6782
52.0000 0.6783
53.0000 0.6796
54.0000 0.6755
55.0000 0.6742
56.0000 0.6726
57.0000 0.6760
58.0000 0.6774
59.0000 0.6781
60.0000 0.6764
61.0000 0.6756
62.0000 0.6758
63.0000 0.6786
64.0000 0.6794
65.0000 0.6770
66.0000 0.6758
67.0000 0.6763
68.0000 0.6799
69.0000 0.6793
70.0000 0.6771
71.0000 0.6744
72.0000 0.6779
73.0000 0.6764
74.0000 0.6757
75.0000 0.6749
76.0000 0.6741
77.0000 0.6758
78.0000 0.6759
79.0000 0.6769
80.0000 0.6807
81.0000 0.6816
82.0000 0.6796
83.0000 0.6771
84.0000 0.6780
85.0000 0.6770
86.0000 0.6775
87.0000 0.6750
88.0000 0.6764
89.0000 0.6761
90.0000 0.6754
91.0000 0.6775
92.0000 0.6766
93.0000 0.6748
94.0000 0.6753
95.0000 0.6798
96.0000 0.6780
97.0000 0.6775
98.0000 0.6782
99.0000 0.6772
100.0000 0.6776
101.0000 0.6785
102.0000 0.6756
103.0000 0.6766
104.0000 0.6781
105.0000 0.6790
106.0000 0.6784
107.0000 0.6752
108.0000 0.6746
109.0000 0.6795
110.0000 0.6792
111.0000 0.6808
112.0000 0.6781
113.0000 0.6773
114.0000 0.6782
115.0000 0.6751
116.0000 0.6745
117.0000 0.6753
118.0000 0.6754
119.0000 0.6758
120.0000 0.6766
121.0000 0.6759
122.0000 0.6756
123.0000 0.6762
124.0000 0.6766
125.0000 0.6776
126.0000 0.6788
127.0000 0.6801
128.0000 0.6784
129.0000 0.6763
130.0000 0.6753
131.0000 0.6759
132.0000 0.6775
133.0000 0.6791
134.0000 0.6793
135.0000 0.6790
136.0000 0.6769
137.0000 0.6747
138.0000 0.6748
139.0000 0.6770
140.0000 0.6778
141.0000 0.6784
142.0000 0.6780
143.0000 0.6744
144.0000 0.6741
145.0000 0.6769
146.0000 0.6807
147.0000 0.6823
148.0000 0.6773
149.0000 0.6760
150.0000 0.6744
151.0000 0.6760
152.0000 0.6772
153.0000 0.6774
154.0000 0.6771
155.0000 0.6761
156.0000 0.6784
157.0000 0.6768
158.0000 0.6762
159.0000 0.6761
160.0000 0.6763
161.0000 0.6746
162.0000 0.6762
163.0000 0.6786
164.0000 0.6797
165.0000 0.6797
166.0000 0.6794
167.0000 0.6770
168.0000 0.6743
169.0000 0.6749
170.0000 0.6770
171.0000 0.6796
172.0000 0.6783
173.0000 0.6782
174.0000 0.6760
175.0000 0.6764
176.0000 0.6735
177.0000 0.6758
178.0000 0.6771
179.0000 0.6794
180.0000 0.6795
181.0000 0.6799
182.0000 0.6778
183.0000 0.6757
184.0000 0.6764
185.0000 0.6760
186.0000 0.6756
187.0000 0.6773
188.0000 0.6768
189.0000 0.6753
190.0000 0.6781
191.0000 0.6793
192.0000 0.6785
193.0000 0.6766
194.0000 0.6776
195.0000 0.6763
196.0000 0.6766
197.0000 0.6775
198.0000 0.6782
199.0000 0.6803
200.0000 0.6794
201.0000 0.6772
202.0000 0.6760
203.0000 0.6755
204.0000 0.6754
205.0000 0.6755
206.0000 0.6783
207.0000 0.6792
208.0000 0.6785
209.0000 0.6774
210.0000 0.6764
211.0000 0.6760
212.0000 0.6759
213.0000 0.6761
214.0000 0.6765
215.0000 0.6768
216.0000 0.6770
217.0000 0.6772
218.0000 0.6772
219.0000 0.6773
220.0000 0.6773
221.0000 0.6772
222.0000 0.6772
223.0000 0.6772
224.0000 0.6772
225.0000 0.6771
226.0000 0.6771
227.0000 0.6771
228.0000 0.6771
229.0000 0.6771
230.0000 0.6771
231.0000 0.6771
232.0000 0.6771
233.0000 0.6771
234.0000 0.6771
235.0000 0.6771
236.0000 0.6771
237.0000 0.6771
238.0000 0.6771
239.0000 0.6771
240.0000 0.6771
241.0000 0.6771
242.0000 0.6771
243.0000 0.6771
244.0000 0.6771
245.0000 0.6771
246.0000 0.6771
247.0000 0.6771
248.0000 0.6771
249.0000 0.6771
250.0000 0.6771
251.0000 0.6771
252.0000 0.6771
253.0000 0.6771
254.0000 0.6771
255.0000 0.6771
256.0000 0.6771
257.0000 0.6771
258.0000 0.6771
259.0000 0.6771
260.0000 -5.3550
261.0000 -5.6807
262.0000 -4.1712
263.0000 -2.4618
264.0000 -1.1082
265.0000 -0.2196
266.0000 0.2749
267.0000 0.4867
268.0000 0.5326
269.0000 0.4972
270.0000 0.4309
271.0000 0.3589
272.0000 0.2948
273.0000 0.2502
274.0000 0.2130
275.0000 0.1908
276.0000 0.1731
277.0000 0.1592
278.0000 0.1471
279.0000 0.1390
280.0000 0.1273
281.0000 0.1205
282.0000 0.1141
283.0000 0.1087
284.0000 0.1034
285.0000 0.0990
286.0000 0.0959
287.0000 0.0949
288.0000 0.0931
289.0000 0.0891
290.0000 0.0844
291.0000 0.0793
292.0000 0.0774
293.0000 0.0783
294.0000 0.0778
295.0000 0.0746
296.0000 0.0729
297.0000 0.0742
298.0000 0.0728
299.0000 0.0714
300.0000 0.0722
301.0000 0.0687
302.0000 0.0694
303.0000 0.0684
304.0000 0.0686
305.0000 0.0721
306.0000 0.0714
307.0000 0.0695
308.0000 0.0688
309.0000 0.0649
310.0000 0.0663
311.0000 0.0684
312.0000 0.0681
313.0000 0.0667
314.0000 0.0624
315.0000 0.0664
316.0000 0.0691
317.0000 0.0676
318.0000 0.0646
319.0000 0.0670
320.0000 0.0681
321.0000 0.0667
322.0000 0.0650
323.0000 0.0658
324.0000 0.0707
325.0000 0.0673
326.0000 0.0698
327.0000 0.0683
328.0000 0.0618
329.0000 0.0636
330.0000 0.0635
331.0000 0.0604
332.0000 0.0650
333.0000 0.0677
334.0000 0.0656
335.0000 0.0631
336.0000 0.0648
337.0000 0.0685
338.0000 0.0684
339.0000 0.0672
340.0000 0.0673
341.0000 0.0667
342.0000 0.0682
343.0000 0.0646
344.0000 0.0650
345.0000 0.0636
346.0000 0.0668
347.0000 0.0664
348.0000 0.0661
349.0000 0.0642
350.0000 0.0630
351.0000 0.0653
352.0000 0.0664
353.0000 0.0679
354.0000 0.0641
355.0000 0.0642
356.0000 0.0655
357.0000 0.0652
358.0000 0.0655
359.0000 0.0634
360.0000 0.0630
361.0000 0.0626
362.0000 0.0669
363.0000 0.0668
364.0000 0.0665
365.0000 0.0669
366.0000 0.0686
367.0000 0.0692
368.0000 0.0666
369.0000 0.0662
370.0000 0.0652
371.0000 0.0663
372.0000 0.0659
373.0000 0.0640
374.0000 0.0673
375.0000 0.0688
376.0000 0.0638
377.0000 0.0629
378.0000 0.0664
379.0000 0.0642
380.0000 0.0654
381.0000 0.0661
382.0000 0.0652
383.0000 0.0640
384.0000 0.0668
385.0000 0.0654
386.0000 0.0649
387.0000 0.0665
388.0000 0.0668
389.0000 0.0670
390.0000 0.0651
391.0000 0.0664
392.0000 0.0640
393.0000 0.0629
394.0000 0.0669
395.0000 0.0646
396.0000 0.0632
397.0000 0.0630
398.0000 0.0660
399.0000 0.0682
400.0000 0.0672
401.0000 0.0662
402.0000 0.0673
403.0000 0.0641
404.0000 0.0651
405.0000 0.0675
406.0000 0.0660
407.0000 0.0646
408.0000 0.0662
409.0000 0.0678
410.0000 0.0677
411.0000 0.0652
412.0000 0.0648
413.0000 0.0646
414.0000 0.0646
415.0000 0.0647
416.0000 0.0647
417.0000 0.0632
418.0000 0.0670
419.0000 0.0676
420.0000 0.0655
421.0000 0.0633
422.0000 0.0654
423.0000 0.0655
424.0000 0.0680
425.0000 0.0671
426.0000 0.0667
427.0000 0.0650
428.0000 0.0657
429.0000 0.0641
430.0000 0.0642
431.0000 0.0635
432.0000 0.0658
433.0000 0.0681
434.0000 0.0670
435.0000 0.0674
436.0000 0.0676
437.0000 0.0650
438.0000 0.0651
439.0000 0.0663
440.0000 0.0636
441.0000 0.0629
442.0000 0.0644
443.0000 0.0667
444.0000 0.0654
445.0000 0.0631
446.0000 0.0639
447.0000 0.0651
448.0000 0.0655
449.0000 0.0631
450.0000 0.0639
451.0000 0.0663
452.0000 0.0674
453.0000 0.0678
454.0000 0.0678
455.0000 0.0675
456.0000 0.0640
457.0000 0.0631
458.0000 0.0640
459.0000 0.0655
460.0000 0.0665
461.0000 0.0670
462.0000 0.0671
463.0000 0.0667
464.0000 0.0663
465.0000 0.0660
466.0000 0.0657
467.0000 0.0655
468.0000 0.0654
469.0000 0.0654
470.0000 0.0654
471.0000 0.0654
472.0000 0.0655
473.0000 0.0655
474.0000 0.0655
475.0000 0.0656
476.0000 0.0656
477.0000 0.0656
478.0000 0.0656
479.0000 0.0656
480.0000 0.0656
481.0000 0.0656
482.0000 0.0656
483.0000 0.0656
484.0000 0.0656
485.0000 0.0656
486.0000 0.0656
487.0000 0.0656
488.0000 0.0656
489.0000 0.0656
490.0000 0.0656
491.0000 0.0656
492.0000 0.0656
493.0000 0.0656
494.0000 0.0656
495.0000 0.0656
496.0000 0.0656
497.0000 0.0656
498.0000 0.0656
499.0000 0.0656
500.0000 0.0656
501.0000 0.0656
502.0000 0.0656
503.0000 0.0656
504.0000 0.0656
505.0000 0.0656
506.0000 0.0656
507.0000 0.0656
508.0000 0.0656
509.0000 0.0656
510.0000 0.0656
