1.0000 0.0000
2.0000 0.0000
3.0000 0.0000
4.0000 0.0000
5.0000 0.0000
6.0000 0.0000
7.0000 0.0000
8.0000 0.0000
9.0000 0.0000
10.0000 0.2594
11.0000 0.4452
12.0000 0.5855
13.0000 0.6988
14.0000 0.7965
15.0000 0.8842
16.0000 0.9640
17.0000 1.0360
18.0000 1.0996
19.0000 1.1536
20.0000 1.1972
21.0000 1.2300
22.0000 1.2520
23.0000 1.2636
24.0000 1.2657
25.0000 1.2591
26.0000 1.2448
27.0000 1.2241
28.0000 1.1981
29.0000 1.1678
30.0000 1.1343
31.0000 1.0984
32.0000 1.0611
33.0000 1.0230
34.0000 0.9848
35.0000 0.9471
36.0000 0.9103
37.0000 0.8749
38.0000 0.8412
39.0000 0.8094
40.0000 0.7797
41.0000 0.7524
42.0000 0.7275
43.0000 0.7051
44.0000 0.6850
45.0000 0.6675
46.0000 0.6523
47.0000 0.6393
48.0000 0.6286
49.0000 0.6199
50.0000 0.6131
51.0000 0.6081
52.0000 0.6046
53.0000 0.6027
54.0000 0.6021
55.0000 0.6025
56.0000 0.6040
57.0000 0.6064
58.0000 0.6094
59.0000 0.6130
60.0000 0.6171
61.0000 0.6215
62.0000 0.6261
63.0000 0.6309
64.0000 0.6357
65.0000 0.6405
66.0000 0.6452
67.0000 0.6498
68.0000 0.6542
69.0000 0.6583
70.0000 0.6622
71.0000 0.6658
72.0000 0.6691
73.0000 0.6721
74.0000 0.6748
75.0000 0.6771
76.0000 0.6792
77.0000 0.6810
78.0000 0.6824
79.0000 0.6836
80.0000 0.6846
81.0000 0.6853
82.0000 0.6859
83.0000 0.6862
84.0000 0.6864
85.0000 0.6864
86.0000 0.6862
87.0000 0.6860
88.0000 0.6857
89.0000 0.6852
90.0000 0.6847
91.0000 0.6842
92.0000 0.6837
93.0000 0.6831
94.0000 0.6825
95.0000 0.6819
96.0000 0.6813
97.0000 0.6807
98.0000 0.6802
99.0000 0.6796
100.0000 0.6791
101.0000 0.6786
102.0000 0.6782
103.0000 0.6778
104.0000 0.6774
105.0000 0.6771
106.0000 0.6769
107.0000 0.6767
108.0000 0.6765
109.0000 0.6763
110.0000 0.6762
111.0000 0.6762
112.0000 0.6761
113.0000 0.6761
114.0000 0.6761
115.0000 0.6761
116.0000 0.6761
117.0000 0.6761
118.0000 0.6762
119.0000 0.6762
120.0000 0.6763
121.0000 0.6763
122.0000 0.6764
123.0000 0.6764
124.0000 0.6765
125.0000 0.6766
126.0000 0.6766
127.0000 0.6767
128.0000 0.6768
129.0000 0.6769
130.0000 0.6769
131.0000 0.6769
132.0000 0.6770
133.0000 0.6770
134.0000 0.6771
135.0000 0.6771
136.0000 0.6771
137.0000 0.6772
138.0000 0.6772
139.0000 0.6772
140.0000 0.6772
141.0000 0.6771
142.0000 0.6771
143.0000 0.6771
144.0000 0.6771
145.0000 0.6771
146.0000 0.6771
147.0000 0.6771
148.0000 0.6771
149.0000 0.6771
150.0000 0.6771
151.0000 0.6771
152.0000 0.6771
153.0000 0.6771
154.0000 0.6771
155.0000 0.6771
156.0000 0.6771
157.0000 0.6772
158.0000 0.6772
159.0000 0.6772
160.0000 0.6772
161.0000 0.6772
162.0000 0.6772
163.0000 0.6772
164.0000 0.6772
165.0000 0.6772
166.0000 0.6772
167.0000 0.6772
168.0000 0.6772
169.0000 0.6771
170.0000 0.6771
171.0000 0.6771
172.0000 0.6771
173.0000 0.6771
174.0000 0.6771
175.0000 0.6771
176.0000 0.6771
177.0000 0.6772
178.0000 0.6772
179.0000 0.6772
180.0000 0.6772
181.0000 0.6772
182.0000 0.6772
183.0000 0.6772
184.0000 0.6773
185.0000 0.6772
186.0000 0.6772
187.0000 0.6772
188.0000 0.6772
189.0000 0.6772
190.0000 0.6771
191.0000 0.6771
192.0000 0.6771
193.0000 0.6771
194.0000 0.6771
195.0000 0.6771
196.0000 0.6771
197.0000 0.6770
198.0000 0.6770
199.0000 0.6770
200.0000 0.6770
201.0000 0.6770
202.0000 0.6770
203.0000 0.6771
204.0000 0.6771
205.0000 0.6771
206.0000 0.6771
207.0000 0.6772
208.0000 0.6772
209.0000 0.6773
210.0000 0.6773
211.0000 0.6773
212.0000 0.6773
213.0000 0.6773
214.0000 0.6774
215.0000 0.6774
216.0000 0.6774
217.0000 0.6774
218.0000 0.6774
219.0000 0.6774
220.0000 0.6774
221.0000 0.6773
222.0000 0.6773
223.0000 0.6773
224.0000 0.6773
225.0000 0.6773
226.0000 0.6772
227.0000 0.6772
228.0000 0.6772
229.0000 0.6772
230.0000 0.6771
231.0000 0.6771
232.0000 0.6771
233.0000 0.6771
234.0000 0.6771
235.0000 0.6771
236.0000 0.6770
237.0000 0.6770
238.0000 0.6770
239.0000 0.6770
240.0000 0.6770
241.0000 0.6770
242.0000 0.6770
243.0000 0.6770
244.0000 0.6770
245.0000 0.6770
246.0000 0.6770
247.0000 0.6770
248.0000 0.6770
249.0000 0.6770
250.0000 0.6770
251.0000 0.6770
252.0000 0.6771
253.0000 0.6771
254.0000 0.6771
255.0000 0.6771
256.0000 0.6771
257.0000 0.6771
258.0000 0.6771
259.0000 0.6771
260.0000 0.4423
261.0000 0.2081
262.0000 -0.0071
263.0000 -0.1932
264.0000 -0.3465
265.0000 -0.4671
266.0000 -0.5575
267.0000 -0.6213
268.0000 -0.6623
269.0000 -0.6841
270.0000 -0.6901
271.0000 -0.6832
272.0000 -0.6656
273.0000 -0.6395
274.0000 -0.6065
275.0000 -0.5680
276.0000 -0.5254
277.0000 -0.4797
278.0000 -0.4320
279.0000 -0.3831
280.0000 -0.3340
281.0000 -0.2852
282.0000 -0.2374
283.0000 -0.1913
284.0000 -0.1471
285.0000 -0.1054
286.0000 -0.0664
287.0000 -0.0303
288.0000 0.0027
289.0000 0.0325
290.0000 0.0591
291.0000 0.0825
292.0000 0.1028
293.0000 0.1201
294.0000 0.1345
295.0000 0.1462
296.0000 0.1553
297.0000 0.1620
298.0000 0.1666
299.0000 0.1691
300.0000 0.1700
301.0000 0.1692
302.0000 0.1672
303.0000 0.1640
304.0000 0.1598
305.0000 0.1548
306.0000 0.1493
307.0000 0.1432
308.0000 0.1369
309.0000 0.1303
310.0000 0.1237
311.0000 0.1172
312.0000 0.1107
313.0000 0.1045
314.0000 0.0985
315.0000 0.0928
316.0000 0.0875
317.0000 0.0825
318.0000 0.0780
319.0000 0.0738
320.0000 0.0701
321.0000 0.0668
322.0000 0.0639
323.0000 0.0615
324.0000 0.0594
325.0000 0.0576
326.0000 0.0563
327.0000 0.0552
328.0000 0.0544
329.0000 0.0539
330.0000 0.0536
331.0000 0.0535
332.0000 0.0536
333.0000 0.0539
334.0000 0.0543
335.0000 0.0548
336.0000 0.0554
337.0000 0.0561
338.0000 0.0568
339.0000 0.0576
340.0000 0.0583
341.0000 0.0592
342.0000 0.0600
343.0000 0.0608
344.0000 0.0615
345.0000 0.0622
346.0000 0.0629
347.0000 0.0635
348.0000 0.0641
349.0000 0.0647
350.0000 0.0651
351.0000 0.0656
352.0000 0.0659
353.0000 0.0663
354.0000 0.0665
355.0000 0.0668
356.0000 0.0670
357.0000 0.0671
358.0000 0.0672
359.0000 0.0672
360.0000 0.0672
361.0000 0.0672
362.0000 0.0672
363.0000 0.0671
364.0000 0.0670
365.0000 0.0669
366.0000 0.0668
367.0000 0.0667
368.0000 0.0666
369.0000 0.0665
370.0000 0.0664
371.0000 0.0663
372.0000 0.0662
373.0000 0.0660
374.0000 0.0660
375.0000 0.0659
376.0000 0.0658
377.0000 0.0658
378.0000 0.0658
379.0000 0.0657
380.0000 0.0657
381.0000 0.0657
382.0000 0.0657
383.0000 0.0657
384.0000 0.0657
385.0000 0.0657
386.0000 0.0657
387.0000 0.0657
388.0000 0.0657
389.0000 0.0657
390.0000 0.0657
391.0000 0.0657
392.0000 0.0657
393.0000 0.0657
394.0000 0.0657
395.0000 0.0656
396.0000 0.0656
397.0000 0.0656
398.0000 0.0655
399.0000 0.0655
400.0000 0.0655
401.0000 0.0655
402.0000 0.0655
403.0000 0.0655
404.0000 0.0655
405.0000 0.0654
406.0000 0.0654
407.0000 0.0654
408.0000 0.0654
409.0000 0.0655
410.0000 0.0655
411.0000 0.0655
412.0000 0.0655
413.0000 0.0655
414.0000 0.0655
415.0000 0.0656
416.0000 0.0656
417.0000 0.0656
418.0000 0.0656
419.0000 0.0655
420.0000 0.0655
421.0000 0.0655
422.0000 0.0655
423.0000 0.0655
424.0000 0.0655
425.0000 0.0655
426.0000 0.0655
427.0000 0.0655
428.0000 0.0655
429.0000 0.0656
430.0000 0.0656
431.0000 0.0656
432.0000 0.0656
433.0000 0.0657
434.0000 0.0657
435.0000 0.0657
436.0000 0.0657
437.0000 0.0657
438.0000 0.0657
439.0000 0.0657
440.0000 0.0657
441.0000 0.0657
442.0000 0.0657
443.0000 0.0657
444.0000 0.0657
445.0000 0.0657
446.0000 0.0657
447.0000 0.0657
448.0000 0.0656
449.0000 0.0656
450.0000 0.0656
451.0000 0.0656
452.0000 0.0655
453.0000 0.0655
454.0000 0.0655
455.0000 0.0654
456.0000 0.0654
457.0000 0.0654
458.0000 0.0654
459.0000 0.0653
460.0000 0.0653
461.0000 0.0653
462.0000 0.0653
463.0000 0.0653
464.0000 0.0653
465.0000 0.0653
466.0000 0.0653
467.0000 0.0653
468.0000 0.0654
469.0000 0.0654
470.0000 0.0654
471.0000 0.0654
472.0000 0.0655
473.0000 0.0655
474.0000 0.0655
475.0000 0.0655
476.0000 0.0656
477.0000 0.0656
478.0000 0.0656
479.0000 0.0656
480.0000 0.0657
481.0000 0.0657
482.0000 0.0657
483.0000 0.0657
484.0000 0.0657
485.0000 0.0657
486.0000 0.0658
487.0000 0.0658
488.0000 0.0658
489.0000 0.0658
490.0000 0.0658
491.0000 0.0658
492.0000 0.0658
493.0000 0.0657
494.0000 0.0657
495.0000 0.0657
496.0000 0.0657
497.0000 0.0657
498.0000 0.0657
499.0000 0.0657
500.0000 0.0657
501.0000 0.0657
502.0000 0.0657
503.0000 0.0656
504.0000 0.0656
505.0000 0.0656
506.0000 0.0656
507.0000 0.0656
508.0000 0.0656
509.0000 0.0656
510.0000 0.0656
