1.0000 0.0000
2.0000 0.0000
3.0000 0.0000
4.0000 0.0000
5.0000 0.0000
6.0000 0.0000
7.0000 0.0000
8.0000 0.0000
9.0000 0.0000
10.0000 0.2922
11.0000 0.3777
12.0000 0.3556
13.0000 0.2812
14.0000 0.1887
15.0000 0.0970
16.0000 0.0153
17.0000 -0.0533
18.0000 -0.1086
19.0000 -0.1521
20.0000 -0.1855
21.0000 -0.2110
22.0000 -0.2301
23.0000 -0.2443
24.0000 -0.2549
25.0000 -0.2626
26.0000 -0.2683
27.0000 -0.2723
28.0000 -0.2752
29.0000 -0.2772
30.0000 -0.2784
31.0000 -0.2792
32.0000 -0.2796
33.0000 -0.2796
34.0000 -0.2794
35.0000 -0.2791
36.0000 -0.2785
37.0000 -0.2779
38.0000 -0.2772
39.0000 -0.2764
40.0000 -0.2757
41.0000 -0.2748
42.0000 -0.2740
43.0000 -0.2731
44.0000 -0.2722
45.0000 -0.2714
46.0000 -0.2706
47.0000 -0.2697
48.0000 -0.2689
49.0000 -0.2681
50.0000 -0.2674
51.0000 -0.2667
52.0000 -0.2660
53.0000 -0.2653
54.0000 -0.2647
55.0000 -0.2641
56.0000 -0.2634
57.0000 -0.2629
58.0000 -0.2624
59.0000 -0.2619
60.0000 -0.2614
61.0000 -0.2609
62.0000 -0.2605
63.0000 -0.2600
64.0000 -0.2597
65.0000 -0.2593
66.0000 -0.2590
67.0000 -0.2586
68.0000 -0.2583
69.0000 -0.2581
70.0000 -0.2578
71.0000 -0.2575
72.0000 -0.2573
73.0000 -0.2570
74.0000 -0.2568
75.0000 -0.2566
76.0000 -0.2564
77.0000 -0.2563
78.0000 -0.2561
79.0000 -0.2560
80.0000 -0.2558
81.0000 -0.2557
82.0000 -0.2555
83.0000 -0.2554
84.0000 -0.2553
85.0000 -0.2552
86.0000 -0.2551
87.0000 -0.2550
88.0000 -0.2549
89.0000 -0.2549
90.0000 -0.2548
91.0000 -0.2548
92.0000 -0.2547
93.0000 -0.2547
94.0000 -0.2546
95.0000 -0.2546
96.0000 -0.2545
97.0000 -0.2544
98.0000 -0.2544
99.0000 -0.2543
100.0000 -0.2543
101.0000 -0.2543
102.0000 -0.2542
103.0000 -0.2542
104.0000 -0.2542
105.0000 -0.2542
106.0000 -0.2542
107.0000 -0.2542
108.0000 -0.2542
109.0000 -0.2542
110.0000 -0.2541
111.0000 -0.2541
112.0000 -0.2541
113.0000 -0.2541
114.0000 -0.2541
115.0000 -0.2541
116.0000 -0.2541
117.0000 -0.2541
118.0000 -0.2541
119.0000 -0.2541
120.0000 -0.2541
121.0000 -0.2541
122.0000 -0.2541
123.0000 -0.2540
124.0000 -0.2540
125.0000 -0.2539
126.0000 -0.2539
127.0000 -0.2538
128.0000 -0.2538
129.0000 -0.2538
130.0000 -0.2538
131.0000 -0.2538
132.0000 -0.2538
133.0000 -0.2538
134.0000 -0.2539
135.0000 -0.2539
136.0000 -0.2539
137.0000 -0.2539
138.0000 -0.2539
139.0000 -0.2539
140.0000 -0.2539
141.0000 -0.2539
142.0000 -0.2539
143.0000 -0.2539
144.0000 -0.2539
145.0000 -0.2539
146.0000 -0.2539
147.0000 -0.2539
148.0000 -0.2539
149.0000 -0.2539
150.0000 -0.2539
151.0000 -0.2539
152.0000 -0.2539
153.0000 -0.2539
154.0000 -0.2539
155.0000 -0.2539
156.0000 -0.2539
157.0000 -0.2539
158.0000 -0.2539
159.0000 -0.2539
160.0000 -0.2539
161.0000 -0.2539
162.0000 -0.2539
163.0000 -0.2539
164.0000 -0.2539
165.0000 -0.2539
166.0000 -0.2539
167.0000 -0.2539
168.0000 -0.2539
169.0000 -0.2539
170.0000 -0.2539
171.0000 -0.2539
172.0000 -0.2539
173.0000 -0.2539
174.0000 -0.2539
175.0000 -0.2539
176.0000 -0.2539
177.0000 -0.2539
178.0000 -0.2539
179.0000 -0.2539
180.0000 -0.2539
181.0000 -0.2539
182.0000 -0.2539
183.0000 -0.2539
184.0000 -0.2539
185.0000 -0.2540
186.0000 -0.2540
187.0000 -0.2540
188.0000 -0.2540
189.0000 -0.2540
190.0000 -0.2540
191.0000 -0.2539
192.0000 -0.2540
193.0000 -0.2540
194.0000 -0.2539
195.0000 -0.2539
196.0000 -0.2539
197.0000 -0.2539
198.0000 -0.2539
199.0000 -0.2539
200.0000 -0.2539
201.0000 -0.2539
202.0000 -0.2539
203.0000 -0.2539
204.0000 -0.2540
205.0000 -0.2540
206.0000 -0.2540
207.0000 -0.2539
208.0000 -0.2539
209.0000 -0.2539
210.0000 -0.2539
211.0000 -0.2539
212.0000 -0.2539
213.0000 -0.2539
214.0000 -0.2539
215.0000 -0.2539
216.0000 -0.2539
217.0000 -0.2539
218.0000 -0.2539
219.0000 -0.2539
220.0000 -0.2539
221.0000 -0.2539
222.0000 -0.2539
223.0000 -0.2539
224.0000 -0.2539
225.0000 -0.2539
226.0000 -0.2539
227.0000 -0.2539
228.0000 -0.2539
229.0000 -0.2539
230.0000 -0.2539
231.0000 -0.2539
232.0000 -0.2539
233.0000 -0.2539
234.0000 -0.2539
235.0000 -0.2539
236.0000 -0.2539
237.0000 -0.2539
238.0000 -0.2539
239.0000 -0.2539
240.0000 -0.2539
241.0000 -0.2539
242.0000 -0.2539
243.0000 -0.2539
244.0000 -0.2539
245.0000 -0.2539
246.0000 -0.2539
247.0000 -0.2539
248.0000 -0.2539
249.0000 -0.2539
250.0000 -0.2539
251.0000 -0.2539
252.0000 -0.2539
253.0000 -0.2539
254.0000 -0.2539
255.0000 -0.2539
256.0000 -0.2539
257.0000 -0.2539
258.0000 -0.2539
259.0000 -0.2539
260.0000 0.4287
261.0000 0.7426
262.0000 0.8762
263.0000 0.9277
264.0000 0.9435
265.0000 0.9448
266.0000 0.9410
267.0000 0.9359
268.0000 0.9309
269.0000 0.9263
270.0000 0.9222
271.0000 0.9183
272.0000 0.9146
273.0000 0.9109
274.0000 0.9073
275.0000 0.9035
276.0000 0.8997
277.0000 0.8959
278.0000 0.8921
279.0000 0.8883
280.0000 0.8846
281.0000 0.8808
282.0000 0.8772
283.0000 0.8735
284.0000 0.8700
285.0000 0.8666
286.0000 0.8632
287.0000 0.8600
288.0000 0.8569
289.0000 0.8540
290.0000 0.8511
291.0000 0.8484
292.0000 0.8457
293.0000 0.8432
294.0000 0.8408
295.0000 0.8386
296.0000 0.8364
297.0000 0.8343
298.0000 0.8324
299.0000 0.8306
300.0000 0.8289
301.0000 0.8273
302.0000 0.8258
303.0000 0.8243
304.0000 0.8229
305.0000 0.8216
306.0000 0.8204
307.0000 0.8193
308.0000 0.8183
309.0000 0.8173
310.0000 0.8163
311.0000 0.8155
312.0000 0.8147
313.0000 0.8138
314.0000 0.8131
315.0000 0.8125
316.0000 0.8119
317.0000 0.8113
318.0000 0.8108
319.0000 0.8103
320.0000 0.8098
321.0000 0.8093
322.0000 0.8089
323.0000 0.8085
324.0000 0.8081
325.0000 0.8078
326.0000 0.8075
327.0000 0.8072
328.0000 0.8069
329.0000 0.8067
330.0000 0.8065
331.0000 0.8062
332.0000 0.8060
333.0000 0.8058
334.0000 0.8057
335.0000 0.8055
336.0000 0.8054
337.0000 0.8053
338.0000 0.8051
339.0000 0.8050
340.0000 0.8048
341.0000 0.8047
342.0000 0.8047
343.0000 0.8046
344.0000 0.8046
345.0000 0.8045
346.0000 0.8044
347.0000 0.8043
348.0000 0.8042
349.0000 0.8041
350.0000 0.8040
351.0000 0.8040
352.0000 0.8040
353.0000 0.8040
354.0000 0.8039
355.0000 0.8039
356.0000 0.8039
357.0000 0.8038
358.0000 0.8038
359.0000 0.8038
360.0000 0.8038
361.0000 0.8038
362.0000 0.8038
363.0000 0.8038
364.0000 0.8038
365.0000 0.8038
366.0000 0.8038
367.0000 0.8037
368.0000 0.8037
369.0000 0.8036
370.0000 0.8036
371.0000 0.8036
372.0000 0.8036
373.0000 0.8037
374.0000 0.8036
375.0000 0.8036
376.0000 0.8035
377.0000 0.8035
378.0000 0.8035
379.0000 0.8035
380.0000 0.8035
381.0000 0.8035
382.0000 0.8035
383.0000 0.8035
384.0000 0.8035
385.0000 0.8035
386.0000 0.8035
387.0000 0.8035
388.0000 0.8035
389.0000 0.8035
390.0000 0.8035
391.0000 0.8035
392.0000 0.8035
393.0000 0.8035
394.0000 0.8035
395.0000 0.8035
396.0000 0.8035
397.0000 0.8034
398.0000 0.8035
399.0000 0.8035
400.0000 0.8035
401.0000 0.8035
402.0000 0.8035
403.0000 0.8035
404.0000 0.8035
405.0000 0.8035
406.0000 0.8035
407.0000 0.8035
408.0000 0.8035
409.0000 0.8035
410.0000 0.8035
411.0000 0.8035
412.0000 0.8036
413.0000 0.8036
414.0000 0.8035
415.0000 0.8035
416.0000 0.8035
417.0000 0.8035
418.0000 0.8035
419.0000 0.8035
420.0000 0.8035
421.0000 0.8035
422.0000 0.8035
423.0000 0.8035
424.0000 0.8035
425.0000 0.8035
426.0000 0.8035
427.0000 0.8036
428.0000 0.8036
429.0000 0.8036
430.0000 0.8036
431.0000 0.8036
432.0000 0.8035
433.0000 0.8035
434.0000 0.8035
435.0000 0.8035
436.0000 0.8035
437.0000 0.8035
438.0000 0.8035
439.0000 0.8035
440.0000 0.8035
441.0000 0.8035
442.0000 0.8035
443.0000 0.8035
444.0000 0.8035
445.0000 0.8035
446.0000 0.8036
447.0000 0.8036
448.0000 0.8036
449.0000 0.8036
450.0000 0.8036
451.0000 0.8036
452.0000 0.8036
453.0000 0.8036
454.0000 0.8036
455.0000 0.8036
456.0000 0.8036
457.0000 0.8036
458.0000 0.8036
459.0000 0.8036
460.0000 0.8036
461.0000 0.8036
462.0000 0.8036
463.0000 0.8036
464.0000 0.8036
465.0000 0.8036
466.0000 0.8036
467.0000 0.8036
468.0000 0.8036
469.0000 0.8035
470.0000 0.8035
471.0000 0.8035
472.0000 0.8035
473.0000 0.8035
474.0000 0.8035
475.0000 0.8035
476.0000 0.8035
477.0000 0.8035
478.0000 0.8035
479.0000 0.8035
480.0000 0.8035
481.0000 0.8035
482.0000 0.8035
483.0000 0.8035
484.0000 0.8035
485.0000 0.8035
486.0000 0.8035
487.0000 0.8035
488.0000 0.8035
489.0000 0.8035
490.0000 0.8035
491.0000 0.8035
492.0000 0.8035
493.0000 0.8035
494.0000 0.8035
495.0000 0.8035
496.0000 0.8035
497.0000 0.8035
498.0000 0.8035
499.0000 0.8035
500.0000 0.8035
501.0000 0.8035
502.0000 0.8035
503.0000 0.8035
504.0000 0.8035
505.0000 0.8035
506.0000 0.8035
507.0000 0.8035
508.0000 0.8035
509.0000 0.8035
510.0000 0.8035
