1.0000 0.0000
2.0000 0.0000
3.0000 0.0000
4.0000 0.0000
5.0000 0.0000
6.0000 0.0000
7.0000 0.0000
8.0000 0.0000
9.0000 0.0000
10.0000 1.9176
11.0000 2.7137
12.0000 2.8922
13.0000 2.7559
14.0000 2.4750
15.0000 2.1425
16.0000 1.8109
17.0000 1.5088
18.0000 1.2504
19.0000 1.0408
20.0000 0.8795
21.0000 0.7617
22.0000 0.6807
23.0000 0.6293
24.0000 0.6008
25.0000 0.5882
26.0000 0.5861
27.0000 0.5908
28.0000 0.5995
29.0000 0.6095
30.0000 0.6201
31.0000 0.6298
32.0000 0.6383
33.0000 0.6458
34.0000 0.6524
35.0000 0.6575
36.0000 0.6613
37.0000 0.6640
38.0000 0.6659
39.0000 0.6675
40.0000 0.6692
41.0000 0.6706
42.0000 0.6719
43.0000 0.6728
44.0000 0.6731
45.0000 0.6738
46.0000 0.6742
47.0000 0.6746
48.0000 0.6747
49.0000 0.6750
50.0000 0.6750
51.0000 0.6756
52.0000 0.6759
53.0000 0.6765
54.0000 0.6764
55.0000 0.6763
56.0000 0.6760
57.0000 0.6761
58.0000 0.6763
59.0000 0.6765
60.0000 0.6763
61.0000 0.6762
62.0000 0.6762
63.0000 0.6766
64.0000 0.6769
65.0000 0.6769
66.0000 0.6768
67.0000 0.6769
68.0000 0.6775
69.0000 0.6777
70.0000 0.6777
71.0000 0.6772
72.0000 0.6774
73.0000 0.6772
74.0000 0.6770
75.0000 0.6767
76.0000 0.6763
77.0000 0.6764
78.0000 0.6763
79.0000 0.6763
80.0000 0.6768
81.0000 0.6773
82.0000 0.6776
83.0000 0.6776
84.0000 0.6777
85.0000 0.6777
86.0000 0.6777
87.0000 0.6773
88.0000 0.6772
89.0000 0.6770
90.0000 0.6768
91.0000 0.6771
92.0000 0.6771
93.0000 0.6768
94.0000 0.6766
95.0000 0.6770
96.0000 0.6770
97.0000 0.6770
98.0000 0.6772
99.0000 0.6772
100.0000 0.6772
101.0000 0.6773
102.0000 0.6769
103.0000 0.6770
104.0000 0.6772
105.0000 0.6775
106.0000 0.6776
107.0000 0.6773
108.0000 0.6769
109.0000 0.6773
110.0000 0.6773
111.0000 0.6776
112.0000 0.6775
113.0000 0.6775
114.0000 0.6777
115.0000 0.6775
116.0000 0.6772
117.0000 0.6771
118.0000 0.6769
119.0000 0.6768
120.0000 0.6768
121.0000 0.6767
122.0000 0.6765
123.0000 0.6765
124.0000 0.6765
125.0000 0.6766
126.0000 0.6768
127.0000 0.6772
128.0000 0.6772
129.0000 0.6771
130.0000 0.6769
131.0000 0.6769
132.0000 0.6770
133.0000 0.6772
134.0000 0.6775
135.0000 0.6777
136.0000 0.6776
137.0000 0.6772
138.0000 0.6769
139.0000 0.6769
140.0000 0.6770
141.0000 0.6772
142.0000 0.6773
143.0000 0.6768
144.0000 0.6765
145.0000 0.6767
146.0000 0.6772
147.0000 0.6778
148.0000 0.6777
149.0000 0.6775
150.0000 0.6773
151.0000 0.6772
152.0000 0.6772
153.0000 0.6771
154.0000 0.6770
155.0000 0.6768
156.0000 0.6770
157.0000 0.6769
158.0000 0.6767
159.0000 0.6767
160.0000 0.6767
161.0000 0.6765
162.0000 0.6765
163.0000 0.6767
164.0000 0.6771
165.0000 0.6774
166.0000 0.6777
167.0000 0.6776
168.0000 0.6772
169.0000 0.6770
170.0000 0.6771
171.0000 0.6775
172.0000 0.6775
173.0000 0.6775
174.0000 0.6773
175.0000 0.6772
176.0000 0.6767
177.0000 0.6765
178.0000 0.6765
179.0000 0.6768
180.0000 0.6771
181.0000 0.6774
182.0000 0.6775
183.0000 0.6774
184.0000 0.6774
185.0000 0.6773
186.0000 0.6771
187.0000 0.6772
188.0000 0.6771
189.0000 0.6769
190.0000 0.6771
191.0000 0.6773
192.0000 0.6773
193.0000 0.6771
194.0000 0.6773
195.0000 0.6771
196.0000 0.6770
197.0000 0.6770
198.0000 0.6771
199.0000 0.6775
200.0000 0.6778
201.0000 0.6779
202.0000 0.6778
203.0000 0.6776
204.0000 0.6774
205.0000 0.6772
206.0000 0.6773
207.0000 0.6775
208.0000 0.6775
209.0000 0.6774
210.0000 0.6772
211.0000 0.6771
212.0000 0.6769
213.0000 0.6768
214.0000 0.6768
215.0000 0.6767
216.0000 0.6767
217.0000 0.6768
218.0000 0.6768
219.0000 0.6768
220.0000 0.6769
221.0000 0.6770
222.0000 0.6770
223.0000 0.6771
224.0000 0.6771
225.0000 0.6771
226.0000 0.6771
227.0000 0.6771
228.0000 0.6772
229.0000 0.6772
230.0000 0.6772
231.0000 0.6772
232.0000 0.6772
233.0000 0.6771
234.0000 0.6771
235.0000 0.6771
236.0000 0.6771
237.0000 0.6771
238.0000 0.6771
239.0000 0.6771
240.0000 0.6771
241.0000 0.6771
242.0000 0.6771
243.0000 0.6771
244.0000 0.6771
245.0000 0.6771
246.0000 0.6771
247.0000 0.6771
248.0000 0.6771
249.0000 0.6771
250.0000 0.6771
251.0000 0.6771
252.0000 0.6771
253.0000 0.6771
254.0000 0.6771
255.0000 0.6771
256.0000 0.6771
257.0000 0.6771
258.0000 0.6771
259.0000 0.6771
260.0000 -1.4622
261.0000 -2.3739
262.0000 -2.5395
263.0000 -2.3110
264.0000 -1.9131
265.0000 -1.4752
266.0000 -1.0638
267.0000 -0.7092
268.0000 -0.4208
269.0000 -0.1977
270.0000 -0.0334
271.0000 0.0804
272.0000 0.1530
273.0000 0.1950
274.0000 0.2140
275.0000 0.2178
276.0000 0.2114
277.0000 0.1992
278.0000 0.1841
279.0000 0.1685
280.0000 0.1531
281.0000 0.1392
282.0000 0.1272
283.0000 0.1170
284.0000 0.1088
285.0000 0.1020
286.0000 0.0965
287.0000 0.0922
288.0000 0.0888
289.0000 0.0860
290.0000 0.0836
291.0000 0.0813
292.0000 0.0796
293.0000 0.0783
294.0000 0.0771
295.0000 0.0758
296.0000 0.0744
297.0000 0.0735
298.0000 0.0726
299.0000 0.0717
300.0000 0.0712
301.0000 0.0705
302.0000 0.0701
303.0000 0.0697
304.0000 0.0691
305.0000 0.0691
306.0000 0.0689
307.0000 0.0686
308.0000 0.0685
309.0000 0.0679
310.0000 0.0676
311.0000 0.0676
312.0000 0.0675
313.0000 0.0673
314.0000 0.0667
315.0000 0.0665
316.0000 0.0666
317.0000 0.0665
318.0000 0.0662
319.0000 0.0664
320.0000 0.0666
321.0000 0.0665
322.0000 0.0663
323.0000 0.0661
324.0000 0.0668
325.0000 0.0667
326.0000 0.0670
327.0000 0.0671
328.0000 0.0663
329.0000 0.0659
330.0000 0.0656
331.0000 0.0651
332.0000 0.0653
333.0000 0.0655
334.0000 0.0654
335.0000 0.0649
336.0000 0.0649
337.0000 0.0654
338.0000 0.0659
339.0000 0.0661
340.0000 0.0662
341.0000 0.0662
342.0000 0.0664
343.0000 0.0659
344.0000 0.0656
345.0000 0.0653
346.0000 0.0658
347.0000 0.0661
348.0000 0.0662
349.0000 0.0659
350.0000 0.0655
351.0000 0.0655
352.0000 0.0656
353.0000 0.0658
354.0000 0.0655
355.0000 0.0655
356.0000 0.0656
357.0000 0.0655
358.0000 0.0653
359.0000 0.0651
360.0000 0.0650
361.0000 0.0649
362.0000 0.0652
363.0000 0.0653
364.0000 0.0654
365.0000 0.0655
366.0000 0.0659
367.0000 0.0663
368.0000 0.0661
369.0000 0.0660
370.0000 0.0658
371.0000 0.0658
372.0000 0.0657
373.0000 0.0655
374.0000 0.0659
375.0000 0.0665
376.0000 0.0663
377.0000 0.0661
378.0000 0.0662
379.0000 0.0658
380.0000 0.0656
381.0000 0.0656
382.0000 0.0656
383.0000 0.0654
384.0000 0.0658
385.0000 0.0658
386.0000 0.0658
387.0000 0.0657
388.0000 0.0656
389.0000 0.0657
390.0000 0.0655
391.0000 0.0657
392.0000 0.0655
393.0000 0.0650
394.0000 0.0651
395.0000 0.0648
396.0000 0.0648
397.0000 0.0648
398.0000 0.0652
399.0000 0.0656
400.0000 0.0656
401.0000 0.0655
402.0000 0.0658
403.0000 0.0656
404.0000 0.0657
405.0000 0.0661
406.0000 0.0662
407.0000 0.0660
408.0000 0.0660
409.0000 0.0662
410.0000 0.0663
411.0000 0.0661
412.0000 0.0659
413.0000 0.0657
414.0000 0.0657
415.0000 0.0656
416.0000 0.0655
417.0000 0.0651
418.0000 0.0651
419.0000 0.0653
420.0000 0.0653
421.0000 0.0652
422.0000 0.0654
423.0000 0.0656
424.0000 0.0659
425.0000 0.0660
426.0000 0.0659
427.0000 0.0657
428.0000 0.0657
429.0000 0.0656
430.0000 0.0656
431.0000 0.0654
432.0000 0.0655
433.0000 0.0657
434.0000 0.0657
435.0000 0.0658
436.0000 0.0660
437.0000 0.0658
438.0000 0.0657
439.0000 0.0658
440.0000 0.0655
441.0000 0.0653
442.0000 0.0654
443.0000 0.0656
444.0000 0.0655
445.0000 0.0650
446.0000 0.0648
447.0000 0.0648
448.0000 0.0650
449.0000 0.0649
450.0000 0.0648
451.0000 0.0650
452.0000 0.0651
453.0000 0.0654
454.0000 0.0656
455.0000 0.0658
456.0000 0.0656
457.0000 0.0654
458.0000 0.0654
459.0000 0.0654
460.0000 0.0656
461.0000 0.0657
462.0000 0.0659
463.0000 0.0660
464.0000 0.0661
465.0000 0.0661
466.0000 0.0661
467.0000 0.0660
468.0000 0.0660
469.0000 0.0659
470.0000 0.0658
471.0000 0.0658
472.0000 0.0657
473.0000 0.0657
474.0000 0.0656
475.0000 0.0656
476.0000 0.0656
477.0000 0.0656
478.0000 0.0656
479.0000 0.0656
480.0000 0.0656
481.0000 0.0656
482.0000 0.0656
483.0000 0.0656
484.0000 0.0656
485.0000 0.0656
486.0000 0.0656
487.0000 0.0656
488.0000 0.0656
489.0000 0.0656
490.0000 0.0656
491.0000 0.0656
492.0000 0.0656
493.0000 0.0656
494.0000 0.0656
495.0000 0.0656
496.0000 0.0656
497.0000 0.0656
498.0000 0.0656
499.0000 0.0656
500.0000 0.0656
501.0000 0.0656
502.0000 0.0656
503.0000 0.0656
504.0000 0.0656
505.0000 0.0656
506.0000 0.0656
507.0000 0.0656
508.0000 0.0656
509.0000 0.0656
510.0000 0.0656
