1.0000 0.0000
2.0000 0.0000
3.0000 0.0000
4.0000 0.0000
5.0000 0.0000
6.0000 0.0000
7.0000 0.0000
8.0000 0.0000
9.0000 0.0000
10.0000 0.5777
11.0000 0.8618
12.0000 0.9370
13.0000 0.8759
14.0000 0.7370
15.0000 0.5631
16.0000 0.3829
17.0000 0.2134
18.0000 0.0631
19.0000 -0.0650
20.0000 -0.1713
21.0000 -0.2581
22.0000 -0.3283
23.0000 -0.3845
24.0000 -0.4294
25.0000 -0.4649
26.0000 -0.4925
27.0000 -0.5134
28.0000 -0.5283
29.0000 -0.5380
30.0000 -0.5430
31.0000 -0.5438
32.0000 -0.5408
33.0000 -0.5345
34.0000 -0.5253
35.0000 -0.5136
36.0000 -0.4999
37.0000 -0.4846
38.0000 -0.4680
39.0000 -0.4506
40.0000 -0.4327
41.0000 -0.4146
42.0000 -0.3966
43.0000 -0.3789
44.0000 -0.3618
45.0000 -0.3453
46.0000 -0.3297
47.0000 -0.3151
48.0000 -0.3015
49.0000 -0.2889
50.0000 -0.2776
51.0000 -0.2674
52.0000 -0.2583
53.0000 -0.2503
54.0000 -0.2435
55.0000 -0.2377
56.0000 -0.2329
57.0000 -0.2290
58.0000 -0.2260
59.0000 -0.2238
60.0000 -0.2223
61.0000 -0.2214
62.0000 -0.2212
63.0000 -0.2215
64.0000 -0.2222
65.0000 -0.2233
66.0000 -0.2247
67.0000 -0.2263
68.0000 -0.2281
69.0000 -0.2301
70.0000 -0.2322
71.0000 -0.2343
72.0000 -0.2365
73.0000 -0.2386
74.0000 -0.2406
75.0000 -0.2427
76.0000 -0.2446
77.0000 -0.2464
78.0000 -0.2481
79.0000 -0.2497
80.0000 -0.2511
81.0000 -0.2524
82.0000 -0.2535
83.0000 -0.2545
84.0000 -0.2553
85.0000 -0.2561
86.0000 -0.2567
87.0000 -0.2572
88.0000 -0.2575
89.0000 -0.2578
90.0000 -0.2581
91.0000 -0.2582
92.0000 -0.2582
93.0000 -0.2582
94.0000 -0.2582
95.0000 -0.2581
96.0000 -0.2579
97.0000 -0.2576
98.0000 -0.2574
99.0000 -0.2571
100.0000 -0.2568
101.0000 -0.2566
102.0000 -0.2563
103.0000 -0.2560
104.0000 -0.2557
105.0000 -0.2554
106.0000 -0.2551
107.0000 -0.2549
108.0000 -0.2547
109.0000 -0.2545
110.0000 -0.2544
111.0000 -0.2542
112.0000 -0.2540
113.0000 -0.2538
114.0000 -0.2537
115.0000 -0.2536
116.0000 -0.2536
117.0000 -0.2536
118.0000 -0.2536
119.0000 -0.2536
120.0000 -0.2536
121.0000 -0.2536
122.0000 -0.2536
123.0000 -0.2536
124.0000 -0.2536
125.0000 -0.2535
126.0000 -0.2535
127.0000 -0.2535
128.0000 -0.2535
129.0000 -0.2535
130.0000 -0.2535
131.0000 -0.2535
132.0000 -0.2536
133.0000 -0.2536
134.0000 -0.2536
135.0000 -0.2537
136.0000 -0.2537
137.0000 -0.2537
138.0000 -0.2537
139.0000 -0.2537
140.0000 -0.2537
141.0000 -0.2537
142.0000 -0.2537
143.0000 -0.2538
144.0000 -0.2538
145.0000 -0.2539
146.0000 -0.2539
147.0000 -0.2539
148.0000 -0.2539
149.0000 -0.2539
150.0000 -0.2539
151.0000 -0.2538
152.0000 -0.2538
153.0000 -0.2538
154.0000 -0.2538
155.0000 -0.2538
156.0000 -0.2538
157.0000 -0.2538
158.0000 -0.2538
159.0000 -0.2538
160.0000 -0.2539
161.0000 -0.2539
162.0000 -0.2539
163.0000 -0.2539
164.0000 -0.2539
165.0000 -0.2539
166.0000 -0.2539
167.0000 -0.2539
168.0000 -0.2539
169.0000 -0.2539
170.0000 -0.2539
171.0000 -0.2539
172.0000 -0.2539
173.0000 -0.2539
174.0000 -0.2539
175.0000 -0.2539
176.0000 -0.2539
177.0000 -0.2539
178.0000 -0.2538
179.0000 -0.2538
180.0000 -0.2539
181.0000 -0.2539
182.0000 -0.2539
183.0000 -0.2539
184.0000 -0.2540
185.0000 -0.2540
186.0000 -0.2540
187.0000 -0.2540
188.0000 -0.2540
189.0000 -0.2540
190.0000 -0.2540
191.0000 -0.2540
192.0000 -0.2540
193.0000 -0.2540
194.0000 -0.2539
195.0000 -0.2539
196.0000 -0.2538
197.0000 -0.2538
198.0000 -0.2538
199.0000 -0.2537
200.0000 -0.2537
201.0000 -0.2538
202.0000 -0.2538
203.0000 -0.2538
204.0000 -0.2538
205.0000 -0.2539
206.0000 -0.2539
207.0000 -0.2539
208.0000 -0.2539
209.0000 -0.2539
210.0000 -0.2539
211.0000 -0.2539
212.0000 -0.2539
213.0000 -0.2540
214.0000 -0.2540
215.0000 -0.2540
216.0000 -0.2540
217.0000 -0.2540
218.0000 -0.2540
219.0000 -0.2540
220.0000 -0.2540
221.0000 -0.2540
222.0000 -0.2541
223.0000 -0.2540
224.0000 -0.2540
225.0000 -0.2540
226.0000 -0.2540
227.0000 -0.2540
228.0000 -0.2540
229.0000 -0.2540
230.0000 -0.2540
231.0000 -0.2540
232.0000 -0.2540
233.0000 -0.2540
234.0000 -0.2539
235.0000 -0.2539
236.0000 -0.2539
237.0000 -0.2539
238.0000 -0.2539
239.0000 -0.2539
240.0000 -0.2539
241.0000 -0.2538
242.0000 -0.2538
243.0000 -0.2538
244.0000 -0.2538
245.0000 -0.2538
246.0000 -0.2538
247.0000 -0.2538
248.0000 -0.2538
249.0000 -0.2538
250.0000 -0.2538
251.0000 -0.2538
252.0000 -0.2538
253.0000 -0.2538
254.0000 -0.2538
255.0000 -0.2538
256.0000 -0.2538
257.0000 -0.2538
258.0000 -0.2538
259.0000 -0.2538
260.0000 0.2768
261.0000 0.5914
262.0000 0.7621
263.0000 0.8476
264.0000 0.8893
265.0000 0.9139
266.0000 0.9363
267.0000 0.9631
268.0000 0.9959
269.0000 1.0333
270.0000 1.0724
271.0000 1.1104
272.0000 1.1449
273.0000 1.1741
274.0000 1.1968
275.0000 1.2125
276.0000 1.2212
277.0000 1.2233
278.0000 1.2196
279.0000 1.2107
280.0000 1.1973
281.0000 1.1802
282.0000 1.1603
283.0000 1.1380
284.0000 1.1142
285.0000 1.0893
286.0000 1.0637
287.0000 1.0381
288.0000 1.0126
289.0000 0.9877
290.0000 0.9635
291.0000 0.9403
292.0000 0.9184
293.0000 0.8978
294.0000 0.8786
295.0000 0.8609
296.0000 0.8448
297.0000 0.8302
298.0000 0.8173
299.0000 0.8059
300.0000 0.7960
301.0000 0.7876
302.0000 0.7805
303.0000 0.7747
304.0000 0.7702
305.0000 0.7667
306.0000 0.7643
307.0000 0.7628
308.0000 0.7621
309.0000 0.7622
310.0000 0.7629
311.0000 0.7641
312.0000 0.7657
313.0000 0.7677
314.0000 0.7700
315.0000 0.7725
316.0000 0.7751
317.0000 0.7779
318.0000 0.7807
319.0000 0.7835
320.0000 0.7862
321.0000 0.7888
322.0000 0.7913
323.0000 0.7937
324.0000 0.7959
325.0000 0.7980
326.0000 0.7998
327.0000 0.8016
328.0000 0.8031
329.0000 0.8045
330.0000 0.8056
331.0000 0.8066
332.0000 0.8074
333.0000 0.8081
334.0000 0.8086
335.0000 0.8090
336.0000 0.8093
337.0000 0.8095
338.0000 0.8095
339.0000 0.8095
340.0000 0.8093
341.0000 0.8092
342.0000 0.8089
343.0000 0.8087
344.0000 0.8084
345.0000 0.8080
346.0000 0.8077
347.0000 0.8073
348.0000 0.8069
349.0000 0.8065
350.0000 0.8060
351.0000 0.8056
352.0000 0.8053
353.0000 0.8050
354.0000 0.8047
355.0000 0.8044
356.0000 0.8041
357.0000 0.8039
358.0000 0.8037
359.0000 0.8034
360.0000 0.8033
361.0000 0.8032
362.0000 0.8031
363.0000 0.8030
364.0000 0.8030
365.0000 0.8030
366.0000 0.8030
367.0000 0.8030
368.0000 0.8029
369.0000 0.8029
370.0000 0.8029
371.0000 0.8029
372.0000 0.8030
373.0000 0.8031
374.0000 0.8031
375.0000 0.8031
376.0000 0.8032
377.0000 0.8032
378.0000 0.8032
379.0000 0.8032
380.0000 0.8032
381.0000 0.8033
382.0000 0.8033
383.0000 0.8033
384.0000 0.8033
385.0000 0.8033
386.0000 0.8033
387.0000 0.8033
388.0000 0.8034
389.0000 0.8034
390.0000 0.8034
391.0000 0.8034
392.0000 0.8034
393.0000 0.8034
394.0000 0.8034
395.0000 0.8034
396.0000 0.8034
397.0000 0.8034
398.0000 0.8034
399.0000 0.8034
400.0000 0.8034
401.0000 0.8035
402.0000 0.8035
403.0000 0.8035
404.0000 0.8035
405.0000 0.8035
406.0000 0.8035
407.0000 0.8035
408.0000 0.8035
409.0000 0.8035
410.0000 0.8035
411.0000 0.8036
412.0000 0.8036
413.0000 0.8036
414.0000 0.8036
415.0000 0.8036
416.0000 0.8036
417.0000 0.8036
418.0000 0.8036
419.0000 0.8036
420.0000 0.8036
421.0000 0.8035
422.0000 0.8035
423.0000 0.8035
424.0000 0.8035
425.0000 0.8035
426.0000 0.8035
427.0000 0.8036
428.0000 0.8036
429.0000 0.8036
430.0000 0.8036
431.0000 0.8036
432.0000 0.8036
433.0000 0.8035
434.0000 0.8035
435.0000 0.8035
436.0000 0.8035
437.0000 0.8035
438.0000 0.8034
439.0000 0.8034
440.0000 0.8034
441.0000 0.8034
442.0000 0.8034
443.0000 0.8033
444.0000 0.8033
445.0000 0.8034
446.0000 0.8034
447.0000 0.8034
448.0000 0.8034
449.0000 0.8034
450.0000 0.8035
451.0000 0.8035
452.0000 0.8035
453.0000 0.8035
454.0000 0.8035
455.0000 0.8035
456.0000 0.8036
457.0000 0.8036
458.0000 0.8036
459.0000 0.8036
460.0000 0.8036
461.0000 0.8036
462.0000 0.8036
463.0000 0.8036
464.0000 0.8037
465.0000 0.8037
466.0000 0.8037
467.0000 0.8037
468.0000 0.8037
469.0000 0.8037
470.0000 0.8037
471.0000 0.8037
472.0000 0.8037
473.0000 0.8037
474.0000 0.8037
475.0000 0.8036
476.0000 0.8036
477.0000 0.8036
478.0000 0.8036
479.0000 0.8036
480.0000 0.8036
481.0000 0.8035
482.0000 0.8035
483.0000 0.8035
484.0000 0.8035
485.0000 0.8035
486.0000 0.8035
487.0000 0.8035
488.0000 0.8034
489.0000 0.8034
490.0000 0.8034
491.0000 0.8034
492.0000 0.8034
493.0000 0.8034
494.0000 0.8034
495.0000 0.8034
496.0000 0.8034
497.0000 0.8034
498.0000 0.8034
499.0000 0.8034
500.0000 0.8034
501.0000 0.8034
502.0000 0.8034
503.0000 0.8034
504.0000 0.8034
505.0000 0.8034
506.0000 0.8034
507.0000 0.8034
508.0000 0.8034
509.0000 0.8035
510.0000 0.8035
