1.0000 0.0000
2.0000 0.0000
3.0000 0.0000
4.0000 0.0000
5.0000 0.0000
6.0000 0.0000
7.0000 0.0000
8.0000 0.0000
9.0000 0.0000
10.0000 0.7097
11.0000 1.1754
12.0000 1.4632
13.0000 1.6250
14.0000 1.6992
15.0000 1.7137
16.0000 1.6880
17.0000 1.6357
18.0000 1.5664
19.0000 1.4867
20.0000 1.4014
21.0000 1.3142
22.0000 1.2278
23.0000 1.1444
24.0000 1.0658
25.0000 0.9931
26.0000 0.9271
27.0000 0.8683
28.0000 0.8169
29.0000 0.7728
30.0000 0.7358
31.0000 0.7053
32.0000 0.6809
33.0000 0.6618
34.0000 0.6476
35.0000 0.6375
36.0000 0.6308
37.0000 0.6269
38.0000 0.6253
39.0000 0.6256
40.0000 0.6272
41.0000 0.6299
42.0000 0.6334
43.0000 0.6373
44.0000 0.6413
45.0000 0.6455
46.0000 0.6495
47.0000 0.6534
48.0000 0.6570
49.0000 0.6603
50.0000 0.6632
51.0000 0.6659
52.0000 0.6682
53.0000 0.6703
54.0000 0.6720
55.0000 0.6734
56.0000 0.6746
57.0000 0.6755
58.0000 0.6762
59.0000 0.6768
60.0000 0.6772
61.0000 0.6775
62.0000 0.6777
63.0000 0.6778
64.0000 0.6779
65.0000 0.6779
66.0000 0.6779
67.0000 0.6778
68.0000 0.6778
69.0000 0.6778
70.0000 0.6778
71.0000 0.6777
72.0000 0.6777
73.0000 0.6776
74.0000 0.6776
75.0000 0.6775
76.0000 0.6773
77.0000 0.6772
78.0000 0.6771
79.0000 0.6770
80.0000 0.6770
81.0000 0.6770
82.0000 0.6770
83.0000 0.6770
84.0000 0.6770
85.0000 0.6771
86.0000 0.6771
87.0000 0.6771
88.0000 0.6771
89.0000 0.6771
90.0000 0.6771
91.0000 0.6771
92.0000 0.6771
93.0000 0.6771
94.0000 0.6771
95.0000 0.6771
96.0000 0.6771
97.0000 0.6771
98.0000 0.6771
99.0000 0.6771
100.0000 0.6771
101.0000 0.6771
102.0000 0.6771
103.0000 0.6771
104.0000 0.6771
105.0000 0.6771
106.0000 0.6772
107.0000 0.6772
108.0000 0.6772
109.0000 0.6772
110.0000 0.6772
111.0000 0.6772
112.0000 0.6772
113.0000 0.6773
114.0000 0.6773
115.0000 0.6773
116.0000 0.6773
117.0000 0.6773
118.0000 0.6773
119.0000 0.6772
120.0000 0.6772
121.0000 0.6772
122.0000 0.6771
123.0000 0.6771
124.0000 0.6770
125.0000 0.6770
126.0000 0.6769
127.0000 0.6770
128.0000 0.6770
129.0000 0.6770
130.0000 0.6769
131.0000 0.6769
132.0000 0.6769
133.0000 0.6769
134.0000 0.6770
135.0000 0.6770
136.0000 0.6771
137.0000 0.6771
138.0000 0.6771
139.0000 0.6771
140.0000 0.6771
141.0000 0.6771
142.0000 0.6771
143.0000 0.6771
144.0000 0.6770
145.0000 0.6770
146.0000 0.6770
147.0000 0.6771
148.0000 0.6771
149.0000 0.6771
150.0000 0.6772
151.0000 0.6772
152.0000 0.6772
153.0000 0.6772
154.0000 0.6772
155.0000 0.6772
156.0000 0.6772
157.0000 0.6772
158.0000 0.6772
159.0000 0.6771
160.0000 0.6771
161.0000 0.6770
162.0000 0.6770
163.0000 0.6769
164.0000 0.6769
165.0000 0.6770
166.0000 0.6770
167.0000 0.6771
168.0000 0.6770
169.0000 0.6770
170.0000 0.6771
171.0000 0.6771
172.0000 0.6771
173.0000 0.6772
174.0000 0.6772
175.0000 0.6772
176.0000 0.6772
177.0000 0.6771
178.0000 0.6771
179.0000 0.6771
180.0000 0.6771
181.0000 0.6771
182.0000 0.6771
183.0000 0.6771
184.0000 0.6772
185.0000 0.6772
186.0000 0.6772
187.0000 0.6772
188.0000 0.6772
189.0000 0.6772
190.0000 0.6772
191.0000 0.6772
192.0000 0.6772
193.0000 0.6772
194.0000 0.6772
195.0000 0.6772
196.0000 0.6772
197.0000 0.6772
198.0000 0.6771
199.0000 0.6772
200.0000 0.6772
201.0000 0.6773
202.0000 0.6773
203.0000 0.6773
204.0000 0.6773
205.0000 0.6773
206.0000 0.6774
207.0000 0.6774
208.0000 0.6774
209.0000 0.6775
210.0000 0.6774
211.0000 0.6774
212.0000 0.6774
213.0000 0.6773
214.0000 0.6773
215.0000 0.6772
216.0000 0.6772
217.0000 0.6771
218.0000 0.6771
219.0000 0.6770
220.0000 0.6770
221.0000 0.6770
222.0000 0.6770
223.0000 0.6770
224.0000 0.6770
225.0000 0.6770
226.0000 0.6770
227.0000 0.6770
228.0000 0.6770
229.0000 0.6770
230.0000 0.6770
231.0000 0.6770
232.0000 0.6770
233.0000 0.6770
234.0000 0.6771
235.0000 0.6771
236.0000 0.6771
237.0000 0.6771
238.0000 0.6771
239.0000 0.6771
240.0000 0.6771
241.0000 0.6771
242.0000 0.6771
243.0000 0.6771
244.0000 0.6771
245.0000 0.6771
246.0000 0.6771
247.0000 0.6771
248.0000 0.6771
249.0000 0.6771
250.0000 0.6771
251.0000 0.6771
252.0000 0.6771
253.0000 0.6771
254.0000 0.6771
255.0000 0.6771
256.0000 0.6771
257.0000 0.6771
258.0000 0.6771
259.0000 0.6771
260.0000 0.0079
261.0000 -0.4864
262.0000 -0.8265
263.0000 -1.0369
264.0000 -1.1433
265.0000 -1.1697
266.0000 -1.1374
267.0000 -1.0645
268.0000 -0.9654
269.0000 -0.8516
270.0000 -0.7317
271.0000 -0.6121
272.0000 -0.4973
273.0000 -0.3904
274.0000 -0.2931
275.0000 -0.2064
276.0000 -0.1307
277.0000 -0.0658
278.0000 -0.0112
279.0000 0.0337
280.0000 0.0696
281.0000 0.0977
282.0000 0.1188
283.0000 0.1338
284.0000 0.1438
285.0000 0.1495
286.0000 0.1518
287.0000 0.1513
288.0000 0.1487
289.0000 0.1446
290.0000 0.1394
291.0000 0.1334
292.0000 0.1271
293.0000 0.1207
294.0000 0.1143
295.0000 0.1082
296.0000 0.1024
297.0000 0.0971
298.0000 0.0922
299.0000 0.0878
300.0000 0.0839
301.0000 0.0804
302.0000 0.0775
303.0000 0.0750
304.0000 0.0729
305.0000 0.0711
306.0000 0.0697
307.0000 0.0686
308.0000 0.0677
309.0000 0.0670
310.0000 0.0664
311.0000 0.0661
312.0000 0.0658
313.0000 0.0656
314.0000 0.0655
315.0000 0.0654
316.0000 0.0654
317.0000 0.0655
318.0000 0.0655
319.0000 0.0655
320.0000 0.0656
321.0000 0.0657
322.0000 0.0658
323.0000 0.0658
324.0000 0.0659
325.0000 0.0660
326.0000 0.0660
327.0000 0.0661
328.0000 0.0661
329.0000 0.0661
330.0000 0.0661
331.0000 0.0660
332.0000 0.0660
333.0000 0.0660
334.0000 0.0659
335.0000 0.0658
336.0000 0.0657
337.0000 0.0657
338.0000 0.0657
339.0000 0.0657
340.0000 0.0657
341.0000 0.0658
342.0000 0.0658
343.0000 0.0658
344.0000 0.0657
345.0000 0.0657
346.0000 0.0657
347.0000 0.0657
348.0000 0.0658
349.0000 0.0658
350.0000 0.0657
351.0000 0.0657
352.0000 0.0657
353.0000 0.0657
354.0000 0.0657
355.0000 0.0657
356.0000 0.0657
357.0000 0.0657
358.0000 0.0656
359.0000 0.0656
360.0000 0.0655
361.0000 0.0655
362.0000 0.0654
363.0000 0.0654
364.0000 0.0654
365.0000 0.0654
366.0000 0.0655
367.0000 0.0656
368.0000 0.0656
369.0000 0.0656
370.0000 0.0656
371.0000 0.0656
372.0000 0.0656
373.0000 0.0656
374.0000 0.0656
375.0000 0.0657
376.0000 0.0658
377.0000 0.0658
378.0000 0.0659
379.0000 0.0659
380.0000 0.0659
381.0000 0.0659
382.0000 0.0659
383.0000 0.0658
384.0000 0.0659
385.0000 0.0659
386.0000 0.0659
387.0000 0.0659
388.0000 0.0658
389.0000 0.0658
390.0000 0.0658
391.0000 0.0658
392.0000 0.0657
393.0000 0.0656
394.0000 0.0656
395.0000 0.0655
396.0000 0.0654
397.0000 0.0653
398.0000 0.0653
399.0000 0.0653
400.0000 0.0654
401.0000 0.0653
402.0000 0.0654
403.0000 0.0654
404.0000 0.0654
405.0000 0.0655
406.0000 0.0655
407.0000 0.0656
408.0000 0.0656
409.0000 0.0657
410.0000 0.0657
411.0000 0.0658
412.0000 0.0658
413.0000 0.0658
414.0000 0.0658
415.0000 0.0658
416.0000 0.0658
417.0000 0.0658
418.0000 0.0657
419.0000 0.0657
420.0000 0.0656
421.0000 0.0656
422.0000 0.0656
423.0000 0.0656
424.0000 0.0656
425.0000 0.0656
426.0000 0.0656
427.0000 0.0656
428.0000 0.0656
429.0000 0.0656
430.0000 0.0656
431.0000 0.0656
432.0000 0.0656
433.0000 0.0656
434.0000 0.0656
435.0000 0.0656
436.0000 0.0657
437.0000 0.0657
438.0000 0.0656
439.0000 0.0657
440.0000 0.0656
441.0000 0.0656
442.0000 0.0656
443.0000 0.0656
444.0000 0.0656
445.0000 0.0655
446.0000 0.0654
447.0000 0.0654
448.0000 0.0653
449.0000 0.0653
450.0000 0.0652
451.0000 0.0652
452.0000 0.0652
453.0000 0.0652
454.0000 0.0653
455.0000 0.0653
456.0000 0.0653
457.0000 0.0653
458.0000 0.0653
459.0000 0.0653
460.0000 0.0653
461.0000 0.0654
462.0000 0.0654
463.0000 0.0655
464.0000 0.0655
465.0000 0.0656
466.0000 0.0656
467.0000 0.0657
468.0000 0.0657
469.0000 0.0658
470.0000 0.0658
471.0000 0.0658
472.0000 0.0658
473.0000 0.0658
474.0000 0.0658
475.0000 0.0658
476.0000 0.0658
477.0000 0.0658
478.0000 0.0658
479.0000 0.0658
480.0000 0.0657
481.0000 0.0657
482.0000 0.0657
483.0000 0.0657
484.0000 0.0657
485.0000 0.0656
486.0000 0.0656
487.0000 0.0656
488.0000 0.0656
489.0000 0.0656
490.0000 0.0656
491.0000 0.0656
492.0000 0.0656
493.0000 0.0656
494.0000 0.0656
495.0000 0.0656
496.0000 0.0656
497.0000 0.0656
498.0000 0.0656
499.0000 0.0656
500.0000 0.0656
501.0000 0.0656
502.0000 0.0656
503.0000 0.0656
504.0000 0.0656
505.0000 0.0656
506.0000 0.0656
507.0000 0.0656
508.0000 0.0656
509.0000 0.0656
510.0000 0.0656
