1.0000 0.0000
2.0000 0.0000
3.0000 0.0000
4.0000 0.0000
5.0000 0.0000
6.0000 0.0000
7.0000 0.0000
8.0000 0.0000
9.0000 0.0000
10.0000 0.0000
11.0000 0.0000
12.0000 0.0715
13.0000 0.1625
14.0000 0.2398
15.0000 0.3457
16.0000 0.4509
17.0000 0.5410
18.0000 0.6110
19.0000 0.6618
20.0000 0.6971
21.0000 0.7213
22.0000 0.7386
23.0000 0.7524
24.0000 0.7651
25.0000 0.7779
26.0000 0.7918
27.0000 0.8067
28.0000 0.8225
29.0000 0.8389
30.0000 0.8554
31.0000 0.8716
32.0000 0.8871
33.0000 0.9018
34.0000 0.9154
35.0000 0.9277
36.0000 0.9389
37.0000 0.9487
38.0000 0.9574
39.0000 0.9650
40.0000 0.9715
41.0000 0.9770
42.0000 0.9817
43.0000 0.9856
44.0000 0.9888
45.0000 0.9915
46.0000 0.9936
47.0000 0.9953
48.0000 0.9966
49.0000 0.9977
50.0000 0.9985
51.0000 0.9990
52.0000 0.9995
53.0000 0.9997
54.0000 0.9999
55.0000 1.0000
56.0000 1.0000
57.0000 1.0000
58.0000 1.0000
59.0000 1.0000
60.0000 0.9999
61.0000 0.9999
62.0000 0.9998
63.0000 0.9998
64.0000 0.9997
65.0000 0.9997
66.0000 0.9997
67.0000 0.9996
68.0000 0.9996
69.0000 0.9996
70.0000 0.9996
71.0000 0.9996
72.0000 0.9996
73.0000 0.9996
74.0000 0.9996
75.0000 0.9997
76.0000 0.9997
77.0000 0.9997
78.0000 0.9998
79.0000 0.9998
80.0000 0.9998
81.0000 0.9998
82.0000 0.9999
83.0000 0.9999
84.0000 0.9999
85.0000 0.9999
86.0000 0.9999
87.0000 0.9999
88.0000 1.0000
89.0000 1.0000
90.0000 1.0000
91.0000 1.0000
92.0000 1.0000
93.0000 1.0000
94.0000 1.0000
95.0000 1.0000
96.0000 1.0000
97.0000 1.0000
98.0000 0.9999
99.0000 0.9999
100.0000 1.0000
101.0000 1.0000
102.0000 1.0000
103.0000 1.0000
104.0000 1.0000
105.0000 1.0000
106.0000 1.0000
107.0000 1.0000
108.0000 1.0000
109.0000 1.0000
110.0000 1.0000
111.0000 1.0000
112.0000 1.0000
113.0000 1.0000
114.0000 1.0000
115.0000 1.0000
116.0000 1.0000
117.0000 1.0000
118.0000 1.0000
119.0000 1.0000
120.0000 1.0000
121.0000 1.0000
122.0000 0.9999
123.0000 0.9999
124.0000 0.9999
125.0000 0.9999
126.0000 0.9999
127.0000 0.9999
128.0000 1.0000
129.0000 1.0000
130.0000 1.0000
131.0000 1.0000
132.0000 1.0001
133.0000 1.0001
134.0000 1.0001
135.0000 1.0001
136.0000 1.0001
137.0000 1.0001
138.0000 1.0001
139.0000 1.0001
140.0000 1.0000
141.0000 1.0000
142.0000 1.0000
143.0000 1.0000
144.0000 1.0000
145.0000 1.0000
146.0000 1.0000
147.0000 1.0000
148.0000 1.0000
149.0000 1.0000
150.0000 0.9999
151.0000 0.9999
152.0000 0.9999
153.0000 0.9999
154.0000 0.9999
155.0000 1.0000
156.0000 1.0000
157.0000 1.0000
158.0000 1.0000
159.0000 1.0000
160.0000 1.0000
161.0000 1.0000
162.0000 1.0000
163.0000 1.0000
164.0000 1.0000
165.0000 1.0000
166.0000 1.0000
167.0000 1.0000
168.0000 1.0000
169.0000 1.0000
170.0000 1.0000
171.0000 1.0000
172.0000 1.0000
173.0000 1.0000
174.0000 1.0000
175.0000 1.0000
176.0000 1.0000
177.0000 1.0000
178.0000 1.0000
179.0000 1.0000
180.0000 1.0000
181.0000 1.0000
182.0000 1.0000
183.0000 1.0000
184.0000 1.0000
185.0000 1.0000
186.0000 1.0000
187.0000 1.0000
188.0000 1.0000
189.0000 1.0000
190.0000 1.0000
191.0000 0.9999
192.0000 0.9999
193.0000 0.9999
194.0000 0.9999
195.0000 1.0000
196.0000 1.0000
197.0000 1.0000
198.0000 1.0000
199.0000 1.0000
200.0000 1.0000
201.0000 1.0000
202.0000 1.0000
203.0000 1.0000
204.0000 1.0000
205.0000 1.0000
206.0000 1.0000
207.0000 1.0000
208.0000 1.0000
209.0000 1.0000
210.0000 1.0000
211.0000 1.0000
212.0000 1.0000
213.0000 1.0000
214.0000 1.0000
215.0000 1.0001
216.0000 1.0001
217.0000 1.0001
218.0000 1.0001
219.0000 1.0001
220.0000 1.0001
221.0000 1.0001
222.0000 1.0001
223.0000 1.0001
224.0000 1.0001
225.0000 1.0001
226.0000 1.0001
227.0000 1.0001
228.0000 1.0001
229.0000 1.0001
230.0000 1.0001
231.0000 1.0001
232.0000 1.0000
233.0000 1.0000
234.0000 1.0000
235.0000 1.0000
236.0000 1.0000
237.0000 1.0000
238.0000 1.0000
239.0000 1.0000
240.0000 1.0000
241.0000 1.0000
242.0000 1.0000
243.0000 1.0000
244.0000 1.0000
245.0000 1.0000
246.0000 1.0000
247.0000 1.0000
248.0000 1.0000
249.0000 1.0000
250.0000 1.0000
251.0000 1.0000
252.0000 1.0000
253.0000 1.0000
254.0000 1.0000
255.0000 1.0000
256.0000 1.0000
257.0000 1.0000
258.0000 1.0000
259.0000 1.0000
260.0000 1.0000
261.0000 1.0000
262.0000 1.0935
263.0000 1.2337
264.0000 1.3917
265.0000 1.4949
266.0000 1.5521
267.0000 1.5741
268.0000 1.5711
269.0000 1.5517
270.0000 1.5223
271.0000 1.4876
272.0000 1.4507
273.0000 1.4136
274.0000 1.3772
275.0000 1.3423
276.0000 1.3091
277.0000 1.2777
278.0000 1.2481
279.0000 1.2205
280.0000 1.1947
281.0000 1.1710
282.0000 1.1491
283.0000 1.1292
284.0000 1.1113
285.0000 1.0952
286.0000 1.0808
287.0000 1.0682
288.0000 1.0572
289.0000 1.0476
290.0000 1.0395
291.0000 1.0325
292.0000 1.0266
293.0000 1.0217
294.0000 1.0177
295.0000 1.0143
296.0000 1.0116
297.0000 1.0094
298.0000 1.0077
299.0000 1.0063
300.0000 1.0052
301.0000 1.0044
302.0000 1.0038
303.0000 1.0033
304.0000 1.0029
305.0000 1.0027
306.0000 1.0025
307.0000 1.0023
308.0000 1.0022
309.0000 1.0021
310.0000 1.0020
311.0000 1.0019
312.0000 1.0019
313.0000 1.0018
314.0000 1.0017
315.0000 1.0016
316.0000 1.0016
317.0000 1.0015
318.0000 1.0014
319.0000 1.0013
320.0000 1.0012
321.0000 1.0012
322.0000 1.0011
323.0000 1.0010
324.0000 1.0009
325.0000 1.0008
326.0000 1.0008
327.0000 1.0007
328.0000 1.0006
329.0000 1.0005
330.0000 1.0005
331.0000 1.0004
332.0000 1.0004
333.0000 1.0004
334.0000 1.0004
335.0000 1.0003
336.0000 1.0003
337.0000 1.0002
338.0000 1.0002
339.0000 1.0002
340.0000 1.0002
341.0000 1.0002
342.0000 1.0001
343.0000 1.0001
344.0000 1.0001
345.0000 1.0001
346.0000 1.0001
347.0000 1.0001
348.0000 1.0001
349.0000 1.0001
350.0000 1.0001
351.0000 1.0001
352.0000 1.0000
353.0000 1.0000
354.0000 1.0000
355.0000 1.0000
356.0000 1.0000
357.0000 1.0000
358.0000 1.0000
359.0000 1.0000
360.0000 1.0000
361.0000 1.0000
362.0000 1.0000
363.0000 1.0000
364.0000 1.0000
365.0000 1.0000
366.0000 1.0000
367.0000 1.0000
368.0000 1.0001
369.0000 1.0001
370.0000 1.0001
371.0000 1.0001
372.0000 1.0001
373.0000 1.0001
374.0000 1.0001
375.0000 1.0001
376.0000 1.0001
377.0000 1.0000
378.0000 1.0000
379.0000 1.0000
380.0000 0.9999
381.0000 0.9999
382.0000 0.9999
383.0000 0.9999
384.0000 0.9999
385.0000 0.9999
386.0000 0.9999
387.0000 0.9999
388.0000 0.9999
389.0000 0.9999
390.0000 1.0000
391.0000 1.0000
392.0000 1.0000
393.0000 1.0000
394.0000 1.0001
395.0000 1.0001
396.0000 1.0001
397.0000 1.0001
398.0000 1.0001
399.0000 1.0001
400.0000 1.0001
401.0000 1.0001
402.0000 1.0001
403.0000 1.0000
404.0000 1.0000
405.0000 1.0000
406.0000 1.0000
407.0000 1.0000
408.0000 1.0000
409.0000 1.0000
410.0000 1.0000
411.0000 1.0000
412.0000 1.0000
413.0000 1.0000
414.0000 1.0000
415.0000 1.0000
416.0000 1.0000
417.0000 1.0000
418.0000 1.0000
419.0000 1.0000
420.0000 1.0000
421.0000 1.0000
422.0000 1.0000
423.0000 1.0000
424.0000 1.0000
425.0000 1.0000
426.0000 1.0000
427.0000 1.0000
428.0000 1.0000
429.0000 1.0000
430.0000 1.0000
431.0000 1.0000
432.0000 1.0000
433.0000 1.0000
434.0000 1.0000
435.0000 1.0000
436.0000 1.0000
437.0000 1.0000
438.0000 1.0000
439.0000 1.0000
440.0000 1.0000
441.0000 1.0000
442.0000 1.0000
443.0000 1.0000
444.0000 1.0000
445.0000 1.0000
446.0000 1.0000
447.0000 1.0000
448.0000 1.0000
449.0000 1.0000
450.0000 1.0000
451.0000 1.0000
452.0000 1.0000
453.0000 1.0000
454.0000 1.0000
455.0000 1.0000
456.0000 1.0000
457.0000 1.0000
458.0000 1.0000
459.0000 1.0000
460.0000 1.0000
461.0000 1.0000
462.0000 1.0000
463.0000 1.0000
464.0000 0.9999
465.0000 0.9999
466.0000 0.9999
467.0000 0.9999
468.0000 0.9999
469.0000 0.9999
470.0000 0.9999
471.0000 0.9999
472.0000 0.9999
473.0000 0.9999
474.0000 0.9999
475.0000 0.9999
476.0000 0.9999
477.0000 0.9999
478.0000 0.9999
479.0000 0.9999
480.0000 0.9999
481.0000 0.9999
482.0000 1.0000
483.0000 1.0000
484.0000 1.0000
485.0000 1.0000
486.0000 1.0000
487.0000 1.0000
488.0000 1.0000
489.0000 1.0000
490.0000 1.0000
491.0000 1.0000
492.0000 1.0000
493.0000 1.0000
494.0000 1.0000
495.0000 1.0000
496.0000 1.0000
497.0000 1.0000
498.0000 1.0000
499.0000 1.0000
500.0000 1.0000
501.0000 1.0000
502.0000 1.0000
503.0000 1.0000
504.0000 1.0000
505.0000 1.0000
506.0000 1.0000
507.0000 1.0000
508.0000 1.0000
509.0000 1.0000
510.0000 1.0000
