1.0000 0.0000
2.0000 0.0000
3.0000 0.0000
4.0000 0.0000
5.0000 0.0000
6.0000 0.0000
7.0000 0.0000
8.0000 0.0000
9.0000 0.0000
10.0000 0.0000
11.0000 0.0000
12.0000 0.1995
13.0000 0.3741
14.0000 0.4366
15.0000 0.5389
16.0000 0.6152
17.0000 0.6588
18.0000 0.6827
19.0000 0.7002
20.0000 0.7192
21.0000 0.7419
22.0000 0.7678
23.0000 0.7949
24.0000 0.8214
25.0000 0.8462
26.0000 0.8686
27.0000 0.8881
28.0000 0.9050
29.0000 0.9195
30.0000 0.9318
31.0000 0.9421
32.0000 0.9509
33.0000 0.9581
34.0000 0.9642
35.0000 0.9694
36.0000 0.9737
37.0000 0.9774
38.0000 0.9805
39.0000 0.9832
40.0000 0.9855
41.0000 0.9875
42.0000 0.9891
43.0000 0.9905
44.0000 0.9917
45.0000 0.9927
46.0000 0.9937
47.0000 0.9946
48.0000 0.9953
49.0000 0.9959
50.0000 0.9965
51.0000 0.9970
52.0000 0.9974
53.0000 0.9976
54.0000 0.9979
55.0000 0.9982
56.0000 0.9984
57.0000 0.9986
58.0000 0.9988
59.0000 0.9990
60.0000 0.9991
61.0000 0.9992
62.0000 0.9993
63.0000 0.9994
64.0000 0.9995
65.0000 0.9996
66.0000 0.9996
67.0000 0.9996
68.0000 0.9996
69.0000 0.9997
70.0000 0.9997
71.0000 0.9997
72.0000 0.9997
73.0000 0.9997
74.0000 0.9998
75.0000 0.9998
76.0000 0.9999
77.0000 1.0000
78.0000 1.0000
79.0000 1.0000
80.0000 0.9999
81.0000 0.9999
82.0000 0.9999
83.0000 0.9999
84.0000 0.9999
85.0000 0.9999
86.0000 1.0000
87.0000 1.0000
88.0000 1.0000
89.0000 1.0000
90.0000 1.0001
91.0000 1.0001
92.0000 1.0000
93.0000 1.0000
94.0000 1.0000
95.0000 0.9999
96.0000 0.9999
97.0000 0.9999
98.0000 0.9999
99.0000 0.9999
100.0000 1.0000
101.0000 1.0001
102.0000 1.0001
103.0000 1.0001
104.0000 1.0001
105.0000 1.0000
106.0000 1.0001
107.0000 1.0001
108.0000 1.0000
109.0000 1.0000
110.0000 0.9999
111.0000 0.9999
112.0000 0.9999
113.0000 0.9999
114.0000 1.0000
115.0000 1.0000
116.0000 1.0001
117.0000 1.0001
118.0000 1.0000
119.0000 1.0000
120.0000 0.9999
121.0000 0.9998
122.0000 0.9999
123.0000 0.9999
124.0000 0.9999
125.0000 1.0000
126.0000 1.0000
127.0000 1.0000
128.0000 1.0001
129.0000 1.0001
130.0000 1.0002
131.0000 1.0002
132.0000 1.0002
133.0000 1.0002
134.0000 1.0001
135.0000 1.0001
136.0000 1.0000
137.0000 0.9999
138.0000 0.9999
139.0000 0.9999
140.0000 1.0000
141.0000 1.0000
142.0000 1.0000
143.0000 1.0000
144.0000 1.0000
145.0000 1.0000
146.0000 0.9999
147.0000 0.9999
148.0000 0.9999
149.0000 0.9999
150.0000 0.9999
151.0000 0.9999
152.0000 1.0000
153.0000 1.0000
154.0000 1.0000
155.0000 1.0001
156.0000 1.0001
157.0000 1.0000
158.0000 1.0000
159.0000 1.0000
160.0000 1.0001
161.0000 1.0001
162.0000 1.0001
163.0000 1.0000
164.0000 1.0000
165.0000 1.0000
166.0000 0.9999
167.0000 0.9999
168.0000 0.9999
169.0000 0.9999
170.0000 1.0000
171.0000 1.0000
172.0000 1.0000
173.0000 1.0000
174.0000 1.0000
175.0000 0.9999
176.0000 0.9999
177.0000 1.0000
178.0000 1.0000
179.0000 1.0000
180.0000 1.0001
181.0000 1.0000
182.0000 1.0000
183.0000 1.0000
184.0000 1.0000
185.0000 0.9999
186.0000 0.9999
187.0000 0.9999
188.0000 0.9999
189.0000 0.9999
190.0000 0.9999
191.0000 0.9999
192.0000 1.0000
193.0000 1.0000
194.0000 1.0000
195.0000 1.0000
196.0000 1.0000
197.0000 1.0001
198.0000 1.0001
199.0000 1.0001
200.0000 1.0001
201.0000 1.0000
202.0000 1.0000
203.0000 1.0000
204.0000 1.0000
205.0000 1.0000
206.0000 0.9999
207.0000 0.9999
208.0000 0.9999
209.0000 1.0000
210.0000 1.0000
211.0000 1.0001
212.0000 1.0001
213.0000 1.0001
214.0000 1.0001
215.0000 1.0001
216.0000 1.0001
217.0000 1.0001
218.0000 1.0001
219.0000 1.0001
220.0000 1.0001
221.0000 1.0001
222.0000 1.0001
223.0000 1.0001
224.0000 1.0001
225.0000 1.0000
226.0000 1.0000
227.0000 1.0000
228.0000 1.0000
229.0000 1.0000
230.0000 1.0000
231.0000 1.0000
232.0000 1.0000
233.0000 1.0000
234.0000 1.0000
235.0000 1.0000
236.0000 1.0000
237.0000 1.0000
238.0000 1.0000
239.0000 1.0000
240.0000 1.0000
241.0000 1.0000
242.0000 1.0000
243.0000 1.0000
244.0000 1.0000
245.0000 1.0000
246.0000 1.0000
247.0000 1.0000
248.0000 1.0000
249.0000 1.0000
250.0000 1.0000
251.0000 1.0000
252.0000 1.0000
253.0000 1.0000
254.0000 1.0000
255.0000 1.0000
256.0000 1.0000
257.0000 1.0000
258.0000 1.0000
259.0000 1.0000
260.0000 1.0000
261.0000 1.0000
262.0000 1.2155
263.0000 1.4600
264.0000 1.6828
265.0000 1.7107
266.0000 1.6612
267.0000 1.5942
268.0000 1.5320
269.0000 1.4780
270.0000 1.4300
271.0000 1.3852
272.0000 1.3424
273.0000 1.3017
274.0000 1.2637
275.0000 1.2290
276.0000 1.1980
277.0000 1.1707
278.0000 1.1469
279.0000 1.1265
280.0000 1.1091
281.0000 1.0944
282.0000 1.0819
283.0000 1.0712
284.0000 1.0621
285.0000 1.0542
286.0000 1.0474
287.0000 1.0416
288.0000 1.0366
289.0000 1.0322
290.0000 1.0285
291.0000 1.0252
292.0000 1.0223
293.0000 1.0198
294.0000 1.0175
295.0000 1.0156
296.0000 1.0139
297.0000 1.0123
298.0000 1.0109
299.0000 1.0097
300.0000 1.0087
301.0000 1.0078
302.0000 1.0071
303.0000 1.0064
304.0000 1.0057
305.0000 1.0051
306.0000 1.0046
307.0000 1.0041
308.0000 1.0036
309.0000 1.0033
310.0000 1.0030
311.0000 1.0027
312.0000 1.0025
313.0000 1.0023
314.0000 1.0020
315.0000 1.0018
316.0000 1.0016
317.0000 1.0014
318.0000 1.0013
319.0000 1.0012
320.0000 1.0011
321.0000 1.0011
322.0000 1.0010
323.0000 1.0009
324.0000 1.0008
325.0000 1.0006
326.0000 1.0005
327.0000 1.0004
328.0000 1.0003
329.0000 1.0004
330.0000 1.0004
331.0000 1.0005
332.0000 1.0005
333.0000 1.0004
334.0000 1.0003
335.0000 1.0003
336.0000 1.0002
337.0000 1.0002
338.0000 1.0002
339.0000 1.0002
340.0000 1.0002
341.0000 1.0001
342.0000 1.0000
343.0000 1.0000
344.0000 1.0001
345.0000 1.0001
346.0000 1.0002
347.0000 1.0003
348.0000 1.0002
349.0000 1.0002
350.0000 1.0001
351.0000 0.9999
352.0000 0.9998
353.0000 0.9998
354.0000 0.9999
355.0000 1.0000
356.0000 1.0000
357.0000 1.0000
358.0000 1.0001
359.0000 1.0001
360.0000 1.0001
361.0000 1.0001
362.0000 1.0001
363.0000 1.0001
364.0000 1.0001
365.0000 1.0000
366.0000 1.0000
367.0000 1.0000
368.0000 1.0001
369.0000 1.0002
370.0000 1.0001
371.0000 1.0000
372.0000 1.0000
373.0000 1.0000
374.0000 1.0000
375.0000 1.0001
376.0000 1.0001
377.0000 1.0000
378.0000 0.9999
379.0000 0.9997
380.0000 0.9997
381.0000 0.9998
382.0000 0.9998
383.0000 0.9999
384.0000 1.0000
385.0000 1.0000
386.0000 1.0000
387.0000 1.0000
388.0000 1.0000
389.0000 1.0000
390.0000 1.0001
391.0000 1.0001
392.0000 1.0001
393.0000 1.0001
394.0000 1.0001
395.0000 1.0002
396.0000 1.0002
397.0000 1.0002
398.0000 1.0001
399.0000 1.0000
400.0000 1.0000
401.0000 1.0000
402.0000 1.0000
403.0000 1.0000
404.0000 1.0000
405.0000 1.0000
406.0000 0.9999
407.0000 1.0000
408.0000 0.9999
409.0000 0.9999
410.0000 0.9999
411.0000 0.9999
412.0000 0.9999
413.0000 1.0000
414.0000 1.0000
415.0000 1.0001
416.0000 1.0001
417.0000 1.0001
418.0000 1.0000
419.0000 1.0000
420.0000 1.0001
421.0000 1.0001
422.0000 1.0001
423.0000 1.0000
424.0000 1.0000
425.0000 0.9999
426.0000 0.9999
427.0000 0.9999
428.0000 0.9999
429.0000 1.0000
430.0000 1.0001
431.0000 1.0001
432.0000 1.0001
433.0000 1.0001
434.0000 1.0000
435.0000 1.0000
436.0000 1.0000
437.0000 1.0000
438.0000 1.0000
439.0000 1.0000
440.0000 1.0000
441.0000 1.0000
442.0000 1.0000
443.0000 0.9999
444.0000 0.9999
445.0000 1.0000
446.0000 0.9999
447.0000 0.9999
448.0000 1.0000
449.0000 1.0001
450.0000 1.0001
451.0000 1.0001
452.0000 1.0001
453.0000 1.0000
454.0000 1.0000
455.0000 1.0000
456.0000 1.0001
457.0000 1.0001
458.0000 1.0001
459.0000 1.0000
460.0000 1.0000
461.0000 0.9999
462.0000 0.9999
463.0000 0.9998
464.0000 0.9998
465.0000 0.9998
466.0000 0.9998
467.0000 0.9999
468.0000 0.9999
469.0000 0.9999
470.0000 0.9999
471.0000 0.9999
472.0000 0.9999
473.0000 0.9999
474.0000 0.9999
475.0000 1.0000
476.0000 1.0000
477.0000 1.0000
478.0000 1.0000
479.0000 1.0000
480.0000 1.0000
481.0000 1.0000
482.0000 1.0000
483.0000 1.0000
484.0000 1.0000
485.0000 1.0000
486.0000 1.0000
487.0000 1.0000
488.0000 1.0000
489.0000 1.0000
490.0000 1.0000
491.0000 1.0000
492.0000 1.0000
493.0000 1.0000
494.0000 1.0000
495.0000 1.0000
496.0000 1.0000
497.0000 1.0000
498.0000 1.0000
499.0000 1.0000
500.0000 1.0000
501.0000 1.0000
502.0000 1.0000
503.0000 1.0000
504.0000 1.0000
505.0000 1.0000
506.0000 1.0000
507.0000 1.0000
508.0000 1.0000
509.0000 1.0000
510.0000 1.0000
