1.0000 0.0000
2.0000 0.0000
3.0000 0.0000
4.0000 0.0000
5.0000 0.0000
6.0000 0.0000
7.0000 0.0000
8.0000 0.0000
9.0000 0.0000
10.0000 0.0000
11.0000 0.0000
12.0000 0.0428
13.0000 0.0924
14.0000 0.1322
15.0000 0.2187
16.0000 0.3139
17.0000 0.4015
18.0000 0.4760
19.0000 0.5371
20.0000 0.5863
21.0000 0.6258
22.0000 0.6580
23.0000 0.6845
24.0000 0.7070
25.0000 0.7263
26.0000 0.7435
27.0000 0.7590
28.0000 0.7732
29.0000 0.7865
30.0000 0.7989
31.0000 0.8107
32.0000 0.8219
33.0000 0.8326
34.0000 0.8427
35.0000 0.8524
36.0000 0.8615
37.0000 0.8703
38.0000 0.8786
39.0000 0.8864
40.0000 0.8939
41.0000 0.9009
42.0000 0.9076
43.0000 0.9138
44.0000 0.9197
45.0000 0.9253
46.0000 0.9305
47.0000 0.9354
48.0000 0.9399
49.0000 0.9442
50.0000 0.9482
51.0000 0.9520
52.0000 0.9555
53.0000 0.9588
54.0000 0.9618
55.0000 0.9646
56.0000 0.9673
57.0000 0.9697
58.0000 0.9720
59.0000 0.9741
60.0000 0.9761
61.0000 0.9779
62.0000 0.9796
63.0000 0.9812
64.0000 0.9826
65.0000 0.9840
66.0000 0.9852
67.0000 0.9864
68.0000 0.9875
69.0000 0.9884
70.0000 0.9894
71.0000 0.9902
72.0000 0.9910
73.0000 0.9917
74.0000 0.9923
75.0000 0.9930
76.0000 0.9935
77.0000 0.9941
78.0000 0.9946
79.0000 0.9950
80.0000 0.9954
81.0000 0.9958
82.0000 0.9961
83.0000 0.9964
84.0000 0.9967
85.0000 0.9970
86.0000 0.9973
87.0000 0.9975
88.0000 0.9977
89.0000 0.9979
90.0000 0.9981
91.0000 0.9983
92.0000 0.9984
93.0000 0.9985
94.0000 0.9987
95.0000 0.9988
96.0000 0.9989
97.0000 0.9989
98.0000 0.9990
99.0000 0.9991
100.0000 0.9992
101.0000 0.9993
102.0000 0.9994
103.0000 0.9994
104.0000 0.9995
105.0000 0.9995
106.0000 0.9996
107.0000 0.9996
108.0000 0.9996
109.0000 0.9997
110.0000 0.9997
111.0000 0.9997
112.0000 0.9997
113.0000 0.9998
114.0000 0.9998
115.0000 0.9998
116.0000 0.9998
117.0000 0.9998
118.0000 0.9998
119.0000 0.9999
120.0000 0.9999
121.0000 0.9999
122.0000 0.9999
123.0000 0.9999
124.0000 0.9999
125.0000 0.9999
126.0000 0.9999
127.0000 0.9999
128.0000 0.9999
129.0000 1.0000
130.0000 1.0000
131.0000 1.0000
132.0000 1.0000
133.0000 1.0000
134.0000 1.0000
135.0000 1.0000
136.0000 1.0000
137.0000 1.0000
138.0000 1.0000
139.0000 1.0000
140.0000 1.0000
141.0000 1.0000
142.0000 1.0000
143.0000 1.0000
144.0000 1.0000
145.0000 1.0000
146.0000 1.0000
147.0000 1.0000
148.0000 1.0000
149.0000 1.0000
150.0000 1.0000
151.0000 1.0000
152.0000 1.0000
153.0000 1.0000
154.0000 1.0000
155.0000 1.0000
156.0000 1.0000
157.0000 1.0000
158.0000 1.0000
159.0000 1.0000
160.0000 1.0000
161.0000 1.0000
162.0000 1.0000
163.0000 1.0000
164.0000 1.0000
165.0000 1.0000
166.0000 1.0000
167.0000 1.0000
168.0000 1.0000
169.0000 1.0000
170.0000 1.0000
171.0000 1.0000
172.0000 1.0000
173.0000 1.0000
174.0000 1.0000
175.0000 1.0000
176.0000 1.0000
177.0000 1.0000
178.0000 1.0000
179.0000 1.0000
180.0000 1.0000
181.0000 1.0000
182.0000 1.0000
183.0000 1.0000
184.0000 1.0000
185.0000 1.0000
186.0000 1.0000
187.0000 1.0000
188.0000 1.0000
189.0000 1.0000
190.0000 1.0000
191.0000 1.0000
192.0000 1.0000
193.0000 1.0000
194.0000 1.0000
195.0000 1.0000
196.0000 1.0000
197.0000 1.0000
198.0000 1.0000
199.0000 1.0000
200.0000 1.0000
201.0000 1.0000
202.0000 1.0000
203.0000 1.0000
204.0000 1.0000
205.0000 1.0000
206.0000 1.0000
207.0000 1.0000
208.0000 1.0000
209.0000 1.0000
210.0000 1.0000
211.0000 1.0000
212.0000 1.0001
213.0000 1.0001
214.0000 1.0001
215.0000 1.0001
216.0000 1.0001
217.0000 1.0001
218.0000 1.0001
219.0000 1.0001
220.0000 1.0001
221.0000 1.0001
222.0000 1.0001
223.0000 1.0001
224.0000 1.0001
225.0000 1.0001
226.0000 1.0001
227.0000 1.0001
228.0000 1.0001
229.0000 1.0001
230.0000 1.0001
231.0000 1.0001
232.0000 1.0001
233.0000 1.0001
234.0000 1.0000
235.0000 1.0000
236.0000 1.0000
237.0000 1.0000
238.0000 1.0000
239.0000 1.0000
240.0000 1.0000
241.0000 1.0000
242.0000 1.0000
243.0000 1.0000
244.0000 1.0000
245.0000 1.0000
246.0000 1.0000
247.0000 1.0000
248.0000 1.0000
249.0000 1.0000
250.0000 1.0000
251.0000 1.0000
252.0000 1.0000
253.0000 1.0000
254.0000 1.0000
255.0000 1.0000
256.0000 1.0000
257.0000 1.0000
258.0000 1.0000
259.0000 1.0000
260.0000 1.0000
261.0000 1.0000
262.0000 1.1000
263.0000 1.2326
264.0000 1.3670
265.0000 1.4418
266.0000 1.4800
267.0000 1.4958
268.0000 1.4975
269.0000 1.4903
270.0000 1.4777
271.0000 1.4615
272.0000 1.4432
273.0000 1.4236
274.0000 1.4035
275.0000 1.3832
276.0000 1.3629
277.0000 1.3430
278.0000 1.3236
279.0000 1.3047
280.0000 1.2865
281.0000 1.2689
282.0000 1.2522
283.0000 1.2362
284.0000 1.2209
285.0000 1.2065
286.0000 1.1927
287.0000 1.1798
288.0000 1.1675
289.0000 1.1560
290.0000 1.1451
291.0000 1.1349
292.0000 1.1254
293.0000 1.1164
294.0000 1.1080
295.0000 1.1001
296.0000 1.0928
297.0000 1.0859
298.0000 1.0796
299.0000 1.0736
300.0000 1.0681
301.0000 1.0629
302.0000 1.0582
303.0000 1.0537
304.0000 1.0496
305.0000 1.0458
306.0000 1.0422
307.0000 1.0389
308.0000 1.0359
309.0000 1.0331
310.0000 1.0304
311.0000 1.0280
312.0000 1.0258
313.0000 1.0237
314.0000 1.0218
315.0000 1.0201
316.0000 1.0184
317.0000 1.0169
318.0000 1.0156
319.0000 1.0143
320.0000 1.0131
321.0000 1.0121
322.0000 1.0111
323.0000 1.0101
324.0000 1.0093
325.0000 1.0085
326.0000 1.0078
327.0000 1.0071
328.0000 1.0065
329.0000 1.0060
330.0000 1.0055
331.0000 1.0050
332.0000 1.0046
333.0000 1.0042
334.0000 1.0038
335.0000 1.0035
336.0000 1.0032
337.0000 1.0029
338.0000 1.0027
339.0000 1.0024
340.0000 1.0022
341.0000 1.0020
342.0000 1.0018
343.0000 1.0017
344.0000 1.0015
345.0000 1.0014
346.0000 1.0013
347.0000 1.0012
348.0000 1.0011
349.0000 1.0010
350.0000 1.0009
351.0000 1.0008
352.0000 1.0007
353.0000 1.0006
354.0000 1.0006
355.0000 1.0005
356.0000 1.0005
357.0000 1.0004
358.0000 1.0004
359.0000 1.0003
360.0000 1.0003
361.0000 1.0003
362.0000 1.0003
363.0000 1.0002
364.0000 1.0002
365.0000 1.0002
366.0000 1.0002
367.0000 1.0002
368.0000 1.0002
369.0000 1.0002
370.0000 1.0002
371.0000 1.0001
372.0000 1.0001
373.0000 1.0001
374.0000 1.0001
375.0000 1.0001
376.0000 1.0001
377.0000 1.0001
378.0000 1.0000
379.0000 1.0000
380.0000 1.0000
381.0000 1.0000
382.0000 1.0000
383.0000 1.0000
384.0000 1.0000
385.0000 1.0000
386.0000 1.0000
387.0000 1.0000
388.0000 1.0000
389.0000 1.0000
390.0000 1.0000
391.0000 1.0000
392.0000 1.0000
393.0000 1.0000
394.0000 1.0000
395.0000 1.0000
396.0000 1.0001
397.0000 1.0001
398.0000 1.0001
399.0000 1.0000
400.0000 1.0000
401.0000 1.0000
402.0000 1.0000
403.0000 1.0000
404.0000 1.0000
405.0000 1.0000
406.0000 1.0000
407.0000 1.0000
408.0000 1.0000
409.0000 1.0000
410.0000 1.0000
411.0000 1.0000
412.0000 1.0000
413.0000 1.0000
414.0000 1.0000
415.0000 1.0000
416.0000 1.0000
417.0000 1.0000
418.0000 1.0000
419.0000 1.0000
420.0000 1.0000
421.0000 1.0000
422.0000 1.0000
423.0000 1.0000
424.0000 1.0000
425.0000 1.0000
426.0000 1.0000
427.0000 1.0000
428.0000 1.0000
429.0000 1.0000
430.0000 1.0000
431.0000 1.0000
432.0000 1.0000
433.0000 1.0000
434.0000 1.0000
435.0000 1.0000
436.0000 1.0000
437.0000 1.0000
438.0000 1.0000
439.0000 1.0000
440.0000 1.0000
441.0000 1.0000
442.0000 1.0000
443.0000 1.0000
444.0000 1.0000
445.0000 1.0000
446.0000 1.0000
447.0000 1.0000
448.0000 1.0000
449.0000 1.0000
450.0000 1.0000
451.0000 1.0000
452.0000 1.0000
453.0000 1.0000
454.0000 1.0000
455.0000 1.0000
456.0000 1.0000
457.0000 1.0000
458.0000 1.0000
459.0000 1.0000
460.0000 1.0000
461.0000 1.0000
462.0000 1.0000
463.0000 0.9999
464.0000 0.9999
465.0000 0.9999
466.0000 0.9999
467.0000 0.9999
468.0000 0.9999
469.0000 0.9999
470.0000 0.9999
471.0000 0.9999
472.0000 0.9999
473.0000 0.9999
474.0000 0.9999
475.0000 0.9999
476.0000 0.9999
477.0000 0.9999
478.0000 0.9999
479.0000 0.9999
480.0000 0.9999
481.0000 0.9999
482.0000 0.9999
483.0000 0.9999
484.0000 0.9999
485.0000 1.0000
486.0000 1.0000
487.0000 1.0000
488.0000 1.0000
489.0000 1.0000
490.0000 1.0000
491.0000 1.0000
492.0000 1.0000
493.0000 1.0000
494.0000 1.0000
495.0000 1.0000
496.0000 1.0000
497.0000 1.0000
498.0000 1.0000
499.0000 1.0000
500.0000 1.0000
501.0000 1.0000
502.0000 1.0000
503.0000 1.0000
504.0000 1.0000
505.0000 1.0000
506.0000 1.0000
507.0000 1.0000
508.0000 1.0000
509.0000 1.0000
510.0000 1.0000
