1.0000 0.0000
2.0000 0.0000
3.0000 0.0000
4.0000 0.0000
5.0000 0.0000
6.0000 0.0000
7.0000 0.0000
8.0000 0.0000
9.0000 0.0000
10.0000 0.6155
11.0000 1.0386
12.0000 1.3193
13.0000 1.4966
14.0000 1.5996
15.0000 1.6490
16.0000 1.6597
17.0000 1.6421
18.0000 1.6035
19.0000 1.5493
20.0000 1.4841
21.0000 1.4111
22.0000 1.3336
23.0000 1.2541
24.0000 1.1749
25.0000 1.0979
26.0000 1.0246
27.0000 0.9562
28.0000 0.8937
29.0000 0.8375
30.0000 0.7879
31.0000 0.7450
32.0000 0.7086
33.0000 0.6784
34.0000 0.6540
35.0000 0.6349
36.0000 0.6205
37.0000 0.6103
38.0000 0.6037
39.0000 0.6002
40.0000 0.5992
41.0000 0.6004
42.0000 0.6032
43.0000 0.6072
44.0000 0.6122
45.0000 0.6177
46.0000 0.6236
47.0000 0.6296
48.0000 0.6355
49.0000 0.6413
50.0000 0.6467
51.0000 0.6518
52.0000 0.6565
53.0000 0.6608
54.0000 0.6646
55.0000 0.6679
56.0000 0.6707
57.0000 0.6731
58.0000 0.6751
59.0000 0.6768
60.0000 0.6780
61.0000 0.6790
62.0000 0.6797
63.0000 0.6802
64.0000 0.6805
65.0000 0.6807
66.0000 0.6807
67.0000 0.6806
68.0000 0.6805
69.0000 0.6803
70.0000 0.6801
71.0000 0.6799
72.0000 0.6796
73.0000 0.6793
74.0000 0.6791
75.0000 0.6788
76.0000 0.6784
77.0000 0.6782
78.0000 0.6779
79.0000 0.6776
80.0000 0.6774
81.0000 0.6773
82.0000 0.6772
83.0000 0.6771
84.0000 0.6770
85.0000 0.6770
86.0000 0.6770
87.0000 0.6769
88.0000 0.6769
89.0000 0.6768
90.0000 0.6768
91.0000 0.6768
92.0000 0.6769
93.0000 0.6769
94.0000 0.6768
95.0000 0.6769
96.0000 0.6769
97.0000 0.6769
98.0000 0.6770
99.0000 0.6770
100.0000 0.6770
101.0000 0.6771
102.0000 0.6771
103.0000 0.6771
104.0000 0.6771
105.0000 0.6772
106.0000 0.6772
107.0000 0.6773
108.0000 0.6773
109.0000 0.6773
110.0000 0.6773
111.0000 0.6773
112.0000 0.6773
113.0000 0.6774
114.0000 0.6774
115.0000 0.6774
116.0000 0.6773
117.0000 0.6773
118.0000 0.6773
119.0000 0.6773
120.0000 0.6772
121.0000 0.6772
122.0000 0.6771
123.0000 0.6771
124.0000 0.6770
125.0000 0.6770
126.0000 0.6769
127.0000 0.6769
128.0000 0.6769
129.0000 0.6769
130.0000 0.6769
131.0000 0.6769
132.0000 0.6769
133.0000 0.6769
134.0000 0.6769
135.0000 0.6770
136.0000 0.6770
137.0000 0.6771
138.0000 0.6771
139.0000 0.6771
140.0000 0.6771
141.0000 0.6771
142.0000 0.6771
143.0000 0.6771
144.0000 0.6770
145.0000 0.6770
146.0000 0.6770
147.0000 0.6771
148.0000 0.6771
149.0000 0.6772
150.0000 0.6772
151.0000 0.6772
152.0000 0.6773
153.0000 0.6773
154.0000 0.6773
155.0000 0.6773
156.0000 0.6773
157.0000 0.6773
158.0000 0.6772
159.0000 0.6772
160.0000 0.6772
161.0000 0.6771
162.0000 0.6771
163.0000 0.6770
164.0000 0.6770
165.0000 0.6771
166.0000 0.6771
167.0000 0.6771
168.0000 0.6771
169.0000 0.6771
170.0000 0.6771
171.0000 0.6771
172.0000 0.6772
173.0000 0.6772
174.0000 0.6772
175.0000 0.6772
176.0000 0.6772
177.0000 0.6772
178.0000 0.6772
179.0000 0.6771
180.0000 0.6771
181.0000 0.6771
182.0000 0.6771
183.0000 0.6771
184.0000 0.6771
185.0000 0.6771
186.0000 0.6771
187.0000 0.6771
188.0000 0.6771
189.0000 0.6771
190.0000 0.6771
191.0000 0.6771
192.0000 0.6771
193.0000 0.6771
194.0000 0.6771
195.0000 0.6771
196.0000 0.6771
197.0000 0.6771
198.0000 0.6771
199.0000 0.6771
200.0000 0.6771
201.0000 0.6772
202.0000 0.6772
203.0000 0.6773
204.0000 0.6773
205.0000 0.6773
206.0000 0.6774
207.0000 0.6774
208.0000 0.6775
209.0000 0.6775
210.0000 0.6775
211.0000 0.6775
212.0000 0.6774
213.0000 0.6774
214.0000 0.6773
215.0000 0.6773
216.0000 0.6772
217.0000 0.6772
218.0000 0.6771
219.0000 0.6771
220.0000 0.6771
221.0000 0.6770
222.0000 0.6770
223.0000 0.6770
224.0000 0.6770
225.0000 0.6770
226.0000 0.6769
227.0000 0.6769
228.0000 0.6769
229.0000 0.6770
230.0000 0.6770
231.0000 0.6770
232.0000 0.6770
233.0000 0.6770
234.0000 0.6770
235.0000 0.6770
236.0000 0.6770
237.0000 0.6771
238.0000 0.6771
239.0000 0.6771
240.0000 0.6771
241.0000 0.6771
242.0000 0.6771
243.0000 0.6771
244.0000 0.6771
245.0000 0.6771
246.0000 0.6771
247.0000 0.6771
248.0000 0.6772
249.0000 0.6772
250.0000 0.6772
251.0000 0.6772
252.0000 0.6772
253.0000 0.6772
254.0000 0.6771
255.0000 0.6771
256.0000 0.6771
257.0000 0.6771
258.0000 0.6771
259.0000 0.6771
260.0000 0.0630
261.0000 -0.4140
262.0000 -0.7629
263.0000 -0.9984
264.0000 -1.1384
265.0000 -1.2008
266.0000 -1.2028
267.0000 -1.1596
268.0000 -1.0841
269.0000 -0.9869
270.0000 -0.8768
271.0000 -0.7604
272.0000 -0.6430
273.0000 -0.5285
274.0000 -0.4198
275.0000 -0.3187
276.0000 -0.2265
277.0000 -0.1441
278.0000 -0.0716
279.0000 -0.0092
280.0000 0.0436
281.0000 0.0872
282.0000 0.1222
283.0000 0.1495
284.0000 0.1697
285.0000 0.1839
286.0000 0.1926
287.0000 0.1968
288.0000 0.1973
289.0000 0.1947
290.0000 0.1896
291.0000 0.1827
292.0000 0.1745
293.0000 0.1655
294.0000 0.1560
295.0000 0.1463
296.0000 0.1366
297.0000 0.1273
298.0000 0.1184
299.0000 0.1101
300.0000 0.1025
301.0000 0.0956
302.0000 0.0894
303.0000 0.0840
304.0000 0.0792
305.0000 0.0752
306.0000 0.0718
307.0000 0.0690
308.0000 0.0667
309.0000 0.0649
310.0000 0.0636
311.0000 0.0626
312.0000 0.0619
313.0000 0.0615
314.0000 0.0613
315.0000 0.0613
316.0000 0.0614
317.0000 0.0616
318.0000 0.0619
319.0000 0.0623
320.0000 0.0627
321.0000 0.0631
322.0000 0.0634
323.0000 0.0638
324.0000 0.0642
325.0000 0.0646
326.0000 0.0649
327.0000 0.0653
328.0000 0.0655
329.0000 0.0657
330.0000 0.0658
331.0000 0.0659
332.0000 0.0660
333.0000 0.0661
334.0000 0.0661
335.0000 0.0661
336.0000 0.0661
337.0000 0.0661
338.0000 0.0661
339.0000 0.0661
340.0000 0.0661
341.0000 0.0661
342.0000 0.0661
343.0000 0.0661
344.0000 0.0660
345.0000 0.0659
346.0000 0.0659
347.0000 0.0659
348.0000 0.0659
349.0000 0.0659
350.0000 0.0658
351.0000 0.0658
352.0000 0.0657
353.0000 0.0657
354.0000 0.0657
355.0000 0.0656
356.0000 0.0656
357.0000 0.0656
358.0000 0.0655
359.0000 0.0655
360.0000 0.0654
361.0000 0.0654
362.0000 0.0653
363.0000 0.0653
364.0000 0.0653
365.0000 0.0653
366.0000 0.0654
367.0000 0.0655
368.0000 0.0655
369.0000 0.0655
370.0000 0.0655
371.0000 0.0656
372.0000 0.0656
373.0000 0.0656
374.0000 0.0656
375.0000 0.0657
376.0000 0.0658
377.0000 0.0658
378.0000 0.0659
379.0000 0.0659
380.0000 0.0659
381.0000 0.0659
382.0000 0.0659
383.0000 0.0659
384.0000 0.0659
385.0000 0.0659
386.0000 0.0659
387.0000 0.0659
388.0000 0.0659
389.0000 0.0659
390.0000 0.0658
391.0000 0.0658
392.0000 0.0658
393.0000 0.0657
394.0000 0.0656
395.0000 0.0655
396.0000 0.0654
397.0000 0.0654
398.0000 0.0653
399.0000 0.0653
400.0000 0.0653
401.0000 0.0653
402.0000 0.0653
403.0000 0.0653
404.0000 0.0653
405.0000 0.0653
406.0000 0.0654
407.0000 0.0654
408.0000 0.0655
409.0000 0.0655
410.0000 0.0656
411.0000 0.0656
412.0000 0.0657
413.0000 0.0657
414.0000 0.0657
415.0000 0.0657
416.0000 0.0657
417.0000 0.0657
418.0000 0.0657
419.0000 0.0656
420.0000 0.0656
421.0000 0.0656
422.0000 0.0655
423.0000 0.0656
424.0000 0.0656
425.0000 0.0656
426.0000 0.0656
427.0000 0.0656
428.0000 0.0656
429.0000 0.0656
430.0000 0.0657
431.0000 0.0657
432.0000 0.0657
433.0000 0.0657
434.0000 0.0657
435.0000 0.0657
436.0000 0.0657
437.0000 0.0657
438.0000 0.0657
439.0000 0.0657
440.0000 0.0657
441.0000 0.0657
442.0000 0.0657
443.0000 0.0657
444.0000 0.0656
445.0000 0.0656
446.0000 0.0655
447.0000 0.0654
448.0000 0.0654
449.0000 0.0653
450.0000 0.0653
451.0000 0.0652
452.0000 0.0652
453.0000 0.0652
454.0000 0.0652
455.0000 0.0653
456.0000 0.0652
457.0000 0.0652
458.0000 0.0652
459.0000 0.0652
460.0000 0.0653
461.0000 0.0653
462.0000 0.0653
463.0000 0.0654
464.0000 0.0655
465.0000 0.0655
466.0000 0.0656
467.0000 0.0656
468.0000 0.0657
469.0000 0.0657
470.0000 0.0658
471.0000 0.0658
472.0000 0.0658
473.0000 0.0658
474.0000 0.0658
475.0000 0.0659
476.0000 0.0658
477.0000 0.0658
478.0000 0.0658
479.0000 0.0658
480.0000 0.0658
481.0000 0.0658
482.0000 0.0658
483.0000 0.0657
484.0000 0.0657
485.0000 0.0657
486.0000 0.0657
487.0000 0.0657
488.0000 0.0656
489.0000 0.0656
490.0000 0.0656
491.0000 0.0656
492.0000 0.0656
493.0000 0.0656
494.0000 0.0656
495.0000 0.0656
496.0000 0.0656
497.0000 0.0656
498.0000 0.0656
499.0000 0.0656
500.0000 0.0656
501.0000 0.0656
502.0000 0.0656
503.0000 0.0656
504.0000 0.0656
505.0000 0.0656
506.0000 0.0656
507.0000 0.0656
508.0000 0.0656
509.0000 0.0656
510.0000 0.0656
