1.0000 0.0000
2.0000 0.0000
3.0000 0.0000
4.0000 0.0000
5.0000 0.0000
6.0000 0.0000
7.0000 0.0000
8.0000 0.0000
9.0000 0.0000
10.0000 0.0000
11.0000 0.0000
12.0000 0.0846
13.0000 0.1995
14.0000 0.3101
15.0000 0.4190
16.0000 0.5106
17.0000 0.5796
18.0000 0.6267
19.0000 0.6558
20.0000 0.6717
21.0000 0.6793
22.0000 0.6824
23.0000 0.6840
24.0000 0.6863
25.0000 0.6904
26.0000 0.6968
27.0000 0.7057
28.0000 0.7168
29.0000 0.7299
30.0000 0.7445
31.0000 0.7602
32.0000 0.7768
33.0000 0.7937
34.0000 0.8109
35.0000 0.8280
36.0000 0.8448
37.0000 0.8611
38.0000 0.8769
39.0000 0.8921
40.0000 0.9065
41.0000 0.9200
42.0000 0.9327
43.0000 0.9445
44.0000 0.9553
45.0000 0.9652
46.0000 0.9741
47.0000 0.9821
48.0000 0.9892
49.0000 0.9955
50.0000 1.0008
51.0000 1.0054
52.0000 1.0093
53.0000 1.0124
54.0000 1.0149
55.0000 1.0167
56.0000 1.0181
57.0000 1.0189
58.0000 1.0194
59.0000 1.0194
60.0000 1.0192
61.0000 1.0186
62.0000 1.0178
63.0000 1.0169
64.0000 1.0158
65.0000 1.0146
66.0000 1.0133
67.0000 1.0119
68.0000 1.0106
69.0000 1.0092
70.0000 1.0079
71.0000 1.0066
72.0000 1.0054
73.0000 1.0043
74.0000 1.0032
75.0000 1.0022
76.0000 1.0013
77.0000 1.0005
78.0000 0.9998
79.0000 0.9992
80.0000 0.9986
81.0000 0.9981
82.0000 0.9978
83.0000 0.9975
84.0000 0.9972
85.0000 0.9971
86.0000 0.9970
87.0000 0.9969
88.0000 0.9969
89.0000 0.9970
90.0000 0.9971
91.0000 0.9972
92.0000 0.9973
93.0000 0.9975
94.0000 0.9976
95.0000 0.9978
96.0000 0.9980
97.0000 0.9982
98.0000 0.9984
99.0000 0.9986
100.0000 0.9987
101.0000 0.9989
102.0000 0.9991
103.0000 0.9993
104.0000 0.9994
105.0000 0.9996
106.0000 0.9997
107.0000 0.9998
108.0000 0.9999
109.0000 1.0000
110.0000 1.0001
111.0000 1.0002
112.0000 1.0002
113.0000 1.0002
114.0000 1.0003
115.0000 1.0003
116.0000 1.0004
117.0000 1.0004
118.0000 1.0004
119.0000 1.0004
120.0000 1.0004
121.0000 1.0003
122.0000 1.0003
123.0000 1.0003
124.0000 1.0002
125.0000 1.0002
126.0000 1.0002
127.0000 1.0002
128.0000 1.0001
129.0000 1.0001
130.0000 1.0001
131.0000 1.0001
132.0000 1.0001
133.0000 1.0001
134.0000 1.0001
135.0000 1.0001
136.0000 1.0001
137.0000 1.0001
138.0000 1.0001
139.0000 1.0000
140.0000 1.0000
141.0000 1.0000
142.0000 1.0000
143.0000 1.0000
144.0000 1.0001
145.0000 1.0000
146.0000 1.0000
147.0000 1.0000
148.0000 1.0000
149.0000 1.0000
150.0000 1.0000
151.0000 1.0000
152.0000 0.9999
153.0000 0.9999
154.0000 0.9999
155.0000 0.9999
156.0000 1.0000
157.0000 1.0000
158.0000 1.0000
159.0000 1.0000
160.0000 1.0000
161.0000 1.0000
162.0000 1.0000
163.0000 1.0000
164.0000 1.0000
165.0000 1.0000
166.0000 1.0000
167.0000 1.0000
168.0000 1.0000
169.0000 1.0000
170.0000 1.0000
171.0000 1.0000
172.0000 1.0000
173.0000 1.0000
174.0000 1.0000
175.0000 1.0000
176.0000 1.0000
177.0000 1.0000
178.0000 1.0000
179.0000 1.0000
180.0000 1.0000
181.0000 1.0000
182.0000 1.0000
183.0000 1.0000
184.0000 1.0000
185.0000 1.0000
186.0000 1.0000
187.0000 1.0000
188.0000 1.0000
189.0000 1.0000
190.0000 1.0000
191.0000 1.0000
192.0000 1.0000
193.0000 1.0000
194.0000 1.0000
195.0000 1.0000
196.0000 1.0000
197.0000 1.0000
198.0000 1.0000
199.0000 1.0000
200.0000 1.0000
201.0000 1.0000
202.0000 1.0001
203.0000 1.0001
204.0000 1.0001
205.0000 1.0001
206.0000 1.0000
207.0000 1.0000
208.0000 1.0000
209.0000 1.0000
210.0000 1.0000
211.0000 1.0000
212.0000 1.0000
213.0000 1.0000
214.0000 1.0000
215.0000 1.0000
216.0000 1.0000
217.0000 1.0000
218.0000 1.0000
219.0000 1.0000
220.0000 1.0000
221.0000 1.0000
222.0000 1.0000
223.0000 1.0000
224.0000 1.0000
225.0000 1.0000
226.0000 1.0000
227.0000 1.0000
228.0000 1.0001
229.0000 1.0001
230.0000 1.0001
231.0000 1.0001
232.0000 1.0001
233.0000 1.0001
234.0000 1.0001
235.0000 1.0001
236.0000 1.0001
237.0000 1.0001
238.0000 1.0001
239.0000 1.0001
240.0000 1.0001
241.0000 1.0001
242.0000 1.0001
243.0000 1.0001
244.0000 1.0001
245.0000 1.0000
246.0000 1.0000
247.0000 1.0000
248.0000 1.0000
249.0000 1.0000
250.0000 1.0000
251.0000 1.0000
252.0000 1.0000
253.0000 1.0000
254.0000 1.0000
255.0000 1.0000
256.0000 1.0000
257.0000 1.0000
258.0000 1.0000
259.0000 1.0000
260.0000 1.0000
261.0000 1.0000
262.0000 1.0777
263.0000 1.1911
264.0000 1.3144
265.0000 1.4140
266.0000 1.4848
267.0000 1.5283
268.0000 1.5485
269.0000 1.5510
270.0000 1.5408
271.0000 1.5222
272.0000 1.4985
273.0000 1.4720
274.0000 1.4443
275.0000 1.4163
276.0000 1.3884
277.0000 1.3609
278.0000 1.3339
279.0000 1.3075
280.0000 1.2816
281.0000 1.2563
282.0000 1.2318
283.0000 1.2081
284.0000 1.1852
285.0000 1.1634
286.0000 1.1426
287.0000 1.1230
288.0000 1.1046
289.0000 1.0876
290.0000 1.0719
291.0000 1.0575
292.0000 1.0445
293.0000 1.0328
294.0000 1.0224
295.0000 1.0132
296.0000 1.0053
297.0000 0.9985
298.0000 0.9927
299.0000 0.9880
300.0000 0.9841
301.0000 0.9812
302.0000 0.9790
303.0000 0.9774
304.0000 0.9765
305.0000 0.9762
306.0000 0.9762
307.0000 0.9767
308.0000 0.9775
309.0000 0.9786
310.0000 0.9799
311.0000 0.9814
312.0000 0.9830
313.0000 0.9847
314.0000 0.9864
315.0000 0.9881
316.0000 0.9898
317.0000 0.9914
318.0000 0.9930
319.0000 0.9945
320.0000 0.9959
321.0000 0.9972
322.0000 0.9984
323.0000 0.9995
324.0000 1.0004
325.0000 1.0013
326.0000 1.0020
327.0000 1.0026
328.0000 1.0031
329.0000 1.0035
330.0000 1.0038
331.0000 1.0040
332.0000 1.0042
333.0000 1.0042
334.0000 1.0042
335.0000 1.0042
336.0000 1.0041
337.0000 1.0039
338.0000 1.0037
339.0000 1.0035
340.0000 1.0033
341.0000 1.0031
342.0000 1.0028
343.0000 1.0025
344.0000 1.0023
345.0000 1.0020
346.0000 1.0017
347.0000 1.0015
348.0000 1.0013
349.0000 1.0011
350.0000 1.0008
351.0000 1.0007
352.0000 1.0005
353.0000 1.0003
354.0000 1.0001
355.0000 1.0000
356.0000 0.9999
357.0000 0.9998
358.0000 0.9997
359.0000 0.9996
360.0000 0.9996
361.0000 0.9996
362.0000 0.9995
363.0000 0.9995
364.0000 0.9995
365.0000 0.9995
366.0000 0.9995
367.0000 0.9996
368.0000 0.9996
369.0000 0.9996
370.0000 0.9997
371.0000 0.9997
372.0000 0.9997
373.0000 0.9997
374.0000 0.9998
375.0000 0.9998
376.0000 0.9998
377.0000 0.9999
378.0000 0.9999
379.0000 0.9999
380.0000 0.9999
381.0000 0.9999
382.0000 0.9999
383.0000 0.9999
384.0000 0.9999
385.0000 1.0000
386.0000 1.0000
387.0000 1.0000
388.0000 1.0000
389.0000 1.0000
390.0000 1.0000
391.0000 1.0000
392.0000 1.0000
393.0000 1.0000
394.0000 1.0000
395.0000 1.0001
396.0000 1.0001
397.0000 1.0001
398.0000 1.0001
399.0000 1.0001
400.0000 1.0001
401.0000 1.0001
402.0000 1.0001
403.0000 1.0001
404.0000 1.0001
405.0000 1.0001
406.0000 1.0001
407.0000 1.0001
408.0000 1.0000
409.0000 1.0000
410.0000 1.0000
411.0000 1.0000
412.0000 1.0000
413.0000 1.0000
414.0000 1.0000
415.0000 1.0000
416.0000 1.0000
417.0000 1.0000
418.0000 1.0000
419.0000 1.0000
420.0000 1.0000
421.0000 1.0000
422.0000 1.0000
423.0000 1.0000
424.0000 1.0000
425.0000 1.0000
426.0000 1.0000
427.0000 1.0000
428.0000 1.0000
429.0000 1.0000
430.0000 1.0000
431.0000 1.0000
432.0000 1.0000
433.0000 1.0000
434.0000 1.0000
435.0000 1.0000
436.0000 1.0000
437.0000 1.0000
438.0000 1.0000
439.0000 1.0000
440.0000 1.0000
441.0000 1.0000
442.0000 1.0000
443.0000 1.0000
444.0000 1.0000
445.0000 1.0000
446.0000 1.0000
447.0000 1.0000
448.0000 1.0000
449.0000 1.0000
450.0000 1.0000
451.0000 1.0000
452.0000 1.0000
453.0000 1.0000
454.0000 1.0000
455.0000 1.0000
456.0000 1.0000
457.0000 1.0000
458.0000 1.0000
459.0000 1.0000
460.0000 1.0000
461.0000 1.0000
462.0000 1.0000
463.0000 1.0000
464.0000 1.0000
465.0000 1.0000
466.0000 1.0000
467.0000 1.0000
468.0000 1.0000
469.0000 1.0000
470.0000 1.0000
471.0000 1.0000
472.0000 1.0000
473.0000 0.9999
474.0000 0.9999
475.0000 0.9999
476.0000 0.9999
477.0000 0.9999
478.0000 0.9999
479.0000 0.9999
480.0000 0.9999
481.0000 0.9999
482.0000 0.9999
483.0000 0.9999
484.0000 0.9999
485.0000 0.9999
486.0000 0.9999
487.0000 0.9999
488.0000 0.9999
489.0000 0.9999
490.0000 0.9999
491.0000 0.9999
492.0000 0.9999
493.0000 0.9999
494.0000 1.0000
495.0000 1.0000
496.0000 1.0000
497.0000 1.0000
498.0000 1.0000
499.0000 1.0000
500.0000 1.0000
501.0000 1.0000
502.0000 1.0000
503.0000 1.0000
504.0000 1.0000
505.0000 1.0000
506.0000 1.0000
507.0000 1.0000
508.0000 1.0000
509.0000 1.0000
510.0000 1.0000
