1.0000 0.1237
2.0000 0.2357
3.0000 0.3369
4.0000 0.4286
5.0000 0.5115
6.0000 0.5865
7.0000 0.6544
8.0000 0.7159
9.0000 0.7715
10.0000 0.8218
11.0000 0.8673
12.0000 0.9084
13.0000 0.9457
14.0000 0.9794
15.0000 1.0099
16.0000 1.0375
17.0000 1.0625
18.0000 1.0851
19.0000 1.1056
20.0000 1.1241
21.0000 1.1408
22.0000 1.1560
23.0000 1.1697
24.0000 1.1821
25.0000 1.1933
26.0000 1.2034
27.0000 1.2126
28.0000 1.2209
29.0000 1.2285
30.0000 1.2353
31.0000 1.2414
32.0000 1.2470
33.0000 1.2521
34.0000 1.2566
35.0000 1.2607
36.0000 1.2645
37.0000 1.2679
38.0000 1.2709
39.0000 1.2737
40.0000 1.2762
41.0000 1.2785
42.0000 1.2805
43.0000 1.2824
44.0000 1.2840
45.0000 1.2856
46.0000 1.2869
47.0000 1.2882
48.0000 1.2893
49.0000 1.2903
50.0000 1.2912
51.0000 1.2921
52.0000 1.2928
53.0000 1.2935
54.0000 1.2941
55.0000 1.2947
56.0000 1.2952
57.0000 1.2957
58.0000 1.2961
59.0000 1.2964
60.0000 1.2968
61.0000 1.2971
62.0000 1.2974
63.0000 1.2976
64.0000 1.2978
65.0000 1.2980
66.0000 1.2982
67.0000 1.2984
68.0000 1.2986
69.0000 1.2987
70.0000 1.2988
71.0000 1.2989
72.0000 1.2990
73.0000 1.2991
74.0000 1.2992
75.0000 1.2993
76.0000 1.2993
77.0000 1.2994
78.0000 1.2995
79.0000 1.2995
80.0000 1.2996
81.0000 1.2996
82.0000 1.2996
83.0000 1.2997
84.0000 1.2997
85.0000 1.2997
86.0000 1.2998
87.0000 1.2998
88.0000 1.2998
89.0000 1.2998
90.0000 1.2998
91.0000 1.2999
92.0000 1.2999
93.0000 1.2999
94.0000 1.2999
95.0000 1.2999
96.0000 1.2999
97.0000 1.2999
98.0000 1.2999
99.0000 1.2999
100.0000 1.2999
101.0000 1.2999
102.0000 1.3000
103.0000 1.3000
104.0000 1.3000
105.0000 1.3000
106.0000 1.3000
107.0000 1.3000
108.0000 1.3000
109.0000 1.3000
110.0000 1.3000
111.0000 1.3000
112.0000 1.3000
113.0000 1.3000
114.0000 1.3000
115.0000 1.3000
116.0000 1.3000
117.0000 1.3000
118.0000 1.3000
119.0000 1.3000
120.0000 1.3000
121.0000 1.3000
122.0000 1.3000
123.0000 1.3000
124.0000 1.3000
125.0000 1.3000
126.0000 1.3000
127.0000 1.3000
128.0000 1.3000
129.0000 1.3000
130.0000 1.3000
131.0000 1.3000
132.0000 1.3000
133.0000 1.3000
134.0000 1.3000
135.0000 1.3000
136.0000 1.3000
137.0000 1.3000
138.0000 1.3000
139.0000 1.3000
140.0000 1.3000
141.0000 1.3000
142.0000 1.3000
143.0000 1.3000
144.0000 1.3000
145.0000 1.3000
146.0000 1.3000
147.0000 1.3000
148.0000 1.3000
149.0000 1.3000
150.0000 1.3000
151.0000 1.3000
152.0000 1.3000
153.0000 1.3000
154.0000 1.3000
155.0000 1.3000
156.0000 1.3000
157.0000 1.3000
158.0000 1.3000
159.0000 1.3000
160.0000 1.3000
161.0000 1.3000
162.0000 1.3000
163.0000 1.3000
164.0000 1.3000
165.0000 1.3000
166.0000 1.3000
167.0000 1.3000
168.0000 1.3000
169.0000 1.3000
170.0000 1.3000
171.0000 1.3000
172.0000 1.3000
173.0000 1.3000
174.0000 1.3000
175.0000 1.3000
176.0000 1.3000
177.0000 1.3000
178.0000 1.3000
179.0000 1.3000
180.0000 1.3000
181.0000 1.3000
182.0000 1.3000
183.0000 1.3000
184.0000 1.3000
185.0000 1.3000
186.0000 1.3000
187.0000 1.3000
188.0000 1.3000
189.0000 1.3000
190.0000 1.3000
191.0000 1.3000
192.0000 1.3000
193.0000 1.3000
194.0000 1.3000
195.0000 1.3000
196.0000 1.3000
197.0000 1.3000
198.0000 1.3000
199.0000 1.3000
200.0000 1.3000
