1.0000 0.0714
2.0000 0.1387
3.0000 0.2022
4.0000 0.2621
5.0000 0.3185
6.0000 0.3717
7.0000 0.4219
8.0000 0.4692
9.0000 0.5138
10.0000 0.5559
11.0000 0.5955
12.0000 0.6329
13.0000 0.6682
14.0000 0.7014
15.0000 0.7327
16.0000 0.7623
17.0000 0.7902
18.0000 0.8164
19.0000 0.8412
20.0000 0.8645
21.0000 0.8866
22.0000 0.9073
23.0000 0.9269
24.0000 0.9454
25.0000 0.9628
26.0000 0.9792
27.0000 0.9946
28.0000 1.0092
29.0000 1.0230
30.0000 1.0360
31.0000 1.0482
32.0000 1.0597
33.0000 1.0706
34.0000 1.0808
35.0000 1.0905
36.0000 1.0996
37.0000 1.1082
38.0000 1.1163
39.0000 1.1239
40.0000 1.1311
41.0000 1.1379
42.0000 1.1443
43.0000 1.1504
44.0000 1.1561
45.0000 1.1614
46.0000 1.1665
47.0000 1.1713
48.0000 1.1758
49.0000 1.1800
50.0000 1.1840
51.0000 1.1878
52.0000 1.1913
53.0000 1.1947
54.0000 1.1978
55.0000 1.2008
56.0000 1.2036
57.0000 1.2063
58.0000 1.2088
59.0000 1.2111
60.0000 1.2133
61.0000 1.2154
62.0000 1.2174
63.0000 1.2193
64.0000 1.2210
65.0000 1.2227
66.0000 1.2242
67.0000 1.2257
68.0000 1.2271
69.0000 1.2284
70.0000 1.2296
71.0000 1.2308
72.0000 1.2319
73.0000 1.2329
74.0000 1.2339
75.0000 1.2348
76.0000 1.2357
77.0000 1.2365
78.0000 1.2373
79.0000 1.2380
80.0000 1.2387
81.0000 1.2393
82.0000 1.2400
83.0000 1.2405
84.0000 1.2411
85.0000 1.2416
86.0000 1.2421
87.0000 1.2425
88.0000 1.2429
89.0000 1.2433
90.0000 1.2437
91.0000 1.2441
92.0000 1.2444
93.0000 1.2447
94.0000 1.2450
95.0000 1.2453
96.0000 1.2456
97.0000 1.2458
98.0000 1.2461
99.0000 1.2463
100.0000 1.2465
101.0000 1.2467
102.0000 1.2469
103.0000 1.2471
104.0000 1.2472
105.0000 1.2474
106.0000 1.2476
107.0000 1.2477
108.0000 1.2478
109.0000 1.2479
110.0000 1.2481
111.0000 1.2482
112.0000 1.2483
113.0000 1.2484
114.0000 1.2485
115.0000 1.2486
116.0000 1.2486
117.0000 1.2487
118.0000 1.2488
119.0000 1.2489
120.0000 1.2489
121.0000 1.2490
122.0000 1.2490
123.0000 1.2491
124.0000 1.2492
125.0000 1.2492
126.0000 1.2492
127.0000 1.2493
128.0000 1.2493
129.0000 1.2494
130.0000 1.2494
131.0000 1.2494
132.0000 1.2495
133.0000 1.2495
134.0000 1.2495
135.0000 1.2496
136.0000 1.2496
137.0000 1.2496
138.0000 1.2496
139.0000 1.2496
140.0000 1.2497
141.0000 1.2497
142.0000 1.2497
143.0000 1.2497
144.0000 1.2497
145.0000 1.2498
146.0000 1.2498
147.0000 1.2498
148.0000 1.2498
149.0000 1.2498
150.0000 1.2498
151.0000 1.2498
152.0000 1.2498
153.0000 1.2498
154.0000 1.2499
155.0000 1.2499
156.0000 1.2499
157.0000 1.2499
158.0000 1.2499
159.0000 1.2499
160.0000 1.2499
161.0000 1.2499
162.0000 1.2499
163.0000 1.2499
164.0000 1.2499
165.0000 1.2499
166.0000 1.2499
167.0000 1.2499
168.0000 1.2499
169.0000 1.2499
170.0000 1.2499
171.0000 1.2499
172.0000 1.2499
173.0000 1.2500
174.0000 1.2500
175.0000 1.2500
176.0000 1.2500
177.0000 1.2500
178.0000 1.2500
179.0000 1.2500
180.0000 1.2500
181.0000 1.2500
182.0000 1.2500
183.0000 1.2500
184.0000 1.2500
185.0000 1.2500
186.0000 1.2500
187.0000 1.2500
188.0000 1.2500
189.0000 1.2500
190.0000 1.2500
191.0000 1.2500
192.0000 1.2500
193.0000 1.2500
194.0000 1.2500
195.0000 1.2500
196.0000 1.2500
197.0000 1.2500
198.0000 1.2500
199.0000 1.2500
200.0000 1.2500
