1.0000 0.0885
2.0000 0.1574
3.0000 0.2111
4.0000 0.2528
5.0000 0.2854
6.0000 0.3107
7.0000 0.3305
8.0000 0.3459
9.0000 0.3578
10.0000 0.3672
11.0000 0.3744
12.0000 0.3801
13.0000 0.3845
14.0000 0.3879
15.0000 0.3906
16.0000 0.3927
17.0000 0.3943
18.0000 0.3956
19.0000 0.3965
20.0000 0.3973
21.0000 0.3979
22.0000 0.3984
23.0000 0.3987
24.0000 0.3990
25.0000 0.3992
26.0000 0.3994
27.0000 0.3995
28.0000 0.3996
29.0000 0.3997
30.0000 0.3998
31.0000 0.3998
32.0000 0.3999
33.0000 0.3999
34.0000 0.3999
35.0000 0.3999
36.0000 0.4000
37.0000 0.4000
38.0000 0.4000
39.0000 0.4000
40.0000 0.4000
41.0000 0.4000
42.0000 0.4000
43.0000 0.4000
44.0000 0.4000
45.0000 0.4000
46.0000 0.4000
47.0000 0.4000
48.0000 0.4000
49.0000 0.4000
50.0000 0.4000
51.0000 0.4000
52.0000 0.4000
53.0000 0.4000
54.0000 0.4000
55.0000 0.4000
56.0000 0.4000
57.0000 0.4000
58.0000 0.4000
59.0000 0.4000
60.0000 0.4000
61.0000 0.4000
62.0000 0.4000
63.0000 0.4000
64.0000 0.4000
65.0000 0.4000
66.0000 0.4000
67.0000 0.4000
68.0000 0.4000
69.0000 0.4000
70.0000 0.4000
71.0000 0.4000
72.0000 0.4000
73.0000 0.4000
74.0000 0.4000
75.0000 0.4000
76.0000 0.4000
77.0000 0.4000
78.0000 0.4000
79.0000 0.4000
80.0000 0.4000
81.0000 0.4000
82.0000 0.4000
83.0000 0.4000
84.0000 0.4000
85.0000 0.4000
86.0000 0.4000
87.0000 0.4000
88.0000 0.4000
89.0000 0.4000
90.0000 0.4000
91.0000 0.4000
92.0000 0.4000
93.0000 0.4000
94.0000 0.4000
95.0000 0.4000
96.0000 0.4000
97.0000 0.4000
98.0000 0.4000
99.0000 0.4000
100.0000 0.4000
101.0000 0.4000
102.0000 0.4000
103.0000 0.4000
104.0000 0.4000
105.0000 0.4000
106.0000 0.4000
107.0000 0.4000
108.0000 0.4000
109.0000 0.4000
110.0000 0.4000
111.0000 0.4000
112.0000 0.4000
113.0000 0.4000
114.0000 0.4000
115.0000 0.4000
116.0000 0.4000
117.0000 0.4000
118.0000 0.4000
119.0000 0.4000
120.0000 0.4000
121.0000 0.4000
122.0000 0.4000
123.0000 0.4000
124.0000 0.4000
125.0000 0.4000
126.0000 0.4000
127.0000 0.4000
128.0000 0.4000
129.0000 0.4000
130.0000 0.4000
131.0000 0.4000
132.0000 0.4000
133.0000 0.4000
134.0000 0.4000
135.0000 0.4000
136.0000 0.4000
137.0000 0.4000
138.0000 0.4000
139.0000 0.4000
140.0000 0.4000
141.0000 0.4000
142.0000 0.4000
143.0000 0.4000
144.0000 0.4000
145.0000 0.4000
146.0000 0.4000
147.0000 0.4000
148.0000 0.4000
149.0000 0.4000
150.0000 0.4000
151.0000 0.4000
152.0000 0.4000
153.0000 0.4000
154.0000 0.4000
155.0000 0.4000
156.0000 0.4000
157.0000 0.4000
158.0000 0.4000
159.0000 0.4000
160.0000 0.4000
161.0000 0.4000
162.0000 0.4000
163.0000 0.4000
164.0000 0.4000
165.0000 0.4000
166.0000 0.4000
167.0000 0.4000
168.0000 0.4000
169.0000 0.4000
170.0000 0.4000
171.0000 0.4000
172.0000 0.4000
173.0000 0.4000
174.0000 0.4000
175.0000 0.4000
176.0000 0.4000
177.0000 0.4000
178.0000 0.4000
179.0000 0.4000
180.0000 0.4000
181.0000 0.4000
182.0000 0.4000
183.0000 0.4000
184.0000 0.4000
185.0000 0.4000
186.0000 0.4000
187.0000 0.4000
188.0000 0.4000
189.0000 0.4000
190.0000 0.4000
191.0000 0.4000
192.0000 0.4000
193.0000 0.4000
194.0000 0.4000
195.0000 0.4000
196.0000 0.4000
197.0000 0.4000
198.0000 0.4000
199.0000 0.4000
200.0000 0.4000
