1.0000 0.0184
2.0000 0.0360
3.0000 0.0529
4.0000 0.0691
5.0000 0.0846
6.0000 0.0995
7.0000 0.1138
8.0000 0.1276
9.0000 0.1407
10.0000 0.1533
11.0000 0.1654
12.0000 0.1771
13.0000 0.1882
14.0000 0.1989
15.0000 0.2091
16.0000 0.2190
17.0000 0.2284
18.0000 0.2374
19.0000 0.2461
20.0000 0.2544
21.0000 0.2624
22.0000 0.2701
23.0000 0.2774
24.0000 0.2845
25.0000 0.2912
26.0000 0.2977
27.0000 0.3039
28.0000 0.3099
29.0000 0.3156
30.0000 0.3211
31.0000 0.3263
32.0000 0.3314
33.0000 0.3362
34.0000 0.3409
35.0000 0.3453
36.0000 0.3496
37.0000 0.3537
38.0000 0.3576
39.0000 0.3614
40.0000 0.3650
41.0000 0.3685
42.0000 0.3718
43.0000 0.3750
44.0000 0.3781
45.0000 0.3810
46.0000 0.3838
47.0000 0.3865
48.0000 0.3891
49.0000 0.3916
50.0000 0.3940
51.0000 0.3963
52.0000 0.3984
53.0000 0.4006
54.0000 0.4026
55.0000 0.4045
56.0000 0.4064
57.0000 0.4081
58.0000 0.4099
59.0000 0.4115
60.0000 0.4131
61.0000 0.4146
62.0000 0.4160
63.0000 0.4174
64.0000 0.4187
65.0000 0.4200
66.0000 0.4212
67.0000 0.4224
68.0000 0.4235
69.0000 0.4246
70.0000 0.4256
71.0000 0.4266
72.0000 0.4276
73.0000 0.4285
74.0000 0.4294
75.0000 0.4302
76.0000 0.4310
77.0000 0.4318
78.0000 0.4326
79.0000 0.4333
80.0000 0.4339
81.0000 0.4346
82.0000 0.4352
83.0000 0.4358
84.0000 0.4364
85.0000 0.4370
86.0000 0.4375
87.0000 0.4380
88.0000 0.4385
89.0000 0.4390
90.0000 0.4394
91.0000 0.4398
92.0000 0.4403
93.0000 0.4407
94.0000 0.4410
95.0000 0.4414
96.0000 0.4418
97.0000 0.4421
98.0000 0.4424
99.0000 0.4427
100.0000 0.4430
101.0000 0.4433
102.0000 0.4436
103.0000 0.4438
104.0000 0.4441
105.0000 0.4443
106.0000 0.4446
107.0000 0.4448
108.0000 0.4450
109.0000 0.4452
110.0000 0.4454
111.0000 0.4456
112.0000 0.4458
113.0000 0.4459
114.0000 0.4461
115.0000 0.4463
116.0000 0.4464
117.0000 0.4466
118.0000 0.4467
119.0000 0.4468
120.0000 0.4470
121.0000 0.4471
122.0000 0.4472
123.0000 0.4473
124.0000 0.4474
125.0000 0.4475
126.0000 0.4476
127.0000 0.4477
128.0000 0.4478
129.0000 0.4479
130.0000 0.4480
131.0000 0.4481
132.0000 0.4482
133.0000 0.4482
134.0000 0.4483
135.0000 0.4484
136.0000 0.4484
137.0000 0.4485
138.0000 0.4486
139.0000 0.4486
140.0000 0.4487
141.0000 0.4487
142.0000 0.4488
143.0000 0.4488
144.0000 0.4489
145.0000 0.4489
146.0000 0.4490
147.0000 0.4490
148.0000 0.4491
149.0000 0.4491
150.0000 0.4491
151.0000 0.4492
152.0000 0.4492
153.0000 0.4492
154.0000 0.4493
155.0000 0.4493
156.0000 0.4493
157.0000 0.4494
158.0000 0.4494
159.0000 0.4494
160.0000 0.4494
161.0000 0.4495
162.0000 0.4495
163.0000 0.4495
164.0000 0.4495
165.0000 0.4495
166.0000 0.4496
167.0000 0.4496
168.0000 0.4496
169.0000 0.4496
170.0000 0.4496
171.0000 0.4496
172.0000 0.4497
173.0000 0.4497
174.0000 0.4497
175.0000 0.4497
176.0000 0.4497
177.0000 0.4497
178.0000 0.4497
179.0000 0.4497
180.0000 0.4498
181.0000 0.4498
182.0000 0.4498
183.0000 0.4498
184.0000 0.4498
185.0000 0.4498
186.0000 0.4498
187.0000 0.4498
188.0000 0.4498
189.0000 0.4498
190.0000 0.4498
191.0000 0.4498
192.0000 0.4498
193.0000 0.4499
194.0000 0.4499
195.0000 0.4499
196.0000 0.4499
197.0000 0.4499
198.0000 0.4499
199.0000 0.4499
200.0000 0.4499
