1.0000 0.0000
2.0000 0.0000
3.0000 0.0000
4.0000 0.0000
5.0000 0.0000
6.0000 0.0000
7.0000 0.0000
8.0000 0.0000
9.0000 0.0000
10.0000 0.0000
11.0000 0.0000
12.0000 0.0000
13.0000 0.0000
14.0000 0.0000
15.0000 0.0000
16.0000 0.0000
17.0000 0.0000
18.0000 0.0000
19.0000 0.0000
20.0000 -0.0252
21.0000 -0.0605
22.0000 -0.0863
23.0000 -0.1027
24.0000 -0.1126
25.0000 -0.1184
26.0000 -0.1218
27.0000 -0.1237
28.0000 -0.1249
29.0000 -0.1255
30.0000 -0.1259
31.0000 -0.1261
32.0000 -0.1262
33.0000 -0.1263
34.0000 -0.1264
35.0000 -0.1264
36.0000 -0.1264
37.0000 -0.1264
38.0000 -0.1264
39.0000 -0.1264
40.0000 -0.1264
41.0000 -0.1264
42.0000 -0.1264
43.0000 -0.1264
44.0000 -0.1264
45.0000 -0.1264
46.0000 -0.1264
47.0000 -0.1264
48.0000 -0.1264
49.0000 -0.1264
50.0000 -0.1264
51.0000 -0.1264
52.0000 -0.1264
53.0000 -0.1264
54.0000 -0.1264
55.0000 -0.1264
56.0000 -0.1264
57.0000 -0.1264
58.0000 -0.1264
59.0000 -0.1264
60.0000 -0.1264
61.0000 -0.1264
62.0000 -0.1264
63.0000 -0.1264
64.0000 -0.1264
65.0000 -0.1264
66.0000 -0.1264
67.0000 -0.1264
68.0000 -0.1264
69.0000 -0.1264
70.0000 -0.1264
71.0000 -0.1264
72.0000 -0.1264
73.0000 -0.1264
74.0000 -0.1264
75.0000 -0.1264
76.0000 -0.1264
77.0000 -0.1264
78.0000 -0.1264
79.0000 -0.1264
80.0000 -0.1264
81.0000 -0.1264
82.0000 -0.1264
83.0000 -0.1264
84.0000 -0.1264
85.0000 -0.1264
86.0000 -0.1264
87.0000 -0.1264
88.0000 -0.1264
89.0000 -0.1264
90.0000 -0.1264
91.0000 -0.1264
92.0000 -0.1264
93.0000 -0.1264
94.0000 -0.1264
95.0000 -0.1264
96.0000 -0.1264
97.0000 -0.1264
98.0000 -0.1264
99.0000 -0.1264
100.0000 -0.1264
101.0000 -0.1264
102.0000 -0.1264
103.0000 -0.1264
104.0000 -0.1264
105.0000 -0.1264
106.0000 -0.1264
107.0000 -0.1264
108.0000 -0.1264
109.0000 -0.1264
110.0000 -0.1264
111.0000 -0.1264
112.0000 -0.1264
113.0000 -0.1264
114.0000 -0.1264
115.0000 -0.1264
116.0000 -0.1264
117.0000 -0.1264
118.0000 -0.1264
119.0000 -0.1264
120.0000 -0.1264
121.0000 -0.1264
122.0000 -0.1264
123.0000 -0.1264
124.0000 -0.1264
125.0000 -0.1264
126.0000 -0.1264
127.0000 -0.1264
128.0000 -0.1264
129.0000 -0.1264
130.0000 -0.1264
131.0000 -0.1264
132.0000 -0.1264
133.0000 -0.1264
134.0000 -0.1264
135.0000 -0.1264
136.0000 -0.1264
137.0000 -0.1264
138.0000 -0.1264
139.0000 -0.1264
140.0000 -0.1264
141.0000 -0.1264
142.0000 -0.1264
143.0000 -0.1264
144.0000 -0.1264
145.0000 -0.1264
146.0000 -0.1264
147.0000 -0.1264
148.0000 -0.1264
149.0000 -0.1264
150.0000 -0.1264
151.0000 -0.1264
152.0000 -0.1264
153.0000 -0.1264
154.0000 -0.1264
155.0000 -0.1264
156.0000 -0.1264
157.0000 -0.1264
158.0000 -0.1264
159.0000 -0.1264
160.0000 -0.1264
161.0000 -0.1264
162.0000 -0.1264
163.0000 -0.1264
164.0000 -0.1264
165.0000 -0.1264
166.0000 -0.1264
167.0000 -0.1264
168.0000 -0.1264
169.0000 -0.1264
170.0000 -0.1264
171.0000 -0.1264
172.0000 -0.1264
173.0000 -0.1264
174.0000 -0.1264
175.0000 -0.1264
176.0000 -0.1264
177.0000 -0.1264
178.0000 -0.1264
179.0000 -0.1264
180.0000 -0.1264
181.0000 -0.1264
182.0000 -0.1264
183.0000 -0.1264
184.0000 -0.1264
185.0000 -0.1264
186.0000 -0.1264
187.0000 -0.1264
188.0000 -0.1264
189.0000 -0.1264
190.0000 -0.1264
191.0000 -0.1264
192.0000 -0.1264
193.0000 -0.1264
194.0000 -0.1264
195.0000 -0.1264
196.0000 -0.1264
197.0000 -0.1264
198.0000 -0.1264
199.0000 -0.1264
200.0000 -0.1264
201.0000 -0.1264
202.0000 -0.1264
203.0000 -0.1264
204.0000 -0.1264
205.0000 -0.1264
206.0000 -0.1264
207.0000 -0.1264
208.0000 -0.1264
209.0000 -0.1264
210.0000 -0.1264
211.0000 -0.1264
212.0000 -0.1264
213.0000 -0.1264
214.0000 -0.1264
215.0000 -0.1264
216.0000 -0.1264
217.0000 -0.1264
218.0000 -0.1264
219.0000 -0.1264
220.0000 -0.1264
221.0000 -0.1264
222.0000 -0.1264
223.0000 -0.1264
224.0000 -0.1264
225.0000 -0.1264
226.0000 -0.1264
227.0000 -0.1264
228.0000 -0.1264
229.0000 -0.1264
230.0000 -0.1264
231.0000 -0.1264
232.0000 -0.1264
233.0000 -0.1264
234.0000 -0.1264
235.0000 -0.1264
236.0000 -0.1264
237.0000 -0.1264
238.0000 -0.1264
239.0000 -0.1264
240.0000 -0.1264
241.0000 -0.1264
242.0000 -0.1264
243.0000 -0.1264
244.0000 -0.1264
245.0000 -0.1264
246.0000 -0.1264
247.0000 -0.1264
248.0000 -0.1264
249.0000 -0.1264
250.0000 -0.1264
