1.0000 0.0000
2.0000 0.0000
3.0000 0.0000
4.0000 0.0000
5.0000 0.0000
6.0000 0.0000
7.0000 0.0000
8.0000 0.0000
9.0000 0.0000
10.0000 0.0000
11.0000 0.0000
12.0000 0.0000
13.0000 0.0000
14.0000 0.0000
15.0000 0.0000
16.0000 0.0000
17.0000 0.0000
18.0000 0.0000
19.0000 0.0000
20.0000 0.0180
21.0000 0.0584
22.0000 0.1054
23.0000 0.1500
24.0000 0.1878
25.0000 0.2172
26.0000 0.2384
27.0000 0.2527
28.0000 0.2615
29.0000 0.2663
30.0000 0.2684
31.0000 0.2688
32.0000 0.2683
33.0000 0.2673
34.0000 0.2662
35.0000 0.2652
36.0000 0.2644
37.0000 0.2637
38.0000 0.2633
39.0000 0.2630
40.0000 0.2628
41.0000 0.2627
42.0000 0.2627
43.0000 0.2627
44.0000 0.2627
45.0000 0.2627
46.0000 0.2627
47.0000 0.2627
48.0000 0.2628
49.0000 0.2628
50.0000 0.2628
51.0000 0.2628
52.0000 0.2628
53.0000 0.2628
54.0000 0.2628
55.0000 0.2628
56.0000 0.2628
57.0000 0.2628
58.0000 0.2628
59.0000 0.2628
60.0000 0.2628
61.0000 0.2628
62.0000 0.2628
63.0000 0.2628
64.0000 0.2628
65.0000 0.2628
66.0000 0.2628
67.0000 0.2628
68.0000 0.2628
69.0000 0.2628
70.0000 0.2628
71.0000 0.2628
72.0000 0.2628
73.0000 0.2628
74.0000 0.2628
75.0000 0.2628
76.0000 0.2628
77.0000 0.2628
78.0000 0.2628
79.0000 0.2628
80.0000 0.2628
81.0000 0.2628
82.0000 0.2628
83.0000 0.2628
84.0000 0.2628
85.0000 0.2628
86.0000 0.2628
87.0000 0.2628
88.0000 0.2628
89.0000 0.2628
90.0000 0.2628
91.0000 0.2628
92.0000 0.2628
93.0000 0.2628
94.0000 0.2628
95.0000 0.2628
96.0000 0.2628
97.0000 0.2628
98.0000 0.2628
99.0000 0.2628
100.0000 0.2628
101.0000 0.2628
102.0000 0.2628
103.0000 0.2628
104.0000 0.2628
105.0000 0.2628
106.0000 0.2628
107.0000 0.2628
108.0000 0.2628
109.0000 0.2628
110.0000 0.2628
111.0000 0.2628
112.0000 0.2628
113.0000 0.2628
114.0000 0.2628
115.0000 0.2628
116.0000 0.2628
117.0000 0.2628
118.0000 0.2628
119.0000 0.2628
120.0000 0.2628
121.0000 0.2628
122.0000 0.2628
123.0000 0.2628
124.0000 0.2628
125.0000 0.2628
126.0000 0.2628
127.0000 0.2628
128.0000 0.2628
129.0000 0.2628
130.0000 0.2628
131.0000 0.2628
132.0000 0.2628
133.0000 0.2628
134.0000 0.2628
135.0000 0.2628
136.0000 0.2628
137.0000 0.2628
138.0000 0.2628
139.0000 0.2628
140.0000 0.2628
141.0000 0.2628
142.0000 0.2628
143.0000 0.2628
144.0000 0.2628
145.0000 0.2628
146.0000 0.2628
147.0000 0.2628
148.0000 0.2628
149.0000 0.2628
150.0000 0.2628
151.0000 0.2628
152.0000 0.2628
153.0000 0.2628
154.0000 0.2628
155.0000 0.2628
156.0000 0.2628
157.0000 0.2628
158.0000 0.2628
159.0000 0.2628
160.0000 0.2628
161.0000 0.2628
162.0000 0.2628
163.0000 0.2628
164.0000 0.2628
165.0000 0.2628
166.0000 0.2628
167.0000 0.2628
168.0000 0.2628
169.0000 0.2628
170.0000 0.2628
171.0000 0.2628
172.0000 0.2628
173.0000 0.2628
174.0000 0.2628
175.0000 0.2628
176.0000 0.2628
177.0000 0.2628
178.0000 0.2628
179.0000 0.2628
180.0000 0.2628
181.0000 0.2628
182.0000 0.2628
183.0000 0.2628
184.0000 0.2628
185.0000 0.2628
186.0000 0.2628
187.0000 0.2628
188.0000 0.2628
189.0000 0.2628
190.0000 0.2628
191.0000 0.2628
192.0000 0.2628
193.0000 0.2628
194.0000 0.2628
195.0000 0.2628
196.0000 0.2628
197.0000 0.2628
198.0000 0.2628
199.0000 0.2628
200.0000 0.2628
201.0000 0.2628
202.0000 0.2628
203.0000 0.2628
204.0000 0.2628
205.0000 0.2628
206.0000 0.2628
207.0000 0.2628
208.0000 0.2628
209.0000 0.2628
210.0000 0.2628
211.0000 0.2628
212.0000 0.2628
213.0000 0.2628
214.0000 0.2628
215.0000 0.2628
216.0000 0.2628
217.0000 0.2628
218.0000 0.2628
219.0000 0.2628
220.0000 0.2628
221.0000 0.2628
222.0000 0.2628
223.0000 0.2628
224.0000 0.2628
225.0000 0.2628
226.0000 0.2628
227.0000 0.2628
228.0000 0.2628
229.0000 0.2628
230.0000 0.2628
231.0000 0.2628
232.0000 0.2628
233.0000 0.2628
234.0000 0.2628
235.0000 0.2628
236.0000 0.2628
237.0000 0.2628
238.0000 0.2628
239.0000 0.2628
240.0000 0.2628
241.0000 0.2628
242.0000 0.2628
243.0000 0.2628
244.0000 0.2628
245.0000 0.2628
246.0000 0.2628
247.0000 0.2628
248.0000 0.2628
249.0000 0.2628
250.0000 0.2628
