1.0000 0.0000
2.0000 0.0000
3.0000 0.0000
4.0000 0.0000
5.0000 0.0000
6.0000 0.0000
7.0000 0.0000
8.0000 0.0000
9.0000 0.0000
10.0000 0.0000
11.0000 0.0000
12.0000 0.0000
13.0000 0.0000
14.0000 0.0000
15.0000 0.0000
16.0000 0.0000
17.0000 0.0000
18.0000 0.0000
19.0000 0.0000
20.0000 -0.0125
21.0000 -0.0338
22.0000 -0.0520
23.0000 -0.0647
24.0000 -0.0728
25.0000 -0.0776
26.0000 -0.0803
27.0000 -0.0817
28.0000 -0.0824
29.0000 -0.0828
30.0000 -0.0830
31.0000 -0.0830
32.0000 -0.0831
33.0000 -0.0831
34.0000 -0.0831
35.0000 -0.0831
36.0000 -0.0831
37.0000 -0.0831
38.0000 -0.0831
39.0000 -0.0831
40.0000 -0.0831
41.0000 -0.0831
42.0000 -0.0831
43.0000 -0.0831
44.0000 -0.0831
45.0000 -0.0831
46.0000 -0.0831
47.0000 -0.0831
48.0000 -0.0831
49.0000 -0.0831
50.0000 -0.0831
51.0000 -0.0831
52.0000 -0.0831
53.0000 -0.0831
54.0000 -0.0831
55.0000 -0.0831
56.0000 -0.0831
57.0000 -0.0831
58.0000 -0.0831
59.0000 -0.0831
60.0000 -0.0831
61.0000 -0.0831
62.0000 -0.0831
63.0000 -0.0831
64.0000 -0.0831
65.0000 -0.0831
66.0000 -0.0831
67.0000 -0.0831
68.0000 -0.0831
69.0000 -0.0831
70.0000 -0.0831
71.0000 -0.0831
72.0000 -0.0831
73.0000 -0.0831
74.0000 -0.0831
75.0000 -0.0831
76.0000 -0.0831
77.0000 -0.0831
78.0000 -0.0831
79.0000 -0.0831
80.0000 -0.0831
81.0000 -0.0831
82.0000 -0.0831
83.0000 -0.0831
84.0000 -0.0831
85.0000 -0.0831
86.0000 -0.0831
87.0000 -0.0831
88.0000 -0.0831
89.0000 -0.0831
90.0000 -0.0831
91.0000 -0.0831
92.0000 -0.0831
93.0000 -0.0831
94.0000 -0.0831
95.0000 -0.0831
96.0000 -0.0831
97.0000 -0.0831
98.0000 -0.0831
99.0000 -0.0831
100.0000 -0.0831
101.0000 -0.0831
102.0000 -0.0831
103.0000 -0.0831
104.0000 -0.0831
105.0000 -0.0831
106.0000 -0.0831
107.0000 -0.0831
108.0000 -0.0831
109.0000 -0.0831
110.0000 -0.0831
111.0000 -0.0831
112.0000 -0.0831
113.0000 -0.0831
114.0000 -0.0831
115.0000 -0.0831
116.0000 -0.0831
117.0000 -0.0831
118.0000 -0.0831
119.0000 -0.0831
120.0000 -0.0831
121.0000 -0.0831
122.0000 -0.0831
123.0000 -0.0831
124.0000 -0.0831
125.0000 -0.0831
126.0000 -0.0831
127.0000 -0.0831
128.0000 -0.0831
129.0000 -0.0831
130.0000 -0.0831
131.0000 -0.0831
132.0000 -0.0831
133.0000 -0.0831
134.0000 -0.0831
135.0000 -0.0831
136.0000 -0.0831
137.0000 -0.0831
138.0000 -0.0831
139.0000 -0.0831
140.0000 -0.0831
141.0000 -0.0831
142.0000 -0.0831
143.0000 -0.0831
144.0000 -0.0831
145.0000 -0.0831
146.0000 -0.0831
147.0000 -0.0831
148.0000 -0.0831
149.0000 -0.0831
150.0000 -0.0831
151.0000 -0.0831
152.0000 -0.0831
153.0000 -0.0831
154.0000 -0.0831
155.0000 -0.0831
156.0000 -0.0831
157.0000 -0.0831
158.0000 -0.0831
159.0000 -0.0831
160.0000 -0.0831
161.0000 -0.0831
162.0000 -0.0831
163.0000 -0.0831
164.0000 -0.0831
165.0000 -0.0831
166.0000 -0.0831
167.0000 -0.0831
168.0000 -0.0831
169.0000 -0.0831
170.0000 -0.0831
171.0000 -0.0831
172.0000 -0.0831
173.0000 -0.0831
174.0000 -0.0831
175.0000 -0.0831
176.0000 -0.0831
177.0000 -0.0831
178.0000 -0.0831
179.0000 -0.0831
180.0000 -0.0831
181.0000 -0.0831
182.0000 -0.0831
183.0000 -0.0831
184.0000 -0.0831
185.0000 -0.0831
186.0000 -0.0831
187.0000 -0.0831
188.0000 -0.0831
189.0000 -0.0831
190.0000 -0.0831
191.0000 -0.0831
192.0000 -0.0831
193.0000 -0.0831
194.0000 -0.0831
195.0000 -0.0831
196.0000 -0.0831
197.0000 -0.0831
198.0000 -0.0831
199.0000 -0.0831
200.0000 -0.0831
201.0000 -0.0831
202.0000 -0.0831
203.0000 -0.0831
204.0000 -0.0831
205.0000 -0.0831
206.0000 -0.0831
207.0000 -0.0831
208.0000 -0.0831
209.0000 -0.0831
210.0000 -0.0831
211.0000 -0.0831
212.0000 -0.0831
213.0000 -0.0831
214.0000 -0.0831
215.0000 -0.0831
216.0000 -0.0831
217.0000 -0.0831
218.0000 -0.0831
219.0000 -0.0831
220.0000 -0.0831
221.0000 -0.0831
222.0000 -0.0831
223.0000 -0.0831
224.0000 -0.0831
225.0000 -0.0831
226.0000 -0.0831
227.0000 -0.0831
228.0000 -0.0831
229.0000 -0.0831
230.0000 -0.0831
231.0000 -0.0831
232.0000 -0.0831
233.0000 -0.0831
234.0000 -0.0831
235.0000 -0.0831
236.0000 -0.0831
237.0000 -0.0831
238.0000 -0.0831
239.0000 -0.0831
240.0000 -0.0831
241.0000 -0.0831
242.0000 -0.0831
243.0000 -0.0831
244.0000 -0.0831
245.0000 -0.0831
246.0000 -0.0831
247.0000 -0.0831
248.0000 -0.0831
249.0000 -0.0831
250.0000 -0.0831
