1.0000 0.0000
2.0000 0.0000
3.0000 0.0000
4.0000 0.0000
5.0000 0.0000
6.0000 0.0000
7.0000 0.0000
8.0000 0.0000
9.0000 0.0000
10.0000 0.0000
11.0000 0.0000
12.0000 0.0000
13.0000 0.0000
14.0000 0.0000
15.0000 0.0000
16.0000 0.0000
17.0000 0.0000
18.0000 0.0000
19.0000 0.0000
20.0000 0.0860
21.0000 0.3044
22.0000 0.6042
23.0000 0.9467
24.0000 1.3030
25.0000 1.6528
26.0000 1.9821
27.0000 2.2823
28.0000 2.5486
29.0000 2.7794
30.0000 2.9752
31.0000 3.1379
32.0000 3.2703
33.0000 3.3757
34.0000 3.4577
35.0000 3.5197
36.0000 3.5652
37.0000 3.5971
38.0000 3.6181
39.0000 3.6308
40.0000 3.6371
41.0000 3.6386
42.0000 3.6368
43.0000 3.6328
44.0000 3.6275
45.0000 3.6215
46.0000 3.6152
47.0000 3.6091
48.0000 3.6034
49.0000 3.5982
50.0000 3.5936
51.0000 3.5896
52.0000 3.5862
53.0000 3.5835
54.0000 3.5812
55.0000 3.5794
56.0000 3.5780
57.0000 3.5769
58.0000 3.5762
59.0000 3.5756
60.0000 3.5753
61.0000 3.5751
62.0000 3.5750
63.0000 3.5749
64.0000 3.5750
65.0000 3.5750
66.0000 3.5751
67.0000 3.5752
68.0000 3.5754
69.0000 3.5755
70.0000 3.5756
71.0000 3.5757
72.0000 3.5757
73.0000 3.5758
74.0000 3.5759
75.0000 3.5759
76.0000 3.5759
77.0000 3.5760
78.0000 3.5760
79.0000 3.5760
80.0000 3.5760
81.0000 3.5760
82.0000 3.5760
83.0000 3.5761
84.0000 3.5761
85.0000 3.5761
86.0000 3.5761
87.0000 3.5761
88.0000 3.5760
89.0000 3.5760
90.0000 3.5760
91.0000 3.5760
92.0000 3.5760
93.0000 3.5760
94.0000 3.5760
95.0000 3.5760
96.0000 3.5760
97.0000 3.5760
98.0000 3.5760
99.0000 3.5760
100.0000 3.5760
101.0000 3.5760
102.0000 3.5760
103.0000 3.5760
104.0000 3.5760
105.0000 3.5760
106.0000 3.5760
107.0000 3.5760
108.0000 3.5760
109.0000 3.5760
110.0000 3.5760
111.0000 3.5760
112.0000 3.5760
113.0000 3.5760
114.0000 3.5760
115.0000 3.5760
116.0000 3.5760
117.0000 3.5760
118.0000 3.5760
119.0000 3.5760
120.0000 3.5760
121.0000 3.5760
122.0000 3.5760
123.0000 3.5760
124.0000 3.5760
125.0000 3.5760
126.0000 3.5760
127.0000 3.5760
128.0000 3.5760
129.0000 3.5760
130.0000 3.5760
131.0000 3.5760
132.0000 3.5760
133.0000 3.5760
134.0000 3.5760
135.0000 3.5760
136.0000 3.5760
137.0000 3.5760
138.0000 3.5760
139.0000 3.5760
140.0000 3.5760
141.0000 3.5760
142.0000 3.5760
143.0000 3.5760
144.0000 3.5760
145.0000 3.5760
146.0000 3.5760
147.0000 3.5760
148.0000 3.5760
149.0000 3.5760
150.0000 3.5760
151.0000 3.5760
152.0000 3.5760
153.0000 3.5760
154.0000 3.5760
155.0000 3.5760
156.0000 3.5760
157.0000 3.5760
158.0000 3.5760
159.0000 3.5760
160.0000 3.5760
161.0000 3.5760
162.0000 3.5760
163.0000 3.5760
164.0000 3.5760
165.0000 3.5760
166.0000 3.5760
167.0000 3.5760
168.0000 3.5760
169.0000 3.5760
170.0000 3.5760
171.0000 3.5760
172.0000 3.5760
173.0000 3.5760
174.0000 3.5760
175.0000 3.5760
176.0000 3.5760
177.0000 3.5760
178.0000 3.5760
179.0000 3.5760
180.0000 3.5760
181.0000 3.5760
182.0000 3.5760
183.0000 3.5760
184.0000 3.5760
185.0000 3.5760
186.0000 3.5760
187.0000 3.5760
188.0000 3.5760
189.0000 3.5760
190.0000 3.5760
191.0000 3.5760
192.0000 3.5760
193.0000 3.5760
194.0000 3.5760
195.0000 3.5760
196.0000 3.5760
197.0000 3.5760
198.0000 3.5760
199.0000 3.5760
200.0000 3.5760
201.0000 3.5760
202.0000 3.5760
203.0000 3.5760
204.0000 3.5760
205.0000 3.5760
206.0000 3.5760
207.0000 3.5760
208.0000 3.5760
209.0000 3.5760
210.0000 3.5760
211.0000 3.5760
212.0000 3.5760
213.0000 3.5760
214.0000 3.5760
215.0000 3.5760
216.0000 3.5760
217.0000 3.5760
218.0000 3.5760
219.0000 3.5760
220.0000 3.5760
221.0000 3.5760
222.0000 3.5760
223.0000 3.5760
224.0000 3.5760
225.0000 3.5760
226.0000 3.5760
227.0000 3.5760
228.0000 3.5760
229.0000 3.5760
230.0000 3.5760
231.0000 3.5760
232.0000 3.5760
233.0000 3.5760
234.0000 3.5760
235.0000 3.5760
236.0000 3.5760
237.0000 3.5760
238.0000 3.5760
239.0000 3.5760
240.0000 3.5760
241.0000 3.5760
242.0000 3.5760
243.0000 3.5760
244.0000 3.5760
245.0000 3.5760
246.0000 3.5760
247.0000 3.5760
248.0000 3.5760
249.0000 3.5760
250.0000 3.5760
