1.0000 0.0000
2.0000 0.0000
3.0000 0.0000
4.0000 0.0000
5.0000 0.0000
6.0000 0.0000
7.0000 0.0000
8.0000 0.0000
9.0000 0.0000
10.0000 0.7450
11.0000 0.4540
12.0000 0.0525
13.0000 -0.1271
14.0000 -0.1030
15.0000 0.1086
16.0000 0.3911
17.0000 0.5123
18.0000 0.4087
19.0000 0.1999
20.0000 0.0610
21.0000 0.0928
22.0000 0.2603
23.0000 0.4324
24.0000 0.4939
25.0000 0.4249
26.0000 0.2991
27.0000 0.2245
28.0000 0.2585
29.0000 0.3701
30.0000 0.4759
31.0000 0.5096
32.0000 0.4657
33.0000 0.3935
34.0000 0.3575
35.0000 0.3871
36.0000 0.4598
37.0000 0.5248
38.0000 0.5442
39.0000 0.5183
40.0000 0.4794
41.0000 0.4645
42.0000 0.4884
43.0000 0.5358
44.0000 0.5762
45.0000 0.5884
46.0000 0.5745
47.0000 0.5550
48.0000 0.5512
49.0000 0.5701
50.0000 0.6014
51.0000 0.6269
52.0000 0.6352
53.0000 0.6289
54.0000 0.6206
55.0000 0.6222
56.0000 0.6368
57.0000 0.6578
58.0000 0.6746
59.0000 0.6809
60.0000 0.6792
61.0000 0.6769
62.0000 0.6807
63.0000 0.6919
64.0000 0.7064
65.0000 0.7178
66.0000 0.7231
67.0000 0.7238
68.0000 0.7245
69.0000 0.7289
70.0000 0.7377
71.0000 0.7479
72.0000 0.7562
73.0000 0.7606
74.0000 0.7625
75.0000 0.7645
76.0000 0.7689
77.0000 0.7756
78.0000 0.7832
79.0000 0.7893
80.0000 0.7930
81.0000 0.7953
82.0000 0.7979
83.0000 0.8020
84.0000 0.8073
85.0000 0.8128
86.0000 0.8173
87.0000 0.8206
88.0000 0.8231
89.0000 0.8257
90.0000 0.8292
91.0000 0.8333
92.0000 0.8374
93.0000 0.8410
94.0000 0.8437
95.0000 0.8461
96.0000 0.8486
97.0000 0.8515
98.0000 0.8547
99.0000 0.8578
100.0000 0.8606
101.0000 0.8630
102.0000 0.8651
103.0000 0.8673
104.0000 0.8696
105.0000 0.8722
106.0000 0.8746
107.0000 0.8769
108.0000 0.8788
109.0000 0.8806
110.0000 0.8825
111.0000 0.8844
112.0000 0.8864
113.0000 0.8883
114.0000 0.8901
115.0000 0.8918
116.0000 0.8933
117.0000 0.8948
118.0000 0.8964
119.0000 0.8980
120.0000 0.8995
121.0000 0.9010
122.0000 0.9023
123.0000 0.9036
124.0000 0.9048
125.0000 0.9061
126.0000 0.9073
127.0000 0.9086
128.0000 0.9097
129.0000 0.9108
130.0000 0.9119
131.0000 0.9129
132.0000 0.9139
133.0000 0.9149
134.0000 0.9159
135.0000 0.9168
136.0000 0.9177
137.0000 0.9185
138.0000 0.9194
139.0000 0.9202
140.0000 0.9210
141.0000 0.9218
142.0000 0.9225
143.0000 0.9232
144.0000 0.9239
145.0000 0.9246
146.0000 0.9252
147.0000 0.9259
148.0000 0.9265
149.0000 0.9271
150.0000 0.9277
151.0000 0.9282
152.0000 0.9287
153.0000 0.9293
154.0000 0.9298
155.0000 0.9303
156.0000 0.9308
157.0000 0.9312
158.0000 0.9317
159.0000 0.9321
160.0000 0.9325
161.0000 0.9329
162.0000 0.9333
163.0000 0.9337
164.0000 0.9341
165.0000 0.9344
166.0000 0.9348
167.0000 0.9351
168.0000 0.9354
169.0000 0.9357
170.0000 0.9360
171.0000 0.9363
172.0000 0.9366
173.0000 0.9369
174.0000 0.9372
175.0000 0.9374
176.0000 0.9377
177.0000 0.9379
178.0000 0.9382
179.0000 0.9384
180.0000 0.9386
181.0000 0.9388
182.0000 0.9390
183.0000 0.9392
184.0000 0.9394
185.0000 0.9396
186.0000 0.9398
187.0000 0.9400
188.0000 0.9401
189.0000 0.9403
190.0000 0.9405
191.0000 0.9406
192.0000 0.9408
193.0000 0.9409
194.0000 0.9410
195.0000 0.9412
196.0000 0.9413
197.0000 0.9414
198.0000 0.9416
199.0000 0.9417
200.0000 0.9418
201.0000 0.9419
202.0000 0.9420
203.0000 0.9421
204.0000 0.9422
205.0000 0.9423
206.0000 0.9424
207.0000 0.9425
208.0000 0.9426
209.0000 0.9427
210.0000 0.4957
211.0000 0.6704
212.0000 0.9114
213.0000 1.0000
214.0000 0.9856
215.0000 0.8831
216.0000 0.7318
217.0000 0.6616
218.0000 0.7142
219.0000 0.8230
220.0000 0.8977
221.0000 0.8900
222.0000 0.8139
223.0000 0.7296
224.0000 0.6962
225.0000 0.7278
226.0000 0.7889
227.0000 0.8283
228.0000 0.8185
229.0000 0.7712
230.0000 0.7230
231.0000 0.7060
232.0000 0.7254
233.0000 0.7596
234.0000 0.7793
235.0000 0.7704
236.0000 0.7413
237.0000 0.7134
238.0000 0.7046
239.0000 0.7162
240.0000 0.7349
241.0000 0.7442
242.0000 0.7371
243.0000 0.7190
244.0000 0.7027
245.0000 0.6978
246.0000 0.7045
247.0000 0.7144
248.0000 0.7183
249.0000 0.7128
250.0000 0.7014
251.0000 0.6917
252.0000 0.6888
253.0000 0.6924
254.0000 0.6973
255.0000 0.6986
256.0000 0.6943
257.0000 0.6871
258.0000 0.6811
259.0000 0.6792
260.0000 0.6809
261.0000 0.6831
262.0000 0.6831
263.0000 0.6800
264.0000 0.6752
265.0000 0.6713
266.0000 0.6699
267.0000 0.6705
268.0000 0.6713
269.0000 0.6707
270.0000 0.6683
271.0000 0.6651
272.0000 0.6624
273.0000 0.6613
274.0000 0.6613
275.0000 0.6614
276.0000 0.6605
277.0000 0.6587
278.0000 0.6563
279.0000 0.6545
280.0000 0.6536
281.0000 0.6533
282.0000 0.6530
283.0000 0.6520
284.0000 0.6506
285.0000 0.6489
286.0000 0.6476
287.0000 0.6467
288.0000 0.6462
289.0000 0.6457
290.0000 0.6449
291.0000 0.6437
292.0000 0.6425
293.0000 0.6415
294.0000 0.6407
295.0000 0.6401
296.0000 0.6395
297.0000 0.6388
298.0000 0.6379
299.0000 0.6369
300.0000 0.6361
301.0000 0.6354
302.0000 0.6349
303.0000 0.6343
304.0000 0.6336
305.0000 0.6329
306.0000 0.6321
307.0000 0.6314
308.0000 0.6308
309.0000 0.6303
310.0000 0.6297
311.0000 0.6292
312.0000 0.6285
313.0000 0.6279
314.0000 0.6273
315.0000 0.6268
316.0000 0.6263
317.0000 0.6258
318.0000 0.6253
319.0000 0.6248
320.0000 0.6243
321.0000 0.6238
322.0000 0.6233
323.0000 0.6229
324.0000 0.6224
325.0000 0.6220
326.0000 0.6215
327.0000 0.6211
328.0000 0.6207
329.0000 0.6203
330.0000 0.6199
331.0000 0.6195
332.0000 0.6191
333.0000 0.6187
334.0000 0.6183
335.0000 0.6180
336.0000 0.6176
337.0000 0.6173
338.0000 0.6169
339.0000 0.6166
340.0000 0.6163
341.0000 0.6159
342.0000 0.6156
343.0000 0.6153
344.0000 0.6150
345.0000 0.6147
346.0000 0.6144
347.0000 0.6141
348.0000 0.6138
349.0000 0.6136
350.0000 0.6133
351.0000 0.6130
352.0000 0.6128
353.0000 0.6125
354.0000 0.6123
355.0000 0.6120
356.0000 0.6118
357.0000 0.6116
358.0000 0.6113
359.0000 0.6111
360.0000 0.6109
361.0000 0.6107
362.0000 0.6104
363.0000 0.6102
364.0000 0.6100
365.0000 0.6098
366.0000 0.6096
367.0000 0.6094
368.0000 0.6093
369.0000 0.6091
370.0000 0.6089
371.0000 0.6087
372.0000 0.6085
373.0000 0.6084
374.0000 0.6082
375.0000 0.6080
376.0000 0.6079
377.0000 0.6077
378.0000 0.6075
379.0000 0.6074
380.0000 0.6072
381.0000 0.6071
382.0000 0.6070
383.0000 0.6068
384.0000 0.6067
385.0000 0.6065
386.0000 0.6064
387.0000 0.6063
388.0000 0.6061
389.0000 0.6060
390.0000 0.6059
391.0000 0.6058
392.0000 0.6057
393.0000 0.6055
394.0000 0.6054
395.0000 0.6053
396.0000 0.6052
397.0000 0.6051
398.0000 0.6050
399.0000 0.6049
400.0000 0.6048
401.0000 0.6047
402.0000 0.6046
403.0000 0.6045
404.0000 0.6044
405.0000 0.6043
406.0000 0.6042
407.0000 0.6041
408.0000 0.6040
409.0000 0.6040
410.0000 0.9019
411.0000 0.7854
412.0000 0.6247
413.0000 0.5528
414.0000 0.5624
415.0000 0.6407
416.0000 0.7468
417.0000 0.7916
418.0000 0.7531
419.0000 0.6778
420.0000 0.6272
421.0000 0.6356
422.0000 0.6920
423.0000 0.7515
424.0000 0.7730
425.0000 0.7494
426.0000 0.7065
427.0000 0.6801
428.0000 0.6893
429.0000 0.7245
430.0000 0.7587
431.0000 0.7697
432.0000 0.7551
433.0000 0.7310
434.0000 0.7182
435.0000 0.7261
436.0000 0.7480
437.0000 0.7679
438.0000 0.7736
439.0000 0.7649
440.0000 0.7518
441.0000 0.7460
442.0000 0.7522
443.0000 0.7659
444.0000 0.7776
445.0000 0.7808
446.0000 0.7758
447.0000 0.7689
448.0000 0.7668
449.0000 0.7715
450.0000 0.7802
451.0000 0.7872
452.0000 0.7890
453.0000 0.7864
454.0000 0.7830
455.0000 0.7826
456.0000 0.7861
457.0000 0.7916
458.0000 0.7960
459.0000 0.7972
460.0000 0.7960
461.0000 0.7945
462.0000 0.7949
463.0000 0.7974
464.0000 0.8011
465.0000 0.8038
466.0000 0.8048
467.0000 0.8044
468.0000 0.8039
469.0000 0.8045
470.0000 0.8065
471.0000 0.8089
472.0000 0.8107
473.0000 0.8115
474.0000 0.8115
475.0000 0.8115
476.0000 0.8122
477.0000 0.8136
478.0000 0.8153
479.0000 0.8166
480.0000 0.8172
481.0000 0.8174
482.0000 0.8177
483.0000 0.8184
484.0000 0.8195
485.0000 0.8207
486.0000 0.8216
487.0000 0.8221
488.0000 0.8225
489.0000 0.8228
490.0000 0.8234
491.0000 0.8242
492.0000 0.8251
493.0000 0.8258
494.0000 0.8262
495.0000 0.8266
496.0000 0.8270
497.0000 0.8275
498.0000 0.8281
499.0000 0.8287
500.0000 0.8293
501.0000 0.8297
502.0000 0.8300
503.0000 0.8304
504.0000 0.8308
505.0000 0.8313
506.0000 0.8318
507.0000 0.8322
508.0000 0.8325
509.0000 0.8329
510.0000 0.8332
511.0000 0.8335
512.0000 0.8339
513.0000 0.8343
514.0000 0.8346
515.0000 0.8349
516.0000 0.8352
517.0000 0.8355
518.0000 0.8357
519.0000 0.8360
520.0000 0.8363
521.0000 0.8366
522.0000 0.8369
523.0000 0.8371
524.0000 0.8373
525.0000 0.8376
526.0000 0.8378
527.0000 0.8380
528.0000 0.8383
529.0000 0.8385
530.0000 0.8387
531.0000 0.8389
532.0000 0.8391
533.0000 0.8392
534.0000 0.8394
535.0000 0.8396
536.0000 0.8398
537.0000 0.8399
538.0000 0.8401
539.0000 0.8403
540.0000 0.8404
541.0000 0.8406
542.0000 0.8407
543.0000 0.8409
544.0000 0.8410
545.0000 0.8411
546.0000 0.8413
547.0000 0.8414
548.0000 0.8415
549.0000 0.8416
550.0000 0.8418
551.0000 0.8419
552.0000 0.8420
553.0000 0.8421
554.0000 0.8422
555.0000 0.8423
556.0000 0.8424
557.0000 0.8425
558.0000 0.8426
559.0000 0.8427
560.0000 0.8428
561.0000 0.8428
562.0000 0.8429
563.0000 0.8430
564.0000 0.8431
565.0000 0.8432
566.0000 0.8432
567.0000 0.8433
568.0000 0.8434
569.0000 0.8435
570.0000 0.8435
571.0000 0.8436
572.0000 0.8436
573.0000 0.8437
574.0000 0.8438
575.0000 0.8438
576.0000 0.8439
577.0000 0.8439
578.0000 0.8440
579.0000 0.8440
580.0000 0.8441
581.0000 0.8441
582.0000 0.8442
583.0000 0.8442
584.0000 0.8443
585.0000 0.8443
586.0000 0.8444
587.0000 0.8444
588.0000 0.8444
589.0000 0.8445
590.0000 0.8445
591.0000 0.8445
592.0000 0.8446
593.0000 0.8446
594.0000 0.8447
595.0000 0.8447
596.0000 0.8447
597.0000 0.8447
598.0000 0.8448
599.0000 0.8448
600.0000 0.8448
601.0000 0.8449
602.0000 0.8449
603.0000 0.8449
604.0000 0.8449
605.0000 0.8450
606.0000 0.8450
607.0000 0.8450
608.0000 0.8450
609.0000 0.8451
610.0000 0.2267
611.0000 0.4682
612.0000 0.8015
613.0000 0.9506
614.0000 0.9306
615.0000 0.8031
616.0000 0.5965
617.0000 0.4918
618.0000 0.5552
619.0000 0.6993
620.0000 0.8012
621.0000 0.7937
622.0000 0.6924
623.0000 0.5755
624.0000 0.5249
625.0000 0.5630
626.0000 0.6441
627.0000 0.6983
628.0000 0.6867
629.0000 0.6231
630.0000 0.5554
631.0000 0.5282
632.0000 0.5511
633.0000 0.5961
634.0000 0.6233
635.0000 0.6121
636.0000 0.5722
637.0000 0.5321
638.0000 0.5168
639.0000 0.5299
640.0000 0.5540
641.0000 0.5667
642.0000 0.5571
643.0000 0.5317
644.0000 0.5073
645.0000 0.4980
646.0000 0.5049
647.0000 0.5173
648.0000 0.5223
649.0000 0.5143
650.0000 0.4976
651.0000 0.4824
652.0000 0.4763
653.0000 0.4793
654.0000 0.4849
655.0000 0.4860
656.0000 0.4795
657.0000 0.4683
658.0000 0.4583
659.0000 0.4538
660.0000 0.4544
661.0000 0.4564
662.0000 0.4555
663.0000 0.4502
664.0000 0.4423
665.0000 0.4353
666.0000 0.4316
667.0000 0.4310
668.0000 0.4310
669.0000 0.4292
670.0000 0.4247
671.0000 0.4189
672.0000 0.4137
673.0000 0.4106
674.0000 0.4091
675.0000 0.4082
676.0000 0.4059
677.0000 0.4022
678.0000 0.3975
679.0000 0.3935
680.0000 0.3907
681.0000 0.3890
682.0000 0.3874
683.0000 0.3849
684.0000 0.3817
685.0000 0.3780
686.0000 0.3747
687.0000 0.3722
688.0000 0.3702
689.0000 0.3683
690.0000 0.3659
691.0000 0.3631
692.0000 0.3600
693.0000 0.3572
694.0000 0.3548
695.0000 0.3528
696.0000 0.3508
697.0000 0.3485
698.0000 0.3460
699.0000 0.3433
700.0000 0.3409
701.0000 0.3386
702.0000 0.3366
703.0000 0.3346
704.0000 0.3324
705.0000 0.3301
706.0000 0.3278
707.0000 0.3255
708.0000 0.3234
709.0000 0.3215
710.0000 0.3195
711.0000 0.3175
712.0000 0.3154
713.0000 0.3132
714.0000 0.3112
715.0000 0.3092
716.0000 0.3073
717.0000 0.3054
718.0000 0.3035
719.0000 0.3016
720.0000 0.2996
721.0000 0.2977
722.0000 0.2958
723.0000 0.2940
724.0000 0.2923
725.0000 0.2904
726.0000 0.2886
727.0000 0.2868
728.0000 0.2850
729.0000 0.2833
730.0000 0.2815
731.0000 0.2798
732.0000 0.2781
733.0000 0.2764
734.0000 0.2747
735.0000 0.2730
736.0000 0.2714
737.0000 0.2698
738.0000 0.2681
739.0000 0.2665
740.0000 0.2649
741.0000 0.2633
742.0000 0.2617
743.0000 0.2601
744.0000 0.2586
745.0000 0.2570
746.0000 0.2555
747.0000 0.2540
748.0000 0.2525
749.0000 0.2510
750.0000 0.2495
751.0000 0.2480
752.0000 0.2465
753.0000 0.2451
754.0000 0.2436
755.0000 0.2422
756.0000 0.2407
757.0000 0.2393
758.0000 0.2379
759.0000 0.2365
760.0000 0.2351
761.0000 0.2338
762.0000 0.2324
763.0000 0.2310
764.0000 0.2297
765.0000 0.2283
766.0000 0.2270
767.0000 0.2257
768.0000 0.2244
769.0000 0.2231
770.0000 0.2218
771.0000 0.2205
772.0000 0.2192
773.0000 0.2179
774.0000 0.2166
775.0000 0.2154
776.0000 0.2141
777.0000 0.2129
778.0000 0.2117
779.0000 0.2104
780.0000 0.2092
781.0000 0.2080
782.0000 0.2068
783.0000 0.2056
784.0000 0.2044
785.0000 0.2032
786.0000 0.2020
787.0000 0.2009
788.0000 0.1997
789.0000 0.1985
790.0000 0.1974
791.0000 0.1963
792.0000 0.1951
793.0000 0.1940
794.0000 0.1929
795.0000 0.1918
796.0000 0.1906
797.0000 0.1895
798.0000 0.1884
799.0000 0.1873
800.0000 0.1863
801.0000 0.1852
802.0000 0.1841
803.0000 0.1830
804.0000 0.1820
805.0000 0.1809
806.0000 0.1799
807.0000 0.1788
808.0000 0.1778
809.0000 0.1767
810.0000 0.1906
811.0000 0.1838
812.0000 0.1747
813.0000 0.1701
814.0000 0.1696
815.0000 0.1727
816.0000 0.1773
817.0000 0.1787
818.0000 0.1757
819.0000 0.1707
820.0000 0.1670
821.0000 0.1665
822.0000 0.1688
823.0000 0.1713
824.0000 0.1716
825.0000 0.1693
826.0000 0.1658
827.0000 0.1634
828.0000 0.1631
829.0000 0.1644
830.0000 0.1656
831.0000 0.1654
832.0000 0.1636
833.0000 0.1612
834.0000 0.1596
835.0000 0.1593
836.0000 0.1599
837.0000 0.1604
838.0000 0.1599
839.0000 0.1585
840.0000 0.1567
841.0000 0.1555
842.0000 0.1552
843.0000 0.1554
844.0000 0.1555
845.0000 0.1549
846.0000 0.1537
847.0000 0.1524
848.0000 0.1515
849.0000 0.1511
850.0000 0.1510
851.0000 0.1508
852.0000 0.1502
853.0000 0.1492
854.0000 0.1482
855.0000 0.1474
856.0000 0.1470
857.0000 0.1467
858.0000 0.1464
859.0000 0.1457
860.0000 0.1449
861.0000 0.1440
862.0000 0.1434
863.0000 0.1429
864.0000 0.1426
865.0000 0.1421
866.0000 0.1415
867.0000 0.1407
868.0000 0.1400
869.0000 0.1394
870.0000 0.1389
871.0000 0.1385
872.0000 0.1380
873.0000 0.1374
874.0000 0.1368
875.0000 0.1361
876.0000 0.1355
877.0000 0.1351
878.0000 0.1346
879.0000 0.1341
880.0000 0.1335
881.0000 0.1329
882.0000 0.1323
883.0000 0.1318
884.0000 0.1313
885.0000 0.1308
886.0000 0.1303
887.0000 0.1297
888.0000 0.1292
889.0000 0.1286
890.0000 0.1281
891.0000 0.1276
892.0000 0.1271
893.0000 0.1266
894.0000 0.1261
895.0000 0.1255
896.0000 0.1250
897.0000 0.1245
898.0000 0.1240
899.0000 0.1235
900.0000 0.1230
901.0000 0.1225
902.0000 0.1220
903.0000 0.1215
904.0000 0.1210
905.0000 0.1205
906.0000 0.1200
907.0000 0.1195
908.0000 0.1190
909.0000 0.1186
910.0000 0.1181
911.0000 0.1176
912.0000 0.1171
913.0000 0.1166
914.0000 0.1162
915.0000 0.1157
916.0000 0.1152
917.0000 0.1147
918.0000 0.1143
919.0000 0.1138
920.0000 0.1134
921.0000 0.1129
922.0000 0.1124
923.0000 0.1120
924.0000 0.1115
925.0000 0.1110
926.0000 0.1106
927.0000 0.1101
928.0000 0.1097
929.0000 0.1092
930.0000 0.1088
931.0000 0.1084
932.0000 0.1079
933.0000 0.1075
934.0000 0.1070
935.0000 0.1066
936.0000 0.1062
937.0000 0.1057
938.0000 0.1053
939.0000 0.1048
940.0000 0.1044
941.0000 0.1040
942.0000 0.1036
943.0000 0.1031
944.0000 0.1027
945.0000 0.1023
946.0000 0.1019
947.0000 0.1014
948.0000 0.1010
949.0000 0.1006
950.0000 0.1002
951.0000 0.0998
952.0000 0.0994
953.0000 0.0990
954.0000 0.0985
955.0000 0.0981
956.0000 0.0977
957.0000 0.0973
958.0000 0.0969
959.0000 0.0965
960.0000 0.0961
961.0000 0.0957
962.0000 0.0953
963.0000 0.0949
964.0000 0.0945
965.0000 0.0941
966.0000 0.0937
967.0000 0.0933
968.0000 0.0930
969.0000 0.0926
970.0000 0.0922
971.0000 0.0918
972.0000 0.0914
973.0000 0.0910
974.0000 0.0906
975.0000 0.0903
976.0000 0.0899
977.0000 0.0895
978.0000 0.0891
979.0000 0.0887
980.0000 0.0884
981.0000 0.0880
982.0000 0.0876
983.0000 0.0873
984.0000 0.0869
985.0000 0.0865
986.0000 0.0862
987.0000 0.0858
988.0000 0.0854
989.0000 0.0851
990.0000 0.0847
991.0000 0.0843
992.0000 0.0840
993.0000 0.0836
994.0000 0.0833
995.0000 0.0829
996.0000 0.0825
997.0000 0.0822
998.0000 0.0818
999.0000 0.0815
1000.0000 0.0811
1001.0000 0.0808
1002.0000 0.0804
1003.0000 0.0801
1004.0000 0.0797
1005.0000 0.0794
1006.0000 0.0791
1007.0000 0.0787
1008.0000 0.0784
1009.0000 0.0780
1010.0000 0.0702
1011.0000 0.0728
1012.0000 0.0765
1013.0000 0.0779
1014.0000 0.0774
1015.0000 0.0749
1016.0000 0.0717
1017.0000 0.0702
1018.0000 0.0710
1019.0000 0.0727
1020.0000 0.0738
1021.0000 0.0731
1022.0000 0.0710
1023.0000 0.0689
1024.0000 0.0680
1025.0000 0.0685
1026.0000 0.0695
1027.0000 0.0699
1028.0000 0.0692
1029.0000 0.0676
1030.0000 0.0661
1031.0000 0.0655
1032.0000 0.0657
1033.0000 0.0662
1034.0000 0.0663
1035.0000 0.0656
1036.0000 0.0644
1037.0000 0.0633
1038.0000 0.0628
1039.0000 0.0629
1040.0000 0.0631
1041.0000 0.0629
1042.0000 0.0622
1043.0000 0.0613
1044.0000 0.0605
1045.0000 0.0601
1046.0000 0.0600
1047.0000 0.0600
1048.0000 0.0597
1049.0000 0.0590
1050.0000 0.0583
1051.0000 0.0577
1052.0000 0.0573
1053.0000 0.0571
1054.0000 0.0569
1055.0000 0.0566
1056.0000 0.0560
1057.0000 0.0554
1058.0000 0.0548
1059.0000 0.0545
1060.0000 0.0542
1061.0000 0.0540
1062.0000 0.0536
1063.0000 0.0531
1064.0000 0.0525
1065.0000 0.0520
1066.0000 0.0517
1067.0000 0.0514
1068.0000 0.0511
1069.0000 0.0507
1070.0000 0.0502
1071.0000 0.0497
1072.0000 0.0493
1073.0000 0.0489
1074.0000 0.0486
1075.0000 0.0483
1076.0000 0.0479
1077.0000 0.0474
1078.0000 0.0470
1079.0000 0.0466
1080.0000 0.0462
1081.0000 0.0459
1082.0000 0.0455
1083.0000 0.0451
1084.0000 0.0447
1085.0000 0.0443
1086.0000 0.0439
1087.0000 0.0435
1088.0000 0.0432
1089.0000 0.0428
1090.0000 0.0424
1091.0000 0.0420
1092.0000 0.0416
1093.0000 0.0412
1094.0000 0.0409
1095.0000 0.0405
1096.0000 0.0402
1097.0000 0.0398
1098.0000 0.0394
1099.0000 0.0390
1100.0000 0.0386
1101.0000 0.0383
1102.0000 0.0379
1103.0000 0.0376
1104.0000 0.0372
1105.0000 0.0368
1106.0000 0.0364
1107.0000 0.0361
1108.0000 0.0357
1109.0000 0.0354
1110.0000 0.0350
1111.0000 0.0346
1112.0000 0.0343
1113.0000 0.0339
1114.0000 0.0336
1115.0000 0.0332
1116.0000 0.0328
1117.0000 0.0325
1118.0000 0.0321
1119.0000 0.0318
1120.0000 0.0314
1121.0000 0.0311
1122.0000 0.0307
1123.0000 0.0304
1124.0000 0.0300
1125.0000 0.0297
1126.0000 0.0293
1127.0000 0.0290
1128.0000 0.0286
1129.0000 0.0283
1130.0000 0.0280
1131.0000 0.0276
1132.0000 0.0273
1133.0000 0.0269
1134.0000 0.0266
1135.0000 0.0262
1136.0000 0.0259
1137.0000 0.0256
1138.0000 0.0252
1139.0000 0.0249
1140.0000 0.0246
1141.0000 0.0242
1142.0000 0.0239
1143.0000 0.0236
1144.0000 0.0232
1145.0000 0.0229
1146.0000 0.0226
1147.0000 0.0222
1148.0000 0.0219
1149.0000 0.0216
1150.0000 0.0212
1151.0000 0.0209
1152.0000 0.0206
1153.0000 0.0203
1154.0000 0.0199
1155.0000 0.0196
1156.0000 0.0193
1157.0000 0.0190
1158.0000 0.0186
1159.0000 0.0183
1160.0000 0.0180
1161.0000 0.0177
1162.0000 0.0174
1163.0000 0.0170
1164.0000 0.0167
1165.0000 0.0164
1166.0000 0.0161
1167.0000 0.0158
1168.0000 0.0155
1169.0000 0.0151
1170.0000 0.0148
1171.0000 0.0145
1172.0000 0.0142
1173.0000 0.0139
1174.0000 0.0136
1175.0000 0.0133
1176.0000 0.0130
1177.0000 0.0126
1178.0000 0.0123
1179.0000 0.0120
1180.0000 0.0117
1181.0000 0.0114
1182.0000 0.0111
1183.0000 0.0108
1184.0000 0.0105
1185.0000 0.0102
1186.0000 0.0099
1187.0000 0.0096
1188.0000 0.0093
1189.0000 0.0090
1190.0000 0.0087
1191.0000 0.0084
1192.0000 0.0081
1193.0000 0.0078
1194.0000 0.0075
1195.0000 0.0072
1196.0000 0.0069
1197.0000 0.0066
1198.0000 0.0063
1199.0000 0.0060
1200.0000 0.0057
1201.0000 0.0054
1202.0000 0.0051
1203.0000 0.0048
1204.0000 0.0045
1205.0000 0.0043
1206.0000 0.0040
1207.0000 0.0037
1208.0000 0.0034
1209.0000 0.0031
1210.0000 0.1667
1211.0000 0.1024
1212.0000 0.0138
1213.0000 -0.0260
1214.0000 -0.0210
1215.0000 0.0257
1216.0000 0.0889
1217.0000 0.1150
1218.0000 0.0901
1219.0000 0.0428
1220.0000 0.0121
1221.0000 0.0201
1222.0000 0.0587
1223.0000 0.0979
1224.0000 0.1107
1225.0000 0.0927
1226.0000 0.0626
1227.0000 0.0460
1228.0000 0.0554
1229.0000 0.0828
1230.0000 0.1078
1231.0000 0.1143
1232.0000 0.1016
1233.0000 0.0831
1234.0000 0.0750
1235.0000 0.0840
1236.0000 0.1032
1237.0000 0.1192
1238.0000 0.1226
1239.0000 0.1141
1240.0000 0.1033
1241.0000 0.1002
1242.0000 0.1079
1243.0000 0.1214
1244.0000 0.1319
1245.0000 0.1339
1246.0000 0.1287
1247.0000 0.1228
1248.0000 0.1224
1249.0000 0.1289
1250.0000 0.1384
1251.0000 0.1455
1252.0000 0.1469
1253.0000 0.1441
1254.0000 0.1414
1255.0000 0.1424
1256.0000 0.1477
1257.0000 0.1546
1258.0000 0.1596
1259.0000 0.1609
1260.0000 0.1598
1261.0000 0.1590
1262.0000 0.1607
1263.0000 0.1651
1264.0000 0.1702
1265.0000 0.1739
1266.0000 0.1753
1267.0000 0.1753
1268.0000 0.1756
1269.0000 0.1777
1270.0000 0.1813
1271.0000 0.1853
1272.0000 0.1882
1273.0000 0.1897
1274.0000 0.1904
1275.0000 0.1914
1276.0000 0.1935
1277.0000 0.1966
1278.0000 0.1998
1279.0000 0.2023
1280.0000 0.2039
1281.0000 0.2050
1282.0000 0.2064
1283.0000 0.2085
1284.0000 0.2112
1285.0000 0.2138
1286.0000 0.2160
1287.0000 0.2177
1288.0000 0.2191
1289.0000 0.2206
1290.0000 0.2227
1291.0000 0.2250
1292.0000 0.2273
1293.0000 0.2293
1294.0000 0.2310
1295.0000 0.2325
1296.0000 0.2341
1297.0000 0.2361
1298.0000 0.2382
1299.0000 0.2402
1300.0000 0.2421
1301.0000 0.2437
1302.0000 0.2453
1303.0000 0.2470
1304.0000 0.2488
1305.0000 0.2507
1306.0000 0.2525
1307.0000 0.2543
1308.0000 0.2559
1309.0000 0.2575
1310.0000 0.2591
1311.0000 0.2608
1312.0000 0.2626
1313.0000 0.2643
1314.0000 0.2659
1315.0000 0.2675
1316.0000 0.2690
1317.0000 0.2706
1318.0000 0.2722
1319.0000 0.2738
1320.0000 0.2754
1321.0000 0.2769
1322.0000 0.2784
1323.0000 0.2799
1324.0000 0.2814
1325.0000 0.2829
1326.0000 0.2844
1327.0000 0.2859
1328.0000 0.2874
1329.0000 0.2888
1330.0000 0.2902
1331.0000 0.2916
1332.0000 0.2930
1333.0000 0.2945
1334.0000 0.2959
1335.0000 0.2972
1336.0000 0.2986
1337.0000 0.2999
1338.0000 0.3012
1339.0000 0.3026
1340.0000 0.3039
1341.0000 0.3052
1342.0000 0.3065
1343.0000 0.3078
1344.0000 0.3090
1345.0000 0.3103
1346.0000 0.3115
1347.0000 0.3128
1348.0000 0.3140
1349.0000 0.3152
1350.0000 0.3164
1351.0000 0.3176
1352.0000 0.3188
1353.0000 0.3199
1354.0000 0.3211
1355.0000 0.3222
1356.0000 0.3234
1357.0000 0.3245
1358.0000 0.3256
1359.0000 0.3267
1360.0000 0.3278
1361.0000 0.3289
1362.0000 0.3299
1363.0000 0.3310
1364.0000 0.3320
1365.0000 0.3331
1366.0000 0.3341
1367.0000 0.3351
1368.0000 0.3361
1369.0000 0.3371
1370.0000 0.3381
1371.0000 0.3391
1372.0000 0.3400
1373.0000 0.3410
1374.0000 0.3420
1375.0000 0.3429
1376.0000 0.3438
1377.0000 0.3447
1378.0000 0.3456
1379.0000 0.3465
1380.0000 0.3474
1381.0000 0.3483
1382.0000 0.3492
1383.0000 0.3501
1384.0000 0.3509
1385.0000 0.3518
1386.0000 0.3526
1387.0000 0.3534
1388.0000 0.3542
1389.0000 0.3551
1390.0000 0.3559
1391.0000 0.3566
1392.0000 0.3574
1393.0000 0.3582
1394.0000 0.3590
1395.0000 0.3597
1396.0000 0.3605
1397.0000 0.3612
1398.0000 0.3620
1399.0000 0.3627
1400.0000 0.3634
1401.0000 0.3641
1402.0000 0.3648
1403.0000 0.3655
1404.0000 0.3662
1405.0000 0.3669
1406.0000 0.3676
1407.0000 0.3682
1408.0000 0.3689
1409.0000 0.3696
1410.0000 0.3702
