1.0000 0.0000
2.0000 0.0000
3.0000 0.0000
4.0000 0.0000
5.0000 0.0000
6.0000 0.0000
7.0000 0.0000
8.0000 0.0000
9.0000 0.0000
10.0000 0.0000
11.0000 0.0000
12.0000 0.0000
13.0000 0.0000
14.0000 0.0000
15.0000 0.0796
16.0000 0.2357
17.0000 0.2961
18.0000 0.2403
19.0000 0.1547
20.0000 0.0927
21.0000 0.0950
22.0000 0.1779
23.0000 0.2999
24.0000 0.3752
25.0000 0.3628
26.0000 0.3115
27.0000 0.2801
28.0000 0.3049
29.0000 0.3887
30.0000 0.4959
31.0000 0.5705
32.0000 0.5863
33.0000 0.5720
34.0000 0.5715
35.0000 0.6114
36.0000 0.6907
37.0000 0.7828
38.0000 0.8526
39.0000 0.8859
40.0000 0.8999
41.0000 0.9228
42.0000 0.9722
43.0000 1.0460
44.0000 1.1261
45.0000 1.1915
46.0000 1.2350
47.0000 1.2671
48.0000 1.3052
49.0000 1.3596
50.0000 1.4285
51.0000 1.5001
52.0000 1.5622
53.0000 1.6112
54.0000 1.6538
55.0000 1.7003
56.0000 1.7567
57.0000 1.8211
58.0000 1.8864
59.0000 1.9454
60.0000 1.9967
61.0000 2.0442
62.0000 2.0942
63.0000 2.1499
64.0000 2.2099
65.0000 2.2697
66.0000 2.3253
67.0000 2.3762
68.0000 2.4248
69.0000 2.4748
70.0000 2.5278
71.0000 2.5830
72.0000 2.6375
73.0000 2.6892
74.0000 2.7376
75.0000 2.7847
76.0000 2.8323
77.0000 2.8814
78.0000 2.9313
79.0000 2.9805
80.0000 3.0275
81.0000 3.0723
82.0000 3.1160
83.0000 3.1598
84.0000 3.2042
85.0000 3.2487
86.0000 3.2923
87.0000 3.3343
88.0000 3.3747
89.0000 3.4142
90.0000 3.4535
91.0000 3.4928
92.0000 3.5317
93.0000 3.5698
94.0000 3.6067
95.0000 3.6424
96.0000 3.6772
97.0000 3.7117
98.0000 3.7458
99.0000 3.7795
100.0000 3.8123
101.0000 3.8442
102.0000 3.8751
103.0000 3.9053
104.0000 3.9350
105.0000 3.9642
106.0000 3.9929
107.0000 4.0209
108.0000 4.0480
109.0000 4.0744
110.0000 4.1001
111.0000 4.1253
112.0000 4.1501
113.0000 4.1742
114.0000 4.1978
115.0000 4.2207
116.0000 4.2429
117.0000 4.2645
118.0000 4.2857
119.0000 4.3064
120.0000 4.3265
121.0000 4.3462
122.0000 4.3652
123.0000 4.3838
124.0000 4.4018
125.0000 4.4194
126.0000 4.4365
127.0000 4.4532
128.0000 4.4694
129.0000 4.4852
130.0000 4.5005
131.0000 4.5154
132.0000 4.5299
133.0000 4.5440
134.0000 4.5577
135.0000 4.5710
136.0000 4.5839
137.0000 4.5965
138.0000 4.6087
139.0000 4.6206
140.0000 4.6321
141.0000 4.6433
142.0000 4.6542
143.0000 4.6647
144.0000 4.6750
145.0000 4.6849
146.0000 4.6946
147.0000 4.7039
148.0000 4.7131
149.0000 4.7219
150.0000 4.7305
151.0000 4.7388
152.0000 4.7468
153.0000 4.7547
154.0000 4.7623
155.0000 4.7696
156.0000 4.7768
157.0000 4.7837
158.0000 4.7904
159.0000 4.7970
160.0000 4.8033
161.0000 4.8094
162.0000 4.8154
163.0000 4.8211
164.0000 4.8267
165.0000 4.8321
166.0000 4.8374
167.0000 4.8425
168.0000 4.8474
169.0000 4.8522
170.0000 4.8569
171.0000 4.8614
172.0000 4.8657
173.0000 4.8699
174.0000 4.8740
175.0000 4.8780
176.0000 4.8818
177.0000 4.8856
178.0000 4.8892
179.0000 4.8927
180.0000 4.8961
181.0000 4.8993
182.0000 4.9025
183.0000 4.9056
184.0000 4.9086
185.0000 4.9115
186.0000 4.9143
187.0000 4.9170
188.0000 4.9196
189.0000 4.9222
190.0000 4.9246
191.0000 4.9270
192.0000 4.9293
193.0000 4.9316
194.0000 4.9338
195.0000 4.9359
196.0000 4.9379
197.0000 4.9399
198.0000 4.9418
199.0000 4.9436
200.0000 4.9454
201.0000 4.9472
202.0000 4.9488
203.0000 4.9505
204.0000 4.9520
205.0000 4.9536
206.0000 4.9551
207.0000 4.9565
208.0000 4.9579
209.0000 4.9592
210.0000 4.9605
211.0000 4.9618
212.0000 4.9630
213.0000 4.9642
214.0000 4.9653
215.0000 4.7553
216.0000 4.4768
217.0000 4.2649
218.0000 4.1554
219.0000 4.1274
220.0000 4.1276
221.0000 4.0858
222.0000 3.9751
223.0000 3.8377
224.0000 3.7296
225.0000 3.6785
226.0000 3.6746
227.0000 3.6804
228.0000 3.6572
229.0000 3.5953
230.0000 3.5183
231.0000 3.4574
232.0000 3.4280
233.0000 3.4227
234.0000 3.4188
235.0000 3.3956
236.0000 3.3500
237.0000 3.2965
238.0000 3.2529
239.0000 3.2275
240.0000 3.2150
241.0000 3.2020
242.0000 3.1775
243.0000 3.1407
244.0000 3.1005
245.0000 3.0670
246.0000 3.0444
247.0000 3.0290
248.0000 3.0129
249.0000 2.9902
250.0000 2.9611
251.0000 2.9308
252.0000 2.9050
253.0000 2.8857
254.0000 2.8704
255.0000 2.8546
256.0000 2.8351
257.0000 2.8122
258.0000 2.7891
259.0000 2.7690
260.0000 2.7527
261.0000 2.7387
262.0000 2.7244
263.0000 2.7079
264.0000 2.6897
265.0000 2.6717
266.0000 2.6556
267.0000 2.6418
268.0000 2.6294
269.0000 2.6167
270.0000 2.6029
271.0000 2.5882
272.0000 2.5738
273.0000 2.5607
274.0000 2.5490
275.0000 2.5381
276.0000 2.5271
277.0000 2.5155
278.0000 2.5035
279.0000 2.4917
280.0000 2.4809
281.0000 2.4709
282.0000 2.4615
283.0000 2.4520
284.0000 2.4421
285.0000 2.4322
286.0000 2.4225
287.0000 2.4134
288.0000 2.4049
289.0000 2.3967
290.0000 2.3885
291.0000 2.3802
292.0000 2.3720
293.0000 2.3639
294.0000 2.3562
295.0000 2.3489
296.0000 2.3418
297.0000 2.3348
298.0000 2.3278
299.0000 2.3208
300.0000 2.3140
301.0000 2.3075
302.0000 2.3012
303.0000 2.2951
304.0000 2.2890
305.0000 2.2830
306.0000 2.2771
307.0000 2.2714
308.0000 2.2658
309.0000 2.2604
310.0000 2.2551
311.0000 2.2500
312.0000 2.2448
313.0000 2.2398
314.0000 2.2349
315.0000 2.2301
316.0000 2.2255
317.0000 2.2209
318.0000 2.2165
319.0000 2.2121
320.0000 2.2078
321.0000 2.2036
322.0000 2.1995
323.0000 2.1955
324.0000 2.1915
325.0000 2.1877
326.0000 2.1839
327.0000 2.1802
328.0000 2.1766
329.0000 2.1731
330.0000 2.1696
331.0000 2.1662
332.0000 2.1629
333.0000 2.1597
334.0000 2.1565
335.0000 2.1534
336.0000 2.1503
337.0000 2.1473
338.0000 2.1444
339.0000 2.1415
340.0000 2.1387
341.0000 2.1360
342.0000 2.1333
343.0000 2.1306
344.0000 2.1281
345.0000 2.1255
346.0000 2.1231
347.0000 2.1206
348.0000 2.1182
349.0000 2.1159
350.0000 2.1136
351.0000 2.1114
352.0000 2.1092
353.0000 2.1071
354.0000 2.1050
355.0000 2.1029
356.0000 2.1009
357.0000 2.0989
358.0000 2.0970
359.0000 2.0951
360.0000 2.0932
361.0000 2.0914
362.0000 2.0896
363.0000 2.0878
364.0000 2.0861
365.0000 2.0844
366.0000 2.0828
367.0000 2.0812
368.0000 2.0796
369.0000 2.0780
370.0000 2.0765
371.0000 2.0750
372.0000 2.0736
373.0000 2.0721
374.0000 2.0707
375.0000 2.0694
376.0000 2.0680
377.0000 2.0667
378.0000 2.0654
379.0000 2.0641
380.0000 2.0629
381.0000 2.0617
382.0000 2.0605
383.0000 2.0593
384.0000 2.0581
385.0000 2.0570
386.0000 2.0559
387.0000 2.0548
388.0000 2.0538
389.0000 2.0527
390.0000 2.0517
391.0000 2.0507
392.0000 2.0497
393.0000 2.0488
394.0000 2.0478
395.0000 2.0469
396.0000 2.0460
397.0000 2.0451
398.0000 2.0442
399.0000 2.0434
400.0000 2.0425
401.0000 2.0417
402.0000 2.0409
403.0000 2.0401
404.0000 2.0393
405.0000 2.0386
406.0000 2.0378
407.0000 2.0371
408.0000 2.0364
409.0000 2.0357
410.0000 2.0350
411.0000 2.0343
412.0000 2.0337
413.0000 2.0330
414.0000 2.0324
415.0000 2.1057
416.0000 2.2294
417.0000 2.3237
418.0000 2.3524
419.0000 2.3332
420.0000 2.3103
421.0000 2.3235
422.0000 2.3824
423.0000 2.4642
424.0000 2.5317
425.0000 2.5621
426.0000 2.5641
427.0000 2.5657
428.0000 2.5894
429.0000 2.6388
430.0000 2.6989
431.0000 2.7481
432.0000 2.7749
433.0000 2.7857
434.0000 2.7968
435.0000 2.8211
436.0000 2.8597
437.0000 2.9031
438.0000 2.9390
439.0000 2.9616
440.0000 2.9752
441.0000 2.9897
442.0000 3.0120
443.0000 3.0424
444.0000 3.0747
445.0000 3.1020
446.0000 3.1215
447.0000 3.1361
448.0000 3.1514
449.0000 3.1714
450.0000 3.1958
451.0000 3.2208
452.0000 3.2425
453.0000 3.2596
454.0000 3.2739
455.0000 3.2888
456.0000 3.3064
457.0000 3.3263
458.0000 3.3462
459.0000 3.3638
460.0000 3.3787
461.0000 3.3921
462.0000 3.4058
463.0000 3.4209
464.0000 3.4372
465.0000 3.4533
466.0000 3.4679
467.0000 3.4808
468.0000 3.4928
469.0000 3.5050
470.0000 3.5179
471.0000 3.5313
472.0000 3.5445
473.0000 3.5566
474.0000 3.5677
475.0000 3.5781
476.0000 3.5887
477.0000 3.5996
478.0000 3.6107
479.0000 3.6215
480.0000 3.6316
481.0000 3.6410
482.0000 3.6500
483.0000 3.6590
484.0000 3.6682
485.0000 3.6774
486.0000 3.6863
487.0000 3.6947
488.0000 3.7026
489.0000 3.7103
490.0000 3.7179
491.0000 3.7255
492.0000 3.7331
493.0000 3.7404
494.0000 3.7474
495.0000 3.7541
496.0000 3.7606
497.0000 3.7670
498.0000 3.7734
499.0000 3.7796
500.0000 3.7857
501.0000 3.7915
502.0000 3.7971
503.0000 3.8025
504.0000 3.8078
505.0000 3.8131
506.0000 3.8182
507.0000 3.8232
508.0000 3.8281
509.0000 3.8327
510.0000 3.8372
511.0000 3.8417
512.0000 3.8460
513.0000 3.8503
514.0000 3.8544
515.0000 3.8584
516.0000 3.8623
517.0000 3.8660
518.0000 3.8697
519.0000 3.8733
520.0000 3.8768
521.0000 3.8802
522.0000 3.8835
523.0000 3.8867
524.0000 3.8898
525.0000 3.8928
526.0000 3.8958
527.0000 3.8987
528.0000 3.9015
529.0000 3.9042
530.0000 3.9069
531.0000 3.9094
532.0000 3.9119
533.0000 3.9144
534.0000 3.9168
535.0000 3.9191
536.0000 3.9213
537.0000 3.9235
538.0000 3.9256
539.0000 3.9277
540.0000 3.9297
541.0000 3.9316
542.0000 3.9335
543.0000 3.9354
544.0000 3.9372
545.0000 3.9389
546.0000 3.9406
547.0000 3.9423
548.0000 3.9439
549.0000 3.9454
550.0000 3.9470
551.0000 3.9484
552.0000 3.9499
553.0000 3.9513
554.0000 3.9526
555.0000 3.9539
556.0000 3.9552
557.0000 3.9565
558.0000 3.9577
559.0000 3.9589
560.0000 3.9600
561.0000 3.9611
562.0000 3.9622
563.0000 3.9633
564.0000 3.9643
565.0000 3.9653
566.0000 3.9663
567.0000 3.9672
568.0000 3.9681
569.0000 3.9690
570.0000 3.9699
571.0000 3.9707
572.0000 3.9715
573.0000 3.9723
574.0000 3.9731
575.0000 3.9739
576.0000 3.9746
577.0000 3.9753
578.0000 3.9760
579.0000 3.9767
580.0000 3.9773
581.0000 3.9780
582.0000 3.9786
583.0000 3.9792
584.0000 3.9798
585.0000 3.9803
586.0000 3.9809
587.0000 3.9814
588.0000 3.9819
589.0000 3.9824
590.0000 3.9829
591.0000 3.9834
592.0000 3.9839
593.0000 3.9843
594.0000 3.9848
595.0000 3.9852
596.0000 3.9856
597.0000 3.9860
598.0000 3.9864
599.0000 3.9868
600.0000 3.9871
601.0000 3.9875
602.0000 3.9879
603.0000 3.9882
604.0000 3.9885
605.0000 3.9889
606.0000 3.9892
607.0000 3.9895
608.0000 3.9898
609.0000 3.9901
610.0000 3.9903
611.0000 3.9906
612.0000 3.9909
613.0000 3.9911
614.0000 3.9914
615.0000 3.6032
616.0000 3.1610
617.0000 2.8428
618.0000 2.6900
619.0000 2.6699
620.0000 2.7106
621.0000 2.7132
622.0000 2.6282
623.0000 2.5089
624.0000 2.4255
625.0000 2.4108
626.0000 2.4523
627.0000 2.5013
628.0000 2.5040
629.0000 2.4457
630.0000 2.3613
631.0000 2.2942
632.0000 2.2654
633.0000 2.2660
634.0000 2.2664
635.0000 2.2379
636.0000 2.1764
637.0000 2.1030
638.0000 2.0427
639.0000 2.0068
640.0000 1.9884
641.0000 1.9696
642.0000 1.9351
643.0000 1.8838
644.0000 1.8279
645.0000 1.7814
646.0000 1.7500
647.0000 1.7286
648.0000 1.7067
649.0000 1.6759
650.0000 1.6363
651.0000 1.5951
652.0000 1.5600
653.0000 1.5338
654.0000 1.5133
655.0000 1.4921
656.0000 1.4658
657.0000 1.4349
658.0000 1.4035
659.0000 1.3762
660.0000 1.3541
661.0000 1.3352
662.0000 1.3157
663.0000 1.2934
664.0000 1.2686
665.0000 1.2440
666.0000 1.2219
667.0000 1.2031
668.0000 1.1860
669.0000 1.1686
670.0000 1.1497
671.0000 1.1295
672.0000 1.1096
673.0000 1.0914
674.0000 1.0752
675.0000 1.0601
676.0000 1.0448
677.0000 1.0286
678.0000 1.0118
679.0000 0.9954
680.0000 0.9802
681.0000 0.9662
682.0000 0.9528
683.0000 0.9394
684.0000 0.9255
685.0000 0.9114
686.0000 0.8977
687.0000 0.8847
688.0000 0.8725
689.0000 0.8607
690.0000 0.8489
691.0000 0.8370
692.0000 0.8250
693.0000 0.8133
694.0000 0.8021
695.0000 0.7914
696.0000 0.7810
697.0000 0.7707
698.0000 0.7603
699.0000 0.7500
700.0000 0.7399
701.0000 0.7302
702.0000 0.7208
703.0000 0.7116
704.0000 0.7025
705.0000 0.6934
706.0000 0.6845
707.0000 0.6757
708.0000 0.6671
709.0000 0.6588
710.0000 0.6507
711.0000 0.6427
712.0000 0.6347
713.0000 0.6268
714.0000 0.6191
715.0000 0.6116
716.0000 0.6042
717.0000 0.5970
718.0000 0.5898
719.0000 0.5828
720.0000 0.5758
721.0000 0.5690
722.0000 0.5623
723.0000 0.5557
724.0000 0.5493
725.0000 0.5429
726.0000 0.5367
727.0000 0.5305
728.0000 0.5244
729.0000 0.5184
730.0000 0.5126
731.0000 0.5068
732.0000 0.5011
733.0000 0.4955
734.0000 0.4900
735.0000 0.4845
736.0000 0.4792
737.0000 0.4739
738.0000 0.4687
739.0000 0.4636
740.0000 0.4585
741.0000 0.4536
742.0000 0.4487
743.0000 0.4438
744.0000 0.4391
745.0000 0.4344
746.0000 0.4298
747.0000 0.4253
748.0000 0.4208
749.0000 0.4163
750.0000 0.4120
751.0000 0.4077
752.0000 0.4034
753.0000 0.3993
754.0000 0.3951
755.0000 0.3911
756.0000 0.3871
757.0000 0.3831
758.0000 0.3792
759.0000 0.3753
760.0000 0.3715
761.0000 0.3678
762.0000 0.3641
763.0000 0.3604
764.0000 0.3568
765.0000 0.3533
766.0000 0.3498
767.0000 0.3463
768.0000 0.3429
769.0000 0.3395
770.0000 0.3362
771.0000 0.3329
772.0000 0.3296
773.0000 0.3264
774.0000 0.3232
775.0000 0.3201
776.0000 0.3170
777.0000 0.3139
778.0000 0.3109
779.0000 0.3079
780.0000 0.3050
781.0000 0.3021
782.0000 0.2992
783.0000 0.2964
784.0000 0.2936
785.0000 0.2908
786.0000 0.2880
787.0000 0.2853
788.0000 0.2826
789.0000 0.2800
790.0000 0.2774
791.0000 0.2748
792.0000 0.2722
793.0000 0.2697
794.0000 0.2672
795.0000 0.2647
796.0000 0.2623
797.0000 0.2599
798.0000 0.2575
799.0000 0.2551
800.0000 0.2528
801.0000 0.2505
802.0000 0.2482
803.0000 0.2459
804.0000 0.2437
805.0000 0.2414
806.0000 0.2393
807.0000 0.2371
808.0000 0.2349
809.0000 0.2328
810.0000 0.2307
811.0000 0.2286
812.0000 0.2266
813.0000 0.2246
814.0000 0.2225
815.0000 0.2232
816.0000 0.2249
817.0000 0.2249
818.0000 0.2224
819.0000 0.2187
820.0000 0.2153
821.0000 0.2135
822.0000 0.2134
823.0000 0.2137
824.0000 0.2132
825.0000 0.2112
826.0000 0.2084
827.0000 0.2060
828.0000 0.2047
829.0000 0.2043
830.0000 0.2041
831.0000 0.2032
832.0000 0.2015
833.0000 0.1993
834.0000 0.1974
835.0000 0.1963
836.0000 0.1956
837.0000 0.1951
838.0000 0.1941
839.0000 0.1925
840.0000 0.1908
841.0000 0.1892
842.0000 0.1881
843.0000 0.1874
844.0000 0.1866
845.0000 0.1855
846.0000 0.1842
847.0000 0.1827
848.0000 0.1814
849.0000 0.1803
850.0000 0.1795
851.0000 0.1786
852.0000 0.1776
853.0000 0.1764
854.0000 0.1751
855.0000 0.1739
856.0000 0.1729
857.0000 0.1720
858.0000 0.1712
859.0000 0.1701
860.0000 0.1690
861.0000 0.1679
862.0000 0.1668
863.0000 0.1659
864.0000 0.1650
865.0000 0.1641
866.0000 0.1631
867.0000 0.1621
868.0000 0.1610
869.0000 0.1600
870.0000 0.1591
871.0000 0.1583
872.0000 0.1574
873.0000 0.1564
874.0000 0.1555
875.0000 0.1545
876.0000 0.1536
877.0000 0.1527
878.0000 0.1519
879.0000 0.1510
880.0000 0.1501
881.0000 0.1492
882.0000 0.1483
883.0000 0.1475
884.0000 0.1467
885.0000 0.1458
886.0000 0.1450
887.0000 0.1442
888.0000 0.1433
889.0000 0.1425
890.0000 0.1417
891.0000 0.1409
892.0000 0.1401
893.0000 0.1393
894.0000 0.1385
895.0000 0.1377
896.0000 0.1369
897.0000 0.1361
898.0000 0.1353
899.0000 0.1346
900.0000 0.1338
901.0000 0.1331
902.0000 0.1323
903.0000 0.1316
904.0000 0.1308
905.0000 0.1301
906.0000 0.1294
907.0000 0.1286
908.0000 0.1279
909.0000 0.1272
910.0000 0.1265
911.0000 0.1258
912.0000 0.1251
913.0000 0.1244
914.0000 0.1237
915.0000 0.1230
916.0000 0.1223
917.0000 0.1216
918.0000 0.1209
919.0000 0.1203
920.0000 0.1196
921.0000 0.1189
922.0000 0.1183
923.0000 0.1176
924.0000 0.1170
925.0000 0.1163
926.0000 0.1157
927.0000 0.1151
928.0000 0.1144
929.0000 0.1138
930.0000 0.1132
931.0000 0.1125
932.0000 0.1119
933.0000 0.1113
934.0000 0.1107
935.0000 0.1101
936.0000 0.1095
937.0000 0.1089
938.0000 0.1083
939.0000 0.1077
940.0000 0.1071
941.0000 0.1065
942.0000 0.1059
943.0000 0.1054
944.0000 0.1048
945.0000 0.1042
946.0000 0.1037
947.0000 0.1031
948.0000 0.1025
949.0000 0.1020
950.0000 0.1014
951.0000 0.1009
952.0000 0.1003
953.0000 0.0998
954.0000 0.0992
955.0000 0.0987
956.0000 0.0982
957.0000 0.0976
958.0000 0.0971
959.0000 0.0966
960.0000 0.0961
961.0000 0.0955
962.0000 0.0950
963.0000 0.0945
964.0000 0.0940
965.0000 0.0935
966.0000 0.0930
967.0000 0.0925
968.0000 0.0920
969.0000 0.0915
970.0000 0.0910
971.0000 0.0905
972.0000 0.0900
973.0000 0.0895
974.0000 0.0890
975.0000 0.0886
976.0000 0.0881
977.0000 0.0876
978.0000 0.0871
979.0000 0.0867
980.0000 0.0862
981.0000 0.0857
982.0000 0.0853
983.0000 0.0848
984.0000 0.0844
985.0000 0.0839
986.0000 0.0835
987.0000 0.0830
988.0000 0.0826
989.0000 0.0821
990.0000 0.0817
991.0000 0.0812
992.0000 0.0808
993.0000 0.0804
994.0000 0.0799
995.0000 0.0795
996.0000 0.0791
997.0000 0.0787
998.0000 0.0782
999.0000 0.0778
1000.0000 0.0774
1001.0000 0.0770
1002.0000 0.0766
1003.0000 0.0762
1004.0000 0.0757
1005.0000 0.0753
1006.0000 0.0749
1007.0000 0.0745
1008.0000 0.0741
1009.0000 0.0737
1010.0000 0.0733
1011.0000 0.0729
1012.0000 0.0725
1013.0000 0.0721
1014.0000 0.0718
1015.0000 0.0705
1016.0000 0.0688
1017.0000 0.0679
1018.0000 0.0678
1019.0000 0.0681
1020.0000 0.0683
1021.0000 0.0678
1022.0000 0.0668
1023.0000 0.0656
1024.0000 0.0648
1025.0000 0.0646
1026.0000 0.0647
1027.0000 0.0645
1028.0000 0.0640
1029.0000 0.0631
1030.0000 0.0622
1031.0000 0.0616
1032.0000 0.0613
1033.0000 0.0612
1034.0000 0.0609
1035.0000 0.0604
1036.0000 0.0596
1037.0000 0.0589
1038.0000 0.0584
1039.0000 0.0581
1040.0000 0.0578
1041.0000 0.0575
1042.0000 0.0569
1043.0000 0.0563
1044.0000 0.0557
1045.0000 0.0552
1046.0000 0.0549
1047.0000 0.0546
1048.0000 0.0542
1049.0000 0.0537
1050.0000 0.0531
1051.0000 0.0526
1052.0000 0.0522
1053.0000 0.0518
1054.0000 0.0515
1055.0000 0.0511
1056.0000 0.0506
1057.0000 0.0501
1058.0000 0.0496
1059.0000 0.0492
1060.0000 0.0488
1061.0000 0.0485
1062.0000 0.0481
1063.0000 0.0476
1064.0000 0.0471
1065.0000 0.0467
1066.0000 0.0463
1067.0000 0.0459
1068.0000 0.0456
1069.0000 0.0452
1070.0000 0.0448
1071.0000 0.0443
1072.0000 0.0439
1073.0000 0.0435
1074.0000 0.0432
1075.0000 0.0428
1076.0000 0.0424
1077.0000 0.0420
1078.0000 0.0416
1079.0000 0.0412
1080.0000 0.0408
1081.0000 0.0405
1082.0000 0.0401
1083.0000 0.0397
1084.0000 0.0393
1085.0000 0.0390
1086.0000 0.0386
1087.0000 0.0382
1088.0000 0.0379
1089.0000 0.0375
1090.0000 0.0371
1091.0000 0.0368
1092.0000 0.0364
1093.0000 0.0361
1094.0000 0.0357
1095.0000 0.0354
1096.0000 0.0350
1097.0000 0.0347
1098.0000 0.0343
1099.0000 0.0340
1100.0000 0.0336
1101.0000 0.0333
1102.0000 0.0329
1103.0000 0.0326
1104.0000 0.0322
1105.0000 0.0319
1106.0000 0.0316
1107.0000 0.0312
1108.0000 0.0309
1109.0000 0.0306
1110.0000 0.0302
1111.0000 0.0299
1112.0000 0.0296
1113.0000 0.0293
1114.0000 0.0289
1115.0000 0.0286
1116.0000 0.0283
1117.0000 0.0280
1118.0000 0.0277
1119.0000 0.0273
1120.0000 0.0270
1121.0000 0.0267
1122.0000 0.0264
1123.0000 0.0261
1124.0000 0.0258
1125.0000 0.0255
1126.0000 0.0252
1127.0000 0.0249
1128.0000 0.0246
1129.0000 0.0243
1130.0000 0.0240
1131.0000 0.0237
1132.0000 0.0234
1133.0000 0.0231
1134.0000 0.0228
1135.0000 0.0225
1136.0000 0.0222
1137.0000 0.0219
1138.0000 0.0216
1139.0000 0.0213
1140.0000 0.0210
1141.0000 0.0207
1142.0000 0.0205
1143.0000 0.0202
1144.0000 0.0199
1145.0000 0.0196
1146.0000 0.0193
1147.0000 0.0191
1148.0000 0.0188
1149.0000 0.0185
1150.0000 0.0182
1151.0000 0.0180
1152.0000 0.0177
1153.0000 0.0174
1154.0000 0.0171
1155.0000 0.0169
1156.0000 0.0166
1157.0000 0.0163
1158.0000 0.0161
1159.0000 0.0158
1160.0000 0.0155
1161.0000 0.0153
1162.0000 0.0150
1163.0000 0.0148
1164.0000 0.0145
1165.0000 0.0142
1166.0000 0.0140
1167.0000 0.0137
1168.0000 0.0135
1169.0000 0.0132
1170.0000 0.0130
1171.0000 0.0127
1172.0000 0.0125
1173.0000 0.0122
1174.0000 0.0120
1175.0000 0.0117
1176.0000 0.0115
1177.0000 0.0112
1178.0000 0.0110
1179.0000 0.0107
1180.0000 0.0105
1181.0000 0.0102
1182.0000 0.0100
1183.0000 0.0098
1184.0000 0.0095
1185.0000 0.0093
1186.0000 0.0091
1187.0000 0.0088
1188.0000 0.0086
1189.0000 0.0083
1190.0000 0.0081
1191.0000 0.0079
1192.0000 0.0076
1193.0000 0.0074
1194.0000 0.0072
1195.0000 0.0070
1196.0000 0.0067
1197.0000 0.0065
1198.0000 0.0063
1199.0000 0.0061
1200.0000 0.0058
1201.0000 0.0056
1202.0000 0.0054
1203.0000 0.0052
1204.0000 0.0049
1205.0000 0.0047
1206.0000 0.0045
1207.0000 0.0043
1208.0000 0.0041
1209.0000 0.0039
1210.0000 0.0036
1211.0000 0.0034
1212.0000 0.0032
1213.0000 0.0030
1214.0000 0.0028
1215.0000 0.0172
1216.0000 0.0412
1217.0000 0.0506
1218.0000 0.0429
1219.0000 0.0285
1220.0000 0.0181
1221.0000 0.0195
1222.0000 0.0331
1223.0000 0.0492
1224.0000 0.0566
1225.0000 0.0526
1226.0000 0.0436
1227.0000 0.0383
1228.0000 0.0420
1229.0000 0.0534
1230.0000 0.0653
1231.0000 0.0706
1232.0000 0.0682
1233.0000 0.0629
1234.0000 0.0608
1235.0000 0.0653
1236.0000 0.0746
1237.0000 0.0836
1238.0000 0.0878
1239.0000 0.0868
1240.0000 0.0843
1241.0000 0.0844
1242.0000 0.0891
1243.0000 0.0968
1244.0000 0.1039
1245.0000 0.1076
1246.0000 0.1079
1247.0000 0.1074
1248.0000 0.1090
1249.0000 0.1137
1250.0000 0.1203
1251.0000 0.1262
1252.0000 0.1297
1253.0000 0.1310
1254.0000 0.1320
1255.0000 0.1346
1256.0000 0.1393
1257.0000 0.1451
1258.0000 0.1503
1259.0000 0.1538
1260.0000 0.1560
1261.0000 0.1581
1262.0000 0.1613
1263.0000 0.1659
1264.0000 0.1712
1265.0000 0.1760
1266.0000 0.1797
1267.0000 0.1825
1268.0000 0.1854
1269.0000 0.1890
1270.0000 0.1936
1271.0000 0.1986
1272.0000 0.2032
1273.0000 0.2070
1274.0000 0.2104
1275.0000 0.2138
1276.0000 0.2178
1277.0000 0.2223
1278.0000 0.2271
1279.0000 0.2316
1280.0000 0.2356
1281.0000 0.2394
1282.0000 0.2432
1283.0000 0.2474
1284.0000 0.2519
1285.0000 0.2566
1286.0000 0.2611
1287.0000 0.2653
1288.0000 0.2693
1289.0000 0.2734
1290.0000 0.2777
1291.0000 0.2823
1292.0000 0.2869
1293.0000 0.2914
1294.0000 0.2957
1295.0000 0.2999
1296.0000 0.3042
1297.0000 0.3086
1298.0000 0.3132
1299.0000 0.3178
1300.0000 0.3223
1301.0000 0.3267
1302.0000 0.3310
1303.0000 0.3354
1304.0000 0.3399
1305.0000 0.3445
1306.0000 0.3491
1307.0000 0.3536
1308.0000 0.3580
1309.0000 0.3624
1310.0000 0.3669
1311.0000 0.3714
1312.0000 0.3759
1313.0000 0.3805
1314.0000 0.3850
1315.0000 0.3895
1316.0000 0.3939
1317.0000 0.3984
1318.0000 0.4029
1319.0000 0.4074
1320.0000 0.4119
1321.0000 0.4164
1322.0000 0.4208
1323.0000 0.4253
1324.0000 0.4297
1325.0000 0.4342
1326.0000 0.4386
1327.0000 0.4431
1328.0000 0.4475
1329.0000 0.4519
1330.0000 0.4563
1331.0000 0.4607
1332.0000 0.4651
1333.0000 0.4695
1334.0000 0.4738
1335.0000 0.4782
1336.0000 0.4825
1337.0000 0.4868
1338.0000 0.4912
1339.0000 0.4955
1340.0000 0.4998
1341.0000 0.5040
1342.0000 0.5083
1343.0000 0.5125
1344.0000 0.5167
1345.0000 0.5210
1346.0000 0.5252
1347.0000 0.5293
1348.0000 0.5335
1349.0000 0.5376
1350.0000 0.5418
1351.0000 0.5459
1352.0000 0.5500
1353.0000 0.5540
1354.0000 0.5581
1355.0000 0.5621
1356.0000 0.5661
1357.0000 0.5701
1358.0000 0.5741
1359.0000 0.5781
1360.0000 0.5820
1361.0000 0.5859
1362.0000 0.5898
1363.0000 0.5937
1364.0000 0.5975
1365.0000 0.6013
1366.0000 0.6052
1367.0000 0.6089
1368.0000 0.6127
1369.0000 0.6164
1370.0000 0.6202
1371.0000 0.6238
1372.0000 0.6275
1373.0000 0.6312
1374.0000 0.6348
1375.0000 0.6384
1376.0000 0.6420
1377.0000 0.6455
1378.0000 0.6491
1379.0000 0.6526
1380.0000 0.6561
1381.0000 0.6595
1382.0000 0.6629
1383.0000 0.6664
1384.0000 0.6697
1385.0000 0.6731
1386.0000 0.6765
1387.0000 0.6798
1388.0000 0.6831
1389.0000 0.6863
1390.0000 0.6896
1391.0000 0.6928
1392.0000 0.6960
1393.0000 0.6991
1394.0000 0.7023
1395.0000 0.7054
1396.0000 0.7085
1397.0000 0.7116
1398.0000 0.7146
1399.0000 0.7176
1400.0000 0.7206
1401.0000 0.7236
1402.0000 0.7266
1403.0000 0.7295
1404.0000 0.7324
1405.0000 0.7353
1406.0000 0.7381
1407.0000 0.7409
1408.0000 0.7437
1409.0000 0.7465
1410.0000 0.7493
