1.0000 0.0000
2.0000 0.0000
3.0000 0.0000
4.0000 0.0000
5.0000 0.0000
6.0000 0.0000
7.0000 0.0000
8.0000 0.0000
9.0000 0.0000
10.0000 1.0000
11.0000 -1.0000
12.0000 -0.8906
13.0000 -0.7812
14.0000 -0.6719
15.0000 -0.6403
16.0000 -0.4392
17.0000 -0.2978
18.0000 -0.1930
19.0000 -0.0895
20.0000 0.0166
21.0000 0.1257
22.0000 0.2330
23.0000 0.3405
24.0000 0.4473
25.0000 0.5510
26.0000 0.6485
27.0000 0.7374
28.0000 0.8153
29.0000 0.8808
30.0000 0.9328
31.0000 0.9713
32.0000 0.9966
33.0000 1.0000
34.0000 1.0000
35.0000 0.9937
36.0000 0.9808
37.0000 0.9634
38.0000 0.9458
39.0000 0.9295
40.0000 0.9157
41.0000 0.9059
42.0000 0.9014
43.0000 0.9022
44.0000 0.9081
45.0000 0.9180
46.0000 0.9308
47.0000 0.9448
48.0000 0.9582
49.0000 0.9695
50.0000 0.9777
51.0000 0.9820
52.0000 0.9822
53.0000 0.9787
54.0000 0.9720
55.0000 0.9630
56.0000 0.9530
57.0000 0.9431
58.0000 0.9342
59.0000 0.9272
60.0000 0.9229
61.0000 0.9214
62.0000 0.9228
63.0000 0.9267
64.0000 0.9325
65.0000 0.9394
66.0000 0.9465
67.0000 0.9530
68.0000 0.9582
69.0000 0.9616
70.0000 0.9629
71.0000 0.9622
72.0000 0.9597
73.0000 0.9558
74.0000 0.9510
75.0000 0.9460
76.0000 0.9412
77.0000 0.9372
78.0000 0.9344
79.0000 0.9330
80.0000 0.9331
81.0000 0.9345
82.0000 0.9370
83.0000 0.9403
84.0000 0.9439
85.0000 0.9474
86.0000 0.9505
87.0000 0.9527
88.0000 0.9539
89.0000 0.9541
90.0000 0.9533
91.0000 0.9517
92.0000 0.9495
93.0000 0.9470
94.0000 0.9445
95.0000 0.9422
96.0000 0.9405
97.0000 0.9394
98.0000 0.9390
99.0000 0.9394
100.0000 0.9404
101.0000 0.9419
102.0000 0.9437
103.0000 0.9455
104.0000 0.9472
105.0000 0.9485
106.0000 0.9494
107.0000 0.9498
108.0000 0.9496
109.0000 0.9490
110.0000 0.9480
111.0000 0.9468
112.0000 0.9455
113.0000 0.9443
114.0000 0.9433
115.0000 0.9425
116.0000 0.9422
117.0000 0.9422
118.0000 0.9425
119.0000 0.9432
120.0000 0.9440
121.0000 0.9449
122.0000 0.9458
123.0000 0.9466
124.0000 0.9472
125.0000 0.9475
126.0000 0.9476
127.0000 0.9474
128.0000 0.9470
129.0000 0.9464
130.0000 0.9458
131.0000 0.9451
132.0000 0.9445
133.0000 0.9441
134.0000 0.9438
135.0000 0.9437
136.0000 0.9438
137.0000 0.9440
138.0000 0.9444
139.0000 0.9449
140.0000 0.9453
141.0000 0.9458
142.0000 0.9461
143.0000 0.9463
144.0000 0.9464
145.0000 0.9464
146.0000 0.9463
147.0000 0.9460
148.0000 0.9457
149.0000 0.9454
150.0000 0.9451
151.0000 0.9448
152.0000 0.9446
153.0000 0.9445
154.0000 0.9445
155.0000 0.9446
156.0000 0.9448
157.0000 0.9450
158.0000 0.9452
159.0000 0.9454
160.0000 0.9456
161.0000 0.9458
162.0000 0.9459
163.0000 0.9459
164.0000 0.9458
165.0000 0.9457
166.0000 0.9456
167.0000 0.9454
168.0000 0.9453
169.0000 0.9451
170.0000 0.9450
171.0000 0.9449
172.0000 0.9449
173.0000 0.9449
174.0000 0.9450
175.0000 0.9451
176.0000 0.9452
177.0000 0.9453
178.0000 0.9454
179.0000 0.9455
180.0000 0.9456
181.0000 0.9456
182.0000 0.9456
183.0000 0.9456
184.0000 0.9455
185.0000 0.9454
186.0000 0.9453
187.0000 0.9452
188.0000 0.9452
189.0000 0.9451
190.0000 0.9451
191.0000 0.9451
192.0000 0.9451
193.0000 0.9452
194.0000 0.9452
195.0000 0.9453
196.0000 0.9453
197.0000 0.9454
198.0000 0.9454
199.0000 0.9454
200.0000 0.9455
201.0000 0.9454
202.0000 0.9454
203.0000 0.9454
204.0000 0.9453
205.0000 0.9453
206.0000 0.9453
207.0000 0.9452
208.0000 0.9452
209.0000 0.9452
210.0000 -1.0000
211.0000 0.5094
212.0000 0.4438
213.0000 0.3782
214.0000 0.3126
215.0000 1.0000
216.0000 1.0000
217.0000 0.9332
218.0000 0.8761
219.0000 0.8326
220.0000 0.7706
221.0000 0.6651
222.0000 0.5720
223.0000 0.4960
224.0000 0.4353
225.0000 0.3923
226.0000 0.3782
227.0000 0.3959
228.0000 0.4400
229.0000 0.5022
230.0000 0.5718
231.0000 0.6351
232.0000 0.6818
233.0000 0.7087
234.0000 0.7168
235.0000 0.7086
236.0000 0.6877
237.0000 0.6584
238.0000 0.6253
239.0000 0.5925
240.0000 0.5641
241.0000 0.5429
242.0000 0.5314
243.0000 0.5302
244.0000 0.5390
245.0000 0.5558
246.0000 0.5773
247.0000 0.5999
248.0000 0.6202
249.0000 0.6354
250.0000 0.6441
251.0000 0.6460
252.0000 0.6418
253.0000 0.6328
254.0000 0.6207
255.0000 0.6073
256.0000 0.5945
257.0000 0.5839
258.0000 0.5765
259.0000 0.5732
260.0000 0.5738
261.0000 0.5780
262.0000 0.5848
263.0000 0.5931
264.0000 0.6014
265.0000 0.6086
266.0000 0.6138
267.0000 0.6166
268.0000 0.6169
269.0000 0.6148
270.0000 0.6110
271.0000 0.6062
272.0000 0.6010
273.0000 0.5963
274.0000 0.5925
275.0000 0.5901
276.0000 0.5892
277.0000 0.5899
278.0000 0.5918
279.0000 0.5946
280.0000 0.5977
281.0000 0.6008
282.0000 0.6034
283.0000 0.6052
284.0000 0.6061
285.0000 0.6060
286.0000 0.6050
287.0000 0.6035
288.0000 0.6016
289.0000 0.5996
290.0000 0.5979
291.0000 0.5966
292.0000 0.5958
293.0000 0.5956
294.0000 0.5960
295.0000 0.5968
296.0000 0.5980
297.0000 0.5992
298.0000 0.6003
299.0000 0.6012
300.0000 0.6018
301.0000 0.6021
302.0000 0.6020
303.0000 0.6015
304.0000 0.6009
305.0000 0.6002
306.0000 0.5994
307.0000 0.5988
308.0000 0.5983
309.0000 0.5981
310.0000 0.5981
311.0000 0.5983
312.0000 0.5986
313.0000 0.5991
314.0000 0.5995
315.0000 0.6000
316.0000 0.6003
317.0000 0.6005
318.0000 0.6005
319.0000 0.6005
320.0000 0.6003
321.0000 0.6000
322.0000 0.5997
323.0000 0.5995
324.0000 0.5992
325.0000 0.5991
326.0000 0.5990
327.0000 0.5990
328.0000 0.5991
329.0000 0.5993
330.0000 0.5994
331.0000 0.5996
332.0000 0.5998
333.0000 0.5999
334.0000 0.5999
335.0000 0.6000
336.0000 0.5999
337.0000 0.5998
338.0000 0.5997
339.0000 0.5996
340.0000 0.5995
341.0000 0.5994
342.0000 0.5994
343.0000 0.5994
344.0000 0.5994
345.0000 0.5994
346.0000 0.5995
347.0000 0.5996
348.0000 0.5996
349.0000 0.5997
350.0000 0.5997
351.0000 0.5997
352.0000 0.5997
353.0000 0.5997
354.0000 0.5997
355.0000 0.5996
356.0000 0.5996
357.0000 0.5996
358.0000 0.5995
359.0000 0.5995
360.0000 0.5995
361.0000 0.5995
362.0000 0.5995
363.0000 0.5996
364.0000 0.5996
365.0000 0.5996
366.0000 0.5996
367.0000 0.5996
368.0000 0.5997
369.0000 0.5997
370.0000 0.5996
371.0000 0.5996
372.0000 0.5996
373.0000 0.5996
374.0000 0.5996
375.0000 0.5996
376.0000 0.5996
377.0000 0.5996
378.0000 0.5996
379.0000 0.5996
380.0000 0.5996
381.0000 0.5996
382.0000 0.5996
383.0000 0.5996
384.0000 0.5996
385.0000 0.5996
386.0000 0.5996
387.0000 0.5996
388.0000 0.5996
389.0000 0.5996
390.0000 0.5996
391.0000 0.5996
392.0000 0.5996
393.0000 0.5996
394.0000 0.5996
395.0000 0.5996
396.0000 0.5996
397.0000 0.5996
398.0000 0.5996
399.0000 0.5996
400.0000 0.5996
401.0000 0.5996
402.0000 0.5996
403.0000 0.5996
404.0000 0.5996
405.0000 0.5996
406.0000 0.5996
407.0000 0.5996
408.0000 0.5996
409.0000 0.5996
410.0000 1.0000
411.0000 -0.0062
412.0000 0.0375
413.0000 0.0813
414.0000 0.1250
415.0000 0.1019
416.0000 0.4109
417.0000 0.6137
418.0000 0.7305
419.0000 0.8097
420.0000 0.8780
421.0000 0.9244
422.0000 0.9378
423.0000 0.9323
424.0000 0.9161
425.0000 0.8915
426.0000 0.8606
427.0000 0.8283
428.0000 0.7991
429.0000 0.7759
430.0000 0.7606
431.0000 0.7550
432.0000 0.7596
433.0000 0.7736
434.0000 0.7948
435.0000 0.8205
436.0000 0.8472
437.0000 0.8716
438.0000 0.8910
439.0000 0.9037
440.0000 0.9088
441.0000 0.9066
442.0000 0.8981
443.0000 0.8847
444.0000 0.8683
445.0000 0.8510
446.0000 0.8347
447.0000 0.8212
448.0000 0.8117
449.0000 0.8071
450.0000 0.8075
451.0000 0.8127
452.0000 0.8216
453.0000 0.8329
454.0000 0.8450
455.0000 0.8563
456.0000 0.8656
457.0000 0.8720
458.0000 0.8748
459.0000 0.8741
460.0000 0.8702
461.0000 0.8640
462.0000 0.8562
463.0000 0.8478
464.0000 0.8400
465.0000 0.8334
466.0000 0.8288
467.0000 0.8265
468.0000 0.8267
469.0000 0.8291
470.0000 0.8333
471.0000 0.8387
472.0000 0.8445
473.0000 0.8500
474.0000 0.8546
475.0000 0.8578
476.0000 0.8593
477.0000 0.8592
478.0000 0.8575
479.0000 0.8546
480.0000 0.8510
481.0000 0.8470
482.0000 0.8432
483.0000 0.8400
484.0000 0.8377
485.0000 0.8366
486.0000 0.8366
487.0000 0.8377
488.0000 0.8397
489.0000 0.8422
490.0000 0.8449
491.0000 0.8476
492.0000 0.8498
493.0000 0.8514
494.0000 0.8522
495.0000 0.8522
496.0000 0.8515
497.0000 0.8501
498.0000 0.8484
499.0000 0.8465
500.0000 0.8447
501.0000 0.8431
502.0000 0.8420
503.0000 0.8414
504.0000 0.8414
505.0000 0.8419
506.0000 0.8428
507.0000 0.8440
508.0000 0.8453
509.0000 0.8466
510.0000 0.8476
511.0000 0.8484
512.0000 0.8488
513.0000 0.8489
514.0000 0.8485
515.0000 0.8479
516.0000 0.8471
517.0000 0.8462
518.0000 0.8453
519.0000 0.8446
520.0000 0.8440
521.0000 0.8437
522.0000 0.8437
523.0000 0.8439
524.0000 0.8443
525.0000 0.8449
526.0000 0.8455
527.0000 0.8461
528.0000 0.8466
529.0000 0.8470
530.0000 0.8472
531.0000 0.8473
532.0000 0.8471
533.0000 0.8469
534.0000 0.8465
535.0000 0.8460
536.0000 0.8456
537.0000 0.8453
538.0000 0.8450
539.0000 0.8448
540.0000 0.8448
541.0000 0.8449
542.0000 0.8451
543.0000 0.8453
544.0000 0.8456
545.0000 0.8459
546.0000 0.8462
547.0000 0.8464
548.0000 0.8465
549.0000 0.8465
550.0000 0.8465
551.0000 0.8463
552.0000 0.8461
553.0000 0.8459
554.0000 0.8457
555.0000 0.8456
556.0000 0.8454
557.0000 0.8453
558.0000 0.8453
559.0000 0.8454
560.0000 0.8455
561.0000 0.8456
562.0000 0.8457
563.0000 0.8459
564.0000 0.8460
565.0000 0.8461
566.0000 0.8461
567.0000 0.8461
568.0000 0.8461
569.0000 0.8461
570.0000 0.8460
571.0000 0.8459
572.0000 0.8458
573.0000 0.8457
574.0000 0.8456
575.0000 0.8456
576.0000 0.8456
577.0000 0.8456
578.0000 0.8456
579.0000 0.8457
580.0000 0.8458
581.0000 0.8458
582.0000 0.8459
583.0000 0.8459
584.0000 0.8460
585.0000 0.8460
586.0000 0.8460
587.0000 0.8459
588.0000 0.8459
589.0000 0.8458
590.0000 0.8458
591.0000 0.8458
592.0000 0.8457
593.0000 0.8457
594.0000 0.8457
595.0000 0.8457
596.0000 0.8457
597.0000 0.8458
598.0000 0.8458
599.0000 0.8458
600.0000 0.8458
601.0000 0.8459
602.0000 0.8459
603.0000 0.8459
604.0000 0.8459
605.0000 0.8459
606.0000 0.8459
607.0000 0.8458
608.0000 0.8458
609.0000 0.8458
610.0000 -1.0000
611.0000 1.0000
612.0000 0.9092
613.0000 0.8184
614.0000 0.7277
615.0000 1.0000
616.0000 0.9705
617.0000 0.8101
618.0000 0.6710
619.0000 0.5540
620.0000 0.4230
621.0000 0.2807
622.0000 0.1666
623.0000 0.0926
624.0000 0.0575
625.0000 0.0674
626.0000 0.1286
627.0000 0.2161
628.0000 0.2875
629.0000 0.3218
630.0000 0.3232
631.0000 0.3047
632.0000 0.2747
633.0000 0.2374
634.0000 0.1986
635.0000 0.1641
636.0000 0.1381
637.0000 0.1220
638.0000 0.1158
639.0000 0.1174
640.0000 0.1229
641.0000 0.1283
642.0000 0.1308
643.0000 0.1295
644.0000 0.1245
645.0000 0.1170
646.0000 0.1082
647.0000 0.0992
648.0000 0.0909
649.0000 0.0838
650.0000 0.0780
651.0000 0.0733
652.0000 0.0694
653.0000 0.0658
654.0000 0.0622
655.0000 0.0585
656.0000 0.0546
657.0000 0.0504
658.0000 0.0462
659.0000 0.0419
660.0000 0.0377
661.0000 0.0337
662.0000 0.0298
663.0000 0.0260
664.0000 0.0224
665.0000 0.0188
666.0000 0.0153
667.0000 0.0119
668.0000 0.0085
669.0000 0.0052
670.0000 0.0019
671.0000 -0.0014
672.0000 -0.0046
673.0000 -0.0078
674.0000 -0.0109
675.0000 -0.0140
676.0000 -0.0170
677.0000 -0.0200
678.0000 -0.0230
679.0000 -0.0259
680.0000 -0.0287
681.0000 -0.0316
682.0000 -0.0344
683.0000 -0.0371
684.0000 -0.0398
685.0000 -0.0425
686.0000 -0.0452
687.0000 -0.0478
688.0000 -0.0504
689.0000 -0.0530
690.0000 -0.0556
691.0000 -0.0581
692.0000 -0.0606
693.0000 -0.0630
694.0000 -0.0655
695.0000 -0.0679
696.0000 -0.0703
697.0000 -0.0726
698.0000 -0.0750
699.0000 -0.0773
700.0000 -0.0796
701.0000 -0.0818
702.0000 -0.0841
703.0000 -0.0863
704.0000 -0.0885
705.0000 -0.0907
706.0000 -0.0929
707.0000 -0.0951
708.0000 -0.0972
709.0000 -0.0993
710.0000 -0.1014
711.0000 -0.1035
712.0000 -0.1056
713.0000 -0.1076
714.0000 -0.1096
715.0000 -0.1117
716.0000 -0.1137
717.0000 -0.1156
718.0000 -0.1176
719.0000 -0.1196
720.0000 -0.1215
721.0000 -0.1234
722.0000 -0.1253
723.0000 -0.1272
724.0000 -0.1291
725.0000 -0.1310
726.0000 -0.1328
727.0000 -0.1347
728.0000 -0.1365
729.0000 -0.1383
730.0000 -0.1401
731.0000 -0.1419
732.0000 -0.1437
733.0000 -0.1455
734.0000 -0.1473
735.0000 -0.1490
736.0000 -0.1507
737.0000 -0.1525
738.0000 -0.1542
739.0000 -0.1559
740.0000 -0.1576
741.0000 -0.1593
742.0000 -0.1610
743.0000 -0.1626
744.0000 -0.1643
745.0000 -0.1659
746.0000 -0.1676
747.0000 -0.1692
748.0000 -0.1708
749.0000 -0.1724
750.0000 -0.1740
751.0000 -0.1756
752.0000 -0.1772
753.0000 -0.1788
754.0000 -0.1803
755.0000 -0.1819
756.0000 -0.1834
757.0000 -0.1850
758.0000 -0.1865
759.0000 -0.1880
760.0000 -0.1895
761.0000 -0.1911
762.0000 -0.1926
763.0000 -0.1940
764.0000 -0.1955
765.0000 -0.1970
766.0000 -0.1985
767.0000 -0.2000
768.0000 -0.2014
769.0000 -0.2029
770.0000 -0.2043
771.0000 -0.2057
772.0000 -0.2072
773.0000 -0.2086
774.0000 -0.2100
775.0000 -0.2114
776.0000 -0.2128
777.0000 -0.2142
778.0000 -0.2156
779.0000 -0.2170
780.0000 -0.2184
781.0000 -0.2197
782.0000 -0.2211
783.0000 -0.2225
784.0000 -0.2238
785.0000 -0.2252
786.0000 -0.2265
787.0000 -0.2279
788.0000 -0.2292
789.0000 -0.2305
790.0000 -0.2318
791.0000 -0.2332
792.0000 -0.2345
793.0000 -0.2358
794.0000 -0.2371
795.0000 -0.2384
796.0000 -0.2396
797.0000 -0.2409
798.0000 -0.2422
799.0000 -0.2435
800.0000 -0.2447
801.0000 -0.2460
802.0000 -0.2473
803.0000 -0.2485
804.0000 -0.2498
805.0000 -0.2510
806.0000 -0.2522
807.0000 -0.2535
808.0000 -0.2547
809.0000 -0.2559
810.0000 -0.1861
811.0000 -0.2376
812.0000 -0.2366
813.0000 -0.2356
814.0000 -0.2346
815.0000 -0.2340
816.0000 -0.2349
817.0000 -0.2330
818.0000 -0.2318
819.0000 -0.2308
820.0000 -0.2299
821.0000 -0.2291
822.0000 -0.2282
823.0000 -0.2274
824.0000 -0.2266
825.0000 -0.2257
826.0000 -0.2249
827.0000 -0.2241
828.0000 -0.2233
829.0000 -0.2224
830.0000 -0.2216
831.0000 -0.2208
832.0000 -0.2200
833.0000 -0.2191
834.0000 -0.2183
835.0000 -0.2175
836.0000 -0.2167
837.0000 -0.2159
838.0000 -0.2151
839.0000 -0.2143
840.0000 -0.2136
841.0000 -0.2128
842.0000 -0.2120
843.0000 -0.2112
844.0000 -0.2104
845.0000 -0.2097
846.0000 -0.2089
847.0000 -0.2081
848.0000 -0.2074
849.0000 -0.2066
850.0000 -0.2059
851.0000 -0.2051
852.0000 -0.2044
853.0000 -0.2036
854.0000 -0.2029
855.0000 -0.2022
856.0000 -0.2014
857.0000 -0.2007
858.0000 -0.2000
859.0000 -0.1993
860.0000 -0.1985
861.0000 -0.1978
862.0000 -0.1971
863.0000 -0.1964
864.0000 -0.1957
865.0000 -0.1950
866.0000 -0.1943
867.0000 -0.1936
868.0000 -0.1929
869.0000 -0.1922
870.0000 -0.1916
871.0000 -0.1909
872.0000 -0.1902
873.0000 -0.1895
874.0000 -0.1889
875.0000 -0.1882
876.0000 -0.1875
877.0000 -0.1869
878.0000 -0.1862
879.0000 -0.1856
880.0000 -0.1849
881.0000 -0.1843
882.0000 -0.1837
883.0000 -0.1830
884.0000 -0.1824
885.0000 -0.1817
886.0000 -0.1811
887.0000 -0.1805
888.0000 -0.1799
889.0000 -0.1793
890.0000 -0.1786
891.0000 -0.1780
892.0000 -0.1774
893.0000 -0.1768
894.0000 -0.1762
895.0000 -0.1756
896.0000 -0.1750
897.0000 -0.1744
898.0000 -0.1739
899.0000 -0.1733
900.0000 -0.1727
901.0000 -0.1721
902.0000 -0.1715
903.0000 -0.1710
904.0000 -0.1704
905.0000 -0.1698
906.0000 -0.1693
907.0000 -0.1687
908.0000 -0.1682
909.0000 -0.1676
910.0000 -0.1671
911.0000 -0.1665
912.0000 -0.1660
913.0000 -0.1654
914.0000 -0.1649
915.0000 -0.1644
916.0000 -0.1638
917.0000 -0.1633
918.0000 -0.1628
919.0000 -0.1623
920.0000 -0.1617
921.0000 -0.1612
922.0000 -0.1607
923.0000 -0.1602
924.0000 -0.1597
925.0000 -0.1592
926.0000 -0.1587
927.0000 -0.1582
928.0000 -0.1577
929.0000 -0.1572
930.0000 -0.1567
931.0000 -0.1563
932.0000 -0.1558
933.0000 -0.1553
934.0000 -0.1548
935.0000 -0.1543
936.0000 -0.1539
937.0000 -0.1534
938.0000 -0.1529
939.0000 -0.1525
940.0000 -0.1520
941.0000 -0.1516
942.0000 -0.1511
943.0000 -0.1507
944.0000 -0.1502
945.0000 -0.1498
946.0000 -0.1493
947.0000 -0.1489
948.0000 -0.1485
949.0000 -0.1480
950.0000 -0.1476
951.0000 -0.1472
952.0000 -0.1468
953.0000 -0.1463
954.0000 -0.1459
955.0000 -0.1455
956.0000 -0.1451
957.0000 -0.1447
958.0000 -0.1443
959.0000 -0.1439
960.0000 -0.1435
961.0000 -0.1431
962.0000 -0.1427
963.0000 -0.1423
964.0000 -0.1419
965.0000 -0.1415
966.0000 -0.1411
967.0000 -0.1407
968.0000 -0.1403
969.0000 -0.1400
970.0000 -0.1396
971.0000 -0.1392
972.0000 -0.1388
973.0000 -0.1385
974.0000 -0.1381
975.0000 -0.1377
976.0000 -0.1374
977.0000 -0.1370
978.0000 -0.1367
979.0000 -0.1363
980.0000 -0.1359
981.0000 -0.1356
982.0000 -0.1353
983.0000 -0.1349
984.0000 -0.1346
985.0000 -0.1342
986.0000 -0.1339
987.0000 -0.1336
988.0000 -0.1332
989.0000 -0.1329
990.0000 -0.1326
991.0000 -0.1322
992.0000 -0.1319
993.0000 -0.1316
994.0000 -0.1313
995.0000 -0.1310
996.0000 -0.1306
997.0000 -0.1303
998.0000 -0.1300
999.0000 -0.1297
1000.0000 -0.1294
1001.0000 -0.1291
1002.0000 -0.1288
1003.0000 -0.1285
1004.0000 -0.1282
1005.0000 -0.1279
1006.0000 -0.1276
1007.0000 -0.1273
1008.0000 -0.1270
1009.0000 -0.1267
1010.0000 -0.1620
1011.0000 -0.1366
1012.0000 -0.1374
1013.0000 -0.1382
1014.0000 -0.1390
1015.0000 -0.1391
1016.0000 -0.1390
1017.0000 -0.1403
1018.0000 -0.1413
1019.0000 -0.1420
1020.0000 -0.1428
1021.0000 -0.1435
1022.0000 -0.1442
1023.0000 -0.1448
1024.0000 -0.1455
1025.0000 -0.1461
1026.0000 -0.1468
1027.0000 -0.1475
1028.0000 -0.1481
1029.0000 -0.1488
1030.0000 -0.1494
1031.0000 -0.1501
1032.0000 -0.1507
1033.0000 -0.1514
1034.0000 -0.1520
1035.0000 -0.1527
1036.0000 -0.1533
1037.0000 -0.1539
1038.0000 -0.1545
1039.0000 -0.1551
1040.0000 -0.1558
1041.0000 -0.1564
1042.0000 -0.1570
1043.0000 -0.1576
1044.0000 -0.1582
1045.0000 -0.1588
1046.0000 -0.1594
1047.0000 -0.1599
1048.0000 -0.1605
1049.0000 -0.1611
1050.0000 -0.1617
1051.0000 -0.1623
1052.0000 -0.1628
1053.0000 -0.1634
1054.0000 -0.1640
1055.0000 -0.1645
1056.0000 -0.1651
1057.0000 -0.1656
1058.0000 -0.1662
1059.0000 -0.1667
1060.0000 -0.1673
1061.0000 -0.1678
1062.0000 -0.1684
1063.0000 -0.1689
1064.0000 -0.1694
1065.0000 -0.1699
1066.0000 -0.1705
1067.0000 -0.1710
1068.0000 -0.1715
1069.0000 -0.1720
1070.0000 -0.1725
1071.0000 -0.1731
1072.0000 -0.1736
1073.0000 -0.1741
1074.0000 -0.1746
1075.0000 -0.1751
1076.0000 -0.1756
1077.0000 -0.1761
1078.0000 -0.1766
1079.0000 -0.1771
1080.0000 -0.1775
1081.0000 -0.1780
1082.0000 -0.1785
1083.0000 -0.1790
1084.0000 -0.1795
1085.0000 -0.1799
1086.0000 -0.1804
1087.0000 -0.1809
1088.0000 -0.1813
1089.0000 -0.1818
1090.0000 -0.1823
1091.0000 -0.1827
1092.0000 -0.1832
1093.0000 -0.1836
1094.0000 -0.1841
1095.0000 -0.1845
1096.0000 -0.1850
1097.0000 -0.1854
1098.0000 -0.1859
1099.0000 -0.1863
1100.0000 -0.1867
1101.0000 -0.1872
1102.0000 -0.1876
1103.0000 -0.1880
1104.0000 -0.1885
1105.0000 -0.1889
1106.0000 -0.1893
1107.0000 -0.1897
1108.0000 -0.1902
1109.0000 -0.1906
1110.0000 -0.1910
1111.0000 -0.1914
1112.0000 -0.1918
1113.0000 -0.1922
1114.0000 -0.1926
1115.0000 -0.1930
1116.0000 -0.1934
1117.0000 -0.1938
1118.0000 -0.1942
1119.0000 -0.1946
1120.0000 -0.1950
1121.0000 -0.1954
1122.0000 -0.1958
1123.0000 -0.1962
1124.0000 -0.1966
1125.0000 -0.1970
1126.0000 -0.1974
1127.0000 -0.1977
1128.0000 -0.1981
1129.0000 -0.1985
1130.0000 -0.1989
1131.0000 -0.1993
1132.0000 -0.1996
1133.0000 -0.2000
1134.0000 -0.2004
1135.0000 -0.2007
1136.0000 -0.2011
1137.0000 -0.2015
1138.0000 -0.2018
1139.0000 -0.2022
1140.0000 -0.2025
1141.0000 -0.2029
1142.0000 -0.2032
1143.0000 -0.2036
1144.0000 -0.2040
1145.0000 -0.2043
1146.0000 -0.2047
1147.0000 -0.2050
1148.0000 -0.2053
1149.0000 -0.2057
1150.0000 -0.2060
1151.0000 -0.2064
1152.0000 -0.2067
1153.0000 -0.2070
1154.0000 -0.2074
1155.0000 -0.2077
1156.0000 -0.2080
1157.0000 -0.2084
1158.0000 -0.2087
1159.0000 -0.2090
1160.0000 -0.2094
1161.0000 -0.2097
1162.0000 -0.2100
1163.0000 -0.2103
1164.0000 -0.2106
1165.0000 -0.2110
1166.0000 -0.2113
1167.0000 -0.2116
1168.0000 -0.2119
1169.0000 -0.2122
1170.0000 -0.2125
1171.0000 -0.2128
1172.0000 -0.2131
1173.0000 -0.2135
1174.0000 -0.2138
1175.0000 -0.2141
1176.0000 -0.2144
1177.0000 -0.2147
1178.0000 -0.2150
1179.0000 -0.2153
1180.0000 -0.2156
1181.0000 -0.2159
1182.0000 -0.2162
1183.0000 -0.2164
1184.0000 -0.2167
1185.0000 -0.2170
1186.0000 -0.2173
1187.0000 -0.2176
1188.0000 -0.2179
1189.0000 -0.2182
1190.0000 -0.2185
1191.0000 -0.2187
1192.0000 -0.2190
1193.0000 -0.2193
1194.0000 -0.2196
1195.0000 -0.2199
1196.0000 -0.2201
1197.0000 -0.2204
1198.0000 -0.2207
1199.0000 -0.2210
1200.0000 -0.2212
1201.0000 -0.2215
1202.0000 -0.2218
1203.0000 -0.2220
1204.0000 -0.2223
1205.0000 -0.2226
1206.0000 -0.2228
1207.0000 -0.2231
1208.0000 -0.2234
1209.0000 -0.2236
1210.0000 0.5581
1211.0000 0.0044
1212.0000 0.0283
1213.0000 0.0521
1214.0000 0.0759
1215.0000 0.0691
1216.0000 0.0725
1217.0000 0.1075
1218.0000 0.1344
1219.0000 0.1561
1220.0000 0.1770
1221.0000 0.1980
1222.0000 0.2158
1223.0000 0.2306
1224.0000 0.2440
1225.0000 0.2565
1226.0000 0.2681
1227.0000 0.2790
1228.0000 0.2896
1229.0000 0.2998
1230.0000 0.3098
1231.0000 0.3193
1232.0000 0.3283
1233.0000 0.3369
1234.0000 0.3447
1235.0000 0.3519
1236.0000 0.3584
1237.0000 0.3643
1238.0000 0.3696
1239.0000 0.3743
1240.0000 0.3786
1241.0000 0.3825
1242.0000 0.3861
1243.0000 0.3894
1244.0000 0.3924
1245.0000 0.3953
1246.0000 0.3980
1247.0000 0.4004
1248.0000 0.4027
1249.0000 0.4048
1250.0000 0.4067
1251.0000 0.4084
1252.0000 0.4099
1253.0000 0.4112
1254.0000 0.4124
1255.0000 0.4135
1256.0000 0.4144
1257.0000 0.4153
1258.0000 0.4160
1259.0000 0.4167
1260.0000 0.4174
1261.0000 0.4180
1262.0000 0.4185
1263.0000 0.4191
1264.0000 0.4195
1265.0000 0.4199
1266.0000 0.4203
1267.0000 0.4206
1268.0000 0.4209
1269.0000 0.4212
1270.0000 0.4214
1271.0000 0.4216
1272.0000 0.4217
1273.0000 0.4219
1274.0000 0.4220
1275.0000 0.4222
1276.0000 0.4223
1277.0000 0.4224
1278.0000 0.4225
1279.0000 0.4226
1280.0000 0.4227
1281.0000 0.4227
1282.0000 0.4228
1283.0000 0.4229
1284.0000 0.4229
1285.0000 0.4229
1286.0000 0.4230
1287.0000 0.4230
1288.0000 0.4230
1289.0000 0.4231
1290.0000 0.4231
1291.0000 0.4231
1292.0000 0.4231
1293.0000 0.4231
1294.0000 0.4232
1295.0000 0.4232
1296.0000 0.4232
1297.0000 0.4232
1298.0000 0.4232
1299.0000 0.4232
1300.0000 0.4232
1301.0000 0.4232
1302.0000 0.4232
1303.0000 0.4232
1304.0000 0.4232
1305.0000 0.4232
1306.0000 0.4232
1307.0000 0.4232
1308.0000 0.4233
1309.0000 0.4233
1310.0000 0.4233
1311.0000 0.4233
1312.0000 0.4233
1313.0000 0.4233
1314.0000 0.4233
1315.0000 0.4233
1316.0000 0.4233
1317.0000 0.4233
1318.0000 0.4233
1319.0000 0.4233
1320.0000 0.4233
1321.0000 0.4233
1322.0000 0.4233
1323.0000 0.4233
1324.0000 0.4233
1325.0000 0.4233
1326.0000 0.4233
1327.0000 0.4233
1328.0000 0.4233
1329.0000 0.4233
1330.0000 0.4233
1331.0000 0.4233
1332.0000 0.4233
1333.0000 0.4233
1334.0000 0.4233
1335.0000 0.4233
1336.0000 0.4233
1337.0000 0.4233
1338.0000 0.4233
1339.0000 0.4233
1340.0000 0.4233
1341.0000 0.4233
1342.0000 0.4233
1343.0000 0.4233
1344.0000 0.4233
1345.0000 0.4233
1346.0000 0.4233
1347.0000 0.4233
1348.0000 0.4233
1349.0000 0.4233
1350.0000 0.4233
1351.0000 0.4233
1352.0000 0.4233
1353.0000 0.4233
1354.0000 0.4233
1355.0000 0.4233
1356.0000 0.4233
1357.0000 0.4233
1358.0000 0.4233
1359.0000 0.4233
1360.0000 0.4233
1361.0000 0.4233
1362.0000 0.4233
1363.0000 0.4233
1364.0000 0.4233
1365.0000 0.4233
1366.0000 0.4233
1367.0000 0.4233
1368.0000 0.4233
1369.0000 0.4233
1370.0000 0.4233
1371.0000 0.4233
1372.0000 0.4233
1373.0000 0.4233
1374.0000 0.4233
1375.0000 0.4233
1376.0000 0.4233
1377.0000 0.4233
1378.0000 0.4233
1379.0000 0.4233
1380.0000 0.4233
1381.0000 0.4233
1382.0000 0.4233
1383.0000 0.4233
1384.0000 0.4233
1385.0000 0.4233
1386.0000 0.4233
1387.0000 0.4233
1388.0000 0.4233
1389.0000 0.4233
1390.0000 0.4233
1391.0000 0.4233
1392.0000 0.4233
1393.0000 0.4233
1394.0000 0.4233
1395.0000 0.4233
1396.0000 0.4233
1397.0000 0.4233
1398.0000 0.4233
1399.0000 0.4233
1400.0000 0.4233
1401.0000 0.4233
1402.0000 0.4233
1403.0000 0.4233
1404.0000 0.4233
1405.0000 0.4233
1406.0000 0.4233
1407.0000 0.4233
1408.0000 0.4233
1409.0000 0.4233
1410.0000 0.4233
