1.0000 0.0000
2.0000 0.0000
3.0000 0.0000
4.0000 0.0000
5.0000 0.0000
6.0000 0.0000
7.0000 0.0000
8.0000 0.0000
9.0000 0.0000
10.0000 0.0000
11.0000 0.0000
12.0000 0.0000
13.0000 0.0000
14.0000 0.0000
15.0000 0.1094
16.0000 0.0819
17.0000 0.0085
18.0000 -0.0454
19.0000 -0.0770
20.0000 -0.0913
21.0000 -0.0957
22.0000 -0.0841
23.0000 -0.0511
24.0000 0.0086
25.0000 0.1013
26.0000 0.2334
27.0000 0.4097
28.0000 0.6326
29.0000 0.9018
30.0000 1.2151
31.0000 1.5673
32.0000 1.9513
33.0000 2.3554
34.0000 2.7617
35.0000 3.1545
36.0000 3.5232
37.0000 3.8591
38.0000 4.1542
39.0000 4.4022
40.0000 4.5996
41.0000 4.7454
42.0000 4.8409
43.0000 4.8903
44.0000 4.9000
45.0000 4.8784
46.0000 4.8352
47.0000 4.7806
48.0000 4.7243
49.0000 4.6748
50.0000 4.6390
51.0000 4.6214
52.0000 4.6244
53.0000 4.6483
54.0000 4.6914
55.0000 4.7503
56.0000 4.8204
57.0000 4.8966
58.0000 4.9730
59.0000 5.0445
60.0000 5.1059
61.0000 5.1534
62.0000 5.1841
63.0000 5.1967
64.0000 5.1913
65.0000 5.1694
66.0000 5.1338
67.0000 5.0884
68.0000 5.0377
69.0000 4.9862
70.0000 4.9384
71.0000 4.8982
72.0000 4.8683
73.0000 4.8509
74.0000 4.8464
75.0000 4.8546
76.0000 4.8741
77.0000 4.9026
78.0000 4.9374
79.0000 4.9753
80.0000 5.0132
81.0000 5.0479
82.0000 5.0769
83.0000 5.0981
84.0000 5.1102
85.0000 5.1127
86.0000 5.1058
87.0000 5.0906
88.0000 5.0688
89.0000 5.0426
90.0000 5.0143
91.0000 4.9864
92.0000 4.9613
93.0000 4.9407
94.0000 4.9262
95.0000 4.9186
96.0000 4.9180
97.0000 4.9242
98.0000 4.9362
99.0000 4.9528
100.0000 4.9723
101.0000 4.9930
102.0000 5.0132
103.0000 5.0312
104.0000 5.0457
105.0000 5.0557
106.0000 5.0606
107.0000 5.0604
108.0000 5.0552
109.0000 5.0458
110.0000 5.0331
111.0000 5.0185
112.0000 5.0031
113.0000 4.9884
114.0000 4.9754
115.0000 4.9652
116.0000 4.9584
117.0000 4.9554
118.0000 4.9562
119.0000 4.9605
120.0000 4.9678
121.0000 4.9774
122.0000 4.9883
123.0000 4.9995
124.0000 5.0102
125.0000 5.0194
126.0000 5.0266
127.0000 5.0312
128.0000 5.0331
129.0000 5.0321
130.0000 5.0285
131.0000 5.0228
132.0000 5.0156
133.0000 5.0075
134.0000 4.9992
135.0000 4.9915
136.0000 4.9848
137.0000 4.9798
138.0000 4.9767
139.0000 4.9757
140.0000 4.9767
141.0000 4.9796
142.0000 4.9840
143.0000 4.9894
144.0000 4.9954
145.0000 5.0015
146.0000 5.0071
147.0000 5.0118
148.0000 5.0153
149.0000 5.0174
150.0000 5.0179
151.0000 5.0169
152.0000 5.0146
153.0000 5.0113
154.0000 5.0072
155.0000 5.0027
156.0000 4.9983
157.0000 4.9942
158.0000 4.9909
159.0000 4.9885
160.0000 4.9871
161.0000 4.9869
162.0000 4.9878
163.0000 4.9896
164.0000 4.9922
165.0000 4.9952
166.0000 4.9985
167.0000 5.0017
168.0000 5.0047
169.0000 5.0070
170.0000 5.0087
171.0000 5.0096
172.0000 5.0096
173.0000 5.0089
174.0000 5.0074
175.0000 5.0055
176.0000 5.0032
177.0000 5.0007
178.0000 4.9984
179.0000 4.9963
180.0000 4.9946
181.0000 4.9935
182.0000 4.9929
183.0000 4.9930
184.0000 4.9936
185.0000 4.9947
186.0000 4.9962
187.0000 4.9979
188.0000 4.9997
189.0000 5.0014
190.0000 5.0029
191.0000 5.0041
192.0000 5.0049
193.0000 5.0052
194.0000 5.0051
195.0000 5.0046
196.0000 5.0037
197.0000 5.0026
198.0000 5.0013
199.0000 5.0000
200.0000 4.9988
201.0000 4.9977
202.0000 4.9969
203.0000 4.9963
204.0000 4.9961
205.0000 4.9963
206.0000 4.9967
207.0000 4.9974
208.0000 4.9982
209.0000 4.9992
210.0000 5.0001
211.0000 5.0010
212.0000 5.0018
213.0000 5.0024
214.0000 5.0027
215.0000 3.3676
216.0000 2.0581
217.0000 1.1484
218.0000 0.5617
219.0000 0.2192
220.0000 0.0835
221.0000 0.1854
222.0000 0.4582
223.0000 0.8419
224.0000 1.2898
225.0000 1.7651
226.0000 2.2275
227.0000 2.6383
228.0000 2.9658
229.0000 3.1856
230.0000 3.2807
231.0000 3.2452
232.0000 3.0886
233.0000 2.8375
234.0000 2.5310
235.0000 2.2129
236.0000 1.9224
237.0000 1.6873
238.0000 1.5233
239.0000 1.4356
240.0000 1.4211
241.0000 1.4703
242.0000 1.5701
243.0000 1.7045
244.0000 1.8572
245.0000 2.0119
246.0000 2.1538
247.0000 2.2706
248.0000 2.3531
249.0000 2.3960
250.0000 2.3983
251.0000 2.3633
252.0000 2.2982
253.0000 2.2127
254.0000 2.1180
255.0000 2.0250
256.0000 1.9431
257.0000 1.8789
258.0000 1.8366
259.0000 1.8175
260.0000 1.8203
261.0000 1.8419
262.0000 1.8778
263.0000 1.9227
264.0000 1.9711
265.0000 2.0178
266.0000 2.0584
267.0000 2.0894
268.0000 2.1087
269.0000 2.1156
270.0000 2.1107
271.0000 2.0958
272.0000 2.0734
273.0000 2.0467
274.0000 2.0188
275.0000 1.9926
276.0000 1.9706
277.0000 1.9544
278.0000 1.9450
279.0000 1.9424
280.0000 1.9461
281.0000 1.9549
282.0000 1.9673
283.0000 1.9817
284.0000 1.9964
285.0000 2.0099
286.0000 2.0209
287.0000 2.0287
288.0000 2.0328
289.0000 2.0333
290.0000 2.0304
291.0000 2.0249
292.0000 2.0175
293.0000 2.0094
294.0000 2.0013
295.0000 1.9940
296.0000 1.9882
297.0000 1.9844
298.0000 1.9825
299.0000 1.9827
300.0000 1.9846
301.0000 1.9878
302.0000 1.9919
303.0000 1.9964
304.0000 2.0007
305.0000 2.0044
306.0000 2.0073
307.0000 2.0091
308.0000 2.0099
309.0000 2.0095
310.0000 2.0083
311.0000 2.0063
312.0000 2.0040
313.0000 2.0016
314.0000 1.9992
315.0000 1.9973
316.0000 1.9958
317.0000 1.9949
318.0000 1.9947
319.0000 1.9950
320.0000 1.9958
321.0000 1.9969
322.0000 1.9982
323.0000 1.9995
324.0000 2.0007
325.0000 2.0017
326.0000 2.0025
327.0000 2.0029
328.0000 2.0029
329.0000 2.0027
330.0000 2.0022
331.0000 2.0016
332.0000 2.0008
333.0000 2.0001
334.0000 1.9995
335.0000 1.9990
336.0000 1.9986
337.0000 1.9984
338.0000 1.9984
339.0000 1.9986
340.0000 1.9989
341.0000 1.9992
342.0000 1.9996
343.0000 2.0000
344.0000 2.0004
345.0000 2.0006
346.0000 2.0008
347.0000 2.0009
348.0000 2.0008
349.0000 2.0007
350.0000 2.0006
351.0000 2.0004
352.0000 2.0001
353.0000 1.9999
354.0000 1.9998
355.0000 1.9996
356.0000 1.9995
357.0000 1.9995
358.0000 1.9995
359.0000 1.9996
360.0000 1.9997
361.0000 1.9998
362.0000 1.9999
363.0000 2.0001
364.0000 2.0001
365.0000 2.0002
366.0000 2.0003
367.0000 2.0003
368.0000 2.0002
369.0000 2.0002
370.0000 2.0001
371.0000 2.0001
372.0000 2.0000
373.0000 2.0000
374.0000 1.9999
375.0000 1.9999
376.0000 1.9999
377.0000 1.9999
378.0000 1.9999
379.0000 1.9999
380.0000 1.9999
381.0000 2.0000
382.0000 2.0000
383.0000 2.0000
384.0000 2.0001
385.0000 2.0001
386.0000 2.0001
387.0000 2.0001
388.0000 2.0001
389.0000 2.0001
390.0000 2.0000
391.0000 2.0000
392.0000 2.0000
393.0000 2.0000
394.0000 2.0000
395.0000 2.0000
396.0000 2.0000
397.0000 2.0000
398.0000 2.0000
399.0000 2.0000
400.0000 2.0000
401.0000 2.0000
402.0000 2.0000
403.0000 2.0000
404.0000 2.0000
405.0000 2.0000
406.0000 2.0000
407.0000 2.0000
408.0000 2.0000
409.0000 2.0000
410.0000 2.0000
411.0000 2.0000
412.0000 2.0000
413.0000 2.0000
414.0000 2.0000
415.0000 2.0940
416.0000 2.0731
417.0000 1.9520
418.0000 1.8010
419.0000 1.6615
420.0000 1.5412
421.0000 1.4651
422.0000 1.4547
423.0000 1.5171
424.0000 1.6494
425.0000 1.8455
426.0000 2.0958
427.0000 2.3872
428.0000 2.7039
429.0000 3.0298
430.0000 3.3485
431.0000 3.6443
432.0000 3.9031
433.0000 4.1131
434.0000 4.2657
435.0000 4.3562
436.0000 4.3845
437.0000 4.3553
438.0000 4.2778
439.0000 4.1652
440.0000 4.0326
441.0000 3.8959
442.0000 3.7696
443.0000 3.6657
444.0000 3.5927
445.0000 3.5551
446.0000 3.5541
447.0000 3.5874
448.0000 3.6501
449.0000 3.7352
450.0000 3.8347
451.0000 3.9398
452.0000 4.0418
453.0000 4.1329
454.0000 4.2062
455.0000 4.2569
456.0000 4.2820
457.0000 4.2809
458.0000 4.2555
459.0000 4.2093
460.0000 4.1479
461.0000 4.0778
462.0000 4.0057
463.0000 3.9383
464.0000 3.8810
465.0000 3.8381
466.0000 3.8123
467.0000 3.8045
468.0000 3.8139
469.0000 3.8385
470.0000 3.8751
471.0000 3.9199
472.0000 3.9685
473.0000 4.0166
474.0000 4.0602
475.0000 4.0960
476.0000 4.1213
477.0000 4.1347
478.0000 4.1358
479.0000 4.1253
480.0000 4.1047
481.0000 4.0766
482.0000 4.0439
483.0000 4.0097
484.0000 3.9771
485.0000 3.9488
486.0000 3.9269
487.0000 3.9129
488.0000 3.9073
489.0000 3.9101
490.0000 3.9203
491.0000 3.9367
492.0000 3.9574
493.0000 3.9803
494.0000 4.0034
495.0000 4.0246
496.0000 4.0424
497.0000 4.0554
498.0000 4.0628
499.0000 4.0644
500.0000 4.0604
501.0000 4.0515
502.0000 4.0388
503.0000 4.0237
504.0000 4.0075
505.0000 3.9919
506.0000 3.9780
507.0000 3.9670
508.0000 3.9596
509.0000 3.9562
510.0000 3.9567
511.0000 3.9609
512.0000 3.9682
513.0000 3.9777
514.0000 3.9884
515.0000 3.9994
516.0000 4.0098
517.0000 4.0186
518.0000 4.0252
519.0000 4.0292
520.0000 4.0305
521.0000 4.0291
522.0000 4.0253
523.0000 4.0196
524.0000 4.0126
525.0000 4.0050
526.0000 3.9975
527.0000 3.9907
528.0000 3.9852
529.0000 3.9814
530.0000 3.9794
531.0000 3.9793
532.0000 3.9809
533.0000 3.9841
534.0000 3.9885
535.0000 3.9935
536.0000 3.9987
537.0000 4.0037
538.0000 4.0080
539.0000 4.0114
540.0000 4.0136
541.0000 4.0144
542.0000 4.0140
543.0000 4.0124
544.0000 4.0098
545.0000 4.0066
546.0000 4.0031
547.0000 3.9995
548.0000 3.9962
549.0000 3.9935
550.0000 3.9915
551.0000 3.9903
552.0000 3.9901
553.0000 3.9908
554.0000 3.9921
555.0000 3.9941
556.0000 3.9964
557.0000 3.9989
558.0000 4.0013
559.0000 4.0034
560.0000 4.0051
561.0000 4.0063
562.0000 4.0068
563.0000 4.0067
564.0000 4.0060
565.0000 4.0049
566.0000 4.0034
567.0000 4.0018
568.0000 4.0001
569.0000 3.9985
570.0000 3.9971
571.0000 3.9961
572.0000 3.9955
573.0000 3.9953
574.0000 3.9955
575.0000 3.9961
576.0000 3.9970
577.0000 3.9981
578.0000 3.9993
579.0000 4.0004
580.0000 4.0014
581.0000 4.0023
582.0000 4.0029
583.0000 4.0032
584.0000 4.0032
585.0000 4.0029
586.0000 4.0024
587.0000 4.0018
588.0000 4.0010
589.0000 4.0002
590.0000 3.9994
591.0000 3.9988
592.0000 3.9982
593.0000 3.9979
594.0000 3.9978
595.0000 3.9978
596.0000 3.9981
597.0000 3.9985
598.0000 3.9990
599.0000 3.9995
600.0000 4.0001
601.0000 4.0006
602.0000 4.0010
603.0000 4.0013
604.0000 4.0015
605.0000 4.0015
606.0000 4.0014
607.0000 4.0012
608.0000 4.0009
609.0000 4.0005
610.0000 4.0002
611.0000 3.9998
612.0000 3.9995
613.0000 3.9992
614.0000 3.9990
615.0000 2.6041
616.0000 1.4825
617.0000 0.7439
618.0000 0.3006
619.0000 0.0683
620.0000 -0.0058
621.0000 0.1007
622.0000 0.3276
623.0000 0.6162
624.0000 0.9205
625.0000 1.2043
626.0000 1.4295
627.0000 1.5627
628.0000 1.5850
629.0000 1.4957
630.0000 1.3148
631.0000 1.0809
632.0000 0.8389
633.0000 0.6242
634.0000 0.4560
635.0000 0.3398
636.0000 0.2723
637.0000 0.2446
638.0000 0.2453
639.0000 0.2620
640.0000 0.2837
641.0000 0.3018
642.0000 0.3108
643.0000 0.3087
644.0000 0.2962
645.0000 0.2758
646.0000 0.2512
647.0000 0.2256
648.0000 0.2018
649.0000 0.1812
650.0000 0.1644
651.0000 0.1513
652.0000 0.1411
653.0000 0.1330
654.0000 0.1261
655.0000 0.1198
656.0000 0.1135
657.0000 0.1071
658.0000 0.1006
659.0000 0.0940
660.0000 0.0875
661.0000 0.0812
662.0000 0.0751
663.0000 0.0695
664.0000 0.0641
665.0000 0.0592
666.0000 0.0545
667.0000 0.0501
668.0000 0.0459
669.0000 0.0418
670.0000 0.0380
671.0000 0.0343
672.0000 0.0307
673.0000 0.0273
674.0000 0.0240
675.0000 0.0209
676.0000 0.0178
677.0000 0.0149
678.0000 0.0121
679.0000 0.0094
680.0000 0.0068
681.0000 0.0043
682.0000 0.0019
683.0000 -0.0005
684.0000 -0.0027
685.0000 -0.0049
686.0000 -0.0070
687.0000 -0.0091
688.0000 -0.0111
689.0000 -0.0130
690.0000 -0.0148
691.0000 -0.0166
692.0000 -0.0184
693.0000 -0.0201
694.0000 -0.0217
695.0000 -0.0233
696.0000 -0.0248
697.0000 -0.0264
698.0000 -0.0278
699.0000 -0.0292
700.0000 -0.0306
701.0000 -0.0320
702.0000 -0.0333
703.0000 -0.0346
704.0000 -0.0358
705.0000 -0.0370
706.0000 -0.0382
707.0000 -0.0394
708.0000 -0.0405
709.0000 -0.0416
710.0000 -0.0427
711.0000 -0.0437
712.0000 -0.0447
713.0000 -0.0457
714.0000 -0.0467
715.0000 -0.0476
716.0000 -0.0486
717.0000 -0.0495
718.0000 -0.0504
719.0000 -0.0513
720.0000 -0.0521
721.0000 -0.0529
722.0000 -0.0538
723.0000 -0.0546
724.0000 -0.0554
725.0000 -0.0561
726.0000 -0.0569
727.0000 -0.0576
728.0000 -0.0583
729.0000 -0.0590
730.0000 -0.0597
731.0000 -0.0604
732.0000 -0.0611
733.0000 -0.0618
734.0000 -0.0624
735.0000 -0.0630
736.0000 -0.0637
737.0000 -0.0643
738.0000 -0.0649
739.0000 -0.0655
740.0000 -0.0660
741.0000 -0.0666
742.0000 -0.0672
743.0000 -0.0677
744.0000 -0.0683
745.0000 -0.0688
746.0000 -0.0693
747.0000 -0.0698
748.0000 -0.0704
749.0000 -0.0709
750.0000 -0.0713
751.0000 -0.0718
752.0000 -0.0723
753.0000 -0.0728
754.0000 -0.0732
755.0000 -0.0737
756.0000 -0.0741
757.0000 -0.0746
758.0000 -0.0750
759.0000 -0.0755
760.0000 -0.0759
761.0000 -0.0763
762.0000 -0.0767
763.0000 -0.0771
764.0000 -0.0775
765.0000 -0.0779
766.0000 -0.0783
767.0000 -0.0787
768.0000 -0.0791
769.0000 -0.0794
770.0000 -0.0798
771.0000 -0.0802
772.0000 -0.0805
773.0000 -0.0809
774.0000 -0.0812
775.0000 -0.0816
776.0000 -0.0819
777.0000 -0.0823
778.0000 -0.0826
779.0000 -0.0829
780.0000 -0.0832
781.0000 -0.0836
782.0000 -0.0839
783.0000 -0.0842
784.0000 -0.0845
785.0000 -0.0848
786.0000 -0.0851
787.0000 -0.0854
788.0000 -0.0857
789.0000 -0.0860
790.0000 -0.0863
791.0000 -0.0866
792.0000 -0.0869
793.0000 -0.0872
794.0000 -0.0874
795.0000 -0.0877
796.0000 -0.0880
797.0000 -0.0882
798.0000 -0.0885
799.0000 -0.0888
800.0000 -0.0890
801.0000 -0.0893
802.0000 -0.0896
803.0000 -0.0898
804.0000 -0.0901
805.0000 -0.0903
806.0000 -0.0906
807.0000 -0.0908
808.0000 -0.0910
809.0000 -0.0913
810.0000 -0.0915
811.0000 -0.0918
812.0000 -0.0920
813.0000 -0.0922
814.0000 -0.0924
815.0000 -0.0922
816.0000 -0.0901
817.0000 -0.0895
818.0000 -0.0893
819.0000 -0.0892
820.0000 -0.0892
821.0000 -0.0891
822.0000 -0.0890
823.0000 -0.0889
824.0000 -0.0888
825.0000 -0.0886
826.0000 -0.0885
827.0000 -0.0883
828.0000 -0.0881
829.0000 -0.0880
830.0000 -0.0878
831.0000 -0.0876
832.0000 -0.0875
833.0000 -0.0873
834.0000 -0.0871
835.0000 -0.0870
836.0000 -0.0868
837.0000 -0.0866
838.0000 -0.0865
839.0000 -0.0863
840.0000 -0.0861
841.0000 -0.0860
842.0000 -0.0858
843.0000 -0.0856
844.0000 -0.0855
845.0000 -0.0853
846.0000 -0.0852
847.0000 -0.0850
848.0000 -0.0848
849.0000 -0.0847
850.0000 -0.0845
851.0000 -0.0843
852.0000 -0.0842
853.0000 -0.0840
854.0000 -0.0838
855.0000 -0.0837
856.0000 -0.0835
857.0000 -0.0834
858.0000 -0.0832
859.0000 -0.0830
860.0000 -0.0829
861.0000 -0.0827
862.0000 -0.0826
863.0000 -0.0824
864.0000 -0.0822
865.0000 -0.0821
866.0000 -0.0819
867.0000 -0.0818
868.0000 -0.0816
869.0000 -0.0814
870.0000 -0.0813
871.0000 -0.0811
872.0000 -0.0810
873.0000 -0.0808
874.0000 -0.0806
875.0000 -0.0805
876.0000 -0.0803
877.0000 -0.0802
878.0000 -0.0800
879.0000 -0.0799
880.0000 -0.0797
881.0000 -0.0796
882.0000 -0.0794
883.0000 -0.0792
884.0000 -0.0791
885.0000 -0.0789
886.0000 -0.0788
887.0000 -0.0786
888.0000 -0.0785
889.0000 -0.0783
890.0000 -0.0782
891.0000 -0.0780
892.0000 -0.0779
893.0000 -0.0777
894.0000 -0.0776
895.0000 -0.0774
896.0000 -0.0773
897.0000 -0.0771
898.0000 -0.0770
899.0000 -0.0768
900.0000 -0.0767
901.0000 -0.0765
902.0000 -0.0764
903.0000 -0.0762
904.0000 -0.0761
905.0000 -0.0759
906.0000 -0.0758
907.0000 -0.0756
908.0000 -0.0755
909.0000 -0.0753
910.0000 -0.0752
911.0000 -0.0750
912.0000 -0.0749
913.0000 -0.0747
914.0000 -0.0746
915.0000 -0.0745
916.0000 -0.0743
917.0000 -0.0742
918.0000 -0.0740
919.0000 -0.0739
920.0000 -0.0738
921.0000 -0.0736
922.0000 -0.0735
923.0000 -0.0733
924.0000 -0.0732
925.0000 -0.0731
926.0000 -0.0729
927.0000 -0.0728
928.0000 -0.0726
929.0000 -0.0725
930.0000 -0.0724
931.0000 -0.0722
932.0000 -0.0721
933.0000 -0.0720
934.0000 -0.0718
935.0000 -0.0717
936.0000 -0.0716
937.0000 -0.0714
938.0000 -0.0713
939.0000 -0.0712
940.0000 -0.0710
941.0000 -0.0709
942.0000 -0.0708
943.0000 -0.0706
944.0000 -0.0705
945.0000 -0.0704
946.0000 -0.0702
947.0000 -0.0701
948.0000 -0.0700
949.0000 -0.0699
950.0000 -0.0697
951.0000 -0.0696
952.0000 -0.0695
953.0000 -0.0694
954.0000 -0.0692
955.0000 -0.0691
956.0000 -0.0690
957.0000 -0.0689
958.0000 -0.0687
959.0000 -0.0686
960.0000 -0.0685
961.0000 -0.0684
962.0000 -0.0683
963.0000 -0.0681
964.0000 -0.0680
965.0000 -0.0679
966.0000 -0.0678
967.0000 -0.0677
968.0000 -0.0675
969.0000 -0.0674
970.0000 -0.0673
971.0000 -0.0672
972.0000 -0.0671
973.0000 -0.0670
974.0000 -0.0668
975.0000 -0.0667
976.0000 -0.0666
977.0000 -0.0665
978.0000 -0.0664
979.0000 -0.0663
980.0000 -0.0662
981.0000 -0.0661
982.0000 -0.0659
983.0000 -0.0658
984.0000 -0.0657
985.0000 -0.0656
986.0000 -0.0655
987.0000 -0.0654
988.0000 -0.0653
989.0000 -0.0652
990.0000 -0.0651
991.0000 -0.0650
992.0000 -0.0649
993.0000 -0.0648
994.0000 -0.0647
995.0000 -0.0646
996.0000 -0.0645
997.0000 -0.0644
998.0000 -0.0643
999.0000 -0.0642
1000.0000 -0.0641
1001.0000 -0.0640
1002.0000 -0.0639
1003.0000 -0.0638
1004.0000 -0.0637
1005.0000 -0.0636
1006.0000 -0.0635
1007.0000 -0.0634
1008.0000 -0.0633
1009.0000 -0.0632
1010.0000 -0.0631
1011.0000 -0.0630
1012.0000 -0.0629
1013.0000 -0.0628
1014.0000 -0.0627
1015.0000 -0.0634
1016.0000 -0.0649
1017.0000 -0.0656
1018.0000 -0.0659
1019.0000 -0.0661
1020.0000 -0.0663
1021.0000 -0.0664
1022.0000 -0.0665
1023.0000 -0.0667
1024.0000 -0.0669
1025.0000 -0.0671
1026.0000 -0.0673
1027.0000 -0.0675
1028.0000 -0.0678
1029.0000 -0.0680
1030.0000 -0.0682
1031.0000 -0.0684
1032.0000 -0.0686
1033.0000 -0.0688
1034.0000 -0.0690
1035.0000 -0.0692
1036.0000 -0.0694
1037.0000 -0.0696
1038.0000 -0.0698
1039.0000 -0.0700
1040.0000 -0.0702
1041.0000 -0.0704
1042.0000 -0.0706
1043.0000 -0.0707
1044.0000 -0.0709
1045.0000 -0.0711
1046.0000 -0.0713
1047.0000 -0.0715
1048.0000 -0.0716
1049.0000 -0.0718
1050.0000 -0.0720
1051.0000 -0.0722
1052.0000 -0.0723
1053.0000 -0.0725
1054.0000 -0.0727
1055.0000 -0.0728
1056.0000 -0.0730
1057.0000 -0.0731
1058.0000 -0.0733
1059.0000 -0.0735
1060.0000 -0.0736
1061.0000 -0.0738
1062.0000 -0.0739
1063.0000 -0.0741
1064.0000 -0.0742
1065.0000 -0.0744
1066.0000 -0.0745
1067.0000 -0.0747
1068.0000 -0.0748
1069.0000 -0.0750
1070.0000 -0.0751
1071.0000 -0.0753
1072.0000 -0.0754
1073.0000 -0.0755
1074.0000 -0.0757
1075.0000 -0.0758
1076.0000 -0.0760
1077.0000 -0.0761
1078.0000 -0.0762
1079.0000 -0.0764
1080.0000 -0.0765
1081.0000 -0.0766
1082.0000 -0.0768
1083.0000 -0.0769
1084.0000 -0.0770
1085.0000 -0.0771
1086.0000 -0.0773
1087.0000 -0.0774
1088.0000 -0.0775
1089.0000 -0.0776
1090.0000 -0.0778
1091.0000 -0.0779
1092.0000 -0.0780
1093.0000 -0.0781
1094.0000 -0.0782
1095.0000 -0.0784
1096.0000 -0.0785
1097.0000 -0.0786
1098.0000 -0.0787
1099.0000 -0.0788
1100.0000 -0.0789
1101.0000 -0.0790
1102.0000 -0.0792
1103.0000 -0.0793
1104.0000 -0.0794
1105.0000 -0.0795
1106.0000 -0.0796
1107.0000 -0.0797
1108.0000 -0.0798
1109.0000 -0.0799
1110.0000 -0.0800
1111.0000 -0.0801
1112.0000 -0.0802
1113.0000 -0.0803
1114.0000 -0.0804
1115.0000 -0.0805
1116.0000 -0.0806
1117.0000 -0.0807
1118.0000 -0.0808
1119.0000 -0.0809
1120.0000 -0.0810
1121.0000 -0.0811
1122.0000 -0.0812
1123.0000 -0.0813
1124.0000 -0.0814
1125.0000 -0.0815
1126.0000 -0.0816
1127.0000 -0.0817
1128.0000 -0.0818
1129.0000 -0.0819
1130.0000 -0.0819
1131.0000 -0.0820
1132.0000 -0.0821
1133.0000 -0.0822
1134.0000 -0.0823
1135.0000 -0.0824
1136.0000 -0.0825
1137.0000 -0.0826
1138.0000 -0.0826
1139.0000 -0.0827
1140.0000 -0.0828
1141.0000 -0.0829
1142.0000 -0.0830
1143.0000 -0.0831
1144.0000 -0.0832
1145.0000 -0.0832
1146.0000 -0.0833
1147.0000 -0.0834
1148.0000 -0.0835
1149.0000 -0.0836
1150.0000 -0.0836
1151.0000 -0.0837
1152.0000 -0.0838
1153.0000 -0.0839
1154.0000 -0.0839
1155.0000 -0.0840
1156.0000 -0.0841
1157.0000 -0.0842
1158.0000 -0.0842
1159.0000 -0.0843
1160.0000 -0.0844
1161.0000 -0.0845
1162.0000 -0.0845
1163.0000 -0.0846
1164.0000 -0.0847
1165.0000 -0.0848
1166.0000 -0.0848
1167.0000 -0.0849
1168.0000 -0.0850
1169.0000 -0.0850
1170.0000 -0.0851
1171.0000 -0.0852
1172.0000 -0.0852
1173.0000 -0.0853
1174.0000 -0.0854
1175.0000 -0.0855
1176.0000 -0.0855
1177.0000 -0.0856
1178.0000 -0.0857
1179.0000 -0.0857
1180.0000 -0.0858
1181.0000 -0.0858
1182.0000 -0.0859
1183.0000 -0.0860
1184.0000 -0.0860
1185.0000 -0.0861
1186.0000 -0.0862
1187.0000 -0.0862
1188.0000 -0.0863
1189.0000 -0.0864
1190.0000 -0.0864
1191.0000 -0.0865
1192.0000 -0.0865
1193.0000 -0.0866
1194.0000 -0.0867
1195.0000 -0.0867
1196.0000 -0.0868
1197.0000 -0.0868
1198.0000 -0.0869
1199.0000 -0.0870
1200.0000 -0.0870
1201.0000 -0.0871
1202.0000 -0.0871
1203.0000 -0.0872
1204.0000 -0.0872
1205.0000 -0.0873
1206.0000 -0.0874
1207.0000 -0.0874
1208.0000 -0.0875
1209.0000 -0.0875
1210.0000 -0.0876
1211.0000 -0.0876
1212.0000 -0.0877
1213.0000 -0.0877
1214.0000 -0.0878
1215.0000 -0.0630
1216.0000 -0.0191
1217.0000 0.0053
1218.0000 0.0211
1219.0000 0.0345
1220.0000 0.0474
1221.0000 0.0597
1222.0000 0.0735
1223.0000 0.0906
1224.0000 0.1113
1225.0000 0.1353
1226.0000 0.1625
1227.0000 0.1923
1228.0000 0.2242
1229.0000 0.2576
1230.0000 0.2919
1231.0000 0.3268
1232.0000 0.3617
1233.0000 0.3963
1234.0000 0.4306
1235.0000 0.4641
1236.0000 0.4968
1237.0000 0.5286
1238.0000 0.5593
1239.0000 0.5889
1240.0000 0.6173
1241.0000 0.6444
1242.0000 0.6702
1243.0000 0.6947
1244.0000 0.7177
1245.0000 0.7394
1246.0000 0.7598
1247.0000 0.7788
1248.0000 0.7964
1249.0000 0.8128
1250.0000 0.8280
1251.0000 0.8421
1252.0000 0.8550
1253.0000 0.8670
1254.0000 0.8781
1255.0000 0.8882
1256.0000 0.8976
1257.0000 0.9062
1258.0000 0.9142
1259.0000 0.9215
1260.0000 0.9282
1261.0000 0.9344
1262.0000 0.9401
1263.0000 0.9453
1264.0000 0.9500
1265.0000 0.9544
1266.0000 0.9584
1267.0000 0.9620
1268.0000 0.9654
1269.0000 0.9684
1270.0000 0.9712
1271.0000 0.9737
1272.0000 0.9760
1273.0000 0.9781
1274.0000 0.9800
1275.0000 0.9818
1276.0000 0.9834
1277.0000 0.9848
1278.0000 0.9862
1279.0000 0.9874
1280.0000 0.9885
1281.0000 0.9895
1282.0000 0.9905
1283.0000 0.9913
1284.0000 0.9921
1285.0000 0.9928
1286.0000 0.9934
1287.0000 0.9940
1288.0000 0.9945
1289.0000 0.9950
1290.0000 0.9955
1291.0000 0.9959
1292.0000 0.9962
1293.0000 0.9966
1294.0000 0.9969
1295.0000 0.9971
1296.0000 0.9974
1297.0000 0.9976
1298.0000 0.9978
1299.0000 0.9980
1300.0000 0.9982
1301.0000 0.9984
1302.0000 0.9985
1303.0000 0.9986
1304.0000 0.9988
1305.0000 0.9989
1306.0000 0.9990
1307.0000 0.9991
1308.0000 0.9992
1309.0000 0.9992
1310.0000 0.9993
1311.0000 0.9994
1312.0000 0.9994
1313.0000 0.9995
1314.0000 0.9995
1315.0000 0.9996
1316.0000 0.9996
1317.0000 0.9996
1318.0000 0.9997
1319.0000 0.9997
1320.0000 0.9997
1321.0000 0.9997
1322.0000 0.9998
1323.0000 0.9998
1324.0000 0.9998
1325.0000 0.9998
1326.0000 0.9998
1327.0000 0.9999
1328.0000 0.9999
1329.0000 0.9999
1330.0000 0.9999
1331.0000 0.9999
1332.0000 0.9999
1333.0000 0.9999
1334.0000 0.9999
1335.0000 0.9999
1336.0000 0.9999
1337.0000 0.9999
1338.0000 0.9999
1339.0000 1.0000
1340.0000 1.0000
1341.0000 1.0000
1342.0000 1.0000
1343.0000 1.0000
1344.0000 1.0000
1345.0000 1.0000
1346.0000 1.0000
1347.0000 1.0000
1348.0000 1.0000
1349.0000 1.0000
1350.0000 1.0000
1351.0000 1.0000
1352.0000 1.0000
1353.0000 1.0000
1354.0000 1.0000
1355.0000 1.0000
1356.0000 1.0000
1357.0000 1.0000
1358.0000 1.0000
1359.0000 1.0000
1360.0000 1.0000
1361.0000 1.0000
1362.0000 1.0000
1363.0000 1.0000
1364.0000 1.0000
1365.0000 1.0000
1366.0000 1.0000
1367.0000 1.0000
1368.0000 1.0000
1369.0000 1.0000
1370.0000 1.0000
1371.0000 1.0000
1372.0000 1.0000
1373.0000 1.0000
1374.0000 1.0000
1375.0000 1.0000
1376.0000 1.0000
1377.0000 1.0000
1378.0000 1.0000
1379.0000 1.0000
1380.0000 1.0000
1381.0000 1.0000
1382.0000 1.0000
1383.0000 1.0000
1384.0000 1.0000
1385.0000 1.0000
1386.0000 1.0000
1387.0000 1.0000
1388.0000 1.0000
1389.0000 1.0000
1390.0000 1.0000
1391.0000 1.0000
1392.0000 1.0000
1393.0000 1.0000
1394.0000 1.0000
1395.0000 1.0000
1396.0000 1.0000
1397.0000 1.0000
1398.0000 1.0000
1399.0000 1.0000
1400.0000 1.0000
1401.0000 1.0000
1402.0000 1.0000
1403.0000 1.0000
1404.0000 1.0000
1405.0000 1.0000
1406.0000 1.0000
1407.0000 1.0000
1408.0000 1.0000
1409.0000 1.0000
1410.0000 1.0000
