1.0000 0.0000
2.0000 0.0000
3.0000 0.0000
4.0000 0.0000
5.0000 0.0000
6.0000 0.0000
7.0000 0.0000
8.0000 0.0000
9.0000 0.0000
10.0000 0.0000
11.0000 0.0000
12.0000 0.0000
13.0000 0.0000
14.0000 0.0000
15.0000 0.1094
16.0000 0.0579
17.0000 -0.0270
18.0000 -0.0824
19.0000 -0.1125
20.0000 -0.1268
21.0000 -0.1330
22.0000 -0.1306
23.0000 -0.1221
24.0000 -0.1085
25.0000 -0.0871
26.0000 -0.0520
27.0000 0.0045
28.0000 0.0902
29.0000 0.2124
30.0000 0.3768
31.0000 0.5864
32.0000 0.8414
33.0000 1.1391
34.0000 1.4742
35.0000 1.8390
36.0000 2.2238
37.0000 2.6178
38.0000 3.0069
39.0000 3.3785
40.0000 3.7221
41.0000 4.0290
42.0000 4.2919
43.0000 4.5066
44.0000 4.6721
45.0000 4.7905
46.0000 4.8663
47.0000 4.9067
48.0000 4.9206
49.0000 4.9174
50.0000 4.9060
51.0000 4.8944
52.0000 4.8888
53.0000 4.8931
54.0000 4.9090
55.0000 4.9361
56.0000 4.9722
57.0000 5.0137
58.0000 5.0565
59.0000 5.0960
60.0000 5.1284
61.0000 5.1504
62.0000 5.1601
63.0000 5.1568
64.0000 5.1414
65.0000 5.1160
66.0000 5.0836
67.0000 5.0481
68.0000 5.0130
69.0000 4.9820
70.0000 4.9577
71.0000 4.9421
72.0000 4.9359
73.0000 4.9388
74.0000 4.9495
75.0000 4.9661
76.0000 4.9861
77.0000 5.0069
78.0000 5.0260
79.0000 5.0413
80.0000 5.0512
81.0000 5.0549
82.0000 5.0524
83.0000 5.0443
84.0000 5.0319
85.0000 5.0168
86.0000 5.0009
87.0000 4.9860
88.0000 4.9737
89.0000 4.9651
90.0000 4.9610
91.0000 4.9614
92.0000 4.9660
93.0000 4.9740
94.0000 4.9843
95.0000 4.9955
96.0000 5.0064
97.0000 5.0158
98.0000 5.0227
99.0000 5.0266
100.0000 5.0272
101.0000 5.0247
102.0000 5.0197
103.0000 5.0128
104.0000 5.0049
105.0000 4.9971
106.0000 4.9901
107.0000 4.9847
108.0000 4.9815
109.0000 4.9805
110.0000 4.9817
111.0000 4.9849
112.0000 4.9896
113.0000 4.9950
114.0000 5.0007
115.0000 5.0058
116.0000 5.0100
117.0000 5.0128
118.0000 5.0139
119.0000 5.0134
120.0000 5.0115
121.0000 5.0084
122.0000 5.0046
123.0000 5.0006
124.0000 4.9968
125.0000 4.9936
126.0000 4.9914
127.0000 4.9903
128.0000 4.9903
129.0000 4.9914
130.0000 4.9934
131.0000 4.9960
132.0000 4.9989
133.0000 5.0016
134.0000 5.0040
135.0000 5.0058
136.0000 5.0068
137.0000 5.0070
138.0000 5.0064
139.0000 5.0051
140.0000 5.0034
141.0000 5.0014
142.0000 4.9993
143.0000 4.9976
144.0000 4.9962
145.0000 4.9953
146.0000 4.9950
147.0000 4.9953
148.0000 4.9961
149.0000 4.9973
150.0000 4.9987
151.0000 5.0001
152.0000 5.0014
153.0000 5.0025
154.0000 5.0032
155.0000 5.0035
156.0000 5.0034
157.0000 5.0030
158.0000 5.0022
159.0000 5.0012
160.0000 5.0002
161.0000 4.9992
162.0000 4.9984
163.0000 4.9978
164.0000 4.9975
165.0000 4.9975
166.0000 4.9978
167.0000 4.9983
168.0000 4.9990
169.0000 4.9997
170.0000 5.0004
171.0000 5.0010
172.0000 5.0015
173.0000 5.0017
174.0000 5.0018
175.0000 5.0016
176.0000 5.0013
177.0000 5.0009
178.0000 5.0004
179.0000 4.9999
180.0000 4.9994
181.0000 4.9990
182.0000 4.9988
183.0000 4.9987
184.0000 4.9988
185.0000 4.9990
186.0000 4.9993
187.0000 4.9996
188.0000 5.0000
189.0000 5.0004
190.0000 5.0006
191.0000 5.0008
192.0000 5.0009
193.0000 5.0009
194.0000 5.0008
195.0000 5.0006
196.0000 5.0003
197.0000 5.0001
198.0000 4.9998
199.0000 4.9996
200.0000 4.9994
201.0000 4.9994
202.0000 4.9994
203.0000 4.9994
204.0000 4.9996
205.0000 4.9997
206.0000 4.9999
207.0000 5.0001
208.0000 5.0003
209.0000 5.0004
210.0000 5.0004
211.0000 5.0005
212.0000 5.0004
213.0000 5.0003
214.0000 5.0002
215.0000 3.2648
216.0000 1.8848
217.0000 0.9632
218.0000 0.3950
219.0000 0.0859
220.0000 0.0038
221.0000 0.1529
222.0000 0.4509
223.0000 0.8254
224.0000 1.2235
225.0000 1.6019
226.0000 1.9133
227.0000 2.1212
228.0000 2.2089
229.0000 2.1797
230.0000 2.0547
231.0000 1.8718
232.0000 1.6749
233.0000 1.5017
234.0000 1.3777
235.0000 1.3168
236.0000 1.3223
237.0000 1.3883
238.0000 1.5026
239.0000 1.6483
240.0000 1.8068
241.0000 1.9595
242.0000 2.0898
243.0000 2.1848
244.0000 2.2369
245.0000 2.2446
246.0000 2.2124
247.0000 2.1503
248.0000 2.0713
249.0000 1.9894
250.0000 1.9170
251.0000 1.8634
252.0000 1.8339
253.0000 1.8299
254.0000 1.8493
255.0000 1.8870
256.0000 1.9363
257.0000 1.9897
258.0000 2.0397
259.0000 2.0802
260.0000 2.1067
261.0000 2.1171
262.0000 2.1116
263.0000 2.0925
264.0000 2.0639
265.0000 2.0306
266.0000 1.9978
267.0000 1.9696
268.0000 1.9495
269.0000 1.9390
270.0000 1.9384
271.0000 1.9467
272.0000 1.9617
273.0000 1.9807
274.0000 2.0006
275.0000 2.0187
276.0000 2.0327
277.0000 2.0411
278.0000 2.0433
279.0000 2.0398
280.0000 2.0314
281.0000 2.0200
282.0000 2.0072
283.0000 1.9951
284.0000 1.9851
285.0000 1.9783
286.0000 1.9753
287.0000 1.9760
288.0000 1.9799
289.0000 1.9862
290.0000 1.9937
291.0000 2.0013
292.0000 2.0079
293.0000 2.0128
294.0000 2.0155
295.0000 2.0158
296.0000 2.0140
297.0000 2.0106
298.0000 2.0061
299.0000 2.0013
300.0000 1.9968
301.0000 1.9933
302.0000 1.9911
303.0000 1.9903
304.0000 1.9910
305.0000 1.9927
306.0000 1.9953
307.0000 1.9982
308.0000 2.0011
309.0000 2.0035
310.0000 2.0051
311.0000 2.0059
312.0000 2.0059
313.0000 2.0050
314.0000 2.0036
315.0000 2.0018
316.0000 2.0000
317.0000 1.9984
318.0000 1.9972
319.0000 1.9965
320.0000 1.9963
321.0000 1.9967
322.0000 1.9974
323.0000 1.9985
324.0000 1.9996
325.0000 2.0006
326.0000 2.0015
327.0000 2.0021
328.0000 2.0023
329.0000 2.0022
330.0000 2.0018
331.0000 2.0012
332.0000 2.0005
333.0000 1.9998
334.0000 1.9993
335.0000 1.9988
336.0000 1.9986
337.0000 1.9986
338.0000 1.9988
339.0000 1.9991
340.0000 1.9995
341.0000 1.9999
342.0000 2.0003
343.0000 2.0006
344.0000 2.0008
345.0000 2.0009
346.0000 2.0008
347.0000 2.0006
348.0000 2.0004
349.0000 2.0001
350.0000 1.9999
351.0000 1.9997
352.0000 1.9995
353.0000 1.9995
354.0000 1.9995
355.0000 1.9996
356.0000 1.9997
357.0000 1.9999
358.0000 2.0000
359.0000 2.0002
360.0000 2.0003
361.0000 2.0003
362.0000 2.0003
363.0000 2.0003
364.0000 2.0002
365.0000 2.0001
366.0000 2.0000
367.0000 1.9999
368.0000 1.9999
369.0000 1.9998
370.0000 1.9998
371.0000 1.9998
372.0000 1.9998
373.0000 1.9999
374.0000 2.0000
375.0000 2.0000
376.0000 2.0001
377.0000 2.0001
378.0000 2.0001
379.0000 2.0001
380.0000 2.0001
381.0000 2.0001
382.0000 2.0000
383.0000 2.0000
384.0000 2.0000
385.0000 1.9999
386.0000 1.9999
387.0000 1.9999
388.0000 1.9999
389.0000 1.9999
390.0000 2.0000
391.0000 2.0000
392.0000 2.0000
393.0000 2.0000
394.0000 2.0000
395.0000 2.0000
396.0000 2.0000
397.0000 2.0000
398.0000 2.0000
399.0000 2.0000
400.0000 2.0000
401.0000 2.0000
402.0000 2.0000
403.0000 2.0000
404.0000 2.0000
405.0000 2.0000
406.0000 2.0000
407.0000 2.0000
408.0000 2.0000
409.0000 2.0000
410.0000 2.0000
411.0000 2.0000
412.0000 2.0000
413.0000 2.0000
414.0000 2.0000
415.0000 2.0940
416.0000 1.7874
417.0000 1.3439
418.0000 0.9338
419.0000 0.6139
420.0000 0.3858
421.0000 0.2632
422.0000 0.2688
423.0000 0.3956
424.0000 0.6228
425.0000 0.9291
426.0000 1.2934
427.0000 1.6911
428.0000 2.0968
429.0000 2.4876
430.0000 2.8442
431.0000 3.1511
432.0000 3.3973
433.0000 3.5780
434.0000 3.6946
435.0000 3.7540
436.0000 3.7679
437.0000 3.7509
438.0000 3.7187
439.0000 3.6858
440.0000 3.6639
441.0000 3.6612
442.0000 3.6816
443.0000 3.7254
444.0000 3.7892
445.0000 3.8671
446.0000 3.9516
447.0000 4.0345
448.0000 4.1081
449.0000 4.1656
450.0000 4.2024
451.0000 4.2160
452.0000 4.2069
453.0000 4.1780
454.0000 4.1341
455.0000 4.0815
456.0000 4.0272
457.0000 3.9773
458.0000 3.9372
459.0000 3.9105
460.0000 3.8990
461.0000 3.9024
462.0000 3.9188
463.0000 3.9452
464.0000 3.9774
465.0000 4.0112
466.0000 4.0423
467.0000 4.0671
468.0000 4.0831
469.0000 4.0890
470.0000 4.0846
471.0000 4.0713
472.0000 4.0511
473.0000 4.0268
474.0000 4.0016
475.0000 3.9785
476.0000 3.9599
477.0000 3.9476
478.0000 3.9425
479.0000 3.9446
480.0000 3.9529
481.0000 3.9661
482.0000 3.9823
483.0000 3.9992
484.0000 4.0149
485.0000 4.0277
486.0000 4.0362
487.0000 4.0399
488.0000 4.0386
489.0000 4.0330
490.0000 4.0239
491.0000 4.0127
492.0000 4.0010
493.0000 3.9900
494.0000 3.9811
495.0000 3.9751
496.0000 3.9725
497.0000 3.9732
498.0000 3.9771
499.0000 3.9833
500.0000 3.9909
501.0000 3.9990
502.0000 4.0066
503.0000 4.0128
504.0000 4.0171
505.0000 4.0190
506.0000 4.0186
507.0000 4.0161
508.0000 4.0118
509.0000 4.0066
510.0000 4.0010
511.0000 3.9957
512.0000 3.9913
513.0000 3.9883
514.0000 3.9869
515.0000 3.9872
516.0000 3.9889
517.0000 3.9918
518.0000 3.9954
519.0000 3.9992
520.0000 4.0029
521.0000 4.0059
522.0000 4.0080
523.0000 4.0090
524.0000 4.0089
525.0000 4.0078
526.0000 4.0058
527.0000 4.0033
528.0000 4.0007
529.0000 3.9981
530.0000 3.9960
531.0000 3.9945
532.0000 3.9938
533.0000 3.9938
534.0000 3.9946
535.0000 3.9959
536.0000 3.9976
537.0000 3.9995
538.0000 4.0012
539.0000 4.0027
540.0000 4.0038
541.0000 4.0043
542.0000 4.0043
543.0000 4.0038
544.0000 4.0029
545.0000 4.0017
546.0000 4.0004
547.0000 3.9992
548.0000 3.9982
549.0000 3.9974
550.0000 3.9971
551.0000 3.9971
552.0000 3.9974
553.0000 3.9980
554.0000 3.9988
555.0000 3.9997
556.0000 4.0005
557.0000 4.0012
558.0000 4.0018
559.0000 4.0020
560.0000 4.0020
561.0000 4.0018
562.0000 4.0014
563.0000 4.0009
564.0000 4.0002
565.0000 3.9997
566.0000 3.9992
567.0000 3.9988
568.0000 3.9986
569.0000 3.9986
570.0000 3.9987
571.0000 3.9990
572.0000 3.9994
573.0000 3.9998
574.0000 4.0002
575.0000 4.0006
576.0000 4.0008
577.0000 4.0010
578.0000 4.0010
579.0000 4.0009
580.0000 4.0007
581.0000 4.0004
582.0000 4.0001
583.0000 3.9999
584.0000 3.9996
585.0000 3.9994
586.0000 3.9993
587.0000 3.9993
588.0000 3.9994
589.0000 3.9995
590.0000 3.9997
591.0000 3.9999
592.0000 4.0001
593.0000 4.0003
594.0000 4.0004
595.0000 4.0005
596.0000 4.0005
597.0000 4.0004
598.0000 4.0003
599.0000 4.0002
600.0000 4.0001
601.0000 3.9999
602.0000 3.9998
603.0000 3.9997
604.0000 3.9997
605.0000 3.9997
606.0000 3.9997
607.0000 3.9998
608.0000 3.9998
609.0000 3.9999
610.0000 4.0000
611.0000 4.0001
612.0000 4.0002
613.0000 4.0002
614.0000 4.0002
615.0000 2.6049
616.0000 1.5314
617.0000 0.9124
618.0000 0.6183
619.0000 0.5421
620.0000 0.6488
621.0000 0.9031
622.0000 1.2189
623.0000 1.5141
624.0000 1.7303
625.0000 1.8181
626.0000 1.7363
627.0000 1.4948
628.0000 1.1655
629.0000 0.8336
630.0000 0.5562
631.0000 0.3556
632.0000 0.2343
633.0000 0.1852
634.0000 0.1933
635.0000 0.2372
636.0000 0.2943
637.0000 0.3454
638.0000 0.3766
639.0000 0.3812
640.0000 0.3605
641.0000 0.3220
642.0000 0.2755
643.0000 0.2299
644.0000 0.1916
645.0000 0.1632
646.0000 0.1451
647.0000 0.1352
648.0000 0.1309
649.0000 0.1290
650.0000 0.1272
651.0000 0.1240
652.0000 0.1187
653.0000 0.1116
654.0000 0.1033
655.0000 0.0946
656.0000 0.0862
657.0000 0.0786
658.0000 0.0719
659.0000 0.0661
660.0000 0.0610
661.0000 0.0565
662.0000 0.0523
663.0000 0.0483
664.0000 0.0443
665.0000 0.0404
666.0000 0.0365
667.0000 0.0328
668.0000 0.0292
669.0000 0.0257
670.0000 0.0224
671.0000 0.0192
672.0000 0.0162
673.0000 0.0133
674.0000 0.0106
675.0000 0.0079
676.0000 0.0054
677.0000 0.0029
678.0000 0.0005
679.0000 -0.0018
680.0000 -0.0040
681.0000 -0.0062
682.0000 -0.0083
683.0000 -0.0103
684.0000 -0.0122
685.0000 -0.0141
686.0000 -0.0160
687.0000 -0.0177
688.0000 -0.0195
689.0000 -0.0211
690.0000 -0.0227
691.0000 -0.0243
692.0000 -0.0258
693.0000 -0.0273
694.0000 -0.0288
695.0000 -0.0302
696.0000 -0.0315
697.0000 -0.0329
698.0000 -0.0342
699.0000 -0.0354
700.0000 -0.0366
701.0000 -0.0378
702.0000 -0.0390
703.0000 -0.0401
704.0000 -0.0412
705.0000 -0.0423
706.0000 -0.0434
707.0000 -0.0444
708.0000 -0.0454
709.0000 -0.0464
710.0000 -0.0474
711.0000 -0.0483
712.0000 -0.0492
713.0000 -0.0501
714.0000 -0.0510
715.0000 -0.0519
716.0000 -0.0527
717.0000 -0.0535
718.0000 -0.0543
719.0000 -0.0551
720.0000 -0.0559
721.0000 -0.0567
722.0000 -0.0574
723.0000 -0.0581
724.0000 -0.0589
725.0000 -0.0596
726.0000 -0.0603
727.0000 -0.0609
728.0000 -0.0616
729.0000 -0.0622
730.0000 -0.0629
731.0000 -0.0635
732.0000 -0.0641
733.0000 -0.0647
734.0000 -0.0653
735.0000 -0.0659
736.0000 -0.0665
737.0000 -0.0670
738.0000 -0.0676
739.0000 -0.0681
740.0000 -0.0687
741.0000 -0.0692
742.0000 -0.0697
743.0000 -0.0702
744.0000 -0.0707
745.0000 -0.0712
746.0000 -0.0717
747.0000 -0.0722
748.0000 -0.0727
749.0000 -0.0731
750.0000 -0.0736
751.0000 -0.0740
752.0000 -0.0745
753.0000 -0.0749
754.0000 -0.0754
755.0000 -0.0758
756.0000 -0.0762
757.0000 -0.0766
758.0000 -0.0770
759.0000 -0.0774
760.0000 -0.0778
761.0000 -0.0782
762.0000 -0.0786
763.0000 -0.0790
764.0000 -0.0793
765.0000 -0.0797
766.0000 -0.0801
767.0000 -0.0804
768.0000 -0.0808
769.0000 -0.0812
770.0000 -0.0815
771.0000 -0.0818
772.0000 -0.0822
773.0000 -0.0825
774.0000 -0.0828
775.0000 -0.0832
776.0000 -0.0835
777.0000 -0.0838
778.0000 -0.0841
779.0000 -0.0844
780.0000 -0.0848
781.0000 -0.0851
782.0000 -0.0854
783.0000 -0.0857
784.0000 -0.0859
785.0000 -0.0862
786.0000 -0.0865
787.0000 -0.0868
788.0000 -0.0871
789.0000 -0.0874
790.0000 -0.0876
791.0000 -0.0879
792.0000 -0.0882
793.0000 -0.0885
794.0000 -0.0887
795.0000 -0.0890
796.0000 -0.0892
797.0000 -0.0895
798.0000 -0.0898
799.0000 -0.0900
800.0000 -0.0903
801.0000 -0.0905
802.0000 -0.0907
803.0000 -0.0910
804.0000 -0.0912
805.0000 -0.0915
806.0000 -0.0917
807.0000 -0.0919
808.0000 -0.0922
809.0000 -0.0924
810.0000 -0.0926
811.0000 -0.0928
812.0000 -0.0931
813.0000 -0.0933
814.0000 -0.0935
815.0000 -0.0932
816.0000 -0.0904
817.0000 -0.0898
818.0000 -0.0899
819.0000 -0.0900
820.0000 -0.0901
821.0000 -0.0901
822.0000 -0.0901
823.0000 -0.0901
824.0000 -0.0899
825.0000 -0.0898
826.0000 -0.0896
827.0000 -0.0894
828.0000 -0.0893
829.0000 -0.0891
830.0000 -0.0889
831.0000 -0.0888
832.0000 -0.0886
833.0000 -0.0884
834.0000 -0.0883
835.0000 -0.0881
836.0000 -0.0879
837.0000 -0.0878
838.0000 -0.0876
839.0000 -0.0874
840.0000 -0.0873
841.0000 -0.0871
842.0000 -0.0869
843.0000 -0.0868
844.0000 -0.0866
845.0000 -0.0864
846.0000 -0.0863
847.0000 -0.0861
848.0000 -0.0859
849.0000 -0.0858
850.0000 -0.0856
851.0000 -0.0855
852.0000 -0.0853
853.0000 -0.0851
854.0000 -0.0850
855.0000 -0.0848
856.0000 -0.0846
857.0000 -0.0845
858.0000 -0.0843
859.0000 -0.0841
860.0000 -0.0840
861.0000 -0.0838
862.0000 -0.0837
863.0000 -0.0835
864.0000 -0.0833
865.0000 -0.0832
866.0000 -0.0830
867.0000 -0.0829
868.0000 -0.0827
869.0000 -0.0825
870.0000 -0.0824
871.0000 -0.0822
872.0000 -0.0820
873.0000 -0.0819
874.0000 -0.0817
875.0000 -0.0816
876.0000 -0.0814
877.0000 -0.0813
878.0000 -0.0811
879.0000 -0.0809
880.0000 -0.0808
881.0000 -0.0806
882.0000 -0.0805
883.0000 -0.0803
884.0000 -0.0801
885.0000 -0.0800
886.0000 -0.0798
887.0000 -0.0797
888.0000 -0.0795
889.0000 -0.0794
890.0000 -0.0792
891.0000 -0.0791
892.0000 -0.0789
893.0000 -0.0788
894.0000 -0.0786
895.0000 -0.0784
896.0000 -0.0783
897.0000 -0.0781
898.0000 -0.0780
899.0000 -0.0778
900.0000 -0.0777
901.0000 -0.0775
902.0000 -0.0774
903.0000 -0.0772
904.0000 -0.0771
905.0000 -0.0769
906.0000 -0.0768
907.0000 -0.0766
908.0000 -0.0765
909.0000 -0.0763
910.0000 -0.0762
911.0000 -0.0760
912.0000 -0.0759
913.0000 -0.0757
914.0000 -0.0756
915.0000 -0.0754
916.0000 -0.0753
917.0000 -0.0752
918.0000 -0.0750
919.0000 -0.0749
920.0000 -0.0747
921.0000 -0.0746
922.0000 -0.0744
923.0000 -0.0743
924.0000 -0.0742
925.0000 -0.0740
926.0000 -0.0739
927.0000 -0.0737
928.0000 -0.0736
929.0000 -0.0734
930.0000 -0.0733
931.0000 -0.0732
932.0000 -0.0730
933.0000 -0.0729
934.0000 -0.0728
935.0000 -0.0726
936.0000 -0.0725
937.0000 -0.0723
938.0000 -0.0722
939.0000 -0.0721
940.0000 -0.0719
941.0000 -0.0718
942.0000 -0.0717
943.0000 -0.0715
944.0000 -0.0714
945.0000 -0.0713
946.0000 -0.0711
947.0000 -0.0710
948.0000 -0.0709
949.0000 -0.0707
950.0000 -0.0706
951.0000 -0.0705
952.0000 -0.0703
953.0000 -0.0702
954.0000 -0.0701
955.0000 -0.0700
956.0000 -0.0698
957.0000 -0.0697
958.0000 -0.0696
959.0000 -0.0695
960.0000 -0.0693
961.0000 -0.0692
962.0000 -0.0691
963.0000 -0.0690
964.0000 -0.0688
965.0000 -0.0687
966.0000 -0.0686
967.0000 -0.0685
968.0000 -0.0683
969.0000 -0.0682
970.0000 -0.0681
971.0000 -0.0680
972.0000 -0.0679
973.0000 -0.0678
974.0000 -0.0676
975.0000 -0.0675
976.0000 -0.0674
977.0000 -0.0673
978.0000 -0.0672
979.0000 -0.0671
980.0000 -0.0669
981.0000 -0.0668
982.0000 -0.0667
983.0000 -0.0666
984.0000 -0.0665
985.0000 -0.0664
986.0000 -0.0663
987.0000 -0.0661
988.0000 -0.0660
989.0000 -0.0659
990.0000 -0.0658
991.0000 -0.0657
992.0000 -0.0656
993.0000 -0.0655
994.0000 -0.0654
995.0000 -0.0653
996.0000 -0.0652
997.0000 -0.0651
998.0000 -0.0650
999.0000 -0.0649
1000.0000 -0.0648
1001.0000 -0.0647
1002.0000 -0.0645
1003.0000 -0.0644
1004.0000 -0.0643
1005.0000 -0.0642
1006.0000 -0.0641
1007.0000 -0.0640
1008.0000 -0.0639
1009.0000 -0.0638
1010.0000 -0.0637
1011.0000 -0.0636
1012.0000 -0.0635
1013.0000 -0.0635
1014.0000 -0.0634
1015.0000 -0.0642
1016.0000 -0.0662
1017.0000 -0.0668
1018.0000 -0.0670
1019.0000 -0.0670
1020.0000 -0.0670
1021.0000 -0.0670
1022.0000 -0.0671
1023.0000 -0.0672
1024.0000 -0.0674
1025.0000 -0.0676
1026.0000 -0.0678
1027.0000 -0.0680
1028.0000 -0.0683
1029.0000 -0.0685
1030.0000 -0.0687
1031.0000 -0.0689
1032.0000 -0.0691
1033.0000 -0.0693
1034.0000 -0.0695
1035.0000 -0.0697
1036.0000 -0.0699
1037.0000 -0.0701
1038.0000 -0.0702
1039.0000 -0.0704
1040.0000 -0.0706
1041.0000 -0.0708
1042.0000 -0.0710
1043.0000 -0.0712
1044.0000 -0.0713
1045.0000 -0.0715
1046.0000 -0.0717
1047.0000 -0.0719
1048.0000 -0.0720
1049.0000 -0.0722
1050.0000 -0.0724
1051.0000 -0.0726
1052.0000 -0.0727
1053.0000 -0.0729
1054.0000 -0.0730
1055.0000 -0.0732
1056.0000 -0.0734
1057.0000 -0.0735
1058.0000 -0.0737
1059.0000 -0.0738
1060.0000 -0.0740
1061.0000 -0.0741
1062.0000 -0.0743
1063.0000 -0.0744
1064.0000 -0.0746
1065.0000 -0.0747
1066.0000 -0.0749
1067.0000 -0.0750
1068.0000 -0.0752
1069.0000 -0.0753
1070.0000 -0.0755
1071.0000 -0.0756
1072.0000 -0.0757
1073.0000 -0.0759
1074.0000 -0.0760
1075.0000 -0.0761
1076.0000 -0.0763
1077.0000 -0.0764
1078.0000 -0.0765
1079.0000 -0.0767
1080.0000 -0.0768
1081.0000 -0.0769
1082.0000 -0.0771
1083.0000 -0.0772
1084.0000 -0.0773
1085.0000 -0.0774
1086.0000 -0.0776
1087.0000 -0.0777
1088.0000 -0.0778
1089.0000 -0.0779
1090.0000 -0.0780
1091.0000 -0.0782
1092.0000 -0.0783
1093.0000 -0.0784
1094.0000 -0.0785
1095.0000 -0.0786
1096.0000 -0.0787
1097.0000 -0.0789
1098.0000 -0.0790
1099.0000 -0.0791
1100.0000 -0.0792
1101.0000 -0.0793
1102.0000 -0.0794
1103.0000 -0.0795
1104.0000 -0.0796
1105.0000 -0.0797
1106.0000 -0.0798
1107.0000 -0.0799
1108.0000 -0.0801
1109.0000 -0.0802
1110.0000 -0.0803
1111.0000 -0.0804
1112.0000 -0.0805
1113.0000 -0.0806
1114.0000 -0.0807
1115.0000 -0.0808
1116.0000 -0.0809
1117.0000 -0.0810
1118.0000 -0.0811
1119.0000 -0.0811
1120.0000 -0.0812
1121.0000 -0.0813
1122.0000 -0.0814
1123.0000 -0.0815
1124.0000 -0.0816
1125.0000 -0.0817
1126.0000 -0.0818
1127.0000 -0.0819
1128.0000 -0.0820
1129.0000 -0.0821
1130.0000 -0.0822
1131.0000 -0.0823
1132.0000 -0.0823
1133.0000 -0.0824
1134.0000 -0.0825
1135.0000 -0.0826
1136.0000 -0.0827
1137.0000 -0.0828
1138.0000 -0.0829
1139.0000 -0.0829
1140.0000 -0.0830
1141.0000 -0.0831
1142.0000 -0.0832
1143.0000 -0.0833
1144.0000 -0.0833
1145.0000 -0.0834
1146.0000 -0.0835
1147.0000 -0.0836
1148.0000 -0.0837
1149.0000 -0.0837
1150.0000 -0.0838
1151.0000 -0.0839
1152.0000 -0.0840
1153.0000 -0.0841
1154.0000 -0.0841
1155.0000 -0.0842
1156.0000 -0.0843
1157.0000 -0.0844
1158.0000 -0.0844
1159.0000 -0.0845
1160.0000 -0.0846
1161.0000 -0.0846
1162.0000 -0.0847
1163.0000 -0.0848
1164.0000 -0.0849
1165.0000 -0.0849
1166.0000 -0.0850
1167.0000 -0.0851
1168.0000 -0.0851
1169.0000 -0.0852
1170.0000 -0.0853
1171.0000 -0.0853
1172.0000 -0.0854
1173.0000 -0.0855
1174.0000 -0.0855
1175.0000 -0.0856
1176.0000 -0.0857
1177.0000 -0.0857
1178.0000 -0.0858
1179.0000 -0.0859
1180.0000 -0.0859
1181.0000 -0.0860
1182.0000 -0.0861
1183.0000 -0.0861
1184.0000 -0.0862
1185.0000 -0.0863
1186.0000 -0.0863
1187.0000 -0.0864
1188.0000 -0.0864
1189.0000 -0.0865
1190.0000 -0.0866
1191.0000 -0.0866
1192.0000 -0.0867
1193.0000 -0.0867
1194.0000 -0.0868
1195.0000 -0.0869
1196.0000 -0.0869
1197.0000 -0.0870
1198.0000 -0.0870
1199.0000 -0.0871
1200.0000 -0.0872
1201.0000 -0.0872
1202.0000 -0.0873
1203.0000 -0.0873
1204.0000 -0.0874
1205.0000 -0.0874
1206.0000 -0.0875
1207.0000 -0.0875
1208.0000 -0.0876
1209.0000 -0.0877
1210.0000 -0.0877
1211.0000 -0.0878
1212.0000 -0.0878
1213.0000 -0.0879
1214.0000 -0.0879
1215.0000 -0.0449
1216.0000 0.0142
1217.0000 0.0389
1218.0000 0.0489
1219.0000 0.0550
1220.0000 0.0592
1221.0000 0.0617
1222.0000 0.0674
1223.0000 0.0796
1224.0000 0.0980
1225.0000 0.1217
1226.0000 0.1499
1227.0000 0.1816
1228.0000 0.2153
1229.0000 0.2499
1230.0000 0.2846
1231.0000 0.3188
1232.0000 0.3522
1233.0000 0.3849
1234.0000 0.4169
1235.0000 0.4484
1236.0000 0.4794
1237.0000 0.5101
1238.0000 0.5404
1239.0000 0.5703
1240.0000 0.5995
1241.0000 0.6280
1242.0000 0.6554
1243.0000 0.6816
1244.0000 0.7065
1245.0000 0.7298
1246.0000 0.7516
1247.0000 0.7719
1248.0000 0.7907
1249.0000 0.8080
1250.0000 0.8241
1251.0000 0.8390
1252.0000 0.8528
1253.0000 0.8657
1254.0000 0.8776
1255.0000 0.8887
1256.0000 0.8990
1257.0000 0.9086
1258.0000 0.9173
1259.0000 0.9254
1260.0000 0.9327
1261.0000 0.9393
1262.0000 0.9453
1263.0000 0.9507
1264.0000 0.9555
1265.0000 0.9599
1266.0000 0.9638
1267.0000 0.9674
1268.0000 0.9706
1269.0000 0.9735
1270.0000 0.9762
1271.0000 0.9786
1272.0000 0.9809
1273.0000 0.9829
1274.0000 0.9847
1275.0000 0.9864
1276.0000 0.9878
1277.0000 0.9891
1278.0000 0.9903
1279.0000 0.9913
1280.0000 0.9922
1281.0000 0.9930
1282.0000 0.9937
1283.0000 0.9944
1284.0000 0.9950
1285.0000 0.9955
1286.0000 0.9960
1287.0000 0.9964
1288.0000 0.9968
1289.0000 0.9972
1290.0000 0.9975
1291.0000 0.9978
1292.0000 0.9980
1293.0000 0.9982
1294.0000 0.9984
1295.0000 0.9986
1296.0000 0.9988
1297.0000 0.9989
1298.0000 0.9990
1299.0000 0.9991
1300.0000 0.9992
1301.0000 0.9993
1302.0000 0.9994
1303.0000 0.9994
1304.0000 0.9995
1305.0000 0.9996
1306.0000 0.9996
1307.0000 0.9997
1308.0000 0.9997
1309.0000 0.9997
1310.0000 0.9998
1311.0000 0.9998
1312.0000 0.9998
1313.0000 0.9998
1314.0000 0.9998
1315.0000 0.9999
1316.0000 0.9999
1317.0000 0.9999
1318.0000 0.9999
1319.0000 0.9999
1320.0000 0.9999
1321.0000 0.9999
1322.0000 0.9999
1323.0000 0.9999
1324.0000 1.0000
1325.0000 1.0000
1326.0000 1.0000
1327.0000 1.0000
1328.0000 1.0000
1329.0000 1.0000
1330.0000 1.0000
1331.0000 1.0000
1332.0000 1.0000
1333.0000 1.0000
1334.0000 1.0000
1335.0000 1.0000
1336.0000 1.0000
1337.0000 1.0000
1338.0000 1.0000
1339.0000 1.0000
1340.0000 1.0000
1341.0000 1.0000
1342.0000 1.0000
1343.0000 1.0000
1344.0000 1.0000
1345.0000 1.0000
1346.0000 1.0000
1347.0000 1.0000
1348.0000 1.0000
1349.0000 1.0000
1350.0000 1.0000
1351.0000 1.0000
1352.0000 1.0000
1353.0000 1.0000
1354.0000 1.0000
1355.0000 1.0000
1356.0000 1.0000
1357.0000 1.0000
1358.0000 1.0000
1359.0000 1.0000
1360.0000 1.0000
1361.0000 1.0000
1362.0000 1.0000
1363.0000 1.0000
1364.0000 1.0000
1365.0000 1.0000
1366.0000 1.0000
1367.0000 1.0000
1368.0000 1.0000
1369.0000 1.0000
1370.0000 1.0000
1371.0000 1.0000
1372.0000 1.0000
1373.0000 1.0000
1374.0000 1.0000
1375.0000 1.0000
1376.0000 1.0000
1377.0000 1.0000
1378.0000 1.0000
1379.0000 1.0000
1380.0000 1.0000
1381.0000 1.0000
1382.0000 1.0000
1383.0000 1.0000
1384.0000 1.0000
1385.0000 1.0000
1386.0000 1.0000
1387.0000 1.0000
1388.0000 1.0000
1389.0000 1.0000
1390.0000 1.0000
1391.0000 1.0000
1392.0000 1.0000
1393.0000 1.0000
1394.0000 1.0000
1395.0000 1.0000
1396.0000 1.0000
1397.0000 1.0000
1398.0000 1.0000
1399.0000 1.0000
1400.0000 1.0000
1401.0000 1.0000
1402.0000 1.0000
1403.0000 1.0000
1404.0000 1.0000
1405.0000 1.0000
1406.0000 1.0000
1407.0000 1.0000
1408.0000 1.0000
1409.0000 1.0000
1410.0000 1.0000
