1.0000 0.0000
2.0000 0.0000
3.0000 0.0000
4.0000 0.0000
5.0000 0.0000
6.0000 0.0000
7.0000 0.0000
8.0000 0.0000
9.0000 0.0000
10.0000 0.9115
11.0000 0.9844
12.0000 1.0000
13.0000 1.0000
14.0000 1.0000
15.0000 1.0000
16.0000 1.0000
17.0000 0.9986
18.0000 0.9790
19.0000 0.9469
20.0000 0.9068
21.0000 0.8623
22.0000 0.8160
23.0000 0.7708
24.0000 0.7298
25.0000 0.6963
26.0000 0.6727
27.0000 0.6615
28.0000 0.6638
29.0000 0.6803
30.0000 0.7102
31.0000 0.7516
32.0000 0.8018
33.0000 0.8572
34.0000 0.9139
35.0000 0.9684
36.0000 1.0000
37.0000 1.0000
38.0000 1.0000
39.0000 1.0000
40.0000 1.0000
41.0000 0.9963
42.0000 0.9840
43.0000 0.9658
44.0000 0.9436
45.0000 0.9192
46.0000 0.8940
47.0000 0.8696
48.0000 0.8476
49.0000 0.8297
50.0000 0.8171
51.0000 0.8109
52.0000 0.8116
53.0000 0.8195
54.0000 0.8342
55.0000 0.8548
56.0000 0.8800
57.0000 0.9082
58.0000 0.9375
59.0000 0.9662
60.0000 0.9923
61.0000 1.0000
62.0000 1.0000
63.0000 1.0000
64.0000 1.0000
65.0000 0.9973
66.0000 0.9889
67.0000 0.9762
68.0000 0.9607
69.0000 0.9434
70.0000 0.9254
71.0000 0.9076
72.0000 0.8913
73.0000 0.8777
74.0000 0.8675
75.0000 0.8616
76.0000 0.8604
77.0000 0.8642
78.0000 0.8727
79.0000 0.8854
80.0000 0.9016
81.0000 0.9202
82.0000 0.9400
83.0000 0.9597
84.0000 0.9782
85.0000 0.9942
86.0000 1.0000
87.0000 1.0000
88.0000 1.0000
89.0000 0.9992
90.0000 0.9936
91.0000 0.9842
92.0000 0.9718
93.0000 0.9576
94.0000 0.9422
95.0000 0.9267
96.0000 0.9120
97.0000 0.8989
98.0000 0.8885
99.0000 0.8814
100.0000 0.8781
101.0000 0.8788
102.0000 0.8837
103.0000 0.8924
104.0000 0.9043
105.0000 0.9188
106.0000 0.9348
107.0000 0.9514
108.0000 0.9674
109.0000 0.9820
110.0000 0.9941
111.0000 1.0000
112.0000 1.0000
113.0000 1.0000
114.0000 0.9973
115.0000 0.9907
116.0000 0.9808
117.0000 0.9686
118.0000 0.9548
119.0000 0.9403
120.0000 0.9259
121.0000 0.9125
122.0000 0.9010
123.0000 0.8921
124.0000 0.8864
125.0000 0.8844
126.0000 0.8862
127.0000 0.8917
128.0000 0.9007
129.0000 0.9125
130.0000 0.9263
131.0000 0.9414
132.0000 0.9566
133.0000 0.9711
134.0000 0.9839
135.0000 0.9943
136.0000 1.0000
137.0000 1.0000
138.0000 1.0000
139.0000 0.9963
140.0000 0.9891
141.0000 0.9789
142.0000 0.9667
143.0000 0.9530
144.0000 0.9388
145.0000 0.9248
146.0000 0.9120
147.0000 0.9012
148.0000 0.8930
149.0000 0.8881
150.0000 0.8868
151.0000 0.8892
152.0000 0.8952
153.0000 0.9045
154.0000 0.9163
155.0000 0.9301
156.0000 0.9448
157.0000 0.9595
158.0000 0.9733
159.0000 0.9853
160.0000 0.9949
161.0000 1.0000
162.0000 1.0000
163.0000 0.9993
164.0000 0.9950
165.0000 0.9874
166.0000 0.9770
167.0000 0.9646
168.0000 0.9510
169.0000 0.9369
170.0000 0.9233
171.0000 0.9109
172.0000 0.9006
173.0000 0.8930
174.0000 0.8888
175.0000 0.8880
176.0000 0.8910
177.0000 0.8974
178.0000 0.9070
179.0000 0.9190
180.0000 0.9327
181.0000 0.9473
182.0000 0.9617
183.0000 0.9751
184.0000 0.9866
185.0000 0.9955
186.0000 1.0000
187.0000 1.0000
188.0000 0.9987
189.0000 0.9939
190.0000 0.9859
191.0000 0.9753
192.0000 0.9627
193.0000 0.9491
194.0000 0.9351
195.0000 0.9217
196.0000 0.9096
197.0000 0.8998
198.0000 0.8927
199.0000 0.8889
200.0000 0.8887
201.0000 0.8922
202.0000 0.8990
203.0000 0.9089
204.0000 0.9211
205.0000 0.9349
206.0000 0.9494
207.0000 0.9636
208.0000 0.9767
209.0000 0.9878
210.0000 0.4493
211.0000 0.4108
212.0000 0.3688
213.0000 0.3233
214.0000 0.2743
215.0000 0.2698
216.0000 0.3077
217.0000 0.3758
218.0000 0.4633
219.0000 0.5609
220.0000 0.6572
221.0000 0.7429
222.0000 0.8128
223.0000 0.8647
224.0000 0.8979
225.0000 0.9122
226.0000 0.9084
227.0000 0.8879
228.0000 0.8526
229.0000 0.8050
230.0000 0.7481
231.0000 0.6854
232.0000 0.6206
233.0000 0.5577
234.0000 0.5007
235.0000 0.4535
236.0000 0.4195
237.0000 0.4016
238.0000 0.4013
239.0000 0.4186
240.0000 0.4515
241.0000 0.4964
242.0000 0.5481
243.0000 0.6013
244.0000 0.6514
245.0000 0.6948
246.0000 0.7290
247.0000 0.7527
248.0000 0.7653
249.0000 0.7668
250.0000 0.7580
251.0000 0.7400
252.0000 0.7143
253.0000 0.6829
254.0000 0.6478
255.0000 0.6114
256.0000 0.5761
257.0000 0.5442
258.0000 0.5178
259.0000 0.4988
260.0000 0.4885
261.0000 0.4874
262.0000 0.4953
263.0000 0.5114
264.0000 0.5338
265.0000 0.5604
266.0000 0.5887
267.0000 0.6162
268.0000 0.6411
269.0000 0.6617
270.0000 0.6768
271.0000 0.6859
272.0000 0.6887
273.0000 0.6855
274.0000 0.6769
275.0000 0.6636
276.0000 0.6469
277.0000 0.6279
278.0000 0.6080
279.0000 0.5886
280.0000 0.5709
281.0000 0.5562
282.0000 0.5454
283.0000 0.5392
284.0000 0.5378
285.0000 0.5412
286.0000 0.5490
287.0000 0.5602
288.0000 0.5738
289.0000 0.5887
290.0000 0.6036
291.0000 0.6174
292.0000 0.6292
293.0000 0.6383
294.0000 0.6443
295.0000 0.6468
296.0000 0.6459
297.0000 0.6420
298.0000 0.6354
299.0000 0.6267
300.0000 0.6166
301.0000 0.6058
302.0000 0.5952
303.0000 0.5855
304.0000 0.5773
305.0000 0.5711
306.0000 0.5673
307.0000 0.5661
308.0000 0.5674
309.0000 0.5710
310.0000 0.5766
311.0000 0.5836
312.0000 0.5914
313.0000 0.5994
314.0000 0.6070
315.0000 0.6137
316.0000 0.6190
317.0000 0.6227
318.0000 0.6245
319.0000 0.6245
320.0000 0.6228
321.0000 0.6195
322.0000 0.6151
323.0000 0.6098
324.0000 0.6040
325.0000 0.5983
326.0000 0.5929
327.0000 0.5883
328.0000 0.5848
329.0000 0.5825
330.0000 0.5816
331.0000 0.5820
332.0000 0.5837
333.0000 0.5864
334.0000 0.5900
335.0000 0.5941
336.0000 0.5984
337.0000 0.6025
338.0000 0.6062
339.0000 0.6093
340.0000 0.6115
341.0000 0.6127
342.0000 0.6130
343.0000 0.6123
344.0000 0.6107
345.0000 0.6084
346.0000 0.6057
347.0000 0.6026
348.0000 0.5995
349.0000 0.5966
350.0000 0.5940
351.0000 0.5920
352.0000 0.5906
353.0000 0.5900
354.0000 0.5900
355.0000 0.5908
356.0000 0.5921
357.0000 0.5940
358.0000 0.5961
359.0000 0.5984
360.0000 0.6006
361.0000 0.6027
362.0000 0.6044
363.0000 0.6057
364.0000 0.6065
365.0000 0.6068
366.0000 0.6065
367.0000 0.6058
368.0000 0.6046
369.0000 0.6032
370.0000 0.6016
371.0000 0.5999
372.0000 0.5983
373.0000 0.5969
374.0000 0.5957
375.0000 0.5949
376.0000 0.5945
377.0000 0.5944
378.0000 0.5948
379.0000 0.5954
380.0000 0.5963
381.0000 0.5974
382.0000 0.5987
383.0000 0.5999
384.0000 0.6010
385.0000 0.6020
386.0000 0.6027
387.0000 0.6032
388.0000 0.6034
389.0000 0.6033
390.0000 0.6030
391.0000 0.6024
392.0000 0.6017
393.0000 0.6009
394.0000 0.6000
395.0000 0.5991
396.0000 0.5983
397.0000 0.5977
398.0000 0.5972
399.0000 0.5969
400.0000 0.5968
401.0000 0.5969
402.0000 0.5973
403.0000 0.5977
404.0000 0.5983
405.0000 0.5989
406.0000 0.5996
407.0000 0.6002
408.0000 0.6008
409.0000 0.6012
410.0000 0.9661
411.0000 0.9954
412.0000 1.0000
413.0000 1.0000
414.0000 1.0000
415.0000 1.0000
416.0000 0.9934
417.0000 0.9718
418.0000 0.9394
419.0000 0.8997
420.0000 0.8553
421.0000 0.8089
422.0000 0.7630
423.0000 0.7207
424.0000 0.6849
425.0000 0.6580
426.0000 0.6424
427.0000 0.6392
428.0000 0.6492
429.0000 0.6718
430.0000 0.7053
431.0000 0.7473
432.0000 0.7944
433.0000 0.8431
434.0000 0.8900
435.0000 0.9321
436.0000 0.9668
437.0000 0.9924
438.0000 1.0000
439.0000 1.0000
440.0000 0.9939
441.0000 0.9779
442.0000 0.9529
443.0000 0.9211
444.0000 0.8844
445.0000 0.8453
446.0000 0.8059
447.0000 0.7686
448.0000 0.7360
449.0000 0.7102
450.0000 0.6931
451.0000 0.6861
452.0000 0.6897
453.0000 0.7040
454.0000 0.7279
455.0000 0.7596
456.0000 0.7967
457.0000 0.8365
458.0000 0.8761
459.0000 0.9129
460.0000 0.9444
461.0000 0.9688
462.0000 0.9850
463.0000 0.9922
464.0000 0.9903
465.0000 0.9795
466.0000 0.9607
467.0000 0.9351
468.0000 0.9042
469.0000 0.8699
470.0000 0.8342
471.0000 0.7994
472.0000 0.7675
473.0000 0.7408
474.0000 0.7209
475.0000 0.7095
476.0000 0.7073
477.0000 0.7147
478.0000 0.7311
479.0000 0.7555
480.0000 0.7859
481.0000 0.8202
482.0000 0.8558
483.0000 0.8901
484.0000 0.9210
485.0000 0.9466
486.0000 0.9653
487.0000 0.9763
488.0000 0.9791
489.0000 0.9737
490.0000 0.9606
491.0000 0.9407
492.0000 0.9152
493.0000 0.8857
494.0000 0.8540
495.0000 0.8219
496.0000 0.7914
497.0000 0.7646
498.0000 0.7432
499.0000 0.7286
500.0000 0.7220
501.0000 0.7238
502.0000 0.7341
503.0000 0.7522
504.0000 0.7766
505.0000 0.8056
506.0000 0.8370
507.0000 0.8687
508.0000 0.8984
509.0000 0.9243
510.0000 0.9448
511.0000 0.9587
512.0000 0.9654
513.0000 0.9647
514.0000 0.9567
515.0000 0.9421
516.0000 0.9218
517.0000 0.8970
518.0000 0.8692
519.0000 0.8402
520.0000 0.8117
521.0000 0.7856
522.0000 0.7634
523.0000 0.7468
524.0000 0.7368
525.0000 0.7342
526.0000 0.7393
527.0000 0.7517
528.0000 0.7705
529.0000 0.7944
530.0000 0.8216
531.0000 0.8502
532.0000 0.8781
533.0000 0.9036
534.0000 0.9249
535.0000 0.9409
536.0000 0.9508
537.0000 0.9540
538.0000 0.9504
539.0000 0.9406
540.0000 0.9250
541.0000 0.9047
542.0000 0.8810
543.0000 0.8553
544.0000 0.8291
545.0000 0.8042
546.0000 0.7821
547.0000 0.7642
548.0000 0.7518
549.0000 0.7457
550.0000 0.7465
551.0000 0.7540
552.0000 0.7678
553.0000 0.7868
554.0000 0.8097
555.0000 0.8349
556.0000 0.8605
557.0000 0.8849
558.0000 0.9064
559.0000 0.9237
560.0000 0.9358
561.0000 0.9421
562.0000 0.9424
563.0000 0.9367
564.0000 0.9255
565.0000 0.9095
566.0000 0.8897
567.0000 0.8674
568.0000 0.8438
569.0000 0.8206
570.0000 0.7991
571.0000 0.7807
572.0000 0.7667
573.0000 0.7580
574.0000 0.7552
575.0000 0.7586
576.0000 0.7679
577.0000 0.7824
578.0000 0.8012
579.0000 0.8228
580.0000 0.8458
581.0000 0.8685
582.0000 0.8894
583.0000 0.9073
584.0000 0.9210
585.0000 0.9298
586.0000 0.9332
587.0000 0.9311
588.0000 0.9238
589.0000 0.9117
590.0000 0.8956
591.0000 0.8767
592.0000 0.8559
593.0000 0.8347
594.0000 0.8143
595.0000 0.7960
596.0000 0.7811
597.0000 0.7705
598.0000 0.7650
599.0000 0.7649
600.0000 0.7703
601.0000 0.7808
602.0000 0.7956
603.0000 0.8137
604.0000 0.8338
605.0000 0.8545
606.0000 0.8744
607.0000 0.8922
608.0000 0.9068
609.0000 0.9173
610.0000 0.1667
611.0000 0.1071
612.0000 0.0426
613.0000 -0.0264
614.0000 -0.0994
615.0000 -0.0862
616.0000 -0.0125
617.0000 0.0849
618.0000 0.1784
619.0000 0.2526
620.0000 0.3043
621.0000 0.3371
622.0000 0.3553
623.0000 0.3616
624.0000 0.3579
625.0000 0.3459
626.0000 0.3276
627.0000 0.3051
628.0000 0.2806
629.0000 0.2559
630.0000 0.2327
631.0000 0.2126
632.0000 0.1964
633.0000 0.1847
634.0000 0.1774
635.0000 0.1739
636.0000 0.1731
637.0000 0.1742
638.0000 0.1759
639.0000 0.1774
640.0000 0.1781
641.0000 0.1777
642.0000 0.1760
643.0000 0.1731
644.0000 0.1693
645.0000 0.1646
646.0000 0.1595
647.0000 0.1542
648.0000 0.1489
649.0000 0.1437
650.0000 0.1388
651.0000 0.1342
652.0000 0.1300
653.0000 0.1262
654.0000 0.1226
655.0000 0.1192
656.0000 0.1159
657.0000 0.1127
658.0000 0.1096
659.0000 0.1065
660.0000 0.1034
661.0000 0.1003
662.0000 0.0972
663.0000 0.0941
664.0000 0.0910
665.0000 0.0879
666.0000 0.0848
667.0000 0.0818
668.0000 0.0789
669.0000 0.0759
670.0000 0.0730
671.0000 0.0702
672.0000 0.0674
673.0000 0.0646
674.0000 0.0619
675.0000 0.0592
676.0000 0.0566
677.0000 0.0540
678.0000 0.0514
679.0000 0.0488
680.0000 0.0463
681.0000 0.0438
682.0000 0.0413
683.0000 0.0388
684.0000 0.0364
685.0000 0.0340
686.0000 0.0316
687.0000 0.0292
688.0000 0.0269
689.0000 0.0246
690.0000 0.0223
691.0000 0.0201
692.0000 0.0178
693.0000 0.0156
694.0000 0.0134
695.0000 0.0112
696.0000 0.0091
697.0000 0.0069
698.0000 0.0048
699.0000 0.0027
700.0000 0.0007
701.0000 -0.0014
702.0000 -0.0034
703.0000 -0.0055
704.0000 -0.0075
705.0000 -0.0094
706.0000 -0.0114
707.0000 -0.0134
708.0000 -0.0153
709.0000 -0.0172
710.0000 -0.0191
711.0000 -0.0210
712.0000 -0.0229
713.0000 -0.0248
714.0000 -0.0266
715.0000 -0.0284
716.0000 -0.0302
717.0000 -0.0321
718.0000 -0.0338
719.0000 -0.0356
720.0000 -0.0374
721.0000 -0.0391
722.0000 -0.0409
723.0000 -0.0426
724.0000 -0.0443
725.0000 -0.0460
726.0000 -0.0477
727.0000 -0.0494
728.0000 -0.0510
729.0000 -0.0527
730.0000 -0.0543
731.0000 -0.0560
732.0000 -0.0576
733.0000 -0.0592
734.0000 -0.0608
735.0000 -0.0624
736.0000 -0.0640
737.0000 -0.0655
738.0000 -0.0671
739.0000 -0.0686
740.0000 -0.0702
741.0000 -0.0717
742.0000 -0.0732
743.0000 -0.0748
744.0000 -0.0763
745.0000 -0.0778
746.0000 -0.0792
747.0000 -0.0807
748.0000 -0.0822
749.0000 -0.0836
750.0000 -0.0851
751.0000 -0.0865
752.0000 -0.0880
753.0000 -0.0894
754.0000 -0.0908
755.0000 -0.0922
756.0000 -0.0936
757.0000 -0.0950
758.0000 -0.0964
759.0000 -0.0978
760.0000 -0.0992
761.0000 -0.1005
762.0000 -0.1019
763.0000 -0.1033
764.0000 -0.1046
765.0000 -0.1059
766.0000 -0.1073
767.0000 -0.1086
768.0000 -0.1099
769.0000 -0.1112
770.0000 -0.1125
771.0000 -0.1138
772.0000 -0.1151
773.0000 -0.1164
774.0000 -0.1177
775.0000 -0.1190
776.0000 -0.1202
777.0000 -0.1215
778.0000 -0.1228
779.0000 -0.1240
780.0000 -0.1253
781.0000 -0.1265
782.0000 -0.1277
783.0000 -0.1290
784.0000 -0.1302
785.0000 -0.1314
786.0000 -0.1326
787.0000 -0.1338
788.0000 -0.1350
789.0000 -0.1362
790.0000 -0.1374
791.0000 -0.1386
792.0000 -0.1398
793.0000 -0.1410
794.0000 -0.1421
795.0000 -0.1433
796.0000 -0.1445
797.0000 -0.1456
798.0000 -0.1468
799.0000 -0.1479
800.0000 -0.1491
801.0000 -0.1502
802.0000 -0.1513
803.0000 -0.1525
804.0000 -0.1536
805.0000 -0.1547
806.0000 -0.1558
807.0000 -0.1569
808.0000 -0.1580
809.0000 -0.1592
810.0000 -0.1420
811.0000 -0.1417
812.0000 -0.1413
813.0000 -0.1409
814.0000 -0.1405
815.0000 -0.1402
816.0000 -0.1401
817.0000 -0.1400
818.0000 -0.1399
819.0000 -0.1397
820.0000 -0.1395
821.0000 -0.1393
822.0000 -0.1391
823.0000 -0.1388
824.0000 -0.1386
825.0000 -0.1383
826.0000 -0.1381
827.0000 -0.1379
828.0000 -0.1376
829.0000 -0.1374
830.0000 -0.1371
831.0000 -0.1369
832.0000 -0.1367
833.0000 -0.1364
834.0000 -0.1362
835.0000 -0.1360
836.0000 -0.1358
837.0000 -0.1355
838.0000 -0.1353
839.0000 -0.1351
840.0000 -0.1348
841.0000 -0.1346
842.0000 -0.1344
843.0000 -0.1342
844.0000 -0.1340
845.0000 -0.1337
846.0000 -0.1335
847.0000 -0.1333
848.0000 -0.1331
849.0000 -0.1329
850.0000 -0.1326
851.0000 -0.1324
852.0000 -0.1322
853.0000 -0.1320
854.0000 -0.1318
855.0000 -0.1316
856.0000 -0.1314
857.0000 -0.1312
858.0000 -0.1310
859.0000 -0.1308
860.0000 -0.1306
861.0000 -0.1303
862.0000 -0.1301
863.0000 -0.1299
864.0000 -0.1297
865.0000 -0.1295
866.0000 -0.1293
867.0000 -0.1291
868.0000 -0.1289
869.0000 -0.1287
870.0000 -0.1286
871.0000 -0.1284
872.0000 -0.1282
873.0000 -0.1280
874.0000 -0.1278
875.0000 -0.1276
876.0000 -0.1274
877.0000 -0.1272
878.0000 -0.1270
879.0000 -0.1268
880.0000 -0.1266
881.0000 -0.1265
882.0000 -0.1263
883.0000 -0.1261
884.0000 -0.1259
885.0000 -0.1257
886.0000 -0.1255
887.0000 -0.1254
888.0000 -0.1252
889.0000 -0.1250
890.0000 -0.1248
891.0000 -0.1246
892.0000 -0.1245
893.0000 -0.1243
894.0000 -0.1241
895.0000 -0.1239
896.0000 -0.1238
897.0000 -0.1236
898.0000 -0.1234
899.0000 -0.1233
900.0000 -0.1231
901.0000 -0.1229
902.0000 -0.1227
903.0000 -0.1226
904.0000 -0.1224
905.0000 -0.1222
906.0000 -0.1221
907.0000 -0.1219
908.0000 -0.1218
909.0000 -0.1216
910.0000 -0.1214
911.0000 -0.1213
912.0000 -0.1211
913.0000 -0.1210
914.0000 -0.1208
915.0000 -0.1206
916.0000 -0.1205
917.0000 -0.1203
918.0000 -0.1202
919.0000 -0.1200
920.0000 -0.1199
921.0000 -0.1197
922.0000 -0.1196
923.0000 -0.1194
924.0000 -0.1193
925.0000 -0.1191
926.0000 -0.1190
927.0000 -0.1188
928.0000 -0.1187
929.0000 -0.1185
930.0000 -0.1184
931.0000 -0.1182
932.0000 -0.1181
933.0000 -0.1179
934.0000 -0.1178
935.0000 -0.1176
936.0000 -0.1175
937.0000 -0.1174
938.0000 -0.1172
939.0000 -0.1171
940.0000 -0.1169
941.0000 -0.1168
942.0000 -0.1167
943.0000 -0.1165
944.0000 -0.1164
945.0000 -0.1163
946.0000 -0.1161
947.0000 -0.1160
948.0000 -0.1158
949.0000 -0.1157
950.0000 -0.1156
951.0000 -0.1155
952.0000 -0.1153
953.0000 -0.1152
954.0000 -0.1151
955.0000 -0.1149
956.0000 -0.1148
957.0000 -0.1147
958.0000 -0.1145
959.0000 -0.1144
960.0000 -0.1143
961.0000 -0.1142
962.0000 -0.1140
963.0000 -0.1139
964.0000 -0.1138
965.0000 -0.1137
966.0000 -0.1136
967.0000 -0.1134
968.0000 -0.1133
969.0000 -0.1132
970.0000 -0.1131
971.0000 -0.1130
972.0000 -0.1128
973.0000 -0.1127
974.0000 -0.1126
975.0000 -0.1125
976.0000 -0.1124
977.0000 -0.1123
978.0000 -0.1121
979.0000 -0.1120
980.0000 -0.1119
981.0000 -0.1118
982.0000 -0.1117
983.0000 -0.1116
984.0000 -0.1115
985.0000 -0.1113
986.0000 -0.1112
987.0000 -0.1111
988.0000 -0.1110
989.0000 -0.1109
990.0000 -0.1108
991.0000 -0.1107
992.0000 -0.1106
993.0000 -0.1105
994.0000 -0.1104
995.0000 -0.1103
996.0000 -0.1102
997.0000 -0.1101
998.0000 -0.1100
999.0000 -0.1099
1000.0000 -0.1098
1001.0000 -0.1097
1002.0000 -0.1096
1003.0000 -0.1095
1004.0000 -0.1094
1005.0000 -0.1093
1006.0000 -0.1092
1007.0000 -0.1091
1008.0000 -0.1090
1009.0000 -0.1089
1010.0000 -0.1179
1011.0000 -0.1185
1012.0000 -0.1191
1013.0000 -0.1198
1014.0000 -0.1204
1015.0000 -0.1210
1016.0000 -0.1215
1017.0000 -0.1219
1018.0000 -0.1224
1019.0000 -0.1229
1020.0000 -0.1234
1021.0000 -0.1239
1022.0000 -0.1245
1023.0000 -0.1250
1024.0000 -0.1255
1025.0000 -0.1261
1026.0000 -0.1266
1027.0000 -0.1271
1028.0000 -0.1276
1029.0000 -0.1282
1030.0000 -0.1287
1031.0000 -0.1292
1032.0000 -0.1297
1033.0000 -0.1302
1034.0000 -0.1307
1035.0000 -0.1312
1036.0000 -0.1317
1037.0000 -0.1322
1038.0000 -0.1327
1039.0000 -0.1332
1040.0000 -0.1337
1041.0000 -0.1342
1042.0000 -0.1347
1043.0000 -0.1352
1044.0000 -0.1357
1045.0000 -0.1362
1046.0000 -0.1367
1047.0000 -0.1371
1048.0000 -0.1376
1049.0000 -0.1381
1050.0000 -0.1386
1051.0000 -0.1390
1052.0000 -0.1395
1053.0000 -0.1400
1054.0000 -0.1404
1055.0000 -0.1409
1056.0000 -0.1414
1057.0000 -0.1418
1058.0000 -0.1423
1059.0000 -0.1427
1060.0000 -0.1432
1061.0000 -0.1436
1062.0000 -0.1441
1063.0000 -0.1445
1064.0000 -0.1450
1065.0000 -0.1454
1066.0000 -0.1459
1067.0000 -0.1463
1068.0000 -0.1467
1069.0000 -0.1472
1070.0000 -0.1476
1071.0000 -0.1480
1072.0000 -0.1485
1073.0000 -0.1489
1074.0000 -0.1493
1075.0000 -0.1498
1076.0000 -0.1502
1077.0000 -0.1506
1078.0000 -0.1510
1079.0000 -0.1514
1080.0000 -0.1519
1081.0000 -0.1523
1082.0000 -0.1527
1083.0000 -0.1531
1084.0000 -0.1535
1085.0000 -0.1539
1086.0000 -0.1543
1087.0000 -0.1547
1088.0000 -0.1551
1089.0000 -0.1555
1090.0000 -0.1559
1091.0000 -0.1563
1092.0000 -0.1567
1093.0000 -0.1571
1094.0000 -0.1575
1095.0000 -0.1579
1096.0000 -0.1583
1097.0000 -0.1587
1098.0000 -0.1591
1099.0000 -0.1595
1100.0000 -0.1599
1101.0000 -0.1603
1102.0000 -0.1606
1103.0000 -0.1610
1104.0000 -0.1614
1105.0000 -0.1618
1106.0000 -0.1621
1107.0000 -0.1625
1108.0000 -0.1629
1109.0000 -0.1633
1110.0000 -0.1636
1111.0000 -0.1640
1112.0000 -0.1644
1113.0000 -0.1647
1114.0000 -0.1651
1115.0000 -0.1655
1116.0000 -0.1658
1117.0000 -0.1662
1118.0000 -0.1666
1119.0000 -0.1669
1120.0000 -0.1673
1121.0000 -0.1676
1122.0000 -0.1680
1123.0000 -0.1683
1124.0000 -0.1687
1125.0000 -0.1690
1126.0000 -0.1694
1127.0000 -0.1697
1128.0000 -0.1701
1129.0000 -0.1704
1130.0000 -0.1708
1131.0000 -0.1711
1132.0000 -0.1715
1133.0000 -0.1718
1134.0000 -0.1721
1135.0000 -0.1725
1136.0000 -0.1728
1137.0000 -0.1731
1138.0000 -0.1735
1139.0000 -0.1738
1140.0000 -0.1741
1141.0000 -0.1745
1142.0000 -0.1748
1143.0000 -0.1751
1144.0000 -0.1755
1145.0000 -0.1758
1146.0000 -0.1761
1147.0000 -0.1764
1148.0000 -0.1767
1149.0000 -0.1771
1150.0000 -0.1774
1151.0000 -0.1777
1152.0000 -0.1780
1153.0000 -0.1783
1154.0000 -0.1787
1155.0000 -0.1790
1156.0000 -0.1793
1157.0000 -0.1796
1158.0000 -0.1799
1159.0000 -0.1802
1160.0000 -0.1805
1161.0000 -0.1808
1162.0000 -0.1811
1163.0000 -0.1814
1164.0000 -0.1818
1165.0000 -0.1821
1166.0000 -0.1824
1167.0000 -0.1827
1168.0000 -0.1830
1169.0000 -0.1833
1170.0000 -0.1836
1171.0000 -0.1839
1172.0000 -0.1841
1173.0000 -0.1844
1174.0000 -0.1847
1175.0000 -0.1850
1176.0000 -0.1853
1177.0000 -0.1856
1178.0000 -0.1859
1179.0000 -0.1862
1180.0000 -0.1865
1181.0000 -0.1868
1182.0000 -0.1871
1183.0000 -0.1873
1184.0000 -0.1876
1185.0000 -0.1879
1186.0000 -0.1882
1187.0000 -0.1885
1188.0000 -0.1888
1189.0000 -0.1890
1190.0000 -0.1893
1191.0000 -0.1896
1192.0000 -0.1899
1193.0000 -0.1901
1194.0000 -0.1904
1195.0000 -0.1907
1196.0000 -0.1910
1197.0000 -0.1912
1198.0000 -0.1915
1199.0000 -0.1918
1200.0000 -0.1920
1201.0000 -0.1923
1202.0000 -0.1926
1203.0000 -0.1928
1204.0000 -0.1931
1205.0000 -0.1934
1206.0000 -0.1936
1207.0000 -0.1939
1208.0000 -0.1942
1209.0000 -0.1944
1210.0000 0.0058
1211.0000 0.0216
1212.0000 0.0374
1213.0000 0.0532
1214.0000 0.0690
1215.0000 0.0840
1216.0000 0.0964
1217.0000 0.1078
1218.0000 0.1188
1219.0000 0.1296
1220.0000 0.1404
1221.0000 0.1512
1222.0000 0.1619
1223.0000 0.1726
1224.0000 0.1831
1225.0000 0.1935
1226.0000 0.2037
1227.0000 0.2136
1228.0000 0.2232
1229.0000 0.2324
1230.0000 0.2412
1231.0000 0.2496
1232.0000 0.2577
1233.0000 0.2653
1234.0000 0.2726
1235.0000 0.2796
1236.0000 0.2861
1237.0000 0.2924
1238.0000 0.2983
1239.0000 0.3040
1240.0000 0.3094
1241.0000 0.3145
1242.0000 0.3194
1243.0000 0.3241
1244.0000 0.3286
1245.0000 0.3329
1246.0000 0.3370
1247.0000 0.3409
1248.0000 0.3447
1249.0000 0.3482
1250.0000 0.3517
1251.0000 0.3549
1252.0000 0.3580
1253.0000 0.3610
1254.0000 0.3639
1255.0000 0.3666
1256.0000 0.3691
1257.0000 0.3716
1258.0000 0.3739
1259.0000 0.3762
1260.0000 0.3783
1261.0000 0.3803
1262.0000 0.3822
1263.0000 0.3841
1264.0000 0.3858
1265.0000 0.3875
1266.0000 0.3891
1267.0000 0.3907
1268.0000 0.3921
1269.0000 0.3935
1270.0000 0.3949
1271.0000 0.3962
1272.0000 0.3974
1273.0000 0.3985
1274.0000 0.3997
1275.0000 0.4007
1276.0000 0.4017
1277.0000 0.4027
1278.0000 0.4036
1279.0000 0.4045
1280.0000 0.4054
1281.0000 0.4062
1282.0000 0.4069
1283.0000 0.4077
1284.0000 0.4084
1285.0000 0.4090
1286.0000 0.4097
1287.0000 0.4103
1288.0000 0.4109
1289.0000 0.4114
1290.0000 0.4120
1291.0000 0.4125
1292.0000 0.4129
1293.0000 0.4134
1294.0000 0.4139
1295.0000 0.4143
1296.0000 0.4147
1297.0000 0.4151
1298.0000 0.4154
1299.0000 0.4158
1300.0000 0.4161
1301.0000 0.4164
1302.0000 0.4168
1303.0000 0.4170
1304.0000 0.4173
1305.0000 0.4176
1306.0000 0.4178
1307.0000 0.4181
1308.0000 0.4183
1309.0000 0.4185
1310.0000 0.4188
1311.0000 0.4190
1312.0000 0.4191
1313.0000 0.4193
1314.0000 0.4195
1315.0000 0.4197
1316.0000 0.4198
1317.0000 0.4200
1318.0000 0.4201
1319.0000 0.4203
1320.0000 0.4204
1321.0000 0.4205
1322.0000 0.4207
1323.0000 0.4208
1324.0000 0.4209
1325.0000 0.4210
1326.0000 0.4211
1327.0000 0.4212
1328.0000 0.4213
1329.0000 0.4214
1330.0000 0.4215
1331.0000 0.4215
1332.0000 0.4216
1333.0000 0.4217
1334.0000 0.4218
1335.0000 0.4218
1336.0000 0.4219
1337.0000 0.4220
1338.0000 0.4220
1339.0000 0.4221
1340.0000 0.4221
1341.0000 0.4222
1342.0000 0.4222
1343.0000 0.4223
1344.0000 0.4223
1345.0000 0.4224
1346.0000 0.4224
1347.0000 0.4224
1348.0000 0.4225
1349.0000 0.4225
1350.0000 0.4226
1351.0000 0.4226
1352.0000 0.4226
1353.0000 0.4226
1354.0000 0.4227
1355.0000 0.4227
1356.0000 0.4227
1357.0000 0.4228
1358.0000 0.4228
1359.0000 0.4228
1360.0000 0.4228
1361.0000 0.4228
1362.0000 0.4229
1363.0000 0.4229
1364.0000 0.4229
1365.0000 0.4229
1366.0000 0.4229
1367.0000 0.4229
1368.0000 0.4230
1369.0000 0.4230
1370.0000 0.4230
1371.0000 0.4230
1372.0000 0.4230
1373.0000 0.4230
1374.0000 0.4230
1375.0000 0.4230
1376.0000 0.4231
1377.0000 0.4231
1378.0000 0.4231
1379.0000 0.4231
1380.0000 0.4231
1381.0000 0.4231
1382.0000 0.4231
1383.0000 0.4231
1384.0000 0.4231
1385.0000 0.4231
1386.0000 0.4231
1387.0000 0.4231
1388.0000 0.4231
1389.0000 0.4232
1390.0000 0.4232
1391.0000 0.4232
1392.0000 0.4232
1393.0000 0.4232
1394.0000 0.4232
1395.0000 0.4232
1396.0000 0.4232
1397.0000 0.4232
1398.0000 0.4232
1399.0000 0.4232
1400.0000 0.4232
1401.0000 0.4232
1402.0000 0.4232
1403.0000 0.4232
1404.0000 0.4232
1405.0000 0.4232
1406.0000 0.4232
1407.0000 0.4232
1408.0000 0.4232
1409.0000 0.4232
1410.0000 0.4232
