1.0000 0.0000
2.0000 0.0000
3.0000 0.0000
4.0000 0.0000
5.0000 0.0000
6.0000 0.0000
7.0000 0.0000
8.0000 0.0000
9.0000 0.0000
10.0000 0.9187
11.0000 1.0000
12.0000 1.0000
13.0000 1.0000
14.0000 1.0000
15.0000 1.0000
16.0000 1.0000
17.0000 1.0000
18.0000 0.9916
19.0000 0.9695
20.0000 0.9381
21.0000 0.9010
22.0000 0.8608
23.0000 0.8199
24.0000 0.7810
25.0000 0.7468
26.0000 0.7201
27.0000 0.7031
28.0000 0.6975
29.0000 0.7045
30.0000 0.7241
31.0000 0.7554
32.0000 0.7968
33.0000 0.8455
34.0000 0.8984
35.0000 0.9520
36.0000 1.0000
37.0000 1.0000
38.0000 1.0000
39.0000 1.0000
40.0000 1.0000
41.0000 1.0000
42.0000 0.9957
43.0000 0.9843
44.0000 0.9681
45.0000 0.9485
46.0000 0.9270
47.0000 0.9047
48.0000 0.8831
49.0000 0.8635
50.0000 0.8474
51.0000 0.8360
52.0000 0.8301
53.0000 0.8304
54.0000 0.8371
55.0000 0.8500
56.0000 0.8683
57.0000 0.8910
58.0000 0.9167
59.0000 0.9438
60.0000 0.9707
61.0000 0.9957
62.0000 1.0000
63.0000 1.0000
64.0000 1.0000
65.0000 1.0000
66.0000 0.9987
67.0000 0.9918
68.0000 0.9809
69.0000 0.9670
70.0000 0.9512
71.0000 0.9343
72.0000 0.9173
73.0000 0.9013
74.0000 0.8872
75.0000 0.8761
76.0000 0.8688
77.0000 0.8658
78.0000 0.8674
79.0000 0.8737
80.0000 0.8844
81.0000 0.8988
82.0000 0.9161
83.0000 0.9352
84.0000 0.9550
85.0000 0.9742
86.0000 0.9917
87.0000 1.0000
88.0000 1.0000
89.0000 1.0000
90.0000 1.0000
91.0000 0.9970
92.0000 0.9896
93.0000 0.9789
94.0000 0.9658
95.0000 0.9511
96.0000 0.9357
97.0000 0.9203
98.0000 0.9061
99.0000 0.8938
100.0000 0.8843
101.0000 0.8784
102.0000 0.8763
103.0000 0.8785
104.0000 0.8848
105.0000 0.8949
106.0000 0.9082
107.0000 0.9239
108.0000 0.9411
109.0000 0.9587
110.0000 0.9755
111.0000 0.9906
112.0000 1.0000
113.0000 1.0000
114.0000 1.0000
115.0000 1.0000
116.0000 0.9964
117.0000 0.9887
118.0000 0.9780
119.0000 0.9651
120.0000 0.9507
121.0000 0.9357
122.0000 0.9208
123.0000 0.9071
124.0000 0.8954
125.0000 0.8865
126.0000 0.8811
127.0000 0.8794
128.0000 0.8819
129.0000 0.8882
130.0000 0.8983
131.0000 0.9113
132.0000 0.9267
133.0000 0.9433
134.0000 0.9602
135.0000 0.9763
136.0000 0.9907
137.0000 1.0000
138.0000 1.0000
139.0000 1.0000
140.0000 1.0000
141.0000 0.9961
142.0000 0.9883
143.0000 0.9775
144.0000 0.9646
145.0000 0.9503
146.0000 0.9353
147.0000 0.9206
148.0000 0.9071
149.0000 0.8957
150.0000 0.8870
151.0000 0.8818
152.0000 0.8804
153.0000 0.8829
154.0000 0.8894
155.0000 0.8995
156.0000 0.9126
157.0000 0.9278
158.0000 0.9443
159.0000 0.9610
160.0000 0.9769
161.0000 0.9910
162.0000 1.0000
163.0000 1.0000
164.0000 1.0000
165.0000 1.0000
166.0000 0.9959
167.0000 0.9880
168.0000 0.9771
169.0000 0.9641
170.0000 0.9498
171.0000 0.9349
172.0000 0.9203
173.0000 0.9069
174.0000 0.8955
175.0000 0.8870
176.0000 0.8819
177.0000 0.8806
178.0000 0.8833
179.0000 0.8900
180.0000 0.9001
181.0000 0.9132
182.0000 0.9285
183.0000 0.9450
184.0000 0.9616
185.0000 0.9774
186.0000 0.9914
187.0000 1.0000
188.0000 1.0000
189.0000 1.0000
190.0000 0.9999
191.0000 0.9957
192.0000 0.9876
193.0000 0.9767
194.0000 0.9637
195.0000 0.9494
196.0000 0.9345
197.0000 0.9199
198.0000 0.9065
199.0000 0.8953
200.0000 0.8869
201.0000 0.8819
202.0000 0.8808
203.0000 0.8836
204.0000 0.8903
205.0000 0.9006
206.0000 0.9138
207.0000 0.9291
208.0000 0.9455
209.0000 0.9621
210.0000 0.4266
211.0000 0.3880
212.0000 0.3466
213.0000 0.3019
214.0000 0.2533
215.0000 0.2493
216.0000 0.2880
217.0000 0.3568
218.0000 0.4447
219.0000 0.5423
220.0000 0.6383
221.0000 0.7241
222.0000 0.7949
223.0000 0.8487
224.0000 0.8844
225.0000 0.9020
226.0000 0.9019
227.0000 0.8851
228.0000 0.8532
229.0000 0.8084
230.0000 0.7534
231.0000 0.6915
232.0000 0.6262
233.0000 0.5614
234.0000 0.5010
235.0000 0.4492
236.0000 0.4098
237.0000 0.3858
238.0000 0.3796
239.0000 0.3918
240.0000 0.4212
241.0000 0.4644
242.0000 0.5167
243.0000 0.5726
244.0000 0.6270
245.0000 0.6759
246.0000 0.7163
247.0000 0.7466
248.0000 0.7658
249.0000 0.7736
250.0000 0.7704
251.0000 0.7569
252.0000 0.7345
253.0000 0.7047
254.0000 0.6696
255.0000 0.6313
256.0000 0.5924
257.0000 0.5553
258.0000 0.5224
259.0000 0.4961
260.0000 0.4780
261.0000 0.4696
262.0000 0.4713
263.0000 0.4828
264.0000 0.5028
265.0000 0.5294
266.0000 0.5599
267.0000 0.5917
268.0000 0.6224
269.0000 0.6497
270.0000 0.6720
271.0000 0.6883
272.0000 0.6979
273.0000 0.7006
274.0000 0.6966
275.0000 0.6866
276.0000 0.6715
277.0000 0.6524
278.0000 0.6306
279.0000 0.6076
280.0000 0.5849
281.0000 0.5641
282.0000 0.5465
283.0000 0.5333
284.0000 0.5253
285.0000 0.5229
286.0000 0.5263
287.0000 0.5349
288.0000 0.5479
289.0000 0.5641
290.0000 0.5820
291.0000 0.6003
292.0000 0.6176
293.0000 0.6328
294.0000 0.6450
295.0000 0.6534
296.0000 0.6578
297.0000 0.6582
298.0000 0.6546
299.0000 0.6476
300.0000 0.6377
301.0000 0.6256
302.0000 0.6124
303.0000 0.5988
304.0000 0.5858
305.0000 0.5742
306.0000 0.5649
307.0000 0.5584
308.0000 0.5551
309.0000 0.5550
310.0000 0.5582
311.0000 0.5641
312.0000 0.5724
313.0000 0.5822
314.0000 0.5927
315.0000 0.6033
316.0000 0.6131
317.0000 0.6215
318.0000 0.6279
319.0000 0.6322
320.0000 0.6340
321.0000 0.6334
322.0000 0.6306
323.0000 0.6258
324.0000 0.6194
325.0000 0.6120
326.0000 0.6041
327.0000 0.5961
328.0000 0.5888
329.0000 0.5825
330.0000 0.5776
331.0000 0.5745
332.0000 0.5733
333.0000 0.5739
334.0000 0.5764
335.0000 0.5804
336.0000 0.5855
337.0000 0.5914
338.0000 0.5977
339.0000 0.6037
340.0000 0.6092
341.0000 0.6138
342.0000 0.6172
343.0000 0.6192
344.0000 0.6198
345.0000 0.6190
346.0000 0.6169
347.0000 0.6137
348.0000 0.6097
349.0000 0.6052
350.0000 0.6005
351.0000 0.5959
352.0000 0.5918
353.0000 0.5884
354.0000 0.5859
355.0000 0.5845
356.0000 0.5842
357.0000 0.5850
358.0000 0.5867
359.0000 0.5893
360.0000 0.5925
361.0000 0.5961
362.0000 0.5997
363.0000 0.6031
364.0000 0.6062
365.0000 0.6087
366.0000 0.6104
367.0000 0.6113
368.0000 0.6114
369.0000 0.6106
370.0000 0.6091
371.0000 0.6071
372.0000 0.6046
373.0000 0.6019
374.0000 0.5991
375.0000 0.5965
376.0000 0.5943
377.0000 0.5924
378.0000 0.5912
379.0000 0.5906
380.0000 0.5907
381.0000 0.5913
382.0000 0.5925
383.0000 0.5942
384.0000 0.5961
385.0000 0.5983
386.0000 0.6004
387.0000 0.6023
388.0000 0.6040
389.0000 0.6053
390.0000 0.6062
391.0000 0.6065
392.0000 0.6064
393.0000 0.6058
394.0000 0.6048
395.0000 0.6035
396.0000 0.6020
397.0000 0.6004
398.0000 0.5988
399.0000 0.5973
400.0000 0.5961
401.0000 0.5951
402.0000 0.5945
403.0000 0.5943
404.0000 0.5945
405.0000 0.5950
406.0000 0.5958
407.0000 0.5968
408.0000 0.5980
409.0000 0.5992
410.0000 0.9680
411.0000 1.0000
412.0000 1.0000
413.0000 1.0000
414.0000 1.0000
415.0000 1.0000
416.0000 0.9988
417.0000 0.9818
418.0000 0.9531
419.0000 0.9163
420.0000 0.8739
421.0000 0.8282
422.0000 0.7818
423.0000 0.7374
424.0000 0.6981
425.0000 0.6666
426.0000 0.6453
427.0000 0.6360
428.0000 0.6399
429.0000 0.6570
430.0000 0.6865
431.0000 0.7263
432.0000 0.7733
433.0000 0.8243
434.0000 0.8755
435.0000 0.9235
436.0000 0.9655
437.0000 0.9991
438.0000 1.0000
439.0000 1.0000
440.0000 1.0000
441.0000 0.9897
442.0000 0.9687
443.0000 0.9394
444.0000 0.9042
445.0000 0.8652
446.0000 0.8242
447.0000 0.7839
448.0000 0.7467
449.0000 0.7150
450.0000 0.6910
451.0000 0.6768
452.0000 0.6734
453.0000 0.6814
454.0000 0.7006
455.0000 0.7296
456.0000 0.7664
457.0000 0.8084
458.0000 0.8524
459.0000 0.8956
460.0000 0.9351
461.0000 0.9684
462.0000 0.9939
463.0000 1.0000
464.0000 1.0000
465.0000 0.9962
466.0000 0.9826
467.0000 0.9600
468.0000 0.9302
469.0000 0.8953
470.0000 0.8572
471.0000 0.8181
472.0000 0.7802
473.0000 0.7459
474.0000 0.7175
475.0000 0.6971
476.0000 0.6862
477.0000 0.6858
478.0000 0.6963
479.0000 0.7170
480.0000 0.7466
481.0000 0.7829
482.0000 0.8234
483.0000 0.8651
484.0000 0.9052
485.0000 0.9413
486.0000 0.9711
487.0000 0.9930
488.0000 1.0000
489.0000 1.0000
490.0000 0.9937
491.0000 0.9782
492.0000 0.9544
493.0000 0.9240
494.0000 0.8889
495.0000 0.8510
496.0000 0.8125
497.0000 0.7757
498.0000 0.7429
499.0000 0.7163
500.0000 0.6979
501.0000 0.6890
502.0000 0.6907
503.0000 0.7028
504.0000 0.7249
505.0000 0.7553
506.0000 0.7919
507.0000 0.8321
508.0000 0.8730
509.0000 0.9118
510.0000 0.9462
511.0000 0.9741
512.0000 0.9940
513.0000 1.0000
514.0000 1.0000
515.0000 0.9920
516.0000 0.9751
517.0000 0.9503
518.0000 0.9192
519.0000 0.8836
520.0000 0.8456
521.0000 0.8074
522.0000 0.7712
523.0000 0.7393
524.0000 0.7140
525.0000 0.6970
526.0000 0.6897
527.0000 0.6929
528.0000 0.7065
529.0000 0.7298
530.0000 0.7612
531.0000 0.7983
532.0000 0.8385
533.0000 0.8791
534.0000 0.9172
535.0000 0.9506
536.0000 0.9772
537.0000 0.9957
538.0000 1.0000
539.0000 1.0000
540.0000 0.9906
541.0000 0.9725
542.0000 0.9467
543.0000 0.9149
544.0000 0.8789
545.0000 0.8407
546.0000 0.8026
547.0000 0.7668
548.0000 0.7357
549.0000 0.7113
550.0000 0.6956
551.0000 0.6896
552.0000 0.6942
553.0000 0.7092
554.0000 0.7337
555.0000 0.7659
556.0000 0.8036
557.0000 0.8441
558.0000 0.8844
559.0000 0.9220
560.0000 0.9546
561.0000 0.9802
562.0000 0.9976
563.0000 1.0000
564.0000 0.9987
565.0000 0.9881
566.0000 0.9689
567.0000 0.9422
568.0000 0.9097
569.0000 0.8733
570.0000 0.8351
571.0000 0.7972
572.0000 0.7620
573.0000 0.7318
574.0000 0.7087
575.0000 0.6943
576.0000 0.6899
577.0000 0.6960
578.0000 0.7124
579.0000 0.7381
580.0000 0.7712
581.0000 0.8094
582.0000 0.8499
583.0000 0.8900
584.0000 0.9270
585.0000 0.9586
586.0000 0.9830
587.0000 0.9990
588.0000 1.0000
589.0000 0.9973
590.0000 0.9855
591.0000 0.9651
592.0000 0.9375
593.0000 0.9043
594.0000 0.8676
595.0000 0.8293
596.0000 0.7917
597.0000 0.7572
598.0000 0.7280
599.0000 0.7061
600.0000 0.6932
601.0000 0.6903
602.0000 0.6980
603.0000 0.7159
604.0000 0.7428
605.0000 0.7768
606.0000 0.8154
607.0000 0.8560
608.0000 0.8957
609.0000 0.9319
610.0000 0.2000
611.0000 0.1506
612.0000 0.0926
613.0000 0.0254
614.0000 -0.0513
615.0000 -0.0609
616.0000 -0.0180
617.0000 0.0506
618.0000 0.1239
619.0000 0.1875
620.0000 0.2347
621.0000 0.2659
622.0000 0.2840
623.0000 0.2916
624.0000 0.2905
625.0000 0.2824
626.0000 0.2689
627.0000 0.2518
628.0000 0.2328
629.0000 0.2135
630.0000 0.1951
631.0000 0.1787
632.0000 0.1651
633.0000 0.1546
634.0000 0.1470
635.0000 0.1420
636.0000 0.1390
637.0000 0.1372
638.0000 0.1359
639.0000 0.1347
640.0000 0.1331
641.0000 0.1310
642.0000 0.1282
643.0000 0.1248
644.0000 0.1209
645.0000 0.1166
646.0000 0.1120
647.0000 0.1074
648.0000 0.1028
649.0000 0.0984
650.0000 0.0940
651.0000 0.0899
652.0000 0.0860
653.0000 0.0822
654.0000 0.0786
655.0000 0.0751
656.0000 0.0716
657.0000 0.0683
658.0000 0.0650
659.0000 0.0617
660.0000 0.0585
661.0000 0.0553
662.0000 0.0522
663.0000 0.0491
664.0000 0.0460
665.0000 0.0429
666.0000 0.0399
667.0000 0.0369
668.0000 0.0340
669.0000 0.0311
670.0000 0.0282
671.0000 0.0254
672.0000 0.0226
673.0000 0.0198
674.0000 0.0171
675.0000 0.0144
676.0000 0.0118
677.0000 0.0092
678.0000 0.0066
679.0000 0.0040
680.0000 0.0015
681.0000 -0.0010
682.0000 -0.0035
683.0000 -0.0060
684.0000 -0.0084
685.0000 -0.0108
686.0000 -0.0132
687.0000 -0.0155
688.0000 -0.0179
689.0000 -0.0202
690.0000 -0.0224
691.0000 -0.0247
692.0000 -0.0269
693.0000 -0.0292
694.0000 -0.0314
695.0000 -0.0335
696.0000 -0.0357
697.0000 -0.0378
698.0000 -0.0399
699.0000 -0.0420
700.0000 -0.0441
701.0000 -0.0462
702.0000 -0.0482
703.0000 -0.0503
704.0000 -0.0523
705.0000 -0.0543
706.0000 -0.0562
707.0000 -0.0582
708.0000 -0.0601
709.0000 -0.0621
710.0000 -0.0640
711.0000 -0.0659
712.0000 -0.0678
713.0000 -0.0696
714.0000 -0.0715
715.0000 -0.0733
716.0000 -0.0752
717.0000 -0.0770
718.0000 -0.0788
719.0000 -0.0806
720.0000 -0.0824
721.0000 -0.0841
722.0000 -0.0859
723.0000 -0.0876
724.0000 -0.0893
725.0000 -0.0911
726.0000 -0.0928
727.0000 -0.0945
728.0000 -0.0961
729.0000 -0.0978
730.0000 -0.0995
731.0000 -0.1011
732.0000 -0.1028
733.0000 -0.1044
734.0000 -0.1060
735.0000 -0.1076
736.0000 -0.1092
737.0000 -0.1108
738.0000 -0.1124
739.0000 -0.1140
740.0000 -0.1155
741.0000 -0.1171
742.0000 -0.1186
743.0000 -0.1202
744.0000 -0.1217
745.0000 -0.1232
746.0000 -0.1247
747.0000 -0.1262
748.0000 -0.1277
749.0000 -0.1292
750.0000 -0.1307
751.0000 -0.1321
752.0000 -0.1336
753.0000 -0.1350
754.0000 -0.1365
755.0000 -0.1379
756.0000 -0.1394
757.0000 -0.1408
758.0000 -0.1422
759.0000 -0.1436
760.0000 -0.1450
761.0000 -0.1464
762.0000 -0.1478
763.0000 -0.1492
764.0000 -0.1505
765.0000 -0.1519
766.0000 -0.1533
767.0000 -0.1546
768.0000 -0.1560
769.0000 -0.1573
770.0000 -0.1586
771.0000 -0.1600
772.0000 -0.1613
773.0000 -0.1626
774.0000 -0.1639
775.0000 -0.1652
776.0000 -0.1665
777.0000 -0.1678
778.0000 -0.1691
779.0000 -0.1704
780.0000 -0.1717
781.0000 -0.1729
782.0000 -0.1742
783.0000 -0.1755
784.0000 -0.1767
785.0000 -0.1780
786.0000 -0.1792
787.0000 -0.1804
788.0000 -0.1817
789.0000 -0.1829
790.0000 -0.1841
791.0000 -0.1853
792.0000 -0.1866
793.0000 -0.1878
794.0000 -0.1890
795.0000 -0.1902
796.0000 -0.1914
797.0000 -0.1926
798.0000 -0.1937
799.0000 -0.1949
800.0000 -0.1961
801.0000 -0.1973
802.0000 -0.1984
803.0000 -0.1996
804.0000 -0.2008
805.0000 -0.2019
806.0000 -0.2031
807.0000 -0.2042
808.0000 -0.2053
809.0000 -0.2065
810.0000 -0.1892
811.0000 -0.1886
812.0000 -0.1880
813.0000 -0.1874
814.0000 -0.1867
815.0000 -0.1861
816.0000 -0.1857
817.0000 -0.1853
818.0000 -0.1848
819.0000 -0.1844
820.0000 -0.1839
821.0000 -0.1834
822.0000 -0.1829
823.0000 -0.1824
824.0000 -0.1819
825.0000 -0.1814
826.0000 -0.1809
827.0000 -0.1805
828.0000 -0.1800
829.0000 -0.1795
830.0000 -0.1790
831.0000 -0.1785
832.0000 -0.1780
833.0000 -0.1775
834.0000 -0.1770
835.0000 -0.1766
836.0000 -0.1761
837.0000 -0.1756
838.0000 -0.1752
839.0000 -0.1747
840.0000 -0.1742
841.0000 -0.1738
842.0000 -0.1733
843.0000 -0.1728
844.0000 -0.1724
845.0000 -0.1719
846.0000 -0.1715
847.0000 -0.1710
848.0000 -0.1706
849.0000 -0.1701
850.0000 -0.1697
851.0000 -0.1692
852.0000 -0.1688
853.0000 -0.1683
854.0000 -0.1679
855.0000 -0.1675
856.0000 -0.1670
857.0000 -0.1666
858.0000 -0.1662
859.0000 -0.1657
860.0000 -0.1653
861.0000 -0.1649
862.0000 -0.1645
863.0000 -0.1640
864.0000 -0.1636
865.0000 -0.1632
866.0000 -0.1628
867.0000 -0.1624
868.0000 -0.1620
869.0000 -0.1616
870.0000 -0.1611
871.0000 -0.1607
872.0000 -0.1603
873.0000 -0.1599
874.0000 -0.1595
875.0000 -0.1591
876.0000 -0.1587
877.0000 -0.1584
878.0000 -0.1580
879.0000 -0.1576
880.0000 -0.1572
881.0000 -0.1568
882.0000 -0.1564
883.0000 -0.1560
884.0000 -0.1556
885.0000 -0.1553
886.0000 -0.1549
887.0000 -0.1545
888.0000 -0.1541
889.0000 -0.1538
890.0000 -0.1534
891.0000 -0.1530
892.0000 -0.1527
893.0000 -0.1523
894.0000 -0.1519
895.0000 -0.1516
896.0000 -0.1512
897.0000 -0.1509
898.0000 -0.1505
899.0000 -0.1502
900.0000 -0.1498
901.0000 -0.1495
902.0000 -0.1491
903.0000 -0.1488
904.0000 -0.1484
905.0000 -0.1481
906.0000 -0.1477
907.0000 -0.1474
908.0000 -0.1471
909.0000 -0.1467
910.0000 -0.1464
911.0000 -0.1461
912.0000 -0.1457
913.0000 -0.1454
914.0000 -0.1451
915.0000 -0.1448
916.0000 -0.1444
917.0000 -0.1441
918.0000 -0.1438
919.0000 -0.1435
920.0000 -0.1432
921.0000 -0.1428
922.0000 -0.1425
923.0000 -0.1422
924.0000 -0.1419
925.0000 -0.1416
926.0000 -0.1413
927.0000 -0.1410
928.0000 -0.1407
929.0000 -0.1404
930.0000 -0.1401
931.0000 -0.1398
932.0000 -0.1395
933.0000 -0.1392
934.0000 -0.1389
935.0000 -0.1386
936.0000 -0.1383
937.0000 -0.1380
938.0000 -0.1377
939.0000 -0.1374
940.0000 -0.1372
941.0000 -0.1369
942.0000 -0.1366
943.0000 -0.1363
944.0000 -0.1360
945.0000 -0.1358
946.0000 -0.1355
947.0000 -0.1352
948.0000 -0.1349
949.0000 -0.1347
950.0000 -0.1344
951.0000 -0.1341
952.0000 -0.1339
953.0000 -0.1336
954.0000 -0.1333
955.0000 -0.1331
956.0000 -0.1328
957.0000 -0.1325
958.0000 -0.1323
959.0000 -0.1320
960.0000 -0.1318
961.0000 -0.1315
962.0000 -0.1313
963.0000 -0.1310
964.0000 -0.1308
965.0000 -0.1305
966.0000 -0.1303
967.0000 -0.1300
968.0000 -0.1298
969.0000 -0.1295
970.0000 -0.1293
971.0000 -0.1291
972.0000 -0.1288
973.0000 -0.1286
974.0000 -0.1283
975.0000 -0.1281
976.0000 -0.1279
977.0000 -0.1276
978.0000 -0.1274
979.0000 -0.1272
980.0000 -0.1270
981.0000 -0.1267
982.0000 -0.1265
983.0000 -0.1263
984.0000 -0.1261
985.0000 -0.1258
986.0000 -0.1256
987.0000 -0.1254
988.0000 -0.1252
989.0000 -0.1250
990.0000 -0.1248
991.0000 -0.1245
992.0000 -0.1243
993.0000 -0.1241
994.0000 -0.1239
995.0000 -0.1237
996.0000 -0.1235
997.0000 -0.1233
998.0000 -0.1231
999.0000 -0.1229
1000.0000 -0.1227
1001.0000 -0.1225
1002.0000 -0.1223
1003.0000 -0.1221
1004.0000 -0.1219
1005.0000 -0.1217
1006.0000 -0.1215
1007.0000 -0.1213
1008.0000 -0.1211
1009.0000 -0.1209
1010.0000 -0.1299
1011.0000 -0.1306
1012.0000 -0.1313
1013.0000 -0.1320
1014.0000 -0.1326
1015.0000 -0.1333
1016.0000 -0.1338
1017.0000 -0.1344
1018.0000 -0.1349
1019.0000 -0.1354
1020.0000 -0.1360
1021.0000 -0.1365
1022.0000 -0.1371
1023.0000 -0.1377
1024.0000 -0.1383
1025.0000 -0.1388
1026.0000 -0.1394
1027.0000 -0.1400
1028.0000 -0.1405
1029.0000 -0.1411
1030.0000 -0.1416
1031.0000 -0.1422
1032.0000 -0.1428
1033.0000 -0.1433
1034.0000 -0.1438
1035.0000 -0.1444
1036.0000 -0.1449
1037.0000 -0.1455
1038.0000 -0.1460
1039.0000 -0.1465
1040.0000 -0.1471
1041.0000 -0.1476
1042.0000 -0.1481
1043.0000 -0.1486
1044.0000 -0.1491
1045.0000 -0.1497
1046.0000 -0.1502
1047.0000 -0.1507
1048.0000 -0.1512
1049.0000 -0.1517
1050.0000 -0.1522
1051.0000 -0.1527
1052.0000 -0.1532
1053.0000 -0.1537
1054.0000 -0.1542
1055.0000 -0.1547
1056.0000 -0.1552
1057.0000 -0.1556
1058.0000 -0.1561
1059.0000 -0.1566
1060.0000 -0.1571
1061.0000 -0.1576
1062.0000 -0.1580
1063.0000 -0.1585
1064.0000 -0.1590
1065.0000 -0.1594
1066.0000 -0.1599
1067.0000 -0.1604
1068.0000 -0.1608
1069.0000 -0.1613
1070.0000 -0.1617
1071.0000 -0.1622
1072.0000 -0.1626
1073.0000 -0.1631
1074.0000 -0.1635
1075.0000 -0.1640
1076.0000 -0.1644
1077.0000 -0.1649
1078.0000 -0.1653
1079.0000 -0.1658
1080.0000 -0.1662
1081.0000 -0.1666
1082.0000 -0.1671
1083.0000 -0.1675
1084.0000 -0.1679
1085.0000 -0.1683
1086.0000 -0.1688
1087.0000 -0.1692
1088.0000 -0.1696
1089.0000 -0.1700
1090.0000 -0.1704
1091.0000 -0.1709
1092.0000 -0.1713
1093.0000 -0.1717
1094.0000 -0.1721
1095.0000 -0.1725
1096.0000 -0.1729
1097.0000 -0.1733
1098.0000 -0.1737
1099.0000 -0.1741
1100.0000 -0.1745
1101.0000 -0.1749
1102.0000 -0.1753
1103.0000 -0.1757
1104.0000 -0.1761
1105.0000 -0.1765
1106.0000 -0.1769
1107.0000 -0.1773
1108.0000 -0.1776
1109.0000 -0.1780
1110.0000 -0.1784
1111.0000 -0.1788
1112.0000 -0.1792
1113.0000 -0.1795
1114.0000 -0.1799
1115.0000 -0.1803
1116.0000 -0.1807
1117.0000 -0.1810
1118.0000 -0.1814
1119.0000 -0.1818
1120.0000 -0.1821
1121.0000 -0.1825
1122.0000 -0.1829
1123.0000 -0.1832
1124.0000 -0.1836
1125.0000 -0.1839
1126.0000 -0.1843
1127.0000 -0.1847
1128.0000 -0.1850
1129.0000 -0.1854
1130.0000 -0.1857
1131.0000 -0.1861
1132.0000 -0.1864
1133.0000 -0.1868
1134.0000 -0.1871
1135.0000 -0.1874
1136.0000 -0.1878
1137.0000 -0.1881
1138.0000 -0.1885
1139.0000 -0.1888
1140.0000 -0.1891
1141.0000 -0.1895
1142.0000 -0.1898
1143.0000 -0.1901
1144.0000 -0.1905
1145.0000 -0.1908
1146.0000 -0.1911
1147.0000 -0.1915
1148.0000 -0.1918
1149.0000 -0.1921
1150.0000 -0.1924
1151.0000 -0.1928
1152.0000 -0.1931
1153.0000 -0.1934
1154.0000 -0.1937
1155.0000 -0.1940
1156.0000 -0.1943
1157.0000 -0.1947
1158.0000 -0.1950
1159.0000 -0.1953
1160.0000 -0.1956
1161.0000 -0.1959
1162.0000 -0.1962
1163.0000 -0.1965
1164.0000 -0.1968
1165.0000 -0.1971
1166.0000 -0.1974
1167.0000 -0.1977
1168.0000 -0.1980
1169.0000 -0.1983
1170.0000 -0.1986
1171.0000 -0.1989
1172.0000 -0.1992
1173.0000 -0.1995
1174.0000 -0.1998
1175.0000 -0.2001
1176.0000 -0.2004
1177.0000 -0.2007
1178.0000 -0.2010
1179.0000 -0.2013
1180.0000 -0.2016
1181.0000 -0.2019
1182.0000 -0.2021
1183.0000 -0.2024
1184.0000 -0.2027
1185.0000 -0.2030
1186.0000 -0.2033
1187.0000 -0.2036
1188.0000 -0.2038
1189.0000 -0.2041
1190.0000 -0.2044
1191.0000 -0.2047
1192.0000 -0.2049
1193.0000 -0.2052
1194.0000 -0.2055
1195.0000 -0.2058
1196.0000 -0.2060
1197.0000 -0.2063
1198.0000 -0.2066
1199.0000 -0.2068
1200.0000 -0.2071
1201.0000 -0.2074
1202.0000 -0.2076
1203.0000 -0.2079
1204.0000 -0.2082
1205.0000 -0.2084
1206.0000 -0.2087
1207.0000 -0.2089
1208.0000 -0.2092
1209.0000 -0.2095
1210.0000 -0.0076
1211.0000 0.0114
1212.0000 0.0304
1213.0000 0.0494
1214.0000 0.0684
1215.0000 0.0867
1216.0000 0.1025
1217.0000 0.1172
1218.0000 0.1312
1219.0000 0.1450
1220.0000 0.1585
1221.0000 0.1718
1222.0000 0.1848
1223.0000 0.1975
1224.0000 0.2099
1225.0000 0.2219
1226.0000 0.2335
1227.0000 0.2446
1228.0000 0.2552
1229.0000 0.2653
1230.0000 0.2748
1231.0000 0.2838
1232.0000 0.2922
1233.0000 0.3001
1234.0000 0.3075
1235.0000 0.3144
1236.0000 0.3208
1237.0000 0.3268
1238.0000 0.3323
1239.0000 0.3375
1240.0000 0.3424
1241.0000 0.3470
1242.0000 0.3512
1243.0000 0.3553
1244.0000 0.3591
1245.0000 0.3627
1246.0000 0.3661
1247.0000 0.3693
1248.0000 0.3724
1249.0000 0.3753
1250.0000 0.3780
1251.0000 0.3806
1252.0000 0.3831
1253.0000 0.3854
1254.0000 0.3876
1255.0000 0.3896
1256.0000 0.3916
1257.0000 0.3934
1258.0000 0.3951
1259.0000 0.3967
1260.0000 0.3982
1261.0000 0.3996
1262.0000 0.4009
1263.0000 0.4022
1264.0000 0.4033
1265.0000 0.4044
1266.0000 0.4055
1267.0000 0.4065
1268.0000 0.4074
1269.0000 0.4083
1270.0000 0.4091
1271.0000 0.4099
1272.0000 0.4107
1273.0000 0.4114
1274.0000 0.4121
1275.0000 0.4127
1276.0000 0.4133
1277.0000 0.4139
1278.0000 0.4144
1279.0000 0.4149
1280.0000 0.4154
1281.0000 0.4158
1282.0000 0.4163
1283.0000 0.4166
1284.0000 0.4170
1285.0000 0.4174
1286.0000 0.4177
1287.0000 0.4180
1288.0000 0.4183
1289.0000 0.4186
1290.0000 0.4188
1291.0000 0.4191
1292.0000 0.4193
1293.0000 0.4195
1294.0000 0.4197
1295.0000 0.4199
1296.0000 0.4201
1297.0000 0.4203
1298.0000 0.4205
1299.0000 0.4206
1300.0000 0.4208
1301.0000 0.4209
1302.0000 0.4211
1303.0000 0.4212
1304.0000 0.4213
1305.0000 0.4214
1306.0000 0.4215
1307.0000 0.4216
1308.0000 0.4217
1309.0000 0.4218
1310.0000 0.4219
1311.0000 0.4220
1312.0000 0.4220
1313.0000 0.4221
1314.0000 0.4222
1315.0000 0.4222
1316.0000 0.4223
1317.0000 0.4223
1318.0000 0.4224
1319.0000 0.4224
1320.0000 0.4225
1321.0000 0.4225
1322.0000 0.4226
1323.0000 0.4226
1324.0000 0.4227
1325.0000 0.4227
1326.0000 0.4227
1327.0000 0.4228
1328.0000 0.4228
1329.0000 0.4228
1330.0000 0.4228
1331.0000 0.4229
1332.0000 0.4229
1333.0000 0.4229
1334.0000 0.4229
1335.0000 0.4229
1336.0000 0.4230
1337.0000 0.4230
1338.0000 0.4230
1339.0000 0.4230
1340.0000 0.4230
1341.0000 0.4230
1342.0000 0.4231
1343.0000 0.4231
1344.0000 0.4231
1345.0000 0.4231
1346.0000 0.4231
1347.0000 0.4231
1348.0000 0.4231
1349.0000 0.4231
1350.0000 0.4231
1351.0000 0.4231
1352.0000 0.4232
1353.0000 0.4232
1354.0000 0.4232
1355.0000 0.4232
1356.0000 0.4232
1357.0000 0.4232
1358.0000 0.4232
1359.0000 0.4232
1360.0000 0.4232
1361.0000 0.4232
1362.0000 0.4232
1363.0000 0.4232
1364.0000 0.4232
1365.0000 0.4232
1366.0000 0.4232
1367.0000 0.4232
1368.0000 0.4232
1369.0000 0.4232
1370.0000 0.4232
1371.0000 0.4232
1372.0000 0.4232
1373.0000 0.4232
1374.0000 0.4232
1375.0000 0.4232
1376.0000 0.4232
1377.0000 0.4232
1378.0000 0.4232
1379.0000 0.4233
1380.0000 0.4233
1381.0000 0.4233
1382.0000 0.4233
1383.0000 0.4233
1384.0000 0.4233
1385.0000 0.4233
1386.0000 0.4233
1387.0000 0.4233
1388.0000 0.4233
1389.0000 0.4233
1390.0000 0.4233
1391.0000 0.4233
1392.0000 0.4233
1393.0000 0.4233
1394.0000 0.4233
1395.0000 0.4233
1396.0000 0.4233
1397.0000 0.4233
1398.0000 0.4233
1399.0000 0.4233
1400.0000 0.4233
1401.0000 0.4233
1402.0000 0.4233
1403.0000 0.4233
1404.0000 0.4233
1405.0000 0.4233
1406.0000 0.4233
1407.0000 0.4233
1408.0000 0.4233
1409.0000 0.4233
1410.0000 0.4233
