1.0000 0.0000
2.0000 0.0000
3.0000 0.0000
4.0000 0.0000
5.0000 0.0000
6.0000 0.0000
7.0000 0.0000
8.0000 0.0000
9.0000 0.0000
10.0000 0.0000
11.0000 0.0000
12.0000 0.0000
13.0000 0.0000
14.0000 0.0000
15.0000 0.1094
16.0000 0.2555
17.0000 0.3719
18.0000 0.4936
19.0000 0.6426
20.0000 0.8250
21.0000 1.0418
22.0000 1.2965
23.0000 1.5908
24.0000 1.9222
25.0000 2.2852
26.0000 2.6643
27.0000 3.0415
28.0000 3.4033
29.0000 3.7408
30.0000 4.0470
31.0000 4.3151
32.0000 4.5391
33.0000 4.7147
34.0000 4.8396
35.0000 4.9135
36.0000 4.9387
37.0000 4.9198
38.0000 4.8643
39.0000 4.7815
40.0000 4.6821
41.0000 4.5774
42.0000 4.4785
43.0000 4.3950
44.0000 4.3348
45.0000 4.3036
46.0000 4.3045
47.0000 4.3382
48.0000 4.4033
49.0000 4.4928
50.0000 4.5970
51.0000 4.7078
52.0000 4.8191
53.0000 4.9258
54.0000 5.0226
55.0000 5.1045
56.0000 5.1678
57.0000 5.2095
58.0000 5.2282
59.0000 5.2234
60.0000 5.1966
61.0000 5.1505
62.0000 5.0891
63.0000 5.0174
64.0000 4.9411
65.0000 4.8660
66.0000 4.7978
67.0000 4.7414
68.0000 4.7007
69.0000 4.6785
70.0000 4.6761
71.0000 4.6936
72.0000 4.7295
73.0000 4.7816
74.0000 4.8463
75.0000 4.9194
76.0000 4.9963
77.0000 5.0719
78.0000 5.1415
79.0000 5.2007
80.0000 5.2457
81.0000 5.2735
82.0000 5.2824
83.0000 5.2718
84.0000 5.2425
85.0000 5.1965
86.0000 5.1373
87.0000 5.0689
88.0000 4.9963
89.0000 4.9245
90.0000 4.8585
91.0000 4.8028
92.0000 4.7610
93.0000 4.7357
94.0000 4.7282
95.0000 4.7388
96.0000 4.7665
97.0000 4.8092
98.0000 4.8639
99.0000 4.9270
100.0000 4.9944
101.0000 5.0615
102.0000 5.1241
103.0000 5.1780
104.0000 5.2199
105.0000 5.2468
106.0000 5.2571
107.0000 5.2500
108.0000 5.2260
109.0000 5.1868
110.0000 5.1353
111.0000 5.0749
112.0000 5.0100
113.0000 4.9451
114.0000 4.8847
115.0000 4.8328
116.0000 4.7928
117.0000 4.7673
118.0000 4.7576
119.0000 4.7642
120.0000 4.7863
121.0000 4.8223
122.0000 4.8696
123.0000 4.9250
124.0000 4.9849
125.0000 5.0453
126.0000 5.1023
127.0000 5.1522
128.0000 5.1917
129.0000 5.2181
130.0000 5.2298
131.0000 5.2261
132.0000 5.2071
133.0000 5.1742
134.0000 5.1297
135.0000 5.0768
136.0000 5.0192
137.0000 4.9609
138.0000 4.9058
139.0000 4.8578
140.0000 4.8200
141.0000 4.7947
142.0000 4.7834
143.0000 4.7868
144.0000 4.8042
145.0000 4.8344
146.0000 4.8753
147.0000 4.9239
148.0000 4.9771
149.0000 5.0315
150.0000 5.0833
151.0000 5.1293
152.0000 5.1663
153.0000 5.1921
154.0000 5.2049
155.0000 5.2039
156.0000 5.1891
157.0000 5.1617
158.0000 5.1235
159.0000 5.0773
160.0000 5.0262
161.0000 4.9739
162.0000 4.9239
163.0000 4.8796
164.0000 4.8440
165.0000 4.8193
166.0000 4.8069
167.0000 4.8076
168.0000 4.8211
169.0000 4.8463
170.0000 4.8813
171.0000 4.9239
172.0000 4.9711
173.0000 5.0199
174.0000 5.0669
175.0000 5.1092
176.0000 5.1439
177.0000 5.1688
178.0000 5.1823
179.0000 5.1835
180.0000 5.1723
181.0000 5.1496
182.0000 5.1170
183.0000 5.0767
184.0000 5.0315
185.0000 4.9847
186.0000 4.9394
187.0000 4.8987
188.0000 4.8653
189.0000 4.8413
190.0000 4.8282
191.0000 4.8268
192.0000 4.8369
193.0000 4.8577
194.0000 4.8877
195.0000 4.9249
196.0000 4.9667
197.0000 5.0103
198.0000 5.0529
199.0000 5.0917
200.0000 5.1241
201.0000 5.1480
202.0000 5.1619
203.0000 5.1649
204.0000 5.1567
205.0000 5.1381
206.0000 5.1102
207.0000 5.0752
208.0000 5.0354
209.0000 4.9936
210.0000 4.9526
211.0000 4.9153
212.0000 4.8841
213.0000 4.8610
214.0000 4.8475
215.0000 3.7436
216.0000 2.7570
217.0000 1.9553
218.0000 1.3271
219.0000 0.8562
220.0000 0.5573
221.0000 0.4347
222.0000 0.4625
223.0000 0.6142
224.0000 0.8660
225.0000 1.1934
226.0000 1.5705
227.0000 1.9708
228.0000 2.3683
229.0000 2.7379
230.0000 3.0557
231.0000 3.2998
232.0000 3.4517
233.0000 3.4982
234.0000 3.4332
235.0000 3.2608
236.0000 2.9973
237.0000 2.6716
238.0000 2.3204
239.0000 1.9810
240.0000 1.6839
241.0000 1.4498
242.0000 1.2890
243.0000 1.2039
244.0000 1.1909
245.0000 1.2423
246.0000 1.3476
247.0000 1.4944
248.0000 1.6692
249.0000 1.8581
250.0000 2.0474
251.0000 2.2241
252.0000 2.3763
253.0000 2.4940
254.0000 2.5699
255.0000 2.5996
256.0000 2.5824
257.0000 2.5216
258.0000 2.4244
259.0000 2.3011
260.0000 2.1639
261.0000 2.0257
262.0000 1.8982
263.0000 1.7907
264.0000 1.7099
265.0000 1.6595
266.0000 1.6403
267.0000 1.6506
268.0000 1.6869
269.0000 1.7444
270.0000 1.8170
271.0000 1.8983
272.0000 1.9819
273.0000 2.0614
274.0000 2.1313
275.0000 2.1871
276.0000 2.2252
277.0000 2.2439
278.0000 2.2427
279.0000 2.2231
280.0000 2.1877
281.0000 2.1404
282.0000 2.0859
283.0000 2.0290
284.0000 1.9745
285.0000 1.9264
286.0000 1.8881
287.0000 1.8616
288.0000 1.8481
289.0000 1.8473
290.0000 1.8584
291.0000 1.8794
292.0000 1.9082
293.0000 1.9417
294.0000 1.9774
295.0000 2.0122
296.0000 2.0436
297.0000 2.0696
298.0000 2.0884
299.0000 2.0992
300.0000 2.1017
301.0000 2.0962
302.0000 2.0837
303.0000 2.0657
304.0000 2.0440
305.0000 2.0205
306.0000 1.9973
307.0000 1.9761
308.0000 1.9584
309.0000 1.9453
310.0000 1.9375
311.0000 1.9350
312.0000 1.9378
313.0000 1.9451
314.0000 1.9561
315.0000 1.9696
316.0000 1.9844
317.0000 1.9994
318.0000 2.0133
319.0000 2.0252
320.0000 2.0343
321.0000 2.0401
322.0000 2.0424
323.0000 2.0413
324.0000 2.0371
325.0000 2.0304
326.0000 2.0218
327.0000 2.0122
328.0000 2.0024
329.0000 1.9932
330.0000 1.9852
331.0000 1.9789
332.0000 1.9747
333.0000 1.9728
334.0000 1.9731
335.0000 1.9755
336.0000 1.9796
337.0000 1.9849
338.0000 1.9910
339.0000 1.9973
340.0000 2.0034
341.0000 2.0087
342.0000 2.0130
343.0000 2.0160
344.0000 2.0175
345.0000 2.0176
346.0000 2.0163
347.0000 2.0139
348.0000 2.0106
349.0000 2.0067
350.0000 2.0026
351.0000 1.9986
352.0000 1.9950
353.0000 1.9921
354.0000 1.9900
355.0000 1.9888
356.0000 1.9886
357.0000 1.9892
358.0000 1.9907
359.0000 1.9928
360.0000 1.9952
361.0000 1.9979
362.0000 2.0005
363.0000 2.0028
364.0000 2.0048
365.0000 2.0063
366.0000 2.0072
367.0000 2.0074
368.0000 2.0071
369.0000 2.0062
370.0000 2.0050
371.0000 2.0034
372.0000 2.0017
373.0000 2.0000
374.0000 1.9984
375.0000 1.9971
376.0000 1.9961
377.0000 1.9954
378.0000 1.9952
379.0000 1.9953
380.0000 1.9958
381.0000 1.9966
382.0000 1.9976
383.0000 1.9987
384.0000 1.9998
385.0000 2.0008
386.0000 2.0017
387.0000 2.0024
388.0000 2.0029
389.0000 2.0031
390.0000 2.0031
391.0000 2.0028
392.0000 2.0023
393.0000 2.0017
394.0000 2.0010
395.0000 2.0003
396.0000 1.9996
397.0000 1.9990
398.0000 1.9985
399.0000 1.9982
400.0000 1.9980
401.0000 1.9980
402.0000 1.9982
403.0000 1.9984
404.0000 1.9988
405.0000 1.9993
406.0000 1.9997
407.0000 2.0002
408.0000 2.0006
409.0000 2.0009
410.0000 2.0011
411.0000 2.0013
412.0000 2.0013
413.0000 2.0012
414.0000 2.0010
415.0000 2.0949
416.0000 2.2179
417.0000 2.3380
418.0000 2.4664
419.0000 2.6104
420.0000 2.7658
421.0000 2.9270
422.0000 3.0913
423.0000 3.2555
424.0000 3.4151
425.0000 3.5649
426.0000 3.7005
427.0000 3.8179
428.0000 3.9134
429.0000 3.9847
430.0000 4.0304
431.0000 4.0508
432.0000 4.0474
433.0000 4.0232
434.0000 3.9823
435.0000 3.9299
436.0000 3.8716
437.0000 3.8132
438.0000 3.7600
439.0000 3.7166
440.0000 3.6869
441.0000 3.6731
442.0000 3.6764
443.0000 3.6967
444.0000 3.7326
445.0000 3.7818
446.0000 3.8410
447.0000 3.9066
448.0000 3.9743
449.0000 4.0399
450.0000 4.0993
451.0000 4.1489
452.0000 4.1857
453.0000 4.2075
454.0000 4.2132
455.0000 4.2029
456.0000 4.1775
457.0000 4.1394
458.0000 4.0915
459.0000 4.0376
460.0000 3.9816
461.0000 3.9278
462.0000 3.8799
463.0000 3.8412
464.0000 3.8141
465.0000 3.8002
466.0000 3.8000
467.0000 3.8133
468.0000 3.8388
469.0000 3.8744
470.0000 3.9176
471.0000 3.9652
472.0000 4.0140
473.0000 4.0607
474.0000 4.1023
475.0000 4.1359
476.0000 4.1595
477.0000 4.1716
478.0000 4.1715
479.0000 4.1594
480.0000 4.1365
481.0000 4.1045
482.0000 4.0659
483.0000 4.0236
484.0000 3.9806
485.0000 3.9399
486.0000 3.9044
487.0000 3.8764
488.0000 3.8577
489.0000 3.8492
490.0000 3.8513
491.0000 3.8635
492.0000 3.8847
493.0000 3.9133
494.0000 3.9471
495.0000 3.9838
496.0000 4.0208
497.0000 4.0556
498.0000 4.0859
499.0000 4.1096
500.0000 4.1254
501.0000 4.1322
502.0000 4.1297
503.0000 4.1183
504.0000 4.0989
505.0000 4.0731
506.0000 4.0428
507.0000 4.0102
508.0000 3.9776
509.0000 3.9474
510.0000 3.9216
511.0000 3.9018
512.0000 3.8893
513.0000 3.8848
514.0000 3.8882
515.0000 3.8993
516.0000 3.9170
517.0000 3.9399
518.0000 3.9664
519.0000 3.9947
520.0000 4.0227
521.0000 4.0485
522.0000 4.0705
523.0000 4.0872
524.0000 4.0975
525.0000 4.1009
526.0000 4.0973
527.0000 4.0870
528.0000 4.0709
529.0000 4.0503
530.0000 4.0266
531.0000 4.0016
532.0000 3.9771
533.0000 3.9548
534.0000 3.9361
535.0000 3.9223
536.0000 3.9142
537.0000 3.9122
538.0000 3.9163
539.0000 3.9260
540.0000 3.9406
541.0000 3.9589
542.0000 3.9796
543.0000 4.0012
544.0000 4.0223
545.0000 4.0414
546.0000 4.0573
547.0000 4.0689
548.0000 4.0755
549.0000 4.0767
550.0000 4.0727
551.0000 4.0637
552.0000 4.0505
553.0000 4.0340
554.0000 4.0157
555.0000 3.9966
556.0000 3.9782
557.0000 3.9618
558.0000 3.9484
559.0000 3.9389
560.0000 3.9338
561.0000 3.9334
562.0000 3.9376
563.0000 3.9460
564.0000 3.9578
565.0000 3.9724
566.0000 3.9884
567.0000 4.0050
568.0000 4.0208
569.0000 4.0348
570.0000 4.0462
571.0000 4.0541
572.0000 4.0581
573.0000 4.0581
574.0000 4.0540
575.0000 4.0463
576.0000 4.0356
577.0000 4.0226
578.0000 4.0084
579.0000 3.9939
580.0000 3.9802
581.0000 3.9682
582.0000 3.9586
583.0000 3.9521
584.0000 3.9491
585.0000 3.9497
586.0000 3.9537
587.0000 3.9608
588.0000 3.9704
589.0000 3.9818
590.0000 3.9943
591.0000 4.0068
592.0000 4.0186
593.0000 4.0289
594.0000 4.0369
595.0000 4.0423
596.0000 4.0446
597.0000 4.0438
598.0000 4.0400
599.0000 4.0335
600.0000 4.0248
601.0000 4.0146
602.0000 4.0037
603.0000 3.9927
604.0000 3.9825
605.0000 3.9738
606.0000 3.9670
607.0000 3.9627
608.0000 3.9611
609.0000 3.9621
610.0000 3.9658
611.0000 3.9717
612.0000 3.9794
613.0000 3.9884
614.0000 3.9980
615.0000 2.6945
616.0000 1.6260
617.0000 0.9032
618.0000 0.4625
619.0000 0.2123
620.0000 0.0516
621.0000 -0.0150
622.0000 -0.0141
623.0000 0.0270
624.0000 0.0860
625.0000 0.1489
626.0000 0.2056
627.0000 0.2485
628.0000 0.2740
629.0000 0.2820
630.0000 0.2752
631.0000 0.2575
632.0000 0.2334
633.0000 0.2070
634.0000 0.1816
635.0000 0.1591
636.0000 0.1405
637.0000 0.1259
638.0000 0.1147
639.0000 0.1064
640.0000 0.0999
641.0000 0.0946
642.0000 0.0899
643.0000 0.0853
644.0000 0.0807
645.0000 0.0760
646.0000 0.0712
647.0000 0.0663
648.0000 0.0614
649.0000 0.0566
650.0000 0.0520
651.0000 0.0475
652.0000 0.0433
653.0000 0.0393
654.0000 0.0355
655.0000 0.0319
656.0000 0.0285
657.0000 0.0252
658.0000 0.0220
659.0000 0.0190
660.0000 0.0161
661.0000 0.0132
662.0000 0.0105
663.0000 0.0079
664.0000 0.0054
665.0000 0.0029
666.0000 0.0006
667.0000 -0.0017
668.0000 -0.0039
669.0000 -0.0061
670.0000 -0.0081
671.0000 -0.0101
672.0000 -0.0121
673.0000 -0.0139
674.0000 -0.0157
675.0000 -0.0175
676.0000 -0.0192
677.0000 -0.0209
678.0000 -0.0225
679.0000 -0.0241
680.0000 -0.0256
681.0000 -0.0271
682.0000 -0.0285
683.0000 -0.0299
684.0000 -0.0313
685.0000 -0.0326
686.0000 -0.0339
687.0000 -0.0351
688.0000 -0.0364
689.0000 -0.0376
690.0000 -0.0387
691.0000 -0.0399
692.0000 -0.0410
693.0000 -0.0421
694.0000 -0.0431
695.0000 -0.0442
696.0000 -0.0452
697.0000 -0.0461
698.0000 -0.0471
699.0000 -0.0481
700.0000 -0.0490
701.0000 -0.0499
702.0000 -0.0508
703.0000 -0.0516
704.0000 -0.0525
705.0000 -0.0533
706.0000 -0.0541
707.0000 -0.0549
708.0000 -0.0557
709.0000 -0.0564
710.0000 -0.0572
711.0000 -0.0579
712.0000 -0.0586
713.0000 -0.0593
714.0000 -0.0600
715.0000 -0.0607
716.0000 -0.0614
717.0000 -0.0620
718.0000 -0.0627
719.0000 -0.0633
720.0000 -0.0639
721.0000 -0.0645
722.0000 -0.0651
723.0000 -0.0657
724.0000 -0.0663
725.0000 -0.0668
726.0000 -0.0674
727.0000 -0.0679
728.0000 -0.0685
729.0000 -0.0690
730.0000 -0.0695
731.0000 -0.0700
732.0000 -0.0705
733.0000 -0.0710
734.0000 -0.0715
735.0000 -0.0720
736.0000 -0.0725
737.0000 -0.0730
738.0000 -0.0734
739.0000 -0.0739
740.0000 -0.0743
741.0000 -0.0748
742.0000 -0.0752
743.0000 -0.0756
744.0000 -0.0760
745.0000 -0.0764
746.0000 -0.0769
747.0000 -0.0773
748.0000 -0.0777
749.0000 -0.0780
750.0000 -0.0784
751.0000 -0.0788
752.0000 -0.0792
753.0000 -0.0796
754.0000 -0.0799
755.0000 -0.0803
756.0000 -0.0807
757.0000 -0.0810
758.0000 -0.0814
759.0000 -0.0817
760.0000 -0.0820
761.0000 -0.0824
762.0000 -0.0827
763.0000 -0.0830
764.0000 -0.0834
765.0000 -0.0837
766.0000 -0.0840
767.0000 -0.0843
768.0000 -0.0846
769.0000 -0.0849
770.0000 -0.0852
771.0000 -0.0855
772.0000 -0.0858
773.0000 -0.0861
774.0000 -0.0864
775.0000 -0.0867
776.0000 -0.0870
777.0000 -0.0873
778.0000 -0.0875
779.0000 -0.0878
780.0000 -0.0881
781.0000 -0.0883
782.0000 -0.0886
783.0000 -0.0889
784.0000 -0.0891
785.0000 -0.0894
786.0000 -0.0896
787.0000 -0.0899
788.0000 -0.0901
789.0000 -0.0904
790.0000 -0.0906
791.0000 -0.0909
792.0000 -0.0911
793.0000 -0.0914
794.0000 -0.0916
795.0000 -0.0918
796.0000 -0.0921
797.0000 -0.0923
798.0000 -0.0925
799.0000 -0.0927
800.0000 -0.0930
801.0000 -0.0932
802.0000 -0.0934
803.0000 -0.0936
804.0000 -0.0938
805.0000 -0.0941
806.0000 -0.0943
807.0000 -0.0945
808.0000 -0.0947
809.0000 -0.0949
810.0000 -0.0951
811.0000 -0.0953
812.0000 -0.0955
813.0000 -0.0957
814.0000 -0.0959
815.0000 -0.0959
816.0000 -0.0945
817.0000 -0.0939
818.0000 -0.0935
819.0000 -0.0932
820.0000 -0.0930
821.0000 -0.0928
822.0000 -0.0927
823.0000 -0.0925
824.0000 -0.0924
825.0000 -0.0922
826.0000 -0.0920
827.0000 -0.0919
828.0000 -0.0917
829.0000 -0.0915
830.0000 -0.0914
831.0000 -0.0912
832.0000 -0.0910
833.0000 -0.0909
834.0000 -0.0907
835.0000 -0.0905
836.0000 -0.0904
837.0000 -0.0902
838.0000 -0.0900
839.0000 -0.0899
840.0000 -0.0897
841.0000 -0.0895
842.0000 -0.0894
843.0000 -0.0892
844.0000 -0.0890
845.0000 -0.0889
846.0000 -0.0887
847.0000 -0.0885
848.0000 -0.0884
849.0000 -0.0882
850.0000 -0.0880
851.0000 -0.0879
852.0000 -0.0877
853.0000 -0.0875
854.0000 -0.0874
855.0000 -0.0872
856.0000 -0.0870
857.0000 -0.0869
858.0000 -0.0867
859.0000 -0.0865
860.0000 -0.0864
861.0000 -0.0862
862.0000 -0.0860
863.0000 -0.0859
864.0000 -0.0857
865.0000 -0.0856
866.0000 -0.0854
867.0000 -0.0852
868.0000 -0.0851
869.0000 -0.0849
870.0000 -0.0847
871.0000 -0.0846
872.0000 -0.0844
873.0000 -0.0842
874.0000 -0.0841
875.0000 -0.0839
876.0000 -0.0838
877.0000 -0.0836
878.0000 -0.0834
879.0000 -0.0833
880.0000 -0.0831
881.0000 -0.0829
882.0000 -0.0828
883.0000 -0.0826
884.0000 -0.0825
885.0000 -0.0823
886.0000 -0.0821
887.0000 -0.0820
888.0000 -0.0818
889.0000 -0.0817
890.0000 -0.0815
891.0000 -0.0813
892.0000 -0.0812
893.0000 -0.0810
894.0000 -0.0809
895.0000 -0.0807
896.0000 -0.0806
897.0000 -0.0804
898.0000 -0.0802
899.0000 -0.0801
900.0000 -0.0799
901.0000 -0.0798
902.0000 -0.0796
903.0000 -0.0795
904.0000 -0.0793
905.0000 -0.0792
906.0000 -0.0790
907.0000 -0.0788
908.0000 -0.0787
909.0000 -0.0785
910.0000 -0.0784
911.0000 -0.0782
912.0000 -0.0781
913.0000 -0.0779
914.0000 -0.0778
915.0000 -0.0776
916.0000 -0.0775
917.0000 -0.0773
918.0000 -0.0772
919.0000 -0.0770
920.0000 -0.0769
921.0000 -0.0767
922.0000 -0.0766
923.0000 -0.0764
924.0000 -0.0763
925.0000 -0.0761
926.0000 -0.0760
927.0000 -0.0758
928.0000 -0.0757
929.0000 -0.0755
930.0000 -0.0754
931.0000 -0.0752
932.0000 -0.0751
933.0000 -0.0750
934.0000 -0.0748
935.0000 -0.0747
936.0000 -0.0745
937.0000 -0.0744
938.0000 -0.0742
939.0000 -0.0741
940.0000 -0.0740
941.0000 -0.0738
942.0000 -0.0737
943.0000 -0.0735
944.0000 -0.0734
945.0000 -0.0733
946.0000 -0.0731
947.0000 -0.0730
948.0000 -0.0728
949.0000 -0.0727
950.0000 -0.0726
951.0000 -0.0724
952.0000 -0.0723
953.0000 -0.0722
954.0000 -0.0720
955.0000 -0.0719
956.0000 -0.0717
957.0000 -0.0716
958.0000 -0.0715
959.0000 -0.0713
960.0000 -0.0712
961.0000 -0.0711
962.0000 -0.0710
963.0000 -0.0708
964.0000 -0.0707
965.0000 -0.0706
966.0000 -0.0704
967.0000 -0.0703
968.0000 -0.0702
969.0000 -0.0700
970.0000 -0.0699
971.0000 -0.0698
972.0000 -0.0697
973.0000 -0.0695
974.0000 -0.0694
975.0000 -0.0693
976.0000 -0.0692
977.0000 -0.0690
978.0000 -0.0689
979.0000 -0.0688
980.0000 -0.0687
981.0000 -0.0685
982.0000 -0.0684
983.0000 -0.0683
984.0000 -0.0682
985.0000 -0.0681
986.0000 -0.0679
987.0000 -0.0678
988.0000 -0.0677
989.0000 -0.0676
990.0000 -0.0675
991.0000 -0.0674
992.0000 -0.0672
993.0000 -0.0671
994.0000 -0.0670
995.0000 -0.0669
996.0000 -0.0668
997.0000 -0.0667
998.0000 -0.0666
999.0000 -0.0664
1000.0000 -0.0663
1001.0000 -0.0662
1002.0000 -0.0661
1003.0000 -0.0660
1004.0000 -0.0659
1005.0000 -0.0658
1006.0000 -0.0657
1007.0000 -0.0656
1008.0000 -0.0655
1009.0000 -0.0653
1010.0000 -0.0652
1011.0000 -0.0651
1012.0000 -0.0650
1013.0000 -0.0649
1014.0000 -0.0648
1015.0000 -0.0652
1016.0000 -0.0663
1017.0000 -0.0669
1018.0000 -0.0674
1019.0000 -0.0677
1020.0000 -0.0680
1021.0000 -0.0682
1022.0000 -0.0684
1023.0000 -0.0686
1024.0000 -0.0688
1025.0000 -0.0690
1026.0000 -0.0692
1027.0000 -0.0693
1028.0000 -0.0695
1029.0000 -0.0697
1030.0000 -0.0699
1031.0000 -0.0701
1032.0000 -0.0703
1033.0000 -0.0705
1034.0000 -0.0707
1035.0000 -0.0709
1036.0000 -0.0710
1037.0000 -0.0712
1038.0000 -0.0714
1039.0000 -0.0716
1040.0000 -0.0718
1041.0000 -0.0719
1042.0000 -0.0721
1043.0000 -0.0723
1044.0000 -0.0724
1045.0000 -0.0726
1046.0000 -0.0728
1047.0000 -0.0729
1048.0000 -0.0731
1049.0000 -0.0733
1050.0000 -0.0734
1051.0000 -0.0736
1052.0000 -0.0737
1053.0000 -0.0739
1054.0000 -0.0740
1055.0000 -0.0742
1056.0000 -0.0743
1057.0000 -0.0745
1058.0000 -0.0746
1059.0000 -0.0748
1060.0000 -0.0749
1061.0000 -0.0751
1062.0000 -0.0752
1063.0000 -0.0754
1064.0000 -0.0755
1065.0000 -0.0756
1066.0000 -0.0758
1067.0000 -0.0759
1068.0000 -0.0761
1069.0000 -0.0762
1070.0000 -0.0763
1071.0000 -0.0765
1072.0000 -0.0766
1073.0000 -0.0767
1074.0000 -0.0768
1075.0000 -0.0770
1076.0000 -0.0771
1077.0000 -0.0772
1078.0000 -0.0774
1079.0000 -0.0775
1080.0000 -0.0776
1081.0000 -0.0777
1082.0000 -0.0778
1083.0000 -0.0780
1084.0000 -0.0781
1085.0000 -0.0782
1086.0000 -0.0783
1087.0000 -0.0784
1088.0000 -0.0786
1089.0000 -0.0787
1090.0000 -0.0788
1091.0000 -0.0789
1092.0000 -0.0790
1093.0000 -0.0791
1094.0000 -0.0792
1095.0000 -0.0793
1096.0000 -0.0794
1097.0000 -0.0796
1098.0000 -0.0797
1099.0000 -0.0798
1100.0000 -0.0799
1101.0000 -0.0800
1102.0000 -0.0801
1103.0000 -0.0802
1104.0000 -0.0803
1105.0000 -0.0804
1106.0000 -0.0805
1107.0000 -0.0806
1108.0000 -0.0807
1109.0000 -0.0808
1110.0000 -0.0809
1111.0000 -0.0810
1112.0000 -0.0811
1113.0000 -0.0812
1114.0000 -0.0813
1115.0000 -0.0814
1116.0000 -0.0815
1117.0000 -0.0816
1118.0000 -0.0816
1119.0000 -0.0817
1120.0000 -0.0818
1121.0000 -0.0819
1122.0000 -0.0820
1123.0000 -0.0821
1124.0000 -0.0822
1125.0000 -0.0823
1126.0000 -0.0824
1127.0000 -0.0824
1128.0000 -0.0825
1129.0000 -0.0826
1130.0000 -0.0827
1131.0000 -0.0828
1132.0000 -0.0829
1133.0000 -0.0830
1134.0000 -0.0830
1135.0000 -0.0831
1136.0000 -0.0832
1137.0000 -0.0833
1138.0000 -0.0834
1139.0000 -0.0834
1140.0000 -0.0835
1141.0000 -0.0836
1142.0000 -0.0837
1143.0000 -0.0838
1144.0000 -0.0838
1145.0000 -0.0839
1146.0000 -0.0840
1147.0000 -0.0841
1148.0000 -0.0841
1149.0000 -0.0842
1150.0000 -0.0843
1151.0000 -0.0844
1152.0000 -0.0844
1153.0000 -0.0845
1154.0000 -0.0846
1155.0000 -0.0847
1156.0000 -0.0847
1157.0000 -0.0848
1158.0000 -0.0849
1159.0000 -0.0849
1160.0000 -0.0850
1161.0000 -0.0851
1162.0000 -0.0852
1163.0000 -0.0852
1164.0000 -0.0853
1165.0000 -0.0854
1166.0000 -0.0854
1167.0000 -0.0855
1168.0000 -0.0856
1169.0000 -0.0856
1170.0000 -0.0857
1171.0000 -0.0858
1172.0000 -0.0858
1173.0000 -0.0859
1174.0000 -0.0860
1175.0000 -0.0860
1176.0000 -0.0861
1177.0000 -0.0861
1178.0000 -0.0862
1179.0000 -0.0863
1180.0000 -0.0863
1181.0000 -0.0864
1182.0000 -0.0865
1183.0000 -0.0865
1184.0000 -0.0866
1185.0000 -0.0866
1186.0000 -0.0867
1187.0000 -0.0868
1188.0000 -0.0868
1189.0000 -0.0869
1190.0000 -0.0869
1191.0000 -0.0870
1192.0000 -0.0871
1193.0000 -0.0871
1194.0000 -0.0872
1195.0000 -0.0872
1196.0000 -0.0873
1197.0000 -0.0873
1198.0000 -0.0874
1199.0000 -0.0874
1200.0000 -0.0875
1201.0000 -0.0876
1202.0000 -0.0876
1203.0000 -0.0877
1204.0000 -0.0877
1205.0000 -0.0878
1206.0000 -0.0878
1207.0000 -0.0879
1208.0000 -0.0879
1209.0000 -0.0880
1210.0000 -0.0880
1211.0000 -0.0881
1212.0000 -0.0881
1213.0000 -0.0882
1214.0000 -0.0882
1215.0000 -0.0778
1216.0000 -0.0485
1217.0000 -0.0253
1218.0000 -0.0052
1219.0000 0.0141
1220.0000 0.0337
1221.0000 0.0534
1222.0000 0.0738
1223.0000 0.0956
1224.0000 0.1193
1225.0000 0.1448
1226.0000 0.1723
1227.0000 0.2017
1228.0000 0.2328
1229.0000 0.2654
1230.0000 0.2991
1231.0000 0.3337
1232.0000 0.3688
1233.0000 0.4041
1234.0000 0.4392
1235.0000 0.4737
1236.0000 0.5074
1237.0000 0.5401
1238.0000 0.5715
1239.0000 0.6015
1240.0000 0.6299
1241.0000 0.6566
1242.0000 0.6817
1243.0000 0.7051
1244.0000 0.7268
1245.0000 0.7470
1246.0000 0.7658
1247.0000 0.7831
1248.0000 0.7991
1249.0000 0.8140
1250.0000 0.8278
1251.0000 0.8406
1252.0000 0.8525
1253.0000 0.8636
1254.0000 0.8739
1255.0000 0.8835
1256.0000 0.8925
1257.0000 0.9009
1258.0000 0.9087
1259.0000 0.9159
1260.0000 0.9226
1261.0000 0.9288
1262.0000 0.9345
1263.0000 0.9398
1264.0000 0.9446
1265.0000 0.9490
1266.0000 0.9531
1267.0000 0.9568
1268.0000 0.9602
1269.0000 0.9633
1270.0000 0.9662
1271.0000 0.9688
1272.0000 0.9712
1273.0000 0.9735
1274.0000 0.9755
1275.0000 0.9774
1276.0000 0.9792
1277.0000 0.9809
1278.0000 0.9824
1279.0000 0.9838
1280.0000 0.9851
1281.0000 0.9863
1282.0000 0.9874
1283.0000 0.9885
1284.0000 0.9894
1285.0000 0.9903
1286.0000 0.9911
1287.0000 0.9918
1288.0000 0.9924
1289.0000 0.9930
1290.0000 0.9936
1291.0000 0.9941
1292.0000 0.9945
1293.0000 0.9950
1294.0000 0.9954
1295.0000 0.9957
1296.0000 0.9961
1297.0000 0.9964
1298.0000 0.9967
1299.0000 0.9969
1300.0000 0.9972
1301.0000 0.9974
1302.0000 0.9976
1303.0000 0.9978
1304.0000 0.9980
1305.0000 0.9982
1306.0000 0.9983
1307.0000 0.9984
1308.0000 0.9986
1309.0000 0.9987
1310.0000 0.9988
1311.0000 0.9989
1312.0000 0.9990
1313.0000 0.9991
1314.0000 0.9991
1315.0000 0.9992
1316.0000 0.9993
1317.0000 0.9993
1318.0000 0.9994
1319.0000 0.9994
1320.0000 0.9995
1321.0000 0.9995
1322.0000 0.9996
1323.0000 0.9996
1324.0000 0.9996
1325.0000 0.9997
1326.0000 0.9997
1327.0000 0.9997
1328.0000 0.9997
1329.0000 0.9998
1330.0000 0.9998
1331.0000 0.9998
1332.0000 0.9998
1333.0000 0.9998
1334.0000 0.9998
1335.0000 0.9998
1336.0000 0.9999
1337.0000 0.9999
1338.0000 0.9999
1339.0000 0.9999
1340.0000 0.9999
1341.0000 0.9999
1342.0000 0.9999
1343.0000 0.9999
1344.0000 0.9999
1345.0000 0.9999
1346.0000 0.9999
1347.0000 0.9999
1348.0000 0.9999
1349.0000 1.0000
1350.0000 1.0000
1351.0000 1.0000
1352.0000 1.0000
1353.0000 1.0000
1354.0000 1.0000
1355.0000 1.0000
1356.0000 1.0000
1357.0000 1.0000
1358.0000 1.0000
1359.0000 1.0000
1360.0000 1.0000
1361.0000 1.0000
1362.0000 1.0000
1363.0000 1.0000
1364.0000 1.0000
1365.0000 1.0000
1366.0000 1.0000
1367.0000 1.0000
1368.0000 1.0000
1369.0000 1.0000
1370.0000 1.0000
1371.0000 1.0000
1372.0000 1.0000
1373.0000 1.0000
1374.0000 1.0000
1375.0000 1.0000
1376.0000 1.0000
1377.0000 1.0000
1378.0000 1.0000
1379.0000 1.0000
1380.0000 1.0000
1381.0000 1.0000
1382.0000 1.0000
1383.0000 1.0000
1384.0000 1.0000
1385.0000 1.0000
1386.0000 1.0000
1387.0000 1.0000
1388.0000 1.0000
1389.0000 1.0000
1390.0000 1.0000
1391.0000 1.0000
1392.0000 1.0000
1393.0000 1.0000
1394.0000 1.0000
1395.0000 1.0000
1396.0000 1.0000
1397.0000 1.0000
1398.0000 1.0000
1399.0000 1.0000
1400.0000 1.0000
1401.0000 1.0000
1402.0000 1.0000
1403.0000 1.0000
1404.0000 1.0000
1405.0000 1.0000
1406.0000 1.0000
1407.0000 1.0000
1408.0000 1.0000
1409.0000 1.0000
1410.0000 1.0000
