1.0000 0.0000
2.0000 0.0000
3.0000 0.0000
4.0000 0.0000
5.0000 0.0000
6.0000 0.0000
7.0000 0.0000
8.0000 0.0000
9.0000 0.0000
10.0000 0.9297
11.0000 1.0000
12.0000 1.0000
13.0000 1.0000
14.0000 1.0000
15.0000 1.0000
16.0000 1.0000
17.0000 1.0000
18.0000 1.0000
19.0000 0.9933
20.0000 0.9753
21.0000 0.9494
22.0000 0.9185
23.0000 0.8847
24.0000 0.8498
25.0000 0.8163
26.0000 0.7864
27.0000 0.7624
28.0000 0.7464
29.0000 0.7401
30.0000 0.7444
31.0000 0.7599
32.0000 0.7861
33.0000 0.8217
34.0000 0.8647
35.0000 0.9126
36.0000 0.9625
37.0000 1.0000
38.0000 1.0000
39.0000 1.0000
40.0000 1.0000
41.0000 1.0000
42.0000 1.0000
43.0000 1.0000
44.0000 0.9935
45.0000 0.9818
46.0000 0.9665
47.0000 0.9487
48.0000 0.9293
49.0000 0.9094
50.0000 0.8902
51.0000 0.8729
52.0000 0.8589
53.0000 0.8490
54.0000 0.8442
55.0000 0.8451
56.0000 0.8518
57.0000 0.8641
58.0000 0.8816
59.0000 0.9032
60.0000 0.9278
61.0000 0.9539
62.0000 0.9800
63.0000 1.0000
64.0000 1.0000
65.0000 1.0000
66.0000 1.0000
67.0000 1.0000
68.0000 0.9993
69.0000 0.9933
70.0000 0.9833
71.0000 0.9704
72.0000 0.9554
73.0000 0.9391
74.0000 0.9222
75.0000 0.9060
76.0000 0.8912
77.0000 0.8791
78.0000 0.8703
79.0000 0.8657
80.0000 0.8656
81.0000 0.8703
82.0000 0.8797
83.0000 0.8933
84.0000 0.9104
85.0000 0.9301
86.0000 0.9512
87.0000 0.9725
88.0000 0.9927
89.0000 1.0000
90.0000 1.0000
91.0000 1.0000
92.0000 1.0000
93.0000 0.9997
94.0000 0.9945
95.0000 0.9854
96.0000 0.9733
97.0000 0.9592
98.0000 0.9437
99.0000 0.9275
100.0000 0.9117
101.0000 0.8973
102.0000 0.8850
103.0000 0.8760
104.0000 0.8707
105.0000 0.8697
106.0000 0.8733
107.0000 0.8813
108.0000 0.8935
109.0000 0.9093
110.0000 0.9276
111.0000 0.9475
112.0000 0.9678
113.0000 0.9873
114.0000 1.0000
115.0000 1.0000
116.0000 1.0000
117.0000 1.0000
118.0000 1.0000
119.0000 0.9957
120.0000 0.9873
121.0000 0.9759
122.0000 0.9623
123.0000 0.9471
124.0000 0.9311
125.0000 0.9153
126.0000 0.9007
127.0000 0.8881
128.0000 0.8784
129.0000 0.8724
130.0000 0.8706
131.0000 0.8732
132.0000 0.8803
133.0000 0.8916
134.0000 0.9065
135.0000 0.9242
136.0000 0.9436
137.0000 0.9637
138.0000 0.9832
139.0000 1.0000
140.0000 1.0000
141.0000 1.0000
142.0000 1.0000
143.0000 1.0000
144.0000 0.9965
145.0000 0.9888
146.0000 0.9779
147.0000 0.9647
148.0000 0.9497
149.0000 0.9339
150.0000 0.9181
151.0000 0.9032
152.0000 0.8903
153.0000 0.8801
154.0000 0.8734
155.0000 0.8709
156.0000 0.8727
157.0000 0.8791
158.0000 0.8896
159.0000 0.9039
160.0000 0.9211
161.0000 0.9403
162.0000 0.9603
163.0000 0.9799
164.0000 0.9979
165.0000 1.0000
166.0000 1.0000
167.0000 1.0000
168.0000 1.0000
169.0000 0.9974
170.0000 0.9904
171.0000 0.9800
172.0000 0.9671
173.0000 0.9524
174.0000 0.9367
175.0000 0.9209
176.0000 0.9058
177.0000 0.8924
178.0000 0.8818
179.0000 0.8745
180.0000 0.8712
181.0000 0.8722
182.0000 0.8778
183.0000 0.8876
184.0000 0.9013
185.0000 0.9180
186.0000 0.9369
187.0000 0.9568
188.0000 0.9765
189.0000 0.9948
190.0000 1.0000
191.0000 1.0000
192.0000 1.0000
193.0000 1.0000
194.0000 0.9983
195.0000 0.9920
196.0000 0.9822
197.0000 0.9697
198.0000 0.9553
199.0000 0.9398
200.0000 0.9239
201.0000 0.9086
202.0000 0.8949
203.0000 0.8836
204.0000 0.8756
205.0000 0.8715
206.0000 0.8718
207.0000 0.8764
208.0000 0.8855
209.0000 0.8985
210.0000 0.3568
211.0000 0.3097
212.0000 0.2639
213.0000 0.2181
214.0000 0.1712
215.0000 0.1779
216.0000 0.2335
217.0000 0.3217
218.0000 0.4275
219.0000 0.5383
220.0000 0.6423
221.0000 0.7327
222.0000 0.8065
223.0000 0.8628
224.0000 0.9008
225.0000 0.9203
226.0000 0.9213
227.0000 0.9048
228.0000 0.8720
229.0000 0.8249
230.0000 0.7660
231.0000 0.6985
232.0000 0.6260
233.0000 0.5525
234.0000 0.4825
235.0000 0.4205
236.0000 0.3712
237.0000 0.3386
238.0000 0.3261
239.0000 0.3354
240.0000 0.3659
241.0000 0.4144
242.0000 0.4752
243.0000 0.5419
244.0000 0.6080
245.0000 0.6688
246.0000 0.7208
247.0000 0.7620
248.0000 0.7909
249.0000 0.8070
250.0000 0.8102
251.0000 0.8010
252.0000 0.7803
253.0000 0.7496
254.0000 0.7106
255.0000 0.6657
256.0000 0.6175
257.0000 0.5688
258.0000 0.5226
259.0000 0.4821
260.0000 0.4500
261.0000 0.4288
262.0000 0.4203
263.0000 0.4251
264.0000 0.4429
265.0000 0.4719
266.0000 0.5092
267.0000 0.5513
268.0000 0.5947
269.0000 0.6360
270.0000 0.6727
271.0000 0.7028
272.0000 0.7249
273.0000 0.7382
274.0000 0.7425
275.0000 0.7380
276.0000 0.7252
277.0000 0.7052
278.0000 0.6792
279.0000 0.6488
280.0000 0.6160
281.0000 0.5828
282.0000 0.5512
283.0000 0.5233
284.0000 0.5010
285.0000 0.4859
286.0000 0.4791
287.0000 0.4809
288.0000 0.4912
289.0000 0.5089
290.0000 0.5326
291.0000 0.5600
292.0000 0.5890
293.0000 0.6174
294.0000 0.6433
295.0000 0.6653
296.0000 0.6820
297.0000 0.6929
298.0000 0.6974
299.0000 0.6957
300.0000 0.6881
301.0000 0.6752
302.0000 0.6579
303.0000 0.6374
304.0000 0.6150
305.0000 0.5921
306.0000 0.5701
307.0000 0.5505
308.0000 0.5346
309.0000 0.5235
310.0000 0.5178
311.0000 0.5179
312.0000 0.5237
313.0000 0.5347
314.0000 0.5498
315.0000 0.5678
316.0000 0.5873
317.0000 0.6069
318.0000 0.6252
319.0000 0.6411
320.0000 0.6537
321.0000 0.6623
322.0000 0.6666
323.0000 0.6665
324.0000 0.6621
325.0000 0.6540
326.0000 0.6426
327.0000 0.6288
328.0000 0.6134
329.0000 0.5976
330.0000 0.5822
331.0000 0.5684
332.0000 0.5569
333.0000 0.5486
334.0000 0.5439
335.0000 0.5432
336.0000 0.5463
337.0000 0.5530
338.0000 0.5627
339.0000 0.5746
340.0000 0.5877
341.0000 0.6012
342.0000 0.6141
343.0000 0.6255
344.0000 0.6349
345.0000 0.6416
346.0000 0.6453
347.0000 0.6460
348.0000 0.6437
349.0000 0.6387
350.0000 0.6312
351.0000 0.6220
352.0000 0.6115
353.0000 0.6006
354.0000 0.5898
355.0000 0.5800
356.0000 0.5717
357.0000 0.5655
358.0000 0.5618
359.0000 0.5607
360.0000 0.5622
361.0000 0.5663
362.0000 0.5725
363.0000 0.5803
364.0000 0.5891
365.0000 0.5984
366.0000 0.6074
367.0000 0.6156
368.0000 0.6225
369.0000 0.6276
370.0000 0.6307
371.0000 0.6317
372.0000 0.6306
373.0000 0.6276
374.0000 0.6228
375.0000 0.6166
376.0000 0.6095
377.0000 0.6020
378.0000 0.5945
379.0000 0.5875
380.0000 0.5816
381.0000 0.5770
382.0000 0.5740
383.0000 0.5728
384.0000 0.5735
385.0000 0.5758
386.0000 0.5798
387.0000 0.5849
388.0000 0.5908
389.0000 0.5972
390.0000 0.6035
391.0000 0.6093
392.0000 0.6143
393.0000 0.6181
394.0000 0.6207
395.0000 0.6217
396.0000 0.6213
397.0000 0.6195
398.0000 0.6165
399.0000 0.6124
400.0000 0.6076
401.0000 0.6025
402.0000 0.5973
403.0000 0.5923
404.0000 0.5880
405.0000 0.5846
406.0000 0.5823
407.0000 0.5812
408.0000 0.5814
409.0000 0.5827
410.0000 0.9571
411.0000 1.0000
412.0000 1.0000
413.0000 1.0000
414.0000 1.0000
415.0000 1.0000
416.0000 1.0000
417.0000 0.9924
418.0000 0.9713
419.0000 0.9401
420.0000 0.9017
421.0000 0.8583
422.0000 0.8120
423.0000 0.7655
424.0000 0.7216
425.0000 0.6832
426.0000 0.6531
427.0000 0.6338
428.0000 0.6271
429.0000 0.6342
430.0000 0.6553
431.0000 0.6891
432.0000 0.7336
433.0000 0.7857
434.0000 0.8418
435.0000 0.8981
436.0000 0.9510
437.0000 0.9975
438.0000 1.0000
439.0000 1.0000
440.0000 1.0000
441.0000 1.0000
442.0000 0.9886
443.0000 0.9662
444.0000 0.9356
445.0000 0.8991
446.0000 0.8584
447.0000 0.8155
448.0000 0.7730
449.0000 0.7333
450.0000 0.6992
451.0000 0.6732
452.0000 0.6572
453.0000 0.6530
454.0000 0.6612
455.0000 0.6818
456.0000 0.7138
457.0000 0.7550
458.0000 0.8026
459.0000 0.8534
460.0000 0.9039
461.0000 0.9511
462.0000 0.9922
463.0000 1.0000
464.0000 1.0000
465.0000 1.0000
466.0000 0.9992
467.0000 0.9866
468.0000 0.9637
469.0000 0.9331
470.0000 0.8968
471.0000 0.8566
472.0000 0.8144
473.0000 0.7728
474.0000 0.7343
475.0000 0.7015
476.0000 0.6766
477.0000 0.6618
478.0000 0.6586
479.0000 0.6675
480.0000 0.6885
481.0000 0.7204
482.0000 0.7612
483.0000 0.8080
484.0000 0.8577
485.0000 0.9070
486.0000 0.9527
487.0000 0.9923
488.0000 1.0000
489.0000 1.0000
490.0000 1.0000
491.0000 0.9983
492.0000 0.9849
493.0000 0.9616
494.0000 0.9307
495.0000 0.8943
496.0000 0.8541
497.0000 0.8121
498.0000 0.7709
499.0000 0.7329
500.0000 0.7007
501.0000 0.6766
502.0000 0.6626
503.0000 0.6601
504.0000 0.6698
505.0000 0.6915
506.0000 0.7238
507.0000 0.7648
508.0000 0.8116
509.0000 0.8610
510.0000 0.9098
511.0000 0.9549
512.0000 0.9938
513.0000 1.0000
514.0000 1.0000
515.0000 1.0000
516.0000 0.9975
517.0000 0.9835
518.0000 0.9597
519.0000 0.9284
520.0000 0.8917
521.0000 0.8513
522.0000 0.8094
523.0000 0.7684
524.0000 0.7308
525.0000 0.6991
526.0000 0.6757
527.0000 0.6625
528.0000 0.6608
529.0000 0.6713
530.0000 0.6936
531.0000 0.7266
532.0000 0.7679
533.0000 0.8149
534.0000 0.8643
535.0000 0.9129
536.0000 0.9576
537.0000 0.9958
538.0000 1.0000
539.0000 1.0000
540.0000 1.0000
541.0000 0.9967
542.0000 0.9820
543.0000 0.9576
544.0000 0.9259
545.0000 0.8889
546.0000 0.8484
547.0000 0.8065
548.0000 0.7656
549.0000 0.7284
550.0000 0.6972
551.0000 0.6745
552.0000 0.6621
553.0000 0.6613
554.0000 0.6726
555.0000 0.6958
556.0000 0.7293
557.0000 0.7712
558.0000 0.8184
559.0000 0.8678
560.0000 0.9162
561.0000 0.9605
562.0000 0.9981
563.0000 1.0000
564.0000 1.0000
565.0000 1.0000
566.0000 0.9959
567.0000 0.9804
568.0000 0.9553
569.0000 0.9231
570.0000 0.8858
571.0000 0.8451
572.0000 0.8032
573.0000 0.7625
574.0000 0.7257
575.0000 0.6951
576.0000 0.6732
577.0000 0.6616
578.0000 0.6617
579.0000 0.6740
580.0000 0.6980
581.0000 0.7324
582.0000 0.7747
583.0000 0.8222
584.0000 0.8717
585.0000 0.9198
586.0000 0.9636
587.0000 1.0000
588.0000 1.0000
589.0000 1.0000
590.0000 1.0000
591.0000 0.9950
592.0000 0.9786
593.0000 0.9529
594.0000 0.9202
595.0000 0.8825
596.0000 0.8417
597.0000 0.7998
598.0000 0.7593
599.0000 0.7229
600.0000 0.6930
601.0000 0.6718
602.0000 0.6611
603.0000 0.6623
604.0000 0.6755
605.0000 0.7005
606.0000 0.7355
607.0000 0.7785
608.0000 0.8262
609.0000 0.8757
610.0000 0.1519
611.0000 0.1045
612.0000 0.0502
613.0000 -0.0132
614.0000 -0.0870
615.0000 -0.0950
616.0000 -0.0551
617.0000 0.0052
618.0000 0.0661
619.0000 0.1161
620.0000 0.1515
621.0000 0.1739
622.0000 0.1862
623.0000 0.1906
624.0000 0.1888
625.0000 0.1821
626.0000 0.1721
627.0000 0.1600
628.0000 0.1470
629.0000 0.1342
630.0000 0.1222
631.0000 0.1116
632.0000 0.1025
633.0000 0.0951
634.0000 0.0891
635.0000 0.0843
636.0000 0.0803
637.0000 0.0767
638.0000 0.0734
639.0000 0.0701
640.0000 0.0666
641.0000 0.0631
642.0000 0.0593
643.0000 0.0555
644.0000 0.0515
645.0000 0.0475
646.0000 0.0435
647.0000 0.0395
648.0000 0.0356
649.0000 0.0318
650.0000 0.0280
651.0000 0.0243
652.0000 0.0208
653.0000 0.0173
654.0000 0.0138
655.0000 0.0105
656.0000 0.0071
657.0000 0.0039
658.0000 0.0007
659.0000 -0.0025
660.0000 -0.0056
661.0000 -0.0087
662.0000 -0.0118
663.0000 -0.0148
664.0000 -0.0178
665.0000 -0.0207
666.0000 -0.0236
667.0000 -0.0264
668.0000 -0.0293
669.0000 -0.0321
670.0000 -0.0348
671.0000 -0.0375
672.0000 -0.0402
673.0000 -0.0429
674.0000 -0.0455
675.0000 -0.0481
676.0000 -0.0507
677.0000 -0.0532
678.0000 -0.0557
679.0000 -0.0582
680.0000 -0.0607
681.0000 -0.0631
682.0000 -0.0656
683.0000 -0.0680
684.0000 -0.0703
685.0000 -0.0727
686.0000 -0.0750
687.0000 -0.0773
688.0000 -0.0796
689.0000 -0.0818
690.0000 -0.0841
691.0000 -0.0863
692.0000 -0.0885
693.0000 -0.0907
694.0000 -0.0928
695.0000 -0.0950
696.0000 -0.0971
697.0000 -0.0992
698.0000 -0.1013
699.0000 -0.1033
700.0000 -0.1054
701.0000 -0.1074
702.0000 -0.1095
703.0000 -0.1115
704.0000 -0.1135
705.0000 -0.1154
706.0000 -0.1174
707.0000 -0.1193
708.0000 -0.1213
709.0000 -0.1232
710.0000 -0.1251
711.0000 -0.1270
712.0000 -0.1289
713.0000 -0.1307
714.0000 -0.1326
715.0000 -0.1344
716.0000 -0.1363
717.0000 -0.1381
718.0000 -0.1399
719.0000 -0.1417
720.0000 -0.1434
721.0000 -0.1452
722.0000 -0.1470
723.0000 -0.1487
724.0000 -0.1504
725.0000 -0.1522
726.0000 -0.1539
727.0000 -0.1556
728.0000 -0.1573
729.0000 -0.1590
730.0000 -0.1606
731.0000 -0.1623
732.0000 -0.1640
733.0000 -0.1656
734.0000 -0.1672
735.0000 -0.1689
736.0000 -0.1705
737.0000 -0.1721
738.0000 -0.1737
739.0000 -0.1753
740.0000 -0.1769
741.0000 -0.1784
742.0000 -0.1800
743.0000 -0.1815
744.0000 -0.1831
745.0000 -0.1846
746.0000 -0.1862
747.0000 -0.1877
748.0000 -0.1892
749.0000 -0.1907
750.0000 -0.1922
751.0000 -0.1937
752.0000 -0.1952
753.0000 -0.1967
754.0000 -0.1981
755.0000 -0.1996
756.0000 -0.2011
757.0000 -0.2025
758.0000 -0.2040
759.0000 -0.2054
760.0000 -0.2068
761.0000 -0.2082
762.0000 -0.2097
763.0000 -0.2111
764.0000 -0.2125
765.0000 -0.2139
766.0000 -0.2153
767.0000 -0.2166
768.0000 -0.2180
769.0000 -0.2194
770.0000 -0.2208
771.0000 -0.2221
772.0000 -0.2235
773.0000 -0.2248
774.0000 -0.2262
775.0000 -0.2275
776.0000 -0.2288
777.0000 -0.2302
778.0000 -0.2315
779.0000 -0.2328
780.0000 -0.2341
781.0000 -0.2354
782.0000 -0.2367
783.0000 -0.2380
784.0000 -0.2393
785.0000 -0.2406
786.0000 -0.2418
787.0000 -0.2431
788.0000 -0.2444
789.0000 -0.2456
790.0000 -0.2469
791.0000 -0.2482
792.0000 -0.2494
793.0000 -0.2506
794.0000 -0.2519
795.0000 -0.2531
796.0000 -0.2543
797.0000 -0.2556
798.0000 -0.2568
799.0000 -0.2580
800.0000 -0.2592
801.0000 -0.2604
802.0000 -0.2616
803.0000 -0.2628
804.0000 -0.2640
805.0000 -0.2652
806.0000 -0.2664
807.0000 -0.2676
808.0000 -0.2687
809.0000 -0.2699
810.0000 -0.2525
811.0000 -0.2515
812.0000 -0.2504
813.0000 -0.2494
814.0000 -0.2484
815.0000 -0.2473
816.0000 -0.2465
817.0000 -0.2456
818.0000 -0.2447
819.0000 -0.2438
820.0000 -0.2430
821.0000 -0.2421
822.0000 -0.2412
823.0000 -0.2403
824.0000 -0.2394
825.0000 -0.2385
826.0000 -0.2376
827.0000 -0.2367
828.0000 -0.2358
829.0000 -0.2349
830.0000 -0.2340
831.0000 -0.2332
832.0000 -0.2323
833.0000 -0.2314
834.0000 -0.2306
835.0000 -0.2297
836.0000 -0.2289
837.0000 -0.2280
838.0000 -0.2272
839.0000 -0.2263
840.0000 -0.2255
841.0000 -0.2246
842.0000 -0.2238
843.0000 -0.2230
844.0000 -0.2221
845.0000 -0.2213
846.0000 -0.2205
847.0000 -0.2197
848.0000 -0.2189
849.0000 -0.2181
850.0000 -0.2173
851.0000 -0.2165
852.0000 -0.2157
853.0000 -0.2149
854.0000 -0.2141
855.0000 -0.2133
856.0000 -0.2125
857.0000 -0.2117
858.0000 -0.2110
859.0000 -0.2102
860.0000 -0.2094
861.0000 -0.2086
862.0000 -0.2079
863.0000 -0.2071
864.0000 -0.2064
865.0000 -0.2056
866.0000 -0.2049
867.0000 -0.2041
868.0000 -0.2034
869.0000 -0.2027
870.0000 -0.2019
871.0000 -0.2012
872.0000 -0.2005
873.0000 -0.1997
874.0000 -0.1990
875.0000 -0.1983
876.0000 -0.1976
877.0000 -0.1969
878.0000 -0.1962
879.0000 -0.1955
880.0000 -0.1948
881.0000 -0.1941
882.0000 -0.1934
883.0000 -0.1927
884.0000 -0.1920
885.0000 -0.1913
886.0000 -0.1907
887.0000 -0.1900
888.0000 -0.1893
889.0000 -0.1887
890.0000 -0.1880
891.0000 -0.1873
892.0000 -0.1867
893.0000 -0.1860
894.0000 -0.1854
895.0000 -0.1847
896.0000 -0.1841
897.0000 -0.1834
898.0000 -0.1828
899.0000 -0.1822
900.0000 -0.1815
901.0000 -0.1809
902.0000 -0.1803
903.0000 -0.1797
904.0000 -0.1791
905.0000 -0.1784
906.0000 -0.1778
907.0000 -0.1772
908.0000 -0.1766
909.0000 -0.1760
910.0000 -0.1754
911.0000 -0.1748
912.0000 -0.1743
913.0000 -0.1737
914.0000 -0.1731
915.0000 -0.1725
916.0000 -0.1719
917.0000 -0.1714
918.0000 -0.1708
919.0000 -0.1702
920.0000 -0.1697
921.0000 -0.1691
922.0000 -0.1685
923.0000 -0.1680
924.0000 -0.1674
925.0000 -0.1669
926.0000 -0.1663
927.0000 -0.1658
928.0000 -0.1653
929.0000 -0.1647
930.0000 -0.1642
931.0000 -0.1637
932.0000 -0.1631
933.0000 -0.1626
934.0000 -0.1621
935.0000 -0.1616
936.0000 -0.1611
937.0000 -0.1606
938.0000 -0.1601
939.0000 -0.1596
940.0000 -0.1590
941.0000 -0.1586
942.0000 -0.1581
943.0000 -0.1576
944.0000 -0.1571
945.0000 -0.1566
946.0000 -0.1561
947.0000 -0.1556
948.0000 -0.1551
949.0000 -0.1547
950.0000 -0.1542
951.0000 -0.1537
952.0000 -0.1533
953.0000 -0.1528
954.0000 -0.1523
955.0000 -0.1519
956.0000 -0.1514
957.0000 -0.1510
958.0000 -0.1505
959.0000 -0.1501
960.0000 -0.1497
961.0000 -0.1492
962.0000 -0.1488
963.0000 -0.1483
964.0000 -0.1479
965.0000 -0.1475
966.0000 -0.1471
967.0000 -0.1466
968.0000 -0.1462
969.0000 -0.1458
970.0000 -0.1454
971.0000 -0.1450
972.0000 -0.1446
973.0000 -0.1441
974.0000 -0.1437
975.0000 -0.1433
976.0000 -0.1429
977.0000 -0.1425
978.0000 -0.1422
979.0000 -0.1418
980.0000 -0.1414
981.0000 -0.1410
982.0000 -0.1406
983.0000 -0.1402
984.0000 -0.1398
985.0000 -0.1395
986.0000 -0.1391
987.0000 -0.1387
988.0000 -0.1384
989.0000 -0.1380
990.0000 -0.1376
991.0000 -0.1373
992.0000 -0.1369
993.0000 -0.1366
994.0000 -0.1362
995.0000 -0.1359
996.0000 -0.1355
997.0000 -0.1352
998.0000 -0.1348
999.0000 -0.1345
1000.0000 -0.1341
1001.0000 -0.1338
1002.0000 -0.1335
1003.0000 -0.1331
1004.0000 -0.1328
1005.0000 -0.1325
1006.0000 -0.1321
1007.0000 -0.1318
1008.0000 -0.1315
1009.0000 -0.1312
1010.0000 -0.1402
1011.0000 -0.1409
1012.0000 -0.1417
1013.0000 -0.1425
1014.0000 -0.1433
1015.0000 -0.1440
1016.0000 -0.1447
1017.0000 -0.1453
1018.0000 -0.1459
1019.0000 -0.1466
1020.0000 -0.1472
1021.0000 -0.1479
1022.0000 -0.1485
1023.0000 -0.1492
1024.0000 -0.1498
1025.0000 -0.1504
1026.0000 -0.1511
1027.0000 -0.1517
1028.0000 -0.1524
1029.0000 -0.1530
1030.0000 -0.1536
1031.0000 -0.1542
1032.0000 -0.1549
1033.0000 -0.1555
1034.0000 -0.1561
1035.0000 -0.1567
1036.0000 -0.1573
1037.0000 -0.1579
1038.0000 -0.1585
1039.0000 -0.1591
1040.0000 -0.1597
1041.0000 -0.1602
1042.0000 -0.1608
1043.0000 -0.1614
1044.0000 -0.1620
1045.0000 -0.1626
1046.0000 -0.1631
1047.0000 -0.1637
1048.0000 -0.1642
1049.0000 -0.1648
1050.0000 -0.1654
1051.0000 -0.1659
1052.0000 -0.1665
1053.0000 -0.1670
1054.0000 -0.1675
1055.0000 -0.1681
1056.0000 -0.1686
1057.0000 -0.1692
1058.0000 -0.1697
1059.0000 -0.1702
1060.0000 -0.1707
1061.0000 -0.1713
1062.0000 -0.1718
1063.0000 -0.1723
1064.0000 -0.1728
1065.0000 -0.1733
1066.0000 -0.1738
1067.0000 -0.1743
1068.0000 -0.1748
1069.0000 -0.1753
1070.0000 -0.1758
1071.0000 -0.1763
1072.0000 -0.1768
1073.0000 -0.1773
1074.0000 -0.1778
1075.0000 -0.1783
1076.0000 -0.1787
1077.0000 -0.1792
1078.0000 -0.1797
1079.0000 -0.1802
1080.0000 -0.1806
1081.0000 -0.1811
1082.0000 -0.1816
1083.0000 -0.1820
1084.0000 -0.1825
1085.0000 -0.1829
1086.0000 -0.1834
1087.0000 -0.1838
1088.0000 -0.1843
1089.0000 -0.1847
1090.0000 -0.1852
1091.0000 -0.1856
1092.0000 -0.1861
1093.0000 -0.1865
1094.0000 -0.1869
1095.0000 -0.1874
1096.0000 -0.1878
1097.0000 -0.1882
1098.0000 -0.1887
1099.0000 -0.1891
1100.0000 -0.1895
1101.0000 -0.1899
1102.0000 -0.1903
1103.0000 -0.1908
1104.0000 -0.1912
1105.0000 -0.1916
1106.0000 -0.1920
1107.0000 -0.1924
1108.0000 -0.1928
1109.0000 -0.1932
1110.0000 -0.1936
1111.0000 -0.1940
1112.0000 -0.1944
1113.0000 -0.1948
1114.0000 -0.1952
1115.0000 -0.1956
1116.0000 -0.1960
1117.0000 -0.1964
1118.0000 -0.1968
1119.0000 -0.1971
1120.0000 -0.1975
1121.0000 -0.1979
1122.0000 -0.1983
1123.0000 -0.1987
1124.0000 -0.1990
1125.0000 -0.1994
1126.0000 -0.1998
1127.0000 -0.2002
1128.0000 -0.2005
1129.0000 -0.2009
1130.0000 -0.2012
1131.0000 -0.2016
1132.0000 -0.2020
1133.0000 -0.2023
1134.0000 -0.2027
1135.0000 -0.2030
1136.0000 -0.2034
1137.0000 -0.2037
1138.0000 -0.2041
1139.0000 -0.2044
1140.0000 -0.2048
1141.0000 -0.2051
1142.0000 -0.2055
1143.0000 -0.2058
1144.0000 -0.2062
1145.0000 -0.2065
1146.0000 -0.2068
1147.0000 -0.2072
1148.0000 -0.2075
1149.0000 -0.2078
1150.0000 -0.2082
1151.0000 -0.2085
1152.0000 -0.2088
1153.0000 -0.2092
1154.0000 -0.2095
1155.0000 -0.2098
1156.0000 -0.2101
1157.0000 -0.2104
1158.0000 -0.2108
1159.0000 -0.2111
1160.0000 -0.2114
1161.0000 -0.2117
1162.0000 -0.2120
1163.0000 -0.2123
1164.0000 -0.2127
1165.0000 -0.2130
1166.0000 -0.2133
1167.0000 -0.2136
1168.0000 -0.2139
1169.0000 -0.2142
1170.0000 -0.2145
1171.0000 -0.2148
1172.0000 -0.2151
1173.0000 -0.2154
1174.0000 -0.2157
1175.0000 -0.2160
1176.0000 -0.2163
1177.0000 -0.2166
1178.0000 -0.2168
1179.0000 -0.2171
1180.0000 -0.2174
1181.0000 -0.2177
1182.0000 -0.2180
1183.0000 -0.2183
1184.0000 -0.2186
1185.0000 -0.2189
1186.0000 -0.2191
1187.0000 -0.2194
1188.0000 -0.2197
1189.0000 -0.2200
1190.0000 -0.2202
1191.0000 -0.2205
1192.0000 -0.2208
1193.0000 -0.2211
1194.0000 -0.2213
1195.0000 -0.2216
1196.0000 -0.2219
1197.0000 -0.2221
1198.0000 -0.2224
1199.0000 -0.2227
1200.0000 -0.2229
1201.0000 -0.2232
1202.0000 -0.2235
1203.0000 -0.2237
1204.0000 -0.2240
1205.0000 -0.2242
1206.0000 -0.2245
1207.0000 -0.2248
1208.0000 -0.2250
1209.0000 -0.2253
1210.0000 -0.0210
1211.0000 0.0028
1212.0000 0.0266
1213.0000 0.0505
1214.0000 0.0743
1215.0000 0.0975
1216.0000 0.1182
1217.0000 0.1376
1218.0000 0.1562
1219.0000 0.1742
1220.0000 0.1916
1221.0000 0.2083
1222.0000 0.2244
1223.0000 0.2398
1224.0000 0.2545
1225.0000 0.2684
1226.0000 0.2814
1227.0000 0.2936
1228.0000 0.3049
1229.0000 0.3154
1230.0000 0.3249
1231.0000 0.3336
1232.0000 0.3414
1233.0000 0.3484
1234.0000 0.3546
1235.0000 0.3602
1236.0000 0.3652
1237.0000 0.3696
1238.0000 0.3735
1239.0000 0.3771
1240.0000 0.3803
1241.0000 0.3832
1242.0000 0.3859
1243.0000 0.3884
1244.0000 0.3907
1245.0000 0.3930
1246.0000 0.3951
1247.0000 0.3972
1248.0000 0.3992
1249.0000 0.4010
1250.0000 0.4028
1251.0000 0.4045
1252.0000 0.4061
1253.0000 0.4076
1254.0000 0.4089
1255.0000 0.4102
1256.0000 0.4113
1257.0000 0.4123
1258.0000 0.4131
1259.0000 0.4139
1260.0000 0.4146
1261.0000 0.4152
1262.0000 0.4157
1263.0000 0.4162
1264.0000 0.4166
1265.0000 0.4170
1266.0000 0.4174
1267.0000 0.4178
1268.0000 0.4181
1269.0000 0.4185
1270.0000 0.4188
1271.0000 0.4191
1272.0000 0.4195
1273.0000 0.4198
1274.0000 0.4201
1275.0000 0.4204
1276.0000 0.4206
1277.0000 0.4209
1278.0000 0.4211
1279.0000 0.4213
1280.0000 0.4215
1281.0000 0.4216
1282.0000 0.4218
1283.0000 0.4219
1284.0000 0.4220
1285.0000 0.4220
1286.0000 0.4221
1287.0000 0.4222
1288.0000 0.4222
1289.0000 0.4223
1290.0000 0.4223
1291.0000 0.4224
1292.0000 0.4224
1293.0000 0.4225
1294.0000 0.4225
1295.0000 0.4226
1296.0000 0.4227
1297.0000 0.4227
1298.0000 0.4228
1299.0000 0.4228
1300.0000 0.4229
1301.0000 0.4229
1302.0000 0.4230
1303.0000 0.4230
1304.0000 0.4230
1305.0000 0.4230
1306.0000 0.4231
1307.0000 0.4231
1308.0000 0.4231
1309.0000 0.4231
1310.0000 0.4231
1311.0000 0.4231
1312.0000 0.4231
1313.0000 0.4231
1314.0000 0.4231
1315.0000 0.4231
1316.0000 0.4231
1317.0000 0.4231
1318.0000 0.4232
1319.0000 0.4232
1320.0000 0.4232
1321.0000 0.4232
1322.0000 0.4232
1323.0000 0.4232
1324.0000 0.4232
1325.0000 0.4232
1326.0000 0.4232
1327.0000 0.4232
1328.0000 0.4232
1329.0000 0.4232
1330.0000 0.4232
1331.0000 0.4232
1332.0000 0.4232
1333.0000 0.4232
1334.0000 0.4232
1335.0000 0.4232
1336.0000 0.4232
1337.0000 0.4232
1338.0000 0.4232
1339.0000 0.4232
1340.0000 0.4233
1341.0000 0.4233
1342.0000 0.4233
1343.0000 0.4233
1344.0000 0.4233
1345.0000 0.4233
1346.0000 0.4233
1347.0000 0.4233
1348.0000 0.4233
1349.0000 0.4233
1350.0000 0.4233
1351.0000 0.4233
1352.0000 0.4233
1353.0000 0.4233
1354.0000 0.4233
1355.0000 0.4233
1356.0000 0.4233
1357.0000 0.4233
1358.0000 0.4233
1359.0000 0.4233
1360.0000 0.4233
1361.0000 0.4233
1362.0000 0.4233
1363.0000 0.4233
1364.0000 0.4233
1365.0000 0.4233
1366.0000 0.4233
1367.0000 0.4233
1368.0000 0.4233
1369.0000 0.4233
1370.0000 0.4233
1371.0000 0.4233
1372.0000 0.4233
1373.0000 0.4233
1374.0000 0.4233
1375.0000 0.4233
1376.0000 0.4233
1377.0000 0.4233
1378.0000 0.4233
1379.0000 0.4233
1380.0000 0.4233
1381.0000 0.4233
1382.0000 0.4233
1383.0000 0.4233
1384.0000 0.4233
1385.0000 0.4233
1386.0000 0.4233
1387.0000 0.4233
1388.0000 0.4233
1389.0000 0.4233
1390.0000 0.4233
1391.0000 0.4233
1392.0000 0.4233
1393.0000 0.4233
1394.0000 0.4233
1395.0000 0.4233
1396.0000 0.4233
1397.0000 0.4233
1398.0000 0.4233
1399.0000 0.4233
1400.0000 0.4233
1401.0000 0.4233
1402.0000 0.4233
1403.0000 0.4233
1404.0000 0.4233
1405.0000 0.4233
1406.0000 0.4233
1407.0000 0.4233
1408.0000 0.4233
1409.0000 0.4233
1410.0000 0.4233
