1.0000 0.0000
2.0000 0.0000
3.0000 0.0000
4.0000 0.0000
5.0000 0.0000
6.0000 0.0000
7.0000 0.0000
8.0000 0.0000
9.0000 0.0000
10.0000 0.9708
11.0000 1.5069
12.0000 1.7945
13.0000 1.9305
14.0000 1.9691
15.0000 1.9467
16.0000 1.8914
17.0000 1.8241
18.0000 1.7594
19.0000 1.7055
20.0000 1.6658
21.0000 1.6406
22.0000 1.6281
23.0000 1.6256
24.0000 1.6299
25.0000 1.6386
26.0000 1.6497
27.0000 1.6614
28.0000 1.6726
29.0000 1.6828
30.0000 1.6913
31.0000 1.6985
32.0000 1.7045
33.0000 1.7096
34.0000 1.7138
35.0000 1.7173
36.0000 1.7204
37.0000 1.7234
38.0000 1.7260
39.0000 1.7287
40.0000 1.7312
41.0000 1.7336
42.0000 1.7360
43.0000 1.7383
44.0000 1.7405
45.0000 1.7427
46.0000 1.7448
47.0000 1.7465
48.0000 1.7481
49.0000 1.7496
50.0000 1.7513
51.0000 1.7529
52.0000 1.7543
53.0000 1.7557
54.0000 1.7571
55.0000 1.7583
56.0000 1.7594
57.0000 1.7604
58.0000 1.7614
59.0000 1.7623
60.0000 1.7631
61.0000 1.7640
62.0000 1.7648
63.0000 1.7656
64.0000 1.7663
65.0000 1.7669
66.0000 1.7675
67.0000 1.7681
68.0000 1.7688
69.0000 1.7694
70.0000 1.7701
71.0000 1.7706
72.0000 1.7710
73.0000 1.7714
74.0000 1.7718
75.0000 1.7722
76.0000 1.7726
77.0000 1.7729
78.0000 1.7733
79.0000 1.7736
80.0000 1.7738
81.0000 1.7740
82.0000 1.7743
83.0000 1.7746
84.0000 1.7749
85.0000 1.7752
86.0000 1.7754
87.0000 1.7755
88.0000 1.7757
89.0000 1.7758
90.0000 1.7759
91.0000 1.7761
92.0000 1.7763
93.0000 1.7764
94.0000 1.7766
95.0000 1.7768
96.0000 1.7768
97.0000 1.7769
98.0000 1.7769
99.0000 1.7769
100.0000 1.7769
101.0000 1.7770
102.0000 1.7772
103.0000 1.7774
104.0000 1.7774
105.0000 1.7774
106.0000 1.7774
107.0000 1.7774
108.0000 1.7774
109.0000 1.7775
110.0000 2.3517
111.0000 2.6706
112.0000 2.8331
113.0000 2.8813
114.0000 2.8521
115.0000 2.7828
116.0000 2.7038
117.0000 2.6334
118.0000 2.5793
119.0000 2.5433
120.0000 2.5228
121.0000 2.5145
122.0000 2.5149
123.0000 2.5201
124.0000 2.5275
125.0000 2.5352
126.0000 2.5421
127.0000 2.5474
128.0000 2.5507
129.0000 2.5526
130.0000 2.5528
131.0000 2.5519
132.0000 2.5498
133.0000 2.5475
134.0000 2.5449
135.0000 2.5423
136.0000 2.5396
137.0000 2.5368
138.0000 2.5342
139.0000 2.5314
140.0000 2.5289
141.0000 2.5266
142.0000 2.5241
143.0000 2.5218
144.0000 2.5196
145.0000 2.5178
146.0000 2.5152
147.0000 2.5128
148.0000 2.5106
149.0000 2.5081
150.0000 2.5058
151.0000 2.5036
152.0000 2.5015
153.0000 2.4994
154.0000 2.4975
155.0000 2.4951
156.0000 2.4932
157.0000 2.4912
158.0000 2.4893
159.0000 2.4874
160.0000 2.4856
161.0000 2.4837
162.0000 2.4818
163.0000 2.4799
164.0000 2.4782
165.0000 2.4764
166.0000 2.4744
167.0000 2.4726
168.0000 2.4709
169.0000 2.4692
170.0000 2.4675
171.0000 2.4661
172.0000 2.4647
173.0000 2.4634
174.0000 2.4622
175.0000 2.4608
176.0000 2.4595
177.0000 2.4580
178.0000 2.4566
179.0000 2.4552
180.0000 2.4538
181.0000 2.4526
182.0000 2.4514
183.0000 2.4503
184.0000 2.4492
185.0000 2.4480
186.0000 2.4470
187.0000 2.4458
188.0000 2.4446
189.0000 2.4435
190.0000 2.4424
191.0000 2.4415
192.0000 2.4408
193.0000 2.4398
194.0000 2.4390
195.0000 2.4382
196.0000 2.4372
197.0000 2.4362
198.0000 2.4352
199.0000 2.4344
200.0000 2.4337
201.0000 2.4329
202.0000 2.4320
203.0000 2.4312
204.0000 2.4305
205.0000 2.4298
206.0000 2.4291
207.0000 2.4285
208.0000 2.4278
209.0000 2.4272
210.0000 0.9738
211.0000 0.0033
212.0000 -0.5100
213.0000 -0.6857
214.0000 -0.6563
215.0000 -0.5261
216.0000 -0.3647
217.0000 -0.2133
218.0000 -0.0925
219.0000 -0.0080
220.0000 0.0416
221.0000 0.0619
222.0000 0.0603
223.0000 0.0443
224.0000 0.0208
225.0000 -0.0056
226.0000 -0.0318
227.0000 -0.0552
228.0000 -0.0749
229.0000 -0.0906
230.0000 -0.1029
231.0000 -0.1116
232.0000 -0.1179
233.0000 -0.1224
234.0000 -0.1254
235.0000 -0.1280
236.0000 -0.1302
237.0000 -0.1320
238.0000 -0.1337
239.0000 -0.1353
240.0000 -0.1371
241.0000 -0.1388
242.0000 -0.1400
243.0000 -0.1413
244.0000 -0.1426
245.0000 -0.1437
246.0000 -0.1448
247.0000 -0.1456
248.0000 -0.1463
249.0000 -0.1467
250.0000 -0.1470
251.0000 -0.1472
252.0000 -0.1476
253.0000 -0.1478
254.0000 -0.1477
255.0000 -0.1476
256.0000 -0.1475
257.0000 -0.1469
258.0000 -0.1466
259.0000 -0.1462
260.0000 -0.1457
261.0000 -0.1454
262.0000 -0.1451
263.0000 -0.1444
264.0000 -0.1436
265.0000 -0.1431
266.0000 -0.1426
267.0000 -0.1420
268.0000 -0.1413
269.0000 -0.1408
270.0000 -0.1403
271.0000 -0.1398
272.0000 -0.1394
273.0000 -0.1388
274.0000 -0.1380
275.0000 -0.1371
276.0000 -0.1364
277.0000 -0.1357
278.0000 -0.1349
279.0000 -0.1343
280.0000 -0.1335
281.0000 -0.1327
282.0000 -0.1320
283.0000 -0.1312
284.0000 -0.1305
285.0000 -0.1300
286.0000 -0.1294
287.0000 -0.1287
288.0000 -0.1280
289.0000 -0.1272
290.0000 -0.1265
291.0000 -0.1259
292.0000 -0.1254
293.0000 -0.1248
294.0000 -0.1242
295.0000 -0.1234
296.0000 -0.1228
297.0000 -0.1222
298.0000 -0.1214
299.0000 -0.1207
300.0000 -0.1200
301.0000 -0.1196
302.0000 -0.1191
303.0000 -0.1188
304.0000 -0.1184
305.0000 -0.1178
306.0000 -0.1170
307.0000 -0.1164
308.0000 -0.1160
309.0000 -0.1156
310.0000 -2.0567
311.0000 -3.1284
312.0000 -3.7028
313.0000 -3.9743
314.0000 -4.0509
315.0000 -4.0056
316.0000 -3.8943
317.0000 -3.7594
318.0000 -3.6296
319.0000 -3.5214
320.0000 -3.4414
321.0000 -3.3905
322.0000 -3.3652
323.0000 -3.3598
324.0000 -3.3680
325.0000 -3.3850
326.0000 -3.4069
327.0000 -3.4298
328.0000 -3.4519
329.0000 -3.4718
330.0000 -3.4884
331.0000 -3.5024
332.0000 -3.5140
333.0000 -3.5237
334.0000 -3.5318
335.0000 -3.5384
336.0000 -3.5446
337.0000 -3.5502
338.0000 -3.5552
339.0000 -3.5601
340.0000 -3.5647
341.0000 -3.5693
342.0000 -3.5738
343.0000 -3.5782
344.0000 -3.5826
345.0000 -3.5868
346.0000 -3.5908
347.0000 -3.5940
348.0000 -3.5969
349.0000 -3.5995
350.0000 -3.6024
351.0000 -3.6052
352.0000 -3.6077
353.0000 -3.6103
354.0000 -3.6128
355.0000 -3.6149
356.0000 -3.6169
357.0000 -3.6189
358.0000 -3.6208
359.0000 -3.6224
360.0000 -3.6242
361.0000 -3.6257
362.0000 -3.6272
363.0000 -3.6287
364.0000 -3.6297
365.0000 -3.6306
366.0000 -3.6316
367.0000 -3.6324
368.0000 -3.6334
369.0000 -3.6345
370.0000 -3.6357
371.0000 -3.6365
372.0000 -3.6372
373.0000 -3.6378
374.0000 -3.6387
375.0000 -3.6396
376.0000 -3.6405
377.0000 -3.6411
378.0000 -3.6416
379.0000 -3.6420
380.0000 -3.6423
381.0000 -3.6426
382.0000 -3.6429
383.0000 -3.6435
384.0000 -3.6440
385.0000 -3.6444
386.0000 -3.6447
387.0000 -3.6449
388.0000 -3.6452
389.0000 -3.6452
390.0000 -3.6452
391.0000 -3.6454
392.0000 -3.6457
393.0000 -3.6460
394.0000 -3.6464
395.0000 -3.6468
396.0000 -3.6469
397.0000 -3.6471
398.0000 -3.6471
399.0000 -3.6470
400.0000 -3.6468
401.0000 -3.6469
402.0000 -3.6471
403.0000 -3.6473
404.0000 -3.6473
405.0000 -3.6471
406.0000 -3.6470
407.0000 -3.6470
408.0000 -3.6469
409.0000 -3.6468
410.0000 -4.7952
411.0000 -5.4331
412.0000 -5.7581
413.0000 -5.8547
414.0000 -5.7965
415.0000 -5.6582
416.0000 -5.5003
417.0000 -5.3598
418.0000 -5.2515
419.0000 -5.1797
420.0000 -5.1387
421.0000 -5.1223
422.0000 -5.1230
423.0000 -5.1335
424.0000 -5.1484
425.0000 -5.1637
426.0000 -5.1776
427.0000 -5.1883
428.0000 -5.1950
429.0000 -5.1988
430.0000 -5.1992
431.0000 -5.1977
432.0000 -5.1935
433.0000 -5.1888
434.0000 -5.1838
435.0000 -5.1785
436.0000 -5.1732
437.0000 -5.1678
438.0000 -5.1626
439.0000 -5.1571
440.0000 -5.1521
441.0000 -5.1476
442.0000 -5.1427
443.0000 -5.1380
444.0000 -5.1338
445.0000 -5.1301
446.0000 -5.1251
447.0000 -5.1202
448.0000 -5.1159
449.0000 -5.1109
450.0000 -5.1065
451.0000 -5.1020
452.0000 -5.0980
453.0000 -5.0937
454.0000 -5.0899
455.0000 -5.0852
456.0000 -5.0813
457.0000 -5.0774
458.0000 -5.0736
459.0000 -5.0699
460.0000 -5.0663
461.0000 -5.0626
462.0000 -5.0589
463.0000 -5.0551
464.0000 -5.0516
465.0000 -5.0480
466.0000 -5.0442
467.0000 -5.0405
468.0000 -5.0372
469.0000 -5.0339
470.0000 -5.0305
471.0000 -5.0276
472.0000 -5.0249
473.0000 -5.0224
474.0000 -5.0199
475.0000 -5.0172
476.0000 -5.0145
477.0000 -5.0115
478.0000 -5.0088
479.0000 -5.0060
480.0000 -5.0033
481.0000 -5.0009
482.0000 -4.9985
483.0000 -4.9963
484.0000 -4.9940
485.0000 -4.9917
486.0000 -4.9896
487.0000 -4.9873
488.0000 -4.9849
489.0000 -4.9828
490.0000 -4.9807
491.0000 -4.9788
492.0000 -4.9774
493.0000 -4.9754
494.0000 -4.9738
495.0000 -4.9722
496.0000 -4.9703
497.0000 -4.9683
498.0000 -4.9663
499.0000 -4.9647
500.0000 -4.9632
501.0000 -4.9617
502.0000 -4.9598
503.0000 -4.9584
504.0000 -4.9570
505.0000 -4.9555
506.0000 -4.9541
507.0000 -4.9528
508.0000 -4.9515
509.0000 -4.9503
510.0000 -2.0435
511.0000 -0.1024
512.0000 0.9240
513.0000 1.2754
514.0000 1.2167
515.0000 0.9562
516.0000 0.6333
517.0000 0.3307
518.0000 0.0890
519.0000 -0.0799
520.0000 -0.1791
521.0000 -0.2198
522.0000 -0.2165
523.0000 -0.1846
524.0000 -0.1376
525.0000 -0.0848
526.0000 -0.0324
527.0000 0.0144
528.0000 0.0537
529.0000 0.0852
530.0000 0.1097
531.0000 0.1273
532.0000 0.1399
533.0000 0.1489
534.0000 0.1548
535.0000 0.1600
536.0000 0.1643
537.0000 0.1680
538.0000 0.1714
539.0000 0.1745
540.0000 0.1783
541.0000 0.1815
542.0000 0.1840
543.0000 0.1866
544.0000 0.1891
545.0000 0.1914
546.0000 0.1936
547.0000 0.1951
548.0000 0.1965
549.0000 0.1973
550.0000 0.1979
551.0000 0.1985
552.0000 0.1991
553.0000 0.1996
554.0000 0.1993
555.0000 0.1992
556.0000 0.1989
557.0000 0.1978
558.0000 0.1971
559.0000 0.1963
560.0000 0.1953
561.0000 0.1948
562.0000 0.1942
563.0000 0.1928
564.0000 0.1912
565.0000 0.1902
566.0000 0.1891
567.0000 0.1880
568.0000 0.1865
569.0000 0.1855
570.0000 0.1845
571.0000 0.1836
572.0000 0.1828
573.0000 0.1815
574.0000 0.1800
575.0000 0.1781
576.0000 0.1768
577.0000 0.1753
578.0000 0.1738
579.0000 0.1725
580.0000 0.1709
581.0000 0.1694
582.0000 0.1679
583.0000 0.1664
584.0000 0.1650
585.0000 0.1640
586.0000 0.1627
587.0000 0.1613
588.0000 0.1599
589.0000 0.1583
590.0000 0.1570
591.0000 0.1558
592.0000 0.1548
593.0000 0.1535
594.0000 0.1523
595.0000 0.1508
596.0000 0.1495
597.0000 0.1483
598.0000 0.1468
599.0000 0.1453
600.0000 0.1440
601.0000 0.1432
602.0000 0.1422
603.0000 0.1415
604.0000 0.1407
605.0000 0.1396
606.0000 0.1380
607.0000 0.1369
608.0000 0.1359
609.0000 0.1352
610.0000 3.0467
611.0000 4.6539
612.0000 5.5151
613.0000 5.9221
614.0000 6.0368
615.0000 5.9684
616.0000 5.8012
617.0000 5.5987
618.0000 5.4038
619.0000 5.2413
620.0000 5.1211
621.0000 5.0444
622.0000 5.0062
623.0000 4.9980
624.0000 5.0101
625.0000 5.0353
626.0000 5.0680
627.0000 5.1022
628.0000 5.1351
629.0000 5.1647
630.0000 5.1894
631.0000 5.2102
632.0000 5.2275
633.0000 5.2418
634.0000 5.2538
635.0000 5.2636
636.0000 5.2727
637.0000 5.2810
638.0000 5.2885
639.0000 5.2956
640.0000 5.3022
641.0000 5.3090
642.0000 5.3156
643.0000 5.3221
644.0000 5.3287
645.0000 5.3349
646.0000 5.3408
647.0000 5.3456
648.0000 5.3497
649.0000 5.3533
650.0000 5.3574
651.0000 5.3616
652.0000 5.3651
653.0000 5.3688
654.0000 5.3724
655.0000 5.3755
656.0000 5.3784
657.0000 5.3814
658.0000 5.3842
659.0000 5.3865
660.0000 5.3892
661.0000 5.3914
662.0000 5.3935
663.0000 5.3957
664.0000 5.3972
665.0000 5.3984
666.0000 5.3996
667.0000 5.4007
668.0000 5.4019
669.0000 5.4036
670.0000 5.4053
671.0000 5.4063
672.0000 5.4073
673.0000 5.4082
674.0000 5.4096
675.0000 5.4111
676.0000 5.4124
677.0000 5.4133
678.0000 5.4140
679.0000 5.4143
680.0000 5.4147
681.0000 5.4151
682.0000 5.4155
683.0000 5.4163
684.0000 5.4170
685.0000 5.4176
686.0000 5.4181
687.0000 5.4183
688.0000 5.4186
689.0000 5.4186
690.0000 5.4185
691.0000 5.4187
692.0000 5.4192
693.0000 5.4196
694.0000 5.4201
695.0000 5.4208
696.0000 5.4210
697.0000 5.4213
698.0000 5.4212
699.0000 5.4211
700.0000 5.4207
701.0000 5.4208
702.0000 5.4210
703.0000 5.4212
704.0000 5.4211
705.0000 5.4208
706.0000 5.4205
707.0000 5.4206
708.0000 5.4203
709.0000 5.4202
710.0000 7.1427
711.0000 8.0995
712.0000 8.5871
713.0000 8.7321
714.0000 8.6450
715.0000 8.4375
716.0000 8.2008
717.0000 7.9901
718.0000 7.8277
719.0000 7.7200
720.0000 7.6587
721.0000 7.6340
722.0000 7.6350
723.0000 7.6509
724.0000 7.6733
725.0000 7.6962
726.0000 7.7171
727.0000 7.7332
728.0000 7.7433
729.0000 7.7490
730.0000 7.7497
731.0000 7.7474
732.0000 7.7411
733.0000 7.7341
734.0000 7.7266
735.0000 7.7188
736.0000 7.7109
737.0000 7.7027
738.0000 7.6949
739.0000 7.6868
740.0000 7.6793
741.0000 7.6726
742.0000 7.6652
743.0000 7.6583
744.0000 7.6519
745.0000 7.6464
746.0000 7.6389
747.0000 7.6316
748.0000 7.6252
749.0000 7.6178
750.0000 7.6111
751.0000 7.6045
752.0000 7.5984
753.0000 7.5920
754.0000 7.5863
755.0000 7.5793
756.0000 7.5735
757.0000 7.5676
758.0000 7.5620
759.0000 7.5563
760.0000 7.5511
761.0000 7.5455
762.0000 7.5400
763.0000 7.5343
764.0000 7.5291
765.0000 7.5237
766.0000 7.5179
767.0000 7.5125
768.0000 7.5075
769.0000 7.5025
770.0000 7.4974
771.0000 7.4931
772.0000 7.4890
773.0000 7.4853
774.0000 7.4816
775.0000 7.4775
776.0000 7.4735
777.0000 7.4691
778.0000 7.4650
779.0000 7.4608
780.0000 7.4567
781.0000 7.4532
782.0000 7.4496
783.0000 7.4462
784.0000 7.4429
785.0000 7.4394
786.0000 7.4363
787.0000 7.4329
788.0000 7.4292
789.0000 7.4260
790.0000 7.4228
791.0000 7.4200
792.0000 7.4179
793.0000 7.4150
794.0000 7.4126
795.0000 7.4103
796.0000 7.4074
797.0000 7.4044
798.0000 7.4014
799.0000 7.3990
800.0000 7.3968
801.0000 7.3944
802.0000 7.3917
803.0000 7.3895
804.0000 7.3874
805.0000 7.3852
806.0000 7.3832
807.0000 7.3812
808.0000 7.3792
809.0000 7.3775
810.0000 3.0172
811.0000 0.1056
812.0000 -1.4341
813.0000 -1.9612
814.0000 -1.8731
815.0000 -1.4824
816.0000 -0.9981
817.0000 -0.5441
818.0000 -0.1816
819.0000 0.0719
820.0000 0.2207
821.0000 0.2818
822.0000 0.2767
823.0000 0.2289
824.0000 0.1583
825.0000 0.0791
826.0000 0.0006
827.0000 -0.0696
828.0000 -0.1286
829.0000 -0.1758
830.0000 -0.2126
831.0000 -0.2389
832.0000 -0.2578
833.0000 -0.2713
834.0000 -0.2803
835.0000 -0.2880
836.0000 -0.2945
837.0000 -0.3001
838.0000 -0.3050
839.0000 -0.3098
840.0000 -0.3154
841.0000 -0.3203
842.0000 -0.3240
843.0000 -0.3279
844.0000 -0.3317
845.0000 -0.3352
846.0000 -0.3384
847.0000 -0.3407
848.0000 -0.3428
849.0000 -0.3440
850.0000 -0.3448
851.0000 -0.3457
852.0000 -0.3467
853.0000 -0.3474
854.0000 -0.3470
855.0000 -0.3468
856.0000 -0.3463
857.0000 -0.3447
858.0000 -0.3436
859.0000 -0.3425
860.0000 -0.3410
861.0000 -0.3402
862.0000 -0.3394
863.0000 -0.3372
864.0000 -0.3348
865.0000 -0.3333
866.0000 -0.3316
867.0000 -0.3300
868.0000 -0.3278
869.0000 -0.3263
870.0000 -0.3247
871.0000 -0.3234
872.0000 -0.3223
873.0000 -0.3203
874.0000 -0.3179
875.0000 -0.3151
876.0000 -0.3132
877.0000 -0.3109
878.0000 -0.3087
879.0000 -0.3068
880.0000 -0.3044
881.0000 -0.3021
882.0000 -0.2998
883.0000 -0.2976
884.0000 -0.2954
885.0000 -0.2941
886.0000 -0.2921
887.0000 -0.2900
888.0000 -0.2878
889.0000 -0.2855
890.0000 -0.2836
891.0000 -0.2816
892.0000 -0.2803
893.0000 -0.2783
894.0000 -0.2765
895.0000 -0.2743
896.0000 -0.2722
897.0000 -0.2705
898.0000 -0.2682
899.0000 -0.2659
900.0000 -0.2640
901.0000 -0.2628
902.0000 -0.2613
903.0000 -0.2603
904.0000 -0.2590
905.0000 -0.2575
906.0000 -0.2550
907.0000 -0.2533
908.0000 -0.2519
909.0000 -0.2509
910.0000 -0.2495
