1.0000 0.0000
2.0000 0.0000
3.0000 0.0000
4.0000 0.0000
5.0000 0.0000
6.0000 0.0000
7.0000 0.0000
8.0000 0.0000
9.0000 0.0000
10.0000 0.0000
11.0000 1.2612
12.0000 1.0025
13.0000 0.8770
14.0000 0.7522
15.0000 0.6572
16.0000 0.5825
17.0000 0.5245
18.0000 0.4792
19.0000 0.4440
20.0000 0.4166
21.0000 0.3952
22.0000 0.3786
23.0000 0.3656
24.0000 0.3555
25.0000 0.3476
26.0000 0.3415
27.0000 0.3368
28.0000 0.3330
29.0000 0.3302
30.0000 0.3279
31.0000 0.3262
32.0000 0.3248
33.0000 0.3237
34.0000 0.3229
35.0000 0.3223
36.0000 0.3218
37.0000 0.3214
38.0000 0.3211
39.0000 0.3208
40.0000 0.3206
41.0000 0.3205
42.0000 0.3204
43.0000 0.3203
44.0000 0.3202
45.0000 0.3202
46.0000 0.3201
47.0000 0.3201
48.0000 0.3201
49.0000 0.3201
50.0000 0.3200
51.0000 0.3200
52.0000 0.3200
53.0000 0.3200
54.0000 0.3200
55.0000 0.3200
56.0000 0.3200
57.0000 0.3200
58.0000 0.3200
59.0000 0.3200
60.0000 0.3200
61.0000 0.3200
62.0000 0.3200
63.0000 0.3200
64.0000 0.3200
65.0000 0.3200
66.0000 0.3200
67.0000 0.3200
68.0000 0.3200
69.0000 0.3200
70.0000 0.3200
71.0000 0.3200
72.0000 0.3200
73.0000 0.3200
74.0000 0.3200
75.0000 0.3200
76.0000 0.3200
77.0000 0.3200
78.0000 0.3200
79.0000 0.3200
80.0000 0.3200
81.0000 0.3200
82.0000 0.3200
83.0000 0.3200
84.0000 0.3200
85.0000 0.3200
86.0000 0.3200
87.0000 0.3200
88.0000 0.3200
89.0000 0.3200
90.0000 0.3200
91.0000 0.3200
92.0000 0.3200
93.0000 0.3200
94.0000 0.3200
95.0000 0.3200
96.0000 0.3200
97.0000 0.3200
98.0000 0.3200
99.0000 0.3200
100.0000 0.3200
101.0000 0.3200
102.0000 0.3200
103.0000 0.3200
104.0000 0.3200
105.0000 0.3200
106.0000 0.3200
107.0000 0.3200
108.0000 0.3200
109.0000 0.3200
110.0000 0.3200
111.0000 0.3200
112.0000 0.3200
113.0000 0.3200
114.0000 0.3200
115.0000 0.3200
116.0000 0.3200
117.0000 0.3200
118.0000 0.3200
119.0000 0.3200
120.0000 0.3200
121.0000 0.3200
122.0000 0.3200
123.0000 0.3200
124.0000 0.3200
125.0000 0.3200
126.0000 0.3200
127.0000 0.3200
128.0000 0.3200
129.0000 0.3200
130.0000 0.3200
131.0000 0.3200
132.0000 0.3200
133.0000 0.3200
134.0000 0.3200
135.0000 0.3200
136.0000 0.3200
137.0000 0.3200
138.0000 0.3200
139.0000 0.3200
140.0000 0.3200
141.0000 0.3200
142.0000 0.3200
143.0000 0.3200
144.0000 0.3200
145.0000 0.3200
146.0000 0.3200
147.0000 0.3200
148.0000 0.3200
149.0000 0.3200
150.0000 0.3200
151.0000 0.3200
152.0000 0.3200
153.0000 0.3200
154.0000 0.3200
155.0000 0.3200
156.0000 0.3200
157.0000 0.3200
158.0000 0.3200
159.0000 0.3200
160.0000 0.3200
161.0000 0.3200
162.0000 0.3200
163.0000 0.3200
164.0000 0.3200
165.0000 0.3200
166.0000 0.3200
167.0000 0.3200
168.0000 0.3200
169.0000 0.3200
170.0000 0.3200
171.0000 0.3200
172.0000 0.3200
173.0000 0.3200
174.0000 0.3200
175.0000 0.3200
176.0000 0.3200
177.0000 0.3200
178.0000 0.3200
179.0000 0.3200
180.0000 0.3200
181.0000 0.3200
182.0000 0.3200
183.0000 0.3200
184.0000 0.3200
185.0000 0.3200
186.0000 0.3200
187.0000 0.3200
188.0000 0.3200
189.0000 0.3200
190.0000 0.3200
191.0000 0.3200
192.0000 0.3200
193.0000 0.3200
194.0000 0.3200
195.0000 0.3200
196.0000 0.3200
197.0000 0.3200
198.0000 0.3200
199.0000 0.3200
200.0000 0.3200
201.0000 0.3200
202.0000 0.3200
203.0000 0.3200
204.0000 0.3200
205.0000 0.3200
206.0000 0.3200
207.0000 0.3200
208.0000 0.3200
209.0000 0.3200
210.0000 0.3200
211.0000 0.3200
212.0000 0.3200
213.0000 0.3200
214.0000 0.3200
215.0000 0.3200
216.0000 0.3200
217.0000 0.3200
218.0000 0.3200
219.0000 0.3200
220.0000 0.3200
221.0000 0.3200
222.0000 0.3200
223.0000 0.3200
224.0000 0.3200
225.0000 0.3200
226.0000 0.3200
227.0000 0.3200
228.0000 0.3200
229.0000 0.3200
230.0000 0.3200
231.0000 0.3200
232.0000 0.3200
233.0000 0.3200
234.0000 0.3200
235.0000 0.3200
236.0000 0.3200
237.0000 0.3200
238.0000 0.3200
239.0000 0.3200
240.0000 0.3200
241.0000 0.3200
242.0000 0.3200
243.0000 0.3200
244.0000 0.3200
245.0000 0.3200
246.0000 0.3200
247.0000 0.3200
248.0000 0.3200
249.0000 0.3200
250.0000 0.3200
251.0000 0.3200
252.0000 0.3200
253.0000 0.3200
254.0000 0.3200
255.0000 0.3200
256.0000 0.3200
257.0000 0.3200
258.0000 0.3200
259.0000 0.3200
260.0000 0.3200
261.0000 0.3200
262.0000 0.3200
263.0000 0.3200
264.0000 0.3200
265.0000 0.3200
266.0000 0.3200
267.0000 0.3200
268.0000 0.3200
269.0000 0.3200
270.0000 0.3200
271.0000 0.3200
272.0000 0.3200
273.0000 0.3200
274.0000 0.3200
275.0000 0.3200
276.0000 0.3200
277.0000 0.3200
278.0000 0.3200
279.0000 0.3200
280.0000 0.3200
281.0000 0.3200
282.0000 0.3200
283.0000 0.3200
284.0000 0.3200
285.0000 0.3200
286.0000 0.3200
287.0000 0.3200
288.0000 0.3200
289.0000 0.3200
290.0000 0.3200
291.0000 0.3200
292.0000 0.3200
293.0000 0.3200
294.0000 0.3200
295.0000 0.3200
296.0000 0.3200
297.0000 0.3200
298.0000 0.3200
299.0000 0.3200
300.0000 0.3200
301.0000 0.3200
302.0000 0.3200
303.0000 0.3200
304.0000 0.3200
305.0000 0.3200
306.0000 0.3200
307.0000 0.3200
308.0000 0.3200
309.0000 0.3200
310.0000 0.3200
311.0000 -2.2024
312.0000 -1.6850
313.0000 -1.4340
314.0000 -1.1845
315.0000 -0.9943
316.0000 -0.8451
317.0000 -0.7289
318.0000 -0.6384
319.0000 -0.5680
320.0000 -0.5131
321.0000 -0.4704
322.0000 -0.4371
323.0000 -0.4112
324.0000 -0.3910
325.0000 -0.3753
326.0000 -0.3630
327.0000 -0.3535
328.0000 -0.3461
329.0000 -0.3403
330.0000 -0.3358
331.0000 -0.3323
332.0000 -0.3296
333.0000 -0.3274
334.0000 -0.3258
335.0000 -0.3245
336.0000 -0.3235
337.0000 -0.3227
338.0000 -0.3221
339.0000 -0.3216
340.0000 -0.3213
341.0000 -0.3210
342.0000 -0.3208
343.0000 -0.3206
344.0000 -0.3205
345.0000 -0.3204
346.0000 -0.3203
347.0000 -0.3202
348.0000 -0.3202
349.0000 -0.3201
350.0000 -0.3201
351.0000 -0.3201
352.0000 -0.3200
353.0000 -0.3200
354.0000 -0.3200
355.0000 -0.3200
356.0000 -0.3200
357.0000 -0.3200
358.0000 -0.3200
359.0000 -0.3200
360.0000 -0.3200
361.0000 -0.3200
362.0000 -0.3200
363.0000 -0.3200
364.0000 -0.3200
365.0000 -0.3200
366.0000 -0.3200
367.0000 -0.3200
368.0000 -0.3200
369.0000 -0.3200
370.0000 -0.3200
371.0000 -0.3200
372.0000 -0.3200
373.0000 -0.3200
374.0000 -0.3200
375.0000 -0.3200
376.0000 -0.3200
377.0000 -0.3200
378.0000 -0.3200
379.0000 -0.3200
380.0000 -0.3200
381.0000 -0.3200
382.0000 -0.3200
383.0000 -0.3200
384.0000 -0.3200
385.0000 -0.3200
386.0000 -0.3200
387.0000 -0.3200
388.0000 -0.3200
389.0000 -0.3200
390.0000 -0.3200
391.0000 -0.3200
392.0000 -0.3200
393.0000 -0.3200
394.0000 -0.3200
395.0000 -0.3200
396.0000 -0.3200
397.0000 -0.3200
398.0000 -0.3200
399.0000 -0.3200
400.0000 -0.3200
401.0000 -0.3200
402.0000 -0.3200
403.0000 -0.3200
404.0000 -0.3200
405.0000 -0.3200
406.0000 -0.3200
407.0000 -0.3200
408.0000 -0.3200
409.0000 -0.3200
410.0000 -0.3200
411.0000 -0.3200
412.0000 -0.3200
413.0000 -0.3200
414.0000 -0.3200
415.0000 -0.3200
416.0000 -0.3200
417.0000 -0.3200
418.0000 -0.3200
419.0000 -0.3200
420.0000 -0.3200
421.0000 -0.3200
422.0000 -0.3200
423.0000 -0.3200
424.0000 -0.3200
425.0000 -0.3200
426.0000 -0.3200
427.0000 -0.3200
428.0000 -0.3200
429.0000 -0.3200
430.0000 -0.3200
431.0000 -0.3200
432.0000 -0.3200
433.0000 -0.3200
434.0000 -0.3200
435.0000 -0.3200
436.0000 -0.3200
437.0000 -0.3200
438.0000 -0.3200
439.0000 -0.3200
440.0000 -0.3200
441.0000 -0.3200
442.0000 -0.3200
443.0000 -0.3200
444.0000 -0.3200
445.0000 -0.3200
446.0000 -0.3200
447.0000 -0.3200
448.0000 -0.3200
449.0000 -0.3200
450.0000 -0.3200
451.0000 -0.3200
452.0000 -0.3200
453.0000 -0.3200
454.0000 -0.3200
455.0000 -0.3200
456.0000 -0.3200
457.0000 -0.3200
458.0000 -0.3200
459.0000 -0.3200
460.0000 -0.3200
461.0000 -0.3200
462.0000 -0.3200
463.0000 -0.3200
464.0000 -0.3200
465.0000 -0.3200
466.0000 -0.3200
467.0000 -0.3200
468.0000 -0.3200
469.0000 -0.3200
470.0000 -0.3200
471.0000 -0.3200
472.0000 -0.3200
473.0000 -0.3200
474.0000 -0.3200
475.0000 -0.3200
476.0000 -0.3200
477.0000 -0.3200
478.0000 -0.3200
479.0000 -0.3200
480.0000 -0.3200
481.0000 -0.3200
482.0000 -0.3200
483.0000 -0.3200
484.0000 -0.3200
485.0000 -0.3200
486.0000 -0.3200
487.0000 -0.3200
488.0000 -0.3200
489.0000 -0.3200
490.0000 -0.3200
491.0000 -0.3200
492.0000 -0.3200
493.0000 -0.3200
494.0000 -0.3200
495.0000 -0.3200
496.0000 -0.3200
497.0000 -0.3200
498.0000 -0.3200
499.0000 -0.3200
500.0000 -0.3200
501.0000 -0.3200
502.0000 -0.3200
503.0000 -0.3200
504.0000 -0.3200
505.0000 -0.3200
506.0000 -0.3200
507.0000 -0.3200
508.0000 -0.3200
509.0000 -0.3200
510.0000 -0.3200
511.0000 -0.3200
512.0000 -0.3200
513.0000 -0.3200
514.0000 -0.3200
515.0000 -0.3200
516.0000 -0.3200
517.0000 -0.3200
518.0000 -0.3200
519.0000 -0.3200
520.0000 -0.3200
521.0000 -0.3200
522.0000 -0.3200
523.0000 -0.3200
524.0000 -0.3200
525.0000 -0.3200
526.0000 -0.3200
527.0000 -0.3200
528.0000 -0.3200
529.0000 -0.3200
530.0000 -0.3200
531.0000 -0.3200
532.0000 -0.3200
533.0000 -0.3200
534.0000 -0.3200
535.0000 -0.3200
536.0000 -0.3200
537.0000 -0.3200
538.0000 -0.3200
539.0000 -0.3200
540.0000 -0.3200
541.0000 -0.3200
542.0000 -0.3200
543.0000 -0.3200
544.0000 -0.3200
545.0000 -0.3200
546.0000 -0.3200
547.0000 -0.3200
548.0000 -0.3200
549.0000 -0.3200
550.0000 -0.3200
551.0000 -0.3200
552.0000 -0.3200
553.0000 -0.3200
554.0000 -0.3200
555.0000 -0.3200
556.0000 -0.3200
557.0000 -0.3200
558.0000 -0.3200
559.0000 -0.3200
560.0000 -0.3200
561.0000 -0.3200
562.0000 -0.3200
563.0000 -0.3200
564.0000 -0.3200
565.0000 -0.3200
566.0000 -0.3200
567.0000 -0.3200
568.0000 -0.3200
569.0000 -0.3200
570.0000 -0.3200
571.0000 -0.3200
572.0000 -0.3200
573.0000 -0.3200
574.0000 -0.3200
575.0000 -0.3200
576.0000 -0.3200
577.0000 -0.3200
578.0000 -0.3200
579.0000 -0.3200
580.0000 -0.3200
581.0000 -0.3200
582.0000 -0.3200
583.0000 -0.3200
584.0000 -0.3200
585.0000 -0.3200
586.0000 -0.3200
587.0000 -0.3200
588.0000 -0.3200
589.0000 -0.3200
590.0000 -0.3200
591.0000 -0.3200
592.0000 -0.3200
593.0000 -0.3200
594.0000 -0.3200
595.0000 -0.3200
596.0000 -0.3200
597.0000 -0.3200
598.0000 -0.3200
599.0000 -0.3200
600.0000 -0.3200
601.0000 -0.3200
602.0000 -0.3200
603.0000 -0.3200
604.0000 -0.3200
605.0000 -0.3200
606.0000 -0.3200
607.0000 -0.3200
608.0000 -0.3200
609.0000 -0.3200
610.0000 -0.3200
611.0000 3.4635
612.0000 2.6875
613.0000 2.3111
614.0000 1.9367
615.0000 1.6515
616.0000 1.4276
617.0000 1.2534
618.0000 1.1177
619.0000 1.0120
620.0000 0.9297
621.0000 0.8656
622.0000 0.8157
623.0000 0.7768
624.0000 0.7465
625.0000 0.7229
626.0000 0.7046
627.0000 0.6903
628.0000 0.6791
629.0000 0.6705
630.0000 0.6637
631.0000 0.6585
632.0000 0.6544
633.0000 0.6512
634.0000 0.6487
635.0000 0.6468
636.0000 0.6453
637.0000 0.6441
638.0000 0.6432
639.0000 0.6425
640.0000 0.6419
641.0000 0.6415
642.0000 0.6411
643.0000 0.6409
644.0000 0.6407
645.0000 0.6405
646.0000 0.6404
647.0000 0.6403
648.0000 0.6402
649.0000 0.6402
650.0000 0.6401
651.0000 0.6401
652.0000 0.6401
653.0000 0.6401
654.0000 0.6400
655.0000 0.6400
656.0000 0.6400
657.0000 0.6400
658.0000 0.6400
659.0000 0.6400
660.0000 0.6400
661.0000 0.6400
662.0000 0.6400
663.0000 0.6400
664.0000 0.6400
665.0000 0.6400
666.0000 0.6400
667.0000 0.6400
668.0000 0.6400
669.0000 0.6400
670.0000 0.6400
671.0000 0.6400
672.0000 0.6400
673.0000 0.6400
674.0000 0.6400
675.0000 0.6400
676.0000 0.6400
677.0000 0.6400
678.0000 0.6400
679.0000 0.6400
680.0000 0.6400
681.0000 0.6400
682.0000 0.6400
683.0000 0.6400
684.0000 0.6400
685.0000 0.6400
686.0000 0.6400
687.0000 0.6400
688.0000 0.6400
689.0000 0.6400
690.0000 0.6400
691.0000 0.6400
692.0000 0.6400
693.0000 0.6400
694.0000 0.6400
695.0000 0.6400
696.0000 0.6400
697.0000 0.6400
698.0000 0.6400
699.0000 0.6400
700.0000 0.6400
701.0000 0.6400
702.0000 0.6400
703.0000 0.6400
704.0000 0.6400
705.0000 0.6400
706.0000 0.6400
707.0000 0.6400
708.0000 0.6400
709.0000 0.6400
710.0000 0.6400
711.0000 0.6400
712.0000 0.6400
713.0000 0.6400
714.0000 0.6400
715.0000 0.6400
716.0000 0.6400
717.0000 0.6400
718.0000 0.6400
719.0000 0.6400
720.0000 0.6400
721.0000 0.6400
722.0000 0.6400
723.0000 0.6400
724.0000 0.6400
725.0000 0.6400
726.0000 0.6400
727.0000 0.6400
728.0000 0.6400
729.0000 0.6400
730.0000 0.6400
731.0000 0.6400
732.0000 0.6400
733.0000 0.6400
734.0000 0.6400
735.0000 0.6400
736.0000 0.6400
737.0000 0.6400
738.0000 0.6400
739.0000 0.6400
740.0000 0.6400
741.0000 0.6400
742.0000 0.6400
743.0000 0.6400
744.0000 0.6400
745.0000 0.6400
746.0000 0.6400
747.0000 0.6400
748.0000 0.6400
749.0000 0.6400
750.0000 0.6400
751.0000 0.6400
752.0000 0.6400
753.0000 0.6400
754.0000 0.6400
755.0000 0.6400
756.0000 0.6400
757.0000 0.6400
758.0000 0.6400
759.0000 0.6400
760.0000 0.6400
761.0000 0.6400
762.0000 0.6400
763.0000 0.6400
764.0000 0.6400
765.0000 0.6400
766.0000 0.6400
767.0000 0.6400
768.0000 0.6400
769.0000 0.6400
770.0000 0.6400
771.0000 0.6400
772.0000 0.6400
773.0000 0.6400
774.0000 0.6400
775.0000 0.6400
776.0000 0.6400
777.0000 0.6400
778.0000 0.6400
779.0000 0.6400
780.0000 0.6400
781.0000 0.6400
782.0000 0.6400
783.0000 0.6400
784.0000 0.6400
785.0000 0.6400
786.0000 0.6400
787.0000 0.6400
788.0000 0.6400
789.0000 0.6400
790.0000 0.6400
791.0000 0.6400
792.0000 0.6400
793.0000 0.6400
794.0000 0.6400
795.0000 0.6400
796.0000 0.6400
797.0000 0.6400
798.0000 0.6400
799.0000 0.6400
800.0000 0.6400
801.0000 0.6400
802.0000 0.6400
803.0000 0.6400
804.0000 0.6400
805.0000 0.6400
806.0000 0.6400
807.0000 0.6400
808.0000 0.6400
809.0000 0.6400
810.0000 0.6400
811.0000 0.6400
812.0000 0.6400
813.0000 0.6400
814.0000 0.6400
815.0000 0.6400
816.0000 0.6400
817.0000 0.6400
818.0000 0.6400
819.0000 0.6400
820.0000 0.6400
821.0000 0.6400
822.0000 0.6400
823.0000 0.6400
824.0000 0.6400
825.0000 0.6400
826.0000 0.6400
827.0000 0.6400
828.0000 0.6400
829.0000 0.6400
830.0000 0.6400
831.0000 0.6400
832.0000 0.6400
833.0000 0.6400
834.0000 0.6400
835.0000 0.6400
836.0000 0.6400
837.0000 0.6400
838.0000 0.6400
839.0000 0.6400
840.0000 0.6400
841.0000 0.6400
842.0000 0.6400
843.0000 0.6400
844.0000 0.6400
845.0000 0.6400
846.0000 0.6400
847.0000 0.6400
848.0000 0.6400
849.0000 0.6400
850.0000 0.6400
851.0000 0.6400
852.0000 0.6400
853.0000 0.6400
854.0000 0.6400
855.0000 0.6400
856.0000 0.6400
857.0000 0.6400
858.0000 0.6400
859.0000 0.6400
860.0000 0.6400
861.0000 0.6400
862.0000 0.6400
863.0000 0.6400
864.0000 0.6400
865.0000 0.6400
866.0000 0.6400
867.0000 0.6400
868.0000 0.6400
869.0000 0.6400
870.0000 0.6400
871.0000 0.6400
872.0000 0.6400
873.0000 0.6400
874.0000 0.6400
875.0000 0.6400
876.0000 0.6400
877.0000 0.6400
878.0000 0.6400
879.0000 0.6400
880.0000 0.6400
881.0000 0.6400
882.0000 0.6400
883.0000 0.6400
884.0000 0.6400
885.0000 0.6400
886.0000 0.6400
887.0000 0.6400
888.0000 0.6400
889.0000 0.6400
890.0000 0.6400
891.0000 0.6400
892.0000 0.6400
893.0000 0.6400
894.0000 0.6400
895.0000 0.6400
896.0000 0.6400
897.0000 0.6400
898.0000 0.6400
899.0000 0.6400
900.0000 0.6400
901.0000 0.6400
902.0000 0.6400
903.0000 0.6400
904.0000 0.6400
905.0000 0.6400
906.0000 0.6400
907.0000 0.6400
908.0000 0.6400
909.0000 0.6400
910.0000 0.6400
