1.0000 0.0000
2.0000 0.0000
3.0000 0.0000
4.0000 0.0000
5.0000 0.0000
6.0000 0.0000
7.0000 0.0000
8.0000 0.0000
9.0000 0.0000
10.0000 0.0000
11.0000 0.0000
12.0000 0.0000
13.0000 0.0000
14.0000 0.2270
15.0000 0.4528
16.0000 0.5612
17.0000 0.5625
18.0000 0.5257
19.0000 0.5078
20.0000 0.5258
21.0000 0.5660
22.0000 0.6076
23.0000 0.6384
24.0000 0.6581
25.0000 0.6727
26.0000 0.6876
27.0000 0.7050
28.0000 0.7240
29.0000 0.7425
30.0000 0.7596
31.0000 0.7749
32.0000 0.7891
33.0000 0.8027
34.0000 0.8160
35.0000 0.8289
36.0000 0.8413
37.0000 0.8531
38.0000 0.8643
39.0000 0.8749
40.0000 0.8851
41.0000 0.8948
42.0000 0.9041
43.0000 0.9130
44.0000 0.9216
45.0000 0.9297
46.0000 0.9374
47.0000 0.9449
48.0000 0.9519
49.0000 0.9587
50.0000 0.9652
51.0000 0.9714
52.0000 0.9773
53.0000 0.9830
54.0000 0.9884
55.0000 0.9935
56.0000 0.9985
57.0000 1.0032
58.0000 1.0077
59.0000 1.0120
60.0000 1.0162
61.0000 1.0201
62.0000 1.0239
63.0000 1.0275
64.0000 1.0309
65.0000 1.0342
66.0000 1.0374
67.0000 1.0404
68.0000 1.0433
69.0000 1.0460
70.0000 1.0487
71.0000 1.0512
72.0000 1.0536
73.0000 1.0559
74.0000 1.0581
75.0000 1.0602
76.0000 1.0623
77.0000 1.0642
78.0000 1.0660
79.0000 1.0678
80.0000 1.0695
81.0000 1.0711
82.0000 1.0727
83.0000 1.0742
84.0000 1.0756
85.0000 1.0769
86.0000 1.0782
87.0000 1.0795
88.0000 1.0806
89.0000 1.0818
90.0000 1.0829
91.0000 1.0839
92.0000 1.0849
93.0000 1.0859
94.0000 1.0868
95.0000 1.0876
96.0000 1.0885
97.0000 1.0893
98.0000 1.0900
99.0000 1.0908
100.0000 1.0915
101.0000 1.0921
102.0000 1.0928
103.0000 1.0934
104.0000 1.0940
105.0000 1.0946
106.0000 1.0951
107.0000 1.0956
108.0000 1.0961
109.0000 1.0966
110.0000 1.0970
111.0000 1.0975
112.0000 1.0979
113.0000 1.0983
114.0000 1.0987
115.0000 1.0990
116.0000 1.0994
117.0000 1.0997
118.0000 1.1000
119.0000 1.1003
120.0000 1.1006
121.0000 1.1009
122.0000 1.1012
123.0000 1.1014
124.0000 1.1017
125.0000 1.1019
126.0000 1.1021
127.0000 1.1024
128.0000 1.1026
129.0000 1.1028
130.0000 1.1029
131.0000 1.1031
132.0000 1.1033
133.0000 1.1035
134.0000 1.1036
135.0000 1.1038
136.0000 1.1039
137.0000 1.1041
138.0000 1.1042
139.0000 1.1043
140.0000 1.1045
141.0000 1.1046
142.0000 1.1047
143.0000 1.1048
144.0000 1.1049
145.0000 1.1050
146.0000 1.1051
147.0000 1.1052
148.0000 1.1053
149.0000 1.1054
150.0000 1.1054
151.0000 1.1055
152.0000 1.1056
153.0000 1.1057
154.0000 1.1057
155.0000 1.1058
156.0000 1.1059
157.0000 1.1059
158.0000 1.1060
159.0000 1.1060
160.0000 1.1061
161.0000 1.1061
162.0000 1.1062
163.0000 1.1062
164.0000 1.1063
165.0000 1.1063
166.0000 1.1063
167.0000 1.1064
168.0000 1.1064
169.0000 1.1065
170.0000 1.1065
171.0000 1.1065
172.0000 1.1066
173.0000 1.1066
174.0000 1.1066
175.0000 1.1066
176.0000 1.1067
177.0000 1.1067
178.0000 1.1067
179.0000 1.1067
180.0000 1.1068
181.0000 1.1068
182.0000 1.1068
183.0000 1.1068
184.0000 1.1068
185.0000 1.1069
186.0000 1.1069
187.0000 1.1069
188.0000 1.1069
189.0000 1.1069
190.0000 1.1069
191.0000 1.1070
192.0000 1.1070
193.0000 1.1070
194.0000 1.1070
195.0000 1.1070
196.0000 1.1070
197.0000 1.1070
198.0000 1.1070
199.0000 1.1071
200.0000 1.1071
201.0000 1.1071
202.0000 1.1071
203.0000 1.1071
204.0000 1.1071
205.0000 1.1071
206.0000 1.1071
207.0000 1.1071
208.0000 1.1071
209.0000 1.1071
210.0000 1.1071
211.0000 1.1071
212.0000 1.1071
213.0000 1.1072
214.0000 1.1072
215.0000 1.1072
216.0000 1.1072
217.0000 1.1072
218.0000 1.1072
219.0000 1.1072
220.0000 1.1072
221.0000 1.1072
222.0000 1.1072
223.0000 1.1072
224.0000 1.1072
225.0000 1.1072
226.0000 1.1072
227.0000 1.1072
228.0000 1.1072
229.0000 1.1072
230.0000 1.1072
231.0000 1.1072
232.0000 1.1072
233.0000 1.1072
234.0000 1.1072
235.0000 1.1072
236.0000 1.1072
237.0000 1.1072
238.0000 1.1072
239.0000 1.1072
240.0000 1.1072
241.0000 1.1072
242.0000 1.1072
243.0000 1.1072
244.0000 1.1072
245.0000 1.1072
246.0000 1.1073
247.0000 1.1073
248.0000 1.1073
249.0000 1.1073
250.0000 1.1073
251.0000 1.1073
252.0000 1.1073
253.0000 1.1073
254.0000 1.1073
255.0000 1.1073
256.0000 1.1073
257.0000 1.1073
258.0000 1.1073
259.0000 1.1073
260.0000 1.1073
261.0000 1.1073
262.0000 1.1073
263.0000 1.1073
264.0000 1.1073
265.0000 1.1073
266.0000 1.1073
267.0000 1.1073
268.0000 1.1073
269.0000 1.1073
270.0000 1.1073
271.0000 1.1073
272.0000 1.1073
273.0000 1.1073
274.0000 1.1073
275.0000 1.1073
276.0000 1.1073
277.0000 1.1073
278.0000 1.1073
279.0000 1.1073
280.0000 1.1073
281.0000 1.1073
282.0000 1.1073
283.0000 1.1073
284.0000 1.1073
285.0000 1.1073
286.0000 1.1073
287.0000 1.1073
288.0000 1.1073
289.0000 1.1073
290.0000 1.1073
291.0000 1.1073
292.0000 1.1073
293.0000 1.1073
294.0000 1.1073
295.0000 1.1073
296.0000 1.1073
297.0000 1.1073
298.0000 1.1073
299.0000 1.1073
300.0000 1.1073
301.0000 1.1073
302.0000 1.1073
303.0000 1.1073
304.0000 1.1073
305.0000 1.1073
306.0000 1.1073
307.0000 1.1073
308.0000 1.1073
309.0000 1.1073
310.0000 1.1073
311.0000 1.1073
312.0000 1.1073
313.0000 1.1073
314.0000 1.1073
315.0000 1.1073
316.0000 1.1073
317.0000 1.1073
318.0000 1.1073
319.0000 1.1073
320.0000 1.1073
321.0000 1.1073
322.0000 1.1073
323.0000 1.1073
324.0000 1.1073
325.0000 1.1073
326.0000 1.1073
327.0000 1.1073
328.0000 1.1073
329.0000 1.1073
330.0000 1.1073
331.0000 1.1073
332.0000 1.1073
333.0000 1.1073
334.0000 1.1073
335.0000 1.1073
336.0000 1.1073
337.0000 1.1073
338.0000 1.1073
339.0000 1.1073
340.0000 1.1073
341.0000 1.1073
342.0000 1.1073
343.0000 1.1073
344.0000 1.1073
345.0000 1.1073
346.0000 1.1073
347.0000 1.1073
348.0000 1.1073
349.0000 1.1073
350.0000 1.1073
351.0000 1.1073
352.0000 1.1073
353.0000 1.1073
354.0000 1.1073
355.0000 1.1073
356.0000 1.1073
357.0000 1.1073
358.0000 1.1073
359.0000 1.1073
360.0000 1.1073
361.0000 1.1073
362.0000 1.1073
363.0000 1.1073
364.0000 1.1073
365.0000 1.1073
366.0000 1.1073
367.0000 1.1073
368.0000 1.1073
369.0000 1.1073
370.0000 1.1073
371.0000 1.1073
372.0000 1.1073
373.0000 1.1073
374.0000 1.1073
375.0000 1.1073
376.0000 1.1073
377.0000 1.1073
378.0000 1.1073
379.0000 1.1073
380.0000 1.1073
381.0000 1.1073
382.0000 1.1073
383.0000 1.1073
384.0000 1.1073
385.0000 1.1073
386.0000 1.1073
387.0000 1.1073
388.0000 1.1073
389.0000 1.1073
390.0000 1.1073
391.0000 1.1073
392.0000 1.1073
393.0000 1.1073
394.0000 1.1073
395.0000 1.1073
396.0000 1.1073
397.0000 1.1073
398.0000 1.1073
399.0000 1.1073
400.0000 1.1073
401.0000 1.1073
402.0000 1.1073
403.0000 1.1073
404.0000 1.1073
405.0000 1.1073
406.0000 1.1073
407.0000 1.1073
408.0000 1.1073
409.0000 1.1073
410.0000 1.1073
411.0000 1.1073
412.0000 1.1073
413.0000 1.1073
414.0000 1.1073
415.0000 1.1073
416.0000 1.1073
417.0000 1.1073
418.0000 1.1073
419.0000 1.1073
420.0000 1.1073
421.0000 1.1073
422.0000 1.1073
423.0000 1.1073
424.0000 1.1073
425.0000 1.1073
426.0000 1.1073
427.0000 1.1073
428.0000 1.1073
429.0000 1.1073
430.0000 1.1073
431.0000 1.1073
432.0000 1.1073
433.0000 1.1073
434.0000 1.1073
435.0000 1.1073
436.0000 1.1073
437.0000 1.1073
438.0000 1.1073
439.0000 1.1073
440.0000 1.1073
441.0000 1.1073
442.0000 1.1073
443.0000 1.1073
444.0000 1.1073
445.0000 1.1073
446.0000 1.1073
447.0000 1.1073
448.0000 1.1073
449.0000 1.1073
450.0000 1.1073
451.0000 1.1073
452.0000 1.1073
453.0000 1.1073
454.0000 1.1073
455.0000 1.1073
456.0000 1.1073
457.0000 1.1073
458.0000 1.1073
459.0000 1.1073
460.0000 1.1073
461.0000 1.1073
462.0000 1.1073
463.0000 1.1073
464.0000 1.1073
465.0000 1.1073
466.0000 1.1073
467.0000 1.1073
468.0000 1.1073
469.0000 1.1073
470.0000 1.1073
471.0000 1.1073
472.0000 1.1073
473.0000 1.1073
474.0000 1.1073
475.0000 1.1073
476.0000 1.1073
477.0000 1.1073
478.0000 1.1073
479.0000 1.1073
480.0000 1.1073
481.0000 1.1073
482.0000 1.1073
483.0000 1.1073
484.0000 1.1073
485.0000 1.1073
486.0000 1.1073
487.0000 1.1073
488.0000 1.1073
489.0000 1.1073
490.0000 1.1073
491.0000 1.1073
492.0000 1.1073
493.0000 1.1073
494.0000 1.1073
495.0000 1.1073
496.0000 1.1073
497.0000 1.1073
498.0000 1.1073
499.0000 1.1073
500.0000 1.1073
501.0000 1.1073
502.0000 1.1073
503.0000 1.1073
504.0000 1.1073
505.0000 1.1073
506.0000 1.1073
507.0000 1.1073
508.0000 1.1073
509.0000 1.1073
510.0000 1.1073
