1.0000 0.0000
2.0000 0.0000
3.0000 0.0000
4.0000 0.0000
5.0000 0.0000
6.0000 0.0000
7.0000 0.0000
8.0000 0.0000
9.0000 0.0000
10.0000 0.0000
11.0000 0.0000
12.0000 0.0000
13.0000 0.0000
14.0000 0.0000
15.0000 0.0000
16.0000 0.0000
17.0000 0.0000
18.0000 0.0000
19.0000 0.0000
20.0000 0.0000
21.0000 0.0000
22.0000 0.0000
23.0000 0.0000
24.0000 0.0000
25.0000 0.0000
26.0000 0.0000
27.0000 0.0000
28.0000 0.0000
29.0000 0.0000
30.0000 0.0000
31.0000 0.0000
32.0000 0.0000
33.0000 0.0000
34.0000 0.0000
35.0000 0.0000
36.0000 0.0000
37.0000 0.0000
38.0000 0.0000
39.0000 0.0000
40.0000 0.0000
41.0000 0.0000
42.0000 0.0000
43.0000 0.0000
44.0000 0.0000
45.0000 0.0000
46.0000 0.0000
47.0000 0.0000
48.0000 0.0000
49.0000 0.0000
50.0000 0.0000
51.0000 0.0000
52.0000 0.0000
53.0000 0.0000
54.0000 0.0000
55.0000 0.0000
56.0000 0.0000
57.0000 0.0000
58.0000 0.0000
59.0000 0.0000
60.0000 0.0000
61.0000 0.0000
62.0000 0.0000
63.0000 0.0000
64.0000 0.0000
65.0000 0.0000
66.0000 0.0000
67.0000 0.0000
68.0000 0.0000
69.0000 0.0000
70.0000 0.0000
71.0000 0.0000
72.0000 0.0000
73.0000 0.0000
74.0000 0.0000
75.0000 0.0000
76.0000 0.0000
77.0000 0.0000
78.0000 0.0000
79.0000 0.0000
80.0000 0.0000
81.0000 0.0000
82.0000 0.0000
83.0000 0.0000
84.0000 0.0000
85.0000 0.0000
86.0000 0.0000
87.0000 0.0000
88.0000 0.0000
89.0000 0.0000
90.0000 0.0000
91.0000 0.0000
92.0000 0.0000
93.0000 0.0000
94.0000 0.0000
95.0000 0.0000
96.0000 0.0000
97.0000 0.0000
98.0000 0.0000
99.0000 0.0000
100.0000 0.0000
101.0000 0.0000
102.0000 0.0000
103.0000 0.0000
104.0000 0.0000
105.0000 0.0000
106.0000 0.0000
107.0000 0.0000
108.0000 0.0000
109.0000 0.0000
110.0000 0.0000
111.0000 0.0000
112.0000 0.0000
113.0000 0.0000
114.0000 0.0000
115.0000 0.0000
116.0000 0.0000
117.0000 0.0000
118.0000 0.0000
119.0000 0.0000
120.0000 0.0000
121.0000 0.0000
122.0000 0.0000
123.0000 0.0000
124.0000 0.0000
125.0000 0.0000
126.0000 0.0000
127.0000 0.0000
128.0000 0.0000
129.0000 0.0000
130.0000 0.0000
131.0000 0.0000
132.0000 0.0000
133.0000 0.0000
134.0000 0.0000
135.0000 0.0000
136.0000 0.0000
137.0000 0.0000
138.0000 0.0000
139.0000 0.0000
140.0000 0.0000
141.0000 0.0000
142.0000 0.0000
143.0000 0.0000
144.0000 0.0000
145.0000 0.0000
146.0000 0.0000
147.0000 0.0000
148.0000 0.0000
149.0000 0.0000
150.0000 0.0000
151.0000 0.0000
152.0000 0.0000
153.0000 0.0000
154.0000 0.0000
155.0000 0.0000
156.0000 0.0000
157.0000 0.0000
158.0000 0.0000
159.0000 0.0000
160.0000 0.0000
161.0000 0.0000
162.0000 0.0000
163.0000 0.0000
164.0000 0.0000
165.0000 0.0000
166.0000 0.0000
167.0000 0.0000
168.0000 0.0000
169.0000 0.0000
170.0000 0.0000
171.0000 0.0000
172.0000 0.0000
173.0000 0.0000
174.0000 0.0000
175.0000 0.0000
176.0000 0.0000
177.0000 0.0000
178.0000 0.0000
179.0000 0.0000
180.0000 0.0000
181.0000 0.0000
182.0000 0.0000
183.0000 0.0000
184.0000 0.0000
185.0000 0.0000
186.0000 0.0000
187.0000 0.0000
188.0000 0.0000
189.0000 0.0000
190.0000 0.0000
191.0000 0.0000
192.0000 0.0000
193.0000 0.0000
194.0000 0.0000
195.0000 0.0000
196.0000 0.0000
197.0000 0.0000
198.0000 0.0000
199.0000 0.0000
200.0000 0.0000
201.0000 0.0000
202.0000 0.0000
203.0000 0.0000
204.0000 0.0000
205.0000 0.0000
206.0000 0.0000
207.0000 0.0000
208.0000 0.0000
209.0000 0.0000
210.0000 0.0000
211.0000 0.0000
212.0000 0.0000
213.0000 0.0000
214.0000 0.0000
215.0000 0.0000
216.0000 0.0000
217.0000 0.0000
218.0000 0.0000
219.0000 0.0000
220.0000 0.0000
221.0000 0.0000
222.0000 0.0000
223.0000 0.0000
224.0000 0.0000
225.0000 0.0000
226.0000 0.0000
227.0000 0.0000
228.0000 0.0000
229.0000 0.0000
230.0000 0.0000
231.0000 0.0000
232.0000 0.0000
233.0000 0.0000
234.0000 0.0000
235.0000 0.0000
236.0000 0.0000
237.0000 0.0000
238.0000 0.0000
239.0000 0.0000
240.0000 0.0000
241.0000 0.0000
242.0000 0.0000
243.0000 0.0000
244.0000 0.0000
245.0000 0.0000
246.0000 0.0000
247.0000 0.0000
248.0000 0.0000
249.0000 0.0000
250.0000 0.0000
251.0000 0.0000
252.0000 0.0000
253.0000 0.0000
254.0000 0.0000
255.0000 0.0000
256.0000 0.0000
257.0000 0.0000
258.0000 0.0000
259.0000 0.0000
260.0000 0.0000
261.0000 0.0000
262.0000 0.0000
263.0000 0.0000
264.0000 0.0000
265.0000 0.0000
266.0000 0.1815
267.0000 0.3591
268.0000 0.5330
269.0000 0.7039
270.0000 0.8719
271.0000 1.0376
272.0000 1.1681
273.0000 1.2653
274.0000 1.3306
275.0000 1.3653
276.0000 1.3706
277.0000 1.3474
278.0000 1.3027
279.0000 1.2427
280.0000 1.1733
281.0000 1.1001
282.0000 1.0282
283.0000 0.9626
284.0000 0.9068
285.0000 0.8633
286.0000 0.8333
287.0000 0.8171
288.0000 0.8141
289.0000 0.8229
290.0000 0.8414
291.0000 0.8673
292.0000 0.8980
293.0000 0.9309
294.0000 0.9636
295.0000 0.9941
296.0000 1.0208
297.0000 1.0423
298.0000 1.0581
299.0000 1.0678
300.0000 1.0716
301.0000 1.0701
302.0000 1.0640
303.0000 1.0544
304.0000 1.0423
305.0000 1.0289
306.0000 1.0152
307.0000 1.0022
308.0000 0.9905
309.0000 0.9809
310.0000 0.9737
311.0000 0.9690
312.0000 0.9669
313.0000 0.9671
314.0000 0.9694
315.0000 0.9733
316.0000 0.9784
317.0000 0.9842
318.0000 0.9903
319.0000 0.9961
320.0000 1.0015
321.0000 1.0060
322.0000 1.0095
323.0000 1.0120
324.0000 1.0133
325.0000 1.0136
326.0000 1.0129
327.0000 1.0115
328.0000 1.0095
329.0000 1.0072
330.0000 1.0046
331.0000 1.0021
332.0000 0.9998
333.0000 0.9977
334.0000 0.9961
335.0000 0.9949
336.0000 0.9942
337.0000 0.9940
338.0000 0.9942
339.0000 0.9947
340.0000 0.9955
341.0000 0.9965
342.0000 0.9976
343.0000 0.9987
344.0000 0.9998
345.0000 1.0007
346.0000 1.0014
347.0000 1.0020
348.0000 1.0024
349.0000 1.0026
350.0000 1.0025
351.0000 1.0024
352.0000 1.0020
353.0000 1.0016
354.0000 1.0012
355.0000 1.0007
356.0000 1.0002
357.0000 0.9998
358.0000 0.9995
359.0000 0.9992
360.0000 0.9990
361.0000 0.9989
362.0000 0.9989
363.0000 0.9990
364.0000 0.9991
365.0000 0.9993
366.0000 0.9994
367.0000 0.9996
368.0000 0.9998
369.0000 1.0000
370.0000 1.0002
371.0000 1.0003
372.0000 1.0004
373.0000 1.0005
374.0000 1.0005
375.0000 1.0005
376.0000 1.0004
377.0000 1.0004
378.0000 1.0003
379.0000 1.0002
380.0000 1.0001
381.0000 1.0000
382.0000 0.9999
383.0000 0.9999
384.0000 0.9998
385.0000 0.9998
386.0000 0.9998
387.0000 0.9998
388.0000 0.9998
389.0000 0.9998
390.0000 0.9999
391.0000 0.9999
392.0000 1.0000
393.0000 1.0000
394.0000 1.0000
395.0000 1.0000
396.0000 1.0001
397.0000 1.0001
398.0000 1.0001
399.0000 1.0001
400.0000 1.0001
401.0000 1.0001
402.0000 1.0001
403.0000 1.0000
404.0000 1.0000
405.0000 1.0000
406.0000 1.0000
407.0000 1.0000
408.0000 1.0000
409.0000 1.0000
410.0000 1.0000
411.0000 1.0000
412.0000 1.0000
413.0000 1.0000
414.0000 1.0000
415.0000 1.0000
416.0000 1.0000
417.0000 1.0000
418.0000 1.0000
419.0000 1.0000
420.0000 1.0000
421.0000 1.0000
422.0000 1.0000
423.0000 1.0000
424.0000 1.0000
425.0000 1.0000
426.0000 1.0000
427.0000 1.0000
428.0000 1.0000
429.0000 1.0000
430.0000 1.0000
431.0000 1.0000
432.0000 1.0000
433.0000 1.0000
434.0000 1.0000
435.0000 1.0000
436.0000 1.0000
437.0000 1.0000
438.0000 1.0000
439.0000 1.0000
440.0000 1.0000
441.0000 1.0000
442.0000 1.0000
443.0000 1.0000
444.0000 1.0000
445.0000 1.0000
446.0000 1.0000
447.0000 1.0000
448.0000 1.0000
449.0000 1.0000
450.0000 1.0000
451.0000 1.0000
452.0000 1.0000
453.0000 1.0000
454.0000 1.0000
455.0000 1.0000
456.0000 1.0000
457.0000 1.0000
458.0000 1.0000
459.0000 1.0000
460.0000 1.0000
461.0000 1.0000
462.0000 1.0000
463.0000 1.0000
464.0000 1.0000
465.0000 1.0000
466.0000 1.0000
467.0000 1.0000
468.0000 1.0000
469.0000 1.0000
470.0000 1.0000
471.0000 1.0000
472.0000 1.0000
473.0000 1.0000
474.0000 1.0000
475.0000 1.0000
476.0000 1.0000
477.0000 1.0000
478.0000 1.0000
479.0000 1.0000
480.0000 1.0000
481.0000 1.0000
482.0000 1.0000
483.0000 1.0000
484.0000 1.0000
485.0000 1.0000
486.0000 1.0000
487.0000 1.0000
488.0000 1.0000
489.0000 1.0000
490.0000 1.0000
491.0000 1.0000
492.0000 1.0000
493.0000 1.0000
494.0000 1.0000
495.0000 1.0000
496.0000 1.0000
497.0000 1.0000
498.0000 1.0000
499.0000 1.0000
500.0000 1.0000
501.0000 1.0000
502.0000 1.0000
503.0000 1.0000
504.0000 1.0000
505.0000 1.0000
506.0000 1.0000
507.0000 1.0000
508.0000 1.0000
509.0000 1.0000
510.0000 1.0000
