1.0000 0.0000
2.0000 0.0000
3.0000 0.0000
4.0000 0.0000
5.0000 0.0000
6.0000 0.0000
7.0000 0.0000
8.0000 0.0000
9.0000 0.0000
10.0000 0.0000
11.0000 0.0000
12.0000 0.7313
13.0000 1.2277
14.0000 1.1856
15.0000 0.9491
16.0000 0.8599
17.0000 0.9355
18.0000 1.0221
19.0000 0.7958
20.0000 0.4889
21.0000 0.4561
22.0000 0.6458
23.0000 0.7577
24.0000 0.6681
25.0000 0.6213
26.0000 0.7146
27.0000 0.8194
28.0000 0.7791
29.0000 0.6250
30.0000 0.5246
31.0000 0.5087
32.0000 0.4973
33.0000 0.4191
34.0000 0.3305
35.0000 0.3137
36.0000 0.3442
37.0000 0.3475
38.0000 0.2904
39.0000 0.2232
40.0000 0.1816
41.0000 0.1395
42.0000 0.0614
43.0000 -0.0463
44.0000 -0.1405
45.0000 -0.2089
46.0000 -0.2751
47.0000 -0.3603
48.0000 -0.4560
49.0000 -0.5429
50.0000 -0.6271
51.0000 -0.7283
52.0000 -0.8546
53.0000 -0.9935
54.0000 -1.1334
55.0000 -1.2792
56.0000 -1.4400
57.0000 -1.6155
58.0000 -1.7962
59.0000 -1.9800
60.0000 -2.1745
61.0000 -2.3872
62.0000 -2.6178
63.0000 -2.8623
64.0000 -3.1223
65.0000 -3.4033
66.0000 -3.7078
67.0000 -4.0336
68.0000 -4.3784
69.0000 -4.7443
70.0000 -5.1355
71.0000 -5.5538
72.0000 -5.9993
73.0000 -6.4731
74.0000 -6.9793
75.0000 -7.5220
76.0000 -8.1032
77.0000 -8.7238
78.0000 -9.3864
79.0000 -10.0947
80.0000 -10.8518
81.0000 -11.6602
82.0000 -12.5225
83.0000 -13.4426
84.0000 -14.4255
85.0000 -15.4756
86.0000 -16.5972
87.0000 -17.7950
88.0000 -19.0746
89.0000 -20.4420
90.0000 -21.9030
91.0000 -23.4633
92.0000 -25.1297
93.0000 -26.9095
94.0000 -28.8105
95.0000 -30.8407
96.0000 -33.0090
97.0000 -35.3248
98.0000 -37.7983
99.0000 -40.4406
100.0000 -43.2628
101.0000 -46.2774
102.0000 -49.4973
103.0000 -52.9366
104.0000 -56.6102
105.0000 -60.5339
106.0000 -64.7247
107.0000 -69.2008
108.0000 -73.9818
109.0000 -79.0883
110.0000 -84.5426
111.0000 -90.3684
112.0000 -96.5910
113.0000 -103.2374
114.0000 -110.3366
115.0000 -117.9193
116.0000 -126.0183
117.0000 -134.6690
118.0000 -143.9087
119.0000 -153.7778
120.0000 -164.3189
121.0000 -175.5779
122.0000 -187.6037
123.0000 -200.4485
124.0000 -214.1681
125.0000 -228.8221
126.0000 -244.4742
127.0000 -261.1923
128.0000 -279.0489
129.0000 -298.1217
130.0000 -318.4934
131.0000 -340.2525
132.0000 -363.4935
133.0000 -388.3173
134.0000 -414.8317
135.0000 -443.1520
136.0000 -473.4009
137.0000 -505.7100
138.0000 -540.2195
139.0000 -577.0793
140.0000 -616.4494
141.0000 -658.5009
142.0000 -703.4162
143.0000 -751.3905
144.0000 -802.6321
145.0000 -857.3634
146.0000 -915.8223
147.0000 -978.2625
148.0000 -1044.9552
149.0000 -1116.1900
150.0000 -1192.2763
151.0000 -1273.5444
152.0000 -1360.3473
153.0000 -1453.0619
154.0000 -1552.0908
155.0000 -1657.8641
156.0000 -1770.8411
157.0000 -1891.5124
158.0000 -2020.4020
159.0000 -2158.0697
160.0000 -2305.1132
161.0000 -2462.1711
162.0000 -2629.9254
163.0000 -2809.1047
164.0000 -3000.4869
165.0000 -3204.9033
166.0000 -3423.2414
167.0000 -3656.4495
168.0000 -3905.5402
169.0000 -4171.5953
170.0000 -4455.7700
171.0000 -4759.2984
172.0000 -5083.4987
173.0000 -5429.7787
174.0000 -5799.6420
175.0000 -6194.6949
176.0000 -6616.6529
177.0000 -7067.3483
178.0000 -7548.7384
179.0000 -8062.9136
180.0000 -8612.1067
181.0000 -9198.7026
182.0000 -9825.2486
183.0000 -10494.4656
184.0000 -11209.2596
185.0000 -11972.7346
186.0000 -12788.2062
187.0000 -13659.2155
188.0000 -14589.5449
189.0000 -15583.2344
190.0000 -16644.5991
191.0000 -17778.2482
192.0000 -18989.1044
193.0000 -20282.4261
194.0000 -21663.8294
195.0000 -23139.3133
196.0000 -24715.2851
197.0000 -26398.5884
198.0000 -28196.5332
199.0000 -30116.9270
200.0000 -32168.1094
201.0000 -34358.9876
202.0000 -36699.0756
203.0000 -39198.5354
204.0000 -41868.2209
205.0000 -44719.7255
206.0000 -47765.4319
207.0000 -51018.5662
208.0000 -54493.2553
209.0000 -58204.5882
210.0000 -62168.6816
211.0000 -66402.7497
212.0000 -70925.1791
213.0000 -75755.6087
214.0000 -80915.0149
215.0000 -86425.8025
216.0000 -92311.9026
217.0000 -98598.8756
218.0000 -105314.0232
219.0000 -112486.5061
220.0000 -120147.4711
221.0000 -128330.1864
222.0000 -137070.1858
223.0000 -146405.4231
224.0000 -156376.4371
225.0000 -167026.5272
226.0000 -178401.9421
227.0000 -190552.0800
228.0000 -203529.7033
229.0000 -217391.1681
230.0000 -232196.6684
231.0000 -248010.4977
232.0000 -264901.3284
233.0000 -282942.5096
234.0000 -302212.3860
235.0000 -322794.6379
236.0000 -344778.6447
237.0000 -368259.8730
238.0000 -393340.2911
239.0000 -420128.8118
240.0000 -448741.7655
241.0000 -479303.4053
242.0000 -511946.4466
243.0000 -546812.6431
244.0000 -584053.4031
245.0000 -623830.4461
246.0000 -666316.5059
247.0000 -711696.0801
248.0000 -760166.2316
249.0000 -811937.4442
250.0000 -867234.5368
251.0000 -926297.6397
252.0000 -989383.2370
253.0000 -1056765.2808
254.0000 -1128736.3808
255.0000 -1205609.0747
256.0000 -1287717.1859
257.0000 -1375417.2724
258.0000 -1469090.1761
259.0000 -1569142.6757
260.0000 -1676009.2539
261.0000 -1790153.9837
262.0000 -1912072.5438
263.0000 -2042294.3712
264.0000 -2181384.9601
265.0000 -2329947.5862
266.0000 -2488628.5710
267.0000 -2658117.0688
268.0000 -2839148.5921
269.0000 -3032509.0002
270.0000 -3239038.0752
271.0000 -3459633.2088
272.0000 -3695251.9617
273.0000 -3946917.3532
274.0000 -4215722.1715
275.0000 -4502833.9207
276.0000 -4809499.6192
277.0000 -5137050.7925
278.0000 -5486909.8104
279.0000 -5860595.9189
280.0000 -6259732.0520
281.0000 -6686051.5006
282.0000 -7141405.4262
283.0000 -7627771.1730
284.0000 -8147260.8073
285.0000 -8702130.3480
286.0000 -9294789.3038
287.0000 -9927811.2614
288.0000 -10603945.1467
289.0000 -11326127.1510
290.0000 -12097493.4493
291.0000 -12921393.6961
292.0000 -13801405.6869
293.0000 -14741350.9109
294.0000 -15745311.1530
295.0000 -16817646.1663
296.0000 -17963012.5741
297.0000 -19186384.1668
298.0000 -20493073.4980
299.0000 -21888754.9529
300.0000 -23379489.3441
301.0000 -24971750.2384
302.0000 -26672452.1032
303.0000 -28488980.3266
304.0000 -30429223.2800
305.0000 -32501606.5487
306.0000 -34715129.5394
307.0000 -37079404.5755
308.0000 -39604698.6354
309.0000 -42301977.9279
310.0000 -45182955.5039
311.0000 -48260142.1371
312.0000 -51546900.6559
313.0000 -55057503.9676
314.0000 -58807197.0307
315.0000 -62812263.0557
316.0000 -67090094.2251
317.0000 -71659267.2199
318.0000 -76539623.8861
319.0000 -81752357.3943
320.0000 -87320104.2753
321.0000 -93267042.7253
322.0000 -99618997.5996
323.0000 -106403552.5557
324.0000 -113650169.8343
325.0000 -121390318.2034
326.0000 -129657609.6146
327.0000 -138487945.1628
328.0000 -147919670.9867
329.0000 -157993744.7880
330.0000 -168753913.6945
331.0000 -180246904.2347
332.0000 -192522625.2487
333.0000 -205634384.6188
334.0000 -219639120.7621
335.0000 -234597649.8890
336.0000 -250574930.1008
337.0000 -267640343.4720
338.0000 -285867997.3448
339.0000 -305337046.1439
340.0000 -326132035.1093
341.0000 -348343267.4369
342.0000 -372067196.4244
343.0000 -397406844.3236
344.0000 -424472249.7204
345.0000 -453380945.3820
346.0000 -484258468.6486
347.0000 -517238906.5847
348.0000 -552465478.2582
349.0000 -590091156.6763
350.0000 -630279333.0778
351.0000 -673204526.4666
352.0000 -719053141.4687
353.0000 -768024277.8025
354.0000 -820330594.8793
355.0000 -876199235.2858
356.0000 -935872811.1617
357.0000 -999610457.7538
358.0000 -1067688958.7228
359.0000 -1140403948.0894
360.0000 -1218071194.0382
361.0000 -1301027970.1556
362.0000 -1389634520.0563
363.0000 -1484275621.7571
364.0000 -1585362258.5936
365.0000 -1693333403.9341
366.0000 -1808657927.4414
367.0000 -1931836631.1612
368.0000 -2063404424.2779
369.0000 -2203932645.9823
370.0000 -2354031546.5382
371.0000 -2514352937.3227
372.0000 -2685593021.3463
373.0000 -2868495416.5473
374.0000 -3063854384.9862
375.0000 -3272518281.9658
376.0000 -3495393240.0526
377.0000 -3733447103.9993
378.0000 -3987713633.6555
379.0000 -4259296993.1167
380.0000 -4549376545.6083
381.0000 -4859211974.9241
382.0000 -5190148755.6615
383.0000 -5543623996.0066
384.0000 -5921172678.4427
385.0000 -6324434325.4821
386.0000 -6755160119.3683
387.0000 -7215220506.6649
388.0000 -7706613320.7565
389.0000 -8231472457.5315
390.0000 -8792077141.9231
391.0000 -9390861825.5488
392.0000 -10030426758.4280
393.0000 -10713549280.6876
394.0000 -11443195883.2890
395.0000 -12222535090.1516
396.0000 -13054951217.6136
397.0000 -13944059070.9811
398.0000 -14893719641.9867
399.0000 -15908056875.3233
400.0000 -16991475577.0639
401.0000 -18148680542.7339
402.0000 -19384696988.1025
403.0000 -20704892371.4133
404.0000 -22114999701.8180
405.0000 -23621142435.2325
406.0000 -25229861065.7260
407.0000 -26948141527.9168
408.0000 -28783445533.7148
409.0000 -30743742975.1486
410.0000 -32837546533.9879
411.0000 -35073948648.4556
412.0000 -37462660997.5586
413.0000 -40014056674.5009
414.0000 -42739215232.3174
415.0000 -45649970797.3422
416.0000 -48758963459.4469
417.0000 -52079694162.2115
418.0000 -55626583331.3927
419.0000 -59415033496.2863
420.0000 -63461496175.9179
421.0000 -67783543320.5218
422.0000 -72399943618.5417
423.0000 -77330744000.5240
424.0000 -82597356693.8352
425.0000 -88222652206.2436
426.0000 -94231058642.1508
427.0000 -100648667782.7585
428.0000 -107503348390.8275
429.0000 -114824867232.0622
430.0000 -122645018338.6582
431.0000 -130997761076.3500
432.0000 -139919367614.5171
433.0000 -149448580439.7479
434.0000 -159626780596.8688
435.0000 -170498167388.0340
436.0000 -182109950310.2271
437.0000 -194512554064.6728
438.0000 -207759837528.4199
439.0000 -221909327638.9915
440.0000 -237022469207.7561
441.0000 -253164891746.8459
442.0000 -270406694468.3312
443.0000 -288822750693.2712
444.0000 -308493032992.5534
445.0000 -329502960471.4598
446.0000 -351943769706.0596
447.0000 -375912910942.2344
448.0000 -401514471277.8520
449.0000 -428859626665.7748
450.0000 -458067124700.5463
451.0000 -489263800285.2813
452.0000 -522585126418.0627
453.0000 -558175802489.6654
454.0000 -596190382647.3134
455.0000 -636793946953.1702
456.0000 -680162818252.0994
457.0000 -726485327861.7250
458.0000 -775962633409.8366
459.0000 -828809592370.6371
460.0000 -885255695093.2037
461.0000 -945546061373.8811
462.0000 -1009942504900.2649
463.0000 -1078724670189.1786
464.0000 -1152191246955.8462
465.0000 -1230661267187.7131
466.0000 -1314475490555.5215
467.0000 -1403997884177.8440
468.0000 -1499617203165.0337
469.0000 -1601748678806.1643
470.0000 -1710835821729.9929
471.0000 -1827352347870.2605
472.0000 -1951804235598.9121
473.0000 -2084731922960.4412
474.0000 -2226712654548.9458
475.0000 -2378362988219.3193
476.0000 -2540341472518.0840
477.0000 -2713351506460.7314
478.0000 -2898144394074.2891
479.0000 -3095522606969.6006
480.0000 -3306343269111.1924
481.0000 -3531521878917.4976
482.0000 -3772036284854.8301
483.0000 -4028930931789.3091
484.0000 -4303321396536.7144
485.0000 -4596399232306.1016
486.0000 -4909437143074.3887
487.0000 -5243794510361.9023
488.0000 -5600923296409.1260
489.0000 -5982374349389.4902
490.0000 -6389804138038.8604
491.0000 -6824981944947.1943
492.0000 -7289797549749.5400
493.0000 -7786269435580.9795
494.0000 -8316553554432.4531
495.0000 -8882952689471.4023
496.0000 -9487926454983.5508
497.0000 -10134101977361.0390
498.0000 -10824285303519.5610
499.0000 -11561473586286.1170
500.0000 -12348868099672.9550
501.0000 -13189888140557.1640
502.0000 -14088185877134.5940
503.0000 -15047662208628.1460
504.0000 -16072483705122.0040
505.0000 -17167100701083.7890
506.0000 -18336266621146.6130
507.0000 -19585058622074.1090
508.0000 -20918899640547.0860
509.0000 -22343581942515.4100
510.0000 -23865292276379.2110
