1.0000 0.0000
2.0000 0.0000
3.0000 0.0000
4.0000 0.0000
5.0000 0.0000
6.0000 0.0000
7.0000 0.0000
8.0000 0.0000
9.0000 0.0000
10.0000 0.0000
11.0000 0.0000
12.0000 0.0000
13.0000 0.0000
14.0000 0.4429
15.0000 0.8619
16.0000 0.8153
17.0000 0.3873
18.0000 0.0927
19.0000 0.2936
20.0000 0.7891
21.0000 1.0430
22.0000 0.7915
23.0000 0.3422
24.0000 0.2258
25.0000 0.5946
26.0000 1.0500
27.0000 1.0941
28.0000 0.6942
29.0000 0.3198
30.0000 0.4107
31.0000 0.8787
32.0000 1.2073
33.0000 1.0373
34.0000 0.5737
35.0000 0.3537
36.0000 0.6379
37.0000 1.1149
38.0000 1.2541
39.0000 0.9073
40.0000 0.4764
41.0000 0.4583
42.0000 0.8816
43.0000 1.2744
44.0000 1.1987
45.0000 0.7471
46.0000 0.4379
47.0000 0.6277
48.0000 1.1073
49.0000 1.3388
50.0000 1.0650
51.0000 0.6011
52.0000 0.4775
53.0000 0.8388
54.0000 1.2798
55.0000 1.3047
56.0000 0.8890
57.0000 0.5074
58.0000 0.5957
59.0000 1.0572
60.0000 1.3720
61.0000 1.1861
62.0000 0.7130
63.0000 0.4913
64.0000 0.7748
65.0000 1.2446
66.0000 1.3705
67.0000 1.0118
68.0000 0.5770
69.0000 0.5607
70.0000 0.9832
71.0000 1.3675
72.0000 1.2796
73.0000 0.8205
74.0000 0.5120
75.0000 0.7050
76.0000 1.1822
77.0000 1.4040
78.0000 1.1202
79.0000 0.6534
80.0000 0.5337
81.0000 0.8977
82.0000 1.3340
83.0000 1.3489
84.0000 0.9263
85.0000 0.5459
86.0000 0.6395
87.0000 1.1019
88.0000 1.4097
89.0000 1.2147
90.0000 0.7385
91.0000 0.5212
92.0000 0.8098
93.0000 1.2777
94.0000 1.3952
95.0000 1.0295
96.0000 0.5954
97.0000 0.5853
98.0000 1.0111
99.0000 1.3906
100.0000 1.2942
101.0000 0.8313
102.0000 0.5268
103.0000 0.7262
104.0000 1.2038
105.0000 1.4187
106.0000 1.1275
107.0000 0.6604
108.0000 0.5470
109.0000 0.9160
110.0000 1.3496
111.0000 1.3565
112.0000 0.9291
113.0000 0.5518
114.0000 0.6525
115.0000 1.1172
116.0000 1.4195
117.0000 1.2169
118.0000 0.7390
119.0000 0.5276
120.0000 0.8224
121.0000 1.2895
122.0000 1.3997
123.0000 1.0281
124.0000 0.5959
125.0000 0.5930
126.0000 1.0228
127.0000 1.3984
128.0000 1.2941
129.0000 0.8282
130.0000 0.5287
131.0000 0.7351
132.0000 1.2136
133.0000 1.4221
134.0000 1.1242
135.0000 0.6576
136.0000 0.5510
137.0000 0.9255
138.0000 1.3566
139.0000 1.3559
140.0000 0.9241
141.0000 0.5506
142.0000 0.6587
143.0000 1.1260
144.0000 1.4231
145.0000 1.2132
146.0000 0.7341
147.0000 0.5289
148.0000 0.8301
149.0000 1.2965
150.0000 1.3996
151.0000 1.0224
152.0000 0.5925
153.0000 0.5970
154.0000 1.0309
155.0000 1.4026
156.0000 1.2908
157.0000 0.8222
158.0000 0.5278
159.0000 0.7413
160.0000 1.2209
161.0000 1.4230
162.0000 1.1186
163.0000 0.6526
164.0000 0.5531
165.0000 0.9329
166.0000 1.3617
167.0000 1.3535
168.0000 0.9175
169.0000 0.5478
170.0000 0.6634
171.0000 1.1334
172.0000 1.4252
173.0000 1.2081
174.0000 0.7280
175.0000 0.5291
176.0000 0.8368
177.0000 1.3024
178.0000 1.3984
179.0000 1.0158
180.0000 0.5882
181.0000 0.6002
182.0000 1.0383
183.0000 1.4060
184.0000 1.2866
185.0000 0.8154
186.0000 0.5263
187.0000 0.7470
188.0000 1.2275
189.0000 1.4232
190.0000 1.1123
191.0000 0.6471
192.0000 0.5547
193.0000 0.9400
194.0000 1.3663
195.0000 1.3506
196.0000 0.9105
197.0000 0.5448
198.0000 0.6680
199.0000 1.1404
200.0000 1.4269
201.0000 1.2026
202.0000 0.7217
203.0000 0.5292
204.0000 0.8433
205.0000 1.3081
206.0000 1.3968
207.0000 1.0089
208.0000 0.5839
209.0000 0.6034
210.0000 1.0455
211.0000 1.4091
212.0000 1.2822
213.0000 0.8085
214.0000 0.5248
215.0000 0.7526
216.0000 1.2339
217.0000 1.4232
218.0000 1.1059
219.0000 0.6416
220.0000 0.5564
221.0000 0.9470
222.0000 1.3707
223.0000 1.3474
224.0000 0.9034
225.0000 0.5418
226.0000 0.6725
227.0000 1.1474
228.0000 1.4284
229.0000 1.1969
230.0000 0.7153
231.0000 0.5293
232.0000 0.8498
233.0000 1.3136
234.0000 1.3951
235.0000 1.0019
236.0000 0.5795
237.0000 0.6066
238.0000 1.0526
239.0000 1.4121
240.0000 1.2776
241.0000 0.8016
242.0000 0.5234
243.0000 0.7583
244.0000 1.2403
245.0000 1.4230
246.0000 1.0994
247.0000 0.6361
248.0000 0.5582
249.0000 0.9540
250.0000 1.3751
251.0000 1.3442
252.0000 0.8963
253.0000 0.5389
254.0000 0.6771
255.0000 1.1543
256.0000 1.4298
257.0000 1.1912
258.0000 0.7090
259.0000 0.5295
260.0000 0.8563
261.0000 1.3190
262.0000 1.3933
263.0000 0.9949
264.0000 0.5752
265.0000 0.6100
266.0000 1.0598
267.0000 1.4150
268.0000 1.2730
269.0000 0.7946
270.0000 0.5220
271.0000 0.7641
272.0000 1.2466
273.0000 1.4228
274.0000 1.0928
275.0000 0.6307
276.0000 0.5601
277.0000 0.9611
278.0000 1.3793
279.0000 1.3408
280.0000 0.8891
281.0000 0.5361
282.0000 0.6818
283.0000 1.1613
284.0000 1.4311
285.0000 1.1854
286.0000 0.7027
287.0000 0.5299
288.0000 0.8629
289.0000 1.3244
290.0000 1.3914
291.0000 0.9878
292.0000 0.5711
293.0000 0.6134
294.0000 1.0669
295.0000 1.4178
296.0000 1.2682
297.0000 0.7877
298.0000 0.5208
299.0000 0.7700
300.0000 1.2529
301.0000 1.4224
302.0000 1.0862
303.0000 0.6253
304.0000 0.5621
305.0000 0.9682
306.0000 1.3835
307.0000 1.3373
308.0000 0.8819
309.0000 0.5333
310.0000 0.6866
311.0000 1.1682
312.0000 1.4322
313.0000 1.1795
314.0000 0.6964
315.0000 0.5303
316.0000 0.8696
317.0000 1.3298
318.0000 1.3894
319.0000 0.9807
320.0000 0.5669
321.0000 0.6169
322.0000 1.0741
323.0000 1.4204
324.0000 1.2634
325.0000 0.7808
326.0000 0.5197
327.0000 0.7759
328.0000 1.2592
329.0000 1.4219
330.0000 1.0795
331.0000 0.6200
332.0000 0.5642
333.0000 0.9753
334.0000 1.3875
335.0000 1.3337
336.0000 0.8747
337.0000 0.5307
338.0000 0.6915
339.0000 1.1751
340.0000 1.4333
341.0000 1.1736
342.0000 0.6901
343.0000 0.5309
344.0000 0.8763
345.0000 1.3350
346.0000 1.3872
347.0000 0.9736
348.0000 0.5629
349.0000 0.6206
350.0000 1.0813
351.0000 1.4230
352.0000 1.2584
353.0000 0.7740
354.0000 0.5187
355.0000 0.7819
356.0000 1.2654
357.0000 1.4213
358.0000 1.0728
359.0000 0.6148
360.0000 0.5664
361.0000 0.9824
362.0000 1.3915
363.0000 1.3300
364.0000 0.8675
365.0000 0.5282
366.0000 0.6965
367.0000 1.1819
368.0000 1.4343
369.0000 1.1675
370.0000 0.6840
371.0000 0.5315
372.0000 0.8831
373.0000 1.3402
374.0000 1.3849
375.0000 0.9664
376.0000 0.5590
377.0000 0.6243
378.0000 1.0885
379.0000 1.4255
380.0000 1.2534
381.0000 0.7671
382.0000 0.5178
383.0000 0.7880
384.0000 1.2716
385.0000 1.4205
386.0000 1.0660
387.0000 0.6096
388.0000 0.5687
389.0000 0.9896
390.0000 1.3954
391.0000 1.3262
392.0000 0.8603
393.0000 0.5257
394.0000 0.7016
395.0000 1.1888
396.0000 1.4351
397.0000 1.1614
398.0000 0.6778
399.0000 0.5323
400.0000 0.8899
401.0000 1.3454
402.0000 1.3825
403.0000 0.9592
404.0000 0.5551
405.0000 0.6282
406.0000 1.0957
407.0000 1.4279
408.0000 1.2482
409.0000 0.7603
410.0000 0.5170
411.0000 0.7941
412.0000 1.2777
413.0000 1.4197
414.0000 1.0591
415.0000 0.6045
416.0000 0.5711
417.0000 0.9968
418.0000 1.3992
419.0000 1.3223
420.0000 0.8531
421.0000 0.5234
422.0000 0.7068
423.0000 1.1956
424.0000 1.4358
425.0000 1.1552
426.0000 0.6717
427.0000 0.5332
428.0000 0.8968
429.0000 1.3504
430.0000 1.3801
431.0000 0.9520
432.0000 0.5513
433.0000 0.6321
434.0000 1.1029
435.0000 1.4302
436.0000 1.2430
437.0000 0.7535
438.0000 0.5163
439.0000 0.8003
440.0000 1.2838
441.0000 1.4187
442.0000 1.0522
443.0000 0.5995
444.0000 0.5737
445.0000 1.0041
446.0000 1.4030
447.0000 1.3183
448.0000 0.8459
449.0000 0.5212
450.0000 0.7121
451.0000 1.2024
452.0000 1.4365
453.0000 1.1490
454.0000 0.6657
455.0000 0.5342
456.0000 0.9037
457.0000 1.3554
458.0000 1.3774
459.0000 0.9448
460.0000 0.5477
461.0000 0.6362
462.0000 1.1101
463.0000 1.4324
464.0000 1.2377
465.0000 0.7467
466.0000 0.5157
467.0000 0.8066
468.0000 1.2898
469.0000 1.4177
470.0000 1.0452
471.0000 0.5946
472.0000 0.5763
473.0000 1.0113
474.0000 1.4066
475.0000 1.3142
476.0000 0.8387
477.0000 0.5190
478.0000 0.7174
479.0000 1.2092
480.0000 1.4370
481.0000 1.1426
482.0000 0.6597
483.0000 0.5354
484.0000 0.9107
485.0000 1.3603
486.0000 1.3747
487.0000 0.9375
488.0000 0.5441
489.0000 0.6404
490.0000 1.1173
491.0000 1.4344
492.0000 1.2323
493.0000 0.7399
494.0000 0.5153
495.0000 0.8130
496.0000 1.2958
497.0000 1.4165
498.0000 1.0382
499.0000 0.5897
500.0000 0.5791
501.0000 1.0186
502.0000 1.4101
503.0000 1.3100
504.0000 0.8315
505.0000 0.5170
506.0000 0.7229
507.0000 1.2159
508.0000 1.4374
509.0000 1.1362
510.0000 0.6537
