1.0000 0.0000
2.0000 0.0000
3.0000 0.0000
4.0000 0.0000
5.0000 0.0000
6.0000 0.0000
7.0000 0.0000
8.0000 0.0000
9.0000 0.0000
10.0000 4.9944
11.0000 4.0553
12.0000 0.8296
13.0000 -0.5360
14.0000 0.2552
15.0000 1.2997
16.0000 1.4438
17.0000 1.0043
18.0000 0.7026
19.0000 0.7582
20.0000 0.9335
21.0000 0.9976
22.0000 0.9458
23.0000 0.8879
24.0000 0.8831
25.0000 0.9090
26.0000 0.9250
27.0000 0.9210
28.0000 0.9112
29.0000 0.9084
30.0000 0.9117
31.0000 0.9151
32.0000 0.9153
33.0000 0.9140
34.0000 0.9133
35.0000 0.9137
36.0000 0.9144
37.0000 0.9147
38.0000 0.9146
39.0000 0.9145
40.0000 0.9146
41.0000 0.9148
42.0000 0.9150
43.0000 0.9150
44.0000 0.9151
45.0000 0.9152
46.0000 0.9153
47.0000 0.9153
48.0000 0.9154
49.0000 0.9155
50.0000 0.9155
51.0000 0.9156
52.0000 0.9157
53.0000 0.9157
54.0000 0.9158
55.0000 0.9158
56.0000 0.9159
57.0000 0.9159
58.0000 0.9160
59.0000 0.9160
60.0000 0.9160
61.0000 0.9161
62.0000 0.9161
63.0000 0.9162
64.0000 0.9162
65.0000 0.9162
66.0000 0.9163
67.0000 0.9163
68.0000 0.9163
69.0000 0.9163
70.0000 0.9164
71.0000 0.9164
72.0000 0.9164
73.0000 0.9164
74.0000 0.9165
75.0000 0.9165
76.0000 0.9165
77.0000 0.9165
78.0000 0.9165
79.0000 0.9166
80.0000 0.9166
81.0000 0.9166
82.0000 0.9166
83.0000 0.9166
84.0000 0.9166
85.0000 0.9166
86.0000 0.9167
87.0000 0.9167
88.0000 0.9167
89.0000 0.9167
90.0000 0.9167
91.0000 0.9167
92.0000 0.9167
93.0000 0.9167
94.0000 0.9167
95.0000 0.9167
96.0000 0.9168
97.0000 0.9168
98.0000 0.9168
99.0000 0.9168
100.0000 0.9168
101.0000 0.9168
102.0000 0.9168
103.0000 0.9168
104.0000 0.9168
105.0000 0.9168
106.0000 0.9168
107.0000 0.9168
108.0000 0.9168
109.0000 0.9168
110.0000 0.9168
111.0000 0.9168
112.0000 0.9168
113.0000 0.9168
114.0000 0.9168
115.0000 0.9169
116.0000 0.9169
117.0000 0.9169
118.0000 0.9169
119.0000 0.9169
120.0000 0.9169
121.0000 0.9169
122.0000 0.9169
123.0000 0.9169
124.0000 0.9169
125.0000 0.9169
126.0000 0.9169
127.0000 0.9169
128.0000 0.9169
129.0000 0.9169
130.0000 0.9169
131.0000 0.9169
132.0000 0.9169
133.0000 0.9169
134.0000 0.9169
135.0000 0.9169
136.0000 0.9169
137.0000 0.9169
138.0000 0.9169
139.0000 0.9169
140.0000 0.9169
141.0000 0.9169
142.0000 0.9169
143.0000 0.9169
144.0000 0.9169
145.0000 0.9169
146.0000 0.9169
147.0000 0.9169
148.0000 0.9169
149.0000 0.9169
150.0000 0.9169
151.0000 0.9169
152.0000 0.9169
153.0000 0.9169
154.0000 0.9169
155.0000 0.9169
156.0000 0.9169
157.0000 0.9169
158.0000 0.9169
159.0000 0.9169
160.0000 0.9169
161.0000 0.9169
162.0000 0.9169
163.0000 0.9169
164.0000 0.9169
165.0000 0.9169
166.0000 0.9169
167.0000 0.9169
168.0000 0.9169
169.0000 0.9169
170.0000 0.9169
171.0000 0.9169
172.0000 0.9169
173.0000 0.9169
174.0000 0.9169
175.0000 0.9169
176.0000 0.9169
177.0000 0.9169
178.0000 0.9169
179.0000 0.9169
180.0000 0.9169
181.0000 0.9169
182.0000 0.9169
183.0000 0.9169
184.0000 0.9169
185.0000 0.9169
186.0000 0.9169
187.0000 0.9169
188.0000 0.9169
189.0000 0.9169
190.0000 0.9169
191.0000 0.9169
192.0000 0.9169
193.0000 0.9169
194.0000 0.9169
195.0000 0.9169
196.0000 0.9169
197.0000 0.9169
198.0000 0.9169
199.0000 0.9169
200.0000 0.9169
201.0000 0.9169
202.0000 0.9169
203.0000 0.9169
204.0000 0.9169
205.0000 0.9169
206.0000 0.9169
207.0000 0.9169
208.0000 0.9169
209.0000 0.9169
210.0000 0.9169
211.0000 0.9169
212.0000 0.9169
213.0000 0.9169
214.0000 0.9169
215.0000 0.9169
216.0000 0.9169
217.0000 0.9169
218.0000 0.9169
219.0000 0.9169
220.0000 0.9169
221.0000 0.9169
222.0000 0.9169
223.0000 0.9169
224.0000 0.9169
225.0000 0.9169
226.0000 0.9169
227.0000 0.9169
228.0000 0.9169
229.0000 0.9169
230.0000 0.9169
231.0000 0.9169
232.0000 0.9169
233.0000 0.9169
234.0000 0.9169
235.0000 0.9169
236.0000 0.9169
237.0000 0.9169
238.0000 0.9169
239.0000 0.9169
240.0000 0.9169
241.0000 0.9169
242.0000 0.9169
243.0000 0.9169
244.0000 0.9169
245.0000 0.9169
246.0000 0.9169
247.0000 0.9169
248.0000 0.9169
249.0000 0.9169
250.0000 0.9169
251.0000 0.9169
252.0000 0.9169
253.0000 0.9169
254.0000 0.9169
255.0000 0.9169
256.0000 0.9169
257.0000 0.9169
258.0000 0.9169
259.0000 0.9169
260.0000 0.9169
261.0000 0.9169
262.0000 0.9169
263.0000 0.9169
264.0000 0.9169
265.0000 0.9169
266.0000 0.9169
267.0000 0.9169
268.0000 0.9169
269.0000 0.9169
270.0000 0.9169
271.0000 0.9169
272.0000 0.9169
273.0000 0.9169
274.0000 0.9169
275.0000 0.9169
276.0000 0.9169
277.0000 0.9169
278.0000 0.9169
279.0000 0.9169
280.0000 0.9169
281.0000 0.9169
282.0000 0.9169
283.0000 0.9169
284.0000 0.9169
285.0000 0.9169
286.0000 0.9169
287.0000 0.9169
288.0000 0.9169
289.0000 0.9169
290.0000 0.9169
291.0000 0.9169
292.0000 0.9169
293.0000 0.9169
294.0000 0.9169
295.0000 0.9169
296.0000 0.9169
297.0000 0.9169
298.0000 0.9169
299.0000 0.9169
300.0000 0.9169
301.0000 0.9169
302.0000 0.9169
303.0000 0.9169
304.0000 0.9169
305.0000 0.9169
306.0000 0.9169
307.0000 0.9169
308.0000 0.9169
309.0000 0.9169
310.0000 0.9169
311.0000 0.9169
312.0000 0.9169
313.0000 0.9169
314.0000 0.9169
315.0000 0.9169
316.0000 0.9169
317.0000 0.9169
318.0000 0.9169
319.0000 0.9169
320.0000 0.9169
321.0000 0.9169
322.0000 0.9169
323.0000 0.9169
324.0000 0.9169
325.0000 0.9169
326.0000 0.9169
327.0000 0.9169
328.0000 0.9169
329.0000 0.9169
330.0000 0.9169
331.0000 0.9169
332.0000 0.9169
333.0000 0.9169
334.0000 0.9169
335.0000 0.9169
336.0000 0.9169
337.0000 0.9169
338.0000 0.9169
339.0000 0.9169
340.0000 0.9169
341.0000 0.9169
342.0000 0.9169
343.0000 0.9169
344.0000 0.9169
345.0000 0.9169
346.0000 0.9169
347.0000 0.9169
348.0000 0.9169
349.0000 0.9169
350.0000 0.9169
351.0000 0.9169
352.0000 0.9169
353.0000 0.9169
354.0000 0.9169
355.0000 0.9169
356.0000 0.9169
357.0000 0.9169
358.0000 0.9169
359.0000 0.9169
360.0000 0.9169
361.0000 0.9169
362.0000 0.9169
363.0000 0.9169
364.0000 0.9169
365.0000 0.9169
366.0000 0.9169
367.0000 0.9169
368.0000 0.9169
369.0000 0.9169
370.0000 0.9169
371.0000 0.9169
372.0000 0.9169
373.0000 0.9169
374.0000 0.9169
375.0000 0.9169
376.0000 0.9169
377.0000 0.9169
378.0000 0.9169
379.0000 0.9169
380.0000 0.9169
381.0000 0.9169
382.0000 0.9169
383.0000 0.9169
384.0000 0.9169
385.0000 0.9169
386.0000 0.9169
387.0000 0.9169
388.0000 0.9169
389.0000 0.9169
390.0000 0.9169
391.0000 0.9169
392.0000 0.9169
393.0000 0.9169
394.0000 0.9169
395.0000 0.9169
396.0000 0.9169
397.0000 0.9169
398.0000 0.9169
399.0000 0.9169
400.0000 0.9169
401.0000 0.9169
402.0000 0.9169
403.0000 0.9169
404.0000 0.9169
405.0000 0.9169
406.0000 0.9169
407.0000 0.9169
408.0000 0.9169
409.0000 0.9169
410.0000 0.9169
411.0000 0.9169
412.0000 0.9169
413.0000 0.9169
414.0000 0.9169
415.0000 0.9169
416.0000 0.9169
417.0000 0.9169
418.0000 0.9169
419.0000 0.9169
420.0000 0.9169
421.0000 0.9169
422.0000 0.9169
423.0000 0.9169
424.0000 0.9169
425.0000 0.9169
426.0000 0.9169
427.0000 0.9169
428.0000 0.9169
429.0000 0.9169
430.0000 0.9169
431.0000 0.9169
432.0000 0.9169
433.0000 0.9169
434.0000 0.9169
435.0000 0.9169
436.0000 0.9169
437.0000 0.9169
438.0000 0.9169
439.0000 0.9169
440.0000 0.9169
441.0000 0.9169
442.0000 0.9169
443.0000 0.9169
444.0000 0.9169
445.0000 0.9169
446.0000 0.9169
447.0000 0.9169
448.0000 0.9169
449.0000 0.9169
450.0000 0.9169
451.0000 0.9169
452.0000 0.9169
453.0000 0.9169
454.0000 0.9169
455.0000 0.9169
456.0000 0.9169
457.0000 0.9169
458.0000 0.9169
459.0000 0.9169
460.0000 0.9169
461.0000 0.9169
462.0000 0.9169
463.0000 0.9169
464.0000 0.9169
465.0000 0.9169
466.0000 0.9169
467.0000 0.9169
468.0000 0.9169
469.0000 0.9169
470.0000 0.9169
471.0000 0.9169
472.0000 0.9169
473.0000 0.9169
474.0000 0.9169
475.0000 0.9169
476.0000 0.9169
477.0000 0.9169
478.0000 0.9169
479.0000 0.9169
480.0000 0.9169
481.0000 0.9169
482.0000 0.9169
483.0000 0.9169
484.0000 0.9169
485.0000 0.9169
486.0000 0.9169
487.0000 0.9169
488.0000 0.9169
489.0000 0.9169
490.0000 0.9169
491.0000 0.9169
492.0000 0.9169
493.0000 0.9169
494.0000 0.9169
495.0000 0.9169
496.0000 0.9169
497.0000 0.9169
498.0000 0.9169
499.0000 0.9169
500.0000 0.9169
501.0000 0.9169
502.0000 0.9169
503.0000 0.9169
504.0000 0.9169
505.0000 0.9169
506.0000 0.9169
507.0000 0.9169
508.0000 0.9169
509.0000 0.9169
510.0000 0.9169
