1.0000 0.0000
2.0000 0.0000
3.0000 0.0000
4.0000 0.0000
5.0000 0.0000
6.0000 0.0000
7.0000 0.0000
8.0000 0.0000
9.0000 0.0000
10.0000 0.0000
11.0000 0.0000
12.0000 0.0000
13.0000 0.0000
14.0000 0.3785
15.0000 0.6759
16.0000 0.6710
17.0000 0.5269
18.0000 0.4794
19.0000 0.5694
20.0000 0.6790
21.0000 0.7146
22.0000 0.6937
23.0000 0.6832
24.0000 0.7119
25.0000 0.7561
26.0000 0.7843
27.0000 0.7928
28.0000 0.7985
29.0000 0.8135
30.0000 0.8348
31.0000 0.8534
32.0000 0.8656
33.0000 0.8751
34.0000 0.8861
35.0000 0.8990
36.0000 0.9114
37.0000 0.9218
38.0000 0.9307
39.0000 0.9394
40.0000 0.9485
41.0000 0.9573
42.0000 0.9653
43.0000 0.9726
44.0000 0.9795
45.0000 0.9862
46.0000 0.9927
47.0000 0.9988
48.0000 1.0044
49.0000 1.0098
50.0000 1.0149
51.0000 1.0198
52.0000 1.0244
53.0000 1.0288
54.0000 1.0329
55.0000 1.0368
56.0000 1.0406
57.0000 1.0441
58.0000 1.0474
59.0000 1.0506
60.0000 1.0536
61.0000 1.0565
62.0000 1.0592
63.0000 1.0617
64.0000 1.0641
65.0000 1.0664
66.0000 1.0686
67.0000 1.0707
68.0000 1.0726
69.0000 1.0745
70.0000 1.0763
71.0000 1.0779
72.0000 1.0795
73.0000 1.0810
74.0000 1.0825
75.0000 1.0838
76.0000 1.0851
77.0000 1.0863
78.0000 1.0875
79.0000 1.0886
80.0000 1.0896
81.0000 1.0906
82.0000 1.0915
83.0000 1.0924
84.0000 1.0933
85.0000 1.0941
86.0000 1.0949
87.0000 1.0956
88.0000 1.0963
89.0000 1.0969
90.0000 1.0975
91.0000 1.0981
92.0000 1.0987
93.0000 1.0992
94.0000 1.0997
95.0000 1.1002
96.0000 1.1007
97.0000 1.1011
98.0000 1.1015
99.0000 1.1019
100.0000 1.1023
101.0000 1.1027
102.0000 1.1030
103.0000 1.1034
104.0000 1.1037
105.0000 1.1040
106.0000 1.1042
107.0000 1.1045
108.0000 1.1048
109.0000 1.1050
110.0000 1.1053
111.0000 1.1055
112.0000 1.1057
113.0000 1.1059
114.0000 1.1061
115.0000 1.1063
116.0000 1.1065
117.0000 1.1066
118.0000 1.1068
119.0000 1.1070
120.0000 1.1071
121.0000 1.1073
122.0000 1.1074
123.0000 1.1075
124.0000 1.1077
125.0000 1.1078
126.0000 1.1079
127.0000 1.1080
128.0000 1.1082
129.0000 1.1083
130.0000 1.1084
131.0000 1.1085
132.0000 1.1086
133.0000 1.1087
134.0000 1.1087
135.0000 1.1088
136.0000 1.1089
137.0000 1.1090
138.0000 1.1091
139.0000 1.1092
140.0000 1.1092
141.0000 1.1093
142.0000 1.1094
143.0000 1.1095
144.0000 1.1095
145.0000 1.1096
146.0000 1.1097
147.0000 1.1097
148.0000 1.1098
149.0000 1.1098
150.0000 1.1099
151.0000 1.1100
152.0000 1.1100
153.0000 1.1101
154.0000 1.1101
155.0000 1.1102
156.0000 1.1102
157.0000 1.1103
158.0000 1.1103
159.0000 1.1104
160.0000 1.1104
161.0000 1.1105
162.0000 1.1105
163.0000 1.1106
164.0000 1.1106
165.0000 1.1107
166.0000 1.1107
167.0000 1.1108
168.0000 1.1108
169.0000 1.1109
170.0000 1.1109
171.0000 1.1109
172.0000 1.1110
173.0000 1.1110
174.0000 1.1111
175.0000 1.1111
176.0000 1.1112
177.0000 1.1112
178.0000 1.1112
179.0000 1.1113
180.0000 1.1113
181.0000 1.1114
182.0000 1.1114
183.0000 1.1114
184.0000 1.1115
185.0000 1.1115
186.0000 1.1116
187.0000 1.1116
188.0000 1.1116
189.0000 1.1117
190.0000 1.1117
191.0000 1.1117
192.0000 1.1118
193.0000 1.1118
194.0000 1.1119
195.0000 1.1119
196.0000 1.1119
197.0000 1.1120
198.0000 1.1120
199.0000 1.1121
200.0000 1.1121
201.0000 1.1121
202.0000 1.1122
203.0000 1.1122
204.0000 1.1122
205.0000 1.1123
206.0000 1.1123
207.0000 1.1124
208.0000 1.1124
209.0000 1.1124
210.0000 1.1125
211.0000 1.1125
212.0000 1.1125
213.0000 1.1126
214.0000 1.1126
215.0000 1.1126
216.0000 1.1127
217.0000 1.1127
218.0000 1.1128
219.0000 1.1128
220.0000 1.1128
221.0000 1.1129
222.0000 1.1129
223.0000 1.1129
224.0000 1.1130
225.0000 1.1130
226.0000 1.1130
227.0000 1.1131
228.0000 1.1131
229.0000 1.1132
230.0000 1.1132
231.0000 1.1132
232.0000 1.1133
233.0000 1.1133
234.0000 1.1133
235.0000 1.1134
236.0000 1.1134
237.0000 1.1134
238.0000 1.1135
239.0000 1.1135
240.0000 1.1136
241.0000 1.1136
242.0000 1.1136
243.0000 1.1137
244.0000 1.1137
245.0000 1.1137
246.0000 1.1138
247.0000 1.1138
248.0000 1.1138
249.0000 1.1139
250.0000 1.1139
251.0000 1.1139
252.0000 1.1140
253.0000 1.1140
254.0000 1.1141
255.0000 1.1141
256.0000 1.1141
257.0000 1.1142
258.0000 1.1142
259.0000 1.1142
260.0000 1.1143
261.0000 1.1143
262.0000 1.1143
263.0000 1.1144
264.0000 1.1144
265.0000 1.1145
266.0000 1.1145
267.0000 1.1146
268.0000 1.1146
269.0000 1.1146
270.0000 1.1147
271.0000 1.1147
272.0000 1.1147
273.0000 1.1148
274.0000 1.1148
275.0000 1.1148
276.0000 1.1149
277.0000 1.1149
278.0000 1.1149
279.0000 1.1149
280.0000 1.1150
281.0000 1.1150
282.0000 1.1150
283.0000 1.1150
284.0000 1.1151
285.0000 1.1151
286.0000 1.1151
287.0000 1.1151
288.0000 1.1152
289.0000 1.1152
290.0000 1.1152
291.0000 1.1152
292.0000 1.1152
293.0000 1.1153
294.0000 1.1153
295.0000 1.1153
296.0000 1.1153
297.0000 1.1153
298.0000 1.1154
299.0000 1.1154
300.0000 1.1154
301.0000 1.1154
302.0000 1.1154
303.0000 1.1154
304.0000 1.1155
305.0000 1.1155
306.0000 1.1155
307.0000 1.1155
308.0000 1.1155
309.0000 1.1155
310.0000 1.1155
311.0000 1.1155
312.0000 1.1156
313.0000 1.1156
314.0000 1.1156
315.0000 1.1156
316.0000 1.1156
317.0000 1.1156
318.0000 1.1156
319.0000 1.1156
320.0000 1.1156
321.0000 1.1156
322.0000 1.1157
323.0000 1.1157
324.0000 1.1157
325.0000 1.1157
326.0000 1.1157
327.0000 1.1157
328.0000 1.1157
329.0000 1.1157
330.0000 1.1157
331.0000 1.1157
332.0000 1.1157
333.0000 1.1157
334.0000 1.1157
335.0000 1.1158
336.0000 1.1158
337.0000 1.1158
338.0000 1.1158
339.0000 1.1158
340.0000 1.1158
341.0000 1.1158
342.0000 1.1158
343.0000 1.1158
344.0000 1.1158
345.0000 1.1158
346.0000 1.1158
347.0000 1.1158
348.0000 1.1158
349.0000 1.1158
350.0000 1.1158
351.0000 1.1159
352.0000 1.1159
353.0000 1.1159
354.0000 1.1159
355.0000 1.1159
356.0000 1.1159
357.0000 1.1159
358.0000 1.1159
359.0000 1.1159
360.0000 1.1159
361.0000 1.1159
362.0000 1.1159
363.0000 1.1159
364.0000 1.1159
365.0000 1.1159
366.0000 1.1159
367.0000 1.1159
368.0000 1.1159
369.0000 1.1159
370.0000 1.1159
371.0000 1.1159
372.0000 1.1160
373.0000 1.1160
374.0000 1.1160
375.0000 1.1160
376.0000 1.1160
377.0000 1.1160
378.0000 1.1160
379.0000 1.1160
380.0000 1.1160
381.0000 1.1160
382.0000 1.1160
383.0000 1.1160
384.0000 1.1160
385.0000 1.1160
386.0000 1.1160
387.0000 1.1160
388.0000 1.1160
389.0000 1.1160
390.0000 1.1160
391.0000 1.1160
392.0000 1.1160
393.0000 1.1160
394.0000 1.1160
395.0000 1.1161
396.0000 1.1161
397.0000 1.1161
398.0000 1.1161
399.0000 1.1161
400.0000 1.1161
401.0000 1.1161
402.0000 1.1161
403.0000 1.1161
404.0000 1.1161
405.0000 1.1161
406.0000 1.1161
407.0000 1.1161
408.0000 1.1161
409.0000 1.1161
410.0000 1.1161
411.0000 1.1161
412.0000 1.1161
413.0000 1.1161
414.0000 1.1161
415.0000 1.1161
416.0000 1.1161
417.0000 1.1161
418.0000 1.1161
419.0000 1.1161
420.0000 1.1161
421.0000 1.1162
422.0000 1.1162
423.0000 1.1162
424.0000 1.1162
425.0000 1.1162
426.0000 1.1162
427.0000 1.1162
428.0000 1.1162
429.0000 1.1162
430.0000 1.1162
431.0000 1.1162
432.0000 1.1162
433.0000 1.1162
434.0000 1.1162
435.0000 1.1162
436.0000 1.1162
437.0000 1.1162
438.0000 1.1162
439.0000 1.1162
440.0000 1.1162
441.0000 1.1162
442.0000 1.1162
443.0000 1.1162
444.0000 1.1162
445.0000 1.1162
446.0000 1.1162
447.0000 1.1162
448.0000 1.1163
449.0000 1.1163
450.0000 1.1163
451.0000 1.1163
452.0000 1.1163
453.0000 1.1163
454.0000 1.1163
455.0000 1.1163
456.0000 1.1163
457.0000 1.1163
458.0000 1.1163
459.0000 1.1163
460.0000 1.1163
461.0000 1.1163
462.0000 1.1163
463.0000 1.1163
464.0000 1.1163
465.0000 1.1163
466.0000 1.1163
467.0000 1.1163
468.0000 1.1163
469.0000 1.1163
470.0000 1.1163
471.0000 1.1163
472.0000 1.1163
473.0000 1.1163
474.0000 1.1164
475.0000 1.1164
476.0000 1.1164
477.0000 1.1164
478.0000 1.1164
479.0000 1.1164
480.0000 1.1164
481.0000 1.1164
482.0000 1.1164
483.0000 1.1164
484.0000 1.1164
485.0000 1.1164
486.0000 1.1164
487.0000 1.1164
488.0000 1.1164
489.0000 1.1164
490.0000 1.1164
491.0000 1.1164
492.0000 1.1164
493.0000 1.1164
494.0000 1.1164
495.0000 1.1164
496.0000 1.1164
497.0000 1.1164
498.0000 1.1164
499.0000 1.1164
500.0000 1.1164
501.0000 1.1165
502.0000 1.1165
503.0000 1.1165
504.0000 1.1165
505.0000 1.1165
506.0000 1.1165
507.0000 1.1165
508.0000 1.1165
509.0000 1.1165
510.0000 1.1165
