1.0000 0.0000
2.0000 0.0000
3.0000 0.0000
4.0000 0.0000
5.0000 0.0000
6.0000 0.0000
7.0000 0.0000
8.0000 0.0000
9.0000 0.0000
10.0000 0.0000
11.0000 0.0000
12.0000 0.0000
13.0000 0.0000
14.0000 0.0000
15.0000 0.0000
16.0000 0.0000
17.0000 0.0000
18.0000 0.0000
19.0000 0.0000
20.0000 0.0000
21.0000 0.0000
22.0000 0.0000
23.0000 0.0000
24.0000 0.0000
25.0000 0.0000
26.0000 0.0000
27.0000 0.0000
28.0000 0.0000
29.0000 0.0000
30.0000 0.0000
31.0000 0.0000
32.0000 0.0000
33.0000 0.0000
34.0000 0.0000
35.0000 0.0000
36.0000 0.0000
37.0000 0.0000
38.0000 0.0000
39.0000 0.0000
40.0000 0.0000
41.0000 0.0000
42.0000 0.0000
43.0000 0.0000
44.0000 0.0000
45.0000 0.0000
46.0000 0.0000
47.0000 0.0000
48.0000 0.0000
49.0000 0.0000
50.0000 0.0000
51.0000 0.0000
52.0000 0.0000
53.0000 0.0000
54.0000 0.0000
55.0000 0.0000
56.0000 0.0000
57.0000 0.0000
58.0000 0.0000
59.0000 0.0000
60.0000 0.0000
61.0000 0.0000
62.0000 0.0000
63.0000 0.0000
64.0000 0.0000
65.0000 0.0000
66.0000 0.0000
67.0000 0.0000
68.0000 0.0000
69.0000 0.0000
70.0000 0.0000
71.0000 0.0000
72.0000 0.0000
73.0000 0.0000
74.0000 0.0000
75.0000 0.0000
76.0000 0.0000
77.0000 0.0000
78.0000 0.0000
79.0000 0.0000
80.0000 0.0000
81.0000 0.0000
82.0000 0.0000
83.0000 0.0000
84.0000 0.0000
85.0000 0.0000
86.0000 0.0000
87.0000 0.0000
88.0000 0.0000
89.0000 0.0000
90.0000 0.0000
91.0000 0.0000
92.0000 0.0000
93.0000 0.0000
94.0000 0.0000
95.0000 0.0000
96.0000 0.0000
97.0000 0.0000
98.0000 0.0000
99.0000 0.0000
100.0000 0.0000
101.0000 0.0000
102.0000 0.0000
103.0000 0.0000
104.0000 0.0000
105.0000 0.0000
106.0000 0.0000
107.0000 0.0000
108.0000 0.0000
109.0000 0.0000
110.0000 0.0000
111.0000 0.0000
112.0000 0.0000
113.0000 0.0000
114.0000 0.0000
115.0000 0.0000
116.0000 0.0000
117.0000 0.0000
118.0000 0.0000
119.0000 0.0000
120.0000 0.0000
121.0000 0.0000
122.0000 0.0000
123.0000 0.0000
124.0000 0.0000
125.0000 0.0000
126.0000 0.0000
127.0000 0.0000
128.0000 0.0000
129.0000 0.0000
130.0000 0.0000
131.0000 0.0000
132.0000 0.0000
133.0000 0.0000
134.0000 0.0000
135.0000 0.0000
136.0000 0.0000
137.0000 0.0000
138.0000 0.0000
139.0000 0.0000
140.0000 0.0000
141.0000 0.0000
142.0000 0.0000
143.0000 0.0000
144.0000 0.0000
145.0000 0.0000
146.0000 0.0000
147.0000 0.0000
148.0000 0.0000
149.0000 0.0000
150.0000 0.0000
151.0000 0.0000
152.0000 0.0000
153.0000 0.0000
154.0000 0.0000
155.0000 0.0000
156.0000 0.0000
157.0000 0.0000
158.0000 0.0000
159.0000 0.0000
160.0000 0.0000
161.0000 0.0000
162.0000 0.0000
163.0000 0.0000
164.0000 0.0000
165.0000 0.0000
166.0000 0.0000
167.0000 0.0000
168.0000 0.0000
169.0000 0.0000
170.0000 0.0000
171.0000 0.0000
172.0000 0.0000
173.0000 0.0000
174.0000 0.0000
175.0000 0.0000
176.0000 0.0000
177.0000 0.0000
178.0000 0.0000
179.0000 0.0000
180.0000 0.0000
181.0000 0.0000
182.0000 0.0000
183.0000 0.0000
184.0000 0.0000
185.0000 0.0000
186.0000 0.0000
187.0000 0.0000
188.0000 0.0000
189.0000 0.0000
190.0000 0.0000
191.0000 0.0000
192.0000 0.0000
193.0000 0.0000
194.0000 0.0000
195.0000 0.0000
196.0000 0.0000
197.0000 0.0000
198.0000 0.0000
199.0000 0.0000
200.0000 0.0000
201.0000 0.0000
202.0000 0.0000
203.0000 0.0000
204.0000 0.0000
205.0000 0.0000
206.0000 0.0000
207.0000 0.0000
208.0000 0.0000
209.0000 0.0000
210.0000 0.0000
211.0000 0.0000
212.0000 0.0000
213.0000 0.0000
214.0000 0.0000
215.0000 0.0000
216.0000 0.0000
217.0000 0.0000
218.0000 0.0000
219.0000 0.0000
220.0000 0.0000
221.0000 0.0000
222.0000 0.0000
223.0000 0.0000
224.0000 0.0000
225.0000 0.0000
226.0000 0.0000
227.0000 0.0000
228.0000 0.0000
229.0000 0.0000
230.0000 0.0000
231.0000 0.0000
232.0000 0.0000
233.0000 0.0000
234.0000 0.0000
235.0000 0.0000
236.0000 0.0000
237.0000 0.0000
238.0000 0.0000
239.0000 0.0000
240.0000 0.0000
241.0000 0.0000
242.0000 0.0000
243.0000 0.0000
244.0000 0.0000
245.0000 0.0000
246.0000 0.0000
247.0000 0.0000
248.0000 0.0000
249.0000 0.0000
250.0000 0.0000
251.0000 0.0000
252.0000 0.0000
253.0000 0.0000
254.0000 0.0000
255.0000 0.0000
256.0000 0.0000
257.0000 0.0000
258.0000 0.0000
259.0000 0.0000
260.0000 8.6655
261.0000 3.7605
262.0000 4.0875
263.0000 4.4145
264.0000 4.7415
265.0000 5.0685
266.0000 1.4250
267.0000 2.7428
268.0000 2.3723
269.0000 1.9535
270.0000 1.4866
271.0000 0.9714
272.0000 2.2273
273.0000 1.7374
274.0000 1.8303
275.0000 1.9988
276.0000 2.2501
277.0000 2.5914
278.0000 2.1960
279.0000 2.4187
280.0000 2.4454
281.0000 2.4241
282.0000 2.3404
283.0000 2.1790
284.0000 2.3056
285.0000 2.2062
286.0000 2.1642
287.0000 2.1403
288.0000 2.1479
289.0000 2.2032
290.0000 2.1498
291.0000 2.1817
292.0000 2.2016
293.0000 2.2194
294.0000 2.2261
295.0000 2.2099
296.0000 2.2355
297.0000 2.2297
298.0000 2.2248
299.0000 2.2180
300.0000 2.2136
301.0000 2.2188
302.0000 2.2071
303.0000 2.2061
304.0000 2.2055
305.0000 2.2065
306.0000 2.2073
307.0000 2.2044
308.0000 2.2084
309.0000 2.2093
310.0000 2.2101
311.0000 2.2102
312.0000 2.2103
313.0000 2.2119
314.0000 2.2108
315.0000 2.2106
316.0000 2.2102
317.0000 2.2100
318.0000 2.2099
319.0000 2.2090
320.0000 2.2091
321.0000 2.2090
322.0000 2.2089
323.0000 2.2089
324.0000 2.2088
325.0000 2.2091
326.0000 2.2090
327.0000 2.2091
328.0000 2.2091
329.0000 2.2091
330.0000 2.2092
331.0000 2.2091
332.0000 2.2091
333.0000 2.2090
334.0000 2.2090
335.0000 2.2089
336.0000 2.2089
337.0000 2.2089
338.0000 2.2089
339.0000 2.2088
340.0000 2.2088
341.0000 2.2088
342.0000 2.2088
343.0000 2.2088
344.0000 2.2088
345.0000 2.2088
346.0000 2.2088
347.0000 2.2088
348.0000 2.2088
349.0000 2.2088
350.0000 2.2088
351.0000 2.2087
352.0000 2.2087
353.0000 2.2087
354.0000 2.2087
355.0000 2.2087
356.0000 2.2087
357.0000 2.2087
358.0000 2.2087
359.0000 2.2087
360.0000 2.2087
361.0000 2.2087
362.0000 2.2087
363.0000 2.2087
364.0000 2.2087
365.0000 2.2087
366.0000 2.2087
367.0000 2.2087
368.0000 2.2087
369.0000 2.2087
370.0000 2.2087
371.0000 2.2087
372.0000 2.2087
373.0000 2.2086
374.0000 2.2086
375.0000 2.2086
376.0000 2.2086
377.0000 2.2086
378.0000 2.2086
379.0000 2.2086
380.0000 2.2086
381.0000 2.2086
382.0000 2.2086
383.0000 2.2086
384.0000 2.2086
385.0000 2.2086
386.0000 2.2086
387.0000 2.2086
388.0000 2.2086
389.0000 2.2086
390.0000 2.2086
391.0000 2.2086
392.0000 2.2086
393.0000 2.2086
394.0000 2.2086
395.0000 2.2086
396.0000 2.2086
397.0000 2.2086
398.0000 2.2086
399.0000 2.2086
400.0000 2.2086
401.0000 2.2086
402.0000 2.2086
403.0000 2.2086
404.0000 2.2086
405.0000 2.2086
406.0000 2.2086
407.0000 2.2086
408.0000 2.2086
409.0000 2.2086
410.0000 2.2086
411.0000 2.2086
412.0000 2.2086
413.0000 2.2086
414.0000 2.2086
415.0000 2.2086
416.0000 2.2086
417.0000 2.2086
418.0000 2.2086
419.0000 2.2086
420.0000 2.2086
421.0000 2.2086
422.0000 2.2086
423.0000 2.2086
424.0000 2.2086
425.0000 2.2086
426.0000 2.2086
427.0000 2.2086
428.0000 2.2086
429.0000 2.2086
430.0000 2.2086
431.0000 2.2086
432.0000 2.2086
433.0000 2.2086
434.0000 2.2086
435.0000 2.2086
436.0000 2.2086
437.0000 2.2086
438.0000 2.2086
439.0000 2.2086
440.0000 2.2086
441.0000 2.2086
442.0000 2.2086
443.0000 2.2086
444.0000 2.2086
445.0000 2.2086
446.0000 2.2086
447.0000 2.2086
448.0000 2.2086
449.0000 2.2086
450.0000 2.2086
451.0000 2.2086
452.0000 2.2086
453.0000 2.2086
454.0000 2.2086
455.0000 2.2086
456.0000 2.2086
457.0000 2.2086
458.0000 2.2086
459.0000 2.2086
460.0000 2.2086
461.0000 2.2086
462.0000 2.2086
463.0000 2.2086
464.0000 2.2086
465.0000 2.2086
466.0000 2.2086
467.0000 2.2086
468.0000 2.2086
469.0000 2.2086
470.0000 2.2086
471.0000 2.2086
472.0000 2.2086
473.0000 2.2086
474.0000 2.2086
475.0000 2.2086
476.0000 2.2086
477.0000 2.2086
478.0000 2.2086
479.0000 2.2086
480.0000 2.2086
481.0000 2.2086
482.0000 2.2086
483.0000 2.2086
484.0000 2.2086
485.0000 2.2086
486.0000 2.2086
487.0000 2.2086
488.0000 2.2086
489.0000 2.2086
490.0000 2.2086
491.0000 2.2086
492.0000 2.2086
493.0000 2.2086
494.0000 2.2086
495.0000 2.2086
496.0000 2.2086
497.0000 2.2086
498.0000 2.2086
499.0000 2.2086
500.0000 2.2086
501.0000 2.2086
502.0000 2.2086
503.0000 2.2086
504.0000 2.2086
505.0000 2.2086
506.0000 2.2086
507.0000 2.2086
508.0000 2.2086
509.0000 2.2086
510.0000 2.2086
