1.0000 0.0000
2.0000 0.0000
3.0000 0.0000
4.0000 0.0000
5.0000 0.0000
6.0000 0.0000
7.0000 0.0000
8.0000 0.0000
9.0000 0.0000
10.0000 0.0000
11.0000 0.0000
12.0000 0.0000
13.0000 0.0000
14.0000 -0.0002
15.0000 -0.0002
16.0000 -0.0001
17.0000 -0.0001
18.0000 -0.0001
19.0000 -0.0002
20.0000 -0.0002
21.0000 -0.0002
22.0000 -0.0002
23.0000 -0.0002
24.0000 -0.0003
25.0000 -0.0003
26.0000 -0.0003
27.0000 -0.0003
28.0000 -0.0003
29.0000 -0.0003
30.0000 -0.0004
31.0000 -0.0004
32.0000 -0.0004
33.0000 -0.0004
34.0000 -0.0004
35.0000 -0.0005
36.0000 -0.0005
37.0000 -0.0005
38.0000 -0.0005
39.0000 -0.0005
40.0000 -0.0006
41.0000 -0.0006
42.0000 -0.0006
43.0000 -0.0006
44.0000 -0.0006
45.0000 -0.0007
46.0000 -0.0007
47.0000 -0.0007
48.0000 -0.0007
49.0000 -0.0007
50.0000 -0.0008
51.0000 -0.0008
52.0000 -0.0008
53.0000 -0.0008
54.0000 -0.0009
55.0000 -0.0009
56.0000 -0.0009
57.0000 -0.0009
58.0000 -0.0009
59.0000 -0.0010
60.0000 -0.0010
61.0000 -0.0010
62.0000 -0.0010
63.0000 -0.0010
64.0000 -0.0011
65.0000 -0.0011
66.0000 -0.0011
67.0000 -0.0011
68.0000 -0.0011
69.0000 -0.0012
70.0000 -0.0012
71.0000 -0.0012
72.0000 -0.0012
73.0000 -0.0013
74.0000 -0.0013
75.0000 -0.0013
76.0000 -0.0013
77.0000 -0.0013
78.0000 -0.0014
79.0000 -0.0014
80.0000 -0.0014
81.0000 -0.0014
82.0000 -0.0014
83.0000 -0.0015
84.0000 -0.0015
85.0000 -0.0015
86.0000 -0.0015
87.0000 -0.0016
88.0000 -0.0016
89.0000 -0.0016
90.0000 -0.0016
91.0000 -0.0016
92.0000 -0.0017
93.0000 -0.0017
94.0000 -0.0017
95.0000 -0.0017
96.0000 -0.0018
97.0000 -0.0018
98.0000 -0.0018
99.0000 -0.0018
100.0000 -0.0018
101.0000 -0.0019
102.0000 -0.0019
103.0000 -0.0019
104.0000 -0.0019
105.0000 -0.0020
106.0000 -0.0020
107.0000 -0.0020
108.0000 -0.0020
109.0000 -0.0020
110.0000 -0.0021
111.0000 -0.0021
112.0000 -0.0021
113.0000 -0.0021
114.0000 -0.0021
115.0000 -0.0022
116.0000 -0.0022
117.0000 -0.0022
118.0000 -0.0022
119.0000 -0.0023
120.0000 -0.0023
121.0000 -0.0023
122.0000 -0.0023
123.0000 -0.0023
124.0000 -0.0024
125.0000 -0.0024
126.0000 -0.0024
127.0000 -0.0024
128.0000 -0.0025
129.0000 -0.0025
130.0000 -0.0025
131.0000 -0.0025
132.0000 -0.0025
133.0000 -0.0026
134.0000 -0.0026
135.0000 -0.0026
136.0000 -0.0026
137.0000 -0.0027
138.0000 -0.0027
139.0000 -0.0027
140.0000 -0.0027
141.0000 -0.0027
142.0000 -0.0028
143.0000 -0.0028
144.0000 -0.0028
145.0000 -0.0028
146.0000 -0.0028
147.0000 -0.0029
148.0000 -0.0029
149.0000 -0.0029
150.0000 -0.0029
151.0000 -0.0030
152.0000 -0.0030
153.0000 -0.0030
154.0000 -0.0030
155.0000 -0.0030
156.0000 -0.0031
157.0000 -0.0031
158.0000 -0.0031
159.0000 -0.0031
160.0000 -0.0032
161.0000 -0.0032
162.0000 -0.0032
163.0000 -0.0032
164.0000 -0.0032
165.0000 -0.0033
166.0000 -0.0033
167.0000 -0.0033
168.0000 -0.0033
169.0000 -0.0034
170.0000 -0.0034
171.0000 -0.0034
172.0000 -0.0034
173.0000 -0.0034
174.0000 -0.0035
175.0000 -0.0035
176.0000 -0.0035
177.0000 -0.0035
178.0000 -0.0035
179.0000 -0.0036
180.0000 -0.0036
181.0000 -0.0036
182.0000 -0.0036
183.0000 -0.0037
184.0000 -0.0037
185.0000 -0.0037
186.0000 -0.0037
187.0000 -0.0037
188.0000 -0.0038
189.0000 -0.0038
190.0000 -0.0038
191.0000 -0.0038
192.0000 -0.0039
193.0000 -0.0039
194.0000 -0.0039
195.0000 -0.0039
196.0000 -0.0039
197.0000 -0.0040
198.0000 -0.0040
199.0000 -0.0040
200.0000 -0.0040
201.0000 -0.0041
202.0000 -0.0041
203.0000 -0.0041
204.0000 -0.0041
205.0000 -0.0041
206.0000 -0.0042
207.0000 -0.0042
208.0000 -0.0042
209.0000 -0.0042
210.0000 -0.0043
211.0000 -0.0043
212.0000 -0.0043
213.0000 -0.0043
214.0000 -0.0043
215.0000 -0.0044
216.0000 -0.0044
217.0000 -0.0044
218.0000 -0.0044
219.0000 -0.0044
220.0000 -0.0045
221.0000 -0.0045
222.0000 -0.0045
223.0000 -0.0045
224.0000 -0.0046
225.0000 -0.0046
226.0000 -0.0046
227.0000 -0.0046
228.0000 -0.0046
229.0000 -0.0047
230.0000 -0.0047
231.0000 -0.0047
232.0000 -0.0047
233.0000 -0.0048
234.0000 -0.0048
235.0000 -0.0048
236.0000 -0.0048
237.0000 -0.0048
238.0000 -0.0049
239.0000 -0.0049
240.0000 -0.0049
241.0000 -0.0049
242.0000 -0.0050
243.0000 -0.0050
244.0000 -0.0050
245.0000 -0.0050
246.0000 -0.0050
247.0000 -0.0051
248.0000 -0.0051
249.0000 -0.0051
250.0000 -0.0051
251.0000 -0.0052
252.0000 -0.0052
253.0000 -0.0052
254.0000 -0.0052
255.0000 -0.0052
256.0000 -0.0053
257.0000 -0.0053
258.0000 -0.0053
259.0000 -0.0053
260.0000 -0.0048
261.0000 -0.0052
262.0000 -0.0052
263.0000 -0.0052
264.0000 -0.0052
265.0000 -0.0052
266.0000 -0.0052
267.0000 -0.0052
268.0000 -0.0052
269.0000 -0.0052
270.0000 -0.0052
271.0000 -0.0052
272.0000 -0.0052
273.0000 -0.0052
274.0000 -0.0052
275.0000 -0.0052
276.0000 -0.0052
277.0000 -0.0052
278.0000 -0.0052
279.0000 -0.0052
280.0000 -0.0052
281.0000 -0.0052
282.0000 -0.0052
283.0000 -0.0052
284.0000 -0.0052
285.0000 -0.0052
286.0000 -0.0052
287.0000 -0.0052
288.0000 -0.0052
289.0000 -0.0052
290.0000 -0.0052
291.0000 -0.0052
292.0000 -0.0052
293.0000 -0.0052
294.0000 -0.0052
295.0000 -0.0052
296.0000 -0.0053
297.0000 -0.0053
298.0000 -0.0053
299.0000 -0.0053
300.0000 -0.0053
301.0000 -0.0053
302.0000 -0.0053
303.0000 -0.0053
304.0000 -0.0053
305.0000 -0.0053
306.0000 -0.0053
307.0000 -0.0053
308.0000 -0.0053
309.0000 -0.0053
310.0000 -0.0053
311.0000 -0.0053
312.0000 -0.0053
313.0000 -0.0053
314.0000 -0.0053
315.0000 -0.0053
316.0000 -0.0053
317.0000 -0.0053
318.0000 -0.0053
319.0000 -0.0053
320.0000 -0.0053
321.0000 -0.0053
322.0000 -0.0053
323.0000 -0.0053
324.0000 -0.0053
325.0000 -0.0053
326.0000 -0.0053
327.0000 -0.0053
328.0000 -0.0053
329.0000 -0.0053
330.0000 -0.0053
331.0000 -0.0053
332.0000 -0.0053
333.0000 -0.0053
334.0000 -0.0053
335.0000 -0.0053
336.0000 -0.0053
337.0000 -0.0053
338.0000 -0.0053
339.0000 -0.0053
340.0000 -0.0054
341.0000 -0.0054
342.0000 -0.0054
343.0000 -0.0054
344.0000 -0.0054
345.0000 -0.0054
346.0000 -0.0054
347.0000 -0.0054
348.0000 -0.0054
349.0000 -0.0054
350.0000 -0.0054
351.0000 -0.0054
352.0000 -0.0054
353.0000 -0.0054
354.0000 -0.0054
355.0000 -0.0054
356.0000 -0.0054
357.0000 -0.0054
358.0000 -0.0054
359.0000 -0.0054
360.0000 -0.0054
361.0000 -0.0054
362.0000 -0.0054
363.0000 -0.0054
364.0000 -0.0054
365.0000 -0.0054
366.0000 -0.0054
367.0000 -0.0054
368.0000 -0.0054
369.0000 -0.0054
370.0000 -0.0054
371.0000 -0.0054
372.0000 -0.0054
373.0000 -0.0054
374.0000 -0.0054
375.0000 -0.0054
376.0000 -0.0054
377.0000 -0.0054
378.0000 -0.0054
379.0000 -0.0054
380.0000 -0.0054
381.0000 -0.0054
382.0000 -0.0054
383.0000 -0.0054
384.0000 -0.0055
385.0000 -0.0055
386.0000 -0.0055
387.0000 -0.0055
388.0000 -0.0055
389.0000 -0.0055
390.0000 -0.0055
391.0000 -0.0055
392.0000 -0.0055
393.0000 -0.0055
394.0000 -0.0055
395.0000 -0.0055
396.0000 -0.0055
397.0000 -0.0055
398.0000 -0.0055
399.0000 -0.0055
400.0000 -0.0055
401.0000 -0.0055
402.0000 -0.0055
403.0000 -0.0055
404.0000 -0.0055
405.0000 -0.0055
406.0000 -0.0055
407.0000 -0.0055
408.0000 -0.0055
409.0000 -0.0055
410.0000 -0.0055
411.0000 -0.0055
412.0000 -0.0055
413.0000 -0.0055
414.0000 -0.0055
415.0000 -0.0055
416.0000 -0.0055
417.0000 -0.0055
418.0000 -0.0055
419.0000 -0.0055
420.0000 -0.0055
421.0000 -0.0055
422.0000 -0.0055
423.0000 -0.0055
424.0000 -0.0055
425.0000 -0.0055
426.0000 -0.0055
427.0000 -0.0056
428.0000 -0.0056
429.0000 -0.0056
430.0000 -0.0056
431.0000 -0.0056
432.0000 -0.0056
433.0000 -0.0056
434.0000 -0.0056
435.0000 -0.0056
436.0000 -0.0056
437.0000 -0.0056
438.0000 -0.0056
439.0000 -0.0056
440.0000 -0.0056
441.0000 -0.0056
442.0000 -0.0056
443.0000 -0.0056
444.0000 -0.0056
445.0000 -0.0056
446.0000 -0.0056
447.0000 -0.0056
448.0000 -0.0056
449.0000 -0.0056
450.0000 -0.0056
451.0000 -0.0056
452.0000 -0.0056
453.0000 -0.0056
454.0000 -0.0056
455.0000 -0.0056
456.0000 -0.0056
457.0000 -0.0056
458.0000 -0.0056
459.0000 -0.0056
460.0000 -0.0056
461.0000 -0.0056
462.0000 -0.0056
463.0000 -0.0056
464.0000 -0.0056
465.0000 -0.0056
466.0000 -0.0056
467.0000 -0.0056
468.0000 -0.0056
469.0000 -0.0056
470.0000 -0.0056
471.0000 -0.0057
472.0000 -0.0057
473.0000 -0.0057
474.0000 -0.0057
475.0000 -0.0057
476.0000 -0.0057
477.0000 -0.0057
478.0000 -0.0057
479.0000 -0.0057
480.0000 -0.0057
481.0000 -0.0057
482.0000 -0.0057
483.0000 -0.0057
484.0000 -0.0057
485.0000 -0.0057
486.0000 -0.0057
487.0000 -0.0057
488.0000 -0.0057
489.0000 -0.0057
490.0000 -0.0057
491.0000 -0.0057
492.0000 -0.0057
493.0000 -0.0057
494.0000 -0.0057
495.0000 -0.0057
496.0000 -0.0057
497.0000 -0.0057
498.0000 -0.0057
499.0000 -0.0057
500.0000 -0.0057
501.0000 -0.0057
502.0000 -0.0057
503.0000 -0.0057
504.0000 -0.0057
505.0000 -0.0057
506.0000 -0.0057
507.0000 -0.0057
508.0000 -0.0057
509.0000 -0.0057
510.0000 -0.0057
