1.0000 0.0000
2.0000 0.0000
3.0000 0.0000
4.0000 0.0000
5.0000 0.0000
6.0000 0.0000
7.0000 0.0000
8.0000 0.0000
9.0000 0.0000
10.0000 0.0000
11.0000 0.0000
12.0000 0.0000
13.0000 0.0000
14.0000 0.0000
15.0000 0.0000
16.0000 0.0000
17.0000 0.0000
18.0000 0.0000
19.0000 0.0000
20.0000 0.0000
21.0000 0.0000
22.0000 0.0000
23.0000 0.0000
24.0000 0.0000
25.0000 0.0000
26.0000 0.0000
27.0000 0.0000
28.0000 0.0000
29.0000 0.0000
30.0000 0.0000
31.0000 0.0000
32.0000 0.0000
33.0000 0.0000
34.0000 0.0000
35.0000 0.0000
36.0000 0.0000
37.0000 0.0000
38.0000 0.0000
39.0000 0.0000
40.0000 0.0000
41.0000 0.0000
42.0000 0.0000
43.0000 0.0000
44.0000 0.0000
45.0000 0.0000
46.0000 0.0000
47.0000 0.0000
48.0000 0.0000
49.0000 0.0000
50.0000 0.0000
51.0000 0.0000
52.0000 0.0000
53.0000 0.0000
54.0000 0.0000
55.0000 0.0000
56.0000 0.0000
57.0000 0.0000
58.0000 0.0000
59.0000 0.0000
60.0000 0.0000
61.0000 0.0000
62.0000 0.0000
63.0000 0.0000
64.0000 0.0000
65.0000 0.0000
66.0000 0.0000
67.0000 0.0000
68.0000 0.0000
69.0000 0.0000
70.0000 0.0000
71.0000 0.0000
72.0000 0.0000
73.0000 0.0000
74.0000 0.0000
75.0000 0.0000
76.0000 0.0000
77.0000 0.0000
78.0000 0.0000
79.0000 0.0000
80.0000 0.0000
81.0000 0.0000
82.0000 0.0000
83.0000 0.0000
84.0000 0.0000
85.0000 0.0000
86.0000 0.0000
87.0000 0.0000
88.0000 0.0000
89.0000 0.0000
90.0000 0.0000
91.0000 0.0000
92.0000 0.0000
93.0000 0.0000
94.0000 0.0000
95.0000 0.0000
96.0000 0.0000
97.0000 0.0000
98.0000 0.0000
99.0000 0.0000
100.0000 0.0000
101.0000 0.0000
102.0000 0.0000
103.0000 0.0000
104.0000 0.0000
105.0000 0.0000
106.0000 0.0000
107.0000 0.0000
108.0000 0.0000
109.0000 0.0000
110.0000 0.0000
111.0000 0.0000
112.0000 0.0000
113.0000 0.0000
114.0000 0.0000
115.0000 0.0000
116.0000 0.0000
117.0000 0.0000
118.0000 0.0000
119.0000 0.0000
120.0000 0.0000
121.0000 0.0000
122.0000 0.0000
123.0000 0.0000
124.0000 0.0000
125.0000 0.0000
126.0000 0.0000
127.0000 0.0000
128.0000 0.0000
129.0000 0.0000
130.0000 0.0000
131.0000 0.0000
132.0000 0.0000
133.0000 0.0000
134.0000 0.0000
135.0000 0.0000
136.0000 0.0000
137.0000 0.0000
138.0000 0.0000
139.0000 0.0000
140.0000 0.0000
141.0000 0.0000
142.0000 0.0000
143.0000 0.0000
144.0000 0.0000
145.0000 0.0000
146.0000 0.0000
147.0000 0.0000
148.0000 0.0000
149.0000 0.0000
150.0000 0.0000
151.0000 0.0000
152.0000 0.0000
153.0000 0.0000
154.0000 0.0000
155.0000 0.0000
156.0000 0.0000
157.0000 0.0000
158.0000 0.0000
159.0000 0.0000
160.0000 0.0000
161.0000 0.0000
162.0000 0.0000
163.0000 0.0000
164.0000 0.0000
165.0000 0.0000
166.0000 0.0000
167.0000 0.0000
168.0000 0.0000
169.0000 0.0000
170.0000 0.0000
171.0000 0.0000
172.0000 0.0000
173.0000 0.0000
174.0000 0.0000
175.0000 0.0000
176.0000 0.0000
177.0000 0.0000
178.0000 0.0000
179.0000 0.0000
180.0000 0.0000
181.0000 0.0000
182.0000 0.0000
183.0000 0.0000
184.0000 0.0000
185.0000 0.0000
186.0000 0.0000
187.0000 0.0000
188.0000 0.0000
189.0000 0.0000
190.0000 0.0000
191.0000 0.0000
192.0000 0.0000
193.0000 0.0000
194.0000 0.0000
195.0000 0.0000
196.0000 0.0000
197.0000 0.0000
198.0000 0.0000
199.0000 0.0000
200.0000 0.0000
201.0000 0.0000
202.0000 0.0000
203.0000 0.0000
204.0000 0.0000
205.0000 0.0000
206.0000 0.0000
207.0000 0.0000
208.0000 0.0000
209.0000 0.0000
210.0000 0.0000
211.0000 0.0000
212.0000 0.0000
213.0000 0.0000
214.0000 0.0000
215.0000 0.0000
216.0000 0.0000
217.0000 0.0000
218.0000 0.0000
219.0000 0.0000
220.0000 0.0000
221.0000 0.0000
222.0000 0.0000
223.0000 0.0000
224.0000 0.0000
225.0000 0.0000
226.0000 0.0000
227.0000 0.0000
228.0000 0.0000
229.0000 0.0000
230.0000 0.0000
231.0000 0.0000
232.0000 0.0000
233.0000 0.0000
234.0000 0.0000
235.0000 0.0000
236.0000 0.0000
237.0000 0.0000
238.0000 0.0000
239.0000 0.0000
240.0000 0.0000
241.0000 0.0000
242.0000 0.0000
243.0000 0.0000
244.0000 0.0000
245.0000 0.0000
246.0000 0.0000
247.0000 0.0000
248.0000 0.0000
249.0000 0.0000
250.0000 0.0000
251.0000 0.0000
252.0000 0.0000
253.0000 0.0000
254.0000 0.0000
255.0000 0.0000
256.0000 0.0000
257.0000 0.0000
258.0000 0.0000
259.0000 0.0000
260.0000 0.0000
261.0000 0.0000
262.0000 0.0000
263.0000 0.0000
264.0000 0.0000
265.0000 0.5522
266.0000 1.0798
267.0000 1.5839
268.0000 2.0656
269.0000 2.5257
270.0000 2.9654
271.0000 3.1944
272.0000 3.2447
273.0000 3.1439
274.0000 2.9163
275.0000 2.5829
276.0000 2.1620
277.0000 1.7355
278.0000 1.3649
279.0000 1.0946
280.0000 0.9559
281.0000 0.9687
282.0000 1.1448
283.0000 1.4659
284.0000 1.8950
285.0000 2.3837
286.0000 2.8790
287.0000 3.3268
288.0000 3.6757
289.0000 3.8865
290.0000 3.9375
291.0000 3.8261
292.0000 3.5687
293.0000 3.1982
294.0000 2.7616
295.0000 2.3139
296.0000 1.9112
297.0000 1.6039
298.0000 1.4308
299.0000 1.4148
300.0000 1.5600
301.0000 1.8508
302.0000 2.2543
303.0000 2.7239
304.0000 3.2051
305.0000 3.6419
306.0000 3.9835
307.0000 4.1905
308.0000 4.2394
309.0000 4.1258
310.0000 3.8644
311.0000 3.4877
312.0000 3.0419
313.0000 2.5815
314.0000 2.1626
315.0000 1.8363
316.0000 1.6428
317.0000 1.6059
318.0000 1.7311
319.0000 2.0043
320.0000 2.3934
321.0000 2.8528
322.0000 3.3282
323.0000 3.7633
324.0000 4.1068
325.0000 4.3182
326.0000 4.3727
327.0000 4.2643
328.0000 4.0066
329.0000 3.6310
330.0000 3.1828
331.0000 2.7162
332.0000 2.2874
333.0000 1.9483
334.0000 1.7398
335.0000 1.6873
336.0000 1.7974
337.0000 2.0575
338.0000 2.4367
339.0000 2.8899
340.0000 3.3633
341.0000 3.8005
342.0000 4.1495
343.0000 4.3687
344.0000 4.4322
345.0000 4.3325
346.0000 4.0819
347.0000 3.7106
348.0000 3.2631
349.0000 2.7933
350.0000 2.3575
351.0000 2.0082
352.0000 1.7873
353.0000 1.7214
354.0000 1.8186
355.0000 2.0675
356.0000 2.4384
357.0000 2.8871
358.0000 3.3600
359.0000 3.8008
360.0000 4.1567
361.0000 4.3852
362.0000 4.4592
363.0000 4.3698
364.0000 4.1278
365.0000 3.7623
366.0000 3.3171
367.0000 2.8455
368.0000 2.4042
369.0000 2.0459
370.0000 1.8137
371.0000 1.7354
372.0000 1.8205
373.0000 2.0589
374.0000 2.4222
375.0000 2.8669
376.0000 3.3399
377.0000 3.7847
378.0000 4.1480
379.0000 4.3864
380.0000 4.4715
381.0000 4.3930
382.0000 4.1605
383.0000 3.8016
384.0000 3.3595
385.0000 2.8870
386.0000 2.4408
387.0000 2.0743
388.0000 1.8314
389.0000 1.7411
390.0000 1.8145
391.0000 2.0427
392.0000 2.3984
393.0000 2.8392
394.0000 3.3124
395.0000 3.7612
396.0000 4.1321
397.0000 4.3806
398.0000 4.4770
399.0000 4.4098
400.0000 4.1871
401.0000 3.8354
402.0000 3.3968
403.0000 2.9240
404.0000 2.4734
405.0000 2.0990
406.0000 1.8457
407.0000 1.7438
408.0000 1.8054
409.0000 2.0234
410.0000 2.3716
411.0000 2.8084
412.0000 3.2814
413.0000 3.7342
414.0000 4.1126
415.0000 4.3712
416.0000 4.4791
417.0000 4.4233
418.0000 4.2106
419.0000 3.8664
420.0000 3.4319
421.0000 2.9590
422.0000 2.5044
423.0000 2.1225
424.0000 1.8590
425.0000 1.7455
426.0000 1.7955
427.0000 2.0032
428.0000 2.3437
429.0000 2.7762
430.0000 3.2490
431.0000 3.7055
432.0000 4.0912
433.0000 4.3598
434.0000 4.4791
435.0000 4.4350
436.0000 4.2326
437.0000 3.8961
438.0000 3.4659
439.0000 2.9933
440.0000 2.5350
441.0000 2.1458
442.0000 1.8724
443.0000 1.7473
444.0000 1.7857
445.0000 1.9829
446.0000 2.3155
447.0000 2.7435
448.0000 3.2158
449.0000 3.6758
450.0000 4.0686
451.0000 4.3471
452.0000 4.4779
453.0000 4.4454
454.0000 4.2534
455.0000 3.9249
456.0000 3.4993
457.0000 3.0274
458.0000 2.5657
459.0000 2.1695
460.0000 1.8861
461.0000 1.7496
462.0000 1.7763
463.0000 1.9630
464.0000 2.2874
465.0000 2.7107
466.0000 3.1822
467.0000 3.6455
468.0000 4.0451
469.0000 4.3333
470.0000 4.4755
471.0000 4.4547
472.0000 4.2734
473.0000 3.9532
474.0000 3.5324
475.0000 3.0614
476.0000 2.5966
477.0000 2.1935
478.0000 1.9005
479.0000 1.7527
480.0000 1.7676
481.0000 1.9436
482.0000 2.2597
483.0000 2.6779
484.0000 3.1483
485.0000 3.6146
486.0000 4.0209
487.0000 4.3187
488.0000 4.4723
489.0000 4.4632
490.0000 4.2926
491.0000 3.9808
492.0000 3.5652
493.0000 3.0954
494.0000 2.6278
495.0000 2.2182
496.0000 1.9157
497.0000 1.7565
498.0000 1.7597
499.0000 1.9249
500.0000 2.2323
501.0000 2.6453
502.0000 3.1143
503.0000 3.5833
504.0000 3.9961
505.0000 4.3033
506.0000 4.4681
507.0000 4.4708
508.0000 4.3111
509.0000 4.0080
510.0000 3.5978
