1.0000 0.0000
2.0000 0.0000
3.0000 0.0000
4.0000 0.0000
5.0000 0.0000
6.0000 0.0000
7.0000 0.0000
8.0000 0.0000
9.0000 0.0000
10.0000 0.0000
11.0000 0.0000
12.0000 0.0000
13.0000 0.0000
14.0000 0.0000
15.0000 0.0000
16.0000 0.0000
17.0000 0.0000
18.0000 0.0000
19.0000 0.0000
20.0000 0.0000
21.0000 0.0000
22.0000 0.0000
23.0000 0.0000
24.0000 0.0000
25.0000 0.0000
26.0000 0.0000
27.0000 0.0000
28.0000 0.0000
29.0000 0.0000
30.0000 0.0000
31.0000 0.0000
32.0000 0.0000
33.0000 0.0000
34.0000 0.0000
35.0000 0.0000
36.0000 0.0000
37.0000 0.0000
38.0000 0.0000
39.0000 0.0000
40.0000 0.0000
41.0000 0.0000
42.0000 0.0000
43.0000 0.0000
44.0000 0.0000
45.0000 0.0000
46.0000 0.0000
47.0000 0.0000
48.0000 0.0000
49.0000 0.0000
50.0000 0.0000
51.0000 0.0000
52.0000 0.0000
53.0000 0.0000
54.0000 0.0000
55.0000 0.0000
56.0000 0.0000
57.0000 0.0000
58.0000 0.0000
59.0000 0.0000
60.0000 0.0000
61.0000 0.0000
62.0000 0.0000
63.0000 0.0000
64.0000 0.0000
65.0000 0.0000
66.0000 0.0000
67.0000 0.0000
68.0000 0.0000
69.0000 0.0000
70.0000 0.0000
71.0000 0.0000
72.0000 0.0000
73.0000 0.0000
74.0000 0.0000
75.0000 0.0000
76.0000 0.0000
77.0000 0.0000
78.0000 0.0000
79.0000 0.0000
80.0000 0.0000
81.0000 0.0000
82.0000 0.0000
83.0000 0.0000
84.0000 0.0000
85.0000 0.0000
86.0000 0.0000
87.0000 0.0000
88.0000 0.0000
89.0000 0.0000
90.0000 0.0000
91.0000 0.0000
92.0000 0.0000
93.0000 0.0000
94.0000 0.0000
95.0000 0.0000
96.0000 0.0000
97.0000 0.0000
98.0000 0.0000
99.0000 0.0000
100.0000 0.0000
101.0000 0.0000
102.0000 0.0000
103.0000 0.0000
104.0000 0.0000
105.0000 0.0000
106.0000 0.0000
107.0000 0.0000
108.0000 0.0000
109.0000 0.0000
110.0000 0.0000
111.0000 0.0000
112.0000 0.0000
113.0000 0.0000
114.0000 0.0000
115.0000 0.0000
116.0000 0.0000
117.0000 0.0000
118.0000 0.0000
119.0000 0.0000
120.0000 0.0000
121.0000 0.0000
122.0000 0.0000
123.0000 0.0000
124.0000 0.0000
125.0000 0.0000
126.0000 0.0000
127.0000 0.0000
128.0000 0.0000
129.0000 0.0000
130.0000 0.0000
131.0000 0.0000
132.0000 0.0000
133.0000 0.0000
134.0000 0.0000
135.0000 0.0000
136.0000 0.0000
137.0000 0.0000
138.0000 0.0000
139.0000 0.0000
140.0000 0.0000
141.0000 0.0000
142.0000 0.0000
143.0000 0.0000
144.0000 0.0000
145.0000 0.0000
146.0000 0.0000
147.0000 0.0000
148.0000 0.0000
149.0000 0.0000
150.0000 0.0000
151.0000 0.0000
152.0000 0.0000
153.0000 0.0000
154.0000 0.0000
155.0000 0.0000
156.0000 0.0000
157.0000 0.0000
158.0000 0.0000
159.0000 0.0000
160.0000 0.0000
161.0000 0.0000
162.0000 0.0000
163.0000 0.0000
164.0000 0.0000
165.0000 0.0000
166.0000 0.0000
167.0000 0.0000
168.0000 0.0000
169.0000 0.0000
170.0000 0.0000
171.0000 0.0000
172.0000 0.0000
173.0000 0.0000
174.0000 0.0000
175.0000 0.0000
176.0000 0.0000
177.0000 0.0000
178.0000 0.0000
179.0000 0.0000
180.0000 0.0000
181.0000 0.0000
182.0000 0.0000
183.0000 0.0000
184.0000 0.0000
185.0000 0.0000
186.0000 0.0000
187.0000 0.0000
188.0000 0.0000
189.0000 0.0000
190.0000 0.0000
191.0000 0.0000
192.0000 0.0000
193.0000 0.0000
194.0000 0.0000
195.0000 0.0000
196.0000 0.0000
197.0000 0.0000
198.0000 0.0000
199.0000 0.0000
200.0000 0.0000
201.0000 0.0000
202.0000 0.0000
203.0000 0.0000
204.0000 0.0000
205.0000 0.0000
206.0000 0.0000
207.0000 0.0000
208.0000 0.0000
209.0000 0.0000
210.0000 0.0000
211.0000 0.0000
212.0000 0.0000
213.0000 0.0000
214.0000 0.0000
215.0000 0.0000
216.0000 0.0000
217.0000 0.0000
218.0000 0.0000
219.0000 0.0000
220.0000 0.0000
221.0000 0.0000
222.0000 0.0000
223.0000 0.0000
224.0000 0.0000
225.0000 0.0000
226.0000 0.0000
227.0000 0.0000
228.0000 0.0000
229.0000 0.0000
230.0000 0.0000
231.0000 0.0000
232.0000 0.0000
233.0000 0.0000
234.0000 0.0000
235.0000 0.0000
236.0000 0.0000
237.0000 0.0000
238.0000 0.0000
239.0000 0.0000
240.0000 0.0000
241.0000 0.0000
242.0000 0.0000
243.0000 0.0000
244.0000 0.0000
245.0000 0.0000
246.0000 0.0000
247.0000 0.0000
248.0000 0.0000
249.0000 0.0000
250.0000 0.0000
251.0000 0.0000
252.0000 0.0000
253.0000 0.0000
254.0000 0.0000
255.0000 0.0000
256.0000 0.0000
257.0000 0.0000
258.0000 0.0000
259.0000 0.0000
260.0000 0.0000
261.0000 0.0000
262.0000 0.0000
263.0000 0.0000
264.0000 0.0000
265.0000 0.5660
266.0000 0.8583
267.0000 1.1652
268.0000 1.4860
269.0000 1.8202
270.0000 2.1670
271.0000 2.3253
272.0000 2.5033
273.0000 2.6418
274.0000 2.7387
275.0000 2.7916
276.0000 2.7986
277.0000 2.8286
278.0000 2.8374
279.0000 2.8424
280.0000 2.8502
281.0000 2.8676
282.0000 2.9020
283.0000 2.9355
284.0000 2.9798
285.0000 3.0317
286.0000 3.0888
287.0000 3.1481
288.0000 3.2049
289.0000 3.2627
290.0000 3.3171
291.0000 3.3673
292.0000 3.4128
293.0000 3.4534
294.0000 3.4904
295.0000 3.5228
296.0000 3.5516
297.0000 3.5776
298.0000 3.6014
299.0000 3.6237
300.0000 3.6446
301.0000 3.6649
302.0000 3.6847
303.0000 3.7043
304.0000 3.7236
305.0000 3.7426
306.0000 3.7615
307.0000 3.7800
308.0000 3.7979
309.0000 3.8153
310.0000 3.8320
311.0000 3.8480
312.0000 3.8632
313.0000 3.8775
314.0000 3.8910
315.0000 3.9038
316.0000 3.9158
317.0000 3.9271
318.0000 3.9377
319.0000 3.9479
320.0000 3.9575
321.0000 3.9666
322.0000 3.9754
323.0000 3.9838
324.0000 3.9918
325.0000 3.9995
326.0000 4.0070
327.0000 4.0141
328.0000 4.0209
329.0000 4.0274
330.0000 4.0337
331.0000 4.0397
332.0000 4.0454
333.0000 4.0509
334.0000 4.0561
335.0000 4.0610
336.0000 4.0658
337.0000 4.0703
338.0000 4.0745
339.0000 4.0786
340.0000 4.0825
341.0000 4.0862
342.0000 4.0898
343.0000 4.0932
344.0000 4.0964
345.0000 4.0995
346.0000 4.1024
347.0000 4.1052
348.0000 4.1079
349.0000 4.1105
350.0000 4.1130
351.0000 4.1153
352.0000 4.1176
353.0000 4.1197
354.0000 4.1217
355.0000 4.1237
356.0000 4.1256
357.0000 4.1273
358.0000 4.1290
359.0000 4.1307
360.0000 4.1322
361.0000 4.1337
362.0000 4.1351
363.0000 4.1364
364.0000 4.1377
365.0000 4.1389
366.0000 4.1401
367.0000 4.1412
368.0000 4.1423
369.0000 4.1433
370.0000 4.1443
371.0000 4.1452
372.0000 4.1461
373.0000 4.1469
374.0000 4.1478
375.0000 4.1485
376.0000 4.1493
377.0000 4.1500
378.0000 4.1506
379.0000 4.1513
380.0000 4.1519
381.0000 4.1525
382.0000 4.1530
383.0000 4.1536
384.0000 4.1541
385.0000 4.1546
386.0000 4.1550
387.0000 4.1555
388.0000 4.1559
389.0000 4.1563
390.0000 4.1567
391.0000 4.1571
392.0000 4.1574
393.0000 4.1577
394.0000 4.1581
395.0000 4.1584
396.0000 4.1587
397.0000 4.1589
398.0000 4.1592
399.0000 4.1595
400.0000 4.1597
401.0000 4.1599
402.0000 4.1602
403.0000 4.1604
404.0000 4.1606
405.0000 4.1608
406.0000 4.1610
407.0000 4.1611
408.0000 4.1613
409.0000 4.1615
410.0000 4.1616
411.0000 4.1618
412.0000 4.1619
413.0000 4.1620
414.0000 4.1622
415.0000 4.1623
416.0000 4.1624
417.0000 4.1625
418.0000 4.1626
419.0000 4.1627
420.0000 4.1628
421.0000 4.1629
422.0000 4.1630
423.0000 4.1631
424.0000 4.1632
425.0000 4.1632
426.0000 4.1633
427.0000 4.1634
428.0000 4.1634
429.0000 4.1635
430.0000 4.1636
431.0000 4.1636
432.0000 4.1637
433.0000 4.1637
434.0000 4.1638
435.0000 4.1638
436.0000 4.1639
437.0000 4.1639
438.0000 4.1640
439.0000 4.1640
440.0000 4.1640
441.0000 4.1641
442.0000 4.1641
443.0000 4.1642
444.0000 4.1642
445.0000 4.1642
446.0000 4.1642
447.0000 4.1643
448.0000 4.1643
449.0000 4.1643
450.0000 4.1643
451.0000 4.1644
452.0000 4.1644
453.0000 4.1644
454.0000 4.1644
455.0000 4.1645
456.0000 4.1645
457.0000 4.1645
458.0000 4.1645
459.0000 4.1645
460.0000 4.1645
461.0000 4.1646
462.0000 4.1646
463.0000 4.1646
464.0000 4.1646
465.0000 4.1646
466.0000 4.1646
467.0000 4.1646
468.0000 4.1646
469.0000 4.1646
470.0000 4.1647
471.0000 4.1647
472.0000 4.1647
473.0000 4.1647
474.0000 4.1647
475.0000 4.1647
476.0000 4.1647
477.0000 4.1647
478.0000 4.1647
479.0000 4.1647
480.0000 4.1647
481.0000 4.1647
482.0000 4.1647
483.0000 4.1647
484.0000 4.1648
485.0000 4.1648
486.0000 4.1648
487.0000 4.1648
488.0000 4.1648
489.0000 4.1648
490.0000 4.1648
491.0000 4.1648
492.0000 4.1648
493.0000 4.1648
494.0000 4.1648
495.0000 4.1648
496.0000 4.1648
497.0000 4.1648
498.0000 4.1648
499.0000 4.1648
500.0000 4.1648
501.0000 4.1648
502.0000 4.1648
503.0000 4.1648
504.0000 4.1648
505.0000 4.1648
506.0000 4.1648
507.0000 4.1648
508.0000 4.1648
509.0000 4.1648
510.0000 4.1648
