1.0000 0.0000
2.0000 0.0000
3.0000 0.0000
4.0000 0.0000
5.0000 0.0000
6.0000 0.0000
7.0000 0.0000
8.0000 0.0000
9.0000 0.0000
10.0000 0.0000
11.0000 0.0000
12.0000 0.0000
13.0000 0.0000
14.0000 0.0000
15.0000 0.0000
16.0000 0.0000
17.0000 0.0000
18.0000 0.0000
19.0000 0.0000
20.0000 0.0000
21.0000 0.0000
22.0000 0.0000
23.0000 0.0000
24.0000 0.0000
25.0000 0.0000
26.0000 0.0000
27.0000 0.0000
28.0000 0.0000
29.0000 0.0000
30.0000 0.0000
31.0000 0.0000
32.0000 0.0000
33.0000 0.0000
34.0000 0.0000
35.0000 0.0000
36.0000 0.0000
37.0000 0.0000
38.0000 0.0000
39.0000 0.0000
40.0000 0.0000
41.0000 0.0000
42.0000 0.0000
43.0000 0.0000
44.0000 0.0000
45.0000 0.0000
46.0000 0.0000
47.0000 0.0000
48.0000 0.0000
49.0000 0.0000
50.0000 0.0000
51.0000 0.0000
52.0000 0.0000
53.0000 0.0000
54.0000 0.0000
55.0000 0.0000
56.0000 0.0000
57.0000 0.0000
58.0000 0.0000
59.0000 0.0000
60.0000 0.0000
61.0000 0.0000
62.0000 0.0000
63.0000 0.0000
64.0000 0.0000
65.0000 0.0000
66.0000 0.0000
67.0000 0.0000
68.0000 0.0000
69.0000 0.0000
70.0000 0.0000
71.0000 0.0000
72.0000 0.0000
73.0000 0.0000
74.0000 0.0000
75.0000 0.0000
76.0000 0.0000
77.0000 0.0000
78.0000 0.0000
79.0000 0.0000
80.0000 0.0000
81.0000 0.0000
82.0000 0.0000
83.0000 0.0000
84.0000 0.0000
85.0000 0.0000
86.0000 0.0000
87.0000 0.0000
88.0000 0.0000
89.0000 0.0000
90.0000 0.0000
91.0000 0.0000
92.0000 0.0000
93.0000 0.0000
94.0000 0.0000
95.0000 0.0000
96.0000 0.0000
97.0000 0.0000
98.0000 0.0000
99.0000 0.0000
100.0000 0.0000
101.0000 0.0000
102.0000 0.0000
103.0000 0.0000
104.0000 0.0000
105.0000 0.0000
106.0000 0.0000
107.0000 0.0000
108.0000 0.0000
109.0000 0.0000
110.0000 0.0000
111.0000 0.0000
112.0000 0.0000
113.0000 0.0000
114.0000 0.0000
115.0000 0.0000
116.0000 0.0000
117.0000 0.0000
118.0000 0.0000
119.0000 0.0000
120.0000 0.0000
121.0000 0.0000
122.0000 0.0000
123.0000 0.0000
124.0000 0.0000
125.0000 0.0000
126.0000 0.0000
127.0000 0.0000
128.0000 0.0000
129.0000 0.0000
130.0000 0.0000
131.0000 0.0000
132.0000 0.0000
133.0000 0.0000
134.0000 0.0000
135.0000 0.0000
136.0000 0.0000
137.0000 0.0000
138.0000 0.0000
139.0000 0.0000
140.0000 0.0000
141.0000 0.0000
142.0000 0.0000
143.0000 0.0000
144.0000 0.0000
145.0000 0.0000
146.0000 0.0000
147.0000 0.0000
148.0000 0.0000
149.0000 0.0000
150.0000 0.0000
151.0000 0.0000
152.0000 0.0000
153.0000 0.0000
154.0000 0.0000
155.0000 0.0000
156.0000 0.0000
157.0000 0.0000
158.0000 0.0000
159.0000 0.0000
160.0000 0.0000
161.0000 0.0000
162.0000 0.0000
163.0000 0.0000
164.0000 0.0000
165.0000 0.0000
166.0000 0.0000
167.0000 0.0000
168.0000 0.0000
169.0000 0.0000
170.0000 0.0000
171.0000 0.0000
172.0000 0.0000
173.0000 0.0000
174.0000 0.0000
175.0000 0.0000
176.0000 0.0000
177.0000 0.0000
178.0000 0.0000
179.0000 0.0000
180.0000 0.0000
181.0000 0.0000
182.0000 0.0000
183.0000 0.0000
184.0000 0.0000
185.0000 0.0000
186.0000 0.0000
187.0000 0.0000
188.0000 0.0000
189.0000 0.0000
190.0000 0.0000
191.0000 0.0000
192.0000 0.0000
193.0000 0.0000
194.0000 0.0000
195.0000 0.0000
196.0000 0.0000
197.0000 0.0000
198.0000 0.0000
199.0000 0.0000
200.0000 0.0000
201.0000 0.0000
202.0000 0.0000
203.0000 0.0000
204.0000 0.0000
205.0000 0.0000
206.0000 0.0000
207.0000 0.0000
208.0000 0.0000
209.0000 0.0000
210.0000 0.0000
211.0000 0.0000
212.0000 0.0000
213.0000 0.0000
214.0000 0.0000
215.0000 0.0000
216.0000 0.0000
217.0000 0.0000
218.0000 0.0000
219.0000 0.0000
220.0000 0.0000
221.0000 0.0000
222.0000 0.0000
223.0000 0.0000
224.0000 0.0000
225.0000 0.0000
226.0000 0.0000
227.0000 0.0000
228.0000 0.0000
229.0000 0.0000
230.0000 0.0000
231.0000 0.0000
232.0000 0.0000
233.0000 0.0000
234.0000 0.0000
235.0000 0.0000
236.0000 0.0000
237.0000 0.0000
238.0000 0.0000
239.0000 0.0000
240.0000 0.0000
241.0000 0.0000
242.0000 0.0000
243.0000 0.0000
244.0000 0.0000
245.0000 0.0000
246.0000 0.0000
247.0000 0.0000
248.0000 0.0000
249.0000 0.0000
250.0000 0.0000
251.0000 0.0000
252.0000 0.0000
253.0000 0.0000
254.0000 0.0000
255.0000 0.0000
256.0000 0.0000
257.0000 0.0000
258.0000 0.0000
259.0000 0.0000
260.0000 6.5400
261.0000 6.5400
262.0000 6.5400
263.0000 6.5400
264.0000 6.5400
265.0000 6.5400
266.0000 4.2784
267.0000 2.2825
268.0000 0.5209
269.0000 -1.0339
270.0000 -2.4062
271.0000 -3.6176
272.0000 -3.9049
273.0000 -3.4686
274.0000 -2.4747
275.0000 -1.0602
276.0000 0.6626
277.0000 2.6017
278.0000 4.4122
279.0000 5.8592
280.0000 6.7926
281.0000 7.1273
282.0000 6.8270
283.0000 5.8916
284.0000 4.4401
285.0000 2.6588
286.0000 0.7640
287.0000 -1.0240
288.0000 -2.4983
289.0000 -3.4761
290.0000 -3.8373
291.0000 -3.5403
292.0000 -2.6232
293.0000 -1.1958
294.0000 0.5736
295.0000 2.4732
296.0000 4.2745
297.0000 5.7616
298.0000 6.7569
299.0000 7.1418
300.0000 6.8698
301.0000 5.9731
302.0000 4.5589
303.0000 2.7968
304.0000 0.8975
305.0000 -0.9118
306.0000 -2.4146
307.0000 -3.4309
308.0000 -3.8390
309.0000 -3.5900
310.0000 -2.7137
311.0000 -1.3148
312.0000 0.4393
313.0000 2.3386
314.0000 4.1560
315.0000 5.6738
316.0000 6.7104
317.0000 7.1416
318.0000 6.9158
319.0000 6.0599
320.0000 4.6763
321.0000 2.9304
322.0000 1.0313
323.0000 -0.7939
324.0000 -2.3266
325.0000 -3.3835
326.0000 -3.8379
327.0000 -3.6354
328.0000 -2.8001
329.0000 -1.4320
330.0000 0.3052
331.0000 2.2038
332.0000 4.0365
333.0000 5.5839
334.0000 6.6608
335.0000 7.1383
336.0000 6.9591
337.0000 6.1446
338.0000 4.7923
339.0000 3.0638
340.0000 1.1661
341.0000 -0.6739
342.0000 -2.2357
343.0000 -3.3326
344.0000 -3.8332
345.0000 -3.6774
346.0000 -2.8839
347.0000 -1.5475
348.0000 0.1719
349.0000 2.0685
350.0000 3.9154
351.0000 5.4915
352.0000 6.6081
353.0000 7.1317
354.0000 6.9993
355.0000 6.2269
356.0000 4.9067
357.0000 3.1967
358.0000 1.3015
359.0000 -0.5521
360.0000 -2.1422
361.0000 -3.2785
362.0000 -3.8250
363.0000 -3.7161
364.0000 -2.9649
365.0000 -1.6611
366.0000 0.0392
367.0000 1.9327
368.0000 3.7927
369.0000 5.3966
370.0000 6.5524
371.0000 7.1217
372.0000 7.0364
373.0000 6.3066
374.0000 5.0194
375.0000 3.3290
376.0000 1.4375
377.0000 -0.4286
378.0000 -2.0461
379.0000 -3.2212
380.0000 -3.8134
381.0000 -3.7517
382.0000 -3.0433
383.0000 -1.7730
384.0000 -0.0927
385.0000 1.7964
386.0000 3.6684
387.0000 5.2992
388.0000 6.4935
389.0000 7.1085
390.0000 7.0703
391.0000 6.3836
392.0000 5.1303
393.0000 3.4605
394.0000 1.5740
395.0000 -0.3036
396.0000 -1.9475
397.0000 -3.1608
398.0000 -3.7985
399.0000 -3.7839
400.0000 -3.1189
401.0000 -1.8830
402.0000 -0.2239
403.0000 1.6598
404.0000 3.5426
405.0000 5.1993
406.0000 6.4316
407.0000 7.0918
408.0000 7.1009
409.0000 6.4578
410.0000 5.2393
411.0000 3.5912
412.0000 1.7107
413.0000 -0.1771
414.0000 -1.8464
415.0000 -3.0973
416.0000 -3.7801
417.0000 -3.8129
418.0000 -3.1918
419.0000 -1.9910
420.0000 -0.3542
421.0000 1.5228
422.0000 3.4154
423.0000 5.0971
424.0000 6.3665
425.0000 7.0717
426.0000 7.1283
427.0000 6.5293
428.0000 5.3464
429.0000 3.7211
430.0000 1.8478
431.0000 -0.0492
432.0000 -1.7430
433.0000 -3.0308
434.0000 -3.7584
435.0000 -3.8386
436.0000 -3.2619
437.0000 -2.0971
438.0000 -0.4835
439.0000 1.3857
440.0000 3.2869
441.0000 4.9925
442.0000 6.2984
443.0000 7.0483
444.0000 7.1523
445.0000 6.5979
446.0000 5.4514
447.0000 3.8499
448.0000 1.9850
449.0000 0.0800
450.0000 -1.6373
451.0000 -2.9612
452.0000 -3.7333
453.0000 -3.8610
454.0000 -3.3291
455.0000 -2.2010
456.0000 -0.6118
457.0000 1.2484
458.0000 3.1570
459.0000 4.8857
460.0000 6.2274
461.0000 7.0215
462.0000 7.1730
463.0000 6.6637
464.0000 5.5543
465.0000 3.9777
466.0000 2.1224
467.0000 0.2104
468.0000 -1.5293
469.0000 -2.8886
470.0000 -3.7048
471.0000 -3.8801
472.0000 -3.3934
473.0000 -2.3029
474.0000 -0.7390
475.0000 1.1110
476.0000 3.0260
477.0000 4.7766
478.0000 6.1533
479.0000 6.9914
480.0000 7.1904
481.0000 6.7265
482.0000 5.6550
483.0000 4.1043
484.0000 2.2597
485.0000 0.3421
486.0000 -1.4191
487.0000 -2.8131
488.0000 -3.6730
489.0000 -3.8957
490.0000 -3.4547
491.0000 -2.4025
492.0000 -0.8650
493.0000 0.9737
494.0000 2.8938
495.0000 4.6653
496.0000 6.0763
497.0000 6.9579
498.0000 7.2044
499.0000 6.7863
500.0000 5.7535
501.0000 4.2297
502.0000 2.3970
503.0000 0.4748
504.0000 -1.3068
505.0000 -2.7347
506.0000 -3.6378
507.0000 -3.9080
508.0000 -3.5130
509.0000 -2.4998
510.0000 -0.9898
