1.0000 0.0000
2.0000 0.0000
3.0000 0.0000
4.0000 0.0000
5.0000 0.0000
6.0000 0.0000
7.0000 0.0000
8.0000 0.0000
9.0000 0.0000
10.0000 0.0000
11.0000 0.0000
12.0000 0.0000
13.0000 0.0000
14.0000 0.3682
15.0000 0.6113
16.0000 0.5629
17.0000 0.4544
18.0000 0.4845
19.0000 0.6014
20.0000 0.6680
21.0000 0.6595
22.0000 0.6474
23.0000 0.6761
24.0000 0.7221
25.0000 0.7495
26.0000 0.7576
27.0000 0.7674
28.0000 0.7881
29.0000 0.8112
30.0000 0.8277
31.0000 0.8390
32.0000 0.8512
33.0000 0.8659
34.0000 0.8802
35.0000 0.8921
36.0000 0.9024
37.0000 0.9128
38.0000 0.9234
39.0000 0.9335
40.0000 0.9425
41.0000 0.9509
42.0000 0.9590
43.0000 0.9670
44.0000 0.9744
45.0000 0.9813
46.0000 0.9879
47.0000 0.9941
48.0000 1.0001
49.0000 1.0057
50.0000 1.0110
51.0000 1.0161
52.0000 1.0209
53.0000 1.0254
54.0000 1.0297
55.0000 1.0337
56.0000 1.0376
57.0000 1.0412
58.0000 1.0447
59.0000 1.0480
60.0000 1.0511
61.0000 1.0540
62.0000 1.0568
63.0000 1.0594
64.0000 1.0619
65.0000 1.0643
66.0000 1.0666
67.0000 1.0687
68.0000 1.0707
69.0000 1.0726
70.0000 1.0744
71.0000 1.0761
72.0000 1.0778
73.0000 1.0793
74.0000 1.0808
75.0000 1.0822
76.0000 1.0835
77.0000 1.0847
78.0000 1.0859
79.0000 1.0870
80.0000 1.0881
81.0000 1.0891
82.0000 1.0900
83.0000 1.0909
84.0000 1.0918
85.0000 1.0926
86.0000 1.0933
87.0000 1.0941
88.0000 1.0947
89.0000 1.0954
90.0000 1.0960
91.0000 1.0966
92.0000 1.0972
93.0000 1.0977
94.0000 1.0982
95.0000 1.0987
96.0000 1.0991
97.0000 1.0995
98.0000 1.0999
99.0000 1.1003
100.0000 1.1007
101.0000 1.1010
102.0000 1.1013
103.0000 1.1016
104.0000 1.1019
105.0000 1.1022
106.0000 1.1025
107.0000 1.1027
108.0000 1.1030
109.0000 1.1032
110.0000 1.1034
111.0000 1.1036
112.0000 1.1038
113.0000 1.1040
114.0000 1.1041
115.0000 1.1043
116.0000 1.1045
117.0000 1.1046
118.0000 1.1047
119.0000 1.1049
120.0000 1.1050
121.0000 1.1051
122.0000 1.1052
123.0000 1.1053
124.0000 1.1054
125.0000 1.1055
126.0000 1.1056
127.0000 1.1057
128.0000 1.1058
129.0000 1.1059
130.0000 1.1059
131.0000 1.1060
132.0000 1.1061
133.0000 1.1061
134.0000 1.1062
135.0000 1.1062
136.0000 1.1063
137.0000 1.1064
138.0000 1.1064
139.0000 1.1064
140.0000 1.1065
141.0000 1.1065
142.0000 1.1066
143.0000 1.1066
144.0000 1.1066
145.0000 1.1067
146.0000 1.1067
147.0000 1.1067
148.0000 1.1068
149.0000 1.1068
150.0000 1.1068
151.0000 1.1068
152.0000 1.1069
153.0000 1.1069
154.0000 1.1069
155.0000 1.1069
156.0000 1.1069
157.0000 1.1070
158.0000 1.1070
159.0000 1.1070
160.0000 1.1070
161.0000 1.1070
162.0000 1.1070
163.0000 1.1070
164.0000 1.1071
165.0000 1.1071
166.0000 1.1071
167.0000 1.1071
168.0000 1.1071
169.0000 1.1071
170.0000 1.1071
171.0000 1.1071
172.0000 1.1071
173.0000 1.1071
174.0000 1.1071
175.0000 1.1072
176.0000 1.1072
177.0000 1.1072
178.0000 1.1072
179.0000 1.1072
180.0000 1.1072
181.0000 1.1072
182.0000 1.1072
183.0000 1.1072
184.0000 1.1072
185.0000 1.1072
186.0000 1.1072
187.0000 1.1072
188.0000 1.1072
189.0000 1.1072
190.0000 1.1072
191.0000 1.1072
192.0000 1.1072
193.0000 1.1072
194.0000 1.1072
195.0000 1.1072
196.0000 1.1072
197.0000 1.1072
198.0000 1.1072
199.0000 1.1072
200.0000 1.1072
201.0000 1.1072
202.0000 1.1073
203.0000 1.1073
204.0000 1.1073
205.0000 1.1073
206.0000 1.1073
207.0000 1.1073
208.0000 1.1073
209.0000 1.1073
210.0000 1.1073
211.0000 1.1073
212.0000 1.1073
213.0000 1.1073
214.0000 1.1073
215.0000 1.1073
216.0000 1.1073
217.0000 1.1073
218.0000 1.1073
219.0000 1.1073
220.0000 1.1073
221.0000 1.1073
222.0000 1.1073
223.0000 1.1073
224.0000 1.1073
225.0000 1.1073
226.0000 1.1073
227.0000 1.1073
228.0000 1.1073
229.0000 1.1073
230.0000 1.1073
231.0000 1.1073
232.0000 1.1073
233.0000 1.1073
234.0000 1.1073
235.0000 1.1073
236.0000 1.1073
237.0000 1.1073
238.0000 1.1073
239.0000 1.1073
240.0000 1.1073
241.0000 1.1073
242.0000 1.1073
243.0000 1.1073
244.0000 1.1073
245.0000 1.1073
246.0000 1.1073
247.0000 1.1073
248.0000 1.1073
249.0000 1.1073
250.0000 1.1073
251.0000 1.1073
252.0000 1.1073
253.0000 1.1073
254.0000 1.1073
255.0000 1.1073
256.0000 1.1073
257.0000 1.1073
258.0000 1.1073
259.0000 1.1073
260.0000 1.1073
261.0000 1.1073
262.0000 1.1073
263.0000 1.1073
264.0000 1.1073
265.0000 1.1073
266.0000 1.1073
267.0000 1.1073
268.0000 1.1073
269.0000 1.1073
270.0000 1.1073
271.0000 1.1073
272.0000 1.1073
273.0000 1.1073
274.0000 1.1073
275.0000 1.1073
276.0000 1.1073
277.0000 1.1073
278.0000 1.1073
279.0000 1.1073
280.0000 1.1073
281.0000 1.1073
282.0000 1.1073
283.0000 1.1073
284.0000 1.1073
285.0000 1.1073
286.0000 1.1073
287.0000 1.1073
288.0000 1.1073
289.0000 1.1073
290.0000 1.1073
291.0000 1.1073
292.0000 1.1073
293.0000 1.1073
294.0000 1.1073
295.0000 1.1073
296.0000 1.1073
297.0000 1.1073
298.0000 1.1073
299.0000 1.1073
300.0000 1.1073
301.0000 1.1073
302.0000 1.1073
303.0000 1.1073
304.0000 1.1073
305.0000 1.1073
306.0000 1.1073
307.0000 1.1073
308.0000 1.1073
309.0000 1.1073
310.0000 1.1073
311.0000 1.1073
312.0000 1.1073
313.0000 1.1073
314.0000 1.1073
315.0000 1.1073
316.0000 1.1073
317.0000 1.1073
318.0000 1.1073
319.0000 1.1073
320.0000 1.1073
321.0000 1.1073
322.0000 1.1073
323.0000 1.1073
324.0000 1.1073
325.0000 1.1073
326.0000 1.1073
327.0000 1.1073
328.0000 1.1073
329.0000 1.1073
330.0000 1.1073
331.0000 1.1073
332.0000 1.1073
333.0000 1.1073
334.0000 1.1073
335.0000 1.1073
336.0000 1.1073
337.0000 1.1073
338.0000 1.1073
339.0000 1.1073
340.0000 1.1073
341.0000 1.1073
342.0000 1.1073
343.0000 1.1073
344.0000 1.1073
345.0000 1.1073
346.0000 1.1073
347.0000 1.1073
348.0000 1.1073
349.0000 1.1073
350.0000 1.1073
351.0000 1.1073
352.0000 1.1073
353.0000 1.1073
354.0000 1.1073
355.0000 1.1073
356.0000 1.1073
357.0000 1.1073
358.0000 1.1073
359.0000 1.1073
360.0000 1.1073
361.0000 1.1073
362.0000 1.1073
363.0000 1.1073
364.0000 1.1073
365.0000 1.1073
366.0000 1.1073
367.0000 1.1073
368.0000 1.1073
369.0000 1.1073
370.0000 1.1073
371.0000 1.1073
372.0000 1.1073
373.0000 1.1073
374.0000 1.1073
375.0000 1.1073
376.0000 1.1073
377.0000 1.1073
378.0000 1.1073
379.0000 1.1073
380.0000 1.1073
381.0000 1.1073
382.0000 1.1073
383.0000 1.1073
384.0000 1.1073
385.0000 1.1073
386.0000 1.1073
387.0000 1.1073
388.0000 1.1073
389.0000 1.1073
390.0000 1.1073
391.0000 1.1073
392.0000 1.1073
393.0000 1.1073
394.0000 1.1073
395.0000 1.1073
396.0000 1.1073
397.0000 1.1073
398.0000 1.1073
399.0000 1.1073
400.0000 1.1073
401.0000 1.1073
402.0000 1.1073
403.0000 1.1073
404.0000 1.1073
405.0000 1.1073
406.0000 1.1073
407.0000 1.1073
408.0000 1.1073
409.0000 1.1073
410.0000 1.1073
411.0000 1.1073
412.0000 1.1073
413.0000 1.1073
414.0000 1.1073
415.0000 1.1073
416.0000 1.1073
417.0000 1.1073
418.0000 1.1073
419.0000 1.1073
420.0000 1.1073
421.0000 1.1073
422.0000 1.1073
423.0000 1.1073
424.0000 1.1073
425.0000 1.1073
426.0000 1.1073
427.0000 1.1073
428.0000 1.1073
429.0000 1.1073
430.0000 1.1073
431.0000 1.1073
432.0000 1.1073
433.0000 1.1073
434.0000 1.1073
435.0000 1.1073
436.0000 1.1073
437.0000 1.1073
438.0000 1.1073
439.0000 1.1073
440.0000 1.1073
441.0000 1.1073
442.0000 1.1073
443.0000 1.1073
444.0000 1.1073
445.0000 1.1073
446.0000 1.1073
447.0000 1.1073
448.0000 1.1073
449.0000 1.1073
450.0000 1.1073
451.0000 1.1073
452.0000 1.1073
453.0000 1.1073
454.0000 1.1073
455.0000 1.1073
456.0000 1.1073
457.0000 1.1073
458.0000 1.1073
459.0000 1.1073
460.0000 1.1073
461.0000 1.1073
462.0000 1.1073
463.0000 1.1073
464.0000 1.1073
465.0000 1.1073
466.0000 1.1073
467.0000 1.1073
468.0000 1.1073
469.0000 1.1073
470.0000 1.1073
471.0000 1.1073
472.0000 1.1073
473.0000 1.1073
474.0000 1.1073
475.0000 1.1073
476.0000 1.1073
477.0000 1.1073
478.0000 1.1073
479.0000 1.1073
480.0000 1.1073
481.0000 1.1073
482.0000 1.1073
483.0000 1.1073
484.0000 1.1073
485.0000 1.1073
486.0000 1.1073
487.0000 1.1073
488.0000 1.1073
489.0000 1.1073
490.0000 1.1073
491.0000 1.1073
492.0000 1.1073
493.0000 1.1073
494.0000 1.1073
495.0000 1.1073
496.0000 1.1073
497.0000 1.1073
498.0000 1.1073
499.0000 1.1073
500.0000 1.1073
501.0000 1.1073
502.0000 1.1073
503.0000 1.1073
504.0000 1.1073
505.0000 1.1073
506.0000 1.1073
507.0000 1.1073
508.0000 1.1073
509.0000 1.1073
510.0000 1.1073
