1.0000 0.0000
2.0000 0.0000
3.0000 0.0000
4.0000 0.0000
5.0000 0.0000
6.0000 0.0000
7.0000 0.0000
8.0000 0.0000
9.0000 0.0000
10.0000 0.0000
11.0000 0.0000
12.0000 0.0000
13.0000 0.0000
14.0000 0.3239
15.0000 0.5694
16.0000 0.5924
17.0000 0.5257
18.0000 0.5139
19.0000 0.5705
20.0000 0.4850
21.0000 0.3566
22.0000 0.2731
23.0000 0.3072
24.0000 0.4058
25.0000 0.4631
26.0000 0.5193
27.0000 0.5926
28.0000 0.7048
29.0000 0.7848
30.0000 0.7992
31.0000 0.7948
32.0000 0.8054
33.0000 0.8469
34.0000 0.8810
35.0000 0.9136
36.0000 0.9712
37.0000 1.0638
38.0000 1.1767
39.0000 1.2774
40.0000 1.3702
41.0000 1.4659
42.0000 1.5692
43.0000 1.6703
44.0000 1.7621
45.0000 1.8595
46.0000 1.9742
47.0000 2.1094
48.0000 2.2565
49.0000 2.4128
50.0000 2.5841
51.0000 2.7717
52.0000 2.9718
53.0000 3.1773
54.0000 3.3899
55.0000 3.6153
56.0000 3.8569
57.0000 4.1147
58.0000 4.3887
59.0000 4.6832
60.0000 5.0022
61.0000 5.3468
62.0000 5.7155
63.0000 6.1078
64.0000 6.5262
65.0000 6.9728
66.0000 7.4486
67.0000 7.9544
68.0000 8.4929
69.0000 9.0683
70.0000 9.6842
71.0000 10.3429
72.0000 11.0469
73.0000 11.7996
74.0000 12.6047
75.0000 13.4651
76.0000 14.3838
77.0000 15.3640
78.0000 16.4103
79.0000 17.5275
80.0000 18.7205
81.0000 19.9944
82.0000 21.3550
83.0000 22.8087
84.0000 24.3621
85.0000 26.0216
86.0000 27.7943
87.0000 29.6878
88.0000 31.7103
89.0000 33.8704
90.0000 36.1773
91.0000 38.6410
92.0000 41.2722
93.0000 44.0826
94.0000 47.0846
95.0000 50.2910
96.0000 53.7159
97.0000 57.3743
98.0000 61.2820
99.0000 65.4559
100.0000 69.9140
101.0000 74.6757
102.0000 79.7615
103.0000 85.1937
104.0000 90.9957
105.0000 97.1928
106.0000 103.8119
107.0000 110.8819
108.0000 118.4335
109.0000 126.4994
110.0000 135.1147
111.0000 144.3168
112.0000 154.1456
113.0000 164.6438
114.0000 175.8569
115.0000 187.8336
116.0000 200.6260
117.0000 214.2896
118.0000 228.8837
119.0000 244.4718
120.0000 261.1215
121.0000 278.9052
122.0000 297.9001
123.0000 318.1886
124.0000 339.8589
125.0000 363.0050
126.0000 387.7275
127.0000 414.1337
128.0000 442.3383
129.0000 472.4637
130.0000 504.6408
131.0000 539.0094
132.0000 575.7186
133.0000 614.9280
134.0000 656.8077
135.0000 701.5396
136.0000 749.3180
137.0000 800.3503
138.0000 854.8582
139.0000 913.0784
140.0000 975.2636
141.0000 1041.6839
142.0000 1112.6278
143.0000 1188.4034
144.0000 1269.3396
145.0000 1355.7880
146.0000 1448.1240
147.0000 1546.7486
148.0000 1652.0899
149.0000 1764.6056
150.0000 1884.7841
151.0000 2013.1474
152.0000 2150.2529
153.0000 2296.6959
154.0000 2453.1124
155.0000 2620.1817
156.0000 2798.6293
157.0000 2989.2300
158.0000 3192.8116
159.0000 3410.2581
160.0000 3642.5139
161.0000 3890.5874
162.0000 4155.5560
163.0000 4438.5702
164.0000 4740.8592
165.0000 5063.7356
166.0000 5408.6014
167.0000 5776.9544
168.0000 6170.3940
169.0000 6590.6289
170.0000 7039.4839
171.0000 7518.9082
172.0000 8030.9836
173.0000 8577.9340
174.0000 9162.1345
175.0000 9786.1219
176.0000 10452.6061
177.0000 11164.4811
178.0000 11924.8385
179.0000 12736.9800
180.0000 13604.4324
181.0000 14530.9627
182.0000 15520.5943
183.0000 16577.6249
184.0000 17706.6445
185.0000 18912.5561
186.0000 20200.5963
187.0000 21576.3585
188.0000 23045.8171
189.0000 24615.3532
190.0000 26291.7826
191.0000 28082.3852
192.0000 29994.9369
193.0000 32037.7430
194.0000 34219.6745
195.0000 36550.2065
196.0000 39039.4594
197.0000 41698.2430
198.0000 44538.1031
199.0000 47571.3720
200.0000 50811.2217
201.0000 54271.7215
202.0000 57967.8988
203.0000 61915.8043
204.0000 66132.5821
205.0000 70636.5436
206.0000 75447.2476
207.0000 80585.5847
208.0000 86073.8684
209.0000 91935.9319
210.0000 98197.2313
211.0000 104884.9568
212.0000 112028.1500
213.0000 119657.8306
214.0000 127807.1308
215.0000 136511.4394
216.0000 145808.5551
217.0000 155738.8512
218.0000 166345.4505
219.0000 177674.4125
220.0000 189774.9338
221.0000 202699.5615
222.0000 216504.4214
223.0000 231249.4616
224.0000 246998.7133
225.0000 263820.5682
226.0000 281788.0761
227.0000 300979.2617
228.0000 321477.4636
229.0000 343371.6961
230.0000 366757.0360
231.0000 391735.0352
232.0000 418414.1618
233.0000 446910.2711
234.0000 477347.1088
235.0000 509856.8483
236.0000 544580.6646
237.0000 581669.3475
238.0000 621283.9562
239.0000 663596.5192
240.0000 708790.7805
241.0000 757062.9983
242.0000 808622.7970
243.0000 863694.0775
244.0000 922515.9891
245.0000 985343.9688
246.0000 1052450.8501
247.0000 1124128.0475
248.0000 1200686.8227
249.0000 1282459.6356
250.0000 1369801.5884
251.0000 1463091.9677
252.0000 1562735.8910
253.0000 1669166.0668
254.0000 1782844.6730
255.0000 1904265.3642
256.0000 2033955.4153
257.0000 2172478.0112
258.0000 2320434.6929
259.0000 2478467.9688
260.0000 2647264.1059
261.0000 2827556.1091
262.0000 3020126.9047
263.0000 3225812.7402
264.0000 3445506.8158
265.0000 3680163.1633
266.0000 3930801.2466
267.0000 4198508.7000
268.0000 4484448.3680
269.0000 4789861.7194
270.0000 5116075.2278
271.0000 5464505.6141
272.0000 5836665.7061
273.0000 6234171.8339
274.0000 6658750.0641
275.0000 7112244.3919
276.0000 7596624.0464
277.0000 8113992.3667
278.0000 8666596.0855
279.0000 9256834.8445
280.0000 9887271.8909
281.0000 10560644.8066
282.0000 11279877.7483
283.0000 12048094.0324
284.0000 12868629.7007
285.0000 13745048.0280
286.0000 14681154.8436
287.0000 15681015.2623
288.0000 16748971.2168
289.0000 17889660.3776
290.0000 19108036.2322
291.0000 20409389.5904
292.0000 21799371.6461
293.0000 23284018.4511
294.0000 24869777.1726
295.0000 26563534.0303
296.0000 28372644.2360
297.0000 30304963.9474
298.0000 32368884.3586
299.0000 34573368.1523
300.0000 36927988.3887
301.0000 39442970.1118
302.0000 42129234.7451
303.0000 44998447.5157
304.0000 48063068.1109
305.0000 51336404.7760
306.0000 54832672.1272
307.0000 58567052.8684
308.0000 62555763.7245
309.0000 66816125.8573
310.0000 71366640.0835
311.0000 76227067.2237
312.0000 81418513.9078
313.0000 86963524.2328
314.0000 92886177.6579
315.0000 99212193.5749
316.0000 105969042.9986
317.0000 113186067.8579
318.0000 120894608.4153
319.0000 129128139.3612
320.0000 137922415.1828
321.0000 147315625.4290
322.0000 157348560.5485
323.0000 168064789.0240
324.0000 179510846.5698
325.0000 191736438.2170
326.0000 204794654.1596
327.0000 218742200.3002
328.0000 233639644.4985
329.0000 249551679.5897
330.0000 266547404.3181
331.0000 284700623.3999
332.0000 304090168.0241
333.0000 324800238.1796
334.0000 346920768.2986
335.0000 370547817.8006
336.0000 395783988.2349
337.0000 422738868.8317
338.0000 451529512.3990
339.0000 482280943.6300
340.0000 515126702.0286
341.0000 550209421.8107
342.0000 587681451.2998
343.0000 627705514.5067
344.0000 670455417.7662
345.0000 716116804.4990
346.0000 764887961.3767
347.0000 816980679.3903
348.0000 872621173.5630
349.0000 932051065.2990
350.0000 995528431.6358
351.0000 1063328925.9549
352.0000 1135746975.0202
353.0000 1213097057.5393
354.0000 1295715069.8019
355.0000 1383959784.3249
356.0000 1478214407.8383
357.0000 1578888245.3785
358.0000 1686418477.7138
359.0000 1801272059.8222
360.0000 1923947748.6648
361.0000 2054978269.0607
362.0000 2194932627.0692
363.0000 2344418580.9248
364.0000 2504085280.2551
365.0000 2674626085.0430
366.0000 2856781576.5744
367.0000 3051342773.4463
368.0000 3259154566.6018
369.0000 3481119388.3073
370.0000 3718201131.0067
371.0000 3971429333.0680
372.0000 4241903649.6017
373.0000 4530798627.7632
374.0000 4839368807.2778
375.0000 5168954168.3376
376.0000 5520985950.5264
377.0000 5896992868.0443
378.0000 6298607748.2183
379.0000 6727574622.1312
380.0000 7185756298.1557
381.0000 7675142451.2864
382.0000 8197858263.3941
383.0000 8756173651.9262
384.0000 9352513127.1276
385.0000 9989466320.5878
386.0000 10669799230.8351
387.0000 11396466234.8125
388.0000 12172622917.3955
389.0000 13001639774.6640
390.0000 13887116850.4372
391.0000 14832899369.6291
392.0000 15843094436.3142
393.0000 16922088869.0162
394.0000 18074568250.6691
395.0000 19305537275.9762
396.0000 20620341484.5271
397.0000 22024690474.0495
398.0000 23524682694.5993
399.0000 25126831931.3607
400.0000 26838095591.0577
401.0000 28665904914.8127
402.0000 30618197248.6529
403.0000 32703450511.8003
404.0000 34930720012.4256
405.0000 37309677770.7403
406.0000 39850654520.1893
407.0000 42564684569.1357
408.0000 45463553717.8524
409.0000 48559850438.9016
410.0000 51867020543.1554
411.0000 55399425568.8482
412.0000 59172405147.2165
413.0000 63202343615.5529
414.0000 67506741166.9441
415.0000 72104289845.6641
416.0000 77014954718.2355
417.0000 82260060572.6495
418.0000 87862384522.2375
419.0000 93846254916.3335
420.0000 100237656987.2495
421.0000 107064345692.3413
422.0000 114355966241.1875
423.0000 122144182831.2744
424.0000 130462816151.2302
425.0000 139347990248.7195
426.0000 148838289400.7823
427.0000 158974925667.8298
428.0000 169801917858.9127
429.0000 181366282685.4226
430.0000 193718238933.3235
431.0000 206911425540.5384
432.0000 221003134526.5035
433.0000 236054559785.3973
434.0000 252131062823.4386
435.0000 269302456594.2334
436.0000 287643308664.7354
437.0000 307233265028.3337
438.0000 328157395971.2419
439.0000 350506565494.1262
440.0000 374377825893.2067
441.0000 399874839214.3160
442.0000 427108327410.0992
443.0000 456196553155.1839
444.0000 487265833407.2825
445.0000 520451087944.3889
446.0000 555896425260.1174
447.0000 593755768361.4627
448.0000 634193523186.5335
449.0000 677385292544.8993
450.0000 723518638680.8640
451.0000 772793897771.1360
452.0000 825425049893.8857
453.0000 881640648247.0740
454.0000 941684811651.2224
455.0000 1005818284646.6160
456.0000 1074319569788.4572
457.0000 1147486137057.0166
458.0000 1225635715634.7002
459.0000 1309107673659.6321
460.0000 1398264491947.3977
461.0000 1493493338080.6523
462.0000 1595207747702.1477
463.0000 1703849420312.2764
464.0000 1819890137369.4600
465.0000 1943833811022.8228
466.0000 2076218672373.8701
467.0000 2217619608769.7910
468.0000 2368650660278.1973
469.0000 2529967686184.3486
470.0000 2702271213090.2549
471.0000 2886309476983.6528
472.0000 3082881672487.1855
473.0000 3292841423397.7964
474.0000 3517100489587.3154
475.0000 3756632726361.6226
476.0000 4012478313472.0894
477.0000 4285748272143.9766
478.0000 4577629289737.1836
479.0000 4889388872990.6758
480.0000 5222380852228.7715
481.0000 5578051260431.5703
482.0000 5957944612699.6562
483.0000 6363710613381.9385
484.0000 6797111319992.6328
485.0000 7260028795027.0342
486.0000 7754473278904.4346
487.0000 8282591919529.5713
488.0000 8846678096381.1250
489.0000 9449181379617.5508
490.0000 10092718167448.1130
491.0000 10780083047962.4100
492.0000 11514260934757.6450
493.0000 12298440029063.1560
494.0000 13136025664650.8460
495.0000 14030655095653.6450
496.0000 14986213291508.8300
497.0000 16006849807616.4280
498.0000 17096996804974.3180
499.0000 18261388297041.1560
500.0000 19505080707407.4770
501.0000 20833474827547.6090
502.0000 22252339270004.9840
503.0000 23767835518857.3280
504.0000 25386544686244.5590
505.0000 27115496091150.8280
506.0000 28962197784545.4370
507.0000 30934669153439.3520
508.0000 33041475745442.0040
509.0000 35291766465045.6250
510.0000 37695313303163.6560
