1.0000 0.0000
2.0000 0.0000
3.0000 0.0000
4.0000 0.0000
5.0000 0.0000
6.0000 0.0000
7.0000 0.0000
8.0000 0.0000
9.0000 0.0000
10.0000 0.0000
11.0000 0.0000
12.0000 0.5126
13.0000 0.9818
14.0000 1.1509
15.0000 1.0690
16.0000 0.9118
17.0000 0.8137
18.0000 0.8074
19.0000 0.8545
20.0000 0.9031
21.0000 0.9259
22.0000 0.9244
23.0000 0.9138
24.0000 0.9072
25.0000 0.9087
26.0000 0.9156
27.0000 0.9231
28.0000 0.9283
29.0000 0.9311
30.0000 0.9327
31.0000 0.9345
32.0000 0.9369
33.0000 0.9397
34.0000 0.9426
35.0000 0.9451
36.0000 0.9474
37.0000 0.9495
38.0000 0.9514
39.0000 0.9534
40.0000 0.9553
41.0000 0.9572
42.0000 0.9590
43.0000 0.9607
44.0000 0.9623
45.0000 0.9638
46.0000 0.9653
47.0000 0.9667
48.0000 0.9681
49.0000 0.9694
50.0000 0.9707
51.0000 0.9719
52.0000 0.9730
53.0000 0.9741
54.0000 0.9752
55.0000 0.9762
56.0000 0.9772
57.0000 0.9781
58.0000 0.9790
59.0000 0.9799
60.0000 0.9807
61.0000 0.9815
62.0000 0.9823
63.0000 0.9830
64.0000 0.9837
65.0000 0.9844
66.0000 0.9850
67.0000 0.9856
68.0000 0.9862
69.0000 0.9868
70.0000 0.9873
71.0000 0.9879
72.0000 0.9884
73.0000 0.9888
74.0000 0.9893
75.0000 0.9897
76.0000 0.9902
77.0000 0.9906
78.0000 0.9909
79.0000 0.9913
80.0000 0.9917
81.0000 0.9920
82.0000 0.9923
83.0000 0.9927
84.0000 0.9930
85.0000 0.9932
86.0000 0.9935
87.0000 0.9938
88.0000 0.9940
89.0000 0.9943
90.0000 0.9945
91.0000 0.9947
92.0000 0.9950
93.0000 0.9952
94.0000 0.9954
95.0000 0.9956
96.0000 0.9957
97.0000 0.9959
98.0000 0.9961
99.0000 0.9962
100.0000 0.9964
101.0000 0.9965
102.0000 0.9967
103.0000 0.9968
104.0000 0.9970
105.0000 0.9971
106.0000 0.9972
107.0000 0.9973
108.0000 0.9974
109.0000 0.9975
110.0000 0.9976
111.0000 0.9977
112.0000 0.9978
113.0000 0.9979
114.0000 0.9980
115.0000 0.9981
116.0000 0.9982
117.0000 0.9982
118.0000 0.9983
119.0000 0.9984
120.0000 0.9984
121.0000 0.9985
122.0000 0.9986
123.0000 0.9986
124.0000 0.9987
125.0000 0.9987
126.0000 0.9988
127.0000 0.9988
128.0000 0.9989
129.0000 0.9989
130.0000 0.9990
131.0000 0.9990
132.0000 0.9991
133.0000 0.9991
134.0000 0.9991
135.0000 0.9992
136.0000 0.9992
137.0000 0.9992
138.0000 0.9993
139.0000 0.9993
140.0000 0.9993
141.0000 0.9994
142.0000 0.9994
143.0000 0.9994
144.0000 0.9994
145.0000 0.9995
146.0000 0.9995
147.0000 0.9995
148.0000 0.9995
149.0000 0.9995
150.0000 0.9996
151.0000 0.9996
152.0000 0.9996
153.0000 0.9996
154.0000 0.9996
155.0000 0.9996
156.0000 0.9997
157.0000 0.9997
158.0000 0.9997
159.0000 0.9997
160.0000 0.9997
161.0000 0.9997
162.0000 0.9997
163.0000 0.9997
164.0000 0.9998
165.0000 0.9998
166.0000 0.9998
167.0000 0.9998
168.0000 0.9998
169.0000 0.9998
170.0000 0.9998
171.0000 0.9998
172.0000 0.9998
173.0000 0.9998
174.0000 0.9998
175.0000 0.9998
176.0000 0.9999
177.0000 0.9999
178.0000 0.9999
179.0000 0.9999
180.0000 0.9999
181.0000 0.9999
182.0000 0.9999
183.0000 0.9999
184.0000 0.9999
185.0000 0.9999
186.0000 0.9999
187.0000 0.9999
188.0000 0.9999
189.0000 0.9999
190.0000 0.9999
191.0000 0.9999
192.0000 0.9999
193.0000 0.9999
194.0000 0.9999
195.0000 0.9999
196.0000 0.9999
197.0000 0.9999
198.0000 0.9999
199.0000 0.9999
200.0000 0.9999
201.0000 0.9999
202.0000 0.9999
203.0000 1.0000
204.0000 1.0000
205.0000 1.0000
206.0000 1.0000
207.0000 1.0000
208.0000 1.0000
209.0000 1.0000
210.0000 1.0000
211.0000 1.0000
212.0000 1.0000
213.0000 1.0000
214.0000 1.0000
215.0000 1.0000
216.0000 1.0000
217.0000 1.0000
218.0000 1.0000
219.0000 1.0000
220.0000 1.0000
221.0000 1.0000
222.0000 1.0000
223.0000 1.0000
224.0000 1.0000
225.0000 1.0000
226.0000 1.0000
227.0000 1.0000
228.0000 1.0000
229.0000 1.0000
230.0000 1.0000
231.0000 1.0000
232.0000 1.0000
233.0000 1.0000
234.0000 1.0000
235.0000 1.0000
236.0000 1.0000
237.0000 1.0000
238.0000 1.0000
239.0000 1.0000
240.0000 1.0000
241.0000 1.0000
242.0000 1.0000
243.0000 1.0000
244.0000 1.0000
245.0000 1.0000
246.0000 1.0000
247.0000 1.0000
248.0000 1.0000
249.0000 1.0000
250.0000 1.0000
251.0000 1.0000
252.0000 1.0000
253.0000 1.0000
254.0000 1.0000
255.0000 1.0000
256.0000 1.0000
257.0000 1.0000
258.0000 1.0000
259.0000 1.0000
260.0000 1.0000
261.0000 1.0000
262.0000 1.0000
263.0000 1.0000
264.0000 1.0000
265.0000 1.0000
266.0000 1.0000
267.0000 1.0000
268.0000 1.0000
269.0000 1.0000
270.0000 1.0000
271.0000 1.0000
272.0000 1.0000
273.0000 1.0000
274.0000 1.0000
275.0000 1.0000
276.0000 1.0000
277.0000 1.0000
278.0000 1.0000
279.0000 1.0000
280.0000 1.0000
281.0000 1.0000
282.0000 1.0000
283.0000 1.0000
284.0000 1.0000
285.0000 1.0000
286.0000 1.0000
287.0000 1.0000
288.0000 1.0000
289.0000 1.0000
290.0000 1.0000
291.0000 1.0000
292.0000 1.0000
293.0000 1.0000
294.0000 1.0000
295.0000 1.0000
296.0000 1.0000
297.0000 1.0000
298.0000 1.0000
299.0000 1.0000
300.0000 1.0000
301.0000 1.0000
302.0000 1.0000
303.0000 1.0000
304.0000 1.0000
305.0000 1.0000
306.0000 1.0000
307.0000 1.0000
308.0000 1.0000
309.0000 1.0000
310.0000 1.0000
311.0000 1.0000
312.0000 1.0000
313.0000 1.0000
314.0000 1.0000
315.0000 1.0000
316.0000 1.0000
317.0000 1.0000
318.0000 1.0000
319.0000 1.0000
320.0000 1.0000
321.0000 1.0000
322.0000 1.0000
323.0000 1.0000
324.0000 1.0000
325.0000 1.0000
326.0000 1.0000
327.0000 1.0000
328.0000 1.0000
329.0000 1.0000
330.0000 1.0000
331.0000 1.0000
332.0000 1.0000
333.0000 1.0000
334.0000 1.0000
335.0000 1.0000
336.0000 1.0000
337.0000 1.0000
338.0000 1.0000
339.0000 1.0000
340.0000 1.0000
341.0000 1.0000
342.0000 1.0000
343.0000 1.0000
344.0000 1.0000
345.0000 1.0000
346.0000 1.0000
347.0000 1.0000
348.0000 1.0000
349.0000 1.0000
350.0000 1.0000
351.0000 1.0000
352.0000 1.0000
353.0000 1.0000
354.0000 1.0000
355.0000 1.0000
356.0000 1.0000
357.0000 1.0000
358.0000 1.0000
359.0000 1.0000
360.0000 1.0000
361.0000 1.0000
362.0000 1.0000
363.0000 1.0000
364.0000 1.0000
365.0000 1.0000
366.0000 1.0000
367.0000 1.0000
368.0000 1.0000
369.0000 1.0000
370.0000 1.0000
371.0000 1.0000
372.0000 1.0000
373.0000 1.0000
374.0000 1.0000
375.0000 1.0000
376.0000 1.0000
377.0000 1.0000
378.0000 1.0000
379.0000 1.0000
380.0000 1.0000
381.0000 1.0000
382.0000 1.0000
383.0000 1.0000
384.0000 1.0000
385.0000 1.0000
386.0000 1.0000
387.0000 1.0000
388.0000 1.0000
389.0000 1.0000
390.0000 1.0000
391.0000 1.0000
392.0000 1.0000
393.0000 1.0000
394.0000 1.0000
395.0000 1.0000
396.0000 1.0000
397.0000 1.0000
398.0000 1.0000
399.0000 1.0000
400.0000 1.0000
401.0000 1.0000
402.0000 1.0000
403.0000 1.0000
404.0000 1.0000
405.0000 1.0000
406.0000 1.0000
407.0000 1.0000
408.0000 1.0000
409.0000 1.0000
410.0000 1.0000
411.0000 1.0000
412.0000 1.0000
413.0000 1.0000
414.0000 1.0000
415.0000 1.0000
416.0000 1.0000
417.0000 1.0000
418.0000 1.0000
419.0000 1.0000
420.0000 1.0000
421.0000 1.0000
422.0000 1.0000
423.0000 1.0000
424.0000 1.0000
425.0000 1.0000
426.0000 1.0000
427.0000 1.0000
428.0000 1.0000
429.0000 1.0000
430.0000 1.0000
431.0000 1.0000
432.0000 1.0000
433.0000 1.0000
434.0000 1.0000
435.0000 1.0000
436.0000 1.0000
437.0000 1.0000
438.0000 1.0000
439.0000 1.0000
440.0000 1.0000
441.0000 1.0000
442.0000 1.0000
443.0000 1.0000
444.0000 1.0000
445.0000 1.0000
446.0000 1.0000
447.0000 1.0000
448.0000 1.0000
449.0000 1.0000
450.0000 1.0000
451.0000 1.0000
452.0000 1.0000
453.0000 1.0000
454.0000 1.0000
455.0000 1.0000
456.0000 1.0000
457.0000 1.0000
458.0000 1.0000
459.0000 1.0000
460.0000 1.0000
461.0000 1.0000
462.0000 1.0000
463.0000 1.0000
464.0000 1.0000
465.0000 1.0000
466.0000 1.0000
467.0000 1.0000
468.0000 1.0000
469.0000 1.0000
470.0000 1.0000
471.0000 1.0000
472.0000 1.0000
473.0000 1.0000
474.0000 1.0000
475.0000 1.0000
476.0000 1.0000
477.0000 1.0000
478.0000 1.0000
479.0000 1.0000
480.0000 1.0000
481.0000 1.0000
482.0000 1.0000
483.0000 1.0000
484.0000 1.0000
485.0000 1.0000
486.0000 1.0000
487.0000 1.0000
488.0000 1.0000
489.0000 1.0000
490.0000 1.0000
491.0000 1.0000
492.0000 1.0000
493.0000 1.0000
494.0000 1.0000
495.0000 1.0000
496.0000 1.0000
497.0000 1.0000
498.0000 1.0000
499.0000 1.0000
500.0000 1.0000
501.0000 1.0000
502.0000 1.0000
503.0000 1.0000
504.0000 1.0000
505.0000 1.0000
506.0000 1.0000
507.0000 1.0000
508.0000 1.0000
509.0000 1.0000
510.0000 1.0000
