1.0000 0.0000
2.0000 0.0000
3.0000 0.0000
4.0000 0.0000
5.0000 0.0000
6.0000 0.0000
7.0000 0.0000
8.0000 0.0000
9.0000 0.0000
10.0000 -0.0234
11.0000 -0.0238
12.0000 -0.0183
13.0000 -0.0136
14.0000 -0.0114
15.0000 -0.0118
16.0000 -0.0122
17.0000 -0.0140
18.0000 -0.0152
19.0000 -0.0164
20.0000 -0.0178
21.0000 -0.0188
22.0000 -0.0196
23.0000 -0.0209
24.0000 -0.0221
25.0000 -0.0233
26.0000 -0.0240
27.0000 -0.0250
28.0000 -0.0256
29.0000 -0.0267
30.0000 -0.0280
31.0000 -0.0285
32.0000 -0.0296
33.0000 -0.0300
34.0000 -0.0311
35.0000 -0.0321
36.0000 -0.0326
37.0000 -0.0332
38.0000 -0.0341
39.0000 -0.0349
40.0000 -0.0353
41.0000 -0.0361
42.0000 -0.0371
43.0000 -0.0376
44.0000 -0.0379
45.0000 -0.0387
46.0000 -0.0391
47.0000 -0.0399
48.0000 -0.0404
49.0000 -0.0413
50.0000 -0.0413
51.0000 -0.0419
52.0000 -0.0428
53.0000 -0.0429
54.0000 -0.0435
55.0000 -0.0439
56.0000 -0.0443
57.0000 -0.0451
58.0000 -0.0451
59.0000 -0.0457
60.0000 -0.0461
61.0000 -0.0464
62.0000 -0.0466
63.0000 -0.0475
64.0000 -0.0475
65.0000 -0.0481
66.0000 -0.0480
67.0000 -0.0485
68.0000 -0.0489
69.0000 -0.0493
70.0000 -0.0495
71.0000 -0.0498
72.0000 -0.0501
73.0000 -0.0503
74.0000 -0.0505
75.0000 -0.0512
76.0000 -0.0511
77.0000 -0.0512
78.0000 -0.0518
79.0000 -0.0517
80.0000 -0.0523
81.0000 -0.0522
82.0000 -0.0527
83.0000 -0.0525
84.0000 -0.0530
85.0000 -0.0533
86.0000 -0.0530
87.0000 -0.0535
88.0000 -0.0538
89.0000 -0.0541
90.0000 -0.0537
91.0000 -0.0542
92.0000 -0.0545
93.0000 -0.0547
94.0000 -0.0543
95.0000 -0.0547
96.0000 -0.0549
97.0000 -0.0551
98.0000 -0.0552
99.0000 -0.0554
100.0000 -0.0556
101.0000 -0.0557
102.0000 -0.0553
103.0000 -0.0557
104.0000 -0.0559
105.0000 -0.0560
106.0000 -0.0562
107.0000 -0.0562
108.0000 -0.0563
109.0000 -0.0564
110.0000 0.4551
111.0000 0.5067
112.0000 0.4276
113.0000 0.3537
114.0000 0.3136
115.0000 0.2980
116.0000 0.2941
117.0000 0.2928
118.0000 0.2906
119.0000 0.2881
120.0000 0.2855
121.0000 0.2838
122.0000 0.2830
123.0000 0.2824
124.0000 0.2824
125.0000 0.2828
126.0000 0.2834
127.0000 0.2837
128.0000 0.2844
129.0000 0.2848
130.0000 0.2850
131.0000 0.2857
132.0000 0.2859
133.0000 0.2864
134.0000 0.2866
135.0000 0.2869
136.0000 0.2875
137.0000 0.2879
138.0000 0.2881
139.0000 0.2884
140.0000 0.2888
141.0000 0.2890
142.0000 0.2894
143.0000 0.2899
144.0000 0.2904
145.0000 0.2907
146.0000 0.2910
147.0000 0.2912
148.0000 0.2917
149.0000 0.2918
150.0000 0.2925
151.0000 0.2928
152.0000 0.2929
153.0000 0.2935
154.0000 0.2937
155.0000 0.2941
156.0000 0.2944
157.0000 0.2946
158.0000 0.2951
159.0000 0.2953
160.0000 0.2957
161.0000 0.2961
162.0000 0.2964
163.0000 0.2965
164.0000 0.2970
165.0000 0.2971
166.0000 0.2976
167.0000 0.2977
168.0000 0.2981
169.0000 0.2984
170.0000 0.2987
171.0000 0.2988
172.0000 0.2991
173.0000 0.2995
174.0000 0.2998
175.0000 0.2998
176.0000 0.3003
177.0000 0.3005
178.0000 0.3006
179.0000 0.3010
180.0000 0.3011
181.0000 0.3015
182.0000 0.3016
183.0000 0.3021
184.0000 0.3020
185.0000 0.3022
186.0000 0.3026
187.0000 0.3027
188.0000 0.3027
189.0000 0.3030
190.0000 0.3034
191.0000 0.3035
192.0000 0.3036
193.0000 0.3038
194.0000 0.3043
195.0000 0.3043
196.0000 0.3044
197.0000 0.3046
198.0000 0.3047
199.0000 0.3048
200.0000 0.3051
201.0000 0.3053
202.0000 0.3056
203.0000 0.3056
204.0000 0.3057
205.0000 0.3059
206.0000 0.3060
207.0000 0.3062
208.0000 0.3063
209.0000 0.3064
210.0000 0.2353
211.0000 0.1561
212.0000 0.0941
213.0000 0.0559
214.0000 0.0376
215.0000 0.0328
216.0000 0.0355
217.0000 0.0416
218.0000 0.0481
219.0000 0.0542
220.0000 0.0593
221.0000 0.0632
222.0000 0.0660
223.0000 0.0680
224.0000 0.0696
225.0000 0.0710
226.0000 0.0721
227.0000 0.0730
228.0000 0.0737
229.0000 0.0745
230.0000 0.0755
231.0000 0.0765
232.0000 0.0775
233.0000 0.0784
234.0000 0.0793
235.0000 0.0803
236.0000 0.0812
237.0000 0.0820
238.0000 0.0828
239.0000 0.0836
240.0000 0.0843
241.0000 0.0850
242.0000 0.0858
243.0000 0.0866
244.0000 0.0873
245.0000 0.0878
246.0000 0.0883
247.0000 0.0889
248.0000 0.0895
249.0000 0.0901
250.0000 0.0906
251.0000 0.0910
252.0000 0.0915
253.0000 0.0920
254.0000 0.0925
255.0000 0.0929
256.0000 0.0932
257.0000 0.0936
258.0000 0.0940
259.0000 0.0943
260.0000 0.0947
261.0000 0.0950
262.0000 0.0952
263.0000 0.0956
264.0000 0.0959
265.0000 0.0962
266.0000 0.0964
267.0000 0.0965
268.0000 0.0968
269.0000 0.0971
270.0000 0.0974
271.0000 0.0976
272.0000 0.0977
273.0000 0.0978
274.0000 0.0979
275.0000 0.0982
276.0000 0.0984
277.0000 0.0984
278.0000 0.0986
279.0000 0.0987
280.0000 0.0989
281.0000 0.0990
282.0000 0.0991
283.0000 0.0992
284.0000 0.0992
285.0000 0.0994
286.0000 0.0994
287.0000 0.0994
288.0000 0.0996
289.0000 0.0999
290.0000 0.0999
291.0000 0.0998
292.0000 0.0999
293.0000 0.1000
294.0000 0.1000
295.0000 0.1000
296.0000 0.1000
297.0000 0.1001
298.0000 0.1001
299.0000 0.1003
300.0000 0.1004
301.0000 0.1005
302.0000 0.1005
303.0000 0.1003
304.0000 0.1003
305.0000 0.1003
306.0000 0.1004
307.0000 0.1004
308.0000 0.1004
309.0000 0.1004
310.0000 0.1473
311.0000 0.1481
312.0000 0.1371
313.0000 0.1276
314.0000 0.1233
315.0000 0.1242
316.0000 0.1251
317.0000 0.1287
318.0000 0.1307
319.0000 0.1331
320.0000 0.1359
321.0000 0.1379
322.0000 0.1396
323.0000 0.1422
324.0000 0.1446
325.0000 0.1470
326.0000 0.1484
327.0000 0.1503
328.0000 0.1516
329.0000 0.1537
330.0000 0.1564
331.0000 0.1574
332.0000 0.1595
333.0000 0.1602
334.0000 0.1625
335.0000 0.1645
336.0000 0.1654
337.0000 0.1667
338.0000 0.1683
339.0000 0.1700
340.0000 0.1708
341.0000 0.1724
342.0000 0.1744
343.0000 0.1754
344.0000 0.1760
345.0000 0.1774
346.0000 0.1782
347.0000 0.1798
348.0000 0.1809
349.0000 0.1825
350.0000 0.1825
351.0000 0.1837
352.0000 0.1856
353.0000 0.1856
354.0000 0.1869
355.0000 0.1877
356.0000 0.1884
357.0000 0.1900
358.0000 0.1900
359.0000 0.1912
360.0000 0.1920
361.0000 0.1925
362.0000 0.1930
363.0000 0.1946
364.0000 0.1946
365.0000 0.1959
366.0000 0.1956
367.0000 0.1967
368.0000 0.1975
369.0000 0.1982
370.0000 0.1987
371.0000 0.1992
372.0000 0.1997
373.0000 0.2001
374.0000 0.2005
375.0000 0.2018
376.0000 0.2016
377.0000 0.2018
378.0000 0.2030
379.0000 0.2029
380.0000 0.2040
381.0000 0.2037
382.0000 0.2047
383.0000 0.2043
384.0000 0.2053
385.0000 0.2059
386.0000 0.2053
387.0000 0.2062
388.0000 0.2068
389.0000 0.2073
390.0000 0.2067
391.0000 0.2076
392.0000 0.2081
393.0000 0.2086
394.0000 0.2078
395.0000 0.2085
396.0000 0.2089
397.0000 0.2092
398.0000 0.2095
399.0000 0.2098
400.0000 0.2102
401.0000 0.2104
402.0000 0.2096
403.0000 0.2102
404.0000 0.2107
405.0000 0.2109
406.0000 0.2111
407.0000 0.2112
408.0000 0.2113
409.0000 0.2115
410.0000 -0.8114
411.0000 -0.9147
412.0000 -0.7566
413.0000 -0.6088
414.0000 -0.5286
415.0000 -0.4975
416.0000 -0.4897
417.0000 -0.4871
418.0000 -0.4827
419.0000 -0.4777
420.0000 -0.4727
421.0000 -0.4693
422.0000 -0.4677
423.0000 -0.4665
424.0000 -0.4664
425.0000 -0.4674
426.0000 -0.4685
427.0000 -0.4691
428.0000 -0.4705
429.0000 -0.4714
430.0000 -0.4718
431.0000 -0.4732
432.0000 -0.4736
433.0000 -0.4747
434.0000 -0.4750
435.0000 -0.4757
436.0000 -0.4769
437.0000 -0.4777
438.0000 -0.4782
439.0000 -0.4788
440.0000 -0.4796
441.0000 -0.4801
442.0000 -0.4809
443.0000 -0.4818
444.0000 -0.4828
445.0000 -0.4834
446.0000 -0.4840
447.0000 -0.4845
448.0000 -0.4855
449.0000 -0.4857
450.0000 -0.4872
451.0000 -0.4877
452.0000 -0.4878
453.0000 -0.4891
454.0000 -0.4895
455.0000 -0.4903
456.0000 -0.4909
457.0000 -0.4914
458.0000 -0.4924
459.0000 -0.4928
460.0000 -0.4936
461.0000 -0.4943
462.0000 -0.4949
463.0000 -0.4951
464.0000 -0.4962
465.0000 -0.4965
466.0000 -0.4974
467.0000 -0.4976
468.0000 -0.4984
469.0000 -0.4990
470.0000 -0.4996
471.0000 -0.4998
472.0000 -0.5005
473.0000 -0.5012
474.0000 -0.5019
475.0000 -0.5018
476.0000 -0.5028
477.0000 -0.5032
478.0000 -0.5034
479.0000 -0.5043
480.0000 -0.5044
481.0000 -0.5053
482.0000 -0.5054
483.0000 -0.5064
484.0000 -0.5062
485.0000 -0.5067
486.0000 -0.5075
487.0000 -0.5076
488.0000 -0.5078
489.0000 -0.5083
490.0000 -0.5091
491.0000 -0.5093
492.0000 -0.5095
493.0000 -0.5098
494.0000 -0.5109
495.0000 -0.5109
496.0000 -0.5111
497.0000 -0.5114
498.0000 -0.5116
499.0000 -0.5119
500.0000 -0.5125
501.0000 -0.5130
502.0000 -0.5136
503.0000 -0.5134
504.0000 -0.5137
505.0000 -0.5141
506.0000 -0.5144
507.0000 -0.5147
508.0000 -0.5149
509.0000 -0.5151
510.0000 -0.3729
511.0000 -0.2144
512.0000 -0.0905
513.0000 -0.0141
514.0000 0.0225
515.0000 0.0320
516.0000 0.0267
517.0000 0.0145
518.0000 0.0014
519.0000 -0.0108
520.0000 -0.0209
521.0000 -0.0287
522.0000 -0.0343
523.0000 -0.0383
524.0000 -0.0415
525.0000 -0.0443
526.0000 -0.0466
527.0000 -0.0483
528.0000 -0.0498
529.0000 -0.0514
530.0000 -0.0533
531.0000 -0.0553
532.0000 -0.0574
533.0000 -0.0591
534.0000 -0.0609
535.0000 -0.0629
536.0000 -0.0648
537.0000 -0.0663
538.0000 -0.0679
539.0000 -0.0695
540.0000 -0.0710
541.0000 -0.0723
542.0000 -0.0739
543.0000 -0.0755
544.0000 -0.0769
545.0000 -0.0780
546.0000 -0.0790
547.0000 -0.0801
548.0000 -0.0813
549.0000 -0.0826
550.0000 -0.0836
551.0000 -0.0844
552.0000 -0.0854
553.0000 -0.0864
554.0000 -0.0873
555.0000 -0.0881
556.0000 -0.0887
557.0000 -0.0896
558.0000 -0.0903
559.0000 -0.0909
560.0000 -0.0918
561.0000 -0.0924
562.0000 -0.0928
563.0000 -0.0935
564.0000 -0.0942
565.0000 -0.0947
566.0000 -0.0952
567.0000 -0.0954
568.0000 -0.0959
569.0000 -0.0965
570.0000 -0.0971
571.0000 -0.0974
572.0000 -0.0978
573.0000 -0.0980
574.0000 -0.0982
575.0000 -0.0987
576.0000 -0.0991
577.0000 -0.0992
578.0000 -0.0995
579.0000 -0.0998
580.0000 -0.1001
581.0000 -0.1004
582.0000 -0.1006
583.0000 -0.1008
584.0000 -0.1008
585.0000 -0.1011
586.0000 -0.1012
587.0000 -0.1012
588.0000 -0.1016
589.0000 -0.1021
590.0000 -0.1021
591.0000 -0.1020
592.0000 -0.1021
593.0000 -0.1024
594.0000 -0.1024
595.0000 -0.1023
596.0000 -0.1023
597.0000 -0.1025
598.0000 -0.1026
599.0000 -0.1029
600.0000 -0.1031
601.0000 -0.1034
602.0000 -0.1033
603.0000 -0.1030
604.0000 -0.1028
605.0000 -0.1029
606.0000 -0.1031
607.0000 -0.1032
608.0000 -0.1032
609.0000 -0.1032
610.0000 -0.1735
611.0000 -0.1747
612.0000 -0.1582
613.0000 -0.1440
614.0000 -0.1375
615.0000 -0.1390
616.0000 -0.1403
617.0000 -0.1456
618.0000 -0.1486
619.0000 -0.1522
620.0000 -0.1564
621.0000 -0.1594
622.0000 -0.1619
623.0000 -0.1659
624.0000 -0.1695
625.0000 -0.1730
626.0000 -0.1751
627.0000 -0.1780
628.0000 -0.1799
629.0000 -0.1831
630.0000 -0.1871
631.0000 -0.1885
632.0000 -0.1918
633.0000 -0.1929
634.0000 -0.1963
635.0000 -0.1992
636.0000 -0.2005
637.0000 -0.2024
638.0000 -0.2048
639.0000 -0.2074
640.0000 -0.2087
641.0000 -0.2111
642.0000 -0.2141
643.0000 -0.2155
644.0000 -0.2164
645.0000 -0.2185
646.0000 -0.2197
647.0000 -0.2221
648.0000 -0.2236
649.0000 -0.2261
650.0000 -0.2262
651.0000 -0.2278
652.0000 -0.2307
653.0000 -0.2307
654.0000 -0.2326
655.0000 -0.2339
656.0000 -0.2349
657.0000 -0.2372
658.0000 -0.2372
659.0000 -0.2390
660.0000 -0.2402
661.0000 -0.2410
662.0000 -0.2417
663.0000 -0.2441
664.0000 -0.2441
665.0000 -0.2460
666.0000 -0.2456
667.0000 -0.2472
668.0000 -0.2485
669.0000 -0.2494
670.0000 -0.2501
671.0000 -0.2509
672.0000 -0.2517
673.0000 -0.2523
674.0000 -0.2528
675.0000 -0.2548
676.0000 -0.2545
677.0000 -0.2547
678.0000 -0.2566
679.0000 -0.2564
680.0000 -0.2580
681.0000 -0.2575
682.0000 -0.2590
683.0000 -0.2585
684.0000 -0.2600
685.0000 -0.2608
686.0000 -0.2600
687.0000 -0.2613
688.0000 -0.2622
689.0000 -0.2629
690.0000 -0.2619
691.0000 -0.2633
692.0000 -0.2641
693.0000 -0.2648
694.0000 -0.2636
695.0000 -0.2646
696.0000 -0.2653
697.0000 -0.2657
698.0000 -0.2661
699.0000 -0.2666
700.0000 -0.2671
701.0000 -0.2674
702.0000 -0.2661
703.0000 -0.2671
704.0000 -0.2678
705.0000 -0.2682
706.0000 -0.2684
707.0000 -0.2685
708.0000 -0.2687
709.0000 -0.2689
710.0000 1.2655
711.0000 1.4204
712.0000 1.1832
713.0000 0.9616
714.0000 0.8413
715.0000 0.7947
716.0000 0.7830
717.0000 0.7790
718.0000 0.7725
719.0000 0.7650
720.0000 0.7575
721.0000 0.7525
722.0000 0.7501
723.0000 0.7483
724.0000 0.7482
725.0000 0.7496
726.0000 0.7513
727.0000 0.7522
728.0000 0.7543
729.0000 0.7556
730.0000 0.7563
731.0000 0.7584
732.0000 0.7590
733.0000 0.7607
734.0000 0.7612
735.0000 0.7622
736.0000 0.7639
737.0000 0.7651
738.0000 0.7659
739.0000 0.7668
740.0000 0.7681
741.0000 0.7688
742.0000 0.7700
743.0000 0.7714
744.0000 0.7729
745.0000 0.7737
746.0000 0.7747
747.0000 0.7755
748.0000 0.7769
749.0000 0.7773
750.0000 0.7795
751.0000 0.7802
752.0000 0.7805
753.0000 0.7824
754.0000 0.7830
755.0000 0.7842
756.0000 0.7851
757.0000 0.7858
758.0000 0.7873
759.0000 0.7880
760.0000 0.7892
761.0000 0.7903
762.0000 0.7912
763.0000 0.7915
764.0000 0.7930
765.0000 0.7935
766.0000 0.7948
767.0000 0.7952
768.0000 0.7963
769.0000 0.7973
770.0000 0.7981
771.0000 0.7985
772.0000 0.7996
773.0000 0.8006
774.0000 0.8017
775.0000 0.8015
776.0000 0.8030
777.0000 0.8036
778.0000 0.8040
779.0000 0.8052
780.0000 0.8054
781.0000 0.8067
782.0000 0.8069
783.0000 0.8084
784.0000 0.8081
785.0000 0.8088
786.0000 0.8100
787.0000 0.8102
788.0000 0.8105
789.0000 0.8113
790.0000 0.8124
791.0000 0.8127
792.0000 0.8131
793.0000 0.8135
794.0000 0.8151
795.0000 0.8152
796.0000 0.8154
797.0000 0.8160
798.0000 0.8163
799.0000 0.8166
800.0000 0.8175
801.0000 0.8183
802.0000 0.8192
803.0000 0.8190
804.0000 0.8194
805.0000 0.8200
806.0000 0.8205
807.0000 0.8209
808.0000 0.8211
809.0000 0.8214
810.0000 0.6082
811.0000 0.3705
812.0000 0.1846
813.0000 0.0700
814.0000 0.0151
815.0000 0.0008
816.0000 0.0087
817.0000 0.0271
818.0000 0.0467
819.0000 0.0650
820.0000 0.0802
821.0000 0.0918
822.0000 0.1003
823.0000 0.1063
824.0000 0.1111
825.0000 0.1152
826.0000 0.1187
827.0000 0.1213
828.0000 0.1235
829.0000 0.1259
830.0000 0.1288
831.0000 0.1318
832.0000 0.1349
833.0000 0.1375
834.0000 0.1401
835.0000 0.1431
836.0000 0.1460
837.0000 0.1483
838.0000 0.1507
839.0000 0.1531
840.0000 0.1553
841.0000 0.1572
842.0000 0.1597
843.0000 0.1621
844.0000 0.1642
845.0000 0.1658
846.0000 0.1674
847.0000 0.1690
848.0000 0.1707
849.0000 0.1727
850.0000 0.1743
851.0000 0.1755
852.0000 0.1770
853.0000 0.1784
854.0000 0.1797
855.0000 0.1809
856.0000 0.1819
857.0000 0.1832
858.0000 0.1842
859.0000 0.1852
860.0000 0.1865
861.0000 0.1874
862.0000 0.1880
863.0000 0.1891
864.0000 0.1901
865.0000 0.1910
866.0000 0.1916
867.0000 0.1919
868.0000 0.1927
869.0000 0.1935
870.0000 0.1944
871.0000 0.1950
872.0000 0.1955
873.0000 0.1959
874.0000 0.1962
875.0000 0.1968
876.0000 0.1975
877.0000 0.1976
878.0000 0.1980
879.0000 0.1985
880.0000 0.1990
881.0000 0.1994
882.0000 0.1998
883.0000 0.2000
884.0000 0.2001
885.0000 0.2005
886.0000 0.2006
887.0000 0.2007
888.0000 0.2012
889.0000 0.2020
890.0000 0.2020
891.0000 0.2019
892.0000 0.2020
893.0000 0.2024
894.0000 0.2024
895.0000 0.2023
896.0000 0.2023
897.0000 0.2025
898.0000 0.2028
899.0000 0.2031
900.0000 0.2035
901.0000 0.2039
902.0000 0.2037
903.0000 0.2033
904.0000 0.2031
905.0000 0.2031
906.0000 0.2035
907.0000 0.2037
908.0000 0.2037
909.0000 0.2036
910.0000 0.2036
