1.0000 0.0000
2.0000 0.0000
3.0000 0.0000
4.0000 0.0000
5.0000 0.0000
6.0000 0.0000
7.0000 0.0000
8.0000 0.0000
9.0000 0.0000
10.0000 -0.1599
11.0000 -0.1636
12.0000 -0.1258
13.0000 -0.0915
14.0000 -0.0723
15.0000 -0.0663
16.0000 -0.0593
17.0000 -0.0606
18.0000 -0.0569
19.0000 -0.0540
20.0000 -0.0522
21.0000 -0.0487
22.0000 -0.0451
23.0000 -0.0441
24.0000 -0.0420
25.0000 -0.0410
26.0000 -0.0373
27.0000 -0.0351
28.0000 -0.0318
29.0000 -0.0306
30.0000 -0.0305
31.0000 -0.0262
32.0000 -0.0254
33.0000 -0.0214
34.0000 -0.0209
35.0000 -0.0201
36.0000 -0.0163
37.0000 -0.0139
38.0000 -0.0124
39.0000 -0.0119
40.0000 -0.0082
41.0000 -0.0068
42.0000 -0.0063
43.0000 -0.0042
44.0000 -0.0008
45.0000 0.0002
46.0000 0.0028
47.0000 0.0038
48.0000 0.0056
49.0000 0.0061
50.0000 0.0100
51.0000 0.0112
52.0000 0.0110
53.0000 0.0146
54.0000 0.0153
55.0000 0.0169
56.0000 0.0193
57.0000 0.0191
58.0000 0.0227
59.0000 0.0232
60.0000 0.0243
61.0000 0.0260
62.0000 0.0281
63.0000 0.0275
64.0000 0.0309
65.0000 0.0306
66.0000 0.0344
67.0000 0.0342
68.0000 0.0351
69.0000 0.0359
70.0000 0.0374
71.0000 0.0391
72.0000 0.0404
73.0000 0.0420
74.0000 0.0432
75.0000 0.0420
76.0000 0.0446
77.0000 0.0471
78.0000 0.0455
79.0000 0.0486
80.0000 0.0478
81.0000 0.0509
82.0000 0.0499
83.0000 0.0528
84.0000 0.0521
85.0000 0.0522
86.0000 0.0561
87.0000 0.0554
88.0000 0.0550
89.0000 0.0561
90.0000 0.0594
91.0000 0.0586
92.0000 0.0582
93.0000 0.0592
94.0000 0.0625
95.0000 0.0619
96.0000 0.0622
97.0000 0.0625
98.0000 0.0636
99.0000 0.0640
100.0000 0.0644
101.0000 0.0644
102.0000 0.0680
103.0000 0.0669
104.0000 0.0675
105.0000 0.0679
106.0000 0.0686
107.0000 0.0688
108.0000 0.0697
109.0000 0.0700
110.0000 2.5199
111.0000 2.2609
112.0000 1.4305
113.0000 0.8302
114.0000 0.5634
115.0000 0.5096
116.0000 0.5461
117.0000 0.5970
118.0000 0.6344
119.0000 0.6567
120.0000 0.6682
121.0000 0.6753
122.0000 0.6801
123.0000 0.6830
124.0000 0.6864
125.0000 0.6899
126.0000 0.6935
127.0000 0.6964
128.0000 0.7008
129.0000 0.7037
130.0000 0.7060
131.0000 0.7107
132.0000 0.7132
133.0000 0.7172
134.0000 0.7188
135.0000 0.7216
136.0000 0.7251
137.0000 0.7282
138.0000 0.7297
139.0000 0.7321
140.0000 0.7348
141.0000 0.7362
142.0000 0.7385
143.0000 0.7404
144.0000 0.7428
145.0000 0.7439
146.0000 0.7455
147.0000 0.7470
148.0000 0.7490
149.0000 0.7496
150.0000 0.7527
151.0000 0.7528
152.0000 0.7532
153.0000 0.7560
154.0000 0.7559
155.0000 0.7575
156.0000 0.7581
157.0000 0.7583
158.0000 0.7605
159.0000 0.7606
160.0000 0.7615
161.0000 0.7628
162.0000 0.7631
163.0000 0.7626
164.0000 0.7641
165.0000 0.7644
166.0000 0.7657
167.0000 0.7652
168.0000 0.7661
169.0000 0.7665
170.0000 0.7670
171.0000 0.7668
172.0000 0.7675
173.0000 0.7682
174.0000 0.7680
175.0000 0.7668
176.0000 0.7684
177.0000 0.7689
178.0000 0.7682
179.0000 0.7698
180.0000 0.7682
181.0000 0.7696
182.0000 0.7688
183.0000 0.7698
184.0000 0.7686
185.0000 0.7688
186.0000 0.7697
187.0000 0.7691
188.0000 0.7686
189.0000 0.7689
190.0000 0.7701
191.0000 0.7690
192.0000 0.7687
193.0000 0.7683
194.0000 0.7702
195.0000 0.7687
196.0000 0.7686
197.0000 0.7679
198.0000 0.7683
199.0000 0.7674
200.0000 0.7684
201.0000 0.7680
202.0000 0.7692
203.0000 0.7671
204.0000 0.7670
205.0000 0.7673
206.0000 0.7670
207.0000 0.7664
208.0000 0.7667
209.0000 0.7661
210.0000 1.2991
211.0000 1.4229
212.0000 1.3833
213.0000 1.3008
214.0000 1.2196
215.0000 1.1508
216.0000 1.0926
217.0000 1.0460
218.0000 1.0065
219.0000 0.9743
220.0000 0.9485
221.0000 0.9275
222.0000 0.9098
223.0000 0.8953
224.0000 0.8829
225.0000 0.8719
226.0000 0.8617
227.0000 0.8514
228.0000 0.8407
229.0000 0.8305
230.0000 0.8216
231.0000 0.8129
232.0000 0.8044
233.0000 0.7956
234.0000 0.7869
235.0000 0.7797
236.0000 0.7722
237.0000 0.7644
238.0000 0.7567
239.0000 0.7502
240.0000 0.7434
241.0000 0.7363
242.0000 0.7304
243.0000 0.7249
244.0000 0.7190
245.0000 0.7127
246.0000 0.7066
247.0000 0.7009
248.0000 0.6956
249.0000 0.6909
250.0000 0.6859
251.0000 0.6804
252.0000 0.6761
253.0000 0.6717
254.0000 0.6669
255.0000 0.6628
256.0000 0.6579
257.0000 0.6539
258.0000 0.6499
259.0000 0.6456
260.0000 0.6421
261.0000 0.6389
262.0000 0.6347
263.0000 0.6316
264.0000 0.6283
265.0000 0.6253
266.0000 0.6217
267.0000 0.6178
268.0000 0.6152
269.0000 0.6128
270.0000 0.6105
271.0000 0.6077
272.0000 0.6048
273.0000 0.6018
274.0000 0.5987
275.0000 0.5968
276.0000 0.5950
277.0000 0.5922
278.0000 0.5900
279.0000 0.5881
280.0000 0.5859
281.0000 0.5840
282.0000 0.5821
283.0000 0.5798
284.0000 0.5780
285.0000 0.5768
286.0000 0.5745
287.0000 0.5726
288.0000 0.5716
289.0000 0.5708
290.0000 0.5688
291.0000 0.5665
292.0000 0.5655
293.0000 0.5644
294.0000 0.5630
295.0000 0.5611
296.0000 0.5600
297.0000 0.5588
298.0000 0.5580
299.0000 0.5569
300.0000 0.5564
301.0000 0.5555
302.0000 0.5544
303.0000 0.5525
304.0000 0.5511
305.0000 0.5504
306.0000 0.5496
307.0000 0.5490
308.0000 0.5485
309.0000 0.5474
310.0000 0.8666
311.0000 0.8734
312.0000 0.7970
313.0000 0.7275
314.0000 0.6887
315.0000 0.6762
316.0000 0.6621
317.0000 0.6638
318.0000 0.6548
319.0000 0.6483
320.0000 0.6443
321.0000 0.6371
322.0000 0.6298
323.0000 0.6273
324.0000 0.6225
325.0000 0.6201
326.0000 0.6124
327.0000 0.6076
328.0000 0.6004
329.0000 0.5977
330.0000 0.5971
331.0000 0.5884
332.0000 0.5864
333.0000 0.5779
334.0000 0.5765
335.0000 0.5746
336.0000 0.5669
337.0000 0.5618
338.0000 0.5584
339.0000 0.5571
340.0000 0.5495
341.0000 0.5464
342.0000 0.5455
343.0000 0.5409
344.0000 0.5339
345.0000 0.5318
346.0000 0.5264
347.0000 0.5241
348.0000 0.5206
349.0000 0.5192
350.0000 0.5112
351.0000 0.5086
352.0000 0.5091
353.0000 0.5015
354.0000 0.4999
355.0000 0.4965
356.0000 0.4917
357.0000 0.4921
358.0000 0.4850
359.0000 0.4837
360.0000 0.4813
361.0000 0.4780
362.0000 0.4736
363.0000 0.4746
364.0000 0.4679
365.0000 0.4684
366.0000 0.4605
367.0000 0.4611
368.0000 0.4593
369.0000 0.4575
370.0000 0.4544
371.0000 0.4510
372.0000 0.4484
373.0000 0.4450
374.0000 0.4426
375.0000 0.4450
376.0000 0.4399
377.0000 0.4349
378.0000 0.4381
379.0000 0.4316
380.0000 0.4330
381.0000 0.4269
382.0000 0.4289
383.0000 0.4233
384.0000 0.4247
385.0000 0.4246
386.0000 0.4166
387.0000 0.4180
388.0000 0.4185
389.0000 0.4162
390.0000 0.4097
391.0000 0.4115
392.0000 0.4124
393.0000 0.4104
394.0000 0.4038
395.0000 0.4050
396.0000 0.4043
397.0000 0.4037
398.0000 0.4014
399.0000 0.4007
400.0000 0.4000
401.0000 0.3998
402.0000 0.3925
403.0000 0.3948
404.0000 0.3940
405.0000 0.3934
406.0000 0.3920
407.0000 0.3917
408.0000 0.3898
409.0000 0.3891
410.0000 -4.5109
411.0000 -3.9927
412.0000 -2.3318
413.0000 -1.1311
414.0000 -0.5974
415.0000 -0.4898
416.0000 -0.5627
417.0000 -0.6645
418.0000 -0.7394
419.0000 -0.7840
420.0000 -0.8069
421.0000 -0.8211
422.0000 -0.8306
423.0000 -0.8365
424.0000 -0.8433
425.0000 -0.8502
426.0000 -0.8574
427.0000 -0.8632
428.0000 -0.8719
429.0000 -0.8777
430.0000 -0.8823
431.0000 -0.8918
432.0000 -0.8968
433.0000 -0.9047
434.0000 -0.9079
435.0000 -0.9136
436.0000 -0.9205
437.0000 -0.9266
438.0000 -0.9296
439.0000 -0.9345
440.0000 -0.9399
441.0000 -0.9426
442.0000 -0.9471
443.0000 -0.9510
444.0000 -0.9558
445.0000 -0.9581
446.0000 -0.9611
447.0000 -0.9643
448.0000 -0.9682
449.0000 -0.9694
450.0000 -0.9756
451.0000 -0.9758
452.0000 -0.9765
453.0000 -0.9821
454.0000 -0.9820
455.0000 -0.9852
456.0000 -0.9863
457.0000 -0.9867
458.0000 -0.9911
459.0000 -0.9914
460.0000 -0.9931
461.0000 -0.9957
462.0000 -0.9963
463.0000 -0.9953
464.0000 -0.9983
465.0000 -0.9989
466.0000 -1.0015
467.0000 -1.0004
468.0000 -1.0022
469.0000 -1.0030
470.0000 -1.0040
471.0000 -1.0036
472.0000 -1.0051
473.0000 -1.0065
474.0000 -1.0061
475.0000 -1.0036
476.0000 -1.0069
477.0000 -1.0078
478.0000 -1.0065
479.0000 -1.0096
480.0000 -1.0065
481.0000 -1.0093
482.0000 -1.0077
483.0000 -1.0097
484.0000 -1.0072
485.0000 -1.0077
486.0000 -1.0094
487.0000 -1.0082
488.0000 -1.0072
489.0000 -1.0079
490.0000 -1.0102
491.0000 -1.0080
492.0000 -1.0073
493.0000 -1.0067
494.0000 -1.0105
495.0000 -1.0074
496.0000 -1.0072
497.0000 -1.0059
498.0000 -1.0065
499.0000 -1.0048
500.0000 -1.0067
501.0000 -1.0060
502.0000 -1.0084
503.0000 -1.0043
504.0000 -1.0040
505.0000 -1.0047
506.0000 -1.0040
507.0000 -1.0028
508.0000 -1.0035
509.0000 -1.0022
510.0000 -2.0681
511.0000 -2.3158
512.0000 -2.2366
513.0000 -2.0716
514.0000 -1.9093
515.0000 -1.7716
516.0000 -1.6553
517.0000 -1.5621
518.0000 -1.4831
519.0000 -1.4187
520.0000 -1.3670
521.0000 -1.3250
522.0000 -1.2896
523.0000 -1.2607
524.0000 -1.2359
525.0000 -1.2137
526.0000 -1.1934
527.0000 -1.1729
528.0000 -1.1514
529.0000 -1.1311
530.0000 -1.1132
531.0000 -1.0958
532.0000 -1.0789
533.0000 -1.0612
534.0000 -1.0439
535.0000 -1.0294
536.0000 -1.0144
537.0000 -0.9989
538.0000 -0.9835
539.0000 -0.9705
540.0000 -0.9569
541.0000 -0.9427
542.0000 -0.9309
543.0000 -0.9198
544.0000 -0.9080
545.0000 -0.8954
546.0000 -0.8832
547.0000 -0.8719
548.0000 -0.8612
549.0000 -0.8518
550.0000 -0.8418
551.0000 -0.8309
552.0000 -0.8222
553.0000 -0.8134
554.0000 -0.8038
555.0000 -0.7956
556.0000 -0.7859
557.0000 -0.7778
558.0000 -0.7699
559.0000 -0.7613
560.0000 -0.7543
561.0000 -0.7479
562.0000 -0.7394
563.0000 -0.7332
564.0000 -0.7267
565.0000 -0.7207
566.0000 -0.7135
567.0000 -0.7057
568.0000 -0.7004
569.0000 -0.6956
570.0000 -0.6911
571.0000 -0.6855
572.0000 -0.6797
573.0000 -0.6737
574.0000 -0.6674
575.0000 -0.6637
576.0000 -0.6600
577.0000 -0.6544
578.0000 -0.6501
579.0000 -0.6463
580.0000 -0.6419
581.0000 -0.6381
582.0000 -0.6343
583.0000 -0.6297
584.0000 -0.6260
585.0000 -0.6237
586.0000 -0.6191
587.0000 -0.6152
588.0000 -0.6133
589.0000 -0.6116
590.0000 -0.6076
591.0000 -0.6030
592.0000 -0.6010
593.0000 -0.5988
594.0000 -0.5961
595.0000 -0.5923
596.0000 -0.5900
597.0000 -0.5876
598.0000 -0.5860
599.0000 -0.5838
600.0000 -0.5828
601.0000 -0.5810
602.0000 -0.5788
603.0000 -0.5750
604.0000 -0.5722
605.0000 -0.5708
606.0000 -0.5693
607.0000 -0.5680
608.0000 -0.5670
609.0000 -0.5649
610.0000 -1.0435
611.0000 -1.0533
612.0000 -0.9382
613.0000 -0.8337
614.0000 -0.7752
615.0000 -0.7561
616.0000 -0.7349
617.0000 -0.7369
618.0000 -0.7228
619.0000 -0.7127
620.0000 -0.7065
621.0000 -0.6955
622.0000 -0.6845
623.0000 -0.6806
624.0000 -0.6731
625.0000 -0.6693
626.0000 -0.6575
627.0000 -0.6502
628.0000 -0.6392
629.0000 -0.6348
630.0000 -0.6337
631.0000 -0.6206
632.0000 -0.6174
633.0000 -0.6045
634.0000 -0.6022
635.0000 -0.5992
636.0000 -0.5876
637.0000 -0.5797
638.0000 -0.5746
639.0000 -0.5724
640.0000 -0.5609
641.0000 -0.5561
642.0000 -0.5548
643.0000 -0.5477
644.0000 -0.5371
645.0000 -0.5339
646.0000 -0.5255
647.0000 -0.5220
648.0000 -0.5167
649.0000 -0.5145
650.0000 -0.5024
651.0000 -0.4984
652.0000 -0.4992
653.0000 -0.4876
654.0000 -0.4852
655.0000 -0.4800
656.0000 -0.4727
657.0000 -0.4734
658.0000 -0.4627
659.0000 -0.4607
660.0000 -0.4571
661.0000 -0.4520
662.0000 -0.4454
663.0000 -0.4467
664.0000 -0.4368
665.0000 -0.4375
666.0000 -0.4255
667.0000 -0.4264
668.0000 -0.4237
669.0000 -0.4210
670.0000 -0.4161
671.0000 -0.4111
672.0000 -0.4072
673.0000 -0.4020
674.0000 -0.3984
675.0000 -0.4020
676.0000 -0.3945
677.0000 -0.3870
678.0000 -0.3918
679.0000 -0.3818
680.0000 -0.3839
681.0000 -0.3746
682.0000 -0.3777
683.0000 -0.3694
684.0000 -0.3716
685.0000 -0.3713
686.0000 -0.3593
687.0000 -0.3614
688.0000 -0.3620
689.0000 -0.3586
690.0000 -0.3489
691.0000 -0.3516
692.0000 -0.3530
693.0000 -0.3500
694.0000 -0.3401
695.0000 -0.3419
696.0000 -0.3408
697.0000 -0.3400
698.0000 -0.3366
699.0000 -0.3354
700.0000 -0.3343
701.0000 -0.3341
702.0000 -0.3230
703.0000 -0.3266
704.0000 -0.3256
705.0000 -0.3247
706.0000 -0.3226
707.0000 -0.3222
708.0000 -0.3193
709.0000 -0.3182
710.0000 7.0317
711.0000 6.2545
712.0000 3.7631
713.0000 1.9620
714.0000 1.1614
715.0000 0.9999
716.0000 1.1093
717.0000 1.2620
718.0000 1.3743
719.0000 1.4412
720.0000 1.4755
721.0000 1.4968
722.0000 1.5111
723.0000 1.5199
724.0000 1.5301
725.0000 1.5405
726.0000 1.5513
727.0000 1.5600
728.0000 1.5730
729.0000 1.5817
730.0000 1.5887
731.0000 1.6028
732.0000 1.6103
733.0000 1.6222
734.0000 1.6269
735.0000 1.6355
736.0000 1.6459
737.0000 1.6551
738.0000 1.6595
739.0000 1.6668
740.0000 1.6749
741.0000 1.6790
742.0000 1.6858
743.0000 1.6915
744.0000 1.6988
745.0000 1.7022
746.0000 1.7068
747.0000 1.7114
748.0000 1.7173
749.0000 1.7191
750.0000 1.7284
751.0000 1.7287
752.0000 1.7298
753.0000 1.7381
754.0000 1.7380
755.0000 1.7428
756.0000 1.7445
757.0000 1.7451
758.0000 1.7516
759.0000 1.7520
760.0000 1.7546
761.0000 1.7585
762.0000 1.7594
763.0000 1.7580
764.0000 1.7625
765.0000 1.7633
766.0000 1.7673
767.0000 1.7656
768.0000 1.7683
769.0000 1.7695
770.0000 1.7710
771.0000 1.7704
772.0000 1.7727
773.0000 1.7747
774.0000 1.7742
775.0000 1.7704
776.0000 1.7753
777.0000 1.7767
778.0000 1.7748
779.0000 1.7794
780.0000 1.7748
781.0000 1.7789
782.0000 1.7765
783.0000 1.7795
784.0000 1.7757
785.0000 1.7765
786.0000 1.7790
787.0000 1.7773
788.0000 1.7758
789.0000 1.7768
790.0000 1.7803
791.0000 1.7770
792.0000 1.7760
793.0000 1.7750
794.0000 1.7807
795.0000 1.7761
796.0000 1.7758
797.0000 1.7739
798.0000 1.7748
799.0000 1.7722
800.0000 1.7751
801.0000 1.7740
802.0000 1.7776
803.0000 1.7714
804.0000 1.7709
805.0000 1.7721
806.0000 1.7709
807.0000 1.7692
808.0000 1.7702
809.0000 1.7682
810.0000 3.3672
811.0000 3.7387
812.0000 3.6198
813.0000 3.3724
814.0000 3.1289
815.0000 2.9223
816.0000 2.7479
817.0000 2.6081
818.0000 2.4896
819.0000 2.3931
820.0000 2.3155
821.0000 2.2525
822.0000 2.1994
823.0000 2.1561
824.0000 2.1189
825.0000 2.0856
826.0000 2.0551
827.0000 2.0243
828.0000 1.9920
829.0000 1.9617
830.0000 1.9348
831.0000 1.9088
832.0000 1.8833
833.0000 1.8568
834.0000 1.8308
835.0000 1.8091
836.0000 1.7866
837.0000 1.7634
838.0000 1.7402
839.0000 1.7207
840.0000 1.7004
841.0000 1.6790
842.0000 1.6613
843.0000 1.6447
844.0000 1.6270
845.0000 1.6080
846.0000 1.5898
847.0000 1.5728
848.0000 1.5568
849.0000 1.5427
850.0000 1.5277
851.0000 1.5113
852.0000 1.4982
853.0000 1.4851
854.0000 1.4707
855.0000 1.4584
856.0000 1.4439
857.0000 1.4318
858.0000 1.4198
859.0000 1.4069
860.0000 1.3964
861.0000 1.3868
862.0000 1.3741
863.0000 1.3648
864.0000 1.3550
865.0000 1.3460
866.0000 1.3352
867.0000 1.3236
868.0000 1.3156
869.0000 1.3085
870.0000 1.3017
871.0000 1.2933
872.0000 1.2845
873.0000 1.2756
874.0000 1.2660
875.0000 1.2605
876.0000 1.2550
877.0000 1.2466
878.0000 1.2402
879.0000 1.2344
880.0000 1.2278
881.0000 1.2221
882.0000 1.2164
883.0000 1.2095
884.0000 1.2040
885.0000 1.2005
886.0000 1.1936
887.0000 1.1878
888.0000 1.1849
889.0000 1.1824
890.0000 1.1763
891.0000 1.1695
892.0000 1.1664
893.0000 1.1632
894.0000 1.1591
895.0000 1.1534
896.0000 1.1500
897.0000 1.1464
898.0000 1.1440
899.0000 1.1407
900.0000 1.1391
901.0000 1.1365
902.0000 1.1331
903.0000 1.1274
904.0000 1.1233
905.0000 1.1212
906.0000 1.1189
907.0000 1.1170
908.0000 1.1154
909.0000 1.1124
910.0000 1.1107
