1.0000 0.0000
2.0000 0.0000
3.0000 0.0000
4.0000 0.0000
5.0000 0.0000
6.0000 0.0000
7.0000 0.0000
8.0000 0.0000
9.0000 0.0000
10.0000 -0.0396
11.0000 -0.0654
12.0000 -0.0822
13.0000 -0.0939
14.0000 -0.1029
15.0000 -0.1085
16.0000 -0.1136
17.0000 -0.1183
18.0000 -0.1226
19.0000 -0.1270
20.0000 -0.1315
21.0000 -0.1366
22.0000 -0.1421
23.0000 -0.1467
24.0000 -0.1509
25.0000 -0.1561
26.0000 -0.1612
27.0000 -0.1656
28.0000 -0.1706
29.0000 -0.1748
30.0000 -0.1784
31.0000 -0.1830
32.0000 -0.1870
33.0000 -0.1917
34.0000 -0.1950
35.0000 -0.1989
36.0000 -0.2029
37.0000 -0.2066
38.0000 -0.2101
39.0000 -0.2140
40.0000 -0.2174
41.0000 -0.2205
42.0000 -0.2234
43.0000 -0.2272
44.0000 -0.2305
45.0000 -0.2335
46.0000 -0.2367
47.0000 -0.2389
48.0000 -0.2422
49.0000 -0.2445
50.0000 -0.2482
51.0000 -0.2509
52.0000 -0.2527
53.0000 -0.2560
54.0000 -0.2584
55.0000 -0.2610
56.0000 -0.2631
57.0000 -0.2652
58.0000 -0.2679
59.0000 -0.2698
60.0000 -0.2721
61.0000 -0.2747
62.0000 -0.2767
63.0000 -0.2780
64.0000 -0.2801
65.0000 -0.2821
66.0000 -0.2842
67.0000 -0.2862
68.0000 -0.2878
69.0000 -0.2899
70.0000 -0.2915
71.0000 -0.2928
72.0000 -0.2946
73.0000 -0.2960
74.0000 -0.2979
75.0000 -0.2991
76.0000 -0.3011
77.0000 -0.3020
78.0000 -0.3037
79.0000 -0.3048
80.0000 -0.3060
81.0000 -0.3074
82.0000 -0.3088
83.0000 -0.3104
84.0000 -0.3113
85.0000 -0.3127
86.0000 -0.3135
87.0000 -0.3145
88.0000 -0.3159
89.0000 -0.3164
90.0000 -0.3179
91.0000 -0.3188
92.0000 -0.3201
93.0000 -0.3206
94.0000 -0.3220
95.0000 -0.3228
96.0000 -0.3234
97.0000 -0.3245
98.0000 -0.3248
99.0000 -0.3257
100.0000 -0.3264
101.0000 -0.3278
102.0000 -0.3285
103.0000 -0.3295
104.0000 -0.3295
105.0000 -0.3302
106.0000 -0.3308
107.0000 -0.3319
108.0000 -0.3322
109.0000 -0.3331
110.0000 -0.8098
111.0000 -1.0854
112.0000 -1.1964
113.0000 -1.1992
114.0000 -1.1460
115.0000 -1.0745
116.0000 -1.0093
117.0000 -0.9588
118.0000 -0.9235
119.0000 -0.9043
120.0000 -0.8962
121.0000 -0.8963
122.0000 -0.9018
123.0000 -0.9083
124.0000 -0.9156
125.0000 -0.9239
126.0000 -0.9308
127.0000 -0.9356
128.0000 -0.9405
129.0000 -0.9443
130.0000 -0.9470
131.0000 -0.9495
132.0000 -0.9510
133.0000 -0.9527
134.0000 -0.9541
135.0000 -0.9551
136.0000 -0.9566
137.0000 -0.9570
138.0000 -0.9579
139.0000 -0.9581
140.0000 -0.9585
141.0000 -0.9590
142.0000 -0.9593
143.0000 -0.9599
144.0000 -0.9601
145.0000 -0.9602
146.0000 -0.9599
147.0000 -0.9593
148.0000 -0.9595
149.0000 -0.9589
150.0000 -0.9591
151.0000 -0.9592
152.0000 -0.9583
153.0000 -0.9581
154.0000 -0.9579
155.0000 -0.9571
156.0000 -0.9569
157.0000 -0.9566
158.0000 -0.9558
159.0000 -0.9554
160.0000 -0.9551
161.0000 -0.9542
162.0000 -0.9537
163.0000 -0.9529
164.0000 -0.9526
165.0000 -0.9514
166.0000 -0.9508
167.0000 -0.9503
168.0000 -0.9496
169.0000 -0.9491
170.0000 -0.9483
171.0000 -0.9474
172.0000 -0.9468
173.0000 -0.9461
174.0000 -0.9463
175.0000 -0.9451
176.0000 -0.9445
177.0000 -0.9433
178.0000 -0.9427
179.0000 -0.9417
180.0000 -0.9416
181.0000 -0.9408
182.0000 -0.9400
183.0000 -0.9399
184.0000 -0.9387
185.0000 -0.9378
186.0000 -0.9375
187.0000 -0.9365
188.0000 -0.9357
189.0000 -0.9352
190.0000 -0.9345
191.0000 -0.9342
192.0000 -0.9334
193.0000 -0.9329
194.0000 -0.9322
195.0000 -0.9319
196.0000 -0.9307
197.0000 -0.9306
198.0000 -0.9292
199.0000 -0.9291
200.0000 -0.9282
201.0000 -0.9282
202.0000 -0.9270
203.0000 -0.9268
204.0000 -0.9262
205.0000 -0.9252
206.0000 -0.9249
207.0000 -0.9247
208.0000 -0.9233
209.0000 -0.9231
210.0000 -0.0483
211.0000 0.4298
212.0000 0.6420
213.0000 0.6931
214.0000 0.6598
215.0000 0.5916
216.0000 0.5186
217.0000 0.4572
218.0000 0.4143
219.0000 0.3886
220.0000 0.3783
221.0000 0.3796
222.0000 0.3886
223.0000 0.4027
224.0000 0.4182
225.0000 0.4337
226.0000 0.4491
227.0000 0.4639
228.0000 0.4770
229.0000 0.4890
230.0000 0.4999
231.0000 0.5098
232.0000 0.5190
233.0000 0.5279
234.0000 0.5360
235.0000 0.5441
236.0000 0.5516
237.0000 0.5592
238.0000 0.5662
239.0000 0.5733
240.0000 0.5800
241.0000 0.5864
242.0000 0.5924
243.0000 0.5982
244.0000 0.6041
245.0000 0.6097
246.0000 0.6152
247.0000 0.6203
248.0000 0.6252
249.0000 0.6299
250.0000 0.6346
251.0000 0.6391
252.0000 0.6438
253.0000 0.6480
254.0000 0.6518
255.0000 0.6560
256.0000 0.6596
257.0000 0.6629
258.0000 0.6666
259.0000 0.6698
260.0000 0.6729
261.0000 0.6764
262.0000 0.6795
263.0000 0.6823
264.0000 0.6849
265.0000 0.6878
266.0000 0.6902
267.0000 0.6929
268.0000 0.6954
269.0000 0.6978
270.0000 0.7002
271.0000 0.7024
272.0000 0.7044
273.0000 0.7064
274.0000 0.7081
275.0000 0.7102
276.0000 0.7122
277.0000 0.7140
278.0000 0.7157
279.0000 0.7173
280.0000 0.7185
281.0000 0.7202
282.0000 0.7217
283.0000 0.7230
284.0000 0.7247
285.0000 0.7261
286.0000 0.7271
287.0000 0.7284
288.0000 0.7295
289.0000 0.7302
290.0000 0.7314
291.0000 0.7323
292.0000 0.7337
293.0000 0.7345
294.0000 0.7357
295.0000 0.7364
296.0000 0.7374
297.0000 0.7380
298.0000 0.7388
299.0000 0.7391
300.0000 0.7399
301.0000 0.7404
302.0000 0.7416
303.0000 0.7423
304.0000 0.7429
305.0000 0.7436
306.0000 0.7438
307.0000 0.7442
308.0000 0.7451
309.0000 0.7455
310.0000 0.8253
311.0000 0.8771
312.0000 0.9109
313.0000 0.9346
314.0000 0.9530
315.0000 0.9646
316.0000 0.9750
317.0000 0.9850
318.0000 0.9940
319.0000 1.0030
320.0000 1.0124
321.0000 1.0227
322.0000 1.0339
323.0000 1.0435
324.0000 1.0520
325.0000 1.0627
326.0000 1.0732
327.0000 1.0822
328.0000 1.0922
329.0000 1.1008
330.0000 1.1083
331.0000 1.1175
332.0000 1.1255
333.0000 1.1351
334.0000 1.1419
335.0000 1.1498
336.0000 1.1581
337.0000 1.1657
338.0000 1.1728
339.0000 1.1806
340.0000 1.1871
341.0000 1.1934
342.0000 1.1994
343.0000 1.2074
344.0000 1.2141
345.0000 1.2203
346.0000 1.2267
347.0000 1.2312
348.0000 1.2376
349.0000 1.2422
350.0000 1.2495
351.0000 1.2548
352.0000 1.2587
353.0000 1.2651
354.0000 1.2698
355.0000 1.2750
356.0000 1.2794
357.0000 1.2837
358.0000 1.2894
359.0000 1.2932
360.0000 1.2979
361.0000 1.3030
362.0000 1.3070
363.0000 1.3096
364.0000 1.3138
365.0000 1.3179
366.0000 1.3217
367.0000 1.3256
368.0000 1.3288
369.0000 1.3329
370.0000 1.3362
371.0000 1.3389
372.0000 1.3423
373.0000 1.3452
374.0000 1.3491
375.0000 1.3518
376.0000 1.3558
377.0000 1.3576
378.0000 1.3609
379.0000 1.3628
380.0000 1.3652
381.0000 1.3680
382.0000 1.3709
383.0000 1.3740
384.0000 1.3759
385.0000 1.3786
386.0000 1.3802
387.0000 1.3822
388.0000 1.3850
389.0000 1.3859
390.0000 1.3888
391.0000 1.3906
392.0000 1.3933
393.0000 1.3942
394.0000 1.3970
395.0000 1.3986
396.0000 1.3999
397.0000 1.4022
398.0000 1.4027
399.0000 1.4044
400.0000 1.4059
401.0000 1.4085
402.0000 1.4099
403.0000 1.4117
404.0000 1.4118
405.0000 1.4131
406.0000 1.4141
407.0000 1.4165
408.0000 1.4169
409.0000 1.4185
410.0000 2.3717
411.0000 2.9231
412.0000 3.1451
413.0000 3.1509
414.0000 3.0445
415.0000 2.9017
416.0000 2.7713
417.0000 2.6704
418.0000 2.5998
419.0000 2.5614
420.0000 2.5452
421.0000 2.5454
422.0000 2.5564
423.0000 2.5694
424.0000 2.5840
425.0000 2.6006
426.0000 2.6144
427.0000 2.6240
428.0000 2.6338
429.0000 2.6414
430.0000 2.6467
431.0000 2.6518
432.0000 2.6548
433.0000 2.6582
434.0000 2.6611
435.0000 2.6631
436.0000 2.6660
437.0000 2.6669
438.0000 2.6687
439.0000 2.6691
440.0000 2.6699
441.0000 2.6709
442.0000 2.6716
443.0000 2.6728
444.0000 2.6732
445.0000 2.6734
446.0000 2.6728
447.0000 2.6716
448.0000 2.6719
449.0000 2.6708
450.0000 2.6712
451.0000 2.6714
452.0000 2.6695
453.0000 2.6691
454.0000 2.6688
455.0000 2.6673
456.0000 2.6668
457.0000 2.6662
458.0000 2.6646
459.0000 2.6637
460.0000 2.6633
461.0000 2.6613
462.0000 2.6604
463.0000 2.6589
464.0000 2.6582
465.0000 2.6558
466.0000 2.6547
467.0000 2.6536
468.0000 2.6522
469.0000 2.6512
470.0000 2.6497
471.0000 2.6478
472.0000 2.6467
473.0000 2.6453
474.0000 2.6456
475.0000 2.6433
476.0000 2.6421
477.0000 2.6396
478.0000 2.6384
479.0000 2.6365
480.0000 2.6363
481.0000 2.6347
482.0000 2.6331
483.0000 2.6329
484.0000 2.6304
485.0000 2.6288
486.0000 2.6280
487.0000 2.6261
488.0000 2.6244
489.0000 2.6235
490.0000 2.6220
491.0000 2.6215
492.0000 2.6200
493.0000 2.6188
494.0000 2.6176
495.0000 2.6169
496.0000 2.6146
497.0000 2.6143
498.0000 2.6115
499.0000 2.6112
500.0000 2.6095
501.0000 2.6095
502.0000 2.6072
503.0000 2.6068
504.0000 2.6055
505.0000 2.6036
506.0000 2.6029
507.0000 2.6025
508.0000 2.5997
509.0000 2.5993
510.0000 0.8497
511.0000 -0.1065
512.0000 -0.5309
513.0000 -0.6331
514.0000 -0.5665
515.0000 -0.4301
516.0000 -0.2840
517.0000 -0.1614
518.0000 -0.0754
519.0000 -0.0240
520.0000 -0.0034
521.0000 -0.0060
522.0000 -0.0242
523.0000 -0.0523
524.0000 -0.0833
525.0000 -0.1143
526.0000 -0.1451
527.0000 -0.1747
528.0000 -0.2009
529.0000 -0.2249
530.0000 -0.2466
531.0000 -0.2664
532.0000 -0.2849
533.0000 -0.3026
534.0000 -0.3189
535.0000 -0.3351
536.0000 -0.3500
537.0000 -0.3653
538.0000 -0.3792
539.0000 -0.3936
540.0000 -0.4070
541.0000 -0.4197
542.0000 -0.4316
543.0000 -0.4434
544.0000 -0.4550
545.0000 -0.4663
546.0000 -0.4772
547.0000 -0.4874
548.0000 -0.4973
549.0000 -0.5067
550.0000 -0.5161
551.0000 -0.5252
552.0000 -0.5344
553.0000 -0.5429
554.0000 -0.5504
555.0000 -0.5588
556.0000 -0.5660
557.0000 -0.5728
558.0000 -0.5801
559.0000 -0.5865
560.0000 -0.5926
561.0000 -0.5997
562.0000 -0.6059
563.0000 -0.6115
564.0000 -0.6167
565.0000 -0.6225
566.0000 -0.6274
567.0000 -0.6327
568.0000 -0.6377
569.0000 -0.6426
570.0000 -0.6472
571.0000 -0.6516
572.0000 -0.6557
573.0000 -0.6597
574.0000 -0.6631
575.0000 -0.6673
576.0000 -0.6713
577.0000 -0.6749
578.0000 -0.6783
579.0000 -0.6816
580.0000 -0.6840
581.0000 -0.6872
582.0000 -0.6903
583.0000 -0.6928
584.0000 -0.6962
585.0000 -0.6991
586.0000 -0.7011
587.0000 -0.7036
588.0000 -0.7059
589.0000 -0.7073
590.0000 -0.7097
591.0000 -0.7115
592.0000 -0.7143
593.0000 -0.7159
594.0000 -0.7182
595.0000 -0.7197
596.0000 -0.7217
597.0000 -0.7228
598.0000 -0.7246
599.0000 -0.7251
600.0000 -0.7266
601.0000 -0.7278
602.0000 -0.7300
603.0000 -0.7315
604.0000 -0.7328
605.0000 -0.7342
606.0000 -0.7344
607.0000 -0.7353
608.0000 -0.7371
609.0000 -0.7378
610.0000 -0.8578
611.0000 -0.9358
612.0000 -0.9865
613.0000 -1.0222
614.0000 -1.0500
615.0000 -1.0675
616.0000 -1.0833
617.0000 -1.0985
618.0000 -1.1123
619.0000 -1.1260
620.0000 -1.1401
621.0000 -1.1557
622.0000 -1.1727
623.0000 -1.1873
624.0000 -1.2001
625.0000 -1.2161
626.0000 -1.2320
627.0000 -1.2457
628.0000 -1.2607
629.0000 -1.2737
630.0000 -1.2850
631.0000 -1.2989
632.0000 -1.3110
633.0000 -1.3253
634.0000 -1.3356
635.0000 -1.3476
636.0000 -1.3602
637.0000 -1.3717
638.0000 -1.3823
639.0000 -1.3941
640.0000 -1.4038
641.0000 -1.4132
642.0000 -1.4223
643.0000 -1.4344
644.0000 -1.4446
645.0000 -1.4540
646.0000 -1.4637
647.0000 -1.4705
648.0000 -1.4800
649.0000 -1.4868
650.0000 -1.4976
651.0000 -1.5057
652.0000 -1.5115
653.0000 -1.5211
654.0000 -1.5282
655.0000 -1.5360
656.0000 -1.5425
657.0000 -1.5492
658.0000 -1.5577
659.0000 -1.5635
660.0000 -1.5706
661.0000 -1.5782
662.0000 -1.5841
663.0000 -1.5881
664.0000 -1.5945
665.0000 -1.6005
666.0000 -1.6062
667.0000 -1.6120
668.0000 -1.6167
669.0000 -1.6229
670.0000 -1.6279
671.0000 -1.6318
672.0000 -1.6370
673.0000 -1.6413
674.0000 -1.6473
675.0000 -1.6514
676.0000 -1.6575
677.0000 -1.6601
678.0000 -1.6650
679.0000 -1.6677
680.0000 -1.6713
681.0000 -1.6756
682.0000 -1.6798
683.0000 -1.6845
684.0000 -1.6874
685.0000 -1.6914
686.0000 -1.6938
687.0000 -1.6968
688.0000 -1.7010
689.0000 -1.7023
690.0000 -1.7067
691.0000 -1.7092
692.0000 -1.7134
693.0000 -1.7147
694.0000 -1.7190
695.0000 -1.7214
696.0000 -1.7233
697.0000 -1.7268
698.0000 -1.7274
699.0000 -1.7301
700.0000 -1.7322
701.0000 -1.7361
702.0000 -1.7382
703.0000 -1.7408
704.0000 -1.7409
705.0000 -1.7429
706.0000 -1.7444
707.0000 -1.7480
708.0000 -1.7486
709.0000 -1.7509
710.0000 -3.1806
711.0000 -4.0078
712.0000 -4.3408
713.0000 -4.3495
714.0000 -4.1900
715.0000 -3.9759
716.0000 -3.7802
717.0000 -3.6288
718.0000 -3.5231
719.0000 -3.4653
720.0000 -3.4411
721.0000 -3.4413
722.0000 -3.4578
723.0000 -3.4774
724.0000 -3.4992
725.0000 -3.5241
726.0000 -3.5448
727.0000 -3.5592
728.0000 -3.5740
729.0000 -3.5854
730.0000 -3.5934
731.0000 -3.6010
732.0000 -3.6054
733.0000 -3.6107
734.0000 -3.6150
735.0000 -3.6179
736.0000 -3.6224
737.0000 -3.6237
738.0000 -3.6264
739.0000 -3.6270
740.0000 -3.6282
741.0000 -3.6297
742.0000 -3.6307
743.0000 -3.6325
744.0000 -3.6331
745.0000 -3.6334
746.0000 -3.6325
747.0000 -3.6308
748.0000 -3.6312
749.0000 -3.6295
750.0000 -3.6301
751.0000 -3.6305
752.0000 -3.6276
753.0000 -3.6271
754.0000 -3.6266
755.0000 -3.6243
756.0000 -3.6235
757.0000 -3.6227
758.0000 -3.6203
759.0000 -3.6190
760.0000 -3.6183
761.0000 -3.6154
762.0000 -3.6140
763.0000 -3.6117
764.0000 -3.6107
765.0000 -3.6071
766.0000 -3.6055
767.0000 -3.6038
768.0000 -3.6017
769.0000 -3.6003
770.0000 -3.5979
771.0000 -3.5951
772.0000 -3.5935
773.0000 -3.5913
774.0000 -3.5919
775.0000 -3.5884
776.0000 -3.5865
777.0000 -3.5828
778.0000 -3.5811
779.0000 -3.5782
780.0000 -3.5780
781.0000 -3.5754
782.0000 -3.5730
783.0000 -3.5728
784.0000 -3.5690
785.0000 -3.5666
786.0000 -3.5655
787.0000 -3.5626
788.0000 -3.5601
789.0000 -3.5587
790.0000 -3.5565
791.0000 -3.5557
792.0000 -3.5534
793.0000 -3.5517
794.0000 -3.5498
795.0000 -3.5489
796.0000 -3.5453
797.0000 -3.5449
798.0000 -3.5408
799.0000 -3.5403
800.0000 -3.5376
801.0000 -3.5377
802.0000 -3.5343
803.0000 -3.5336
804.0000 -3.5317
805.0000 -3.5288
806.0000 -3.5278
807.0000 -3.5272
808.0000 -3.5230
809.0000 -3.5225
810.0000 -0.8980
811.0000 0.5363
812.0000 1.1729
813.0000 1.3262
814.0000 1.2263
815.0000 1.0217
816.0000 0.8026
817.0000 0.6186
818.0000 0.4896
819.0000 0.4125
820.0000 0.3816
821.0000 0.3856
822.0000 0.4128
823.0000 0.4549
824.0000 0.5015
825.0000 0.5480
826.0000 0.5943
827.0000 0.6386
828.0000 0.6779
829.0000 0.7139
830.0000 0.7464
831.0000 0.7761
832.0000 0.8039
833.0000 0.8305
834.0000 0.8548
835.0000 0.8791
836.0000 0.9015
837.0000 0.9244
838.0000 0.9453
839.0000 0.9669
840.0000 0.9870
841.0000 1.0061
842.0000 1.0240
843.0000 1.0416
844.0000 1.0591
845.0000 1.0759
846.0000 1.0924
847.0000 1.1077
848.0000 1.1225
849.0000 1.1366
850.0000 1.1506
851.0000 1.1643
852.0000 1.1782
853.0000 1.1908
854.0000 1.2022
855.0000 1.2147
856.0000 1.2256
857.0000 1.2357
858.0000 1.2467
859.0000 1.2562
860.0000 1.2655
861.0000 1.2761
862.0000 1.2854
863.0000 1.2937
864.0000 1.3015
865.0000 1.3103
866.0000 1.3176
867.0000 1.3255
868.0000 1.3331
869.0000 1.3404
870.0000 1.3474
871.0000 1.3539
872.0000 1.3601
873.0000 1.3661
874.0000 1.3712
875.0000 1.3776
876.0000 1.3835
877.0000 1.3889
878.0000 1.3940
879.0000 1.3989
880.0000 1.4025
881.0000 1.4074
882.0000 1.4119
883.0000 1.4158
884.0000 1.4209
885.0000 1.4252
886.0000 1.4282
887.0000 1.4319
888.0000 1.4354
889.0000 1.4374
890.0000 1.4411
891.0000 1.4438
892.0000 1.4479
893.0000 1.4504
894.0000 1.4539
895.0000 1.4561
896.0000 1.4591
897.0000 1.4608
898.0000 1.4634
899.0000 1.4642
900.0000 1.4665
901.0000 1.4682
902.0000 1.4716
903.0000 1.4738
904.0000 1.4757
905.0000 1.4778
906.0000 1.4782
907.0000 1.4796
908.0000 1.4821
909.0000 1.4833
910.0000 1.4850
