1.0000 0.0000
2.0000 0.0000
3.0000 0.0000
4.0000 0.0000
5.0000 0.0000
6.0000 0.0000
7.0000 0.0000
8.0000 0.0000
9.0000 0.0000
10.0000 0.0000
11.0000 0.9743
12.0000 0.9906
13.0000 0.9973
14.0000 1.0005
15.0000 1.0006
16.0000 1.0005
17.0000 1.0008
18.0000 0.9988
19.0000 1.0006
20.0000 1.0003
21.0000 0.9997
22.0000 0.9999
23.0000 1.0002
24.0000 1.0000
25.0000 1.0000
26.0000 0.9993
27.0000 1.0005
28.0000 1.0000
29.0000 0.9998
30.0000 1.0004
31.0000 0.9997
32.0000 1.0000
33.0000 1.0000
34.0000 0.9999
35.0000 1.0003
36.0000 0.9991
37.0000 1.0005
38.0000 1.0002
39.0000 0.9999
40.0000 0.9996
41.0000 0.9996
42.0000 1.0004
43.0000 1.0005
44.0000 0.9992
45.0000 1.0003
46.0000 1.0000
47.0000 1.0004
48.0000 0.9996
49.0000 1.0005
50.0000 0.9988
51.0000 1.0012
52.0000 0.9994
53.0000 1.0001
54.0000 1.0001
55.0000 0.9998
56.0000 0.9997
57.0000 1.0009
58.0000 0.9989
59.0000 1.0008
60.0000 0.9993
61.0000 1.0005
62.0000 0.9999
63.0000 0.9996
64.0000 1.0002
65.0000 1.0005
66.0000 0.9995
67.0000 1.0004
68.0000 0.9998
69.0000 0.9993
70.0000 1.0005
71.0000 1.0000
72.0000 1.0001
73.0000 1.0000
74.0000 0.9999
75.0000 1.0003
76.0000 0.9997
77.0000 0.9999
78.0000 1.0005
79.0000 0.9994
80.0000 1.0004
81.0000 0.9996
82.0000 1.0004
83.0000 0.9996
84.0000 1.0003
85.0000 1.0000
86.0000 0.9995
87.0000 1.0004
88.0000 1.0000
89.0000 0.9999
90.0000 0.9997
91.0000 1.0003
92.0000 1.0000
93.0000 0.9999
94.0000 0.9998
95.0000 1.0003
96.0000 0.9999
97.0000 1.0000
98.0000 0.9998
99.0000 1.0001
100.0000 1.0000
101.0000 1.0002
102.0000 0.9996
103.0000 1.0004
104.0000 0.9998
105.0000 1.0000
106.0000 0.9999
107.0000 1.0000
108.0000 0.9999
109.0000 1.0001
110.0000 1.0000
111.0000 1.3801
112.0000 1.1122
113.0000 0.9886
114.0000 0.9605
115.0000 0.9706
116.0000 0.9872
117.0000 0.9977
118.0000 1.0026
119.0000 1.0042
120.0000 1.0030
121.0000 1.0019
122.0000 1.0011
123.0000 1.0004
124.0000 1.0002
125.0000 1.0000
126.0000 0.9994
127.0000 1.0000
128.0000 0.9999
129.0000 0.9996
130.0000 1.0002
131.0000 0.9995
132.0000 1.0001
133.0000 1.0000
134.0000 0.9999
135.0000 1.0000
136.0000 0.9997
137.0000 1.0004
138.0000 1.0001
139.0000 0.9996
140.0000 0.9998
141.0000 1.0000
142.0000 1.0003
143.0000 1.0001
144.0000 0.9996
145.0000 1.0001
146.0000 1.0000
147.0000 1.0001
148.0000 0.9997
149.0000 1.0005
150.0000 0.9993
151.0000 1.0008
152.0000 0.9994
153.0000 0.9999
154.0000 1.0001
155.0000 1.0000
156.0000 1.0000
157.0000 1.0002
158.0000 0.9993
159.0000 1.0007
160.0000 0.9996
161.0000 1.0002
162.0000 1.0001
163.0000 0.9997
164.0000 1.0003
165.0000 1.0000
166.0000 0.9999
167.0000 1.0001
168.0000 0.9999
169.0000 1.0000
170.0000 1.0004
171.0000 0.9999
172.0000 0.9998
173.0000 0.9999
174.0000 1.0002
175.0000 1.0001
176.0000 0.9999
177.0000 1.0000
178.0000 1.0001
179.0000 0.9998
180.0000 1.0005
181.0000 0.9996
182.0000 1.0002
183.0000 0.9999
184.0000 1.0001
185.0000 0.9999
186.0000 0.9999
187.0000 1.0001
188.0000 1.0000
189.0000 1.0001
190.0000 0.9999
191.0000 1.0004
192.0000 0.9997
193.0000 1.0002
194.0000 0.9996
195.0000 1.0003
196.0000 0.9998
197.0000 1.0002
198.0000 0.9999
199.0000 1.0002
200.0000 0.9997
201.0000 1.0001
202.0000 0.9999
203.0000 1.0004
204.0000 0.9998
205.0000 0.9999
206.0000 1.0000
207.0000 1.0001
208.0000 0.9998
209.0000 1.0002
210.0000 0.9999
211.0000 1.1226
212.0000 1.0715
213.0000 1.0369
214.0000 1.0170
215.0000 1.0059
216.0000 1.0002
217.0000 0.9973
218.0000 0.9970
219.0000 0.9967
220.0000 0.9966
221.0000 0.9977
222.0000 0.9986
223.0000 0.9990
224.0000 0.9996
225.0000 0.9999
226.0000 1.0004
227.0000 1.0002
228.0000 1.0002
229.0000 1.0002
230.0000 1.0004
231.0000 1.0000
232.0000 1.0003
233.0000 1.0001
234.0000 1.0000
235.0000 1.0001
236.0000 1.0004
237.0000 1.0001
238.0000 1.0001
239.0000 0.9997
240.0000 1.0002
241.0000 1.0004
242.0000 1.0001
243.0000 1.0000
244.0000 1.0001
245.0000 1.0000
246.0000 1.0001
247.0000 1.0000
248.0000 1.0000
249.0000 1.0000
250.0000 1.0000
251.0000 1.0002
252.0000 1.0001
253.0000 1.0002
254.0000 1.0000
255.0000 0.9998
256.0000 1.0002
257.0000 0.9999
258.0000 1.0001
259.0000 1.0002
260.0000 1.0001
261.0000 1.0000
262.0000 1.0001
263.0000 1.0000
264.0000 1.0000
265.0000 1.0000
266.0000 1.0001
267.0000 1.0000
268.0000 0.9999
269.0000 1.0003
270.0000 1.0003
271.0000 1.0000
272.0000 1.0000
273.0000 0.9999
274.0000 1.0000
275.0000 0.9998
276.0000 1.0001
277.0000 1.0001
278.0000 0.9999
279.0000 1.0000
280.0000 1.0001
281.0000 1.0000
282.0000 1.0000
283.0000 0.9999
284.0000 1.0000
285.0000 1.0001
286.0000 1.0002
287.0000 1.0001
288.0000 0.9999
289.0000 1.0000
290.0000 1.0000
291.0000 1.0001
292.0000 0.9999
293.0000 1.0000
294.0000 1.0000
295.0000 1.0000
296.0000 0.9999
297.0000 1.0001
298.0000 1.0000
299.0000 1.0001
300.0000 1.0000
301.0000 1.0000
302.0000 0.9999
303.0000 1.0001
304.0000 1.0000
305.0000 0.9999
306.0000 1.0000
307.0000 1.0000
308.0000 1.0000
309.0000 1.0001
310.0000 1.0000
311.0000 -0.9487
312.0000 -0.9811
313.0000 -0.9945
314.0000 -1.0009
315.0000 -1.0012
316.0000 -1.0010
317.0000 -1.0015
318.0000 -0.9975
319.0000 -1.0013
320.0000 -1.0006
321.0000 -0.9993
322.0000 -0.9997
323.0000 -1.0003
324.0000 -0.9999
325.0000 -1.0000
326.0000 -0.9985
327.0000 -1.0010
328.0000 -1.0000
329.0000 -0.9995
330.0000 -1.0008
331.0000 -0.9993
332.0000 -0.9999
333.0000 -1.0000
334.0000 -0.9999
335.0000 -1.0006
336.0000 -0.9982
337.0000 -1.0009
338.0000 -1.0004
339.0000 -0.9998
340.0000 -0.9992
341.0000 -0.9991
342.0000 -1.0008
343.0000 -1.0009
344.0000 -0.9983
345.0000 -1.0006
346.0000 -0.9999
347.0000 -1.0007
348.0000 -0.9991
349.0000 -1.0010
350.0000 -0.9976
351.0000 -1.0024
352.0000 -0.9987
353.0000 -1.0002
354.0000 -1.0003
355.0000 -0.9996
356.0000 -0.9995
357.0000 -1.0018
358.0000 -0.9978
359.0000 -1.0015
360.0000 -0.9985
361.0000 -1.0010
362.0000 -0.9997
363.0000 -0.9991
364.0000 -1.0004
365.0000 -1.0009
366.0000 -0.9990
367.0000 -1.0008
368.0000 -0.9996
369.0000 -0.9985
370.0000 -1.0010
371.0000 -1.0000
372.0000 -1.0001
373.0000 -0.9999
374.0000 -0.9999
375.0000 -1.0005
376.0000 -0.9993
377.0000 -0.9998
378.0000 -1.0010
379.0000 -0.9989
380.0000 -1.0009
381.0000 -0.9992
382.0000 -1.0009
383.0000 -0.9992
384.0000 -1.0006
385.0000 -1.0000
386.0000 -0.9991
387.0000 -1.0008
388.0000 -1.0000
389.0000 -0.9998
390.0000 -0.9995
391.0000 -1.0006
392.0000 -1.0000
393.0000 -0.9998
394.0000 -0.9995
395.0000 -1.0006
396.0000 -0.9998
397.0000 -0.9999
398.0000 -0.9997
399.0000 -1.0002
400.0000 -1.0000
401.0000 -1.0004
402.0000 -0.9992
403.0000 -1.0009
404.0000 -0.9996
405.0000 -1.0000
406.0000 -0.9999
407.0000 -1.0001
408.0000 -0.9998
409.0000 -1.0001
410.0000 -1.0000
411.0000 -1.7602
412.0000 -1.2244
413.0000 -0.9772
414.0000 -0.9210
415.0000 -0.9411
416.0000 -0.9744
417.0000 -0.9955
418.0000 -1.0052
419.0000 -1.0083
420.0000 -1.0059
421.0000 -1.0037
422.0000 -1.0022
423.0000 -1.0009
424.0000 -1.0004
425.0000 -1.0000
426.0000 -0.9988
427.0000 -1.0001
428.0000 -0.9998
429.0000 -0.9993
430.0000 -1.0003
431.0000 -0.9989
432.0000 -1.0002
433.0000 -0.9999
434.0000 -0.9997
435.0000 -1.0000
436.0000 -0.9993
437.0000 -1.0008
438.0000 -1.0002
439.0000 -0.9991
440.0000 -0.9996
441.0000 -1.0001
442.0000 -1.0005
443.0000 -1.0002
444.0000 -0.9992
445.0000 -1.0002
446.0000 -1.0001
447.0000 -1.0002
448.0000 -0.9995
449.0000 -1.0010
450.0000 -0.9986
451.0000 -1.0016
452.0000 -0.9989
453.0000 -0.9998
454.0000 -1.0002
455.0000 -1.0000
456.0000 -1.0000
457.0000 -1.0005
458.0000 -0.9987
459.0000 -1.0014
460.0000 -0.9992
461.0000 -1.0003
462.0000 -1.0002
463.0000 -0.9994
464.0000 -1.0006
465.0000 -1.0000
466.0000 -0.9997
467.0000 -1.0002
468.0000 -0.9997
469.0000 -0.9999
470.0000 -1.0008
471.0000 -0.9998
472.0000 -0.9995
473.0000 -0.9997
474.0000 -1.0004
475.0000 -1.0002
476.0000 -0.9998
477.0000 -1.0001
478.0000 -1.0002
479.0000 -0.9995
480.0000 -1.0010
481.0000 -0.9991
482.0000 -1.0005
483.0000 -0.9998
484.0000 -1.0002
485.0000 -0.9998
486.0000 -0.9997
487.0000 -1.0003
488.0000 -0.9999
489.0000 -1.0001
490.0000 -0.9997
491.0000 -1.0007
492.0000 -0.9994
493.0000 -1.0005
494.0000 -0.9993
495.0000 -1.0007
496.0000 -0.9995
497.0000 -1.0005
498.0000 -0.9999
499.0000 -1.0003
500.0000 -0.9995
501.0000 -1.0002
502.0000 -0.9997
503.0000 -1.0008
504.0000 -0.9996
505.0000 -0.9997
506.0000 -1.0000
507.0000 -1.0003
508.0000 -0.9995
509.0000 -1.0004
510.0000 -0.9999
511.0000 -1.2452
512.0000 -1.1430
513.0000 -1.0738
514.0000 -1.0340
515.0000 -1.0118
516.0000 -1.0005
517.0000 -0.9946
518.0000 -0.9939
519.0000 -0.9933
520.0000 -0.9933
521.0000 -0.9953
522.0000 -0.9971
523.0000 -0.9981
524.0000 -0.9991
525.0000 -0.9998
526.0000 -1.0009
527.0000 -1.0004
528.0000 -1.0003
529.0000 -1.0003
530.0000 -1.0008
531.0000 -0.9999
532.0000 -1.0006
533.0000 -1.0001
534.0000 -0.9999
535.0000 -1.0003
536.0000 -1.0008
537.0000 -1.0003
538.0000 -1.0002
539.0000 -0.9994
540.0000 -1.0004
541.0000 -1.0009
542.0000 -1.0001
543.0000 -1.0000
544.0000 -1.0002
545.0000 -1.0001
546.0000 -1.0002
547.0000 -1.0000
548.0000 -1.0000
549.0000 -1.0000
550.0000 -1.0000
551.0000 -1.0003
552.0000 -1.0001
553.0000 -1.0004
554.0000 -1.0001
555.0000 -0.9995
556.0000 -1.0004
557.0000 -0.9999
558.0000 -1.0001
559.0000 -1.0003
560.0000 -1.0001
561.0000 -1.0001
562.0000 -1.0002
563.0000 -1.0000
564.0000 -0.9999
565.0000 -1.0000
566.0000 -1.0002
567.0000 -1.0000
568.0000 -0.9998
569.0000 -1.0006
570.0000 -1.0005
571.0000 -1.0001
572.0000 -1.0000
573.0000 -0.9998
574.0000 -1.0000
575.0000 -0.9996
576.0000 -1.0001
577.0000 -1.0002
578.0000 -0.9999
579.0000 -1.0001
580.0000 -1.0002
581.0000 -1.0000
582.0000 -1.0000
583.0000 -0.9997
584.0000 -1.0000
585.0000 -1.0001
586.0000 -1.0003
587.0000 -1.0001
588.0000 -0.9999
589.0000 -1.0001
590.0000 -1.0001
591.0000 -1.0002
592.0000 -0.9997
593.0000 -1.0000
594.0000 -1.0000
595.0000 -1.0001
596.0000 -0.9999
597.0000 -1.0002
598.0000 -1.0000
599.0000 -1.0003
600.0000 -0.9999
601.0000 -1.0000
602.0000 -0.9999
603.0000 -1.0001
604.0000 -0.9999
605.0000 -0.9999
606.0000 -1.0000
607.0000 -1.0001
608.0000 -1.0000
609.0000 -1.0003
610.0000 -0.9999
611.0000 1.9230
612.0000 1.9717
613.0000 1.9918
614.0000 2.0014
615.0000 2.0018
616.0000 2.0016
617.0000 2.0023
618.0000 1.9962
619.0000 2.0019
620.0000 2.0009
621.0000 1.9989
622.0000 1.9995
623.0000 2.0005
624.0000 1.9998
625.0000 2.0000
626.0000 1.9977
627.0000 2.0015
628.0000 2.0000
629.0000 1.9993
630.0000 2.0011
631.0000 1.9990
632.0000 1.9998
633.0000 2.0000
634.0000 1.9999
635.0000 2.0010
636.0000 1.9972
637.0000 2.0014
638.0000 2.0006
639.0000 1.9997
640.0000 1.9988
641.0000 1.9987
642.0000 2.0012
643.0000 2.0013
644.0000 1.9974
645.0000 2.0010
646.0000 1.9998
647.0000 2.0011
648.0000 1.9987
649.0000 2.0015
650.0000 1.9964
651.0000 2.0035
652.0000 1.9981
653.0000 2.0002
654.0000 2.0004
655.0000 1.9994
656.0000 1.9992
657.0000 2.0026
658.0000 1.9967
659.0000 2.0023
660.0000 1.9978
661.0000 2.0015
662.0000 1.9995
663.0000 1.9987
664.0000 2.0006
665.0000 2.0014
666.0000 1.9984
667.0000 2.0012
668.0000 1.9995
669.0000 1.9977
670.0000 2.0014
671.0000 2.0000
672.0000 2.0002
673.0000 1.9999
674.0000 1.9998
675.0000 2.0008
676.0000 1.9989
677.0000 1.9996
678.0000 2.0014
679.0000 1.9983
680.0000 2.0013
681.0000 1.9987
682.0000 2.0013
683.0000 1.9988
684.0000 2.0009
685.0000 2.0000
686.0000 1.9986
687.0000 2.0012
688.0000 1.9999
689.0000 1.9997
690.0000 1.9993
691.0000 2.0009
692.0000 1.9999
693.0000 1.9997
694.0000 1.9993
695.0000 2.0009
696.0000 1.9997
697.0000 1.9999
698.0000 1.9995
699.0000 2.0003
700.0000 2.0000
701.0000 2.0006
702.0000 1.9987
703.0000 2.0013
704.0000 1.9994
705.0000 2.0000
706.0000 1.9998
707.0000 2.0001
708.0000 1.9996
709.0000 2.0002
710.0000 1.9999
711.0000 3.1403
712.0000 2.3366
713.0000 1.9658
714.0000 1.8815
715.0000 1.9117
716.0000 1.9617
717.0000 1.9932
718.0000 2.0078
719.0000 2.0125
720.0000 2.0089
721.0000 2.0056
722.0000 2.0033
723.0000 2.0013
724.0000 2.0006
725.0000 2.0000
726.0000 1.9983
727.0000 2.0001
728.0000 1.9997
729.0000 1.9989
730.0000 2.0005
731.0000 1.9984
732.0000 2.0002
733.0000 1.9998
734.0000 1.9996
735.0000 2.0000
736.0000 1.9990
737.0000 2.0012
738.0000 2.0003
739.0000 1.9987
740.0000 1.9994
741.0000 2.0001
742.0000 2.0008
743.0000 2.0004
744.0000 1.9988
745.0000 2.0004
746.0000 2.0001
747.0000 2.0003
748.0000 1.9992
749.0000 2.0015
750.0000 1.9979
751.0000 2.0024
752.0000 1.9983
753.0000 1.9997
754.0000 2.0003
755.0000 2.0000
756.0000 2.0000
757.0000 2.0007
758.0000 1.9980
759.0000 2.0021
760.0000 1.9988
761.0000 2.0005
762.0000 2.0003
763.0000 1.9991
764.0000 2.0009
765.0000 2.0000
766.0000 1.9996
767.0000 2.0003
768.0000 1.9996
769.0000 1.9999
770.0000 2.0012
771.0000 1.9997
772.0000 1.9993
773.0000 1.9996
774.0000 2.0006
775.0000 2.0002
776.0000 1.9997
777.0000 2.0001
778.0000 2.0003
779.0000 1.9993
780.0000 2.0015
781.0000 1.9987
782.0000 2.0007
783.0000 1.9997
784.0000 2.0002
785.0000 1.9997
786.0000 1.9996
787.0000 2.0004
788.0000 1.9999
789.0000 2.0002
790.0000 1.9996
791.0000 2.0011
792.0000 1.9990
793.0000 2.0007
794.0000 1.9989
795.0000 2.0010
796.0000 1.9993
797.0000 2.0007
798.0000 1.9998
799.0000 2.0005
800.0000 1.9992
801.0000 2.0003
802.0000 1.9996
803.0000 2.0012
804.0000 1.9994
805.0000 1.9996
806.0000 1.9999
807.0000 2.0004
808.0000 1.9993
809.0000 2.0006
810.0000 1.9998
811.0000 2.3677
812.0000 2.2146
813.0000 2.1107
814.0000 2.0509
815.0000 2.0178
816.0000 2.0007
817.0000 1.9918
818.0000 1.9909
819.0000 1.9900
820.0000 1.9899
821.0000 1.9930
822.0000 1.9957
823.0000 1.9971
824.0000 1.9987
825.0000 1.9997
826.0000 2.0013
827.0000 2.0007
828.0000 2.0005
829.0000 2.0005
830.0000 2.0012
831.0000 1.9999
832.0000 2.0009
833.0000 2.0002
834.0000 1.9999
835.0000 2.0004
836.0000 2.0012
837.0000 2.0004
838.0000 2.0002
839.0000 1.9991
840.0000 2.0006
841.0000 2.0013
842.0000 2.0002
843.0000 2.0000
844.0000 2.0003
845.0000 2.0001
846.0000 2.0003
847.0000 1.9999
848.0000 2.0000
849.0000 2.0000
850.0000 1.9999
851.0000 2.0005
852.0000 2.0002
853.0000 2.0005
854.0000 2.0001
855.0000 1.9993
856.0000 2.0006
857.0000 1.9998
858.0000 2.0002
859.0000 2.0005
860.0000 2.0002
861.0000 2.0001
862.0000 2.0003
863.0000 2.0000
864.0000 1.9999
865.0000 1.9999
866.0000 2.0003
867.0000 2.0000
868.0000 1.9997
869.0000 2.0008
870.0000 2.0008
871.0000 2.0001
872.0000 1.9999
873.0000 1.9997
874.0000 2.0000
875.0000 1.9995
876.0000 2.0002
877.0000 2.0003
878.0000 1.9998
879.0000 2.0001
880.0000 2.0002
881.0000 2.0000
882.0000 2.0000
883.0000 1.9996
884.0000 1.9999
885.0000 2.0002
886.0000 2.0005
887.0000 2.0002
888.0000 1.9998
889.0000 2.0001
890.0000 2.0001
891.0000 2.0003
892.0000 1.9996
893.0000 2.0000
894.0000 2.0000
895.0000 2.0001
896.0000 1.9998
897.0000 2.0004
898.0000 2.0000
899.0000 2.0004
900.0000 1.9999
901.0000 2.0000
902.0000 1.9998
903.0000 2.0002
904.0000 1.9999
905.0000 1.9998
906.0000 2.0000
907.0000 2.0001
908.0000 2.0000
909.0000 2.0004
910.0000 1.9999
