1.0000 0.0000
2.0000 0.0000
3.0000 0.0000
4.0000 0.0000
5.0000 0.0000
6.0000 0.0000
7.0000 0.0000
8.0000 0.0000
9.0000 0.0000
10.0000 0.0000
11.0000 0.0249
12.0000 0.0088
13.0000 0.0003
14.0000 -0.0022
15.0000 -0.0019
16.0000 -0.0014
17.0000 -0.0003
18.0000 -0.0003
19.0000 -0.0001
20.0000 0.0000
21.0000 -0.0001
22.0000 -0.0001
23.0000 0.0002
24.0000 0.0002
25.0000 0.0001
26.0000 -0.0002
27.0000 -0.0001
28.0000 -0.0001
29.0000 0.0001
30.0000 0.0002
31.0000 -0.0001
32.0000 -0.0000
33.0000 -0.0001
34.0000 0.0001
35.0000 0.0001
36.0000 -0.0002
37.0000 -0.0001
38.0000 0.0001
39.0000 0.0001
40.0000 -0.0000
41.0000 0.0001
42.0000 0.0002
43.0000 -0.0001
44.0000 -0.0002
45.0000 -0.0000
46.0000 -0.0000
47.0000 0.0001
48.0000 0.0000
49.0000 0.0001
50.0000 -0.0002
51.0000 0.0001
52.0000 0.0001
53.0000 -0.0001
54.0000 0.0000
55.0000 -0.0000
56.0000 -0.0000
57.0000 0.0001
58.0000 -0.0002
59.0000 0.0001
60.0000 0.0000
61.0000 0.0000
62.0000 0.0000
63.0000 0.0001
64.0000 -0.0001
65.0000 0.0000
66.0000 -0.0002
67.0000 0.0001
68.0000 0.0001
69.0000 0.0000
70.0000 -0.0000
71.0000 -0.0001
72.0000 -0.0001
73.0000 -0.0001
74.0000 0.0001
75.0000 0.0002
76.0000 -0.0001
77.0000 -0.0001
78.0000 0.0002
79.0000 -0.0001
80.0000 0.0001
81.0000 -0.0001
82.0000 0.0001
83.0000 -0.0001
84.0000 0.0001
85.0000 0.0000
86.0000 -0.0002
87.0000 0.0001
88.0000 0.0001
89.0000 -0.0001
90.0000 -0.0002
91.0000 0.0001
92.0000 0.0001
93.0000 -0.0001
94.0000 -0.0002
95.0000 0.0001
96.0000 0.0001
97.0000 0.0001
98.0000 0.0000
99.0000 0.0000
100.0000 -0.0000
101.0000 -0.0001
102.0000 -0.0003
103.0000 0.0001
104.0000 0.0001
105.0000 0.0001
106.0000 0.0001
107.0000 0.0000
108.0000 0.0000
109.0000 0.0000
110.0000 0.0000
111.0000 0.4384
112.0000 0.7731
113.0000 0.9478
114.0000 1.0095
115.0000 1.0182
116.0000 1.0114
117.0000 1.0049
118.0000 1.0020
119.0000 1.0014
120.0000 1.0015
121.0000 1.0014
122.0000 1.0012
123.0000 1.0010
124.0000 1.0006
125.0000 1.0003
126.0000 1.0000
127.0000 1.0000
128.0000 0.9999
129.0000 0.9999
130.0000 1.0000
131.0000 0.9998
132.0000 1.0000
133.0000 0.9999
134.0000 1.0000
135.0000 1.0000
136.0000 0.9998
137.0000 1.0000
138.0000 1.0001
139.0000 1.0000
140.0000 1.0000
141.0000 1.0000
142.0000 1.0000
143.0000 0.9999
144.0000 0.9999
145.0000 1.0000
146.0000 1.0000
147.0000 1.0000
148.0000 0.9999
149.0000 1.0000
150.0000 0.9998
151.0000 1.0001
152.0000 1.0001
153.0000 0.9999
154.0000 1.0001
155.0000 1.0000
156.0000 1.0000
157.0000 1.0000
158.0000 0.9999
159.0000 1.0000
160.0000 0.9999
161.0000 1.0000
162.0000 1.0001
163.0000 1.0001
164.0000 1.0000
165.0000 1.0000
166.0000 0.9999
167.0000 1.0000
168.0000 1.0000
169.0000 1.0000
170.0000 1.0000
171.0000 1.0000
172.0000 0.9999
173.0000 1.0000
174.0000 1.0001
175.0000 1.0001
176.0000 0.9999
177.0000 0.9999
178.0000 1.0000
179.0000 0.9999
180.0000 1.0001
181.0000 0.9999
182.0000 1.0001
183.0000 1.0000
184.0000 1.0002
185.0000 1.0000
186.0000 1.0000
187.0000 1.0001
188.0000 1.0000
189.0000 0.9999
190.0000 0.9999
191.0000 1.0000
192.0000 1.0000
193.0000 1.0000
194.0000 0.9999
195.0000 1.0001
196.0000 1.0001
197.0000 1.0001
198.0000 1.0000
199.0000 1.0000
200.0000 0.9998
201.0000 0.9999
202.0000 0.9999
203.0000 1.0002
204.0000 1.0001
205.0000 1.0000
206.0000 1.0000
207.0000 1.0000
208.0000 0.9999
209.0000 0.9999
210.0000 0.9999
211.0000 1.0317
212.0000 1.0448
213.0000 1.0431
214.0000 1.0330
215.0000 1.0210
216.0000 1.0110
217.0000 1.0039
218.0000 1.0000
219.0000 0.9982
220.0000 0.9976
221.0000 0.9977
222.0000 0.9982
223.0000 0.9987
224.0000 0.9990
225.0000 0.9994
226.0000 0.9997
227.0000 1.0000
228.0000 1.0002
229.0000 1.0002
230.0000 1.0001
231.0000 1.0000
232.0000 1.0000
233.0000 1.0001
234.0000 1.0001
235.0000 1.0000
236.0000 1.0000
237.0000 1.0001
238.0000 1.0001
239.0000 1.0000
240.0000 1.0000
241.0000 1.0000
242.0000 0.9999
243.0000 0.9999
244.0000 1.0000
245.0000 1.0001
246.0000 1.0001
247.0000 1.0001
248.0000 1.0000
249.0000 0.9999
250.0000 1.0000
251.0000 1.0000
252.0000 1.0000
253.0000 1.0000
254.0000 1.0000
255.0000 1.0000
256.0000 1.0001
257.0000 1.0000
258.0000 1.0000
259.0000 1.0000
260.0000 0.9999
261.0000 0.9999
262.0000 1.0000
263.0000 0.9999
264.0000 0.9999
265.0000 1.0000
266.0000 1.0001
267.0000 1.0001
268.0000 0.9999
269.0000 0.9999
270.0000 0.9999
271.0000 1.0000
272.0000 1.0001
273.0000 1.0001
274.0000 1.0001
275.0000 1.0000
276.0000 1.0000
277.0000 1.0000
278.0000 1.0000
279.0000 1.0000
280.0000 1.0000
281.0000 1.0000
282.0000 1.0000
283.0000 1.0000
284.0000 1.0000
285.0000 1.0000
286.0000 1.0000
287.0000 1.0000
288.0000 0.9999
289.0000 0.9999
290.0000 1.0001
291.0000 1.0001
292.0000 1.0000
293.0000 1.0000
294.0000 1.0001
295.0000 1.0001
296.0000 1.0000
297.0000 0.9999
298.0000 0.9999
299.0000 0.9999
300.0000 0.9999
301.0000 1.0000
302.0000 1.0002
303.0000 1.0002
304.0000 1.0002
305.0000 1.0000
306.0000 0.9999
307.0000 0.9999
308.0000 0.9999
309.0000 0.9999
310.0000 0.9999
311.0000 0.9501
312.0000 0.9824
313.0000 0.9994
314.0000 1.0044
315.0000 1.0039
316.0000 1.0028
317.0000 1.0009
318.0000 1.0009
319.0000 1.0003
320.0000 1.0000
321.0000 1.0002
322.0000 1.0000
323.0000 0.9995
324.0000 0.9996
325.0000 0.9998
326.0000 1.0004
327.0000 1.0002
328.0000 1.0002
329.0000 0.9997
330.0000 0.9996
331.0000 1.0002
332.0000 1.0000
333.0000 1.0003
334.0000 0.9998
335.0000 0.9999
336.0000 1.0004
337.0000 1.0001
338.0000 0.9999
339.0000 0.9998
340.0000 1.0001
341.0000 0.9998
342.0000 0.9997
343.0000 1.0002
344.0000 1.0005
345.0000 1.0001
346.0000 1.0001
347.0000 0.9998
348.0000 0.9999
349.0000 0.9998
350.0000 1.0005
351.0000 0.9998
352.0000 0.9998
353.0000 1.0002
354.0000 0.9999
355.0000 1.0000
356.0000 1.0001
357.0000 0.9997
358.0000 1.0003
359.0000 0.9998
360.0000 1.0000
361.0000 1.0000
362.0000 1.0000
363.0000 0.9998
364.0000 1.0002
365.0000 0.9999
366.0000 1.0004
367.0000 0.9997
368.0000 0.9998
369.0000 1.0000
370.0000 1.0001
371.0000 1.0002
372.0000 1.0002
373.0000 1.0001
374.0000 0.9999
375.0000 0.9996
376.0000 1.0002
377.0000 1.0002
378.0000 0.9997
379.0000 1.0002
380.0000 0.9999
381.0000 1.0003
382.0000 0.9998
383.0000 1.0002
384.0000 0.9997
385.0000 0.9999
386.0000 1.0004
387.0000 0.9997
388.0000 0.9998
389.0000 1.0001
390.0000 1.0004
391.0000 0.9997
392.0000 0.9998
393.0000 1.0002
394.0000 1.0005
395.0000 0.9998
396.0000 0.9998
397.0000 0.9998
398.0000 0.9999
399.0000 1.0000
400.0000 1.0001
401.0000 1.0003
402.0000 1.0006
403.0000 0.9998
404.0000 0.9997
405.0000 0.9998
406.0000 0.9999
407.0000 0.9999
408.0000 1.0000
409.0000 1.0000
410.0000 1.0000
411.0000 0.1232
412.0000 -0.5462
413.0000 -0.8956
414.0000 -1.0189
415.0000 -1.0364
416.0000 -1.0227
417.0000 -1.0098
418.0000 -1.0041
419.0000 -1.0027
420.0000 -1.0029
421.0000 -1.0028
422.0000 -1.0025
423.0000 -1.0020
424.0000 -1.0013
425.0000 -1.0005
426.0000 -1.0001
427.0000 -1.0000
428.0000 -0.9997
429.0000 -0.9998
430.0000 -1.0000
431.0000 -0.9996
432.0000 -0.9999
433.0000 -0.9998
434.0000 -1.0001
435.0000 -0.9999
436.0000 -0.9997
437.0000 -0.9999
438.0000 -1.0001
439.0000 -1.0000
440.0000 -1.0000
441.0000 -1.0001
442.0000 -0.9999
443.0000 -0.9999
444.0000 -0.9998
445.0000 -1.0001
446.0000 -1.0001
447.0000 -1.0000
448.0000 -0.9999
449.0000 -1.0000
450.0000 -0.9996
451.0000 -1.0002
452.0000 -1.0001
453.0000 -0.9998
454.0000 -1.0001
455.0000 -1.0000
456.0000 -1.0001
457.0000 -1.0001
458.0000 -0.9997
459.0000 -1.0000
460.0000 -0.9999
461.0000 -1.0000
462.0000 -1.0001
463.0000 -1.0002
464.0000 -0.9999
465.0000 -1.0000
466.0000 -0.9998
467.0000 -1.0001
468.0000 -0.9999
469.0000 -0.9999
470.0000 -1.0000
471.0000 -1.0001
472.0000 -0.9999
473.0000 -0.9999
474.0000 -1.0001
475.0000 -1.0002
476.0000 -0.9998
477.0000 -0.9999
478.0000 -1.0000
479.0000 -0.9998
480.0000 -1.0001
481.0000 -0.9999
482.0000 -1.0001
483.0000 -1.0000
484.0000 -1.0003
485.0000 -1.0001
486.0000 -0.9999
487.0000 -1.0001
488.0000 -1.0000
489.0000 -0.9998
490.0000 -0.9997
491.0000 -1.0001
492.0000 -1.0000
493.0000 -0.9999
494.0000 -0.9997
495.0000 -1.0003
496.0000 -1.0002
497.0000 -1.0002
498.0000 -1.0000
499.0000 -1.0000
500.0000 -0.9997
501.0000 -0.9998
502.0000 -0.9999
503.0000 -1.0004
504.0000 -1.0002
505.0000 -1.0000
506.0000 -1.0000
507.0000 -1.0000
508.0000 -0.9999
509.0000 -0.9999
510.0000 -0.9997
511.0000 -1.0634
512.0000 -1.0896
513.0000 -1.0862
514.0000 -1.0660
515.0000 -1.0420
516.0000 -1.0219
517.0000 -1.0079
518.0000 -1.0001
519.0000 -0.9963
520.0000 -0.9951
521.0000 -0.9955
522.0000 -0.9964
523.0000 -0.9973
524.0000 -0.9981
525.0000 -0.9988
526.0000 -0.9994
527.0000 -1.0001
528.0000 -1.0004
529.0000 -1.0004
530.0000 -1.0002
531.0000 -1.0000
532.0000 -1.0001
533.0000 -1.0001
534.0000 -1.0001
535.0000 -1.0000
536.0000 -1.0001
537.0000 -1.0002
538.0000 -1.0002
539.0000 -1.0000
540.0000 -1.0001
541.0000 -1.0001
542.0000 -0.9998
543.0000 -0.9998
544.0000 -1.0000
545.0000 -1.0002
546.0000 -1.0003
547.0000 -1.0001
548.0000 -1.0000
549.0000 -0.9999
550.0000 -0.9999
551.0000 -1.0001
552.0000 -0.9999
553.0000 -1.0000
554.0000 -1.0000
555.0000 -1.0000
556.0000 -1.0002
557.0000 -1.0000
558.0000 -1.0000
559.0000 -1.0000
560.0000 -0.9999
561.0000 -0.9999
562.0000 -1.0000
563.0000 -0.9999
564.0000 -0.9999
565.0000 -1.0000
566.0000 -1.0001
567.0000 -1.0002
568.0000 -0.9999
569.0000 -0.9998
570.0000 -0.9999
571.0000 -1.0000
572.0000 -1.0002
573.0000 -1.0003
574.0000 -1.0002
575.0000 -1.0000
576.0000 -1.0000
577.0000 -1.0001
578.0000 -1.0000
579.0000 -0.9999
580.0000 -1.0000
581.0000 -1.0000
582.0000 -1.0000
583.0000 -1.0001
584.0000 -1.0000
585.0000 -0.9999
586.0000 -1.0000
587.0000 -0.9999
588.0000 -0.9997
589.0000 -0.9998
590.0000 -1.0001
591.0000 -1.0002
592.0000 -1.0001
593.0000 -1.0000
594.0000 -1.0001
595.0000 -1.0001
596.0000 -0.9999
597.0000 -0.9998
598.0000 -0.9997
599.0000 -0.9997
600.0000 -0.9998
601.0000 -1.0000
602.0000 -1.0003
603.0000 -1.0005
604.0000 -1.0003
605.0000 -1.0000
606.0000 -0.9999
607.0000 -0.9998
608.0000 -0.9998
609.0000 -0.9999
610.0000 -0.9998
611.0000 -0.9252
612.0000 -0.9735
613.0000 -0.9991
614.0000 -1.0066
615.0000 -1.0058
616.0000 -1.0042
617.0000 -1.0014
618.0000 -1.0014
619.0000 -1.0004
620.0000 -1.0000
621.0000 -1.0002
622.0000 -1.0000
623.0000 -0.9993
624.0000 -0.9994
625.0000 -0.9997
626.0000 -1.0006
627.0000 -1.0003
628.0000 -1.0003
629.0000 -0.9996
630.0000 -0.9993
631.0000 -1.0004
632.0000 -1.0001
633.0000 -1.0005
634.0000 -0.9997
635.0000 -0.9998
636.0000 -1.0007
637.0000 -1.0002
638.0000 -0.9998
639.0000 -0.9996
640.0000 -1.0001
641.0000 -0.9997
642.0000 -0.9995
643.0000 -1.0002
644.0000 -1.0008
645.0000 -1.0001
646.0000 -1.0002
647.0000 -0.9996
648.0000 -0.9998
649.0000 -0.9998
650.0000 -1.0007
651.0000 -0.9997
652.0000 -0.9997
653.0000 -1.0004
654.0000 -0.9999
655.0000 -1.0001
656.0000 -1.0001
657.0000 -0.9996
658.0000 -1.0005
659.0000 -0.9997
660.0000 -1.0000
661.0000 -1.0000
662.0000 -1.0000
663.0000 -0.9997
664.0000 -1.0003
665.0000 -0.9999
666.0000 -1.0005
667.0000 -0.9996
668.0000 -0.9996
669.0000 -1.0000
670.0000 -1.0001
671.0000 -1.0003
672.0000 -1.0003
673.0000 -1.0002
674.0000 -0.9999
675.0000 -0.9995
676.0000 -1.0004
677.0000 -1.0002
678.0000 -0.9995
679.0000 -1.0003
680.0000 -0.9998
681.0000 -1.0004
682.0000 -0.9997
683.0000 -1.0002
684.0000 -0.9996
685.0000 -0.9999
686.0000 -1.0006
687.0000 -0.9996
688.0000 -0.9997
689.0000 -1.0002
690.0000 -1.0006
691.0000 -0.9996
692.0000 -0.9997
693.0000 -1.0002
694.0000 -1.0007
695.0000 -0.9997
696.0000 -0.9997
697.0000 -0.9997
698.0000 -0.9999
699.0000 -1.0000
700.0000 -1.0001
701.0000 -1.0004
702.0000 -1.0009
703.0000 -0.9996
704.0000 -0.9996
705.0000 -0.9996
706.0000 -0.9998
707.0000 -0.9999
708.0000 -1.0000
709.0000 -1.0000
710.0000 -1.0000
711.0000 0.3152
712.0000 1.3193
713.0000 1.8435
714.0000 2.0284
715.0000 2.0545
716.0000 2.0341
717.0000 2.0147
718.0000 2.0061
719.0000 2.0041
720.0000 2.0043
721.0000 2.0042
722.0000 2.0037
723.0000 2.0031
724.0000 2.0019
725.0000 2.0008
726.0000 2.0001
727.0000 2.0000
728.0000 1.9995
729.0000 1.9998
730.0000 1.9999
731.0000 1.9994
732.0000 1.9998
733.0000 1.9997
734.0000 2.0001
735.0000 1.9998
736.0000 1.9995
737.0000 1.9999
738.0000 2.0002
739.0000 2.0000
740.0000 1.9999
741.0000 2.0001
742.0000 1.9999
743.0000 1.9998
744.0000 1.9997
745.0000 2.0001
746.0000 2.0001
747.0000 2.0000
748.0000 1.9998
749.0000 2.0000
750.0000 1.9995
751.0000 2.0003
752.0000 2.0002
753.0000 1.9998
754.0000 2.0002
755.0000 2.0000
756.0000 2.0001
757.0000 2.0001
758.0000 1.9996
759.0000 2.0001
760.0000 1.9998
761.0000 2.0000
762.0000 2.0002
763.0000 2.0003
764.0000 1.9999
765.0000 1.9999
766.0000 1.9998
767.0000 2.0001
768.0000 1.9998
769.0000 1.9999
770.0000 2.0000
771.0000 2.0001
772.0000 1.9998
773.0000 1.9999
774.0000 2.0002
775.0000 2.0003
776.0000 1.9997
777.0000 1.9998
778.0000 2.0000
779.0000 1.9997
780.0000 2.0002
781.0000 1.9998
782.0000 2.0002
783.0000 2.0000
784.0000 2.0005
785.0000 2.0001
786.0000 1.9999
787.0000 2.0002
788.0000 2.0000
789.0000 1.9997
790.0000 1.9996
791.0000 2.0001
792.0000 2.0000
793.0000 1.9999
794.0000 1.9996
795.0000 2.0004
796.0000 2.0003
797.0000 2.0003
798.0000 2.0001
799.0000 1.9999
800.0000 1.9995
801.0000 1.9997
802.0000 1.9998
803.0000 2.0005
804.0000 2.0002
805.0000 2.0000
806.0000 2.0001
807.0000 2.0000
808.0000 1.9998
809.0000 1.9998
810.0000 1.9996
811.0000 2.0951
812.0000 2.1344
813.0000 2.1293
814.0000 2.0990
815.0000 2.0630
816.0000 2.0329
817.0000 2.0118
818.0000 2.0001
819.0000 1.9945
820.0000 1.9927
821.0000 1.9932
822.0000 1.9947
823.0000 1.9960
824.0000 1.9971
825.0000 1.9981
826.0000 1.9992
827.0000 2.0001
828.0000 2.0006
829.0000 2.0006
830.0000 2.0003
831.0000 2.0000
832.0000 2.0001
833.0000 2.0002
834.0000 2.0002
835.0000 2.0000
836.0000 2.0001
837.0000 2.0003
838.0000 2.0003
839.0000 2.0001
840.0000 2.0001
841.0000 2.0001
842.0000 1.9997
843.0000 1.9997
844.0000 2.0001
845.0000 2.0004
846.0000 2.0004
847.0000 2.0002
848.0000 2.0000
849.0000 1.9998
850.0000 1.9999
851.0000 2.0001
852.0000 1.9999
853.0000 1.9999
854.0000 2.0001
855.0000 2.0001
856.0000 2.0002
857.0000 2.0001
858.0000 2.0001
859.0000 2.0000
860.0000 1.9998
861.0000 1.9998
862.0000 2.0000
863.0000 1.9998
864.0000 1.9998
865.0000 2.0000
866.0000 2.0002
867.0000 2.0002
868.0000 1.9998
869.0000 1.9997
870.0000 1.9998
871.0000 2.0001
872.0000 2.0003
873.0000 2.0004
874.0000 2.0003
875.0000 2.0000
876.0000 1.9999
877.0000 2.0001
878.0000 2.0000
879.0000 1.9999
880.0000 1.9999
881.0000 2.0000
882.0000 2.0001
883.0000 2.0001
884.0000 2.0000
885.0000 1.9999
886.0000 2.0000
887.0000 1.9999
888.0000 1.9996
889.0000 1.9997
890.0000 2.0002
891.0000 2.0004
892.0000 2.0001
893.0000 2.0001
894.0000 2.0002
895.0000 2.0002
896.0000 1.9999
897.0000 1.9997
898.0000 1.9996
899.0000 1.9996
900.0000 1.9997
901.0000 2.0001
902.0000 2.0005
903.0000 2.0007
904.0000 2.0005
905.0000 2.0001
906.0000 1.9998
907.0000 1.9997
908.0000 1.9997
909.0000 1.9998
910.0000 1.9997
