1.0000 0.0000
2.0000 0.0000
3.0000 0.0000
4.0000 0.0000
5.0000 0.0000
6.0000 0.0000
7.0000 0.0000
8.0000 0.0000
9.0000 0.0000
10.0000 0.0000
11.0000 0.0357
12.0000 0.0218
13.0000 0.0127
14.0000 0.0078
15.0000 0.0050
16.0000 0.0031
17.0000 0.0020
18.0000 0.0008
19.0000 0.0003
20.0000 0.0000
21.0000 -0.0002
22.0000 -0.0002
23.0000 -0.0001
24.0000 -0.0001
25.0000 0.0000
26.0000 -0.0001
27.0000 -0.0000
28.0000 0.0000
29.0000 0.0001
30.0000 0.0001
31.0000 -0.0000
32.0000 0.0001
33.0000 0.0001
34.0000 0.0002
35.0000 0.0002
36.0000 -0.0000
37.0000 0.0001
38.0000 0.0002
39.0000 0.0002
40.0000 0.0000
41.0000 0.0001
42.0000 0.0002
43.0000 0.0001
44.0000 -0.0001
45.0000 0.0001
46.0000 0.0000
47.0000 0.0001
48.0000 0.0001
49.0000 0.0002
50.0000 -0.0000
51.0000 0.0002
52.0000 0.0001
53.0000 0.0000
54.0000 0.0001
55.0000 0.0000
56.0000 -0.0000
57.0000 0.0001
58.0000 -0.0001
59.0000 0.0001
60.0000 0.0000
61.0000 0.0001
62.0000 -0.0000
63.0000 0.0000
64.0000 -0.0000
65.0000 0.0001
66.0000 -0.0000
67.0000 0.0002
68.0000 0.0001
69.0000 0.0000
70.0000 -0.0000
71.0000 -0.0001
72.0000 -0.0000
73.0000 0.0000
74.0000 0.0001
75.0000 0.0002
76.0000 -0.0000
77.0000 -0.0001
78.0000 0.0002
79.0000 -0.0001
80.0000 0.0001
81.0000 -0.0000
82.0000 0.0002
83.0000 0.0000
84.0000 0.0001
85.0000 0.0000
86.0000 -0.0002
87.0000 0.0001
88.0000 0.0001
89.0000 -0.0000
90.0000 -0.0001
91.0000 0.0001
92.0000 0.0001
93.0000 -0.0000
94.0000 -0.0001
95.0000 0.0001
96.0000 0.0001
97.0000 0.0001
98.0000 -0.0000
99.0000 0.0000
100.0000 0.0000
101.0000 0.0000
102.0000 -0.0002
103.0000 0.0001
104.0000 -0.0000
105.0000 0.0000
106.0000 0.0000
107.0000 0.0001
108.0000 -0.0000
109.0000 0.0000
110.0000 -0.0000
111.0000 0.2210
112.0000 0.3046
113.0000 0.2737
114.0000 0.1890
115.0000 0.1019
116.0000 0.0370
117.0000 -0.0018
118.0000 -0.0200
119.0000 -0.0249
120.0000 -0.0230
121.0000 -0.0182
122.0000 -0.0129
123.0000 -0.0082
124.0000 -0.0045
125.0000 -0.0018
126.0000 -0.0002
127.0000 0.0008
128.0000 0.0012
129.0000 0.0013
130.0000 0.0012
131.0000 0.0009
132.0000 0.0008
133.0000 0.0006
134.0000 0.0006
135.0000 0.0004
136.0000 0.0002
137.0000 0.0002
138.0000 0.0002
139.0000 0.0001
140.0000 0.0001
141.0000 0.0002
142.0000 0.0001
143.0000 0.0001
144.0000 0.0000
145.0000 0.0001
146.0000 -0.0000
147.0000 -0.0000
148.0000 -0.0000
149.0000 0.0001
150.0000 -0.0000
151.0000 0.0002
152.0000 0.0001
153.0000 0.0000
154.0000 0.0001
155.0000 0.0001
156.0000 0.0001
157.0000 0.0001
158.0000 -0.0001
159.0000 0.0001
160.0000 -0.0000
161.0000 -0.0000
162.0000 0.0000
163.0000 0.0000
164.0000 -0.0001
165.0000 -0.0001
166.0000 -0.0001
167.0000 0.0001
168.0000 0.0000
169.0000 0.0000
170.0000 0.0001
171.0000 0.0001
172.0000 0.0001
173.0000 0.0001
174.0000 0.0002
175.0000 0.0001
176.0000 -0.0001
177.0000 -0.0001
178.0000 -0.0000
179.0000 -0.0001
180.0000 0.0001
181.0000 -0.0000
182.0000 0.0001
183.0000 0.0000
184.0000 0.0000
185.0000 -0.0001
186.0000 -0.0001
187.0000 -0.0000
188.0000 -0.0000
189.0000 -0.0000
190.0000 -0.0000
191.0000 0.0001
192.0000 0.0000
193.0000 0.0000
194.0000 -0.0001
195.0000 0.0001
196.0000 -0.0000
197.0000 0.0000
198.0000 -0.0001
199.0000 -0.0000
200.0000 -0.0001
201.0000 -0.0000
202.0000 -0.0001
203.0000 0.0002
204.0000 0.0000
205.0000 -0.0000
206.0000 0.0001
207.0000 0.0001
208.0000 -0.0000
209.0000 0.0001
210.0000 0.0001
211.0000 0.1734
212.0000 0.3820
213.0000 0.5772
214.0000 0.7364
215.0000 0.8545
216.0000 0.9352
217.0000 0.9853
218.0000 1.0127
219.0000 1.0246
220.0000 1.0267
221.0000 1.0236
222.0000 1.0183
223.0000 1.0126
224.0000 1.0078
225.0000 1.0040
226.0000 1.0015
227.0000 0.9999
228.0000 0.9991
229.0000 0.9988
230.0000 0.9987
231.0000 0.9988
232.0000 0.9990
233.0000 0.9993
234.0000 0.9994
235.0000 0.9995
236.0000 0.9996
237.0000 0.9997
238.0000 0.9998
239.0000 0.9997
240.0000 0.9998
241.0000 0.9998
242.0000 0.9998
243.0000 0.9998
244.0000 0.9998
245.0000 0.9999
246.0000 0.9999
247.0000 0.9999
248.0000 0.9998
249.0000 0.9998
250.0000 0.9998
251.0000 0.9998
252.0000 0.9998
253.0000 0.9999
254.0000 0.9999
255.0000 0.9999
256.0000 1.0000
257.0000 1.0000
258.0000 1.0000
259.0000 1.0000
260.0000 0.9999
261.0000 0.9999
262.0000 0.9999
263.0000 0.9999
264.0000 0.9999
265.0000 0.9999
266.0000 1.0000
267.0000 1.0000
268.0000 0.9999
269.0000 0.9998
270.0000 0.9999
271.0000 1.0000
272.0000 1.0000
273.0000 1.0001
274.0000 1.0000
275.0000 0.9999
276.0000 0.9999
277.0000 1.0000
278.0000 0.9999
279.0000 1.0000
280.0000 1.0000
281.0000 1.0000
282.0000 1.0000
283.0000 1.0000
284.0000 0.9999
285.0000 0.9999
286.0000 1.0000
287.0000 1.0000
288.0000 0.9999
289.0000 1.0000
290.0000 1.0000
291.0000 1.0000
292.0000 0.9999
293.0000 0.9999
294.0000 1.0000
295.0000 1.0000
296.0000 1.0000
297.0000 1.0000
298.0000 0.9999
299.0000 1.0000
300.0000 0.9999
301.0000 1.0000
302.0000 1.0000
303.0000 1.0001
304.0000 1.0001
305.0000 1.0000
306.0000 1.0000
307.0000 1.0000
308.0000 0.9999
309.0000 1.0000
310.0000 1.0000
311.0000 0.9286
312.0000 0.9565
313.0000 0.9747
314.0000 0.9845
315.0000 0.9901
316.0000 0.9939
317.0000 0.9959
318.0000 0.9984
319.0000 0.9994
320.0000 0.9999
321.0000 1.0003
322.0000 1.0003
323.0000 1.0001
324.0000 1.0001
325.0000 0.9999
326.0000 1.0002
327.0000 1.0001
328.0000 1.0000
329.0000 0.9998
330.0000 0.9997
331.0000 1.0000
332.0000 0.9998
333.0000 0.9998
334.0000 0.9996
335.0000 0.9996
336.0000 1.0000
337.0000 0.9997
338.0000 0.9996
339.0000 0.9996
340.0000 1.0000
341.0000 0.9998
342.0000 0.9996
343.0000 0.9997
344.0000 1.0001
345.0000 0.9999
346.0000 1.0000
347.0000 0.9999
348.0000 0.9999
349.0000 0.9998
350.0000 1.0001
351.0000 0.9997
352.0000 0.9998
353.0000 0.9999
354.0000 0.9998
355.0000 0.9999
356.0000 1.0000
357.0000 0.9996
358.0000 1.0000
359.0000 0.9997
360.0000 0.9999
361.0000 0.9998
362.0000 1.0001
363.0000 1.0000
364.0000 1.0001
365.0000 0.9999
366.0000 1.0001
367.0000 0.9996
368.0000 0.9997
369.0000 0.9999
370.0000 1.0000
371.0000 1.0001
372.0000 1.0000
373.0000 0.9999
374.0000 0.9997
375.0000 0.9995
376.0000 1.0000
377.0000 1.0001
378.0000 0.9997
379.0000 1.0002
380.0000 0.9998
381.0000 1.0000
382.0000 0.9996
383.0000 0.9999
384.0000 0.9997
385.0000 0.9999
386.0000 1.0003
387.0000 0.9998
388.0000 0.9998
389.0000 1.0001
390.0000 1.0001
391.0000 0.9996
392.0000 0.9997
393.0000 1.0001
394.0000 1.0002
395.0000 0.9998
396.0000 0.9999
397.0000 0.9999
398.0000 1.0001
399.0000 1.0000
400.0000 1.0000
401.0000 1.0000
402.0000 1.0003
403.0000 0.9998
404.0000 1.0000
405.0000 0.9999
406.0000 0.9999
407.0000 0.9998
408.0000 0.9999
409.0000 0.9998
410.0000 0.9999
411.0000 0.5578
412.0000 0.3906
413.0000 0.4522
414.0000 0.6217
415.0000 0.7958
416.0000 0.9257
417.0000 1.0034
418.0000 1.0397
419.0000 1.0496
420.0000 1.0458
421.0000 1.0363
422.0000 1.0256
423.0000 1.0162
424.0000 1.0088
425.0000 1.0034
426.0000 1.0002
427.0000 0.9984
428.0000 0.9975
429.0000 0.9972
430.0000 0.9974
431.0000 0.9980
432.0000 0.9983
433.0000 0.9986
434.0000 0.9987
435.0000 0.9991
436.0000 0.9995
437.0000 0.9995
438.0000 0.9995
439.0000 0.9997
440.0000 0.9997
441.0000 0.9996
442.0000 0.9996
443.0000 0.9997
444.0000 0.9999
445.0000 0.9998
446.0000 1.0000
447.0000 1.0000
448.0000 1.0000
449.0000 0.9998
450.0000 0.9999
451.0000 0.9995
452.0000 0.9998
453.0000 0.9999
454.0000 0.9997
455.0000 0.9998
456.0000 0.9997
457.0000 0.9998
458.0000 1.0001
459.0000 0.9998
460.0000 1.0000
461.0000 1.0000
462.0000 0.9999
463.0000 1.0000
464.0000 1.0001
465.0000 1.0001
466.0000 1.0001
467.0000 0.9998
468.0000 0.9999
469.0000 0.9999
470.0000 0.9998
471.0000 0.9998
472.0000 0.9999
473.0000 0.9998
474.0000 0.9996
475.0000 0.9998
476.0000 1.0002
477.0000 1.0002
478.0000 1.0000
479.0000 1.0001
480.0000 0.9997
481.0000 1.0000
482.0000 0.9998
483.0000 1.0000
484.0000 0.9999
485.0000 1.0001
486.0000 1.0001
487.0000 1.0000
488.0000 1.0000
489.0000 1.0000
490.0000 1.0001
491.0000 0.9997
492.0000 0.9999
493.0000 1.0000
494.0000 1.0002
495.0000 0.9998
496.0000 1.0000
497.0000 1.0000
498.0000 1.0002
499.0000 1.0001
500.0000 1.0003
501.0000 1.0001
502.0000 1.0001
503.0000 0.9997
504.0000 0.9999
505.0000 1.0000
506.0000 0.9999
507.0000 0.9998
508.0000 1.0000
509.0000 0.9997
510.0000 0.9998
511.0000 0.6532
512.0000 0.2361
513.0000 -0.1545
514.0000 -0.4727
515.0000 -0.7090
516.0000 -0.8704
517.0000 -0.9706
518.0000 -1.0255
519.0000 -1.0492
520.0000 -1.0534
521.0000 -1.0472
522.0000 -1.0366
523.0000 -1.0253
524.0000 -1.0156
525.0000 -1.0081
526.0000 -1.0029
527.0000 -0.9998
528.0000 -0.9982
529.0000 -0.9975
530.0000 -0.9974
531.0000 -0.9976
532.0000 -0.9981
533.0000 -0.9985
534.0000 -0.9989
535.0000 -0.9990
536.0000 -0.9993
537.0000 -0.9994
538.0000 -0.9995
539.0000 -0.9994
540.0000 -0.9996
541.0000 -0.9997
542.0000 -0.9996
543.0000 -0.9996
544.0000 -0.9997
545.0000 -0.9998
546.0000 -0.9998
547.0000 -0.9997
548.0000 -0.9997
549.0000 -0.9996
550.0000 -0.9996
551.0000 -0.9997
552.0000 -0.9996
553.0000 -0.9997
554.0000 -0.9999
555.0000 -0.9999
556.0000 -1.0001
557.0000 -1.0000
558.0000 -1.0000
559.0000 -1.0000
560.0000 -0.9998
561.0000 -0.9997
562.0000 -0.9999
563.0000 -0.9999
564.0000 -0.9999
565.0000 -0.9999
566.0000 -1.0000
567.0000 -0.9999
568.0000 -0.9997
569.0000 -0.9997
570.0000 -0.9998
571.0000 -0.9999
572.0000 -1.0001
573.0000 -1.0001
574.0000 -1.0001
575.0000 -0.9998
576.0000 -0.9998
577.0000 -0.9999
578.0000 -0.9999
579.0000 -0.9999
580.0000 -1.0000
581.0000 -0.9999
582.0000 -0.9999
583.0000 -0.9999
584.0000 -0.9998
585.0000 -0.9998
586.0000 -1.0000
587.0000 -1.0000
588.0000 -0.9999
589.0000 -1.0000
590.0000 -1.0001
591.0000 -1.0001
592.0000 -0.9998
593.0000 -0.9999
594.0000 -0.9999
595.0000 -1.0000
596.0000 -0.9999
597.0000 -1.0000
598.0000 -0.9999
599.0000 -1.0000
600.0000 -0.9999
601.0000 -0.9999
602.0000 -1.0000
603.0000 -1.0002
604.0000 -1.0001
605.0000 -1.0000
606.0000 -1.0000
607.0000 -0.9999
608.0000 -0.9999
609.0000 -1.0000
610.0000 -1.0000
611.0000 -0.8929
612.0000 -0.9347
613.0000 -0.9621
614.0000 -0.9768
615.0000 -0.9851
616.0000 -0.9908
617.0000 -0.9939
618.0000 -0.9977
619.0000 -0.9991
620.0000 -0.9999
621.0000 -1.0004
622.0000 -1.0004
623.0000 -1.0001
624.0000 -1.0001
625.0000 -0.9999
626.0000 -1.0003
627.0000 -1.0001
628.0000 -1.0001
629.0000 -0.9998
630.0000 -0.9996
631.0000 -1.0000
632.0000 -0.9997
633.0000 -0.9998
634.0000 -0.9994
635.0000 -0.9993
636.0000 -0.9999
637.0000 -0.9996
638.0000 -0.9994
639.0000 -0.9994
640.0000 -0.9999
641.0000 -0.9997
642.0000 -0.9993
643.0000 -0.9996
644.0000 -1.0001
645.0000 -0.9998
646.0000 -1.0000
647.0000 -0.9999
648.0000 -0.9999
649.0000 -0.9998
650.0000 -1.0002
651.0000 -0.9995
652.0000 -0.9997
653.0000 -0.9999
654.0000 -0.9997
655.0000 -0.9998
656.0000 -0.9999
657.0000 -0.9994
658.0000 -1.0000
659.0000 -0.9995
660.0000 -0.9998
661.0000 -0.9998
662.0000 -1.0001
663.0000 -1.0001
664.0000 -1.0002
665.0000 -0.9998
666.0000 -1.0003
667.0000 -0.9995
668.0000 -0.9996
669.0000 -0.9998
670.0000 -0.9999
671.0000 -1.0001
672.0000 -0.9999
673.0000 -0.9998
674.0000 -0.9994
675.0000 -0.9993
676.0000 -1.0000
677.0000 -1.0002
678.0000 -0.9996
679.0000 -1.0004
680.0000 -0.9998
681.0000 -1.0001
682.0000 -0.9994
683.0000 -0.9999
684.0000 -0.9996
685.0000 -0.9999
686.0000 -1.0005
687.0000 -0.9997
688.0000 -0.9997
689.0000 -1.0001
690.0000 -1.0001
691.0000 -0.9994
692.0000 -0.9995
693.0000 -1.0001
694.0000 -1.0003
695.0000 -0.9997
696.0000 -0.9998
697.0000 -0.9998
698.0000 -1.0001
699.0000 -1.0000
700.0000 -1.0000
701.0000 -1.0000
702.0000 -1.0005
703.0000 -0.9997
704.0000 -0.9999
705.0000 -0.9998
706.0000 -0.9998
707.0000 -0.9996
708.0000 -0.9999
709.0000 -0.9997
710.0000 -0.9997
711.0000 -0.3365
712.0000 -0.0857
713.0000 -0.1782
714.0000 -0.4324
715.0000 -0.6936
716.0000 -0.8885
717.0000 -1.0050
718.0000 -1.0595
719.0000 -1.0743
720.0000 -1.0686
721.0000 -1.0544
722.0000 -1.0383
723.0000 -1.0242
724.0000 -1.0131
725.0000 -1.0051
726.0000 -1.0003
727.0000 -0.9975
728.0000 -0.9962
729.0000 -0.9958
730.0000 -0.9961
731.0000 -0.9970
732.0000 -0.9973
733.0000 -0.9979
734.0000 -0.9981
735.0000 -0.9987
736.0000 -0.9991
737.0000 -0.9993
738.0000 -0.9992
739.0000 -0.9995
740.0000 -0.9995
741.0000 -0.9993
742.0000 -0.9994
743.0000 -0.9995
744.0000 -0.9998
745.0000 -0.9997
746.0000 -0.9999
747.0000 -1.0000
748.0000 -0.9999
749.0000 -0.9997
750.0000 -0.9999
751.0000 -0.9992
752.0000 -0.9997
753.0000 -0.9998
754.0000 -0.9995
755.0000 -0.9997
756.0000 -0.9996
757.0000 -0.9996
758.0000 -1.0002
759.0000 -0.9997
760.0000 -1.0000
761.0000 -1.0001
762.0000 -0.9999
763.0000 -0.9999
764.0000 -1.0001
765.0000 -1.0002
766.0000 -1.0001
767.0000 -0.9997
768.0000 -0.9999
769.0000 -0.9998
770.0000 -0.9997
771.0000 -0.9997
772.0000 -0.9998
773.0000 -0.9997
774.0000 -0.9994
775.0000 -0.9997
776.0000 -1.0003
777.0000 -1.0003
778.0000 -1.0000
779.0000 -1.0002
780.0000 -0.9995
781.0000 -1.0000
782.0000 -0.9998
783.0000 -0.9999
784.0000 -0.9999
785.0000 -1.0001
786.0000 -1.0002
787.0000 -1.0000
788.0000 -1.0000
789.0000 -1.0000
790.0000 -1.0001
791.0000 -0.9996
792.0000 -0.9999
793.0000 -1.0000
794.0000 -1.0003
795.0000 -0.9998
796.0000 -1.0001
797.0000 -0.9999
798.0000 -1.0003
799.0000 -1.0001
800.0000 -1.0004
801.0000 -1.0001
802.0000 -1.0002
803.0000 -0.9995
804.0000 -0.9999
805.0000 -1.0000
806.0000 -0.9998
807.0000 -0.9997
808.0000 -1.0000
809.0000 -0.9996
810.0000 -0.9996
811.0000 -0.4799
812.0000 0.1459
813.0000 0.7317
814.0000 1.2091
815.0000 1.5635
816.0000 1.8056
817.0000 1.9558
818.0000 2.0382
819.0000 2.0738
820.0000 2.0801
821.0000 2.0708
822.0000 2.0549
823.0000 2.0379
824.0000 2.0233
825.0000 2.0121
826.0000 2.0044
827.0000 1.9997
828.0000 1.9974
829.0000 1.9963
830.0000 1.9961
831.0000 1.9964
832.0000 1.9971
833.0000 1.9978
834.0000 1.9983
835.0000 1.9985
836.0000 1.9989
837.0000 1.9992
838.0000 1.9993
839.0000 1.9991
840.0000 1.9993
841.0000 1.9995
842.0000 1.9994
843.0000 1.9993
844.0000 1.9995
845.0000 1.9997
846.0000 1.9997
847.0000 1.9996
848.0000 1.9995
849.0000 1.9994
850.0000 1.9994
851.0000 1.9995
852.0000 1.9994
853.0000 1.9996
854.0000 1.9998
855.0000 1.9998
856.0000 2.0001
857.0000 2.0000
858.0000 1.9999
859.0000 2.0000
860.0000 1.9997
861.0000 1.9996
862.0000 1.9998
863.0000 1.9998
864.0000 1.9998
865.0000 1.9998
866.0000 2.0000
867.0000 1.9999
868.0000 1.9996
869.0000 1.9995
870.0000 1.9996
871.0000 1.9999
872.0000 2.0001
873.0000 2.0002
874.0000 2.0001
875.0000 1.9997
876.0000 1.9997
877.0000 1.9999
878.0000 1.9998
879.0000 1.9999
880.0000 2.0000
881.0000 1.9999
882.0000 1.9999
883.0000 1.9999
884.0000 1.9997
885.0000 1.9998
886.0000 2.0001
887.0000 2.0000
888.0000 1.9998
889.0000 1.9999
890.0000 2.0001
891.0000 2.0001
892.0000 1.9998
893.0000 1.9998
894.0000 1.9999
895.0000 2.0001
896.0000 1.9999
897.0000 1.9999
898.0000 1.9998
899.0000 1.9999
900.0000 1.9998
901.0000 1.9999
902.0000 2.0000
903.0000 2.0002
904.0000 2.0002
905.0000 2.0000
906.0000 2.0000
907.0000 1.9999
908.0000 1.9998
909.0000 2.0000
910.0000 2.0001
