1.0000 0.0000
2.0000 0.0000
3.0000 0.0000
4.0000 0.0000
5.0000 0.0000
6.0000 0.0000
7.0000 0.0000
8.0000 0.0000
9.0000 0.0000
10.0000 -0.1097
11.0000 -0.1551
12.0000 -0.1607
13.0000 -0.1527
14.0000 -0.1420
15.0000 -0.1310
16.0000 -0.1191
17.0000 -0.1070
18.0000 -0.0949
19.0000 -0.0840
20.0000 -0.0748
21.0000 -0.0673
22.0000 -0.0611
23.0000 -0.0572
24.0000 -0.0549
25.0000 -0.0540
26.0000 -0.0539
27.0000 -0.0549
28.0000 -0.0564
29.0000 -0.0582
30.0000 -0.0606
31.0000 -0.0628
32.0000 -0.0651
33.0000 -0.0674
34.0000 -0.0694
35.0000 -0.0717
36.0000 -0.0735
37.0000 -0.0752
38.0000 -0.0766
39.0000 -0.0782
40.0000 -0.0795
41.0000 -0.0809
42.0000 -0.0819
43.0000 -0.0832
44.0000 -0.0840
45.0000 -0.0852
46.0000 -0.0860
47.0000 -0.0869
48.0000 -0.0879
49.0000 -0.0888
50.0000 -0.0896
51.0000 -0.0902
52.0000 -0.0912
53.0000 -0.0919
54.0000 -0.0925
55.0000 -0.0932
56.0000 -0.0939
57.0000 -0.0946
58.0000 -0.0952
59.0000 -0.0957
60.0000 -0.0962
61.0000 -0.0967
62.0000 -0.0974
63.0000 -0.0977
64.0000 -0.0981
65.0000 -0.0988
66.0000 -0.0990
67.0000 -0.0996
68.0000 -0.0997
69.0000 -0.1002
70.0000 -0.1005
71.0000 -0.1008
72.0000 -0.1012
73.0000 -0.1014
74.0000 -0.1017
75.0000 -0.1021
76.0000 -0.1023
77.0000 -0.1024
78.0000 -0.1028
79.0000 -0.1029
80.0000 -0.1033
81.0000 -0.1034
82.0000 -0.1036
83.0000 -0.1037
84.0000 -0.1038
85.0000 -0.1042
86.0000 -0.1043
87.0000 -0.1044
88.0000 -0.1044
89.0000 -0.1046
90.0000 -0.1049
91.0000 -0.1049
92.0000 -0.1051
93.0000 -0.1054
94.0000 -0.1053
95.0000 -0.1052
96.0000 -0.1054
97.0000 -0.1056
98.0000 -0.1057
99.0000 -0.1056
100.0000 -0.1058
101.0000 -0.1061
102.0000 -0.1059
103.0000 -0.1058
104.0000 -0.1061
105.0000 -0.1062
106.0000 -0.1060
107.0000 -0.1062
108.0000 -0.1063
109.0000 -0.1064
110.0000 1.9473
111.0000 1.0300
112.0000 0.5279
113.0000 0.4438
114.0000 0.4673
115.0000 0.4917
116.0000 0.5090
117.0000 0.5225
118.0000 0.5353
119.0000 0.5472
120.0000 0.5578
121.0000 0.5664
122.0000 0.5741
123.0000 0.5797
124.0000 0.5847
125.0000 0.5887
126.0000 0.5912
127.0000 0.5938
128.0000 0.5956
129.0000 0.5972
130.0000 0.5988
131.0000 0.5998
132.0000 0.6016
133.0000 0.6024
134.0000 0.6043
135.0000 0.6056
136.0000 0.6068
137.0000 0.6087
138.0000 0.6103
139.0000 0.6119
140.0000 0.6139
141.0000 0.6158
142.0000 0.6174
143.0000 0.6186
144.0000 0.6207
145.0000 0.6229
146.0000 0.6236
147.0000 0.6261
148.0000 0.6277
149.0000 0.6288
150.0000 0.6307
151.0000 0.6319
152.0000 0.6341
153.0000 0.6354
154.0000 0.6367
155.0000 0.6381
156.0000 0.6396
157.0000 0.6410
158.0000 0.6424
159.0000 0.6438
160.0000 0.6450
161.0000 0.6464
162.0000 0.6476
163.0000 0.6488
164.0000 0.6502
165.0000 0.6514
166.0000 0.6524
167.0000 0.6538
168.0000 0.6550
169.0000 0.6560
170.0000 0.6570
171.0000 0.6581
172.0000 0.6593
173.0000 0.6603
174.0000 0.6613
175.0000 0.6620
176.0000 0.6633
177.0000 0.6642
178.0000 0.6652
179.0000 0.6660
180.0000 0.6668
181.0000 0.6677
182.0000 0.6687
183.0000 0.6697
184.0000 0.6702
185.0000 0.6711
186.0000 0.6718
187.0000 0.6728
188.0000 0.6733
189.0000 0.6740
190.0000 0.6748
191.0000 0.6757
192.0000 0.6762
193.0000 0.6767
194.0000 0.6777
195.0000 0.6782
196.0000 0.6788
197.0000 0.6794
198.0000 0.6800
199.0000 0.6805
200.0000 0.6813
201.0000 0.6818
202.0000 0.6822
203.0000 0.6829
204.0000 0.6835
205.0000 0.6840
206.0000 0.6845
207.0000 0.6849
208.0000 0.6854
209.0000 0.6858
210.0000 0.7317
211.0000 0.7289
212.0000 0.7188
213.0000 0.7016
214.0000 0.6766
215.0000 0.6470
216.0000 0.6158
217.0000 0.5862
218.0000 0.5597
219.0000 0.5367
220.0000 0.5179
221.0000 0.5030
222.0000 0.4918
223.0000 0.4838
224.0000 0.4787
225.0000 0.4757
226.0000 0.4745
227.0000 0.4745
228.0000 0.4751
229.0000 0.4762
230.0000 0.4778
231.0000 0.4792
232.0000 0.4808
233.0000 0.4818
234.0000 0.4829
235.0000 0.4838
236.0000 0.4843
237.0000 0.4846
238.0000 0.4848
239.0000 0.4848
240.0000 0.4848
241.0000 0.4844
242.0000 0.4842
243.0000 0.4840
244.0000 0.4837
245.0000 0.4833
246.0000 0.4829
247.0000 0.4825
248.0000 0.4820
249.0000 0.4818
250.0000 0.4813
251.0000 0.4808
252.0000 0.4805
253.0000 0.4801
254.0000 0.4797
255.0000 0.4793
256.0000 0.4787
257.0000 0.4784
258.0000 0.4778
259.0000 0.4773
260.0000 0.4769
261.0000 0.4764
262.0000 0.4757
263.0000 0.4754
264.0000 0.4748
265.0000 0.4744
266.0000 0.4739
267.0000 0.4732
268.0000 0.4727
269.0000 0.4722
270.0000 0.4718
271.0000 0.4713
272.0000 0.4707
273.0000 0.4702
274.0000 0.4696
275.0000 0.4692
276.0000 0.4687
277.0000 0.4681
278.0000 0.4677
279.0000 0.4671
280.0000 0.4667
281.0000 0.4662
282.0000 0.4658
283.0000 0.4652
284.0000 0.4648
285.0000 0.4644
286.0000 0.4638
287.0000 0.4633
288.0000 0.4630
289.0000 0.4628
290.0000 0.4621
291.0000 0.4617
292.0000 0.4613
293.0000 0.4610
294.0000 0.4605
295.0000 0.4601
296.0000 0.4597
297.0000 0.4593
298.0000 0.4589
299.0000 0.4586
300.0000 0.4583
301.0000 0.4580
302.0000 0.4576
303.0000 0.4573
304.0000 0.4568
305.0000 0.4565
306.0000 0.4563
307.0000 0.4560
308.0000 0.4557
309.0000 0.4554
310.0000 0.6744
311.0000 0.7650
312.0000 0.7759
313.0000 0.7595
314.0000 0.7379
315.0000 0.7157
316.0000 0.6918
317.0000 0.6672
318.0000 0.6426
319.0000 0.6205
320.0000 0.6019
321.0000 0.5867
322.0000 0.5741
323.0000 0.5660
324.0000 0.5611
325.0000 0.5593
326.0000 0.5587
327.0000 0.5606
328.0000 0.5634
329.0000 0.5667
330.0000 0.5715
331.0000 0.5757
332.0000 0.5801
333.0000 0.5844
334.0000 0.5882
335.0000 0.5926
336.0000 0.5960
337.0000 0.5992
338.0000 0.6020
339.0000 0.6049
340.0000 0.6073
341.0000 0.6100
342.0000 0.6120
343.0000 0.6144
344.0000 0.6158
345.0000 0.6181
346.0000 0.6196
347.0000 0.6212
348.0000 0.6230
349.0000 0.6247
350.0000 0.6261
351.0000 0.6271
352.0000 0.6291
353.0000 0.6303
354.0000 0.6315
355.0000 0.6327
356.0000 0.6341
357.0000 0.6354
358.0000 0.6364
359.0000 0.6373
360.0000 0.6382
361.0000 0.6390
362.0000 0.6404
363.0000 0.6409
364.0000 0.6417
365.0000 0.6428
366.0000 0.6430
367.0000 0.6443
368.0000 0.6445
369.0000 0.6453
370.0000 0.6457
371.0000 0.6464
372.0000 0.6472
373.0000 0.6475
374.0000 0.6478
375.0000 0.6485
376.0000 0.6491
377.0000 0.6492
378.0000 0.6498
379.0000 0.6499
380.0000 0.6506
381.0000 0.6508
382.0000 0.6511
383.0000 0.6512
384.0000 0.6515
385.0000 0.6521
386.0000 0.6523
387.0000 0.6524
388.0000 0.6524
389.0000 0.6527
390.0000 0.6533
391.0000 0.6531
392.0000 0.6535
393.0000 0.6540
394.0000 0.6538
395.0000 0.6536
396.0000 0.6539
397.0000 0.6542
398.0000 0.6543
399.0000 0.6542
400.0000 0.6545
401.0000 0.6551
402.0000 0.6544
403.0000 0.6543
404.0000 0.6549
405.0000 0.6549
406.0000 0.6546
407.0000 0.6547
408.0000 0.6549
409.0000 0.6550
410.0000 -3.4525
411.0000 -1.6178
412.0000 -0.6137
413.0000 -0.4456
414.0000 -0.4927
415.0000 -0.5414
416.0000 -0.5761
417.0000 -0.6032
418.0000 -0.6288
419.0000 -0.6527
420.0000 -0.6738
421.0000 -0.6912
422.0000 -0.7066
423.0000 -0.7178
424.0000 -0.7279
425.0000 -0.7359
426.0000 -0.7410
427.0000 -0.7461
428.0000 -0.7498
429.0000 -0.7530
430.0000 -0.7563
431.0000 -0.7585
432.0000 -0.7620
433.0000 -0.7636
434.0000 -0.7674
435.0000 -0.7700
436.0000 -0.7726
437.0000 -0.7763
438.0000 -0.7796
439.0000 -0.7828
440.0000 -0.7869
441.0000 -0.7906
442.0000 -0.7939
443.0000 -0.7964
444.0000 -0.8006
445.0000 -0.8050
446.0000 -0.8065
447.0000 -0.8115
448.0000 -0.8148
449.0000 -0.8170
450.0000 -0.8208
451.0000 -0.8232
452.0000 -0.8276
453.0000 -0.8302
454.0000 -0.8328
455.0000 -0.8357
456.0000 -0.8386
457.0000 -0.8415
458.0000 -0.8443
459.0000 -0.8470
460.0000 -0.8495
461.0000 -0.8524
462.0000 -0.8549
463.0000 -0.8573
464.0000 -0.8600
465.0000 -0.8624
466.0000 -0.8644
467.0000 -0.8673
468.0000 -0.8698
469.0000 -0.8717
470.0000 -0.8737
471.0000 -0.8758
472.0000 -0.8784
473.0000 -0.8803
474.0000 -0.8824
475.0000 -0.8837
476.0000 -0.8865
477.0000 -0.8882
478.0000 -0.8902
479.0000 -0.8919
480.0000 -0.8934
481.0000 -0.8952
482.0000 -0.8973
483.0000 -0.8992
484.0000 -0.9003
485.0000 -0.9021
486.0000 -0.9035
487.0000 -0.9055
488.0000 -0.9064
489.0000 -0.9078
490.0000 -0.9096
491.0000 -0.9114
492.0000 -0.9124
493.0000 -0.9134
494.0000 -0.9153
495.0000 -0.9164
496.0000 -0.9176
497.0000 -0.9189
498.0000 -0.9201
499.0000 -0.9210
500.0000 -0.9226
501.0000 -0.9235
502.0000 -0.9244
503.0000 -0.9259
504.0000 -0.9271
505.0000 -0.9281
506.0000 -0.9290
507.0000 -0.9299
508.0000 -0.9309
509.0000 -0.9317
510.0000 -1.0235
511.0000 -1.0179
512.0000 -0.9977
513.0000 -0.9633
514.0000 -0.9132
515.0000 -0.8540
516.0000 -0.7916
517.0000 -0.7325
518.0000 -0.6796
519.0000 -0.6336
520.0000 -0.5959
521.0000 -0.5662
522.0000 -0.5437
523.0000 -0.5278
524.0000 -0.5176
525.0000 -0.5115
526.0000 -0.5092
527.0000 -0.5092
528.0000 -0.5103
529.0000 -0.5126
530.0000 -0.5158
531.0000 -0.5186
532.0000 -0.5217
533.0000 -0.5238
534.0000 -0.5259
535.0000 -0.5277
536.0000 -0.5288
537.0000 -0.5294
538.0000 -0.5297
539.0000 -0.5299
540.0000 -0.5297
541.0000 -0.5290
542.0000 -0.5286
543.0000 -0.5282
544.0000 -0.5276
545.0000 -0.5268
546.0000 -0.5260
547.0000 -0.5253
548.0000 -0.5242
549.0000 -0.5239
550.0000 -0.5228
551.0000 -0.5219
552.0000 -0.5213
553.0000 -0.5204
554.0000 -0.5196
555.0000 -0.5188
556.0000 -0.5176
557.0000 -0.5169
558.0000 -0.5158
559.0000 -0.5148
560.0000 -0.5140
561.0000 -0.5131
562.0000 -0.5116
563.0000 -0.5110
564.0000 -0.5098
565.0000 -0.5089
566.0000 -0.5080
567.0000 -0.5066
568.0000 -0.5056
569.0000 -0.5046
570.0000 -0.5038
571.0000 -0.5028
572.0000 -0.5017
573.0000 -0.5006
574.0000 -0.4993
575.0000 -0.4987
576.0000 -0.4977
577.0000 -0.4965
578.0000 -0.4956
579.0000 -0.4945
580.0000 -0.4937
581.0000 -0.4926
582.0000 -0.4919
583.0000 -0.4906
584.0000 -0.4898
585.0000 -0.4891
586.0000 -0.4879
587.0000 -0.4869
588.0000 -0.4863
589.0000 -0.4859
590.0000 -0.4845
591.0000 -0.4836
592.0000 -0.4829
593.0000 -0.4823
594.0000 -0.4812
595.0000 -0.4804
596.0000 -0.4796
597.0000 -0.4789
598.0000 -0.4781
599.0000 -0.4775
600.0000 -0.4768
601.0000 -0.4762
602.0000 -0.4756
603.0000 -0.4749
604.0000 -0.4739
605.0000 -0.4733
606.0000 -0.4728
607.0000 -0.4722
608.0000 -0.4716
609.0000 -0.4710
610.0000 -0.7994
611.0000 -0.9351
612.0000 -0.9513
613.0000 -0.9266
614.0000 -0.8941
615.0000 -0.8606
616.0000 -0.8247
617.0000 -0.7876
618.0000 -0.7505
619.0000 -0.7173
620.0000 -0.6893
621.0000 -0.6663
622.0000 -0.6474
623.0000 -0.6351
624.0000 -0.6276
625.0000 -0.6248
626.0000 -0.6239
627.0000 -0.6266
628.0000 -0.6307
629.0000 -0.6355
630.0000 -0.6426
631.0000 -0.6488
632.0000 -0.6553
633.0000 -0.6617
634.0000 -0.6673
635.0000 -0.6738
636.0000 -0.6789
637.0000 -0.6836
638.0000 -0.6876
639.0000 -0.6919
640.0000 -0.6954
641.0000 -0.6994
642.0000 -0.7024
643.0000 -0.7058
644.0000 -0.7079
645.0000 -0.7112
646.0000 -0.7134
647.0000 -0.7158
648.0000 -0.7185
649.0000 -0.7209
650.0000 -0.7229
651.0000 -0.7244
652.0000 -0.7274
653.0000 -0.7291
654.0000 -0.7307
655.0000 -0.7326
656.0000 -0.7345
657.0000 -0.7364
658.0000 -0.7379
659.0000 -0.7392
660.0000 -0.7404
661.0000 -0.7417
662.0000 -0.7437
663.0000 -0.7444
664.0000 -0.7455
665.0000 -0.7472
666.0000 -0.7474
667.0000 -0.7493
668.0000 -0.7495
669.0000 -0.7507
670.0000 -0.7512
671.0000 -0.7523
672.0000 -0.7534
673.0000 -0.7538
674.0000 -0.7543
675.0000 -0.7551
676.0000 -0.7560
677.0000 -0.7562
678.0000 -0.7571
679.0000 -0.7572
680.0000 -0.7582
681.0000 -0.7584
682.0000 -0.7589
683.0000 -0.7590
684.0000 -0.7594
685.0000 -0.7604
686.0000 -0.7606
687.0000 -0.7607
688.0000 -0.7607
689.0000 -0.7610
690.0000 -0.7619
691.0000 -0.7616
692.0000 -0.7621
693.0000 -0.7629
694.0000 -0.7625
695.0000 -0.7622
696.0000 -0.7627
697.0000 -0.7631
698.0000 -0.7632
699.0000 -0.7630
700.0000 -0.7635
701.0000 -0.7643
702.0000 -0.7632
703.0000 -0.7630
704.0000 -0.7640
705.0000 -0.7639
706.0000 -0.7634
707.0000 -0.7635
708.0000 -0.7638
709.0000 -0.7640
710.0000 5.3973
711.0000 2.6454
712.0000 1.1392
713.0000 0.8871
714.0000 0.9578
715.0000 1.0309
716.0000 1.0830
717.0000 1.1236
718.0000 1.1621
719.0000 1.1979
720.0000 1.2296
721.0000 1.2557
722.0000 1.2788
723.0000 1.2956
724.0000 1.3109
725.0000 1.3229
726.0000 1.3305
727.0000 1.3382
728.0000 1.3437
729.0000 1.3486
730.0000 1.3536
731.0000 1.3568
732.0000 1.3621
733.0000 1.3646
734.0000 1.3703
735.0000 1.3742
736.0000 1.3780
737.0000 1.3837
738.0000 1.3886
739.0000 1.3935
740.0000 1.3996
741.0000 1.4052
742.0000 1.4101
743.0000 1.4138
744.0000 1.4202
745.0000 1.4268
746.0000 1.4291
747.0000 1.4366
748.0000 1.4415
749.0000 1.4448
750.0000 1.4505
751.0000 1.4542
752.0000 1.4609
753.0000 1.4647
754.0000 1.4687
755.0000 1.4730
756.0000 1.4773
757.0000 1.4817
758.0000 1.4859
759.0000 1.4901
760.0000 1.4937
761.0000 1.4981
762.0000 1.5018
763.0000 1.5054
764.0000 1.5095
765.0000 1.5132
766.0000 1.5161
767.0000 1.5205
768.0000 1.5242
769.0000 1.5270
770.0000 1.5301
771.0000 1.5333
772.0000 1.5372
773.0000 1.5400
774.0000 1.5432
775.0000 1.5451
776.0000 1.5493
777.0000 1.5519
778.0000 1.5549
779.0000 1.5574
780.0000 1.5598
781.0000 1.5624
782.0000 1.5656
783.0000 1.5685
784.0000 1.5701
785.0000 1.5727
786.0000 1.5749
787.0000 1.5779
788.0000 1.5793
789.0000 1.5814
790.0000 1.5841
791.0000 1.5868
792.0000 1.5883
793.0000 1.5898
794.0000 1.5926
795.0000 1.5943
796.0000 1.5960
797.0000 1.5980
798.0000 1.5998
799.0000 1.6013
800.0000 1.6037
801.0000 1.6050
802.0000 1.6064
803.0000 1.6085
804.0000 1.6103
805.0000 1.6119
806.0000 1.6132
807.0000 1.6146
808.0000 1.6161
809.0000 1.6173
810.0000 1.7550
811.0000 1.7466
812.0000 1.7164
813.0000 1.6647
814.0000 1.5896
815.0000 1.5008
816.0000 1.4072
817.0000 1.3185
818.0000 1.2391
819.0000 1.1702
820.0000 1.1137
821.0000 1.0691
822.0000 1.0354
823.0000 1.0115
824.0000 0.9961
825.0000 0.9871
826.0000 0.9836
827.0000 0.9835
828.0000 0.9852
829.0000 0.9887
830.0000 0.9934
831.0000 0.9977
832.0000 1.0024
833.0000 1.0056
834.0000 1.0087
835.0000 1.0114
836.0000 1.0131
837.0000 1.0139
838.0000 1.0144
839.0000 1.0146
840.0000 1.0144
841.0000 1.0134
842.0000 1.0128
843.0000 1.0121
844.0000 1.0112
845.0000 1.0100
846.0000 1.0088
847.0000 1.0077
848.0000 1.0062
849.0000 1.0056
850.0000 1.0041
851.0000 1.0026
852.0000 1.0018
853.0000 1.0004
854.0000 0.9993
855.0000 0.9980
856.0000 0.9963
857.0000 0.9952
858.0000 0.9935
859.0000 0.9921
860.0000 0.9909
861.0000 0.9894
862.0000 0.9872
863.0000 0.9863
864.0000 0.9846
865.0000 0.9832
866.0000 0.9818
867.0000 0.9797
868.0000 0.9783
869.0000 0.9767
870.0000 0.9755
871.0000 0.9740
872.0000 0.9724
873.0000 0.9708
874.0000 0.9688
875.0000 0.9679
876.0000 0.9664
877.0000 0.9646
878.0000 0.9632
879.0000 0.9616
880.0000 0.9604
881.0000 0.9588
882.0000 0.9576
883.0000 0.9558
884.0000 0.9545
885.0000 0.9535
886.0000 0.9517
887.0000 0.9502
888.0000 0.9493
889.0000 0.9486
890.0000 0.9466
891.0000 0.9452
892.0000 0.9441
893.0000 0.9433
894.0000 0.9417
895.0000 0.9405
896.0000 0.9393
897.0000 0.9381
898.0000 0.9370
899.0000 0.9362
900.0000 0.9351
901.0000 0.9342
902.0000 0.9332
903.0000 0.9321
904.0000 0.9307
905.0000 0.9298
906.0000 0.9291
907.0000 0.9281
908.0000 0.9272
909.0000 0.9263
910.0000 0.9253
