1.0000 0.0000
2.0000 0.0000
3.0000 0.0000
4.0000 0.0000
5.0000 0.0000
6.0000 0.0000
7.0000 0.0000
8.0000 0.0000
9.0000 0.0000
10.0000 0.1938
11.0000 0.2340
12.0000 0.2181
13.0000 0.1834
14.0000 0.1423
15.0000 0.0995
16.0000 0.0583
17.0000 0.0211
18.0000 -0.0101
19.0000 -0.0344
20.0000 -0.0517
21.0000 -0.0621
22.0000 -0.0666
23.0000 -0.0663
24.0000 -0.0623
25.0000 -0.0556
26.0000 -0.0471
27.0000 -0.0377
28.0000 -0.0280
29.0000 -0.0185
30.0000 -0.0096
31.0000 -0.0013
32.0000 0.0061
33.0000 0.0127
34.0000 0.0185
35.0000 0.0234
36.0000 0.0278
37.0000 0.0315
38.0000 0.0349
39.0000 0.0378
40.0000 0.0405
41.0000 0.0429
42.0000 0.0452
43.0000 0.0474
44.0000 0.0496
45.0000 0.0516
46.0000 0.0536
47.0000 0.0556
48.0000 0.0575
49.0000 0.0594
50.0000 0.0614
51.0000 0.0634
52.0000 0.0651
53.0000 0.0670
54.0000 0.0688
55.0000 0.0705
56.0000 0.0722
57.0000 0.0738
58.0000 0.0754
59.0000 0.0769
60.0000 0.0784
61.0000 0.0799
62.0000 0.0813
63.0000 0.0827
64.0000 0.0841
65.0000 0.0853
66.0000 0.0867
67.0000 0.0878
68.0000 0.0891
69.0000 0.0903
70.0000 0.0915
71.0000 0.0926
72.0000 0.0936
73.0000 0.0947
74.0000 0.0958
75.0000 0.0968
76.0000 0.0977
77.0000 0.0988
78.0000 0.0997
79.0000 0.1006
80.0000 0.1015
81.0000 0.1024
82.0000 0.1032
83.0000 0.1041
84.0000 0.1049
85.0000 0.1056
86.0000 0.1064
87.0000 0.1072
88.0000 0.1080
89.0000 0.1087
90.0000 0.1093
91.0000 0.1101
92.0000 0.1107
93.0000 0.1113
94.0000 0.1120
95.0000 0.1127
96.0000 0.1133
97.0000 0.1138
98.0000 0.1144
99.0000 0.1150
100.0000 0.1155
101.0000 0.1159
102.0000 0.1166
103.0000 0.1171
104.0000 0.1175
105.0000 0.1180
106.0000 0.1185
107.0000 0.1190
108.0000 0.1194
109.0000 0.1198
110.0000 0.7685
111.0000 0.4906
112.0000 0.3402
113.0000 0.3044
114.0000 0.2878
115.0000 0.2646
116.0000 0.2385
117.0000 0.2146
118.0000 0.1956
119.0000 0.1823
120.0000 0.1744
121.0000 0.1713
122.0000 0.1724
123.0000 0.1766
124.0000 0.1834
125.0000 0.1916
126.0000 0.2005
127.0000 0.2099
128.0000 0.2191
129.0000 0.2279
130.0000 0.2361
131.0000 0.2434
132.0000 0.2501
133.0000 0.2558
134.0000 0.2612
135.0000 0.2656
136.0000 0.2695
137.0000 0.2731
138.0000 0.2762
139.0000 0.2790
140.0000 0.2818
141.0000 0.2842
142.0000 0.2864
143.0000 0.2885
144.0000 0.2907
145.0000 0.2930
146.0000 0.2947
147.0000 0.2968
148.0000 0.2988
149.0000 0.3005
150.0000 0.3024
151.0000 0.3041
152.0000 0.3061
153.0000 0.3078
154.0000 0.3095
155.0000 0.3110
156.0000 0.3126
157.0000 0.3141
158.0000 0.3157
159.0000 0.3171
160.0000 0.3184
161.0000 0.3197
162.0000 0.3210
163.0000 0.3221
164.0000 0.3234
165.0000 0.3245
166.0000 0.3256
167.0000 0.3267
168.0000 0.3278
169.0000 0.3288
170.0000 0.3297
171.0000 0.3308
172.0000 0.3318
173.0000 0.3327
174.0000 0.3336
175.0000 0.3343
176.0000 0.3352
177.0000 0.3360
178.0000 0.3368
179.0000 0.3375
180.0000 0.3382
181.0000 0.3389
182.0000 0.3397
183.0000 0.3404
184.0000 0.3410
185.0000 0.3416
186.0000 0.3422
187.0000 0.3428
188.0000 0.3433
189.0000 0.3439
190.0000 0.3445
191.0000 0.3450
192.0000 0.3455
193.0000 0.3459
194.0000 0.3465
195.0000 0.3469
196.0000 0.3473
197.0000 0.3477
198.0000 0.3481
199.0000 0.3485
200.0000 0.3489
201.0000 0.3492
202.0000 0.3495
203.0000 0.3499
204.0000 0.3502
205.0000 0.3505
206.0000 0.3508
207.0000 0.3511
208.0000 0.3513
209.0000 0.3516
210.0000 0.2662
211.0000 0.2304
212.0000 0.2465
213.0000 0.2965
214.0000 0.3619
215.0000 0.4295
216.0000 0.4908
217.0000 0.5409
218.0000 0.5778
219.0000 0.6013
220.0000 0.6125
221.0000 0.6130
222.0000 0.6051
223.0000 0.5908
224.0000 0.5723
225.0000 0.5513
226.0000 0.5292
227.0000 0.5073
228.0000 0.4862
229.0000 0.4667
230.0000 0.4490
231.0000 0.4332
232.0000 0.4194
233.0000 0.4074
234.0000 0.3970
235.0000 0.3879
236.0000 0.3801
237.0000 0.3731
238.0000 0.3670
239.0000 0.3614
240.0000 0.3562
241.0000 0.3514
242.0000 0.3469
243.0000 0.3425
244.0000 0.3382
245.0000 0.3339
246.0000 0.3298
247.0000 0.3258
248.0000 0.3218
249.0000 0.3180
250.0000 0.3142
251.0000 0.3105
252.0000 0.3069
253.0000 0.3033
254.0000 0.3000
255.0000 0.2967
256.0000 0.2936
257.0000 0.2905
258.0000 0.2875
259.0000 0.2847
260.0000 0.2819
261.0000 0.2792
262.0000 0.2766
263.0000 0.2742
264.0000 0.2717
265.0000 0.2693
266.0000 0.2670
267.0000 0.2647
268.0000 0.2625
269.0000 0.2604
270.0000 0.2584
271.0000 0.2564
272.0000 0.2544
273.0000 0.2525
274.0000 0.2507
275.0000 0.2490
276.0000 0.2472
277.0000 0.2455
278.0000 0.2439
279.0000 0.2423
280.0000 0.2408
281.0000 0.2393
282.0000 0.2379
283.0000 0.2364
284.0000 0.2351
285.0000 0.2337
286.0000 0.2324
287.0000 0.2311
288.0000 0.2299
289.0000 0.2288
290.0000 0.2276
291.0000 0.2264
292.0000 0.2253
293.0000 0.2243
294.0000 0.2232
295.0000 0.2222
296.0000 0.2212
297.0000 0.2202
298.0000 0.2193
299.0000 0.2184
300.0000 0.2175
301.0000 0.2167
302.0000 0.2158
303.0000 0.2150
304.0000 0.2141
305.0000 0.2133
306.0000 0.2126
307.0000 0.2119
308.0000 0.2112
309.0000 0.2104
310.0000 -0.1778
311.0000 -0.2588
312.0000 -0.2277
313.0000 -0.1590
314.0000 -0.0773
315.0000 0.0078
316.0000 0.0896
317.0000 0.1634
318.0000 0.2253
319.0000 0.2734
320.0000 0.3074
321.0000 0.3279
322.0000 0.3362
323.0000 0.3352
324.0000 0.3267
325.0000 0.3130
326.0000 0.2955
327.0000 0.2763
328.0000 0.2565
329.0000 0.2370
330.0000 0.2189
331.0000 0.2020
332.0000 0.1868
333.0000 0.1733
334.0000 0.1614
335.0000 0.1512
336.0000 0.1422
337.0000 0.1343
338.0000 0.1273
339.0000 0.1212
340.0000 0.1155
341.0000 0.1104
342.0000 0.1055
343.0000 0.1009
344.0000 0.0963
345.0000 0.0920
346.0000 0.0877
347.0000 0.0835
348.0000 0.0794
349.0000 0.0754
350.0000 0.0713
351.0000 0.0672
352.0000 0.0635
353.0000 0.0596
354.0000 0.0558
355.0000 0.0521
356.0000 0.0486
357.0000 0.0452
358.0000 0.0418
359.0000 0.0386
360.0000 0.0353
361.0000 0.0322
362.0000 0.0294
363.0000 0.0264
364.0000 0.0236
365.0000 0.0209
366.0000 0.0181
367.0000 0.0157
368.0000 0.0130
369.0000 0.0106
370.0000 0.0081
371.0000 0.0058
372.0000 0.0036
373.0000 0.0013
374.0000 -0.0010
375.0000 -0.0031
376.0000 -0.0051
377.0000 -0.0072
378.0000 -0.0092
379.0000 -0.0112
380.0000 -0.0129
381.0000 -0.0148
382.0000 -0.0166
383.0000 -0.0184
384.0000 -0.0201
385.0000 -0.0217
386.0000 -0.0233
387.0000 -0.0249
388.0000 -0.0265
389.0000 -0.0280
390.0000 -0.0293
391.0000 -0.0308
392.0000 -0.0322
393.0000 -0.0335
394.0000 -0.0349
395.0000 -0.0363
396.0000 -0.0375
397.0000 -0.0386
398.0000 -0.0398
399.0000 -0.0410
400.0000 -0.0420
401.0000 -0.0429
402.0000 -0.0442
403.0000 -0.0452
404.0000 -0.0460
405.0000 -0.0469
406.0000 -0.0480
407.0000 -0.0488
408.0000 -0.0496
409.0000 -0.0505
410.0000 -1.3478
411.0000 -0.7920
412.0000 -0.4913
413.0000 -0.4197
414.0000 -0.3864
415.0000 -0.3400
416.0000 -0.2879
417.0000 -0.2401
418.0000 -0.2021
419.0000 -0.1755
420.0000 -0.1597
421.0000 -0.1535
422.0000 -0.1558
423.0000 -0.1641
424.0000 -0.1777
425.0000 -0.1940
426.0000 -0.2119
427.0000 -0.2308
428.0000 -0.2491
429.0000 -0.2667
430.0000 -0.2831
431.0000 -0.2978
432.0000 -0.3111
433.0000 -0.3226
434.0000 -0.3332
435.0000 -0.3422
436.0000 -0.3499
437.0000 -0.3571
438.0000 -0.3634
439.0000 -0.3689
440.0000 -0.3744
441.0000 -0.3793
442.0000 -0.3838
443.0000 -0.3879
444.0000 -0.3924
445.0000 -0.3968
446.0000 -0.4003
447.0000 -0.4046
448.0000 -0.4085
449.0000 -0.4119
450.0000 -0.4158
451.0000 -0.4192
452.0000 -0.4233
453.0000 -0.4265
454.0000 -0.4299
455.0000 -0.4330
456.0000 -0.4362
457.0000 -0.4393
458.0000 -0.4423
459.0000 -0.4451
460.0000 -0.4478
461.0000 -0.4505
462.0000 -0.4530
463.0000 -0.4553
464.0000 -0.4578
465.0000 -0.4601
466.0000 -0.4622
467.0000 -0.4645
468.0000 -0.4667
469.0000 -0.4686
470.0000 -0.4705
471.0000 -0.4726
472.0000 -0.4746
473.0000 -0.4764
474.0000 -0.4782
475.0000 -0.4796
476.0000 -0.4815
477.0000 -0.4830
478.0000 -0.4847
479.0000 -0.4861
480.0000 -0.4875
481.0000 -0.4889
482.0000 -0.4904
483.0000 -0.4918
484.0000 -0.4930
485.0000 -0.4943
486.0000 -0.4955
487.0000 -0.4967
488.0000 -0.4977
489.0000 -0.4988
490.0000 -0.5000
491.0000 -0.5012
492.0000 -0.5021
493.0000 -0.5030
494.0000 -0.5041
495.0000 -0.5049
496.0000 -0.5058
497.0000 -0.5066
498.0000 -0.5073
499.0000 -0.5081
500.0000 -0.5089
501.0000 -0.5095
502.0000 -0.5101
503.0000 -0.5110
504.0000 -0.5116
505.0000 -0.5122
506.0000 -0.5127
507.0000 -0.5133
508.0000 -0.5138
509.0000 -0.5143
510.0000 -0.3436
511.0000 -0.2719
512.0000 -0.3042
513.0000 -0.4041
514.0000 -0.5349
515.0000 -0.6703
516.0000 -0.7927
517.0000 -0.8931
518.0000 -0.9669
519.0000 -1.0139
520.0000 -1.0362
521.0000 -1.0373
522.0000 -1.0213
523.0000 -0.9928
524.0000 -0.9559
525.0000 -0.9138
526.0000 -0.8696
527.0000 -0.8258
528.0000 -0.7836
529.0000 -0.7446
530.0000 -0.7092
531.0000 -0.6777
532.0000 -0.6501
533.0000 -0.6260
534.0000 -0.6052
535.0000 -0.5871
536.0000 -0.5714
537.0000 -0.5575
538.0000 -0.5452
539.0000 -0.5341
540.0000 -0.5237
541.0000 -0.5141
542.0000 -0.5050
543.0000 -0.4962
544.0000 -0.4876
545.0000 -0.4791
546.0000 -0.4708
547.0000 -0.4629
548.0000 -0.4549
549.0000 -0.4472
550.0000 -0.4396
551.0000 -0.4322
552.0000 -0.4250
553.0000 -0.4179
554.0000 -0.4113
555.0000 -0.4047
556.0000 -0.3984
557.0000 -0.3923
558.0000 -0.3863
559.0000 -0.3806
560.0000 -0.3751
561.0000 -0.3697
562.0000 -0.3644
563.0000 -0.3596
564.0000 -0.3547
565.0000 -0.3498
566.0000 -0.3452
567.0000 -0.3406
568.0000 -0.3363
569.0000 -0.3321
570.0000 -0.3280
571.0000 -0.3241
572.0000 -0.3200
573.0000 -0.3163
574.0000 -0.3126
575.0000 -0.3093
576.0000 -0.3057
577.0000 -0.3023
578.0000 -0.2992
579.0000 -0.2959
580.0000 -0.2929
581.0000 -0.2898
582.0000 -0.2870
583.0000 -0.2841
584.0000 -0.2814
585.0000 -0.2787
586.0000 -0.2761
587.0000 -0.2735
588.0000 -0.2712
589.0000 -0.2689
590.0000 -0.2665
591.0000 -0.2641
592.0000 -0.2619
593.0000 -0.2599
594.0000 -0.2577
595.0000 -0.2557
596.0000 -0.2537
597.0000 -0.2517
598.0000 -0.2500
599.0000 -0.2482
600.0000 -0.2464
601.0000 -0.2446
602.0000 -0.2430
603.0000 -0.2413
604.0000 -0.2396
605.0000 -0.2380
606.0000 -0.2366
607.0000 -0.2351
608.0000 -0.2336
609.0000 -0.2322
610.0000 0.3505
611.0000 0.4723
612.0000 0.4260
613.0000 0.3232
614.0000 0.2009
615.0000 0.0737
616.0000 -0.0488
617.0000 -0.1593
618.0000 -0.2517
619.0000 -0.3237
620.0000 -0.3744
621.0000 -0.4049
622.0000 -0.4172
623.0000 -0.4154
624.0000 -0.4024
625.0000 -0.3816
626.0000 -0.3552
627.0000 -0.3262
628.0000 -0.2964
629.0000 -0.2669
630.0000 -0.2396
631.0000 -0.2140
632.0000 -0.1910
633.0000 -0.1706
634.0000 -0.1525
635.0000 -0.1372
636.0000 -0.1234
637.0000 -0.1114
638.0000 -0.1008
639.0000 -0.0914
640.0000 -0.0828
641.0000 -0.0750
642.0000 -0.0675
643.0000 -0.0605
644.0000 -0.0534
645.0000 -0.0469
646.0000 -0.0403
647.0000 -0.0339
648.0000 -0.0277
649.0000 -0.0216
650.0000 -0.0153
651.0000 -0.0090
652.0000 -0.0034
653.0000 0.0026
654.0000 0.0084
655.0000 0.0139
656.0000 0.0193
657.0000 0.0245
658.0000 0.0297
659.0000 0.0347
660.0000 0.0396
661.0000 0.0443
662.0000 0.0486
663.0000 0.0532
664.0000 0.0575
665.0000 0.0615
666.0000 0.0658
667.0000 0.0695
668.0000 0.0736
669.0000 0.0773
670.0000 0.0811
671.0000 0.0845
672.0000 0.0879
673.0000 0.0914
674.0000 0.0949
675.0000 0.0981
676.0000 0.1012
677.0000 0.1044
678.0000 0.1073
679.0000 0.1104
680.0000 0.1131
681.0000 0.1159
682.0000 0.1187
683.0000 0.1214
684.0000 0.1240
685.0000 0.1264
686.0000 0.1288
687.0000 0.1313
688.0000 0.1337
689.0000 0.1360
690.0000 0.1380
691.0000 0.1403
692.0000 0.1424
693.0000 0.1443
694.0000 0.1465
695.0000 0.1486
696.0000 0.1504
697.0000 0.1521
698.0000 0.1539
699.0000 0.1556
700.0000 0.1572
701.0000 0.1586
702.0000 0.1605
703.0000 0.1620
704.0000 0.1632
705.0000 0.1646
706.0000 0.1661
707.0000 0.1674
708.0000 0.1686
709.0000 0.1698
710.0000 2.1158
711.0000 1.2822
712.0000 0.8311
713.0000 0.7236
714.0000 0.6738
715.0000 0.6042
716.0000 0.5261
717.0000 0.4544
718.0000 0.3973
719.0000 0.3574
720.0000 0.3337
721.0000 0.3245
722.0000 0.3279
723.0000 0.3404
724.0000 0.3606
725.0000 0.3852
726.0000 0.4120
727.0000 0.4403
728.0000 0.4678
729.0000 0.4941
730.0000 0.5188
731.0000 0.5408
732.0000 0.5609
733.0000 0.5780
734.0000 0.5939
735.0000 0.6074
736.0000 0.6190
737.0000 0.6297
738.0000 0.6392
739.0000 0.6475
740.0000 0.6558
741.0000 0.6632
742.0000 0.6698
743.0000 0.6761
744.0000 0.6827
745.0000 0.6894
746.0000 0.6945
747.0000 0.7011
748.0000 0.7069
749.0000 0.7120
750.0000 0.7179
751.0000 0.7230
752.0000 0.7290
753.0000 0.7339
754.0000 0.7390
755.0000 0.7437
756.0000 0.7485
757.0000 0.7531
758.0000 0.7577
759.0000 0.7619
760.0000 0.7659
761.0000 0.7699
762.0000 0.7737
763.0000 0.7771
764.0000 0.7809
765.0000 0.7844
766.0000 0.7875
767.0000 0.7909
768.0000 0.7942
769.0000 0.7971
770.0000 0.8000
771.0000 0.8031
772.0000 0.8061
773.0000 0.8088
774.0000 0.8115
775.0000 0.8137
776.0000 0.8165
777.0000 0.8188
778.0000 0.8212
779.0000 0.8234
780.0000 0.8255
781.0000 0.8276
782.0000 0.8298
783.0000 0.8320
784.0000 0.8338
785.0000 0.8357
786.0000 0.8374
787.0000 0.8393
788.0000 0.8408
789.0000 0.8425
790.0000 0.8443
791.0000 0.8460
792.0000 0.8474
793.0000 0.8487
794.0000 0.8504
795.0000 0.8516
796.0000 0.8529
797.0000 0.8541
798.0000 0.8552
799.0000 0.8563
800.0000 0.8576
801.0000 0.8585
802.0000 0.8594
803.0000 0.8607
804.0000 0.8617
805.0000 0.8626
806.0000 0.8634
807.0000 0.8642
808.0000 0.8649
809.0000 0.8658
810.0000 0.6097
811.0000 0.5022
812.0000 0.5506
813.0000 0.7005
814.0000 0.8967
815.0000 1.0997
816.0000 1.2834
817.0000 1.4339
818.0000 1.5446
819.0000 1.6151
820.0000 1.6486
821.0000 1.6502
822.0000 1.6263
823.0000 1.5836
824.0000 1.5281
825.0000 1.4650
826.0000 1.3987
827.0000 1.3330
828.0000 1.2698
829.0000 1.2112
830.0000 1.1581
831.0000 1.1108
832.0000 1.0695
833.0000 1.0333
834.0000 1.0021
835.0000 0.9750
836.0000 0.9514
837.0000 0.9305
838.0000 0.9121
839.0000 0.8954
840.0000 0.8799
841.0000 0.8654
842.0000 0.8517
843.0000 0.8386
844.0000 0.8257
845.0000 0.8129
846.0000 0.8006
847.0000 0.7886
848.0000 0.7767
849.0000 0.7652
850.0000 0.7538
851.0000 0.7427
852.0000 0.7319
853.0000 0.7212
854.0000 0.7112
855.0000 0.7014
856.0000 0.6919
857.0000 0.6828
858.0000 0.6738
859.0000 0.6652
860.0000 0.6570
861.0000 0.6489
862.0000 0.6409
863.0000 0.6337
864.0000 0.6264
865.0000 0.6191
866.0000 0.6121
867.0000 0.6053
868.0000 0.5988
869.0000 0.5925
870.0000 0.5864
871.0000 0.5804
872.0000 0.5744
873.0000 0.5688
874.0000 0.5633
875.0000 0.5582
876.0000 0.5529
877.0000 0.5478
878.0000 0.5431
879.0000 0.5382
880.0000 0.5337
881.0000 0.5291
882.0000 0.5249
883.0000 0.5205
884.0000 0.5164
885.0000 0.5124
886.0000 0.5085
887.0000 0.5046
888.0000 0.5011
889.0000 0.4977
890.0000 0.4940
891.0000 0.4905
892.0000 0.4871
893.0000 0.4841
894.0000 0.4809
895.0000 0.4779
896.0000 0.4749
897.0000 0.4720
898.0000 0.4693
899.0000 0.4666
900.0000 0.4639
901.0000 0.4613
902.0000 0.4588
903.0000 0.4563
904.0000 0.4537
905.0000 0.4513
906.0000 0.4492
907.0000 0.4470
908.0000 0.4448
909.0000 0.4426
910.0000 0.4407
