1.0000 0.0000
2.0000 0.0000
3.0000 0.0000
4.0000 0.0000
5.0000 0.0000
6.0000 0.0000
7.0000 0.0000
8.0000 0.0000
9.0000 0.0000
10.0000 0.6531
11.0000 0.9852
12.0000 1.1800
13.0000 1.3114
14.0000 1.4013
15.0000 1.4560
16.0000 1.4805
17.0000 1.4816
18.0000 1.4666
19.0000 1.4423
20.0000 1.4138
21.0000 1.3852
22.0000 1.3589
23.0000 1.3366
24.0000 1.3188
25.0000 1.3057
26.0000 1.2972
27.0000 1.2925
28.0000 1.2910
29.0000 1.2920
30.0000 1.2947
31.0000 1.2986
32.0000 1.3033
33.0000 1.3082
34.0000 1.3131
35.0000 1.3177
36.0000 1.3218
37.0000 1.3256
38.0000 1.3287
39.0000 1.3315
40.0000 1.3337
41.0000 1.3356
42.0000 1.3372
43.0000 1.3384
44.0000 1.3394
45.0000 1.3403
46.0000 1.3411
47.0000 1.3417
48.0000 1.3422
49.0000 1.3427
50.0000 1.3433
51.0000 1.3438
52.0000 1.3443
53.0000 1.3448
54.0000 1.3454
55.0000 1.3458
56.0000 1.3463
57.0000 1.3467
58.0000 1.3472
59.0000 1.3476
60.0000 1.3480
61.0000 1.3483
62.0000 1.3487
63.0000 1.3490
64.0000 1.3493
65.0000 1.3496
66.0000 1.3499
67.0000 1.3502
68.0000 1.3505
69.0000 1.3508
70.0000 1.3511
71.0000 1.3513
72.0000 1.3515
73.0000 1.3517
74.0000 1.3518
75.0000 1.3520
76.0000 1.3522
77.0000 1.3524
78.0000 1.3526
79.0000 1.3528
80.0000 1.3529
81.0000 1.3530
82.0000 1.3532
83.0000 1.3533
84.0000 1.3535
85.0000 1.3536
86.0000 1.3537
87.0000 1.3538
88.0000 1.3539
89.0000 1.3540
90.0000 1.3541
91.0000 1.3542
92.0000 1.3543
93.0000 1.3544
94.0000 1.3545
95.0000 1.3546
96.0000 1.3547
97.0000 1.3548
98.0000 1.3548
99.0000 1.3548
100.0000 1.3548
101.0000 1.3549
102.0000 1.3550
103.0000 1.3551
104.0000 1.3551
105.0000 1.3552
106.0000 1.3552
107.0000 1.3553
108.0000 1.3553
109.0000 1.3553
110.0000 1.7019
111.0000 1.9488
112.0000 2.1444
113.0000 2.2838
114.0000 2.3693
115.0000 2.4132
116.0000 2.4283
117.0000 2.4246
118.0000 2.4091
119.0000 2.3877
120.0000 2.3642
121.0000 2.3413
122.0000 2.3207
123.0000 2.3034
124.0000 2.2898
125.0000 2.2796
126.0000 2.2729
127.0000 2.2688
128.0000 2.2669
129.0000 2.2667
130.0000 2.2677
131.0000 2.2695
132.0000 2.2713
133.0000 2.2734
134.0000 2.2754
135.0000 2.2771
136.0000 2.2784
137.0000 2.2793
138.0000 2.2799
139.0000 2.2798
140.0000 2.2797
141.0000 2.2794
142.0000 2.2786
143.0000 2.2777
144.0000 2.2768
145.0000 2.2760
146.0000 2.2747
147.0000 2.2735
148.0000 2.2725
149.0000 2.2712
150.0000 2.2701
151.0000 2.2689
152.0000 2.2680
153.0000 2.2669
154.0000 2.2662
155.0000 2.2650
156.0000 2.2642
157.0000 2.2632
158.0000 2.2624
159.0000 2.2616
160.0000 2.2607
161.0000 2.2598
162.0000 2.2590
163.0000 2.2580
164.0000 2.2573
165.0000 2.2565
166.0000 2.2556
167.0000 2.2547
168.0000 2.2539
169.0000 2.2532
170.0000 2.2523
171.0000 2.2517
172.0000 2.2510
173.0000 2.2504
174.0000 2.2498
175.0000 2.2491
176.0000 2.2485
177.0000 2.2478
178.0000 2.2472
179.0000 2.2466
180.0000 2.2459
181.0000 2.2454
182.0000 2.2448
183.0000 2.2442
184.0000 2.2438
185.0000 2.2432
186.0000 2.2427
187.0000 2.2421
188.0000 2.2416
189.0000 2.2411
190.0000 2.2406
191.0000 2.2401
192.0000 2.2398
193.0000 2.2393
194.0000 2.2389
195.0000 2.2385
196.0000 2.2381
197.0000 2.2376
198.0000 2.2372
199.0000 2.2368
200.0000 2.2364
201.0000 2.2359
202.0000 2.2355
203.0000 2.2352
204.0000 2.2349
205.0000 2.2345
206.0000 2.2342
207.0000 2.2340
208.0000 2.2336
209.0000 2.2334
210.0000 1.5005
211.0000 0.9336
212.0000 0.5334
213.0000 0.2759
214.0000 0.1288
215.0000 0.0617
216.0000 0.0495
217.0000 0.0719
218.0000 0.1137
219.0000 0.1640
220.0000 0.2150
221.0000 0.2615
222.0000 0.3007
223.0000 0.3311
224.0000 0.3529
225.0000 0.3664
226.0000 0.3727
227.0000 0.3735
228.0000 0.3698
229.0000 0.3630
230.0000 0.3544
231.0000 0.3449
232.0000 0.3353
233.0000 0.3262
234.0000 0.3179
235.0000 0.3104
236.0000 0.3041
237.0000 0.2988
238.0000 0.2947
239.0000 0.2914
240.0000 0.2888
241.0000 0.2871
242.0000 0.2859
243.0000 0.2850
244.0000 0.2844
245.0000 0.2839
246.0000 0.2837
247.0000 0.2836
248.0000 0.2836
249.0000 0.2835
250.0000 0.2835
251.0000 0.2835
252.0000 0.2834
253.0000 0.2832
254.0000 0.2832
255.0000 0.2832
256.0000 0.2832
257.0000 0.2833
258.0000 0.2833
259.0000 0.2833
260.0000 0.2834
261.0000 0.2835
262.0000 0.2836
263.0000 0.2839
264.0000 0.2842
265.0000 0.2842
266.0000 0.2844
267.0000 0.2846
268.0000 0.2848
269.0000 0.2850
270.0000 0.2852
271.0000 0.2854
272.0000 0.2855
273.0000 0.2857
274.0000 0.2859
275.0000 0.2863
276.0000 0.2864
277.0000 0.2867
278.0000 0.2870
279.0000 0.2872
280.0000 0.2875
281.0000 0.2877
282.0000 0.2880
283.0000 0.2882
284.0000 0.2886
285.0000 0.2887
286.0000 0.2890
287.0000 0.2892
288.0000 0.2895
289.0000 0.2898
290.0000 0.2901
291.0000 0.2903
292.0000 0.2904
293.0000 0.2907
294.0000 0.2909
295.0000 0.2912
296.0000 0.2913
297.0000 0.2915
298.0000 0.2918
299.0000 0.2921
300.0000 0.2923
301.0000 0.2924
302.0000 0.2927
303.0000 0.2929
304.0000 0.2930
305.0000 0.2931
306.0000 0.2934
307.0000 0.2936
308.0000 0.2937
309.0000 0.2939
310.0000 -1.0121
311.0000 -1.6761
312.0000 -2.0656
313.0000 -2.3282
314.0000 -2.5078
315.0000 -2.6169
316.0000 -2.6658
317.0000 -2.6677
318.0000 -2.6376
319.0000 -2.5886
320.0000 -2.5315
321.0000 -2.4740
322.0000 -2.4214
323.0000 -2.3766
324.0000 -2.3408
325.0000 -2.3145
326.0000 -2.2972
327.0000 -2.2877
328.0000 -2.2846
329.0000 -2.2864
330.0000 -2.2916
331.0000 -2.2994
332.0000 -2.3085
333.0000 -2.3182
334.0000 -2.3279
335.0000 -2.3368
336.0000 -2.3451
337.0000 -2.3524
338.0000 -2.3587
339.0000 -2.3640
340.0000 -2.3684
341.0000 -2.3720
342.0000 -2.3750
343.0000 -2.3774
344.0000 -2.3794
345.0000 -2.3812
346.0000 -2.3827
347.0000 -2.3838
348.0000 -2.3847
349.0000 -2.3855
350.0000 -2.3865
351.0000 -2.3874
352.0000 -2.3882
353.0000 -2.3892
354.0000 -2.3902
355.0000 -2.3910
356.0000 -2.3918
357.0000 -2.3927
358.0000 -2.3935
359.0000 -2.3942
360.0000 -2.3950
361.0000 -2.3957
362.0000 -2.3963
363.0000 -2.3970
364.0000 -2.3975
365.0000 -2.3980
366.0000 -2.3984
367.0000 -2.3989
368.0000 -2.3994
369.0000 -2.3999
370.0000 -2.4004
371.0000 -2.4007
372.0000 -2.4010
373.0000 -2.4013
374.0000 -2.4017
375.0000 -2.4021
376.0000 -2.4025
377.0000 -2.4028
378.0000 -2.4032
379.0000 -2.4034
380.0000 -2.4036
381.0000 -2.4039
382.0000 -2.4041
383.0000 -2.4044
384.0000 -2.4047
385.0000 -2.4049
386.0000 -2.4051
387.0000 -2.4053
388.0000 -2.4055
389.0000 -2.4056
390.0000 -2.4057
391.0000 -2.4058
392.0000 -2.4060
393.0000 -2.4061
394.0000 -2.4063
395.0000 -2.4066
396.0000 -2.4067
397.0000 -2.4069
398.0000 -2.4070
399.0000 -2.4070
400.0000 -2.4070
401.0000 -2.4072
402.0000 -2.4073
403.0000 -2.4074
404.0000 -2.4075
405.0000 -2.4075
406.0000 -2.4075
407.0000 -2.4076
408.0000 -2.4076
409.0000 -2.4076
410.0000 -3.1008
411.0000 -3.5945
412.0000 -3.9858
413.0000 -4.2645
414.0000 -4.4356
415.0000 -4.5237
416.0000 -4.5538
417.0000 -4.5465
418.0000 -4.5156
419.0000 -4.4730
420.0000 -4.4260
421.0000 -4.3803
422.0000 -4.3394
423.0000 -4.3048
424.0000 -4.2777
425.0000 -4.2573
426.0000 -4.2438
427.0000 -4.2358
428.0000 -4.2320
429.0000 -4.2317
430.0000 -4.2337
431.0000 -4.2372
432.0000 -4.2410
433.0000 -4.2452
434.0000 -4.2492
435.0000 -4.2527
436.0000 -4.2553
437.0000 -4.2572
438.0000 -4.2584
439.0000 -4.2583
440.0000 -4.2582
441.0000 -4.2575
442.0000 -4.2560
443.0000 -4.2543
444.0000 -4.2525
445.0000 -4.2508
446.0000 -4.2484
447.0000 -4.2460
448.0000 -4.2440
449.0000 -4.2415
450.0000 -4.2393
451.0000 -4.2370
452.0000 -4.2352
453.0000 -4.2330
454.0000 -4.2315
455.0000 -4.2291
456.0000 -4.2276
457.0000 -4.2256
458.0000 -4.2241
459.0000 -4.2224
460.0000 -4.2208
461.0000 -4.2190
462.0000 -4.2174
463.0000 -4.2154
464.0000 -4.2141
465.0000 -4.2124
466.0000 -4.2106
467.0000 -4.2088
468.0000 -4.2074
469.0000 -4.2058
470.0000 -4.2042
471.0000 -4.2030
472.0000 -4.2015
473.0000 -4.2004
474.0000 -4.1992
475.0000 -4.1978
476.0000 -4.1966
477.0000 -4.1953
478.0000 -4.1940
479.0000 -4.1928
480.0000 -4.1915
481.0000 -4.1905
482.0000 -4.1892
483.0000 -4.1882
484.0000 -4.1873
485.0000 -4.1862
486.0000 -4.1852
487.0000 -4.1841
488.0000 -4.1830
489.0000 -4.1820
490.0000 -4.1810
491.0000 -4.1800
492.0000 -4.1794
493.0000 -4.1784
494.0000 -4.1776
495.0000 -4.1769
496.0000 -4.1760
497.0000 -4.1750
498.0000 -4.1742
499.0000 -4.1736
500.0000 -4.1727
501.0000 -4.1717
502.0000 -4.1709
503.0000 -4.1704
504.0000 -4.1697
505.0000 -4.1690
506.0000 -4.1684
507.0000 -4.1678
508.0000 -4.1671
509.0000 -4.1667
510.0000 -2.7009
511.0000 -1.5672
512.0000 -0.7668
513.0000 -0.2518
514.0000 0.0425
515.0000 0.1765
516.0000 0.2011
517.0000 0.1562
518.0000 0.0727
519.0000 -0.0280
520.0000 -0.1300
521.0000 -0.2231
522.0000 -0.3013
523.0000 -0.3623
524.0000 -0.4057
525.0000 -0.4329
526.0000 -0.4455
527.0000 -0.4469
528.0000 -0.4395
529.0000 -0.4260
530.0000 -0.4087
531.0000 -0.3898
532.0000 -0.3707
533.0000 -0.3524
534.0000 -0.3358
535.0000 -0.3208
536.0000 -0.3082
537.0000 -0.2976
538.0000 -0.2894
539.0000 -0.2829
540.0000 -0.2777
541.0000 -0.2742
542.0000 -0.2718
543.0000 -0.2700
544.0000 -0.2688
545.0000 -0.2678
546.0000 -0.2674
547.0000 -0.2672
548.0000 -0.2672
549.0000 -0.2670
550.0000 -0.2671
551.0000 -0.2671
552.0000 -0.2668
553.0000 -0.2664
554.0000 -0.2665
555.0000 -0.2664
556.0000 -0.2665
557.0000 -0.2666
558.0000 -0.2666
559.0000 -0.2667
560.0000 -0.2669
561.0000 -0.2670
562.0000 -0.2672
563.0000 -0.2679
564.0000 -0.2684
565.0000 -0.2684
566.0000 -0.2688
567.0000 -0.2692
568.0000 -0.2697
569.0000 -0.2701
570.0000 -0.2705
571.0000 -0.2709
572.0000 -0.2710
573.0000 -0.2714
574.0000 -0.2720
575.0000 -0.2726
576.0000 -0.2729
577.0000 -0.2735
578.0000 -0.2741
579.0000 -0.2744
580.0000 -0.2750
581.0000 -0.2754
582.0000 -0.2761
583.0000 -0.2765
584.0000 -0.2772
585.0000 -0.2775
586.0000 -0.2781
587.0000 -0.2785
588.0000 -0.2791
589.0000 -0.2796
590.0000 -0.2802
591.0000 -0.2806
592.0000 -0.2808
593.0000 -0.2815
594.0000 -0.2818
595.0000 -0.2824
596.0000 -0.2828
597.0000 -0.2831
598.0000 -0.2838
599.0000 -0.2843
600.0000 -0.2846
601.0000 -0.2849
602.0000 -0.2855
603.0000 -0.2858
604.0000 -0.2860
605.0000 -0.2863
606.0000 -0.2869
607.0000 -0.2873
608.0000 -0.2875
609.0000 -0.2878
610.0000 1.6710
611.0000 2.6670
612.0000 3.2511
613.0000 3.6449
614.0000 3.9141
615.0000 4.0777
616.0000 4.1509
617.0000 4.1538
618.0000 4.1084
619.0000 4.0350
620.0000 3.9491
621.0000 3.8628
622.0000 3.7838
623.0000 3.7165
624.0000 3.6628
625.0000 3.6232
626.0000 3.5973
627.0000 3.5828
628.0000 3.5781
629.0000 3.5808
630.0000 3.5885
631.0000 3.6000
632.0000 3.6136
633.0000 3.6281
634.0000 3.6426
635.0000 3.6559
636.0000 3.6683
637.0000 3.6792
638.0000 3.6885
639.0000 3.6965
640.0000 3.7030
641.0000 3.7084
642.0000 3.7128
643.0000 3.7164
644.0000 3.7194
645.0000 3.7220
646.0000 3.7242
647.0000 3.7258
648.0000 3.7271
649.0000 3.7282
650.0000 3.7296
651.0000 3.7310
652.0000 3.7321
653.0000 3.7335
654.0000 3.7349
655.0000 3.7361
656.0000 3.7373
657.0000 3.7385
658.0000 3.7397
659.0000 3.7407
660.0000 3.7419
661.0000 3.7429
662.0000 3.7438
663.0000 3.7449
664.0000 3.7456
665.0000 3.7463
666.0000 3.7469
667.0000 3.7476
668.0000 3.7482
669.0000 3.7490
670.0000 3.7497
671.0000 3.7501
672.0000 3.7505
673.0000 3.7509
674.0000 3.7515
675.0000 3.7520
676.0000 3.7526
677.0000 3.7532
678.0000 3.7536
679.0000 3.7540
680.0000 3.7543
681.0000 3.7547
682.0000 3.7550
683.0000 3.7554
684.0000 3.7558
685.0000 3.7561
686.0000 3.7564
687.0000 3.7567
688.0000 3.7569
689.0000 3.7571
690.0000 3.7572
691.0000 3.7574
692.0000 3.7576
693.0000 3.7578
694.0000 3.7581
695.0000 3.7585
696.0000 3.7587
697.0000 3.7590
698.0000 3.7591
699.0000 3.7592
700.0000 3.7592
701.0000 3.7593
702.0000 3.7595
703.0000 3.7597
704.0000 3.7597
705.0000 3.7597
706.0000 3.7597
707.0000 3.7598
708.0000 3.7598
709.0000 3.7598
710.0000 4.7995
711.0000 5.5401
712.0000 6.1271
713.0000 6.5452
714.0000 6.8019
715.0000 6.9340
716.0000 6.9793
717.0000 6.9684
718.0000 6.9221
719.0000 6.8582
720.0000 6.7878
721.0000 6.7193
722.0000 6.6579
723.0000 6.6060
724.0000 6.5654
725.0000 6.5349
726.0000 6.5147
727.0000 6.5026
728.0000 6.4970
729.0000 6.4966
730.0000 6.4996
731.0000 6.5049
732.0000 6.5106
733.0000 6.5169
734.0000 6.5229
735.0000 6.5282
736.0000 6.5322
737.0000 6.5349
738.0000 6.5368
739.0000 6.5368
740.0000 6.5366
741.0000 6.5356
742.0000 6.5333
743.0000 6.5308
744.0000 6.5281
745.0000 6.5256
746.0000 6.5220
747.0000 6.5184
748.0000 6.5154
749.0000 6.5116
750.0000 6.5084
751.0000 6.5050
752.0000 6.5023
753.0000 6.4991
754.0000 6.4968
755.0000 6.4933
756.0000 6.4909
757.0000 6.4880
758.0000 6.4857
759.0000 6.4832
760.0000 6.4808
761.0000 6.4781
762.0000 6.4757
763.0000 6.4728
764.0000 6.4708
765.0000 6.4683
766.0000 6.4656
767.0000 6.4629
768.0000 6.4608
769.0000 6.4584
770.0000 6.4560
771.0000 6.4542
772.0000 6.4520
773.0000 6.4503
774.0000 6.4485
775.0000 6.4465
776.0000 6.4447
777.0000 6.4426
778.0000 6.4408
779.0000 6.4390
780.0000 6.4371
781.0000 6.4355
782.0000 6.4336
783.0000 6.4321
784.0000 6.4307
785.0000 6.4291
786.0000 6.4276
787.0000 6.4259
788.0000 6.4243
789.0000 6.4228
790.0000 6.4213
791.0000 6.4199
792.0000 6.4189
793.0000 6.4175
794.0000 6.4162
795.0000 6.4152
796.0000 6.4138
797.0000 6.4124
798.0000 6.4112
799.0000 6.4102
800.0000 6.4090
801.0000 6.4075
802.0000 6.4062
803.0000 6.4054
804.0000 6.4044
805.0000 6.4034
806.0000 6.4025
807.0000 6.4016
808.0000 6.4005
809.0000 6.3999
810.0000 4.2013
811.0000 2.5007
812.0000 1.3001
813.0000 0.5276
814.0000 0.0861
815.0000 -0.1149
816.0000 -0.1517
817.0000 -0.0844
818.0000 0.0409
819.0000 0.1920
820.0000 0.3449
821.0000 0.4845
822.0000 0.6019
823.0000 0.6933
824.0000 0.7585
825.0000 0.7992
826.0000 0.8181
827.0000 0.8203
828.0000 0.8092
829.0000 0.7889
830.0000 0.7630
831.0000 0.7347
832.0000 0.7060
833.0000 0.6785
834.0000 0.6536
835.0000 0.6311
836.0000 0.6122
837.0000 0.5964
838.0000 0.5841
839.0000 0.5743
840.0000 0.5665
841.0000 0.5613
842.0000 0.5576
843.0000 0.5549
844.0000 0.5532
845.0000 0.5517
846.0000 0.5510
847.0000 0.5508
848.0000 0.5507
849.0000 0.5505
850.0000 0.5505
851.0000 0.5506
852.0000 0.5502
853.0000 0.5496
854.0000 0.5497
855.0000 0.5496
856.0000 0.5497
857.0000 0.5498
858.0000 0.5498
859.0000 0.5500
860.0000 0.5503
861.0000 0.5505
862.0000 0.5508
863.0000 0.5518
864.0000 0.5526
865.0000 0.5526
866.0000 0.5531
867.0000 0.5538
868.0000 0.5545
869.0000 0.5551
870.0000 0.5557
871.0000 0.5563
872.0000 0.5564
873.0000 0.5570
874.0000 0.5579
875.0000 0.5589
876.0000 0.5593
877.0000 0.5601
878.0000 0.5611
879.0000 0.5616
880.0000 0.5625
881.0000 0.5631
882.0000 0.5641
883.0000 0.5648
884.0000 0.5657
885.0000 0.5662
886.0000 0.5671
887.0000 0.5677
888.0000 0.5687
889.0000 0.5693
890.0000 0.5703
891.0000 0.5708
892.0000 0.5712
893.0000 0.5721
894.0000 0.5726
895.0000 0.5736
896.0000 0.5741
897.0000 0.5746
898.0000 0.5756
899.0000 0.5764
900.0000 0.5769
901.0000 0.5774
902.0000 0.5783
903.0000 0.5787
904.0000 0.5790
905.0000 0.5794
906.0000 0.5804
907.0000 0.5809
908.0000 0.5813
909.0000 0.5816
910.0000 0.5824
