1.0000 0.0000
2.0000 0.0000
3.0000 0.0000
4.0000 0.0000
5.0000 0.0000
6.0000 0.0000
7.0000 0.0000
8.0000 0.0000
9.0000 0.0000
10.0000 0.0000
11.0000 0.0016
12.0000 -0.0007
13.0000 -0.0029
14.0000 -0.0035
15.0000 -0.0032
16.0000 -0.0027
17.0000 -0.0022
18.0000 -0.0017
19.0000 -0.0012
20.0000 -0.0008
21.0000 -0.0006
22.0000 -0.0004
23.0000 -0.0002
24.0000 0.0000
25.0000 0.0001
26.0000 0.0001
27.0000 0.0002
28.0000 0.0002
29.0000 0.0001
30.0000 0.0002
31.0000 0.0001
32.0000 0.0001
33.0000 0.0001
34.0000 0.0000
35.0000 0.0001
36.0000 0.0000
37.0000 -0.0000
38.0000 -0.0000
39.0000 -0.0000
40.0000 -0.0000
41.0000 0.0000
42.0000 -0.0000
43.0000 0.0000
44.0000 -0.0001
45.0000 -0.0000
46.0000 -0.0000
47.0000 -0.0000
48.0000 0.0000
49.0000 0.0000
50.0000 -0.0000
51.0000 -0.0000
52.0000 0.0000
53.0000 -0.0000
54.0000 -0.0000
55.0000 0.0000
56.0000 0.0000
57.0000 0.0000
58.0000 -0.0000
59.0000 -0.0000
60.0000 -0.0000
61.0000 0.0000
62.0000 0.0000
63.0000 -0.0000
64.0000 -0.0000
65.0000 0.0000
66.0000 -0.0000
67.0000 0.0000
68.0000 -0.0000
69.0000 0.0000
70.0000 0.0000
71.0000 0.0000
72.0000 0.0000
73.0000 -0.0000
74.0000 -0.0000
75.0000 0.0000
76.0000 -0.0000
77.0000 -0.0000
78.0000 0.0000
79.0000 -0.0000
80.0000 0.0000
81.0000 -0.0000
82.0000 -0.0000
83.0000 -0.0000
84.0000 0.0000
85.0000 0.0000
86.0000 0.0000
87.0000 -0.0000
88.0000 -0.0000
89.0000 0.0000
90.0000 0.0000
91.0000 -0.0000
92.0000 0.0000
93.0000 0.0000
94.0000 -0.0001
95.0000 -0.0001
96.0000 0.0000
97.0000 0.0000
98.0000 0.0000
99.0000 0.0000
100.0000 0.0000
101.0000 0.0000
102.0000 -0.0001
103.0000 -0.0000
104.0000 0.0000
105.0000 -0.0000
106.0000 -0.0000
107.0000 0.0000
108.0000 0.0000
109.0000 0.0000
110.0000 -0.0000
111.0000 0.7476
112.0000 1.0024
113.0000 1.0212
114.0000 1.0049
115.0000 0.9979
116.0000 0.9972
117.0000 0.9980
118.0000 0.9986
119.0000 0.9990
120.0000 0.9993
121.0000 0.9996
122.0000 0.9998
123.0000 1.0000
124.0000 0.9999
125.0000 1.0000
126.0000 1.0002
127.0000 1.0001
128.0000 1.0001
129.0000 1.0001
130.0000 1.0001
131.0000 1.0001
132.0000 1.0000
133.0000 1.0001
134.0000 1.0000
135.0000 1.0001
136.0000 1.0000
137.0000 0.9999
138.0000 0.9999
139.0000 0.9999
140.0000 0.9999
141.0000 1.0000
142.0000 1.0001
143.0000 1.0001
144.0000 0.9999
145.0000 0.9999
146.0000 1.0001
147.0000 0.9999
148.0000 1.0000
149.0000 1.0001
150.0000 1.0000
151.0000 1.0000
152.0000 0.9999
153.0000 1.0000
154.0000 1.0001
155.0000 1.0000
156.0000 1.0000
157.0000 1.0000
158.0000 1.0000
159.0000 1.0000
160.0000 1.0000
161.0000 1.0000
162.0000 1.0000
163.0000 1.0000
164.0000 1.0000
165.0000 1.0000
166.0000 1.0000
167.0000 0.9999
168.0000 1.0000
169.0000 1.0001
170.0000 1.0000
171.0000 1.0000
172.0000 1.0000
173.0000 1.0000
174.0000 1.0000
175.0000 1.0000
176.0000 0.9999
177.0000 1.0000
178.0000 1.0000
179.0000 1.0000
180.0000 1.0000
181.0000 1.0000
182.0000 0.9999
183.0000 1.0000
184.0000 1.0001
185.0000 1.0000
186.0000 1.0000
187.0000 1.0000
188.0000 1.0000
189.0000 1.0000
190.0000 0.9999
191.0000 1.0000
192.0000 1.0000
193.0000 1.0000
194.0000 1.0000
195.0000 1.0000
196.0000 1.0000
197.0000 1.0000
198.0000 1.0000
199.0000 1.0000
200.0000 1.0000
201.0000 1.0000
202.0000 1.0000
203.0000 0.9999
204.0000 1.0000
205.0000 1.0000
206.0000 1.0000
207.0000 1.0000
208.0000 1.0000
209.0000 1.0000
210.0000 1.0000
211.0000 1.0086
212.0000 1.0101
213.0000 1.0087
214.0000 1.0071
215.0000 1.0058
216.0000 1.0047
217.0000 1.0035
218.0000 1.0026
219.0000 1.0018
220.0000 1.0012
221.0000 1.0007
222.0000 1.0003
223.0000 1.0000
224.0000 0.9998
225.0000 0.9997
226.0000 0.9997
227.0000 0.9997
228.0000 0.9998
229.0000 0.9998
230.0000 0.9998
231.0000 0.9998
232.0000 0.9999
233.0000 0.9999
234.0000 1.0000
235.0000 1.0000
236.0000 1.0000
237.0000 1.0001
238.0000 1.0000
239.0000 1.0000
240.0000 1.0001
241.0000 1.0001
242.0000 1.0000
243.0000 1.0000
244.0000 1.0000
245.0000 1.0001
246.0000 1.0000
247.0000 1.0000
248.0000 1.0000
249.0000 1.0000
250.0000 1.0000
251.0000 1.0000
252.0000 1.0000
253.0000 1.0000
254.0000 1.0000
255.0000 1.0000
256.0000 1.0000
257.0000 1.0000
258.0000 1.0000
259.0000 1.0000
260.0000 1.0000
261.0000 1.0000
262.0000 1.0000
263.0000 1.0000
264.0000 1.0000
265.0000 1.0000
266.0000 1.0000
267.0000 1.0000
268.0000 1.0000
269.0000 1.0000
270.0000 1.0000
271.0000 1.0000
272.0000 1.0000
273.0000 1.0000
274.0000 1.0000
275.0000 1.0000
276.0000 1.0000
277.0000 1.0000
278.0000 1.0000
279.0000 1.0000
280.0000 1.0000
281.0000 1.0000
282.0000 1.0000
283.0000 1.0000
284.0000 1.0000
285.0000 1.0000
286.0000 1.0000
287.0000 1.0000
288.0000 0.9999
289.0000 1.0000
290.0000 1.0000
291.0000 1.0000
292.0000 1.0000
293.0000 1.0000
294.0000 1.0000
295.0000 1.0000
296.0000 1.0000
297.0000 1.0000
298.0000 1.0000
299.0000 1.0000
300.0000 1.0000
301.0000 1.0000
302.0000 1.0000
303.0000 1.0000
304.0000 1.0001
305.0000 1.0000
306.0000 1.0000
307.0000 1.0000
308.0000 1.0000
309.0000 1.0000
310.0000 1.0000
311.0000 0.9967
312.0000 1.0014
313.0000 1.0057
314.0000 1.0071
315.0000 1.0065
316.0000 1.0055
317.0000 1.0044
318.0000 1.0035
319.0000 1.0025
320.0000 1.0017
321.0000 1.0012
322.0000 1.0009
323.0000 1.0003
324.0000 1.0000
325.0000 0.9997
326.0000 0.9998
327.0000 0.9997
328.0000 0.9997
329.0000 0.9997
330.0000 0.9996
331.0000 0.9998
332.0000 0.9999
333.0000 0.9999
334.0000 0.9999
335.0000 0.9999
336.0000 1.0000
337.0000 1.0001
338.0000 1.0001
339.0000 1.0000
340.0000 1.0000
341.0000 0.9999
342.0000 1.0000
343.0000 1.0000
344.0000 1.0001
345.0000 1.0000
346.0000 1.0001
347.0000 1.0000
348.0000 1.0000
349.0000 1.0000
350.0000 1.0001
351.0000 1.0001
352.0000 0.9999
353.0000 1.0000
354.0000 1.0000
355.0000 1.0000
356.0000 0.9999
357.0000 1.0000
358.0000 1.0000
359.0000 1.0001
360.0000 1.0000
361.0000 1.0000
362.0000 0.9999
363.0000 1.0000
364.0000 1.0000
365.0000 0.9999
366.0000 1.0000
367.0000 0.9999
368.0000 1.0001
369.0000 1.0000
370.0000 1.0000
371.0000 0.9999
372.0000 1.0000
373.0000 1.0000
374.0000 1.0000
375.0000 1.0000
376.0000 1.0000
377.0000 1.0001
378.0000 1.0000
379.0000 1.0000
380.0000 1.0000
381.0000 1.0000
382.0000 1.0000
383.0000 1.0000
384.0000 1.0000
385.0000 0.9999
386.0000 1.0000
387.0000 1.0001
388.0000 1.0000
389.0000 1.0000
390.0000 0.9999
391.0000 1.0000
392.0000 1.0000
393.0000 1.0000
394.0000 1.0001
395.0000 1.0001
396.0000 1.0000
397.0000 0.9999
398.0000 1.0000
399.0000 1.0000
400.0000 0.9999
401.0000 1.0000
402.0000 1.0002
403.0000 1.0000
404.0000 0.9999
405.0000 1.0000
406.0000 1.0000
407.0000 1.0000
408.0000 0.9999
409.0000 1.0000
410.0000 1.0000
411.0000 -0.4951
412.0000 -1.0047
413.0000 -1.0425
414.0000 -1.0099
415.0000 -0.9959
416.0000 -0.9943
417.0000 -0.9960
418.0000 -0.9972
419.0000 -0.9980
420.0000 -0.9987
421.0000 -0.9992
422.0000 -0.9995
423.0000 -0.9999
424.0000 -0.9999
425.0000 -1.0001
426.0000 -1.0003
427.0000 -1.0002
428.0000 -1.0002
429.0000 -1.0002
430.0000 -1.0001
431.0000 -1.0002
432.0000 -1.0001
433.0000 -1.0002
434.0000 -1.0000
435.0000 -1.0001
436.0000 -1.0001
437.0000 -0.9999
438.0000 -0.9999
439.0000 -0.9999
440.0000 -0.9998
441.0000 -0.9999
442.0000 -1.0001
443.0000 -1.0002
444.0000 -0.9998
445.0000 -0.9998
446.0000 -1.0002
447.0000 -0.9998
448.0000 -1.0000
449.0000 -1.0002
450.0000 -0.9999
451.0000 -1.0000
452.0000 -0.9997
453.0000 -1.0000
454.0000 -1.0001
455.0000 -1.0001
456.0000 -1.0000
457.0000 -1.0000
458.0000 -1.0000
459.0000 -1.0000
460.0000 -1.0000
461.0000 -1.0000
462.0000 -1.0000
463.0000 -1.0000
464.0000 -1.0000
465.0000 -1.0000
466.0000 -1.0000
467.0000 -0.9999
468.0000 -1.0000
469.0000 -1.0001
470.0000 -1.0001
471.0000 -1.0000
472.0000 -0.9999
473.0000 -1.0000
474.0000 -1.0000
475.0000 -1.0001
476.0000 -0.9998
477.0000 -1.0000
478.0000 -1.0000
479.0000 -1.0001
480.0000 -1.0000
481.0000 -1.0000
482.0000 -0.9999
483.0000 -1.0000
484.0000 -1.0001
485.0000 -1.0000
486.0000 -1.0000
487.0000 -1.0000
488.0000 -1.0001
489.0000 -1.0000
490.0000 -0.9999
491.0000 -0.9999
492.0000 -1.0001
493.0000 -1.0001
494.0000 -0.9999
495.0000 -1.0000
496.0000 -1.0000
497.0000 -1.0000
498.0000 -1.0000
499.0000 -1.0000
500.0000 -0.9999
501.0000 -1.0000
502.0000 -1.0000
503.0000 -0.9999
504.0000 -0.9999
505.0000 -1.0000
506.0000 -1.0001
507.0000 -1.0001
508.0000 -1.0000
509.0000 -1.0000
510.0000 -0.9999
511.0000 -1.0173
512.0000 -1.0203
513.0000 -1.0174
514.0000 -1.0142
515.0000 -1.0116
516.0000 -1.0093
517.0000 -1.0071
518.0000 -1.0051
519.0000 -1.0036
520.0000 -1.0023
521.0000 -1.0013
522.0000 -1.0006
523.0000 -1.0000
524.0000 -0.9996
525.0000 -0.9994
526.0000 -0.9993
527.0000 -0.9994
528.0000 -0.9995
529.0000 -0.9995
530.0000 -0.9996
531.0000 -0.9997
532.0000 -0.9997
533.0000 -0.9999
534.0000 -0.9999
535.0000 -1.0000
536.0000 -1.0000
537.0000 -1.0001
538.0000 -1.0001
539.0000 -1.0001
540.0000 -1.0001
541.0000 -1.0001
542.0000 -1.0000
543.0000 -1.0000
544.0000 -1.0000
545.0000 -1.0001
546.0000 -1.0001
547.0000 -1.0000
548.0000 -1.0001
549.0000 -1.0000
550.0000 -1.0001
551.0000 -1.0000
552.0000 -1.0000
553.0000 -1.0000
554.0000 -1.0000
555.0000 -1.0000
556.0000 -1.0000
557.0000 -1.0000
558.0000 -1.0000
559.0000 -1.0000
560.0000 -1.0000
561.0000 -1.0000
562.0000 -1.0001
563.0000 -0.9999
564.0000 -1.0000
565.0000 -1.0000
566.0000 -1.0000
567.0000 -1.0001
568.0000 -1.0000
569.0000 -1.0000
570.0000 -0.9999
571.0000 -1.0000
572.0000 -1.0001
573.0000 -1.0001
574.0000 -1.0001
575.0000 -1.0000
576.0000 -1.0000
577.0000 -1.0001
578.0000 -1.0000
579.0000 -1.0000
580.0000 -1.0000
581.0000 -1.0000
582.0000 -1.0000
583.0000 -1.0001
584.0000 -1.0000
585.0000 -1.0000
586.0000 -1.0000
587.0000 -1.0000
588.0000 -0.9999
589.0000 -0.9999
590.0000 -1.0001
591.0000 -1.0001
592.0000 -1.0000
593.0000 -1.0000
594.0000 -1.0001
595.0000 -1.0000
596.0000 -1.0000
597.0000 -1.0000
598.0000 -0.9999
599.0000 -0.9999
600.0000 -1.0000
601.0000 -1.0000
602.0000 -1.0000
603.0000 -1.0001
604.0000 -1.0001
605.0000 -1.0000
606.0000 -1.0000
607.0000 -1.0000
608.0000 -1.0000
609.0000 -1.0000
610.0000 -1.0000
611.0000 -0.9951
612.0000 -1.0021
613.0000 -1.0086
614.0000 -1.0106
615.0000 -1.0097
616.0000 -1.0082
617.0000 -1.0066
618.0000 -1.0053
619.0000 -1.0038
620.0000 -1.0026
621.0000 -1.0018
622.0000 -1.0013
623.0000 -1.0005
624.0000 -0.9999
625.0000 -0.9996
626.0000 -0.9996
627.0000 -0.9995
628.0000 -0.9995
629.0000 -0.9996
630.0000 -0.9994
631.0000 -0.9997
632.0000 -0.9998
633.0000 -0.9999
634.0000 -0.9999
635.0000 -0.9998
636.0000 -1.0000
637.0000 -1.0001
638.0000 -1.0001
639.0000 -1.0000
640.0000 -1.0000
641.0000 -0.9999
642.0000 -1.0000
643.0000 -1.0000
644.0000 -1.0002
645.0000 -1.0000
646.0000 -1.0001
647.0000 -1.0000
648.0000 -1.0000
649.0000 -1.0000
650.0000 -1.0001
651.0000 -1.0001
652.0000 -0.9999
653.0000 -1.0000
654.0000 -1.0000
655.0000 -1.0000
656.0000 -0.9999
657.0000 -0.9999
658.0000 -1.0000
659.0000 -1.0001
660.0000 -1.0001
661.0000 -1.0000
662.0000 -0.9999
663.0000 -1.0000
664.0000 -1.0000
665.0000 -0.9999
666.0000 -1.0001
667.0000 -0.9999
668.0000 -1.0001
669.0000 -1.0000
670.0000 -1.0000
671.0000 -0.9999
672.0000 -0.9999
673.0000 -1.0001
674.0000 -1.0001
675.0000 -1.0000
676.0000 -1.0000
677.0000 -1.0001
678.0000 -1.0000
679.0000 -1.0001
680.0000 -1.0000
681.0000 -1.0001
682.0000 -1.0001
683.0000 -1.0001
684.0000 -1.0000
685.0000 -0.9999
686.0000 -1.0000
687.0000 -1.0001
688.0000 -1.0001
689.0000 -0.9999
690.0000 -0.9998
691.0000 -1.0000
692.0000 -0.9999
693.0000 -1.0000
694.0000 -1.0002
695.0000 -1.0002
696.0000 -1.0000
697.0000 -0.9999
698.0000 -1.0000
699.0000 -1.0000
700.0000 -0.9999
701.0000 -1.0000
702.0000 -1.0003
703.0000 -1.0001
704.0000 -0.9998
705.0000 -1.0000
706.0000 -1.0001
707.0000 -0.9999
708.0000 -0.9999
709.0000 -0.9999
710.0000 -1.0000
711.0000 1.2427
712.0000 2.0071
713.0000 2.0637
714.0000 2.0148
715.0000 1.9938
716.0000 1.9915
717.0000 1.9940
718.0000 1.9958
719.0000 1.9970
720.0000 1.9980
721.0000 1.9989
722.0000 1.9993
723.0000 1.9999
724.0000 1.9998
725.0000 2.0001
726.0000 2.0005
727.0000 2.0003
728.0000 2.0004
729.0000 2.0003
730.0000 2.0002
731.0000 2.0003
732.0000 2.0001
733.0000 2.0003
734.0000 1.9999
735.0000 2.0001
736.0000 2.0001
737.0000 1.9998
738.0000 1.9998
739.0000 1.9998
740.0000 1.9997
741.0000 1.9999
742.0000 2.0002
743.0000 2.0003
744.0000 1.9998
745.0000 1.9998
746.0000 2.0003
747.0000 1.9996
748.0000 2.0000
749.0000 2.0003
750.0000 1.9999
751.0000 1.9999
752.0000 1.9996
753.0000 2.0001
754.0000 2.0002
755.0000 2.0001
756.0000 2.0000
757.0000 1.9999
758.0000 2.0000
759.0000 2.0000
760.0000 2.0001
761.0000 2.0000
762.0000 2.0000
763.0000 2.0001
764.0000 1.9999
765.0000 2.0000
766.0000 2.0000
767.0000 1.9998
768.0000 2.0000
769.0000 2.0002
770.0000 2.0001
771.0000 1.9999
772.0000 1.9998
773.0000 2.0000
774.0000 2.0001
775.0000 2.0001
776.0000 1.9998
777.0000 1.9999
778.0000 2.0000
779.0000 2.0001
780.0000 2.0001
781.0000 1.9999
782.0000 1.9998
783.0000 1.9999
784.0000 2.0002
785.0000 2.0000
786.0000 2.0000
787.0000 2.0000
788.0000 2.0001
789.0000 2.0000
790.0000 1.9998
791.0000 1.9999
792.0000 2.0001
793.0000 2.0001
794.0000 1.9999
795.0000 2.0001
796.0000 2.0001
797.0000 2.0000
798.0000 2.0000
799.0000 2.0000
800.0000 1.9999
801.0000 2.0000
802.0000 2.0000
803.0000 1.9998
804.0000 1.9999
805.0000 2.0000
806.0000 2.0001
807.0000 2.0001
808.0000 2.0000
809.0000 2.0000
810.0000 1.9999
811.0000 2.0259
812.0000 2.0304
813.0000 2.0261
814.0000 2.0213
815.0000 2.0173
816.0000 2.0140
817.0000 2.0106
818.0000 2.0077
819.0000 2.0054
820.0000 2.0035
821.0000 2.0020
822.0000 2.0009
823.0000 2.0001
824.0000 1.9994
825.0000 1.9992
826.0000 1.9990
827.0000 1.9991
828.0000 1.9993
829.0000 1.9993
830.0000 1.9994
831.0000 1.9995
832.0000 1.9996
833.0000 1.9998
834.0000 1.9999
835.0000 1.9999
836.0000 2.0001
837.0000 2.0002
838.0000 2.0001
839.0000 2.0001
840.0000 2.0002
841.0000 2.0002
842.0000 2.0000
843.0000 2.0000
844.0000 2.0001
845.0000 2.0001
846.0000 2.0001
847.0000 2.0001
848.0000 2.0001
849.0000 2.0000
850.0000 2.0001
851.0000 2.0000
852.0000 2.0000
853.0000 2.0000
854.0000 2.0000
855.0000 2.0000
856.0000 2.0001
857.0000 2.0000
858.0000 2.0001
859.0000 2.0000
860.0000 2.0000
861.0000 2.0000
862.0000 2.0001
863.0000 1.9999
864.0000 2.0000
865.0000 2.0000
866.0000 2.0000
867.0000 2.0001
868.0000 2.0000
869.0000 1.9999
870.0000 1.9999
871.0000 2.0000
872.0000 2.0001
873.0000 2.0001
874.0000 2.0001
875.0000 1.9999
876.0000 2.0000
877.0000 2.0001
878.0000 2.0000
879.0000 2.0000
880.0000 2.0000
881.0000 2.0000
882.0000 2.0000
883.0000 2.0001
884.0000 2.0000
885.0000 1.9999
886.0000 2.0000
887.0000 2.0000
888.0000 1.9998
889.0000 1.9999
890.0000 2.0001
891.0000 2.0001
892.0000 2.0000
893.0000 2.0000
894.0000 2.0001
895.0000 2.0000
896.0000 2.0000
897.0000 2.0000
898.0000 1.9999
899.0000 1.9999
900.0000 1.9999
901.0000 2.0000
902.0000 2.0001
903.0000 2.0001
904.0000 2.0002
905.0000 2.0000
906.0000 1.9999
907.0000 2.0000
908.0000 2.0000
909.0000 2.0000
910.0000 2.0000
