1.0000 0.0000
2.0000 0.0000
3.0000 0.0000
4.0000 0.0000
5.0000 0.0000
6.0000 0.0000
7.0000 0.0000
8.0000 0.0000
9.0000 0.0000
10.0000 -0.1475
11.0000 -0.2431
12.0000 -0.2737
13.0000 -0.2600
14.0000 -0.2264
15.0000 -0.1886
16.0000 -0.1543
17.0000 -0.1262
18.0000 -0.1042
19.0000 -0.0878
20.0000 -0.0758
21.0000 -0.0675
22.0000 -0.0620
23.0000 -0.0589
24.0000 -0.0578
25.0000 -0.0582
26.0000 -0.0596
27.0000 -0.0618
28.0000 -0.0645
29.0000 -0.0673
30.0000 -0.0703
31.0000 -0.0732
32.0000 -0.0760
33.0000 -0.0785
34.0000 -0.0809
35.0000 -0.0830
36.0000 -0.0849
37.0000 -0.0865
38.0000 -0.0879
39.0000 -0.0893
40.0000 -0.0905
41.0000 -0.0917
42.0000 -0.0928
43.0000 -0.0938
44.0000 -0.0947
45.0000 -0.0956
46.0000 -0.0965
47.0000 -0.0973
48.0000 -0.0981
49.0000 -0.0989
50.0000 -0.0997
51.0000 -0.1004
52.0000 -0.1011
53.0000 -0.1019
54.0000 -0.1026
55.0000 -0.1032
56.0000 -0.1038
57.0000 -0.1045
58.0000 -0.1050
59.0000 -0.1055
60.0000 -0.1060
61.0000 -0.1065
62.0000 -0.1070
63.0000 -0.1075
64.0000 -0.1079
65.0000 -0.1083
66.0000 -0.1087
67.0000 -0.1091
68.0000 -0.1094
69.0000 -0.1098
70.0000 -0.1101
71.0000 -0.1104
72.0000 -0.1107
73.0000 -0.1109
74.0000 -0.1112
75.0000 -0.1115
76.0000 -0.1117
77.0000 -0.1119
78.0000 -0.1122
79.0000 -0.1124
80.0000 -0.1126
81.0000 -0.1128
82.0000 -0.1129
83.0000 -0.1130
84.0000 -0.1132
85.0000 -0.1134
86.0000 -0.1136
87.0000 -0.1137
88.0000 -0.1138
89.0000 -0.1139
90.0000 -0.1141
91.0000 -0.1142
92.0000 -0.1143
93.0000 -0.1144
94.0000 -0.1145
95.0000 -0.1145
96.0000 -0.1146
97.0000 -0.1147
98.0000 -0.1148
99.0000 -0.1148
100.0000 -0.1150
101.0000 -0.1151
102.0000 -0.1151
103.0000 -0.1151
104.0000 -0.1152
105.0000 -0.1152
106.0000 -0.1152
107.0000 -0.1153
108.0000 -0.1153
109.0000 -0.1154
110.0000 0.4801
111.0000 0.6865
112.0000 0.6943
113.0000 0.6284
114.0000 0.5561
115.0000 0.5046
116.0000 0.4787
117.0000 0.4731
118.0000 0.4799
119.0000 0.4924
120.0000 0.5058
121.0000 0.5177
122.0000 0.5271
123.0000 0.5339
124.0000 0.5386
125.0000 0.5418
126.0000 0.5439
127.0000 0.5453
128.0000 0.5463
129.0000 0.5472
130.0000 0.5482
131.0000 0.5492
132.0000 0.5503
133.0000 0.5515
134.0000 0.5529
135.0000 0.5544
136.0000 0.5560
137.0000 0.5578
138.0000 0.5596
139.0000 0.5615
140.0000 0.5635
141.0000 0.5655
142.0000 0.5674
143.0000 0.5692
144.0000 0.5711
145.0000 0.5730
146.0000 0.5748
147.0000 0.5766
148.0000 0.5784
149.0000 0.5801
150.0000 0.5818
151.0000 0.5834
152.0000 0.5850
153.0000 0.5866
154.0000 0.5882
155.0000 0.5897
156.0000 0.5912
157.0000 0.5926
158.0000 0.5941
159.0000 0.5955
160.0000 0.5968
161.0000 0.5982
162.0000 0.5995
163.0000 0.6008
164.0000 0.6021
165.0000 0.6034
166.0000 0.6046
167.0000 0.6059
168.0000 0.6071
169.0000 0.6082
170.0000 0.6093
171.0000 0.6104
172.0000 0.6115
173.0000 0.6126
174.0000 0.6136
175.0000 0.6145
176.0000 0.6156
177.0000 0.6166
178.0000 0.6176
179.0000 0.6185
180.0000 0.6194
181.0000 0.6203
182.0000 0.6212
183.0000 0.6221
184.0000 0.6229
185.0000 0.6237
186.0000 0.6244
187.0000 0.6252
188.0000 0.6260
189.0000 0.6267
190.0000 0.6275
191.0000 0.6282
192.0000 0.6289
193.0000 0.6296
194.0000 0.6302
195.0000 0.6309
196.0000 0.6315
197.0000 0.6321
198.0000 0.6327
199.0000 0.6333
200.0000 0.6339
201.0000 0.6344
202.0000 0.6350
203.0000 0.6356
204.0000 0.6362
205.0000 0.6367
206.0000 0.6372
207.0000 0.6377
208.0000 0.6382
209.0000 0.6386
210.0000 0.9044
211.0000 0.9663
212.0000 0.9242
213.0000 0.8413
214.0000 0.7524
215.0000 0.6736
216.0000 0.6098
217.0000 0.5609
218.0000 0.5247
219.0000 0.4984
220.0000 0.4797
221.0000 0.4669
222.0000 0.4587
223.0000 0.4539
224.0000 0.4519
225.0000 0.4517
226.0000 0.4530
227.0000 0.4552
228.0000 0.4576
229.0000 0.4603
230.0000 0.4628
231.0000 0.4650
232.0000 0.4669
233.0000 0.4684
234.0000 0.4695
235.0000 0.4702
236.0000 0.4706
237.0000 0.4707
238.0000 0.4706
239.0000 0.4704
240.0000 0.4700
241.0000 0.4696
242.0000 0.4691
243.0000 0.4686
244.0000 0.4681
245.0000 0.4676
246.0000 0.4670
247.0000 0.4665
248.0000 0.4660
249.0000 0.4655
250.0000 0.4650
251.0000 0.4645
252.0000 0.4640
253.0000 0.4636
254.0000 0.4631
255.0000 0.4626
256.0000 0.4621
257.0000 0.4615
258.0000 0.4610
259.0000 0.4604
260.0000 0.4599
261.0000 0.4593
262.0000 0.4588
263.0000 0.4582
264.0000 0.4577
265.0000 0.4571
266.0000 0.4565
267.0000 0.4560
268.0000 0.4554
269.0000 0.4549
270.0000 0.4544
271.0000 0.4538
272.0000 0.4533
273.0000 0.4527
274.0000 0.4521
275.0000 0.4516
276.0000 0.4511
277.0000 0.4505
278.0000 0.4500
279.0000 0.4495
280.0000 0.4490
281.0000 0.4485
282.0000 0.4480
283.0000 0.4475
284.0000 0.4470
285.0000 0.4465
286.0000 0.4460
287.0000 0.4456
288.0000 0.4452
289.0000 0.4448
290.0000 0.4443
291.0000 0.4439
292.0000 0.4434
293.0000 0.4430
294.0000 0.4426
295.0000 0.4422
296.0000 0.4417
297.0000 0.4413
298.0000 0.4410
299.0000 0.4406
300.0000 0.4403
301.0000 0.4400
302.0000 0.4396
303.0000 0.4393
304.0000 0.4389
305.0000 0.4385
306.0000 0.4382
307.0000 0.4379
308.0000 0.4375
309.0000 0.4372
310.0000 0.7320
311.0000 0.9228
312.0000 0.9837
313.0000 0.9562
314.0000 0.8885
315.0000 0.8127
316.0000 0.7440
317.0000 0.6874
318.0000 0.6432
319.0000 0.6100
320.0000 0.5859
321.0000 0.5690
322.0000 0.5577
323.0000 0.5514
324.0000 0.5488
325.0000 0.5494
326.0000 0.5520
327.0000 0.5561
328.0000 0.5613
329.0000 0.5669
330.0000 0.5726
331.0000 0.5782
332.0000 0.5835
333.0000 0.5885
334.0000 0.5929
335.0000 0.5970
336.0000 0.6006
337.0000 0.6037
338.0000 0.6064
339.0000 0.6090
340.0000 0.6112
341.0000 0.6134
342.0000 0.6154
343.0000 0.6173
344.0000 0.6190
345.0000 0.6207
346.0000 0.6223
347.0000 0.6237
348.0000 0.6252
349.0000 0.6267
350.0000 0.6281
351.0000 0.6294
352.0000 0.6307
353.0000 0.6320
354.0000 0.6333
355.0000 0.6344
356.0000 0.6356
357.0000 0.6368
358.0000 0.6378
359.0000 0.6387
360.0000 0.6396
361.0000 0.6404
362.0000 0.6414
363.0000 0.6422
364.0000 0.6429
365.0000 0.6436
366.0000 0.6443
367.0000 0.6450
368.0000 0.6456
369.0000 0.6462
370.0000 0.6467
371.0000 0.6472
372.0000 0.6477
373.0000 0.6482
374.0000 0.6486
375.0000 0.6491
376.0000 0.6496
377.0000 0.6499
378.0000 0.6503
379.0000 0.6506
380.0000 0.6510
381.0000 0.6512
382.0000 0.6514
383.0000 0.6517
384.0000 0.6519
385.0000 0.6523
386.0000 0.6525
387.0000 0.6527
388.0000 0.6528
389.0000 0.6530
390.0000 0.6533
391.0000 0.6534
392.0000 0.6537
393.0000 0.6539
394.0000 0.6539
395.0000 0.6539
396.0000 0.6540
397.0000 0.6542
398.0000 0.6543
399.0000 0.6544
400.0000 0.6545
401.0000 0.6547
402.0000 0.6546
403.0000 0.6546
404.0000 0.6547
405.0000 0.6547
406.0000 0.6546
407.0000 0.6547
408.0000 0.6548
409.0000 0.6548
410.0000 -0.5362
411.0000 -0.9492
412.0000 -0.9648
413.0000 -0.8331
414.0000 -0.6884
415.0000 -0.5854
416.0000 -0.5337
417.0000 -0.5225
418.0000 -0.5363
419.0000 -0.5612
420.0000 -0.5881
421.0000 -0.6120
422.0000 -0.6308
423.0000 -0.6444
424.0000 -0.6540
425.0000 -0.6604
426.0000 -0.6645
427.0000 -0.6674
428.0000 -0.6695
429.0000 -0.6713
430.0000 -0.6733
431.0000 -0.6753
432.0000 -0.6776
433.0000 -0.6801
434.0000 -0.6829
435.0000 -0.6860
436.0000 -0.6892
437.0000 -0.6927
438.0000 -0.6964
439.0000 -0.7003
440.0000 -0.7042
441.0000 -0.7082
442.0000 -0.7121
443.0000 -0.7158
444.0000 -0.7196
445.0000 -0.7234
446.0000 -0.7270
447.0000 -0.7307
448.0000 -0.7343
449.0000 -0.7377
450.0000 -0.7411
451.0000 -0.7444
452.0000 -0.7476
453.0000 -0.7509
454.0000 -0.7540
455.0000 -0.7570
456.0000 -0.7600
457.0000 -0.7629
458.0000 -0.7659
459.0000 -0.7686
460.0000 -0.7713
461.0000 -0.7742
462.0000 -0.7768
463.0000 -0.7794
464.0000 -0.7820
465.0000 -0.7846
466.0000 -0.7870
467.0000 -0.7896
468.0000 -0.7920
469.0000 -0.7943
470.0000 -0.7965
471.0000 -0.7988
472.0000 -0.8010
473.0000 -0.8031
474.0000 -0.8051
475.0000 -0.8070
476.0000 -0.8091
477.0000 -0.8111
478.0000 -0.8131
479.0000 -0.8150
480.0000 -0.8167
481.0000 -0.8185
482.0000 -0.8204
483.0000 -0.8222
484.0000 -0.8238
485.0000 -0.8254
486.0000 -0.8269
487.0000 -0.8285
488.0000 -0.8300
489.0000 -0.8314
490.0000 -0.8330
491.0000 -0.8345
492.0000 -0.8359
493.0000 -0.8372
494.0000 -0.8386
495.0000 -0.8399
496.0000 -0.8412
497.0000 -0.8424
498.0000 -0.8436
499.0000 -0.8448
500.0000 -0.8459
501.0000 -0.8471
502.0000 -0.8482
503.0000 -0.8495
504.0000 -0.8506
505.0000 -0.8517
506.0000 -0.8527
507.0000 -0.8536
508.0000 -0.8546
509.0000 -0.8555
510.0000 -1.3870
511.0000 -1.5108
512.0000 -1.4265
513.0000 -1.2607
514.0000 -1.0830
515.0000 -0.9253
516.0000 -0.7977
517.0000 -0.7000
518.0000 -0.6276
519.0000 -0.5750
520.0000 -0.5377
521.0000 -0.5121
522.0000 -0.4956
523.0000 -0.4861
524.0000 -0.4820
525.0000 -0.4818
526.0000 -0.4843
527.0000 -0.4886
528.0000 -0.4936
529.0000 -0.4988
530.0000 -0.5039
531.0000 -0.5083
532.0000 -0.5121
533.0000 -0.5151
534.0000 -0.5173
535.0000 -0.5187
536.0000 -0.5195
537.0000 -0.5198
538.0000 -0.5195
539.0000 -0.5191
540.0000 -0.5184
541.0000 -0.5175
542.0000 -0.5165
543.0000 -0.5155
544.0000 -0.5145
545.0000 -0.5135
546.0000 -0.5124
547.0000 -0.5114
548.0000 -0.5103
549.0000 -0.5093
550.0000 -0.5083
551.0000 -0.5073
552.0000 -0.5064
553.0000 -0.5055
554.0000 -0.5045
555.0000 -0.5035
556.0000 -0.5025
557.0000 -0.5014
558.0000 -0.5003
559.0000 -0.4992
560.0000 -0.4981
561.0000 -0.4970
562.0000 -0.4959
563.0000 -0.4948
564.0000 -0.4937
565.0000 -0.4926
566.0000 -0.4915
567.0000 -0.4903
568.0000 -0.4892
569.0000 -0.4881
570.0000 -0.4871
571.0000 -0.4860
572.0000 -0.4850
573.0000 -0.4838
574.0000 -0.4827
575.0000 -0.4816
576.0000 -0.4805
577.0000 -0.4795
578.0000 -0.4785
579.0000 -0.4774
580.0000 -0.4764
581.0000 -0.4754
582.0000 -0.4744
583.0000 -0.4734
584.0000 -0.4724
585.0000 -0.4715
586.0000 -0.4705
587.0000 -0.4695
588.0000 -0.4687
589.0000 -0.4679
590.0000 -0.4670
591.0000 -0.4661
592.0000 -0.4653
593.0000 -0.4645
594.0000 -0.4636
595.0000 -0.4627
596.0000 -0.4619
597.0000 -0.4611
598.0000 -0.4603
599.0000 -0.4596
600.0000 -0.4589
601.0000 -0.4583
602.0000 -0.4577
603.0000 -0.4570
604.0000 -0.4562
605.0000 -0.4555
606.0000 -0.4548
607.0000 -0.4541
608.0000 -0.4535
609.0000 -0.4529
610.0000 -0.8948
611.0000 -1.1810
612.0000 -1.2721
613.0000 -1.2307
614.0000 -1.1291
615.0000 -1.0153
616.0000 -0.9120
617.0000 -0.8271
618.0000 -0.7606
619.0000 -0.7106
620.0000 -0.6743
621.0000 -0.6489
622.0000 -0.6319
623.0000 -0.6222
624.0000 -0.6183
625.0000 -0.6190
626.0000 -0.6228
627.0000 -0.6289
628.0000 -0.6366
629.0000 -0.6448
630.0000 -0.6533
631.0000 -0.6616
632.0000 -0.6695
633.0000 -0.6768
634.0000 -0.6834
635.0000 -0.6894
636.0000 -0.6947
637.0000 -0.6993
638.0000 -0.7033
639.0000 -0.7070
640.0000 -0.7103
641.0000 -0.7136
642.0000 -0.7164
643.0000 -0.7192
644.0000 -0.7217
645.0000 -0.7242
646.0000 -0.7265
647.0000 -0.7286
648.0000 -0.7307
649.0000 -0.7328
650.0000 -0.7349
651.0000 -0.7367
652.0000 -0.7387
653.0000 -0.7406
654.0000 -0.7424
655.0000 -0.7441
656.0000 -0.7458
657.0000 -0.7475
658.0000 -0.7490
659.0000 -0.7503
660.0000 -0.7516
661.0000 -0.7528
662.0000 -0.7542
663.0000 -0.7553
664.0000 -0.7563
665.0000 -0.7574
666.0000 -0.7583
667.0000 -0.7594
668.0000 -0.7601
669.0000 -0.7610
670.0000 -0.7618
671.0000 -0.7624
672.0000 -0.7632
673.0000 -0.7638
674.0000 -0.7645
675.0000 -0.7651
676.0000 -0.7658
677.0000 -0.7663
678.0000 -0.7668
679.0000 -0.7672
680.0000 -0.7677
681.0000 -0.7681
682.0000 -0.7684
683.0000 -0.7687
684.0000 -0.7691
685.0000 -0.7696
686.0000 -0.7700
687.0000 -0.7701
688.0000 -0.7703
689.0000 -0.7705
690.0000 -0.7709
691.0000 -0.7711
692.0000 -0.7714
693.0000 -0.7718
694.0000 -0.7718
695.0000 -0.7717
696.0000 -0.7719
697.0000 -0.7721
698.0000 -0.7722
699.0000 -0.7723
700.0000 -0.7725
701.0000 -0.7728
702.0000 -0.7726
703.0000 -0.7725
704.0000 -0.7726
705.0000 -0.7726
706.0000 -0.7725
707.0000 -0.7725
708.0000 -0.7726
709.0000 -0.7727
710.0000 1.0139
711.0000 1.6334
712.0000 1.6569
713.0000 1.4593
714.0000 1.2423
715.0000 1.0878
716.0000 1.0103
717.0000 0.9936
718.0000 1.0141
719.0000 1.0516
720.0000 1.0920
721.0000 1.1278
722.0000 1.1560
723.0000 1.1765
724.0000 1.1909
725.0000 1.2005
726.0000 1.2067
727.0000 1.2110
728.0000 1.2143
729.0000 1.2170
730.0000 1.2200
731.0000 1.2230
732.0000 1.2264
733.0000 1.2302
734.0000 1.2345
735.0000 1.2391
736.0000 1.2439
737.0000 1.2492
738.0000 1.2548
739.0000 1.2606
740.0000 1.2665
741.0000 1.2725
742.0000 1.2784
743.0000 1.2840
744.0000 1.2896
745.0000 1.2953
746.0000 1.3007
747.0000 1.3063
748.0000 1.3118
749.0000 1.3169
750.0000 1.3220
751.0000 1.3269
752.0000 1.3318
753.0000 1.3367
754.0000 1.3414
755.0000 1.3459
756.0000 1.3504
757.0000 1.3548
758.0000 1.3592
759.0000 1.3634
760.0000 1.3674
761.0000 1.3717
762.0000 1.3757
763.0000 1.3796
764.0000 1.3835
765.0000 1.3873
766.0000 1.3910
767.0000 1.3949
768.0000 1.3985
769.0000 1.4019
770.0000 1.4052
771.0000 1.4087
772.0000 1.4120
773.0000 1.4151
774.0000 1.4181
775.0000 1.4211
776.0000 1.4242
777.0000 1.4273
778.0000 1.4302
779.0000 1.4330
780.0000 1.4357
781.0000 1.4383
782.0000 1.4412
783.0000 1.4438
784.0000 1.4463
785.0000 1.4487
786.0000 1.4510
787.0000 1.4533
788.0000 1.4556
789.0000 1.4577
790.0000 1.4602
791.0000 1.4624
792.0000 1.4645
793.0000 1.4665
794.0000 1.4685
795.0000 1.4704
796.0000 1.4724
797.0000 1.4743
798.0000 1.4761
799.0000 1.4778
800.0000 1.4795
801.0000 1.4812
802.0000 1.4830
803.0000 1.4849
804.0000 1.4866
805.0000 1.4882
806.0000 1.4897
807.0000 1.4911
808.0000 1.4925
809.0000 1.4939
810.0000 2.2911
811.0000 2.4769
812.0000 2.3505
813.0000 2.1018
814.0000 1.8352
815.0000 1.5987
816.0000 1.4073
817.0000 1.2607
818.0000 1.1520
819.0000 1.0732
820.0000 1.0172
821.0000 0.9789
822.0000 0.9541
823.0000 0.9399
824.0000 0.9337
825.0000 0.9334
826.0000 0.9372
827.0000 0.9436
828.0000 0.9511
829.0000 0.9589
830.0000 0.9665
831.0000 0.9732
832.0000 0.9789
833.0000 0.9834
834.0000 0.9866
835.0000 0.9888
836.0000 0.9900
837.0000 0.9904
838.0000 0.9900
839.0000 0.9894
840.0000 0.9884
841.0000 0.9870
842.0000 0.9855
843.0000 0.9840
844.0000 0.9825
845.0000 0.9809
846.0000 0.9794
847.0000 0.9778
848.0000 0.9762
849.0000 0.9748
850.0000 0.9732
851.0000 0.9717
852.0000 0.9703
853.0000 0.9689
854.0000 0.9675
855.0000 0.9661
856.0000 0.9645
857.0000 0.9629
858.0000 0.9612
859.0000 0.9595
860.0000 0.9579
861.0000 0.9563
862.0000 0.9546
863.0000 0.9530
864.0000 0.9513
865.0000 0.9496
866.0000 0.9480
867.0000 0.9462
868.0000 0.9445
869.0000 0.9429
870.0000 0.9414
871.0000 0.9398
872.0000 0.9382
873.0000 0.9365
874.0000 0.9348
875.0000 0.9331
876.0000 0.9316
877.0000 0.9300
878.0000 0.9284
879.0000 0.9269
880.0000 0.9254
881.0000 0.9238
882.0000 0.9224
883.0000 0.9208
884.0000 0.9193
885.0000 0.9180
886.0000 0.9165
887.0000 0.9151
888.0000 0.9138
889.0000 0.9127
890.0000 0.9113
891.0000 0.9099
892.0000 0.9087
893.0000 0.9075
894.0000 0.9062
895.0000 0.9048
896.0000 0.9036
897.0000 0.9024
898.0000 0.9012
899.0000 0.9002
900.0000 0.8992
901.0000 0.8983
902.0000 0.8973
903.0000 0.8962
904.0000 0.8951
905.0000 0.8940
906.0000 0.8929
907.0000 0.8919
908.0000 0.8910
909.0000 0.8901
910.0000 0.8892
