1.0000 0.0000
2.0000 0.0000
3.0000 0.0000
4.0000 0.0000
5.0000 0.0000
6.0000 0.0000
7.0000 0.0000
8.0000 0.0000
9.0000 0.0000
10.0000 0.9303
11.0000 0.7779
12.0000 0.4731
13.0000 0.2623
14.0000 0.1410
15.0000 0.0667
16.0000 0.0143
17.0000 -0.0253
18.0000 -0.0544
19.0000 -0.0744
20.0000 -0.0870
21.0000 -0.0940
22.0000 -0.0972
23.0000 -0.0979
24.0000 -0.0975
25.0000 -0.0967
26.0000 -0.0959
27.0000 -0.0956
28.0000 -0.0962
29.0000 -0.0976
30.0000 -0.0997
31.0000 -0.1023
32.0000 -0.1055
33.0000 -0.1092
34.0000 -0.1132
35.0000 -0.1173
36.0000 -0.1215
37.0000 -0.1256
38.0000 -0.1297
39.0000 -0.1337
40.0000 -0.1375
41.0000 -0.1411
42.0000 -0.1444
43.0000 -0.1477
44.0000 -0.1508
45.0000 -0.1537
46.0000 -0.1565
47.0000 -0.1591
48.0000 -0.1616
49.0000 -0.1641
50.0000 -0.1664
51.0000 -0.1688
52.0000 -0.1710
53.0000 -0.1731
54.0000 -0.1753
55.0000 -0.1774
56.0000 -0.1794
57.0000 -0.1814
58.0000 -0.1833
59.0000 -0.1853
60.0000 -0.1871
61.0000 -0.1889
62.0000 -0.1908
63.0000 -0.1925
64.0000 -0.1942
65.0000 -0.1958
66.0000 -0.1975
67.0000 -0.1991
68.0000 -0.2008
69.0000 -0.2023
70.0000 -0.2038
71.0000 -0.2052
72.0000 -0.2067
73.0000 -0.2081
74.0000 -0.2095
75.0000 -0.2108
76.0000 -0.2121
77.0000 -0.2134
78.0000 -0.2147
79.0000 -0.2159
80.0000 -0.2172
81.0000 -0.2183
82.0000 -0.2195
83.0000 -0.2206
84.0000 -0.2217
85.0000 -0.2229
86.0000 -0.2239
87.0000 -0.2249
88.0000 -0.2259
89.0000 -0.2269
90.0000 -0.2279
91.0000 -0.2289
92.0000 -0.2298
93.0000 -0.2307
94.0000 -0.2316
95.0000 -0.2324
96.0000 -0.2333
97.0000 -0.2341
98.0000 -0.2349
99.0000 -0.2357
100.0000 -0.2365
101.0000 -0.2372
102.0000 -0.2379
103.0000 -0.2387
104.0000 -0.2394
105.0000 -0.2401
106.0000 -0.2407
107.0000 -0.2414
108.0000 -0.2420
109.0000 -0.2426
110.0000 -0.4059
111.0000 -0.5451
112.0000 -0.6604
113.0000 -0.7541
114.0000 -0.8300
115.0000 -0.8908
116.0000 -0.9393
117.0000 -0.9776
118.0000 -1.0073
119.0000 -1.0302
120.0000 -1.0477
121.0000 -1.0612
122.0000 -1.0719
123.0000 -1.0807
124.0000 -1.0883
125.0000 -1.0956
126.0000 -1.1026
127.0000 -1.1097
128.0000 -1.1171
129.0000 -1.1248
130.0000 -1.1328
131.0000 -1.1409
132.0000 -1.1493
133.0000 -1.1576
134.0000 -1.1659
135.0000 -1.1741
136.0000 -1.1821
137.0000 -1.1899
138.0000 -1.1974
139.0000 -1.2046
140.0000 -1.2115
141.0000 -1.2181
142.0000 -1.2245
143.0000 -1.2305
144.0000 -1.2364
145.0000 -1.2419
146.0000 -1.2472
147.0000 -1.2523
148.0000 -1.2573
149.0000 -1.2621
150.0000 -1.2666
151.0000 -1.2711
152.0000 -1.2754
153.0000 -1.2796
154.0000 -1.2836
155.0000 -1.2876
156.0000 -1.2914
157.0000 -1.2952
158.0000 -1.2988
159.0000 -1.3024
160.0000 -1.3058
161.0000 -1.3092
162.0000 -1.3124
163.0000 -1.3157
164.0000 -1.3188
165.0000 -1.3217
166.0000 -1.3246
167.0000 -1.3274
168.0000 -1.3301
169.0000 -1.3328
170.0000 -1.3355
171.0000 -1.3380
172.0000 -1.3404
173.0000 -1.3428
174.0000 -1.3451
175.0000 -1.3475
176.0000 -1.3497
177.0000 -1.3519
178.0000 -1.3540
179.0000 -1.3560
180.0000 -1.3580
181.0000 -1.3599
182.0000 -1.3619
183.0000 -1.3637
184.0000 -1.3655
185.0000 -1.3672
186.0000 -1.3689
187.0000 -1.3706
188.0000 -1.3721
189.0000 -1.3737
190.0000 -1.3752
191.0000 -1.3767
192.0000 -1.3781
193.0000 -1.3795
194.0000 -1.3809
195.0000 -1.3822
196.0000 -1.3835
197.0000 -1.3847
198.0000 -1.3860
199.0000 -1.3871
200.0000 -1.3883
201.0000 -1.3894
202.0000 -1.3904
203.0000 -1.3915
204.0000 -1.3925
205.0000 -1.3935
206.0000 -1.3944
207.0000 -1.3954
208.0000 -1.3963
209.0000 -1.3971
210.0000 -1.0670
211.0000 -0.8827
212.0000 -0.7326
213.0000 -0.5939
214.0000 -0.4722
215.0000 -0.3736
216.0000 -0.2992
217.0000 -0.2461
218.0000 -0.2106
219.0000 -0.1882
220.0000 -0.1753
221.0000 -0.1685
222.0000 -0.1655
223.0000 -0.1641
224.0000 -0.1630
225.0000 -0.1612
226.0000 -0.1583
227.0000 -0.1539
228.0000 -0.1479
229.0000 -0.1405
230.0000 -0.1321
231.0000 -0.1226
232.0000 -0.1126
233.0000 -0.1021
234.0000 -0.0914
235.0000 -0.0809
236.0000 -0.0706
237.0000 -0.0606
238.0000 -0.0509
239.0000 -0.0416
240.0000 -0.0328
241.0000 -0.0244
242.0000 -0.0166
243.0000 -0.0089
244.0000 -0.0018
245.0000 0.0050
246.0000 0.0115
247.0000 0.0178
248.0000 0.0239
249.0000 0.0297
250.0000 0.0354
251.0000 0.0410
252.0000 0.0463
253.0000 0.0515
254.0000 0.0566
255.0000 0.0615
256.0000 0.0664
257.0000 0.0711
258.0000 0.0757
259.0000 0.0802
260.0000 0.0845
261.0000 0.0888
262.0000 0.0930
263.0000 0.0971
264.0000 0.1011
265.0000 0.1049
266.0000 0.1087
267.0000 0.1124
268.0000 0.1161
269.0000 0.1195
270.0000 0.1230
271.0000 0.1264
272.0000 0.1296
273.0000 0.1328
274.0000 0.1359
275.0000 0.1390
276.0000 0.1419
277.0000 0.1448
278.0000 0.1476
279.0000 0.1504
280.0000 0.1531
281.0000 0.1556
282.0000 0.1582
283.0000 0.1606
284.0000 0.1631
285.0000 0.1655
286.0000 0.1678
287.0000 0.1700
288.0000 0.1722
289.0000 0.1743
290.0000 0.1764
291.0000 0.1785
292.0000 0.1804
293.0000 0.1823
294.0000 0.1842
295.0000 0.1861
296.0000 0.1879
297.0000 0.1896
298.0000 0.1913
299.0000 0.1930
300.0000 0.1946
301.0000 0.1961
302.0000 0.1977
303.0000 0.1992
304.0000 0.2007
305.0000 0.2021
306.0000 0.2035
307.0000 0.2049
308.0000 0.2062
309.0000 0.2074
310.0000 -1.6518
311.0000 -1.3457
312.0000 -0.7350
313.0000 -0.3123
314.0000 -0.0686
315.0000 0.0811
316.0000 0.1870
317.0000 0.2672
318.0000 0.3264
319.0000 0.3673
320.0000 0.3935
321.0000 0.4085
322.0000 0.4158
323.0000 0.4181
324.0000 0.4181
325.0000 0.4174
326.0000 0.4166
327.0000 0.4167
328.0000 0.4186
329.0000 0.4221
330.0000 0.4271
331.0000 0.4330
332.0000 0.4401
333.0000 0.4483
334.0000 0.4569
335.0000 0.4658
336.0000 0.4747
337.0000 0.4836
338.0000 0.4924
339.0000 0.5009
340.0000 0.5090
341.0000 0.5167
342.0000 0.5240
343.0000 0.5311
344.0000 0.5379
345.0000 0.5441
346.0000 0.5501
347.0000 0.5559
348.0000 0.5614
349.0000 0.5668
350.0000 0.5718
351.0000 0.5769
352.0000 0.5817
353.0000 0.5864
354.0000 0.5911
355.0000 0.5956
356.0000 0.6000
357.0000 0.6044
358.0000 0.6086
359.0000 0.6128
360.0000 0.6168
361.0000 0.6208
362.0000 0.6248
363.0000 0.6285
364.0000 0.6322
365.0000 0.6358
366.0000 0.6394
367.0000 0.6429
368.0000 0.6464
369.0000 0.6497
370.0000 0.6530
371.0000 0.6561
372.0000 0.6592
373.0000 0.6622
374.0000 0.6652
375.0000 0.6681
376.0000 0.6710
377.0000 0.6738
378.0000 0.6766
379.0000 0.6793
380.0000 0.6819
381.0000 0.6844
382.0000 0.6869
383.0000 0.6894
384.0000 0.6918
385.0000 0.6942
386.0000 0.6964
387.0000 0.6986
388.0000 0.7009
389.0000 0.7030
390.0000 0.7051
391.0000 0.7071
392.0000 0.7090
393.0000 0.7110
394.0000 0.7129
395.0000 0.7148
396.0000 0.7166
397.0000 0.7184
398.0000 0.7202
399.0000 0.7219
400.0000 0.7235
401.0000 0.7250
402.0000 0.7266
403.0000 0.7282
404.0000 0.7297
405.0000 0.7310
406.0000 0.7324
407.0000 0.7339
408.0000 0.7351
409.0000 0.7364
410.0000 1.0629
411.0000 1.3415
412.0000 1.5721
413.0000 1.7597
414.0000 1.9114
415.0000 2.0331
416.0000 2.1303
417.0000 2.2069
418.0000 2.2666
419.0000 2.3125
420.0000 2.3476
421.0000 2.3746
422.0000 2.3962
423.0000 2.4138
424.0000 2.4291
425.0000 2.4437
426.0000 2.4578
427.0000 2.4722
428.0000 2.4871
429.0000 2.5025
430.0000 2.5185
431.0000 2.5350
432.0000 2.5517
433.0000 2.5685
434.0000 2.5851
435.0000 2.6015
436.0000 2.6176
437.0000 2.6332
438.0000 2.6483
439.0000 2.6628
440.0000 2.6766
441.0000 2.6900
442.0000 2.7027
443.0000 2.7148
444.0000 2.7267
445.0000 2.7378
446.0000 2.7484
447.0000 2.7587
448.0000 2.7687
449.0000 2.7783
450.0000 2.7874
451.0000 2.7964
452.0000 2.8051
453.0000 2.8135
454.0000 2.8216
455.0000 2.8296
456.0000 2.8374
457.0000 2.8450
458.0000 2.8523
459.0000 2.8594
460.0000 2.8664
461.0000 2.8730
462.0000 2.8797
463.0000 2.8862
464.0000 2.8924
465.0000 2.8983
466.0000 2.9041
467.0000 2.9098
468.0000 2.9152
469.0000 2.9207
470.0000 2.9260
471.0000 2.9310
472.0000 2.9359
473.0000 2.9407
474.0000 2.9455
475.0000 2.9501
476.0000 2.9547
477.0000 2.9591
478.0000 2.9632
479.0000 2.9672
480.0000 2.9713
481.0000 2.9752
482.0000 2.9791
483.0000 2.9829
484.0000 2.9864
485.0000 2.9898
486.0000 2.9933
487.0000 2.9966
488.0000 2.9998
489.0000 3.0029
490.0000 3.0059
491.0000 3.0090
492.0000 3.0119
493.0000 3.0147
494.0000 3.0174
495.0000 3.0201
496.0000 3.0226
497.0000 3.0252
498.0000 3.0276
499.0000 3.0300
500.0000 3.0323
501.0000 3.0345
502.0000 3.0366
503.0000 3.0387
504.0000 3.0408
505.0000 3.0428
506.0000 3.0447
507.0000 3.0466
508.0000 3.0485
509.0000 3.0501
510.0000 2.3899
511.0000 2.0213
512.0000 1.7211
513.0000 1.4437
514.0000 1.2003
515.0000 1.0032
516.0000 0.8543
517.0000 0.7481
518.0000 0.6772
519.0000 0.6325
520.0000 0.6066
521.0000 0.5931
522.0000 0.5870
523.0000 0.5843
524.0000 0.5820
525.0000 0.5784
526.0000 0.5727
527.0000 0.5638
528.0000 0.5518
529.0000 0.5372
530.0000 0.5203
531.0000 0.5013
532.0000 0.4813
533.0000 0.4603
534.0000 0.4390
535.0000 0.4179
536.0000 0.3973
537.0000 0.3773
538.0000 0.3579
539.0000 0.3394
540.0000 0.3217
541.0000 0.3050
542.0000 0.2893
543.0000 0.2741
544.0000 0.2597
545.0000 0.2462
546.0000 0.2332
547.0000 0.2206
548.0000 0.2085
549.0000 0.1968
550.0000 0.1855
551.0000 0.1743
552.0000 0.1636
553.0000 0.1533
554.0000 0.1431
555.0000 0.1332
556.0000 0.1235
557.0000 0.1140
558.0000 0.1048
559.0000 0.0958
560.0000 0.0872
561.0000 0.0787
562.0000 0.0703
563.0000 0.0622
564.0000 0.0541
565.0000 0.0464
566.0000 0.0390
567.0000 0.0315
568.0000 0.0242
569.0000 0.0172
570.0000 0.0104
571.0000 0.0036
572.0000 -0.0029
573.0000 -0.0092
574.0000 -0.0155
575.0000 -0.0216
576.0000 -0.0274
577.0000 -0.0332
578.0000 -0.0390
579.0000 -0.0444
580.0000 -0.0498
581.0000 -0.0549
582.0000 -0.0600
583.0000 -0.0649
584.0000 -0.0699
585.0000 -0.0746
586.0000 -0.0792
587.0000 -0.0836
588.0000 -0.0881
589.0000 -0.0923
590.0000 -0.0965
591.0000 -0.1005
592.0000 -0.1044
593.0000 -0.1083
594.0000 -0.1120
595.0000 -0.1158
596.0000 -0.1194
597.0000 -0.1228
598.0000 -0.1263
599.0000 -0.1296
600.0000 -0.1328
601.0000 -0.1358
602.0000 -0.1390
603.0000 -0.1421
604.0000 -0.1450
605.0000 -0.1478
606.0000 -0.1506
607.0000 -0.1534
608.0000 -0.1560
609.0000 -0.1585
610.0000 2.6298
611.0000 2.1700
612.0000 1.2533
613.0000 0.6186
614.0000 0.2526
615.0000 0.0275
616.0000 -0.1319
617.0000 -0.2527
618.0000 -0.3420
619.0000 -0.4039
620.0000 -0.4437
621.0000 -0.4666
622.0000 -0.4780
623.0000 -0.4818
624.0000 -0.4822
625.0000 -0.4816
626.0000 -0.4809
627.0000 -0.4815
628.0000 -0.4847
629.0000 -0.4903
630.0000 -0.4981
631.0000 -0.5073
632.0000 -0.5184
633.0000 -0.5309
634.0000 -0.5442
635.0000 -0.5578
636.0000 -0.5715
637.0000 -0.5851
638.0000 -0.5987
639.0000 -0.6117
640.0000 -0.6241
641.0000 -0.6360
642.0000 -0.6472
643.0000 -0.6581
644.0000 -0.6685
645.0000 -0.6781
646.0000 -0.6873
647.0000 -0.6962
648.0000 -0.7047
649.0000 -0.7130
650.0000 -0.7208
651.0000 -0.7287
652.0000 -0.7360
653.0000 -0.7433
654.0000 -0.7505
655.0000 -0.7575
656.0000 -0.7641
657.0000 -0.7709
658.0000 -0.7774
659.0000 -0.7839
660.0000 -0.7901
661.0000 -0.7962
662.0000 -0.8024
663.0000 -0.8082
664.0000 -0.8139
665.0000 -0.8194
666.0000 -0.8249
667.0000 -0.8303
668.0000 -0.8357
669.0000 -0.8407
670.0000 -0.8458
671.0000 -0.8506
672.0000 -0.8553
673.0000 -0.8599
674.0000 -0.8646
675.0000 -0.8691
676.0000 -0.8735
677.0000 -0.8778
678.0000 -0.8820
679.0000 -0.8861
680.0000 -0.8902
681.0000 -0.8941
682.0000 -0.8979
683.0000 -0.9017
684.0000 -0.9054
685.0000 -0.9091
686.0000 -0.9125
687.0000 -0.9159
688.0000 -0.9193
689.0000 -0.9226
690.0000 -0.9258
691.0000 -0.9289
692.0000 -0.9319
693.0000 -0.9349
694.0000 -0.9378
695.0000 -0.9407
696.0000 -0.9435
697.0000 -0.9463
698.0000 -0.9490
699.0000 -0.9516
700.0000 -0.9540
701.0000 -0.9564
702.0000 -0.9588
703.0000 -0.9613
704.0000 -0.9635
705.0000 -0.9656
706.0000 -0.9677
707.0000 -0.9699
708.0000 -0.9718
709.0000 -0.9737
710.0000 -1.4636
711.0000 -1.8815
712.0000 -2.2273
713.0000 -2.5088
714.0000 -2.7364
715.0000 -2.9190
716.0000 -3.0649
717.0000 -3.1799
718.0000 -3.2694
719.0000 -3.3383
720.0000 -3.3910
721.0000 -3.4316
722.0000 -3.4640
723.0000 -3.4905
724.0000 -3.5135
725.0000 -3.5354
726.0000 -3.5567
727.0000 -3.5782
728.0000 -3.6007
729.0000 -3.6238
730.0000 -3.6479
731.0000 -3.6725
732.0000 -3.6977
733.0000 -3.7229
734.0000 -3.7479
735.0000 -3.7725
736.0000 -3.7967
737.0000 -3.8201
738.0000 -3.8428
739.0000 -3.8646
740.0000 -3.8853
741.0000 -3.9054
742.0000 -3.9246
743.0000 -3.9428
744.0000 -3.9605
745.0000 -3.9772
746.0000 -3.9932
747.0000 -4.0087
748.0000 -4.0237
749.0000 -4.0381
750.0000 -4.0518
751.0000 -4.0653
752.0000 -4.0784
753.0000 -4.0910
754.0000 -4.1032
755.0000 -4.1152
756.0000 -4.1269
757.0000 -4.1384
758.0000 -4.1493
759.0000 -4.1600
760.0000 -4.1705
761.0000 -4.1805
762.0000 -4.1904
763.0000 -4.2003
764.0000 -4.2095
765.0000 -4.2184
766.0000 -4.2271
767.0000 -4.2357
768.0000 -4.2439
769.0000 -4.2521
770.0000 -4.2601
771.0000 -4.2677
772.0000 -4.2750
773.0000 -4.2822
774.0000 -4.2893
775.0000 -4.2964
776.0000 -4.3032
777.0000 -4.3098
778.0000 -4.3161
779.0000 -4.3221
780.0000 -4.3282
781.0000 -4.3341
782.0000 -4.3399
783.0000 -4.3456
784.0000 -4.3509
785.0000 -4.3560
786.0000 -4.3612
787.0000 -4.3663
788.0000 -4.3710
789.0000 -4.3757
790.0000 -4.3802
791.0000 -4.3848
792.0000 -4.3892
793.0000 -4.3934
794.0000 -4.3975
795.0000 -4.4016
796.0000 -4.4053
797.0000 -4.4092
798.0000 -4.4129
799.0000 -4.4164
800.0000 -4.4199
801.0000 -4.4232
802.0000 -4.4264
803.0000 -4.4295
804.0000 -4.4327
805.0000 -4.4357
806.0000 -4.4386
807.0000 -4.4415
808.0000 -4.4442
809.0000 -4.4467
810.0000 -3.4564
811.0000 -2.9035
812.0000 -2.4532
813.0000 -2.0371
814.0000 -1.6720
815.0000 -1.3764
816.0000 -1.1530
817.0000 -0.9937
818.0000 -0.8874
819.0000 -0.8203
820.0000 -0.7814
821.0000 -0.7612
822.0000 -0.7521
823.0000 -0.7480
824.0000 -0.7446
825.0000 -0.7392
826.0000 -0.7306
827.0000 -0.7173
828.0000 -0.6993
829.0000 -0.6774
830.0000 -0.6520
831.0000 -0.6236
832.0000 -0.5936
833.0000 -0.5621
834.0000 -0.5302
835.0000 -0.4985
836.0000 -0.4676
837.0000 -0.4377
838.0000 -0.4085
839.0000 -0.3807
840.0000 -0.3542
841.0000 -0.3292
842.0000 -0.3056
843.0000 -0.2828
844.0000 -0.2613
845.0000 -0.2410
846.0000 -0.2215
847.0000 -0.2026
848.0000 -0.1844
849.0000 -0.1669
850.0000 -0.1499
851.0000 -0.1331
852.0000 -0.1171
853.0000 -0.1017
854.0000 -0.0864
855.0000 -0.0715
856.0000 -0.0569
857.0000 -0.0427
858.0000 -0.0289
859.0000 -0.0154
860.0000 -0.0025
861.0000 0.0103
862.0000 0.0229
863.0000 0.0350
864.0000 0.0471
865.0000 0.0586
866.0000 0.0699
867.0000 0.0810
868.0000 0.0920
869.0000 0.1024
870.0000 0.1127
871.0000 0.1229
872.0000 0.1326
873.0000 0.1421
874.0000 0.1515
875.0000 0.1606
876.0000 0.1694
877.0000 0.1780
878.0000 0.1867
879.0000 0.1949
880.0000 0.2030
881.0000 0.2106
882.0000 0.2182
883.0000 0.2256
884.0000 0.2331
885.0000 0.2402
886.0000 0.2471
887.0000 0.2537
888.0000 0.2604
889.0000 0.2666
890.0000 0.2730
891.0000 0.2791
892.0000 0.2848
893.0000 0.2907
894.0000 0.2963
895.0000 0.3020
896.0000 0.3074
897.0000 0.3125
898.0000 0.3177
899.0000 0.3227
900.0000 0.3274
901.0000 0.3319
902.0000 0.3367
903.0000 0.3414
904.0000 0.3457
905.0000 0.3499
906.0000 0.3541
907.0000 0.3583
908.0000 0.3622
909.0000 0.3660
910.0000 0.3700
