1.0000 0.0000
2.0000 0.0000
3.0000 0.0000
4.0000 0.0000
5.0000 0.0000
6.0000 0.0000
7.0000 0.0000
8.0000 0.0000
9.0000 0.0000
10.0000 0.0000
11.0000 0.1694
12.0000 0.2755
13.0000 0.3050
14.0000 0.2921
15.0000 0.2620
16.0000 0.2263
17.0000 0.1893
18.0000 0.1530
19.0000 0.1189
20.0000 0.0880
21.0000 0.0612
22.0000 0.0388
23.0000 0.0210
24.0000 0.0075
25.0000 -0.0021
26.0000 -0.0085
27.0000 -0.0122
28.0000 -0.0137
29.0000 -0.0138
30.0000 -0.0128
31.0000 -0.0111
32.0000 -0.0092
33.0000 -0.0071
34.0000 -0.0052
35.0000 -0.0034
36.0000 -0.0020
37.0000 -0.0008
38.0000 0.0001
39.0000 0.0008
40.0000 0.0012
41.0000 0.0014
42.0000 0.0015
43.0000 0.0015
44.0000 0.0014
45.0000 0.0012
46.0000 0.0011
47.0000 0.0009
48.0000 0.0007
49.0000 0.0006
50.0000 0.0004
51.0000 0.0003
52.0000 0.0003
53.0000 0.0002
54.0000 0.0001
55.0000 0.0001
56.0000 0.0001
57.0000 0.0001
58.0000 0.0000
59.0000 0.0000
60.0000 0.0000
61.0000 0.0000
62.0000 0.0001
63.0000 0.0000
64.0000 0.0001
65.0000 0.0001
66.0000 0.0001
67.0000 0.0001
68.0000 0.0001
69.0000 0.0001
70.0000 0.0001
71.0000 0.0001
72.0000 0.0001
73.0000 0.0001
74.0000 0.0001
75.0000 0.0001
76.0000 0.0001
77.0000 0.0001
78.0000 0.0001
79.0000 0.0001
80.0000 0.0001
81.0000 0.0001
82.0000 0.0000
83.0000 0.0001
84.0000 0.0001
85.0000 0.0001
86.0000 0.0001
87.0000 0.0000
88.0000 0.0000
89.0000 0.0001
90.0000 0.0001
91.0000 0.0000
92.0000 0.0000
93.0000 0.0000
94.0000 0.0000
95.0000 0.0000
96.0000 0.0000
97.0000 0.0000
98.0000 0.0000
99.0000 0.0000
100.0000 0.0000
101.0000 0.0000
102.0000 0.0000
103.0000 0.0000
104.0000 0.0000
105.0000 0.0000
106.0000 0.0000
107.0000 0.0000
108.0000 0.0000
109.0000 0.0000
110.0000 0.0000
111.0000 0.0714
112.0000 0.1465
113.0000 0.1967
114.0000 0.2164
115.0000 0.2110
116.0000 0.1891
117.0000 0.1588
118.0000 0.1262
119.0000 0.0952
120.0000 0.0679
121.0000 0.0453
122.0000 0.0273
123.0000 0.0136
124.0000 0.0037
125.0000 -0.0031
126.0000 -0.0073
127.0000 -0.0096
128.0000 -0.0103
129.0000 -0.0100
130.0000 -0.0090
131.0000 -0.0076
132.0000 -0.0061
133.0000 -0.0045
134.0000 -0.0031
135.0000 -0.0018
136.0000 -0.0008
137.0000 0.0000
138.0000 0.0006
139.0000 0.0010
140.0000 0.0012
141.0000 0.0014
142.0000 0.0014
143.0000 0.0013
144.0000 0.0012
145.0000 0.0011
146.0000 0.0009
147.0000 0.0007
148.0000 0.0006
149.0000 0.0005
150.0000 0.0004
151.0000 0.0003
152.0000 0.0002
153.0000 0.0002
154.0000 0.0001
155.0000 0.0001
156.0000 0.0001
157.0000 0.0001
158.0000 0.0001
159.0000 0.0001
160.0000 0.0001
161.0000 0.0001
162.0000 0.0001
163.0000 0.0001
164.0000 0.0001
165.0000 0.0000
166.0000 0.0000
167.0000 0.0000
168.0000 0.0001
169.0000 0.0001
170.0000 0.0001
171.0000 0.0001
172.0000 0.0001
173.0000 0.0001
174.0000 0.0001
175.0000 0.0001
176.0000 0.0001
177.0000 0.0001
178.0000 0.0001
179.0000 0.0001
180.0000 0.0001
181.0000 0.0001
182.0000 0.0001
183.0000 0.0001
184.0000 0.0001
185.0000 0.0001
186.0000 0.0001
187.0000 0.0001
188.0000 0.0000
189.0000 0.0000
190.0000 0.0000
191.0000 0.0000
192.0000 0.0000
193.0000 0.0000
194.0000 0.0000
195.0000 0.0000
196.0000 0.0000
197.0000 0.0000
198.0000 0.0000
199.0000 0.0000
200.0000 0.0000
201.0000 -0.0000
202.0000 -0.0000
203.0000 -0.0000
204.0000 0.0000
205.0000 0.0000
206.0000 0.0000
207.0000 0.0001
208.0000 0.0001
209.0000 0.0001
210.0000 0.0001
211.0000 0.0826
212.0000 0.1868
213.0000 0.2938
214.0000 0.3986
215.0000 0.4991
216.0000 0.5935
217.0000 0.6799
218.0000 0.7571
219.0000 0.8240
220.0000 0.8802
221.0000 0.9257
222.0000 0.9611
223.0000 0.9875
224.0000 1.0058
225.0000 1.0176
226.0000 1.0241
227.0000 1.0266
228.0000 1.0262
229.0000 1.0239
230.0000 1.0204
231.0000 1.0165
232.0000 1.0125
233.0000 1.0088
234.0000 1.0055
235.0000 1.0028
236.0000 1.0006
237.0000 0.9990
238.0000 0.9979
239.0000 0.9972
240.0000 0.9969
241.0000 0.9969
242.0000 0.9970
243.0000 0.9973
244.0000 0.9976
245.0000 0.9980
246.0000 0.9983
247.0000 0.9987
248.0000 0.9989
249.0000 0.9992
250.0000 0.9994
251.0000 0.9996
252.0000 0.9997
253.0000 0.9998
254.0000 0.9998
255.0000 0.9999
256.0000 0.9999
257.0000 0.9999
258.0000 1.0000
259.0000 1.0000
260.0000 1.0000
261.0000 0.9999
262.0000 0.9999
263.0000 0.9999
264.0000 0.9999
265.0000 0.9999
266.0000 0.9999
267.0000 0.9999
268.0000 0.9999
269.0000 0.9999
270.0000 0.9999
271.0000 0.9999
272.0000 0.9999
273.0000 0.9999
274.0000 0.9999
275.0000 0.9999
276.0000 0.9999
277.0000 0.9999
278.0000 0.9999
279.0000 0.9999
280.0000 0.9999
281.0000 1.0000
282.0000 1.0000
283.0000 1.0000
284.0000 0.9999
285.0000 0.9999
286.0000 1.0000
287.0000 1.0000
288.0000 0.9999
289.0000 1.0000
290.0000 1.0000
291.0000 1.0000
292.0000 1.0000
293.0000 1.0000
294.0000 1.0000
295.0000 1.0000
296.0000 1.0000
297.0000 1.0000
298.0000 0.9999
299.0000 0.9999
300.0000 1.0000
301.0000 1.0000
302.0000 1.0000
303.0000 1.0000
304.0000 1.0000
305.0000 1.0000
306.0000 1.0000
307.0000 1.0000
308.0000 1.0000
309.0000 1.0000
310.0000 1.0000
311.0000 0.6612
312.0000 0.4490
313.0000 0.3900
314.0000 0.4159
315.0000 0.4761
316.0000 0.5475
317.0000 0.6215
318.0000 0.6940
319.0000 0.7623
320.0000 0.8241
321.0000 0.8778
322.0000 0.9225
323.0000 0.9581
324.0000 0.9850
325.0000 1.0043
326.0000 1.0171
327.0000 1.0244
328.0000 1.0275
329.0000 1.0276
330.0000 1.0256
331.0000 1.0224
332.0000 1.0184
333.0000 1.0143
334.0000 1.0104
335.0000 1.0069
336.0000 1.0040
337.0000 1.0016
338.0000 0.9998
339.0000 0.9985
340.0000 0.9976
341.0000 0.9971
342.0000 0.9970
343.0000 0.9970
344.0000 0.9972
345.0000 0.9976
346.0000 0.9979
347.0000 0.9983
348.0000 0.9986
349.0000 0.9989
350.0000 0.9992
351.0000 0.9994
352.0000 0.9996
353.0000 0.9997
354.0000 0.9998
355.0000 0.9999
356.0000 0.9999
357.0000 0.9999
358.0000 0.9999
359.0000 0.9999
360.0000 0.9999
361.0000 0.9999
362.0000 0.9999
363.0000 0.9999
364.0000 0.9999
365.0000 0.9999
366.0000 0.9999
367.0000 0.9999
368.0000 0.9999
369.0000 0.9999
370.0000 0.9999
371.0000 0.9999
372.0000 0.9999
373.0000 0.9999
374.0000 0.9999
375.0000 0.9999
376.0000 0.9999
377.0000 0.9999
378.0000 0.9999
379.0000 0.9999
380.0000 0.9999
381.0000 0.9999
382.0000 0.9999
383.0000 0.9999
384.0000 0.9999
385.0000 0.9999
386.0000 0.9999
387.0000 0.9999
388.0000 0.9999
389.0000 0.9999
390.0000 0.9999
391.0000 0.9999
392.0000 0.9999
393.0000 0.9999
394.0000 1.0000
395.0000 1.0000
396.0000 0.9999
397.0000 0.9999
398.0000 0.9999
399.0000 1.0000
400.0000 1.0000
401.0000 1.0000
402.0000 1.0000
403.0000 1.0000
404.0000 1.0000
405.0000 1.0000
406.0000 1.0000
407.0000 0.9999
408.0000 0.9999
409.0000 0.9999
410.0000 0.9999
411.0000 0.8571
412.0000 0.7069
413.0000 0.6064
414.0000 0.5669
415.0000 0.5778
416.0000 0.6216
417.0000 0.6822
418.0000 0.7474
419.0000 0.8093
420.0000 0.8638
421.0000 0.9091
422.0000 0.9451
423.0000 0.9725
424.0000 0.9924
425.0000 1.0059
426.0000 1.0144
427.0000 1.0189
428.0000 1.0204
429.0000 1.0198
430.0000 1.0178
431.0000 1.0151
432.0000 1.0119
433.0000 1.0089
434.0000 1.0060
435.0000 1.0035
436.0000 1.0014
437.0000 0.9998
438.0000 0.9986
439.0000 0.9978
440.0000 0.9974
441.0000 0.9971
442.0000 0.9971
443.0000 0.9972
444.0000 0.9974
445.0000 0.9977
446.0000 0.9981
447.0000 0.9984
448.0000 0.9987
449.0000 0.9989
450.0000 0.9991
451.0000 0.9993
452.0000 0.9995
453.0000 0.9996
454.0000 0.9996
455.0000 0.9996
456.0000 0.9997
457.0000 0.9997
458.0000 0.9997
459.0000 0.9997
460.0000 0.9997
461.0000 0.9997
462.0000 0.9997
463.0000 0.9997
464.0000 0.9998
465.0000 0.9998
466.0000 0.9998
467.0000 0.9998
468.0000 0.9998
469.0000 0.9998
470.0000 0.9998
471.0000 0.9998
472.0000 0.9998
473.0000 0.9998
474.0000 0.9997
475.0000 0.9997
476.0000 0.9997
477.0000 0.9998
478.0000 0.9998
479.0000 0.9998
480.0000 0.9998
481.0000 0.9998
482.0000 0.9998
483.0000 0.9998
484.0000 0.9998
485.0000 0.9998
486.0000 0.9998
487.0000 0.9998
488.0000 0.9999
489.0000 0.9999
490.0000 0.9999
491.0000 0.9999
492.0000 0.9999
493.0000 0.9999
494.0000 0.9999
495.0000 0.9999
496.0000 0.9999
497.0000 0.9999
498.0000 0.9999
499.0000 0.9999
500.0000 1.0000
501.0000 1.0000
502.0000 1.0000
503.0000 1.0000
504.0000 1.0000
505.0000 0.9999
506.0000 0.9999
507.0000 0.9999
508.0000 0.9998
509.0000 0.9998
510.0000 0.9998
511.0000 0.8348
512.0000 0.6265
513.0000 0.4125
514.0000 0.2029
515.0000 0.0018
516.0000 -0.1869
517.0000 -0.3599
518.0000 -0.5143
519.0000 -0.6480
520.0000 -0.7603
521.0000 -0.8514
522.0000 -0.9223
523.0000 -0.9749
524.0000 -1.0117
525.0000 -1.0352
526.0000 -1.0482
527.0000 -1.0532
528.0000 -1.0524
529.0000 -1.0477
530.0000 -1.0409
531.0000 -1.0330
532.0000 -1.0250
533.0000 -1.0175
534.0000 -1.0110
535.0000 -1.0055
536.0000 -1.0013
537.0000 -0.9981
538.0000 -0.9959
539.0000 -0.9945
540.0000 -0.9939
541.0000 -0.9938
542.0000 -0.9940
543.0000 -0.9945
544.0000 -0.9952
545.0000 -0.9960
546.0000 -0.9967
547.0000 -0.9973
548.0000 -0.9979
549.0000 -0.9984
550.0000 -0.9988
551.0000 -0.9991
552.0000 -0.9994
553.0000 -0.9996
554.0000 -0.9997
555.0000 -0.9998
556.0000 -0.9998
557.0000 -0.9999
558.0000 -0.9999
559.0000 -0.9999
560.0000 -0.9999
561.0000 -0.9999
562.0000 -0.9999
563.0000 -0.9998
564.0000 -0.9998
565.0000 -0.9998
566.0000 -0.9998
567.0000 -0.9998
568.0000 -0.9997
569.0000 -0.9997
570.0000 -0.9997
571.0000 -0.9998
572.0000 -0.9998
573.0000 -0.9998
574.0000 -0.9998
575.0000 -0.9998
576.0000 -0.9998
577.0000 -0.9998
578.0000 -0.9998
579.0000 -0.9999
580.0000 -0.9999
581.0000 -0.9999
582.0000 -0.9999
583.0000 -0.9999
584.0000 -0.9999
585.0000 -0.9999
586.0000 -0.9999
587.0000 -0.9999
588.0000 -0.9999
589.0000 -0.9999
590.0000 -0.9999
591.0000 -0.9999
592.0000 -0.9999
593.0000 -0.9999
594.0000 -0.9999
595.0000 -0.9999
596.0000 -0.9999
597.0000 -0.9999
598.0000 -0.9999
599.0000 -0.9999
600.0000 -0.9999
601.0000 -0.9999
602.0000 -0.9999
603.0000 -0.9999
604.0000 -1.0000
605.0000 -1.0000
606.0000 -1.0000
607.0000 -1.0000
608.0000 -1.0000
609.0000 -1.0000
610.0000 -1.0000
611.0000 -0.4917
612.0000 -0.1735
613.0000 -0.0850
614.0000 -0.1239
615.0000 -0.2142
616.0000 -0.3214
617.0000 -0.4323
618.0000 -0.5411
619.0000 -0.6436
620.0000 -0.7362
621.0000 -0.8167
622.0000 -0.8838
623.0000 -0.9372
624.0000 -0.9776
625.0000 -1.0065
626.0000 -1.0256
627.0000 -1.0366
628.0000 -1.0413
629.0000 -1.0414
630.0000 -1.0384
631.0000 -1.0336
632.0000 -1.0277
633.0000 -1.0215
634.0000 -1.0157
635.0000 -1.0104
636.0000 -1.0060
637.0000 -1.0024
638.0000 -0.9997
639.0000 -0.9977
640.0000 -0.9964
641.0000 -0.9957
642.0000 -0.9955
643.0000 -0.9955
644.0000 -0.9959
645.0000 -0.9963
646.0000 -0.9969
647.0000 -0.9974
648.0000 -0.9979
649.0000 -0.9984
650.0000 -0.9988
651.0000 -0.9991
652.0000 -0.9994
653.0000 -0.9996
654.0000 -0.9997
655.0000 -0.9998
656.0000 -0.9999
657.0000 -0.9999
658.0000 -0.9999
659.0000 -0.9999
660.0000 -0.9999
661.0000 -0.9999
662.0000 -0.9999
663.0000 -0.9999
664.0000 -0.9999
665.0000 -0.9999
666.0000 -0.9999
667.0000 -0.9998
668.0000 -0.9999
669.0000 -0.9999
670.0000 -0.9999
671.0000 -0.9999
672.0000 -0.9999
673.0000 -0.9998
674.0000 -0.9998
675.0000 -0.9998
676.0000 -0.9998
677.0000 -0.9998
678.0000 -0.9998
679.0000 -0.9998
680.0000 -0.9998
681.0000 -0.9998
682.0000 -0.9998
683.0000 -0.9998
684.0000 -0.9998
685.0000 -0.9998
686.0000 -0.9998
687.0000 -0.9999
688.0000 -0.9999
689.0000 -0.9999
690.0000 -0.9998
691.0000 -0.9999
692.0000 -0.9999
693.0000 -0.9999
694.0000 -0.9999
695.0000 -0.9999
696.0000 -0.9999
697.0000 -0.9999
698.0000 -0.9999
699.0000 -0.9999
700.0000 -1.0000
701.0000 -1.0000
702.0000 -1.0000
703.0000 -1.0000
704.0000 -1.0000
705.0000 -1.0000
706.0000 -1.0000
707.0000 -0.9999
708.0000 -0.9999
709.0000 -0.9998
710.0000 -0.9997
711.0000 -0.7856
712.0000 -0.5602
713.0000 -0.4095
714.0000 -0.3503
715.0000 -0.3666
716.0000 -0.4323
717.0000 -0.5232
718.0000 -0.6209
719.0000 -0.7138
720.0000 -0.7956
721.0000 -0.8636
722.0000 -0.9176
723.0000 -0.9587
724.0000 -0.9885
725.0000 -1.0088
726.0000 -1.0214
727.0000 -1.0282
728.0000 -1.0304
729.0000 -1.0296
730.0000 -1.0266
731.0000 -1.0225
732.0000 -1.0178
733.0000 -1.0132
734.0000 -1.0089
735.0000 -1.0051
736.0000 -1.0020
737.0000 -0.9996
738.0000 -0.9978
739.0000 -0.9966
740.0000 -0.9959
741.0000 -0.9956
742.0000 -0.9955
743.0000 -0.9957
744.0000 -0.9961
745.0000 -0.9966
746.0000 -0.9970
747.0000 -0.9975
748.0000 -0.9979
749.0000 -0.9983
750.0000 -0.9987
751.0000 -0.9989
752.0000 -0.9991
753.0000 -0.9993
754.0000 -0.9994
755.0000 -0.9994
756.0000 -0.9994
757.0000 -0.9995
758.0000 -0.9995
759.0000 -0.9995
760.0000 -0.9995
761.0000 -0.9995
762.0000 -0.9995
763.0000 -0.9995
764.0000 -0.9996
765.0000 -0.9997
766.0000 -0.9997
767.0000 -0.9997
768.0000 -0.9997
769.0000 -0.9996
770.0000 -0.9996
771.0000 -0.9997
772.0000 -0.9996
773.0000 -0.9996
774.0000 -0.9995
775.0000 -0.9995
776.0000 -0.9996
777.0000 -0.9996
778.0000 -0.9997
779.0000 -0.9997
780.0000 -0.9996
781.0000 -0.9997
782.0000 -0.9997
783.0000 -0.9997
784.0000 -0.9997
785.0000 -0.9997
786.0000 -0.9997
787.0000 -0.9997
788.0000 -0.9998
789.0000 -0.9998
790.0000 -0.9998
791.0000 -0.9998
792.0000 -0.9998
793.0000 -0.9998
794.0000 -0.9998
795.0000 -0.9998
796.0000 -0.9999
797.0000 -0.9999
798.0000 -0.9999
799.0000 -0.9999
800.0000 -0.9999
801.0000 -1.0000
802.0000 -1.0000
803.0000 -1.0000
804.0000 -0.9999
805.0000 -0.9999
806.0000 -0.9998
807.0000 -0.9998
808.0000 -0.9998
809.0000 -0.9997
810.0000 -0.9997
811.0000 -0.7523
812.0000 -0.4397
813.0000 -0.1187
814.0000 0.1957
815.0000 0.4973
816.0000 0.7804
817.0000 1.0399
818.0000 1.2714
819.0000 1.4721
820.0000 1.6405
821.0000 1.7771
822.0000 1.8835
823.0000 1.9624
824.0000 2.0175
825.0000 2.0528
826.0000 2.0723
827.0000 2.0797
828.0000 2.0785
829.0000 2.0716
830.0000 2.0613
831.0000 2.0495
832.0000 2.0375
833.0000 2.0263
834.0000 2.0164
835.0000 2.0083
836.0000 2.0019
837.0000 1.9971
838.0000 1.9938
839.0000 1.9918
840.0000 1.9908
841.0000 1.9907
842.0000 1.9911
843.0000 1.9918
844.0000 1.9928
845.0000 1.9939
846.0000 1.9950
847.0000 1.9960
848.0000 1.9969
849.0000 1.9976
850.0000 1.9982
851.0000 1.9987
852.0000 1.9991
853.0000 1.9994
854.0000 1.9995
855.0000 1.9997
856.0000 1.9998
857.0000 1.9998
858.0000 1.9999
859.0000 1.9999
860.0000 1.9999
861.0000 1.9998
862.0000 1.9998
863.0000 1.9997
864.0000 1.9997
865.0000 1.9997
866.0000 1.9997
867.0000 1.9996
868.0000 1.9996
869.0000 1.9996
870.0000 1.9996
871.0000 1.9996
872.0000 1.9997
873.0000 1.9997
874.0000 1.9997
875.0000 1.9997
876.0000 1.9998
877.0000 1.9998
878.0000 1.9998
879.0000 1.9998
880.0000 1.9998
881.0000 1.9999
882.0000 1.9999
883.0000 1.9999
884.0000 1.9998
885.0000 1.9998
886.0000 1.9999
887.0000 1.9999
888.0000 1.9998
889.0000 1.9999
890.0000 1.9999
891.0000 1.9999
892.0000 1.9999
893.0000 1.9999
894.0000 1.9999
895.0000 1.9999
896.0000 1.9999
897.0000 1.9999
898.0000 1.9998
899.0000 1.9998
900.0000 1.9999
901.0000 1.9999
902.0000 1.9999
903.0000 1.9999
904.0000 2.0000
905.0000 2.0000
906.0000 2.0000
907.0000 2.0000
908.0000 2.0000
909.0000 2.0000
910.0000 2.0000
