1.0000 0.0000
2.0000 0.0000
3.0000 0.0000
4.0000 0.0000
5.0000 0.0000
6.0000 0.0000
7.0000 0.0000
8.0000 0.0000
9.0000 0.0000
10.0000 -0.1056
11.0000 -0.0941
12.0000 -0.0488
13.0000 -0.0018
14.0000 0.0376
15.0000 0.0673
16.0000 0.0902
17.0000 0.1054
18.0000 0.1154
19.0000 0.1206
20.0000 0.1221
21.0000 0.1213
22.0000 0.1199
23.0000 0.1168
24.0000 0.1138
25.0000 0.1103
26.0000 0.1078
27.0000 0.1049
28.0000 0.1025
29.0000 0.1006
30.0000 0.0980
31.0000 0.0964
32.0000 0.0942
33.0000 0.0924
34.0000 0.0908
35.0000 0.0884
36.0000 0.0868
37.0000 0.0850
38.0000 0.0834
39.0000 0.0814
40.0000 0.0799
41.0000 0.0780
42.0000 0.0767
43.0000 0.0747
44.0000 0.0738
45.0000 0.0720
46.0000 0.0710
47.0000 0.0697
48.0000 0.0686
49.0000 0.0672
50.0000 0.0663
51.0000 0.0656
52.0000 0.0641
53.0000 0.0634
54.0000 0.0626
55.0000 0.0617
56.0000 0.0611
57.0000 0.0601
58.0000 0.0596
59.0000 0.0590
60.0000 0.0583
61.0000 0.0579
62.0000 0.0571
63.0000 0.0567
64.0000 0.0564
65.0000 0.0554
66.0000 0.0555
67.0000 0.0547
68.0000 0.0547
69.0000 0.0541
70.0000 0.0539
71.0000 0.0535
72.0000 0.0531
73.0000 0.0530
74.0000 0.0529
75.0000 0.0524
76.0000 0.0521
77.0000 0.0523
78.0000 0.0517
79.0000 0.0519
80.0000 0.0513
81.0000 0.0514
82.0000 0.0511
83.0000 0.0512
84.0000 0.0510
85.0000 0.0505
86.0000 0.0507
87.0000 0.0506
88.0000 0.0506
89.0000 0.0503
90.0000 0.0502
91.0000 0.0504
92.0000 0.0502
93.0000 0.0498
94.0000 0.0501
95.0000 0.0502
96.0000 0.0500
97.0000 0.0499
98.0000 0.0499
99.0000 0.0500
100.0000 0.0499
101.0000 0.0494
102.0000 0.0500
103.0000 0.0500
104.0000 0.0497
105.0000 0.0498
106.0000 0.0499
107.0000 0.0498
108.0000 0.0498
109.0000 0.0497
110.0000 2.9525
111.0000 0.8614
112.0000 0.7958
113.0000 0.8416
114.0000 0.8730
115.0000 0.8985
116.0000 0.9224
117.0000 0.9364
118.0000 0.9485
119.0000 0.9546
120.0000 0.9598
121.0000 0.9613
122.0000 0.9633
123.0000 0.9637
124.0000 0.9657
125.0000 0.9660
126.0000 0.9669
127.0000 0.9693
128.0000 0.9698
129.0000 0.9720
130.0000 0.9743
131.0000 0.9745
132.0000 0.9782
133.0000 0.9777
134.0000 0.9814
135.0000 0.9820
136.0000 0.9832
137.0000 0.9855
138.0000 0.9869
139.0000 0.9878
140.0000 0.9904
141.0000 0.9919
142.0000 0.9925
143.0000 0.9941
144.0000 0.9957
145.0000 0.9983
146.0000 0.9977
147.0000 1.0017
148.0000 1.0020
149.0000 1.0034
150.0000 1.0053
151.0000 1.0059
152.0000 1.0094
153.0000 1.0094
154.0000 1.0111
155.0000 1.0127
156.0000 1.0143
157.0000 1.0155
158.0000 1.0172
159.0000 1.0186
160.0000 1.0197
161.0000 1.0213
162.0000 1.0231
163.0000 1.0240
164.0000 1.0256
165.0000 1.0269
166.0000 1.0280
167.0000 1.0299
168.0000 1.0308
169.0000 1.0321
170.0000 1.0332
171.0000 1.0345
172.0000 1.0358
173.0000 1.0368
174.0000 1.0382
175.0000 1.0390
176.0000 1.0405
177.0000 1.0416
178.0000 1.0426
179.0000 1.0436
180.0000 1.0446
181.0000 1.0458
182.0000 1.0468
183.0000 1.0479
184.0000 1.0487
185.0000 1.0496
186.0000 1.0507
187.0000 1.0517
188.0000 1.0524
189.0000 1.0528
190.0000 1.0545
191.0000 1.0550
192.0000 1.0558
193.0000 1.0566
194.0000 1.0575
195.0000 1.0582
196.0000 1.0591
197.0000 1.0598
198.0000 1.0606
199.0000 1.0612
200.0000 1.0620
201.0000 1.0627
202.0000 1.0632
203.0000 1.0640
204.0000 1.0649
205.0000 1.0655
206.0000 1.0659
207.0000 1.0666
208.0000 1.0673
209.0000 1.0679
210.0000 1.1039
211.0000 0.8361
212.0000 0.7534
213.0000 0.6817
214.0000 0.6141
215.0000 0.5599
216.0000 0.5188
217.0000 0.4932
218.0000 0.4790
219.0000 0.4718
220.0000 0.4704
221.0000 0.4715
222.0000 0.4744
223.0000 0.4772
224.0000 0.4800
225.0000 0.4820
226.0000 0.4843
227.0000 0.4853
228.0000 0.4856
229.0000 0.4864
230.0000 0.4869
231.0000 0.4871
232.0000 0.4885
233.0000 0.4881
234.0000 0.4893
235.0000 0.4900
236.0000 0.4908
237.0000 0.4914
238.0000 0.4923
239.0000 0.4932
240.0000 0.4941
241.0000 0.4938
242.0000 0.4951
243.0000 0.4956
244.0000 0.4962
245.0000 0.4962
246.0000 0.4964
247.0000 0.4969
248.0000 0.4963
249.0000 0.4973
250.0000 0.4967
251.0000 0.4967
252.0000 0.4968
253.0000 0.4964
254.0000 0.4963
255.0000 0.4963
256.0000 0.4952
257.0000 0.4956
258.0000 0.4947
259.0000 0.4944
260.0000 0.4943
261.0000 0.4940
262.0000 0.4923
263.0000 0.4931
264.0000 0.4919
265.0000 0.4917
266.0000 0.4913
267.0000 0.4898
268.0000 0.4900
269.0000 0.4891
270.0000 0.4890
271.0000 0.4881
272.0000 0.4874
273.0000 0.4870
274.0000 0.4858
275.0000 0.4859
276.0000 0.4850
277.0000 0.4840
278.0000 0.4837
279.0000 0.4830
280.0000 0.4825
281.0000 0.4816
282.0000 0.4815
283.0000 0.4804
284.0000 0.4799
285.0000 0.4797
286.0000 0.4784
287.0000 0.4779
288.0000 0.4776
289.0000 0.4778
290.0000 0.4759
291.0000 0.4758
292.0000 0.4752
293.0000 0.4749
294.0000 0.4740
295.0000 0.4737
296.0000 0.4730
297.0000 0.4724
298.0000 0.4719
299.0000 0.4716
300.0000 0.4711
301.0000 0.4706
302.0000 0.4703
303.0000 0.4698
304.0000 0.4688
305.0000 0.4685
306.0000 0.4684
307.0000 0.4679
308.0000 0.4674
309.0000 0.4668
310.0000 0.6777
311.0000 0.6542
312.0000 0.5635
313.0000 0.4687
314.0000 0.3900
315.0000 0.3296
316.0000 0.2845
317.0000 0.2531
318.0000 0.2325
319.0000 0.2219
320.0000 0.2185
321.0000 0.2198
322.0000 0.2226
323.0000 0.2279
324.0000 0.2338
325.0000 0.2408
326.0000 0.2451
327.0000 0.2511
328.0000 0.2552
329.0000 0.2584
330.0000 0.2638
331.0000 0.2668
332.0000 0.2707
333.0000 0.2740
334.0000 0.2771
335.0000 0.2815
336.0000 0.2845
337.0000 0.2879
338.0000 0.2908
339.0000 0.2946
340.0000 0.2973
341.0000 0.3008
342.0000 0.3037
343.0000 0.3068
344.0000 0.3087
345.0000 0.3123
346.0000 0.3136
347.0000 0.3161
348.0000 0.3185
349.0000 0.3207
350.0000 0.3226
351.0000 0.3234
352.0000 0.3267
353.0000 0.3274
354.0000 0.3293
355.0000 0.3305
356.0000 0.3321
357.0000 0.3335
358.0000 0.3347
359.0000 0.3357
360.0000 0.3365
361.0000 0.3377
362.0000 0.3389
363.0000 0.3393
364.0000 0.3402
365.0000 0.3417
366.0000 0.3410
367.0000 0.3431
368.0000 0.3428
369.0000 0.3438
370.0000 0.3438
371.0000 0.3449
372.0000 0.3455
373.0000 0.3457
374.0000 0.3457
375.0000 0.3463
376.0000 0.3472
377.0000 0.3466
378.0000 0.3476
379.0000 0.3471
380.0000 0.3482
381.0000 0.3476
382.0000 0.3486
383.0000 0.3482
384.0000 0.3483
385.0000 0.3491
386.0000 0.3488
387.0000 0.3488
388.0000 0.3487
389.0000 0.3489
390.0000 0.3496
391.0000 0.3489
392.0000 0.3492
393.0000 0.3499
394.0000 0.3492
395.0000 0.3490
396.0000 0.3492
397.0000 0.3494
398.0000 0.3493
399.0000 0.3490
400.0000 0.3491
401.0000 0.3501
402.0000 0.3484
403.0000 0.3488
404.0000 0.3492
405.0000 0.3489
406.0000 0.3484
407.0000 0.3486
408.0000 0.3485
409.0000 0.3485
410.0000 -5.4571
411.0000 -1.2751
412.0000 -1.1439
413.0000 -1.2357
414.0000 -1.2985
415.0000 -1.3497
416.0000 -1.3975
417.0000 -1.4258
418.0000 -1.4501
419.0000 -1.4622
420.0000 -1.4728
421.0000 -1.4759
422.0000 -1.4801
423.0000 -1.4810
424.0000 -1.4851
425.0000 -1.4858
426.0000 -1.4877
427.0000 -1.4924
428.0000 -1.4936
429.0000 -1.4980
430.0000 -1.5028
431.0000 -1.5033
432.0000 -1.5108
433.0000 -1.5098
434.0000 -1.5172
435.0000 -1.5185
436.0000 -1.5210
437.0000 -1.5257
438.0000 -1.5287
439.0000 -1.5304
440.0000 -1.5357
441.0000 -1.5387
442.0000 -1.5400
443.0000 -1.5434
444.0000 -1.5466
445.0000 -1.5519
446.0000 -1.5507
447.0000 -1.5587
448.0000 -1.5594
449.0000 -1.5622
450.0000 -1.5661
451.0000 -1.5673
452.0000 -1.5744
453.0000 -1.5744
454.0000 -1.5778
455.0000 -1.5810
456.0000 -1.5844
457.0000 -1.5868
458.0000 -1.5902
459.0000 -1.5930
460.0000 -1.5954
461.0000 -1.5986
462.0000 -1.6021
463.0000 -1.6039
464.0000 -1.6073
465.0000 -1.6099
466.0000 -1.6120
467.0000 -1.6160
468.0000 -1.6177
469.0000 -1.6203
470.0000 -1.6226
471.0000 -1.6252
472.0000 -1.6279
473.0000 -1.6299
474.0000 -1.6328
475.0000 -1.6344
476.0000 -1.6374
477.0000 -1.6397
478.0000 -1.6416
479.0000 -1.6437
480.0000 -1.6458
481.0000 -1.6480
482.0000 -1.6500
483.0000 -1.6523
484.0000 -1.6539
485.0000 -1.6557
486.0000 -1.6580
487.0000 -1.6601
488.0000 -1.6615
489.0000 -1.6623
490.0000 -1.6657
491.0000 -1.6668
492.0000 -1.6684
493.0000 -1.6699
494.0000 -1.6718
495.0000 -1.6731
496.0000 -1.6750
497.0000 -1.6764
498.0000 -1.6780
499.0000 -1.6792
500.0000 -1.6808
501.0000 -1.6823
502.0000 -1.6832
503.0000 -1.6849
504.0000 -1.6867
505.0000 -1.6878
506.0000 -1.6888
507.0000 -1.6901
508.0000 -1.6916
509.0000 -1.6928
510.0000 -1.7648
511.0000 -1.2292
512.0000 -1.0639
513.0000 -0.9205
514.0000 -0.7852
515.0000 -0.6767
516.0000 -0.5946
517.0000 -0.5435
518.0000 -0.5151
519.0000 -0.5006
520.0000 -0.4978
521.0000 -0.5000
522.0000 -0.5059
523.0000 -0.5116
524.0000 -0.5171
525.0000 -0.5212
526.0000 -0.5257
527.0000 -0.5277
528.0000 -0.5283
529.0000 -0.5299
530.0000 -0.5310
531.0000 -0.5313
532.0000 -0.5341
533.0000 -0.5333
534.0000 -0.5357
535.0000 -0.5371
536.0000 -0.5388
537.0000 -0.5401
538.0000 -0.5418
539.0000 -0.5437
540.0000 -0.5454
541.0000 -0.5448
542.0000 -0.5474
543.0000 -0.5484
544.0000 -0.5496
545.0000 -0.5496
546.0000 -0.5500
547.0000 -0.5510
548.0000 -0.5498
549.0000 -0.5518
550.0000 -0.5506
551.0000 -0.5507
552.0000 -0.5509
553.0000 -0.5501
554.0000 -0.5499
555.0000 -0.5499
556.0000 -0.5477
557.0000 -0.5486
558.0000 -0.5466
559.0000 -0.5461
560.0000 -0.5458
561.0000 -0.5453
562.0000 -0.5419
563.0000 -0.5435
564.0000 -0.5412
565.0000 -0.5407
566.0000 -0.5400
567.0000 -0.5369
568.0000 -0.5373
569.0000 -0.5356
570.0000 -0.5353
571.0000 -0.5336
572.0000 -0.5321
573.0000 -0.5312
574.0000 -0.5289
575.0000 -0.5291
576.0000 -0.5273
577.0000 -0.5254
578.0000 -0.5248
579.0000 -0.5233
580.0000 -0.5224
581.0000 -0.5206
582.0000 -0.5203
583.0000 -0.5182
584.0000 -0.5172
585.0000 -0.5168
586.0000 -0.5142
587.0000 -0.5132
588.0000 -0.5126
589.0000 -0.5130
590.0000 -0.5091
591.0000 -0.5091
592.0000 -0.5079
593.0000 -0.5071
594.0000 -0.5054
595.0000 -0.5048
596.0000 -0.5034
597.0000 -0.5022
598.0000 -0.5011
599.0000 -0.5006
600.0000 -0.4995
601.0000 -0.4986
602.0000 -0.4980
603.0000 -0.4970
604.0000 -0.4949
605.0000 -0.4944
606.0000 -0.4942
607.0000 -0.4931
608.0000 -0.4921
609.0000 -0.4911
610.0000 -0.8072
611.0000 -0.7717
612.0000 -0.6356
613.0000 -0.4930
614.0000 -0.3749
615.0000 -0.2840
616.0000 -0.2165
617.0000 -0.1690
618.0000 -0.1379
619.0000 -0.1217
620.0000 -0.1166
621.0000 -0.1183
622.0000 -0.1226
623.0000 -0.1301
624.0000 -0.1388
625.0000 -0.1493
626.0000 -0.1554
627.0000 -0.1644
628.0000 -0.1705
629.0000 -0.1748
630.0000 -0.1831
631.0000 -0.1873
632.0000 -0.1931
633.0000 -0.1978
634.0000 -0.2023
635.0000 -0.2088
636.0000 -0.2133
637.0000 -0.2181
638.0000 -0.2225
639.0000 -0.2280
640.0000 -0.2320
641.0000 -0.2371
642.0000 -0.2415
643.0000 -0.2458
644.0000 -0.2485
645.0000 -0.2540
646.0000 -0.2556
647.0000 -0.2593
648.0000 -0.2630
649.0000 -0.2659
650.0000 -0.2690
651.0000 -0.2698
652.0000 -0.2750
653.0000 -0.2757
654.0000 -0.2786
655.0000 -0.2801
656.0000 -0.2826
657.0000 -0.2845
658.0000 -0.2864
659.0000 -0.2878
660.0000 -0.2887
661.0000 -0.2907
662.0000 -0.2924
663.0000 -0.2926
664.0000 -0.2942
665.0000 -0.2964
666.0000 -0.2950
667.0000 -0.2983
668.0000 -0.2977
669.0000 -0.2991
670.0000 -0.2989
671.0000 -0.3008
672.0000 -0.3016
673.0000 -0.3017
674.0000 -0.3018
675.0000 -0.3024
676.0000 -0.3040
677.0000 -0.3030
678.0000 -0.3044
679.0000 -0.3035
680.0000 -0.3051
681.0000 -0.3040
682.0000 -0.3057
683.0000 -0.3051
684.0000 -0.3050
685.0000 -0.3063
686.0000 -0.3057
687.0000 -0.3056
688.0000 -0.3054
689.0000 -0.3055
690.0000 -0.3068
691.0000 -0.3057
692.0000 -0.3061
693.0000 -0.3071
694.0000 -0.3059
695.0000 -0.3056
696.0000 -0.3060
697.0000 -0.3061
698.0000 -0.3059
699.0000 -0.3055
700.0000 -0.3056
701.0000 -0.3070
702.0000 -0.3042
703.0000 -0.3050
704.0000 -0.3056
705.0000 -0.3050
706.0000 -0.3041
707.0000 -0.3044
708.0000 -0.3042
709.0000 -0.3041
710.0000 8.4043
711.0000 2.1313
712.0000 1.9346
713.0000 2.0723
714.0000 2.1665
715.0000 2.2434
716.0000 2.3152
717.0000 2.3576
718.0000 2.3942
719.0000 2.4125
720.0000 2.4283
721.0000 2.4330
722.0000 2.4394
723.0000 2.4408
724.0000 2.4470
725.0000 2.4481
726.0000 2.4510
727.0000 2.4582
728.0000 2.4599
729.0000 2.4666
730.0000 2.4738
731.0000 2.4746
732.0000 2.4859
733.0000 2.4845
734.0000 2.4956
735.0000 2.4976
736.0000 2.5013
737.0000 2.5085
738.0000 2.5129
739.0000 2.5155
740.0000 2.5235
741.0000 2.5281
742.0000 2.5300
743.0000 2.5352
744.0000 2.5400
745.0000 2.5480
746.0000 2.5463
747.0000 2.5582
748.0000 2.5593
749.0000 2.5635
750.0000 2.5694
751.0000 2.5712
752.0000 2.5819
753.0000 2.5820
754.0000 2.5871
755.0000 2.5919
756.0000 2.5970
757.0000 2.6006
758.0000 2.6058
759.0000 2.6100
760.0000 2.6136
761.0000 2.6184
762.0000 2.6237
763.0000 2.6264
764.0000 2.6315
765.0000 2.6354
766.0000 2.6386
767.0000 2.6446
768.0000 2.6472
769.0000 2.6512
770.0000 2.6546
771.0000 2.6585
772.0000 2.6625
773.0000 2.6655
774.0000 2.6700
775.0000 2.6723
776.0000 2.6768
777.0000 2.6802
778.0000 2.6831
779.0000 2.6864
780.0000 2.6894
781.0000 2.6928
782.0000 2.6959
783.0000 2.6993
784.0000 2.7017
785.0000 2.7044
786.0000 2.7078
787.0000 2.7110
788.0000 2.7131
789.0000 2.7143
790.0000 2.7195
791.0000 2.7211
792.0000 2.7235
793.0000 2.7257
794.0000 2.7286
795.0000 2.7305
796.0000 2.7334
797.0000 2.7355
798.0000 2.7380
799.0000 2.7398
800.0000 2.7422
801.0000 2.7444
802.0000 2.7457
803.0000 2.7484
804.0000 2.7510
805.0000 2.7528
806.0000 2.7541
807.0000 2.7562
808.0000 2.7584
809.0000 2.7602
810.0000 2.8683
811.0000 2.0648
812.0000 1.8169
813.0000 1.6018
814.0000 1.3988
815.0000 1.2362
816.0000 1.1129
817.0000 1.0363
818.0000 0.9938
819.0000 0.9720
820.0000 0.9678
821.0000 0.9711
822.0000 0.9799
823.0000 0.9884
824.0000 0.9968
825.0000 1.0029
826.0000 1.0097
827.0000 1.0127
828.0000 1.0135
829.0000 1.0160
830.0000 1.0177
831.0000 1.0181
832.0000 1.0223
833.0000 1.0210
834.0000 1.0247
835.0000 1.0268
836.0000 1.0294
837.0000 1.0313
838.0000 1.0338
839.0000 1.0367
840.0000 1.0392
841.0000 1.0384
842.0000 1.0422
843.0000 1.0437
844.0000 1.0456
845.0000 1.0456
846.0000 1.0462
847.0000 1.0477
848.0000 1.0459
849.0000 1.0489
850.0000 1.0471
851.0000 1.0473
852.0000 1.0474
853.0000 1.0463
854.0000 1.0461
855.0000 1.0460
856.0000 1.0428
857.0000 1.0440
858.0000 1.0412
859.0000 1.0404
860.0000 1.0399
861.0000 1.0392
862.0000 1.0340
863.0000 1.0364
864.0000 1.0330
865.0000 1.0322
866.0000 1.0312
867.0000 1.0266
868.0000 1.0272
869.0000 1.0246
870.0000 1.0241
871.0000 1.0216
872.0000 1.0194
873.0000 1.0181
874.0000 1.0146
875.0000 1.0148
876.0000 1.0122
877.0000 1.0093
878.0000 1.0085
879.0000 1.0062
880.0000 1.0048
881.0000 1.0021
882.0000 1.0017
883.0000 0.9985
884.0000 0.9970
885.0000 0.9964
886.0000 0.9926
887.0000 0.9910
888.0000 0.9901
889.0000 0.9907
890.0000 0.9849
891.0000 0.9848
892.0000 0.9830
893.0000 0.9819
894.0000 0.9793
895.0000 0.9784
896.0000 0.9763
897.0000 0.9745
898.0000 0.9729
899.0000 0.9722
900.0000 0.9705
901.0000 0.9692
902.0000 0.9682
903.0000 0.9667
904.0000 0.9636
905.0000 0.9628
906.0000 0.9626
907.0000 0.9609
908.0000 0.9595
909.0000 0.9579
910.0000 0.9568
