1.0000 0.0000
2.0000 0.0000
3.0000 0.0000
4.0000 0.0000
5.0000 0.0000
6.0000 0.0000
7.0000 0.0000
8.0000 0.0000
9.0000 0.0000
10.0000 0.0000
11.0000 0.0000
12.0000 0.0000
13.0000 0.0000
14.0000 0.0000
15.0000 0.0000
16.0000 0.0000
17.0000 0.0000
18.0000 0.0000
19.0000 0.0000
20.0000 0.0000
21.0000 0.0000
22.0000 0.0000
23.0000 0.0000
24.0000 0.0000
25.0000 0.0000
26.0000 0.0000
27.0000 0.0000
28.0000 0.0000
29.0000 0.0000
30.0000 0.0000
31.0000 0.0000
32.0000 0.0000
33.0000 0.0000
34.0000 0.0000
35.0000 0.0000
36.0000 0.0000
37.0000 0.0000
38.0000 0.0000
39.0000 0.0000
40.0000 0.0000
41.0000 0.0000
42.0000 0.0000
43.0000 0.0000
44.0000 0.0000
45.0000 0.0000
46.0000 0.0000
47.0000 0.0000
48.0000 0.0000
49.0000 0.0000
50.0000 0.0000
51.0000 0.0000
52.0000 0.0000
53.0000 0.0000
54.0000 0.0000
55.0000 0.0000
56.0000 0.0000
57.0000 0.0000
58.0000 0.0000
59.0000 0.0000
60.0000 0.0000
61.0000 0.0000
62.0000 0.0000
63.0000 0.0000
64.0000 0.0000
65.0000 0.0000
66.0000 0.0000
67.0000 0.0000
68.0000 0.0000
69.0000 0.0000
70.0000 0.0000
71.0000 0.0000
72.0000 0.0000
73.0000 0.0000
74.0000 0.0000
75.0000 0.0000
76.0000 0.0000
77.0000 0.0000
78.0000 0.0000
79.0000 0.0000
80.0000 0.0000
81.0000 0.0000
82.0000 0.0000
83.0000 0.0000
84.0000 0.0000
85.0000 0.0000
86.0000 0.0000
87.0000 0.0000
88.0000 0.0000
89.0000 0.0000
90.0000 0.0000
91.0000 0.0000
92.0000 0.0000
93.0000 0.0000
94.0000 0.0000
95.0000 0.0000
96.0000 0.0000
97.0000 0.0000
98.0000 0.0000
99.0000 0.0000
100.0000 0.0000
101.0000 0.0000
102.0000 0.0000
103.0000 0.0000
104.0000 0.0000
105.0000 0.0000
106.0000 0.0000
107.0000 0.0000
108.0000 0.0000
109.0000 0.0000
110.0000 0.0000
111.0000 0.0000
112.0000 0.0000
113.0000 0.0000
114.0000 0.0000
115.0000 0.0000
116.0000 0.0000
117.0000 0.0000
118.0000 0.0000
119.0000 0.0000
120.0000 0.0000
121.0000 0.0000
122.0000 0.0000
123.0000 0.0000
124.0000 0.0000
125.0000 0.0000
126.0000 0.0000
127.0000 0.0000
128.0000 0.0000
129.0000 0.0000
130.0000 0.0000
131.0000 0.0000
132.0000 0.0000
133.0000 0.0000
134.0000 0.0000
135.0000 0.0000
136.0000 0.0000
137.0000 0.0000
138.0000 0.0000
139.0000 0.0000
140.0000 0.0000
141.0000 0.0000
142.0000 0.0000
143.0000 0.0000
144.0000 0.0000
145.0000 0.0000
146.0000 0.0000
147.0000 0.0000
148.0000 0.0000
149.0000 0.0000
150.0000 0.0000
151.0000 0.0000
152.0000 0.0000
153.0000 0.0000
154.0000 0.0000
155.0000 0.0000
156.0000 0.0000
157.0000 0.0000
158.0000 0.0000
159.0000 0.0000
160.0000 0.0000
161.0000 0.0000
162.0000 0.0000
163.0000 0.0000
164.0000 0.0000
165.0000 0.0000
166.0000 0.0000
167.0000 0.0000
168.0000 0.0000
169.0000 0.0000
170.0000 0.0000
171.0000 0.0000
172.0000 0.0000
173.0000 0.0000
174.0000 0.0000
175.0000 0.0000
176.0000 0.0000
177.0000 0.0000
178.0000 0.0000
179.0000 0.0000
180.0000 0.0000
181.0000 0.0000
182.0000 0.0000
183.0000 0.0000
184.0000 0.0000
185.0000 0.0000
186.0000 0.0000
187.0000 0.0000
188.0000 0.0000
189.0000 0.0000
190.0000 0.0000
191.0000 0.0000
192.0000 0.0000
193.0000 0.0000
194.0000 0.0000
195.0000 0.0000
196.0000 0.0000
197.0000 0.0000
198.0000 0.0000
199.0000 0.0000
200.0000 0.0000
201.0000 0.0000
202.0000 0.0000
203.0000 0.0000
204.0000 0.0000
205.0000 0.0000
206.0000 0.0000
207.0000 0.0000
208.0000 0.0000
209.0000 0.0000
210.0000 0.0000
211.0000 0.1265
212.0000 0.1287
213.0000 0.1363
214.0000 0.1434
215.0000 0.1503
216.0000 0.1569
217.0000 0.1634
218.0000 0.1696
219.0000 0.1757
220.0000 0.1815
221.0000 0.1872
222.0000 0.1927
223.0000 0.1980
224.0000 0.2031
225.0000 0.2081
226.0000 0.2129
227.0000 0.2175
228.0000 0.2220
229.0000 0.2264
230.0000 0.2306
231.0000 0.2347
232.0000 0.2387
233.0000 0.2425
234.0000 0.2463
235.0000 0.2499
236.0000 0.2533
237.0000 0.2567
238.0000 0.2600
239.0000 0.2632
240.0000 0.2662
241.0000 0.2692
242.0000 0.2721
243.0000 0.2749
244.0000 0.2776
245.0000 0.2802
246.0000 0.2827
247.0000 0.2852
248.0000 0.2875
249.0000 0.2898
250.0000 0.2921
251.0000 0.2942
252.0000 0.2963
253.0000 0.2984
254.0000 0.3003
255.0000 0.3022
256.0000 0.3041
257.0000 0.3059
258.0000 0.3076
259.0000 0.3093
260.0000 0.3109
261.0000 0.3125
262.0000 0.3141
263.0000 0.3155
264.0000 0.3170
265.0000 0.3184
266.0000 0.3197
267.0000 0.3211
268.0000 0.3223
269.0000 0.3236
270.0000 0.3248
271.0000 0.3260
272.0000 0.3271
273.0000 0.3282
274.0000 0.3292
275.0000 0.3303
276.0000 0.3313
277.0000 0.3323
278.0000 0.3332
279.0000 0.3341
280.0000 0.3350
281.0000 0.3359
282.0000 0.3367
283.0000 0.3375
284.0000 0.3383
285.0000 0.3391
286.0000 0.3399
287.0000 0.3406
288.0000 0.3413
289.0000 0.3420
290.0000 0.3427
291.0000 0.3433
292.0000 0.3439
293.0000 0.3446
294.0000 0.3452
295.0000 0.3457
296.0000 0.3463
297.0000 0.3468
298.0000 0.3474
299.0000 0.3479
300.0000 0.3484
301.0000 0.3489
302.0000 0.3494
303.0000 0.3499
304.0000 0.3503
305.0000 0.3508
306.0000 0.3512
307.0000 0.3516
308.0000 0.3520
309.0000 0.3524
310.0000 0.3528
311.0000 0.3532
312.0000 0.3536
313.0000 0.3539
314.0000 0.3543
315.0000 0.3546
316.0000 0.3550
317.0000 0.3553
318.0000 0.3556
319.0000 0.3559
320.0000 0.3562
321.0000 0.3565
322.0000 0.3568
323.0000 0.3571
324.0000 0.3574
325.0000 0.3577
326.0000 0.3579
327.0000 0.3582
328.0000 0.3584
329.0000 0.3587
330.0000 0.3589
331.0000 0.3592
332.0000 0.3594
333.0000 0.3596
334.0000 0.3598
335.0000 0.3601
336.0000 0.3603
337.0000 0.3605
338.0000 0.3607
339.0000 0.3609
340.0000 0.3611
341.0000 0.3613
342.0000 0.3615
343.0000 0.3617
344.0000 0.3618
345.0000 0.3620
346.0000 0.3622
347.0000 0.3624
348.0000 0.3625
349.0000 0.3627
350.0000 0.3629
351.0000 0.3630
352.0000 0.3632
353.0000 0.3634
354.0000 0.3635
355.0000 0.3637
356.0000 0.3638
357.0000 0.3639
358.0000 0.3641
359.0000 0.3642
360.0000 0.3644
361.0000 0.3645
362.0000 0.3646
363.0000 0.3648
364.0000 0.3649
365.0000 0.3650
366.0000 0.3652
367.0000 0.3653
368.0000 0.3654
369.0000 0.3655
370.0000 0.3657
371.0000 0.3658
372.0000 0.3659
373.0000 0.3660
374.0000 0.3661
375.0000 0.3662
376.0000 0.3663
377.0000 0.3664
378.0000 0.3666
379.0000 0.3667
380.0000 0.3668
381.0000 0.3669
382.0000 0.3670
383.0000 0.3671
384.0000 0.3672
385.0000 0.3673
386.0000 0.3674
387.0000 0.3675
388.0000 0.3676
389.0000 0.3677
390.0000 0.3678
391.0000 0.3679
392.0000 0.3679
393.0000 0.3680
394.0000 0.3681
395.0000 0.3682
396.0000 0.3683
397.0000 0.3684
398.0000 0.3685
399.0000 0.3686
400.0000 0.3686
401.0000 0.3687
402.0000 0.3688
403.0000 0.3689
404.0000 0.3690
405.0000 0.3691
406.0000 0.3691
407.0000 0.3692
408.0000 0.3693
409.0000 0.3694
410.0000 0.3695
411.0000 0.3695
412.0000 0.3696
413.0000 0.3697
414.0000 0.3698
415.0000 0.3698
416.0000 0.3699
417.0000 0.3700
418.0000 0.3701
419.0000 0.3701
420.0000 0.3702
421.0000 0.3703
422.0000 0.3704
423.0000 0.3704
424.0000 0.3705
425.0000 0.3706
426.0000 0.3706
427.0000 0.3707
428.0000 0.3708
429.0000 0.3708
430.0000 0.3709
431.0000 0.3710
432.0000 0.3710
433.0000 0.3711
434.0000 0.3712
435.0000 0.3712
436.0000 0.3713
437.0000 0.3714
438.0000 0.3714
439.0000 0.3715
440.0000 0.3716
441.0000 0.3716
442.0000 0.3717
443.0000 0.3717
444.0000 0.3718
445.0000 0.3719
446.0000 0.3719
447.0000 0.3720
448.0000 0.3720
449.0000 0.3721
450.0000 0.3722
451.0000 0.3722
452.0000 0.3723
453.0000 0.3723
454.0000 0.3724
455.0000 0.3725
456.0000 0.3725
457.0000 0.3726
458.0000 0.3726
459.0000 0.3727
460.0000 0.3727
461.0000 0.3728
462.0000 0.3728
463.0000 0.3729
464.0000 0.3730
465.0000 0.3730
466.0000 0.3731
467.0000 0.3731
468.0000 0.3732
469.0000 0.3732
470.0000 0.3733
471.0000 0.3733
472.0000 0.3734
473.0000 0.3734
474.0000 0.3735
475.0000 0.3735
476.0000 0.3736
477.0000 0.3736
478.0000 0.3737
479.0000 0.3737
480.0000 0.3738
481.0000 0.3738
482.0000 0.3739
483.0000 0.3739
484.0000 0.3740
485.0000 0.3740
486.0000 0.3741
487.0000 0.3741
488.0000 0.3742
489.0000 0.3742
490.0000 0.3743
491.0000 0.3743
492.0000 0.3744
493.0000 0.3744
494.0000 0.3745
495.0000 0.3745
496.0000 0.3746
497.0000 0.3746
498.0000 0.3747
499.0000 0.3747
500.0000 0.3748
501.0000 0.3748
502.0000 0.3748
503.0000 0.3749
504.0000 0.3749
505.0000 0.3750
506.0000 0.3750
507.0000 0.3751
508.0000 0.3751
509.0000 0.3752
510.0000 0.3752
511.0000 0.1222
512.0000 0.1179
513.0000 0.1027
514.0000 0.0886
515.0000 0.0748
516.0000 0.0616
517.0000 0.0487
518.0000 0.0363
519.0000 0.0242
520.0000 0.0126
521.0000 0.0013
522.0000 -0.0096
523.0000 -0.0202
524.0000 -0.0304
525.0000 -0.0403
526.0000 -0.0499
527.0000 -0.0592
528.0000 -0.0682
529.0000 -0.0769
530.0000 -0.0853
531.0000 -0.0934
532.0000 -0.1013
533.0000 -0.1089
534.0000 -0.1163
535.0000 -0.1235
536.0000 -0.1304
537.0000 -0.1371
538.0000 -0.1436
539.0000 -0.1499
540.0000 -0.1560
541.0000 -0.1619
542.0000 -0.1677
543.0000 -0.1732
544.0000 -0.1786
545.0000 -0.1837
546.0000 -0.1888
547.0000 -0.1936
548.0000 -0.1984
549.0000 -0.2029
550.0000 -0.2074
551.0000 -0.2117
552.0000 -0.2158
553.0000 -0.2198
554.0000 -0.2237
555.0000 -0.2275
556.0000 -0.2312
557.0000 -0.2347
558.0000 -0.2382
559.0000 -0.2415
560.0000 -0.2448
561.0000 -0.2479
562.0000 -0.2509
563.0000 -0.2539
564.0000 -0.2567
565.0000 -0.2595
566.0000 -0.2622
567.0000 -0.2648
568.0000 -0.2673
569.0000 -0.2697
570.0000 -0.2721
571.0000 -0.2744
572.0000 -0.2766
573.0000 -0.2788
574.0000 -0.2809
575.0000 -0.2829
576.0000 -0.2849
577.0000 -0.2868
578.0000 -0.2887
579.0000 -0.2905
580.0000 -0.2923
581.0000 -0.2940
582.0000 -0.2956
583.0000 -0.2972
584.0000 -0.2988
585.0000 -0.3003
586.0000 -0.3018
587.0000 -0.3032
588.0000 -0.3046
589.0000 -0.3059
590.0000 -0.3072
591.0000 -0.3085
592.0000 -0.3097
593.0000 -0.3109
594.0000 -0.3121
595.0000 -0.3132
596.0000 -0.3143
597.0000 -0.3154
598.0000 -0.3165
599.0000 -0.3175
600.0000 -0.3185
601.0000 -0.3194
602.0000 -0.3203
603.0000 -0.3213
604.0000 -0.3221
605.0000 -0.3230
606.0000 -0.3238
607.0000 -0.3247
608.0000 -0.3254
609.0000 -0.3262
610.0000 -0.3270
611.0000 -0.3277
612.0000 -0.3284
613.0000 -0.3291
614.0000 -0.3298
615.0000 -0.3305
616.0000 -0.3311
617.0000 -0.3317
618.0000 -0.3323
619.0000 -0.3329
620.0000 -0.3335
621.0000 -0.3341
622.0000 -0.3347
623.0000 -0.3352
624.0000 -0.3357
625.0000 -0.3363
626.0000 -0.3368
627.0000 -0.3373
628.0000 -0.3377
629.0000 -0.3382
630.0000 -0.3387
631.0000 -0.3391
632.0000 -0.3396
633.0000 -0.3400
634.0000 -0.3404
635.0000 -0.3408
636.0000 -0.3412
637.0000 -0.3416
638.0000 -0.3420
639.0000 -0.3424
640.0000 -0.3428
641.0000 -0.3431
642.0000 -0.3435
643.0000 -0.3438
644.0000 -0.3442
645.0000 -0.3445
646.0000 -0.3448
647.0000 -0.3452
648.0000 -0.3455
649.0000 -0.3458
650.0000 -0.3461
651.0000 -0.3464
652.0000 -0.3467
653.0000 -0.3470
654.0000 -0.3473
655.0000 -0.3475
656.0000 -0.3478
657.0000 -0.3481
658.0000 -0.3484
659.0000 -0.3486
660.0000 -0.3489
661.0000 -0.3491
662.0000 -0.3494
663.0000 -0.3496
664.0000 -0.3499
665.0000 -0.3501
666.0000 -0.3503
667.0000 -0.3506
668.0000 -0.3508
669.0000 -0.3510
670.0000 -0.3512
671.0000 -0.3514
672.0000 -0.3517
673.0000 -0.3519
674.0000 -0.3521
675.0000 -0.3523
676.0000 -0.3525
677.0000 -0.3527
678.0000 -0.3529
679.0000 -0.3531
680.0000 -0.3533
681.0000 -0.3534
682.0000 -0.3536
683.0000 -0.3538
684.0000 -0.3540
685.0000 -0.3542
686.0000 -0.3544
687.0000 -0.3545
688.0000 -0.3547
689.0000 -0.3549
690.0000 -0.3550
691.0000 -0.3552
692.0000 -0.3554
693.0000 -0.3555
694.0000 -0.3557
695.0000 -0.3559
696.0000 -0.3560
697.0000 -0.3562
698.0000 -0.3563
699.0000 -0.3565
700.0000 -0.3566
701.0000 -0.3568
702.0000 -0.3569
703.0000 -0.3571
704.0000 -0.3572
705.0000 -0.3574
706.0000 -0.3575
707.0000 -0.3577
708.0000 -0.3578
709.0000 -0.3579
710.0000 -0.3581
711.0000 -0.3582
712.0000 -0.3584
713.0000 -0.3585
714.0000 -0.3586
715.0000 -0.3588
716.0000 -0.3589
717.0000 -0.3590
718.0000 -0.3592
719.0000 -0.3593
720.0000 -0.3594
721.0000 -0.3595
722.0000 -0.3597
723.0000 -0.3598
724.0000 -0.3599
725.0000 -0.3600
726.0000 -0.3602
727.0000 -0.3603
728.0000 -0.3604
729.0000 -0.3605
730.0000 -0.3606
731.0000 -0.3608
732.0000 -0.3609
733.0000 -0.3610
734.0000 -0.3611
735.0000 -0.3612
736.0000 -0.3613
737.0000 -0.3614
738.0000 -0.3616
739.0000 -0.3617
740.0000 -0.3618
741.0000 -0.3619
742.0000 -0.3620
743.0000 -0.3621
744.0000 -0.3622
745.0000 -0.3623
746.0000 -0.3624
747.0000 -0.3625
748.0000 -0.3626
749.0000 -0.3627
750.0000 -0.3629
751.0000 -0.3630
752.0000 -0.3631
753.0000 -0.3632
754.0000 -0.3633
755.0000 -0.3634
756.0000 -0.3635
757.0000 -0.3636
758.0000 -0.3637
759.0000 -0.3638
760.0000 -0.3639
761.0000 -0.3640
762.0000 -0.3641
763.0000 -0.3642
764.0000 -0.3642
765.0000 -0.3643
766.0000 -0.3644
767.0000 -0.3645
768.0000 -0.3646
769.0000 -0.3647
770.0000 -0.3648
771.0000 -0.3649
772.0000 -0.3650
773.0000 -0.3651
774.0000 -0.3652
775.0000 -0.3653
776.0000 -0.3654
777.0000 -0.3655
778.0000 -0.3655
779.0000 -0.3656
780.0000 -0.3657
781.0000 -0.3658
782.0000 -0.3659
783.0000 -0.3660
784.0000 -0.3661
785.0000 -0.3662
786.0000 -0.3662
787.0000 -0.3663
788.0000 -0.3664
789.0000 -0.3665
790.0000 -0.3666
791.0000 -0.3667
792.0000 -0.3667
793.0000 -0.3668
794.0000 -0.3669
795.0000 -0.3670
796.0000 -0.3671
797.0000 -0.3671
798.0000 -0.3672
799.0000 -0.3673
800.0000 -0.3674
801.0000 -0.3675
802.0000 -0.3675
803.0000 -0.3676
804.0000 -0.3677
805.0000 -0.3678
806.0000 -0.3679
807.0000 -0.3679
808.0000 -0.3680
809.0000 -0.3681
810.0000 -0.3682
811.0000 0.0113
812.0000 0.0178
813.0000 0.0405
814.0000 0.0617
815.0000 0.0823
816.0000 0.1022
817.0000 0.1215
818.0000 0.1401
819.0000 0.1582
820.0000 0.1757
821.0000 0.1926
822.0000 0.2089
823.0000 0.2248
824.0000 0.2401
825.0000 0.2549
826.0000 0.2693
827.0000 0.2832
828.0000 0.2967
829.0000 0.3097
830.0000 0.3223
831.0000 0.3345
832.0000 0.3464
833.0000 0.3578
834.0000 0.3689
835.0000 0.3796
836.0000 0.3900
837.0000 0.4001
838.0000 0.4098
839.0000 0.4192
840.0000 0.4284
841.0000 0.4372
842.0000 0.4458
843.0000 0.4541
844.0000 0.4621
845.0000 0.4699
846.0000 0.4774
847.0000 0.4847
848.0000 0.4918
849.0000 0.4987
850.0000 0.5053
851.0000 0.5117
852.0000 0.5179
853.0000 0.5240
854.0000 0.5298
855.0000 0.5355
856.0000 0.5410
857.0000 0.5463
858.0000 0.5514
859.0000 0.5564
860.0000 0.5613
861.0000 0.5660
862.0000 0.5705
863.0000 0.5749
864.0000 0.5792
865.0000 0.5833
866.0000 0.5874
867.0000 0.5912
868.0000 0.5950
869.0000 0.5987
870.0000 0.6022
871.0000 0.6057
872.0000 0.6090
873.0000 0.6123
874.0000 0.6154
875.0000 0.6184
876.0000 0.6214
877.0000 0.6243
878.0000 0.6271
879.0000 0.6298
880.0000 0.6324
881.0000 0.6349
882.0000 0.6374
883.0000 0.6398
884.0000 0.6421
885.0000 0.6444
886.0000 0.6466
887.0000 0.6487
888.0000 0.6508
889.0000 0.6528
890.0000 0.6548
891.0000 0.6567
892.0000 0.6585
893.0000 0.6603
894.0000 0.6620
895.0000 0.6637
896.0000 0.6654
897.0000 0.6670
898.0000 0.6685
899.0000 0.6700
900.0000 0.6715
901.0000 0.6730
902.0000 0.6743
903.0000 0.6757
904.0000 0.6770
905.0000 0.6783
906.0000 0.6796
907.0000 0.6808
908.0000 0.6820
909.0000 0.6831
910.0000 0.6842
