1.0000 0.0000
2.0000 0.0000
3.0000 0.0000
4.0000 0.0000
5.0000 0.0602
6.0000 0.2192
7.0000 0.4096
8.0000 0.5924
9.0000 0.7478
10.0000 0.8690
11.0000 0.9568
12.0000 1.0159
13.0000 1.0524
14.0000 1.0725
15.0000 1.0813
16.0000 1.0831
17.0000 1.0810
18.0000 1.0771
19.0000 1.0727
20.0000 1.0687
21.0000 1.0654
22.0000 1.0629
23.0000 1.0611
24.0000 1.0599
25.0000 1.0592
26.0000 1.0588
27.0000 1.0586
28.0000 1.0586
29.0000 1.0587
30.0000 1.0588
31.0000 1.0589
32.0000 1.0590
33.0000 1.0590
34.0000 1.0591
35.0000 1.0591
36.0000 1.0591
37.0000 1.0592
38.0000 1.0592
39.0000 1.0592
40.0000 1.0592
41.0000 1.0592
42.0000 1.0592
43.0000 1.0592
44.0000 1.0592
45.0000 1.0592
46.0000 1.0592
47.0000 1.0592
48.0000 1.0592
49.0000 1.0592
50.0000 1.0592
51.0000 1.0592
52.0000 1.0592
53.0000 1.0592
54.0000 1.0592
55.0000 1.0592
56.0000 1.0592
57.0000 1.0592
58.0000 1.0592
59.0000 1.0592
60.0000 1.0592
61.0000 1.0592
62.0000 1.0592
63.0000 1.0592
64.0000 1.0592
65.0000 1.0592
66.0000 1.0592
67.0000 1.0592
68.0000 1.0592
69.0000 1.0592
70.0000 1.0592
71.0000 1.0592
72.0000 1.0592
73.0000 1.0592
74.0000 1.0592
75.0000 1.0592
76.0000 1.0592
77.0000 1.0592
78.0000 1.0592
79.0000 1.0592
80.0000 1.0592
81.0000 1.0592
82.0000 1.0592
83.0000 1.0592
84.0000 1.0592
85.0000 1.0592
86.0000 1.0592
87.0000 1.0592
88.0000 1.0592
89.0000 1.0592
90.0000 1.0592
91.0000 1.0592
92.0000 1.0592
93.0000 1.0592
94.0000 1.0592
95.0000 1.0592
96.0000 1.0592
97.0000 1.0592
98.0000 1.0592
99.0000 1.0592
100.0000 1.0592
