1.0000 0.0000
2.0000 0.0000
3.0000 0.0000
4.0000 0.0000
5.0000 0.1750
6.0000 0.5264
7.0000 0.9545
8.0000 1.3921
9.0000 1.7974
10.0000 2.1480
11.0000 2.4350
12.0000 2.6584
13.0000 2.8238
14.0000 2.9397
15.0000 3.0154
16.0000 3.0601
17.0000 3.0822
18.0000 3.0886
19.0000 3.0849
20.0000 3.0754
21.0000 3.0631
22.0000 3.0504
23.0000 3.0383
24.0000 3.0278
25.0000 3.0191
26.0000 3.0122
27.0000 3.0071
28.0000 3.0035
29.0000 3.0011
30.0000 2.9996
31.0000 2.9989
32.0000 2.9986
33.0000 2.9987
34.0000 2.9990
35.0000 2.9993
36.0000 2.9997
37.0000 3.0000
38.0000 3.0003
39.0000 3.0006
40.0000 3.0008
41.0000 3.0010
42.0000 3.0011
43.0000 3.0012
44.0000 3.0012
45.0000 3.0012
46.0000 3.0012
47.0000 3.0012
48.0000 3.0012
49.0000 3.0012
50.0000 3.0012
51.0000 3.0012
52.0000 3.0012
53.0000 3.0012
54.0000 3.0012
55.0000 3.0012
56.0000 3.0012
57.0000 3.0012
58.0000 3.0012
59.0000 3.0012
60.0000 3.0012
61.0000 3.0012
62.0000 3.0012
63.0000 3.0012
64.0000 3.0012
65.0000 3.0012
66.0000 3.0012
67.0000 3.0012
68.0000 3.0012
69.0000 3.0012
70.0000 3.0012
71.0000 3.0012
72.0000 3.0012
73.0000 3.0012
74.0000 3.0012
75.0000 3.0012
76.0000 3.0012
77.0000 3.0012
78.0000 3.0012
79.0000 3.0012
80.0000 3.0012
81.0000 3.0012
82.0000 3.0012
83.0000 3.0012
84.0000 3.0012
85.0000 3.0012
86.0000 3.0012
87.0000 3.0012
88.0000 3.0012
89.0000 3.0012
90.0000 3.0012
91.0000 3.0012
92.0000 3.0012
93.0000 3.0012
94.0000 3.0012
95.0000 3.0012
96.0000 3.0012
97.0000 3.0012
98.0000 3.0012
99.0000 3.0012
100.0000 3.0012
