1.0000 0.0000
2.0000 0.0000
3.0000 0.0000
4.0000 0.0000
5.0000 0.0195
6.0000 0.0550
7.0000 0.0800
8.0000 0.0955
9.0000 0.1049
10.0000 0.1105
11.0000 0.1139
12.0000 0.1159
13.0000 0.1171
14.0000 0.1178
15.0000 0.1182
16.0000 0.1185
17.0000 0.1186
18.0000 0.1187
19.0000 0.1188
20.0000 0.1188
21.0000 0.1188
22.0000 0.1188
23.0000 0.1188
24.0000 0.1188
25.0000 0.1188
26.0000 0.1188
27.0000 0.1188
28.0000 0.1188
29.0000 0.1188
30.0000 0.1188
31.0000 0.1188
32.0000 0.1188
33.0000 0.1188
34.0000 0.1188
35.0000 0.1188
36.0000 0.1188
37.0000 0.1188
38.0000 0.1188
39.0000 0.1188
40.0000 0.1188
41.0000 0.1188
42.0000 0.1188
43.0000 0.1188
44.0000 0.1188
45.0000 0.1188
46.0000 0.1188
47.0000 0.1188
48.0000 0.1188
49.0000 0.1188
50.0000 0.1188
51.0000 0.1188
52.0000 0.1188
53.0000 0.1188
54.0000 0.1188
55.0000 0.1188
56.0000 0.1188
57.0000 0.1188
58.0000 0.1188
59.0000 0.1188
60.0000 0.1188
61.0000 0.1188
62.0000 0.1188
63.0000 0.1188
64.0000 0.1188
65.0000 0.1188
66.0000 0.1188
67.0000 0.1188
68.0000 0.1188
69.0000 0.1188
70.0000 0.1188
71.0000 0.1188
72.0000 0.1188
73.0000 0.1188
74.0000 0.1188
75.0000 0.1188
76.0000 0.1188
77.0000 0.1188
78.0000 0.1188
79.0000 0.1188
80.0000 0.1188
81.0000 0.1188
82.0000 0.1188
83.0000 0.1188
84.0000 0.1188
85.0000 0.1188
86.0000 0.1188
87.0000 0.1188
88.0000 0.1188
89.0000 0.1188
90.0000 0.1188
91.0000 0.1188
92.0000 0.1188
93.0000 0.1188
94.0000 0.1188
95.0000 0.1188
96.0000 0.1188
97.0000 0.1188
98.0000 0.1188
99.0000 0.1188
100.0000 0.1188
