1.0000 0.0000
2.0000 0.0000
3.0000 0.0000
4.0000 0.0000
5.0000 0.0673
6.0000 0.2475
7.0000 0.4739
8.0000 0.7035
9.0000 0.9113
10.0000 1.0852
11.0000 1.2216
12.0000 1.3225
13.0000 1.3926
14.0000 1.4378
15.0000 1.4640
16.0000 1.4767
17.0000 1.4802
18.0000 1.4781
19.0000 1.4730
20.0000 1.4668
21.0000 1.4605
22.0000 1.4548
23.0000 1.4500
24.0000 1.4463
25.0000 1.4436
26.0000 1.4417
27.0000 1.4405
28.0000 1.4398
29.0000 1.4395
30.0000 1.4394
31.0000 1.4394
32.0000 1.4396
33.0000 1.4397
34.0000 1.4399
35.0000 1.4401
36.0000 1.4402
37.0000 1.4403
38.0000 1.4404
39.0000 1.4404
40.0000 1.4405
41.0000 1.4405
42.0000 1.4405
43.0000 1.4405
44.0000 1.4405
45.0000 1.4405
46.0000 1.4405
47.0000 1.4405
48.0000 1.4405
49.0000 1.4405
50.0000 1.4405
51.0000 1.4405
52.0000 1.4405
53.0000 1.4405
54.0000 1.4405
55.0000 1.4405
56.0000 1.4405
57.0000 1.4405
58.0000 1.4405
59.0000 1.4405
60.0000 1.4405
61.0000 1.4405
62.0000 1.4405
63.0000 1.4405
64.0000 1.4405
65.0000 1.4405
66.0000 1.4405
67.0000 1.4405
68.0000 1.4405
69.0000 1.4405
70.0000 1.4405
71.0000 1.4405
72.0000 1.4405
73.0000 1.4405
74.0000 1.4405
75.0000 1.4405
76.0000 1.4405
77.0000 1.4405
78.0000 1.4405
79.0000 1.4405
80.0000 1.4405
81.0000 1.4405
82.0000 1.4405
83.0000 1.4405
84.0000 1.4405
85.0000 1.4405
86.0000 1.4405
87.0000 1.4405
88.0000 1.4405
89.0000 1.4405
90.0000 1.4405
91.0000 1.4405
92.0000 1.4405
93.0000 1.4405
94.0000 1.4405
95.0000 1.4405
96.0000 1.4405
97.0000 1.4405
98.0000 1.4405
99.0000 1.4405
100.0000 1.4405
