1.0000 0.0000
2.0000 0.0000
3.0000 0.0000
4.0000 0.0000
5.0000 0.0000
6.0000 0.0000
7.0000 0.0000
8.0000 0.0000
9.0000 0.0000
10.0000 -0.1117
11.0000 -0.1525
12.0000 -0.1569
13.0000 -0.1503
14.0000 -0.1408
15.0000 -0.1306
16.0000 -0.1188
17.0000 -0.1068
18.0000 -0.0946
19.0000 -0.0838
20.0000 -0.0746
21.0000 -0.0671
22.0000 -0.0609
23.0000 -0.0570
24.0000 -0.0546
25.0000 -0.0538
26.0000 -0.0536
27.0000 -0.0546
28.0000 -0.0562
29.0000 -0.0579
30.0000 -0.0604
31.0000 -0.0625
32.0000 -0.0648
33.0000 -0.0671
34.0000 -0.0690
35.0000 -0.0714
36.0000 -0.0731
37.0000 -0.0748
38.0000 -0.0763
39.0000 -0.0779
40.0000 -0.0791
41.0000 -0.0806
42.0000 -0.0816
43.0000 -0.0829
44.0000 -0.0837
45.0000 -0.0849
46.0000 -0.0857
47.0000 -0.0866
48.0000 -0.0876
49.0000 -0.0885
50.0000 -0.0892
51.0000 -0.0898
52.0000 -0.0910
53.0000 -0.0916
54.0000 -0.0922
55.0000 -0.0929
56.0000 -0.0936
57.0000 -0.0943
58.0000 -0.0948
59.0000 -0.0954
60.0000 -0.0959
61.0000 -0.0963
62.0000 -0.0971
63.0000 -0.0974
64.0000 -0.0978
65.0000 -0.0985
66.0000 -0.0986
67.0000 -0.0993
68.0000 -0.0994
69.0000 -0.0999
70.0000 -0.1002
71.0000 -0.1005
72.0000 -0.1010
73.0000 -0.1011
74.0000 -0.1014
75.0000 -0.1018
76.0000 -0.1021
77.0000 -0.1021
78.0000 -0.1025
79.0000 -0.1025
80.0000 -0.1030
81.0000 -0.1031
82.0000 -0.1033
83.0000 -0.1034
84.0000 -0.1035
85.0000 -0.1039
86.0000 -0.1040
87.0000 -0.1041
88.0000 -0.1041
89.0000 -0.1043
90.0000 -0.1047
91.0000 -0.1045
92.0000 -0.1048
93.0000 -0.1051
94.0000 -0.1050
95.0000 -0.1049
96.0000 -0.1051
97.0000 -0.1053
98.0000 -0.1054
99.0000 -0.1053
100.0000 -0.1055
101.0000 -0.1059
102.0000 -0.1055
103.0000 -0.1055
104.0000 -0.1059
105.0000 -0.1059
106.0000 -0.1057
107.0000 -0.1059
108.0000 -0.1060
109.0000 -0.1061
110.0000 2.2592
111.0000 0.8401
112.0000 0.4574
113.0000 0.4573
114.0000 0.4825
115.0000 0.4969
116.0000 0.5114
117.0000 0.5245
118.0000 0.5378
119.0000 0.5498
120.0000 0.5604
121.0000 0.5689
122.0000 0.5769
123.0000 0.5822
124.0000 0.5875
125.0000 0.5915
126.0000 0.5938
127.0000 0.5966
128.0000 0.5983
129.0000 0.5999
130.0000 0.6016
131.0000 0.6024
132.0000 0.6046
133.0000 0.6049
134.0000 0.6072
135.0000 0.6082
136.0000 0.6094
137.0000 0.6115
138.0000 0.6130
139.0000 0.6145
140.0000 0.6167
141.0000 0.6184
142.0000 0.6200
143.0000 0.6211
144.0000 0.6234
145.0000 0.6257
146.0000 0.6259
147.0000 0.6291
148.0000 0.6303
149.0000 0.6313
150.0000 0.6335
151.0000 0.6344
152.0000 0.6370
153.0000 0.6379
154.0000 0.6393
155.0000 0.6407
156.0000 0.6422
157.0000 0.6436
158.0000 0.6449
159.0000 0.6464
160.0000 0.6475
161.0000 0.6490
162.0000 0.6502
163.0000 0.6514
164.0000 0.6528
165.0000 0.6540
166.0000 0.6549
167.0000 0.6564
168.0000 0.6576
169.0000 0.6585
170.0000 0.6596
171.0000 0.6606
172.0000 0.6620
173.0000 0.6628
174.0000 0.6639
175.0000 0.6644
176.0000 0.6660
177.0000 0.6667
178.0000 0.6678
179.0000 0.6686
180.0000 0.6694
181.0000 0.6702
182.0000 0.6713
183.0000 0.6723
184.0000 0.6727
185.0000 0.6737
186.0000 0.6743
187.0000 0.6754
188.0000 0.6758
189.0000 0.6765
190.0000 0.6774
191.0000 0.6784
192.0000 0.6787
193.0000 0.6792
194.0000 0.6803
195.0000 0.6807
196.0000 0.6813
197.0000 0.6820
198.0000 0.6826
199.0000 0.6830
200.0000 0.6839
201.0000 0.6843
202.0000 0.6847
203.0000 0.6855
204.0000 0.6861
205.0000 0.6866
206.0000 0.6870
207.0000 0.6875
208.0000 0.6880
209.0000 0.6883
210.0000 0.7216
211.0000 0.7245
212.0000 0.7193
213.0000 0.7033
214.0000 0.6782
215.0000 0.6487
216.0000 0.6176
217.0000 0.5882
218.0000 0.5618
219.0000 0.5388
220.0000 0.5200
221.0000 0.5051
222.0000 0.4938
223.0000 0.4858
224.0000 0.4806
225.0000 0.4775
226.0000 0.4763
227.0000 0.4763
228.0000 0.4768
229.0000 0.4779
230.0000 0.4795
231.0000 0.4809
232.0000 0.4825
233.0000 0.4835
234.0000 0.4846
235.0000 0.4855
236.0000 0.4860
237.0000 0.4863
238.0000 0.4865
239.0000 0.4866
240.0000 0.4865
241.0000 0.4861
242.0000 0.4860
243.0000 0.4857
244.0000 0.4855
245.0000 0.4850
246.0000 0.4846
247.0000 0.4843
248.0000 0.4837
249.0000 0.4836
250.0000 0.4830
251.0000 0.4826
252.0000 0.4823
253.0000 0.4818
254.0000 0.4815
255.0000 0.4810
256.0000 0.4804
257.0000 0.4801
258.0000 0.4796
259.0000 0.4790
260.0000 0.4787
261.0000 0.4782
262.0000 0.4774
263.0000 0.4772
264.0000 0.4765
265.0000 0.4761
266.0000 0.4756
267.0000 0.4749
268.0000 0.4745
269.0000 0.4739
270.0000 0.4735
271.0000 0.4731
272.0000 0.4725
273.0000 0.4720
274.0000 0.4713
275.0000 0.4710
276.0000 0.4705
277.0000 0.4699
278.0000 0.4694
279.0000 0.4689
280.0000 0.4685
281.0000 0.4679
282.0000 0.4676
283.0000 0.4669
284.0000 0.4665
285.0000 0.4662
286.0000 0.4656
287.0000 0.4651
288.0000 0.4648
289.0000 0.4646
290.0000 0.4639
291.0000 0.4634
292.0000 0.4631
293.0000 0.4628
294.0000 0.4622
295.0000 0.4619
296.0000 0.4615
297.0000 0.4611
298.0000 0.4607
299.0000 0.4604
300.0000 0.4601
301.0000 0.4598
302.0000 0.4594
303.0000 0.4591
304.0000 0.4586
305.0000 0.4583
306.0000 0.4581
307.0000 0.4577
308.0000 0.4574
309.0000 0.4571
310.0000 0.6801
311.0000 0.7615
312.0000 0.7701
313.0000 0.7565
314.0000 0.7374
315.0000 0.7165
316.0000 0.6929
317.0000 0.6685
318.0000 0.6438
319.0000 0.6219
320.0000 0.6033
321.0000 0.5882
322.0000 0.5755
323.0000 0.5674
324.0000 0.5625
325.0000 0.5607
326.0000 0.5599
327.0000 0.5619
328.0000 0.5647
329.0000 0.5678
330.0000 0.5727
331.0000 0.5768
332.0000 0.5812
333.0000 0.5855
334.0000 0.5893
335.0000 0.5938
336.0000 0.5971
337.0000 0.6004
338.0000 0.6031
339.0000 0.6061
340.0000 0.6084
341.0000 0.6112
342.0000 0.6131
343.0000 0.6156
344.0000 0.6169
345.0000 0.6193
346.0000 0.6207
347.0000 0.6224
348.0000 0.6242
349.0000 0.6259
350.0000 0.6273
351.0000 0.6282
352.0000 0.6304
353.0000 0.6315
354.0000 0.6326
355.0000 0.6339
356.0000 0.6352
357.0000 0.6365
358.0000 0.6375
359.0000 0.6385
360.0000 0.6394
361.0000 0.6402
362.0000 0.6417
363.0000 0.6421
364.0000 0.6428
365.0000 0.6441
366.0000 0.6441
367.0000 0.6456
368.0000 0.6456
369.0000 0.6465
370.0000 0.6469
371.0000 0.6476
372.0000 0.6484
373.0000 0.6487
374.0000 0.6490
375.0000 0.6496
376.0000 0.6503
377.0000 0.6503
378.0000 0.6510
379.0000 0.6510
380.0000 0.6519
381.0000 0.6519
382.0000 0.6523
383.0000 0.6524
384.0000 0.6526
385.0000 0.6534
386.0000 0.6535
387.0000 0.6536
388.0000 0.6536
389.0000 0.6539
390.0000 0.6545
391.0000 0.6542
392.0000 0.6546
393.0000 0.6552
394.0000 0.6549
395.0000 0.6547
396.0000 0.6551
397.0000 0.6554
398.0000 0.6555
399.0000 0.6553
400.0000 0.6556
401.0000 0.6564
402.0000 0.6555
403.0000 0.6554
404.0000 0.6562
405.0000 0.6561
406.0000 0.6557
407.0000 0.6559
408.0000 0.6561
409.0000 0.6562
410.0000 -4.0745
411.0000 -1.2362
412.0000 -0.4710
413.0000 -0.4709
414.0000 -0.5212
415.0000 -0.5501
416.0000 -0.5792
417.0000 -0.6054
418.0000 -0.6319
419.0000 -0.6560
420.0000 -0.6774
421.0000 -0.6944
422.0000 -0.7104
423.0000 -0.7211
424.0000 -0.7318
425.0000 -0.7397
426.0000 -0.7445
427.0000 -0.7501
428.0000 -0.7535
429.0000 -0.7568
430.0000 -0.7602
431.0000 -0.7619
432.0000 -0.7662
433.0000 -0.7668
434.0000 -0.7715
435.0000 -0.7736
436.0000 -0.7760
437.0000 -0.7802
438.0000 -0.7833
439.0000 -0.7863
440.0000 -0.7906
441.0000 -0.7942
442.0000 -0.7975
443.0000 -0.7997
444.0000 -0.8043
445.0000 -0.8089
446.0000 -0.8093
447.0000 -0.8156
448.0000 -0.8182
449.0000 -0.8202
450.0000 -0.8246
451.0000 -0.8263
452.0000 -0.8316
453.0000 -0.8334
454.0000 -0.8362
455.0000 -0.8392
456.0000 -0.8420
457.0000 -0.8450
458.0000 -0.8476
459.0000 -0.8505
460.0000 -0.8528
461.0000 -0.8558
462.0000 -0.8582
463.0000 -0.8607
464.0000 -0.8633
465.0000 -0.8659
466.0000 -0.8676
467.0000 -0.8707
468.0000 -0.8732
469.0000 -0.8749
470.0000 -0.8771
471.0000 -0.8791
472.0000 -0.8819
473.0000 -0.8835
474.0000 -0.8859
475.0000 -0.8868
476.0000 -0.8900
477.0000 -0.8914
478.0000 -0.8936
479.0000 -0.8952
480.0000 -0.8968
481.0000 -0.8985
482.0000 -0.9007
483.0000 -0.9026
484.0000 -0.9034
485.0000 -0.9055
486.0000 -0.9067
487.0000 -0.9090
488.0000 -0.9096
489.0000 -0.9112
490.0000 -0.9129
491.0000 -0.9149
492.0000 -0.9156
493.0000 -0.9166
494.0000 -0.9188
495.0000 -0.9196
496.0000 -0.9208
497.0000 -0.9222
498.0000 -0.9234
499.0000 -0.9243
500.0000 -0.9261
501.0000 -0.9268
502.0000 -0.9277
503.0000 -0.9292
504.0000 -0.9304
505.0000 -0.9314
506.0000 -0.9323
507.0000 -0.9332
508.0000 -0.9342
509.0000 -0.9350
510.0000 -1.0014
511.0000 -1.0073
512.0000 -0.9970
513.0000 -0.9649
514.0000 -0.9148
515.0000 -0.8558
516.0000 -0.7935
517.0000 -0.7347
518.0000 -0.6820
519.0000 -0.6359
520.0000 -0.5983
521.0000 -0.5685
522.0000 -0.5459
523.0000 -0.5299
524.0000 -0.5196
525.0000 -0.5134
526.0000 -0.5110
527.0000 -0.5109
528.0000 -0.5119
529.0000 -0.5143
530.0000 -0.5174
531.0000 -0.5201
532.0000 -0.5234
533.0000 -0.5254
534.0000 -0.5275
535.0000 -0.5293
536.0000 -0.5305
537.0000 -0.5310
538.0000 -0.5313
539.0000 -0.5315
540.0000 -0.5314
541.0000 -0.5307
542.0000 -0.5303
543.0000 -0.5299
544.0000 -0.5293
545.0000 -0.5284
546.0000 -0.5276
547.0000 -0.5270
548.0000 -0.5258
549.0000 -0.5257
550.0000 -0.5245
551.0000 -0.5235
552.0000 -0.5231
553.0000 -0.5221
554.0000 -0.5214
555.0000 -0.5205
556.0000 -0.5193
557.0000 -0.5187
558.0000 -0.5175
559.0000 -0.5165
560.0000 -0.5158
561.0000 -0.5149
562.0000 -0.5132
563.0000 -0.5128
564.0000 -0.5115
565.0000 -0.5107
566.0000 -0.5097
567.0000 -0.5083
568.0000 -0.5074
569.0000 -0.5064
570.0000 -0.5055
571.0000 -0.5046
572.0000 -0.5034
573.0000 -0.5024
574.0000 -0.5010
575.0000 -0.5005
576.0000 -0.4995
577.0000 -0.4982
578.0000 -0.4973
579.0000 -0.4963
580.0000 -0.4955
581.0000 -0.4944
582.0000 -0.4937
583.0000 -0.4923
584.0000 -0.4915
585.0000 -0.4909
586.0000 -0.4897
587.0000 -0.4887
588.0000 -0.4880
589.0000 -0.4877
590.0000 -0.4862
591.0000 -0.4853
592.0000 -0.4846
593.0000 -0.4841
594.0000 -0.4830
595.0000 -0.4822
596.0000 -0.4814
597.0000 -0.4806
598.0000 -0.4799
599.0000 -0.4793
600.0000 -0.4786
601.0000 -0.4780
602.0000 -0.4773
603.0000 -0.4766
604.0000 -0.4757
605.0000 -0.4751
606.0000 -0.4746
607.0000 -0.4740
608.0000 -0.4733
609.0000 -0.4728
610.0000 -0.8071
611.0000 -0.9289
612.0000 -0.9418
613.0000 -0.9211
614.0000 -0.8924
615.0000 -0.8610
616.0000 -0.8255
617.0000 -0.7887
618.0000 -0.7516
619.0000 -0.7185
620.0000 -0.6905
621.0000 -0.6677
622.0000 -0.6485
623.0000 -0.6363
624.0000 -0.6288
625.0000 -0.6261
626.0000 -0.6247
627.0000 -0.6277
628.0000 -0.6317
629.0000 -0.6363
630.0000 -0.6436
631.0000 -0.6496
632.0000 -0.6561
633.0000 -0.6625
634.0000 -0.6680
635.0000 -0.6747
636.0000 -0.6796
637.0000 -0.6844
638.0000 -0.6884
639.0000 -0.6928
640.0000 -0.6962
641.0000 -0.7003
642.0000 -0.7031
643.0000 -0.7067
644.0000 -0.7086
645.0000 -0.7122
646.0000 -0.7142
647.0000 -0.7166
648.0000 -0.7193
649.0000 -0.7218
650.0000 -0.7238
651.0000 -0.7251
652.0000 -0.7284
653.0000 -0.7299
654.0000 -0.7315
655.0000 -0.7334
656.0000 -0.7354
657.0000 -0.7372
658.0000 -0.7387
659.0000 -0.7401
660.0000 -0.7413
661.0000 -0.7425
662.0000 -0.7447
663.0000 -0.7452
664.0000 -0.7463
665.0000 -0.7482
666.0000 -0.7481
667.0000 -0.7503
668.0000 -0.7503
669.0000 -0.7516
670.0000 -0.7521
671.0000 -0.7532
672.0000 -0.7543
673.0000 -0.7547
674.0000 -0.7551
675.0000 -0.7560
676.0000 -0.7570
677.0000 -0.7570
678.0000 -0.7581
679.0000 -0.7580
680.0000 -0.7592
681.0000 -0.7592
682.0000 -0.7598
683.0000 -0.7599
684.0000 -0.7602
685.0000 -0.7613
686.0000 -0.7615
687.0000 -0.7616
688.0000 -0.7615
689.0000 -0.7619
690.0000 -0.7629
691.0000 -0.7624
692.0000 -0.7630
693.0000 -0.7639
694.0000 -0.7634
695.0000 -0.7631
696.0000 -0.7637
697.0000 -0.7641
698.0000 -0.7642
699.0000 -0.7639
700.0000 -0.7643
701.0000 -0.7654
702.0000 -0.7639
703.0000 -0.7639
704.0000 -0.7650
705.0000 -0.7648
706.0000 -0.7642
707.0000 -0.7645
708.0000 -0.7647
709.0000 -0.7649
710.0000 6.3312
711.0000 2.0739
712.0000 0.9260
713.0000 0.9259
714.0000 1.0014
715.0000 1.0448
716.0000 1.0884
717.0000 1.1278
718.0000 1.1676
719.0000 1.2038
720.0000 1.2358
721.0000 1.2614
722.0000 1.2855
723.0000 1.3015
724.0000 1.3175
725.0000 1.3295
726.0000 1.3366
727.0000 1.3450
728.0000 1.3502
729.0000 1.3551
730.0000 1.3603
731.0000 1.3628
732.0000 1.3693
733.0000 1.3702
734.0000 1.3773
735.0000 1.3805
736.0000 1.3841
737.0000 1.3903
738.0000 1.3950
739.0000 1.3996
740.0000 1.4061
741.0000 1.4115
742.0000 1.4164
743.0000 1.4197
744.0000 1.4267
745.0000 1.4336
746.0000 1.4341
747.0000 1.4437
748.0000 1.4476
749.0000 1.4505
750.0000 1.4571
751.0000 1.4598
752.0000 1.4676
753.0000 1.4704
754.0000 1.4746
755.0000 1.4791
756.0000 1.4833
757.0000 1.4879
758.0000 1.4918
759.0000 1.4962
760.0000 1.4996
761.0000 1.5041
762.0000 1.5078
763.0000 1.5114
764.0000 1.5154
765.0000 1.5192
766.0000 1.5219
767.0000 1.5265
768.0000 1.5303
769.0000 1.5329
770.0000 1.5361
771.0000 1.5391
772.0000 1.5434
773.0000 1.5458
774.0000 1.5493
775.0000 1.5507
776.0000 1.5555
777.0000 1.5576
778.0000 1.5610
779.0000 1.5632
780.0000 1.5657
781.0000 1.5683
782.0000 1.5716
783.0000 1.5745
784.0000 1.5757
785.0000 1.5788
786.0000 1.5807
787.0000 1.5840
788.0000 1.5850
789.0000 1.5874
790.0000 1.5899
791.0000 1.5929
792.0000 1.5940
793.0000 1.5954
794.0000 1.5988
795.0000 1.6000
796.0000 1.6018
797.0000 1.6039
798.0000 1.6057
799.0000 1.6070
800.0000 1.6098
801.0000 1.6108
802.0000 1.6122
803.0000 1.6145
804.0000 1.6162
805.0000 1.6177
806.0000 1.6190
807.0000 1.6204
808.0000 1.6220
809.0000 1.6231
810.0000 1.7228
811.0000 1.7316
812.0000 1.7161
813.0000 1.6680
814.0000 1.5928
815.0000 1.5043
816.0000 1.4109
817.0000 1.3227
818.0000 1.2436
819.0000 1.1745
820.0000 1.1181
821.0000 1.0733
822.0000 1.0395
823.0000 1.0155
824.0000 1.0000
825.0000 0.9907
826.0000 0.9872
827.0000 0.9871
828.0000 0.9885
829.0000 0.9921
830.0000 0.9968
831.0000 1.0009
832.0000 1.0058
833.0000 1.0087
834.0000 1.0120
835.0000 1.0147
836.0000 1.0164
837.0000 1.0171
838.0000 1.0177
839.0000 1.0180
840.0000 1.0178
841.0000 1.0167
842.0000 1.0162
843.0000 1.0155
844.0000 1.0147
845.0000 1.0133
846.0000 1.0122
847.0000 1.0112
848.0000 1.0095
849.0000 1.0092
850.0000 1.0075
851.0000 1.0060
852.0000 1.0053
853.0000 1.0038
854.0000 1.0027
855.0000 1.0014
856.0000 0.9997
857.0000 0.9988
858.0000 0.9970
859.0000 0.9955
860.0000 0.9944
861.0000 0.9930
862.0000 0.9905
863.0000 0.9899
864.0000 0.9880
865.0000 0.9867
866.0000 0.9853
867.0000 0.9832
868.0000 0.9818
869.0000 0.9802
870.0000 0.9790
871.0000 0.9776
872.0000 0.9758
873.0000 0.9744
874.0000 0.9723
875.0000 0.9715
876.0000 0.9699
877.0000 0.9680
878.0000 0.9667
879.0000 0.9652
880.0000 0.9639
881.0000 0.9623
882.0000 0.9613
883.0000 0.9592
884.0000 0.9580
885.0000 0.9571
886.0000 0.9552
887.0000 0.9537
888.0000 0.9528
889.0000 0.9523
890.0000 0.9501
891.0000 0.9487
892.0000 0.9477
893.0000 0.9469
894.0000 0.9452
895.0000 0.9440
896.0000 0.9429
897.0000 0.9417
898.0000 0.9405
899.0000 0.9397
900.0000 0.9386
901.0000 0.9377
902.0000 0.9367
903.0000 0.9357
904.0000 0.9342
905.0000 0.9333
906.0000 0.9326
907.0000 0.9317
908.0000 0.9308
909.0000 0.9299
910.0000 0.9288
