1.0000 0.0000
2.0000 0.0000
3.0000 0.0000
4.0000 0.0000
5.0000 0.0000
6.0000 0.0000
7.0000 0.0000
8.0000 0.0000
9.0000 0.0000
10.0000 0.1933
11.0000 0.2347
12.0000 0.2190
13.0000 0.1837
14.0000 0.1420
15.0000 0.0989
16.0000 0.0576
17.0000 0.0204
18.0000 -0.0109
19.0000 -0.0352
20.0000 -0.0524
21.0000 -0.0629
22.0000 -0.0672
23.0000 -0.0669
24.0000 -0.0628
25.0000 -0.0561
26.0000 -0.0475
27.0000 -0.0381
28.0000 -0.0284
29.0000 -0.0188
30.0000 -0.0100
31.0000 -0.0017
32.0000 0.0058
33.0000 0.0124
34.0000 0.0182
35.0000 0.0230
36.0000 0.0274
37.0000 0.0312
38.0000 0.0345
39.0000 0.0374
40.0000 0.0401
41.0000 0.0425
42.0000 0.0449
43.0000 0.0470
44.0000 0.0492
45.0000 0.0512
46.0000 0.0533
47.0000 0.0552
48.0000 0.0572
49.0000 0.0591
50.0000 0.0611
51.0000 0.0630
52.0000 0.0648
53.0000 0.0666
54.0000 0.0685
55.0000 0.0702
56.0000 0.0718
57.0000 0.0734
58.0000 0.0750
59.0000 0.0766
60.0000 0.0781
61.0000 0.0796
62.0000 0.0809
63.0000 0.0824
64.0000 0.0837
65.0000 0.0850
66.0000 0.0863
67.0000 0.0875
68.0000 0.0888
69.0000 0.0899
70.0000 0.0911
71.0000 0.0922
72.0000 0.0933
73.0000 0.0944
74.0000 0.0954
75.0000 0.0964
76.0000 0.0974
77.0000 0.0984
78.0000 0.0993
79.0000 0.1003
80.0000 0.1011
81.0000 0.1020
82.0000 0.1029
83.0000 0.1038
84.0000 0.1046
85.0000 0.1053
86.0000 0.1061
87.0000 0.1069
88.0000 0.1077
89.0000 0.1084
90.0000 0.1090
91.0000 0.1098
92.0000 0.1104
93.0000 0.1110
94.0000 0.1117
95.0000 0.1124
96.0000 0.1129
97.0000 0.1135
98.0000 0.1141
99.0000 0.1147
100.0000 0.1152
101.0000 0.1156
102.0000 0.1163
103.0000 0.1168
104.0000 0.1172
105.0000 0.1177
106.0000 0.1182
107.0000 0.1186
108.0000 0.1191
109.0000 0.1195
110.0000 0.8511
111.0000 0.4238
112.0000 0.3147
113.0000 0.3046
114.0000 0.2876
115.0000 0.2609
116.0000 0.2339
117.0000 0.2098
118.0000 0.1909
119.0000 0.1777
120.0000 0.1700
121.0000 0.1669
122.0000 0.1683
123.0000 0.1725
124.0000 0.1795
125.0000 0.1877
126.0000 0.1968
127.0000 0.2064
128.0000 0.2156
129.0000 0.2244
130.0000 0.2327
131.0000 0.2401
132.0000 0.2469
133.0000 0.2525
134.0000 0.2580
135.0000 0.2624
136.0000 0.2663
137.0000 0.2700
138.0000 0.2731
139.0000 0.2759
140.0000 0.2787
141.0000 0.2811
142.0000 0.2833
143.0000 0.2854
144.0000 0.2877
145.0000 0.2900
146.0000 0.2915
147.0000 0.2939
148.0000 0.2958
149.0000 0.2975
150.0000 0.2995
151.0000 0.3011
152.0000 0.3033
153.0000 0.3048
154.0000 0.3065
155.0000 0.3081
156.0000 0.3097
157.0000 0.3113
158.0000 0.3128
159.0000 0.3142
160.0000 0.3155
161.0000 0.3169
162.0000 0.3181
163.0000 0.3193
164.0000 0.3206
165.0000 0.3217
166.0000 0.3227
167.0000 0.3239
168.0000 0.3250
169.0000 0.3260
170.0000 0.3270
171.0000 0.3280
172.0000 0.3290
173.0000 0.3299
174.0000 0.3308
175.0000 0.3315
176.0000 0.3325
177.0000 0.3332
178.0000 0.3341
179.0000 0.3348
180.0000 0.3355
181.0000 0.3362
182.0000 0.3369
183.0000 0.3377
184.0000 0.3382
185.0000 0.3389
186.0000 0.3394
187.0000 0.3401
188.0000 0.3406
189.0000 0.3412
190.0000 0.3418
191.0000 0.3424
192.0000 0.3428
193.0000 0.3432
194.0000 0.3438
195.0000 0.3442
196.0000 0.3446
197.0000 0.3450
198.0000 0.3454
199.0000 0.3458
200.0000 0.3462
201.0000 0.3465
202.0000 0.3468
203.0000 0.3473
204.0000 0.3476
205.0000 0.3479
206.0000 0.3481
207.0000 0.3484
208.0000 0.3487
209.0000 0.3489
210.0000 0.2603
211.0000 0.2267
212.0000 0.2447
213.0000 0.2952
214.0000 0.3608
215.0000 0.4286
216.0000 0.4900
217.0000 0.5402
218.0000 0.5772
219.0000 0.6006
220.0000 0.6117
221.0000 0.6121
222.0000 0.6040
223.0000 0.5897
224.0000 0.5711
225.0000 0.5499
226.0000 0.5278
227.0000 0.5058
228.0000 0.4847
229.0000 0.4651
230.0000 0.4474
231.0000 0.4316
232.0000 0.4178
233.0000 0.4057
234.0000 0.3954
235.0000 0.3863
236.0000 0.3785
237.0000 0.3715
238.0000 0.3654
239.0000 0.3598
240.0000 0.3546
241.0000 0.3498
242.0000 0.3452
243.0000 0.3408
244.0000 0.3365
245.0000 0.3323
246.0000 0.3282
247.0000 0.3242
248.0000 0.3202
249.0000 0.3163
250.0000 0.3125
251.0000 0.3088
252.0000 0.3052
253.0000 0.3017
254.0000 0.2983
255.0000 0.2951
256.0000 0.2919
257.0000 0.2889
258.0000 0.2858
259.0000 0.2830
260.0000 0.2802
261.0000 0.2775
262.0000 0.2749
263.0000 0.2725
264.0000 0.2700
265.0000 0.2676
266.0000 0.2653
267.0000 0.2630
268.0000 0.2608
269.0000 0.2587
270.0000 0.2567
271.0000 0.2547
272.0000 0.2527
273.0000 0.2508
274.0000 0.2490
275.0000 0.2473
276.0000 0.2455
277.0000 0.2438
278.0000 0.2422
279.0000 0.2406
280.0000 0.2391
281.0000 0.2375
282.0000 0.2362
283.0000 0.2347
284.0000 0.2333
285.0000 0.2320
286.0000 0.2307
287.0000 0.2294
288.0000 0.2282
289.0000 0.2271
290.0000 0.2258
291.0000 0.2247
292.0000 0.2236
293.0000 0.2226
294.0000 0.2215
295.0000 0.2205
296.0000 0.2195
297.0000 0.2185
298.0000 0.2176
299.0000 0.2167
300.0000 0.2158
301.0000 0.2149
302.0000 0.2141
303.0000 0.2133
304.0000 0.2124
305.0000 0.2116
306.0000 0.2109
307.0000 0.2102
308.0000 0.2094
309.0000 0.2087
310.0000 -0.1786
311.0000 -0.2621
312.0000 -0.2312
313.0000 -0.1612
314.0000 -0.0784
315.0000 0.0072
316.0000 0.0893
317.0000 0.1632
318.0000 0.2251
319.0000 0.2732
320.0000 0.3072
321.0000 0.3276
322.0000 0.3358
323.0000 0.3347
324.0000 0.3261
325.0000 0.3123
326.0000 0.2946
327.0000 0.2755
328.0000 0.2556
329.0000 0.2360
330.0000 0.2180
331.0000 0.2010
332.0000 0.1857
333.0000 0.1722
334.0000 0.1603
335.0000 0.1502
336.0000 0.1411
337.0000 0.1332
338.0000 0.1263
339.0000 0.1201
340.0000 0.1145
341.0000 0.1094
342.0000 0.1044
343.0000 0.0999
344.0000 0.0952
345.0000 0.0910
346.0000 0.0866
347.0000 0.0824
348.0000 0.0784
349.0000 0.0743
350.0000 0.0702
351.0000 0.0661
352.0000 0.0624
353.0000 0.0585
354.0000 0.0547
355.0000 0.0511
356.0000 0.0475
357.0000 0.0441
358.0000 0.0407
359.0000 0.0375
360.0000 0.0342
361.0000 0.0311
362.0000 0.0283
363.0000 0.0253
364.0000 0.0224
365.0000 0.0199
366.0000 0.0170
367.0000 0.0146
368.0000 0.0119
369.0000 0.0095
370.0000 0.0070
371.0000 0.0047
372.0000 0.0025
373.0000 0.0001
374.0000 -0.0021
375.0000 -0.0042
376.0000 -0.0062
377.0000 -0.0084
378.0000 -0.0103
379.0000 -0.0123
380.0000 -0.0140
381.0000 -0.0159
382.0000 -0.0177
383.0000 -0.0196
384.0000 -0.0213
385.0000 -0.0228
386.0000 -0.0244
387.0000 -0.0260
388.0000 -0.0277
389.0000 -0.0291
390.0000 -0.0304
391.0000 -0.0320
392.0000 -0.0334
393.0000 -0.0346
394.0000 -0.0361
395.0000 -0.0375
396.0000 -0.0386
397.0000 -0.0398
398.0000 -0.0409
399.0000 -0.0421
400.0000 -0.0431
401.0000 -0.0440
402.0000 -0.0454
403.0000 -0.0464
404.0000 -0.0471
405.0000 -0.0481
406.0000 -0.0491
407.0000 -0.0500
408.0000 -0.0508
409.0000 -0.0516
410.0000 -1.5149
411.0000 -0.6603
412.0000 -0.4421
413.0000 -0.4219
414.0000 -0.3878
415.0000 -0.3345
416.0000 -0.2804
417.0000 -0.2324
418.0000 -0.1946
419.0000 -0.1682
420.0000 -0.1526
421.0000 -0.1466
422.0000 -0.1493
423.0000 -0.1577
424.0000 -0.1716
425.0000 -0.1882
426.0000 -0.2062
427.0000 -0.2254
428.0000 -0.2438
429.0000 -0.2615
430.0000 -0.2781
431.0000 -0.2928
432.0000 -0.3065
433.0000 -0.3177
434.0000 -0.3286
435.0000 -0.3375
436.0000 -0.3453
437.0000 -0.3526
438.0000 -0.3589
439.0000 -0.3644
440.0000 -0.3700
441.0000 -0.3749
442.0000 -0.3794
443.0000 -0.3835
444.0000 -0.3881
445.0000 -0.3927
446.0000 -0.3958
447.0000 -0.4006
448.0000 -0.4043
449.0000 -0.4076
450.0000 -0.4118
451.0000 -0.4150
452.0000 -0.4193
453.0000 -0.4224
454.0000 -0.4258
455.0000 -0.4289
456.0000 -0.4322
457.0000 -0.4353
458.0000 -0.4383
459.0000 -0.4412
460.0000 -0.4438
461.0000 -0.4466
462.0000 -0.4490
463.0000 -0.4514
464.0000 -0.4539
465.0000 -0.4563
466.0000 -0.4583
467.0000 -0.4606
468.0000 -0.4629
469.0000 -0.4647
470.0000 -0.4667
471.0000 -0.4688
472.0000 -0.4708
473.0000 -0.4726
474.0000 -0.4744
475.0000 -0.4758
476.0000 -0.4779
477.0000 -0.4793
478.0000 -0.4810
479.0000 -0.4824
480.0000 -0.4838
481.0000 -0.4852
482.0000 -0.4867
483.0000 -0.4882
484.0000 -0.4893
485.0000 -0.4907
486.0000 -0.4918
487.0000 -0.4931
488.0000 -0.4941
489.0000 -0.4952
490.0000 -0.4964
491.0000 -0.4976
492.0000 -0.4985
493.0000 -0.4993
494.0000 -0.5006
495.0000 -0.5013
496.0000 -0.5022
497.0000 -0.5030
498.0000 -0.5038
499.0000 -0.5045
500.0000 -0.5054
501.0000 -0.5059
502.0000 -0.5066
503.0000 -0.5075
504.0000 -0.5081
505.0000 -0.5087
506.0000 -0.5092
507.0000 -0.5098
508.0000 -0.5103
509.0000 -0.5108
510.0000 -0.3335
511.0000 -0.2664
512.0000 -0.3023
513.0000 -0.4034
514.0000 -0.5345
515.0000 -0.6702
516.0000 -0.7929
517.0000 -0.8935
518.0000 -0.9673
519.0000 -1.0142
520.0000 -1.0363
521.0000 -1.0372
522.0000 -1.0211
523.0000 -0.9923
524.0000 -0.9551
525.0000 -0.9129
526.0000 -0.8685
527.0000 -0.8246
528.0000 -0.7823
529.0000 -0.7432
530.0000 -0.7078
531.0000 -0.6762
532.0000 -0.6487
533.0000 -0.6245
534.0000 -0.6037
535.0000 -0.5856
536.0000 -0.5699
537.0000 -0.5560
538.0000 -0.5438
539.0000 -0.5326
540.0000 -0.5223
541.0000 -0.5126
542.0000 -0.5035
543.0000 -0.4947
544.0000 -0.4861
545.0000 -0.4776
546.0000 -0.4693
547.0000 -0.4614
548.0000 -0.4534
549.0000 -0.4457
550.0000 -0.4381
551.0000 -0.4307
552.0000 -0.4235
553.0000 -0.4164
554.0000 -0.4097
555.0000 -0.4032
556.0000 -0.3968
557.0000 -0.3908
558.0000 -0.3847
559.0000 -0.3790
560.0000 -0.3735
561.0000 -0.3681
562.0000 -0.3627
563.0000 -0.3580
564.0000 -0.3531
565.0000 -0.3482
566.0000 -0.3436
567.0000 -0.3390
568.0000 -0.3347
569.0000 -0.3305
570.0000 -0.3264
571.0000 -0.3224
572.0000 -0.3184
573.0000 -0.3147
574.0000 -0.3110
575.0000 -0.3076
576.0000 -0.3040
577.0000 -0.3007
578.0000 -0.2975
579.0000 -0.2942
580.0000 -0.2913
581.0000 -0.2882
582.0000 -0.2854
583.0000 -0.2824
584.0000 -0.2797
585.0000 -0.2771
586.0000 -0.2744
587.0000 -0.2718
588.0000 -0.2695
589.0000 -0.2672
590.0000 -0.2648
591.0000 -0.2624
592.0000 -0.2602
593.0000 -0.2582
594.0000 -0.2560
595.0000 -0.2540
596.0000 -0.2520
597.0000 -0.2500
598.0000 -0.2483
599.0000 -0.2465
600.0000 -0.2446
601.0000 -0.2429
602.0000 -0.2413
603.0000 -0.2396
604.0000 -0.2378
605.0000 -0.2362
606.0000 -0.2349
607.0000 -0.2334
608.0000 -0.2319
609.0000 -0.2305
610.0000 0.3507
611.0000 0.4763
612.0000 0.4303
613.0000 0.3256
614.0000 0.2018
615.0000 0.0736
616.0000 -0.0492
617.0000 -0.1598
618.0000 -0.2523
619.0000 -0.3243
620.0000 -0.3750
621.0000 -0.4053
622.0000 -0.4175
623.0000 -0.4155
624.0000 -0.4024
625.0000 -0.3815
626.0000 -0.3548
627.0000 -0.3258
628.0000 -0.2959
629.0000 -0.2663
630.0000 -0.2390
631.0000 -0.2133
632.0000 -0.1903
633.0000 -0.1699
634.0000 -0.1518
635.0000 -0.1365
636.0000 -0.1227
637.0000 -0.1108
638.0000 -0.1001
639.0000 -0.0908
640.0000 -0.0821
641.0000 -0.0744
642.0000 -0.0668
643.0000 -0.0599
644.0000 -0.0527
645.0000 -0.0463
646.0000 -0.0396
647.0000 -0.0332
648.0000 -0.0270
649.0000 -0.0209
650.0000 -0.0146
651.0000 -0.0083
652.0000 -0.0027
653.0000 0.0033
654.0000 0.0091
655.0000 0.0147
656.0000 0.0200
657.0000 0.0253
658.0000 0.0304
659.0000 0.0354
660.0000 0.0404
661.0000 0.0451
662.0000 0.0493
663.0000 0.0540
664.0000 0.0583
665.0000 0.0622
666.0000 0.0666
667.0000 0.0702
668.0000 0.0744
669.0000 0.0780
670.0000 0.0819
671.0000 0.0853
672.0000 0.0887
673.0000 0.0923
674.0000 0.0957
675.0000 0.0989
676.0000 0.1020
677.0000 0.1053
678.0000 0.1081
679.0000 0.1112
680.0000 0.1139
681.0000 0.1168
682.0000 0.1195
683.0000 0.1223
684.0000 0.1249
685.0000 0.1272
686.0000 0.1297
687.0000 0.1321
688.0000 0.1346
689.0000 0.1368
690.0000 0.1388
691.0000 0.1412
692.0000 0.1432
693.0000 0.1451
694.0000 0.1474
695.0000 0.1495
696.0000 0.1512
697.0000 0.1530
698.0000 0.1547
699.0000 0.1565
700.0000 0.1580
701.0000 0.1594
702.0000 0.1614
703.0000 0.1629
704.0000 0.1640
705.0000 0.1654
706.0000 0.1670
707.0000 0.1682
708.0000 0.1694
709.0000 0.1707
710.0000 2.3656
711.0000 1.0837
712.0000 0.7564
713.0000 0.7262
714.0000 0.6750
715.0000 0.5950
716.0000 0.5139
717.0000 0.4418
718.0000 0.3852
719.0000 0.3456
720.0000 0.3222
721.0000 0.3132
722.0000 0.3172
723.0000 0.3298
724.0000 0.3507
725.0000 0.3755
726.0000 0.4026
727.0000 0.4313
728.0000 0.4589
729.0000 0.4856
730.0000 0.5104
731.0000 0.5324
732.0000 0.5529
733.0000 0.5698
734.0000 0.5862
735.0000 0.5995
736.0000 0.6111
737.0000 0.6221
738.0000 0.6315
739.0000 0.6399
740.0000 0.6483
741.0000 0.6556
742.0000 0.6623
743.0000 0.6685
744.0000 0.6754
745.0000 0.6823
746.0000 0.6869
747.0000 0.6941
748.0000 0.6997
749.0000 0.7047
750.0000 0.7109
751.0000 0.7158
752.0000 0.7222
753.0000 0.7268
754.0000 0.7320
755.0000 0.7367
756.0000 0.7416
757.0000 0.7462
758.0000 0.7508
759.0000 0.7551
760.0000 0.7590
761.0000 0.7631
762.0000 0.7669
763.0000 0.7703
764.0000 0.7742
765.0000 0.7777
766.0000 0.7807
767.0000 0.7843
768.0000 0.7877
769.0000 0.7904
770.0000 0.7934
771.0000 0.7965
772.0000 0.7996
773.0000 0.8022
774.0000 0.8050
775.0000 0.8070
776.0000 0.8101
777.0000 0.8122
778.0000 0.8148
779.0000 0.8170
780.0000 0.8190
781.0000 0.8212
782.0000 0.8234
783.0000 0.8256
784.0000 0.8273
785.0000 0.8294
786.0000 0.8310
787.0000 0.8330
788.0000 0.8345
789.0000 0.8362
790.0000 0.8380
791.0000 0.8398
792.0000 0.8411
793.0000 0.8424
794.0000 0.8442
795.0000 0.8453
796.0000 0.8466
797.0000 0.8479
798.0000 0.8490
799.0000 0.8501
800.0000 0.8514
801.0000 0.8523
802.0000 0.8532
803.0000 0.8546
804.0000 0.8555
805.0000 0.8564
806.0000 0.8572
807.0000 0.8581
808.0000 0.8588
809.0000 0.8596
810.0000 0.5936
811.0000 0.4930
812.0000 0.5468
813.0000 0.6985
814.0000 0.8952
815.0000 1.0987
816.0000 1.2828
817.0000 1.4336
818.0000 1.5443
819.0000 1.6147
820.0000 1.6479
821.0000 1.6492
822.0000 1.6250
823.0000 1.5819
824.0000 1.5261
825.0000 1.4627
826.0000 1.3962
827.0000 1.3303
828.0000 1.2669
829.0000 1.2082
830.0000 1.1551
831.0000 1.1077
832.0000 1.0664
833.0000 1.0302
834.0000 0.9990
835.0000 0.9719
836.0000 0.9483
837.0000 0.9274
838.0000 0.9091
839.0000 0.8923
840.0000 0.8768
841.0000 0.8623
842.0000 0.8487
843.0000 0.8354
844.0000 0.8226
845.0000 0.8098
846.0000 0.7974
847.0000 0.7855
848.0000 0.7735
849.0000 0.7620
850.0000 0.7506
851.0000 0.7395
852.0000 0.7287
853.0000 0.7180
854.0000 0.7080
855.0000 0.6982
856.0000 0.6887
857.0000 0.6796
858.0000 0.6705
859.0000 0.6619
860.0000 0.6537
861.0000 0.6456
862.0000 0.6376
863.0000 0.6305
864.0000 0.6230
865.0000 0.6157
866.0000 0.6088
867.0000 0.6019
868.0000 0.5955
869.0000 0.5892
870.0000 0.5831
871.0000 0.5771
872.0000 0.5710
873.0000 0.5654
874.0000 0.5599
875.0000 0.5549
876.0000 0.5495
877.0000 0.5444
878.0000 0.5397
879.0000 0.5348
880.0000 0.5303
881.0000 0.5257
882.0000 0.5215
883.0000 0.5170
884.0000 0.5131
885.0000 0.5090
886.0000 0.5051
887.0000 0.5012
888.0000 0.4977
889.0000 0.4943
890.0000 0.4906
891.0000 0.4871
892.0000 0.4837
893.0000 0.4808
894.0000 0.4774
895.0000 0.4745
896.0000 0.4715
897.0000 0.4685
898.0000 0.4659
899.0000 0.4632
900.0000 0.4604
901.0000 0.4578
902.0000 0.4554
903.0000 0.4528
904.0000 0.4502
905.0000 0.4478
906.0000 0.4458
907.0000 0.4435
908.0000 0.4413
909.0000 0.4392
910.0000 0.4373
