1.0000 0.0000
2.0000 0.0000
3.0000 0.0000
4.0000 0.0000
5.0000 0.0000
6.0000 0.0000
7.0000 0.0000
8.0000 0.0000
9.0000 0.0000
10.0000 0.6534
11.0000 0.9859
12.0000 1.1810
13.0000 1.3124
14.0000 1.4024
15.0000 1.4570
16.0000 1.4815
17.0000 1.4825
18.0000 1.4675
19.0000 1.4430
20.0000 1.4145
21.0000 1.3858
22.0000 1.3596
23.0000 1.3372
24.0000 1.3195
25.0000 1.3064
26.0000 1.2978
27.0000 1.2932
28.0000 1.2917
29.0000 1.2928
30.0000 1.2954
31.0000 1.2994
32.0000 1.3041
33.0000 1.3090
34.0000 1.3140
35.0000 1.3185
36.0000 1.3227
37.0000 1.3264
38.0000 1.3296
39.0000 1.3323
40.0000 1.3346
41.0000 1.3364
42.0000 1.3380
43.0000 1.3392
44.0000 1.3403
45.0000 1.3412
46.0000 1.3420
47.0000 1.3425
48.0000 1.3431
49.0000 1.3435
50.0000 1.3441
51.0000 1.3446
52.0000 1.3451
53.0000 1.3457
54.0000 1.3462
55.0000 1.3467
56.0000 1.3471
57.0000 1.3476
58.0000 1.3480
59.0000 1.3484
60.0000 1.3488
61.0000 1.3492
62.0000 1.3495
63.0000 1.3499
64.0000 1.3502
65.0000 1.3504
66.0000 1.3507
67.0000 1.3510
68.0000 1.3513
69.0000 1.3516
70.0000 1.3519
71.0000 1.3521
72.0000 1.3523
73.0000 1.3525
74.0000 1.3527
75.0000 1.3529
76.0000 1.3531
77.0000 1.3533
78.0000 1.3535
79.0000 1.3536
80.0000 1.3537
81.0000 1.3539
82.0000 1.3540
83.0000 1.3542
84.0000 1.3543
85.0000 1.3545
86.0000 1.3546
87.0000 1.3547
88.0000 1.3548
89.0000 1.3549
90.0000 1.3550
91.0000 1.3550
92.0000 1.3551
93.0000 1.3552
94.0000 1.3553
95.0000 1.3554
96.0000 1.3555
97.0000 1.3556
98.0000 1.3556
99.0000 1.3557
100.0000 1.3557
101.0000 1.3558
102.0000 1.3559
103.0000 1.3560
104.0000 1.3560
105.0000 1.3560
106.0000 1.3561
107.0000 1.3561
108.0000 1.3561
109.0000 1.3562
110.0000 1.7091
111.0000 1.9501
112.0000 2.1501
113.0000 2.2912
114.0000 2.3764
115.0000 2.4201
116.0000 2.4351
117.0000 2.4314
118.0000 2.4158
119.0000 2.3944
120.0000 2.3707
121.0000 2.3478
122.0000 2.3273
123.0000 2.3099
124.0000 2.2964
125.0000 2.2862
126.0000 2.2795
127.0000 2.2755
128.0000 2.2736
129.0000 2.2735
130.0000 2.2746
131.0000 2.2764
132.0000 2.2783
133.0000 2.2804
134.0000 2.2824
135.0000 2.2842
136.0000 2.2855
137.0000 2.2864
138.0000 2.2870
139.0000 2.2870
140.0000 2.2869
141.0000 2.2866
142.0000 2.2858
143.0000 2.2850
144.0000 2.2840
145.0000 2.2832
146.0000 2.2819
147.0000 2.2807
148.0000 2.2797
149.0000 2.2785
150.0000 2.2774
151.0000 2.2762
152.0000 2.2753
153.0000 2.2742
154.0000 2.2735
155.0000 2.2722
156.0000 2.2715
157.0000 2.2705
158.0000 2.2697
159.0000 2.2689
160.0000 2.2680
161.0000 2.2671
162.0000 2.2663
163.0000 2.2653
164.0000 2.2647
165.0000 2.2638
166.0000 2.2629
167.0000 2.2620
168.0000 2.2613
169.0000 2.2605
170.0000 2.2596
171.0000 2.2591
172.0000 2.2583
173.0000 2.2577
174.0000 2.2571
175.0000 2.2564
176.0000 2.2558
177.0000 2.2551
178.0000 2.2545
179.0000 2.2539
180.0000 2.2532
181.0000 2.2527
182.0000 2.2521
183.0000 2.2516
184.0000 2.2511
185.0000 2.2506
186.0000 2.2500
187.0000 2.2495
188.0000 2.2489
189.0000 2.2485
190.0000 2.2479
191.0000 2.2475
192.0000 2.2471
193.0000 2.2466
194.0000 2.2462
195.0000 2.2459
196.0000 2.2454
197.0000 2.2449
198.0000 2.2445
199.0000 2.2442
200.0000 2.2438
201.0000 2.2432
202.0000 2.2428
203.0000 2.2426
204.0000 2.2422
205.0000 2.2419
206.0000 2.2416
207.0000 2.2413
208.0000 2.2409
209.0000 2.2407
210.0000 1.5067
211.0000 0.9392
212.0000 0.5385
213.0000 0.2808
214.0000 0.1336
215.0000 0.0666
216.0000 0.0545
217.0000 0.0771
218.0000 0.1190
219.0000 0.1695
220.0000 0.2205
221.0000 0.2671
222.0000 0.3062
223.0000 0.3367
224.0000 0.3584
225.0000 0.3719
226.0000 0.3782
227.0000 0.3789
228.0000 0.3751
229.0000 0.3683
230.0000 0.3596
231.0000 0.3501
232.0000 0.3405
233.0000 0.3314
234.0000 0.3230
235.0000 0.3155
236.0000 0.3092
237.0000 0.3039
238.0000 0.2998
239.0000 0.2965
240.0000 0.2940
241.0000 0.2922
242.0000 0.2910
243.0000 0.2901
244.0000 0.2895
245.0000 0.2890
246.0000 0.2888
247.0000 0.2887
248.0000 0.2887
249.0000 0.2886
250.0000 0.2886
251.0000 0.2887
252.0000 0.2885
253.0000 0.2883
254.0000 0.2883
255.0000 0.2883
256.0000 0.2883
257.0000 0.2883
258.0000 0.2883
259.0000 0.2884
260.0000 0.2885
261.0000 0.2886
262.0000 0.2887
263.0000 0.2890
264.0000 0.2893
265.0000 0.2893
266.0000 0.2895
267.0000 0.2897
268.0000 0.2899
269.0000 0.2901
270.0000 0.2903
271.0000 0.2905
272.0000 0.2905
273.0000 0.2908
274.0000 0.2910
275.0000 0.2914
276.0000 0.2915
277.0000 0.2918
278.0000 0.2921
279.0000 0.2922
280.0000 0.2926
281.0000 0.2928
282.0000 0.2931
283.0000 0.2933
284.0000 0.2937
285.0000 0.2938
286.0000 0.2941
287.0000 0.2943
288.0000 0.2946
289.0000 0.2948
290.0000 0.2952
291.0000 0.2953
292.0000 0.2955
293.0000 0.2958
294.0000 0.2959
295.0000 0.2963
296.0000 0.2964
297.0000 0.2966
298.0000 0.2970
299.0000 0.2972
300.0000 0.2974
301.0000 0.2975
302.0000 0.2978
303.0000 0.2979
304.0000 0.2980
305.0000 0.2982
306.0000 0.2985
307.0000 0.2987
308.0000 0.2988
309.0000 0.2989
310.0000 -1.0077
311.0000 -1.6725
312.0000 -2.0623
313.0000 -2.3251
314.0000 -2.5048
315.0000 -2.6138
316.0000 -2.6626
317.0000 -2.6645
318.0000 -2.6341
319.0000 -2.5851
320.0000 -2.5278
321.0000 -2.4702
322.0000 -2.4176
323.0000 -2.3728
324.0000 -2.3370
325.0000 -2.3107
326.0000 -2.2935
327.0000 -2.2840
328.0000 -2.2810
329.0000 -2.2829
330.0000 -2.2881
331.0000 -2.2959
332.0000 -2.3050
333.0000 -2.3148
334.0000 -2.3245
335.0000 -2.3334
336.0000 -2.3417
337.0000 -2.3490
338.0000 -2.3553
339.0000 -2.3606
340.0000 -2.3650
341.0000 -2.3686
342.0000 -2.3716
343.0000 -2.3740
344.0000 -2.3760
345.0000 -2.3778
346.0000 -2.3793
347.0000 -2.3804
348.0000 -2.3813
349.0000 -2.3821
350.0000 -2.3831
351.0000 -2.3840
352.0000 -2.3848
353.0000 -2.3858
354.0000 -2.3868
355.0000 -2.3876
356.0000 -2.3884
357.0000 -2.3893
358.0000 -2.3901
359.0000 -2.3908
360.0000 -2.3916
361.0000 -2.3923
362.0000 -2.3929
363.0000 -2.3936
364.0000 -2.3941
365.0000 -2.3946
366.0000 -2.3951
367.0000 -2.3955
368.0000 -2.3960
369.0000 -2.3965
370.0000 -2.3970
371.0000 -2.3973
372.0000 -2.3976
373.0000 -2.3979
374.0000 -2.3983
375.0000 -2.3987
376.0000 -2.3991
377.0000 -2.3994
378.0000 -2.3998
379.0000 -2.4000
380.0000 -2.4003
381.0000 -2.4005
382.0000 -2.4007
383.0000 -2.4010
384.0000 -2.4013
385.0000 -2.4015
386.0000 -2.4017
387.0000 -2.4019
388.0000 -2.4021
389.0000 -2.4022
390.0000 -2.4023
391.0000 -2.4024
392.0000 -2.4026
393.0000 -2.4027
394.0000 -2.4029
395.0000 -2.4032
396.0000 -2.4033
397.0000 -2.4035
398.0000 -2.4036
399.0000 -2.4036
400.0000 -2.4037
401.0000 -2.4038
402.0000 -2.4039
403.0000 -2.4041
404.0000 -2.4041
405.0000 -2.4041
406.0000 -2.4041
407.0000 -2.4042
408.0000 -2.4042
409.0000 -2.4042
410.0000 -3.1101
411.0000 -3.5921
412.0000 -3.9920
413.0000 -4.2743
414.0000 -4.4448
415.0000 -4.5324
416.0000 -4.5624
417.0000 -4.5551
418.0000 -4.5239
419.0000 -4.4812
420.0000 -4.4340
421.0000 -4.3883
422.0000 -4.3473
423.0000 -4.3126
424.0000 -4.2857
425.0000 -4.2653
426.0000 -4.2520
427.0000 -4.2440
428.0000 -4.2404
429.0000 -4.2402
430.0000 -4.2423
431.0000 -4.2460
432.0000 -4.2499
433.0000 -4.2542
434.0000 -4.2582
435.0000 -4.2618
436.0000 -4.2645
437.0000 -4.2663
438.0000 -4.2676
439.0000 -4.2675
440.0000 -4.2675
441.0000 -4.2668
442.0000 -4.2653
443.0000 -4.2636
444.0000 -4.2618
445.0000 -4.2602
446.0000 -4.2577
447.0000 -4.2554
448.0000 -4.2534
449.0000 -4.2508
450.0000 -4.2488
451.0000 -4.2464
452.0000 -4.2447
453.0000 -4.2425
454.0000 -4.2411
455.0000 -4.2385
456.0000 -4.2371
457.0000 -4.2351
458.0000 -4.2337
459.0000 -4.2319
460.0000 -4.2303
461.0000 -4.2285
462.0000 -4.2269
463.0000 -4.2249
464.0000 -4.2237
465.0000 -4.2220
466.0000 -4.2201
467.0000 -4.2183
468.0000 -4.2170
469.0000 -4.2154
470.0000 -4.2137
471.0000 -4.2126
472.0000 -4.2111
473.0000 -4.2100
474.0000 -4.2088
475.0000 -4.2074
476.0000 -4.2062
477.0000 -4.2048
478.0000 -4.2036
479.0000 -4.2024
480.0000 -4.2011
481.0000 -4.2001
482.0000 -4.1988
483.0000 -4.1978
484.0000 -4.1969
485.0000 -4.1958
486.0000 -4.1948
487.0000 -4.1936
488.0000 -4.1926
489.0000 -4.1916
490.0000 -4.1906
491.0000 -4.1896
492.0000 -4.1890
493.0000 -4.1880
494.0000 -4.1872
495.0000 -4.1865
496.0000 -4.1856
497.0000 -4.1846
498.0000 -4.1838
499.0000 -4.1832
500.0000 -4.1823
501.0000 -4.1813
502.0000 -4.1805
503.0000 -4.1800
504.0000 -4.1793
505.0000 -4.1786
506.0000 -4.1780
507.0000 -4.1775
508.0000 -4.1767
509.0000 -4.1763
510.0000 -2.7083
511.0000 -1.5733
512.0000 -0.7719
513.0000 -0.2565
514.0000 0.0380
515.0000 0.1719
516.0000 0.1961
517.0000 0.1510
518.0000 0.0672
519.0000 -0.0338
520.0000 -0.1359
521.0000 -0.2291
522.0000 -0.3074
523.0000 -0.3683
524.0000 -0.4117
525.0000 -0.4388
526.0000 -0.4512
527.0000 -0.4526
528.0000 -0.4451
529.0000 -0.4315
530.0000 -0.4141
531.0000 -0.3952
532.0000 -0.3760
533.0000 -0.3576
534.0000 -0.3410
535.0000 -0.3259
536.0000 -0.3133
537.0000 -0.3028
538.0000 -0.2946
539.0000 -0.2880
540.0000 -0.2829
541.0000 -0.2794
542.0000 -0.2769
543.0000 -0.2751
544.0000 -0.2740
545.0000 -0.2730
546.0000 -0.2725
547.0000 -0.2724
548.0000 -0.2724
549.0000 -0.2721
550.0000 -0.2722
551.0000 -0.2723
552.0000 -0.2719
553.0000 -0.2715
554.0000 -0.2717
555.0000 -0.2715
556.0000 -0.2716
557.0000 -0.2717
558.0000 -0.2716
559.0000 -0.2718
560.0000 -0.2720
561.0000 -0.2721
562.0000 -0.2723
563.0000 -0.2730
564.0000 -0.2735
565.0000 -0.2735
566.0000 -0.2739
567.0000 -0.2743
568.0000 -0.2748
569.0000 -0.2752
570.0000 -0.2756
571.0000 -0.2760
572.0000 -0.2760
573.0000 -0.2765
574.0000 -0.2771
575.0000 -0.2777
576.0000 -0.2779
577.0000 -0.2786
578.0000 -0.2792
579.0000 -0.2795
580.0000 -0.2801
581.0000 -0.2805
582.0000 -0.2812
583.0000 -0.2816
584.0000 -0.2823
585.0000 -0.2826
586.0000 -0.2832
587.0000 -0.2836
588.0000 -0.2842
589.0000 -0.2847
590.0000 -0.2853
591.0000 -0.2857
592.0000 -0.2859
593.0000 -0.2866
594.0000 -0.2869
595.0000 -0.2875
596.0000 -0.2878
597.0000 -0.2881
598.0000 -0.2889
599.0000 -0.2893
600.0000 -0.2897
601.0000 -0.2900
602.0000 -0.2907
603.0000 -0.2909
604.0000 -0.2911
605.0000 -0.2913
606.0000 -0.2921
607.0000 -0.2924
608.0000 -0.2926
609.0000 -0.2928
610.0000 1.6669
611.0000 2.6640
612.0000 3.2487
613.0000 3.6428
614.0000 3.9122
615.0000 4.0757
616.0000 4.1487
617.0000 4.1514
618.0000 4.1058
619.0000 4.0321
620.0000 3.9461
621.0000 3.8597
622.0000 3.7806
623.0000 3.7133
624.0000 3.6597
625.0000 3.6201
626.0000 3.5942
627.0000 3.5799
628.0000 3.5752
629.0000 3.5780
630.0000 3.5857
631.0000 3.5973
632.0000 3.6110
633.0000 3.6255
634.0000 3.6400
635.0000 3.6534
636.0000 3.6657
637.0000 3.6767
638.0000 3.6860
639.0000 3.6940
640.0000 3.7004
641.0000 3.7058
642.0000 3.7103
643.0000 3.7138
644.0000 3.7168
645.0000 3.7194
646.0000 3.7216
647.0000 3.7232
648.0000 3.7246
649.0000 3.7257
650.0000 3.7271
651.0000 3.7284
652.0000 3.7296
653.0000 3.7309
654.0000 3.7323
655.0000 3.7336
656.0000 3.7347
657.0000 3.7360
658.0000 3.7372
659.0000 3.7382
660.0000 3.7394
661.0000 3.7404
662.0000 3.7413
663.0000 3.7423
664.0000 3.7431
665.0000 3.7437
666.0000 3.7444
667.0000 3.7450
668.0000 3.7457
669.0000 3.7464
670.0000 3.7472
671.0000 3.7476
672.0000 3.7480
673.0000 3.7484
674.0000 3.7489
675.0000 3.7495
676.0000 3.7501
677.0000 3.7506
678.0000 3.7511
679.0000 3.7515
680.0000 3.7518
681.0000 3.7521
682.0000 3.7524
683.0000 3.7529
684.0000 3.7533
685.0000 3.7536
686.0000 3.7539
687.0000 3.7541
688.0000 3.7544
689.0000 3.7546
690.0000 3.7547
691.0000 3.7549
692.0000 3.7551
693.0000 3.7553
694.0000 3.7556
695.0000 3.7559
696.0000 3.7562
697.0000 3.7564
698.0000 3.7565
699.0000 3.7566
700.0000 3.7566
701.0000 3.7568
702.0000 3.7570
703.0000 3.7572
704.0000 3.7572
705.0000 3.7572
706.0000 3.7572
707.0000 3.7573
708.0000 3.7573
709.0000 3.7572
710.0000 4.8160
711.0000 5.5390
712.0000 6.1390
713.0000 6.5623
714.0000 6.8182
715.0000 6.9496
716.0000 6.9947
717.0000 6.9837
718.0000 6.9371
719.0000 6.8731
720.0000 6.8024
721.0000 6.7338
722.0000 6.6723
723.0000 6.6204
724.0000 6.5799
725.0000 6.5494
726.0000 6.5295
727.0000 6.5176
728.0000 6.5121
729.0000 6.5119
730.0000 6.5151
731.0000 6.5207
732.0000 6.5264
733.0000 6.5329
734.0000 6.5390
735.0000 6.5444
736.0000 6.5485
737.0000 6.5513
738.0000 6.5532
739.0000 6.5531
740.0000 6.5531
741.0000 6.5521
742.0000 6.5498
743.0000 6.5474
744.0000 6.5446
745.0000 6.5423
746.0000 6.5385
747.0000 6.5350
748.0000 6.5321
749.0000 6.5283
750.0000 6.5251
751.0000 6.5216
752.0000 6.5191
753.0000 6.5158
754.0000 6.5136
755.0000 6.5099
756.0000 6.5077
757.0000 6.5047
758.0000 6.5026
759.0000 6.5000
760.0000 6.4976
761.0000 6.4949
762.0000 6.4925
763.0000 6.4895
764.0000 6.4877
765.0000 6.4851
766.0000 6.4824
767.0000 6.4797
768.0000 6.4777
769.0000 6.4753
770.0000 6.4728
771.0000 6.4711
772.0000 6.4689
773.0000 6.4672
774.0000 6.4654
775.0000 6.4634
776.0000 6.4616
777.0000 6.4595
778.0000 6.4577
779.0000 6.4559
780.0000 6.4540
781.0000 6.4524
782.0000 6.4505
783.0000 6.4490
784.0000 6.4477
785.0000 6.4460
786.0000 6.4445
787.0000 6.4428
788.0000 6.4412
789.0000 6.4398
790.0000 6.4382
791.0000 6.4368
792.0000 6.4359
793.0000 6.4344
794.0000 6.4332
795.0000 6.4321
796.0000 6.4307
797.0000 6.4293
798.0000 6.4281
799.0000 6.4272
800.0000 6.4259
801.0000 6.4243
802.0000 6.4231
803.0000 6.4224
804.0000 6.4214
805.0000 6.4203
806.0000 6.4194
807.0000 6.4186
808.0000 6.4175
809.0000 6.4169
810.0000 4.2149
811.0000 2.5124
812.0000 1.3104
813.0000 0.5372
814.0000 0.0955
815.0000 -0.1054
816.0000 -0.1417
817.0000 -0.0740
818.0000 0.0517
819.0000 0.2032
820.0000 0.3564
821.0000 0.4961
822.0000 0.6135
823.0000 0.7049
824.0000 0.7701
825.0000 0.8107
826.0000 0.8293
827.0000 0.8314
828.0000 0.8201
829.0000 0.7997
830.0000 0.7736
831.0000 0.7452
832.0000 0.7164
833.0000 0.6889
834.0000 0.6640
835.0000 0.6413
836.0000 0.6225
837.0000 0.6067
838.0000 0.5944
839.0000 0.5845
840.0000 0.5768
841.0000 0.5716
842.0000 0.5679
843.0000 0.5652
844.0000 0.5634
845.0000 0.5619
846.0000 0.5613
847.0000 0.5611
848.0000 0.5610
849.0000 0.5607
850.0000 0.5608
851.0000 0.5609
852.0000 0.5604
853.0000 0.5598
854.0000 0.5600
855.0000 0.5598
856.0000 0.5600
857.0000 0.5600
858.0000 0.5600
859.0000 0.5602
860.0000 0.5605
861.0000 0.5607
862.0000 0.5610
863.0000 0.5621
864.0000 0.5628
865.0000 0.5627
866.0000 0.5633
867.0000 0.5640
868.0000 0.5647
869.0000 0.5653
870.0000 0.5659
871.0000 0.5665
872.0000 0.5665
873.0000 0.5672
874.0000 0.5681
875.0000 0.5691
876.0000 0.5694
877.0000 0.5703
878.0000 0.5713
879.0000 0.5717
880.0000 0.5727
881.0000 0.5733
882.0000 0.5743
883.0000 0.5749
884.0000 0.5759
885.0000 0.5763
886.0000 0.5773
887.0000 0.5779
888.0000 0.5789
889.0000 0.5795
890.0000 0.5805
891.0000 0.5810
892.0000 0.5813
893.0000 0.5824
894.0000 0.5828
895.0000 0.5838
896.0000 0.5842
897.0000 0.5847
898.0000 0.5858
899.0000 0.5865
900.0000 0.5871
901.0000 0.5875
902.0000 0.5885
903.0000 0.5888
904.0000 0.5891
905.0000 0.5895
906.0000 0.5906
907.0000 0.5911
908.0000 0.5914
909.0000 0.5918
910.0000 0.5927
