1.0000 0.0000
2.0000 0.0000
3.0000 0.0000
4.0000 0.0000
5.0000 0.0000
6.0000 0.0000
7.0000 0.0000
8.0000 0.0000
9.0000 0.0000
10.0000 0.7201
11.0000 0.6851
12.0000 0.4566
13.0000 0.2527
14.0000 0.1162
15.0000 0.0320
16.0000 -0.0208
17.0000 -0.0557
18.0000 -0.0791
19.0000 -0.0942
20.0000 -0.1032
21.0000 -0.1076
22.0000 -0.1089
23.0000 -0.1084
24.0000 -0.1073
25.0000 -0.1062
26.0000 -0.1055
27.0000 -0.1055
28.0000 -0.1064
29.0000 -0.1083
30.0000 -0.1110
31.0000 -0.1142
32.0000 -0.1179
33.0000 -0.1220
34.0000 -0.1263
35.0000 -0.1307
36.0000 -0.1350
37.0000 -0.1393
38.0000 -0.1434
39.0000 -0.1474
40.0000 -0.1512
41.0000 -0.1547
42.0000 -0.1580
43.0000 -0.1612
44.0000 -0.1642
45.0000 -0.1671
46.0000 -0.1698
47.0000 -0.1723
48.0000 -0.1748
49.0000 -0.1772
50.0000 -0.1796
51.0000 -0.1819
52.0000 -0.1841
53.0000 -0.1863
54.0000 -0.1885
55.0000 -0.1906
56.0000 -0.1926
57.0000 -0.1946
58.0000 -0.1965
59.0000 -0.1985
60.0000 -0.2003
61.0000 -0.2022
62.0000 -0.2040
63.0000 -0.2058
64.0000 -0.2074
65.0000 -0.2091
66.0000 -0.2108
67.0000 -0.2124
68.0000 -0.2141
69.0000 -0.2156
70.0000 -0.2171
71.0000 -0.2186
72.0000 -0.2200
73.0000 -0.2214
74.0000 -0.2229
75.0000 -0.2242
76.0000 -0.2256
77.0000 -0.2269
78.0000 -0.2282
79.0000 -0.2294
80.0000 -0.2306
81.0000 -0.2318
82.0000 -0.2330
83.0000 -0.2341
84.0000 -0.2353
85.0000 -0.2364
86.0000 -0.2374
87.0000 -0.2385
88.0000 -0.2395
89.0000 -0.2405
90.0000 -0.2415
91.0000 -0.2424
92.0000 -0.2434
93.0000 -0.2443
94.0000 -0.2452
95.0000 -0.2461
96.0000 -0.2469
97.0000 -0.2478
98.0000 -0.2486
99.0000 -0.2494
100.0000 -0.2501
101.0000 -0.2509
102.0000 -0.2516
103.0000 -0.2524
104.0000 -0.2531
105.0000 -0.2538
106.0000 -0.2544
107.0000 -0.2551
108.0000 -0.2557
109.0000 -0.2564
110.0000 -0.4769
111.0000 -0.7007
112.0000 -0.7888
113.0000 -0.8458
114.0000 -0.9039
115.0000 -0.9593
116.0000 -1.0069
117.0000 -1.0439
118.0000 -1.0722
119.0000 -1.0929
120.0000 -1.1083
121.0000 -1.1200
122.0000 -1.1296
123.0000 -1.1375
124.0000 -1.1448
125.0000 -1.1524
126.0000 -1.1597
127.0000 -1.1675
128.0000 -1.1758
129.0000 -1.1843
130.0000 -1.1931
131.0000 -1.2022
132.0000 -1.2113
133.0000 -1.2203
134.0000 -1.2291
135.0000 -1.2378
136.0000 -1.2464
137.0000 -1.2545
138.0000 -1.2623
139.0000 -1.2698
140.0000 -1.2767
141.0000 -1.2838
142.0000 -1.2903
143.0000 -1.2963
144.0000 -1.3025
145.0000 -1.3082
146.0000 -1.3135
147.0000 -1.3189
148.0000 -1.3240
149.0000 -1.3290
150.0000 -1.3336
151.0000 -1.3383
152.0000 -1.3428
153.0000 -1.3472
154.0000 -1.3513
155.0000 -1.3557
156.0000 -1.3596
157.0000 -1.3636
158.0000 -1.3672
159.0000 -1.3711
160.0000 -1.3747
161.0000 -1.3781
162.0000 -1.3816
163.0000 -1.3852
164.0000 -1.3882
165.0000 -1.3912
166.0000 -1.3943
167.0000 -1.3973
168.0000 -1.4001
169.0000 -1.4032
170.0000 -1.4059
171.0000 -1.4083
172.0000 -1.4110
173.0000 -1.4135
174.0000 -1.4161
175.0000 -1.4186
176.0000 -1.4209
177.0000 -1.4231
178.0000 -1.4252
179.0000 -1.4274
180.0000 -1.4297
181.0000 -1.4316
182.0000 -1.4337
183.0000 -1.4357
184.0000 -1.4374
185.0000 -1.4392
186.0000 -1.4412
187.0000 -1.4429
188.0000 -1.4444
189.0000 -1.4462
190.0000 -1.4477
191.0000 -1.4495
192.0000 -1.4510
193.0000 -1.4523
194.0000 -1.4539
195.0000 -1.4553
196.0000 -1.4565
197.0000 -1.4580
198.0000 -1.4593
199.0000 -1.4604
200.0000 -1.4617
201.0000 -1.4628
202.0000 -1.4640
203.0000 -1.4650
204.0000 -1.4663
205.0000 -1.4673
206.0000 -1.4683
207.0000 -1.4693
208.0000 -1.4703
209.0000 -1.4711
210.0000 -1.0549
211.0000 -0.8359
212.0000 -0.6870
213.0000 -0.5638
214.0000 -0.4588
215.0000 -0.3738
216.0000 -0.3100
217.0000 -0.2659
218.0000 -0.2382
219.0000 -0.2219
220.0000 -0.2140
221.0000 -0.2109
222.0000 -0.2103
223.0000 -0.2101
224.0000 -0.2094
225.0000 -0.2073
226.0000 -0.2038
227.0000 -0.1981
228.0000 -0.1909
229.0000 -0.1824
230.0000 -0.1727
231.0000 -0.1621
232.0000 -0.1510
233.0000 -0.1397
234.0000 -0.1283
235.0000 -0.1175
236.0000 -0.1067
237.0000 -0.0965
238.0000 -0.0866
239.0000 -0.0773
240.0000 -0.0686
241.0000 -0.0600
242.0000 -0.0522
243.0000 -0.0447
244.0000 -0.0376
245.0000 -0.0309
246.0000 -0.0243
247.0000 -0.0180
248.0000 -0.0118
249.0000 -0.0061
250.0000 -0.0002
251.0000 0.0055
252.0000 0.0107
253.0000 0.0159
254.0000 0.0212
255.0000 0.0263
256.0000 0.0314
257.0000 0.0361
258.0000 0.0407
259.0000 0.0453
260.0000 0.0497
261.0000 0.0540
262.0000 0.0583
263.0000 0.0627
264.0000 0.0668
265.0000 0.0704
266.0000 0.0742
267.0000 0.0781
268.0000 0.0819
269.0000 0.0855
270.0000 0.0890
271.0000 0.0925
272.0000 0.0955
273.0000 0.0989
274.0000 0.1022
275.0000 0.1054
276.0000 0.1082
277.0000 0.1112
278.0000 0.1142
279.0000 0.1169
280.0000 0.1197
281.0000 0.1222
282.0000 0.1249
283.0000 0.1274
284.0000 0.1300
285.0000 0.1323
286.0000 0.1348
287.0000 0.1369
288.0000 0.1393
289.0000 0.1414
290.0000 0.1437
291.0000 0.1456
292.0000 0.1476
293.0000 0.1497
294.0000 0.1516
295.0000 0.1536
296.0000 0.1553
297.0000 0.1570
298.0000 0.1590
299.0000 0.1606
300.0000 0.1621
301.0000 0.1637
302.0000 0.1655
303.0000 0.1670
304.0000 0.1684
305.0000 0.1698
306.0000 0.1715
307.0000 0.1728
308.0000 0.1741
309.0000 0.1753
310.0000 -1.2632
311.0000 -1.1922
312.0000 -0.7339
313.0000 -0.3250
314.0000 -0.0508
315.0000 0.1187
316.0000 0.2254
317.0000 0.2962
318.0000 0.3441
319.0000 0.3754
320.0000 0.3942
321.0000 0.4039
322.0000 0.4075
323.0000 0.4075
324.0000 0.4060
325.0000 0.4047
326.0000 0.4041
327.0000 0.4049
328.0000 0.4077
329.0000 0.4122
330.0000 0.4183
331.0000 0.4253
332.0000 0.4334
333.0000 0.4424
334.0000 0.4517
335.0000 0.4611
336.0000 0.4703
337.0000 0.4795
338.0000 0.4884
339.0000 0.4970
340.0000 0.5051
341.0000 0.5127
342.0000 0.5198
343.0000 0.5268
344.0000 0.5334
345.0000 0.5396
346.0000 0.5455
347.0000 0.5512
348.0000 0.5566
349.0000 0.5619
350.0000 0.5670
351.0000 0.5720
352.0000 0.5768
353.0000 0.5816
354.0000 0.5863
355.0000 0.5909
356.0000 0.5952
357.0000 0.5996
358.0000 0.6039
359.0000 0.6081
360.0000 0.6122
361.0000 0.6163
362.0000 0.6203
363.0000 0.6241
364.0000 0.6278
365.0000 0.6314
366.0000 0.6350
367.0000 0.6385
368.0000 0.6421
369.0000 0.6454
370.0000 0.6487
371.0000 0.6519
372.0000 0.6550
373.0000 0.6580
374.0000 0.6610
375.0000 0.6640
376.0000 0.6669
377.0000 0.6697
378.0000 0.6725
379.0000 0.6752
380.0000 0.6779
381.0000 0.6804
382.0000 0.6830
383.0000 0.6855
384.0000 0.6879
385.0000 0.6903
386.0000 0.6926
387.0000 0.6948
388.0000 0.6971
389.0000 0.6992
390.0000 0.7013
391.0000 0.7034
392.0000 0.7054
393.0000 0.7073
394.0000 0.7093
395.0000 0.7112
396.0000 0.7130
397.0000 0.7149
398.0000 0.7166
399.0000 0.7183
400.0000 0.7199
401.0000 0.7215
402.0000 0.7231
403.0000 0.7248
404.0000 0.7263
405.0000 0.7277
406.0000 0.7291
407.0000 0.7305
408.0000 0.7318
409.0000 0.7331
410.0000 1.1742
411.0000 1.6219
412.0000 1.7981
413.0000 1.9122
414.0000 2.0285
415.0000 2.1394
416.0000 2.2346
417.0000 2.3089
418.0000 2.3655
419.0000 2.4070
420.0000 2.4380
421.0000 2.4614
422.0000 2.4808
423.0000 2.4967
424.0000 2.5114
425.0000 2.5268
426.0000 2.5414
427.0000 2.5571
428.0000 2.5738
429.0000 2.5908
430.0000 2.6086
431.0000 2.6267
432.0000 2.6451
433.0000 2.6631
434.0000 2.6809
435.0000 2.6982
436.0000 2.7155
437.0000 2.7318
438.0000 2.7474
439.0000 2.7624
440.0000 2.7764
441.0000 2.7906
442.0000 2.8038
443.0000 2.8157
444.0000 2.8283
445.0000 2.8396
446.0000 2.8504
447.0000 2.8612
448.0000 2.8715
449.0000 2.8815
450.0000 2.8908
451.0000 2.9002
452.0000 2.9094
453.0000 2.9182
454.0000 2.9264
455.0000 2.9351
456.0000 2.9431
457.0000 2.9511
458.0000 2.9584
459.0000 2.9662
460.0000 2.9735
461.0000 2.9803
462.0000 2.9874
463.0000 2.9946
464.0000 3.0005
465.0000 3.0067
466.0000 3.0130
467.0000 3.0189
468.0000 3.0245
469.0000 3.0308
470.0000 3.0362
471.0000 3.0410
472.0000 3.0464
473.0000 3.0515
474.0000 3.0567
475.0000 3.0617
476.0000 3.0664
477.0000 3.0709
478.0000 3.0750
479.0000 3.0794
480.0000 3.0841
481.0000 3.0880
482.0000 3.0923
483.0000 3.0962
484.0000 3.0996
485.0000 3.1032
486.0000 3.1074
487.0000 3.1108
488.0000 3.1138
489.0000 3.1173
490.0000 3.1203
491.0000 3.1240
492.0000 3.1270
493.0000 3.1297
494.0000 3.1328
495.0000 3.1357
496.0000 3.1380
497.0000 3.1410
498.0000 3.1437
499.0000 3.1460
500.0000 3.1487
501.0000 3.1509
502.0000 3.1531
503.0000 3.1553
504.0000 3.1578
505.0000 3.1600
506.0000 3.1619
507.0000 3.1639
508.0000 3.1660
509.0000 3.1675
510.0000 2.3351
511.0000 1.8972
512.0000 1.5994
513.0000 1.3529
514.0000 1.1430
515.0000 0.9730
516.0000 0.8455
517.0000 0.7572
518.0000 0.7018
519.0000 0.6693
520.0000 0.6534
521.0000 0.6473
522.0000 0.6460
523.0000 0.6458
524.0000 0.6443
525.0000 0.6401
526.0000 0.6332
527.0000 0.6218
528.0000 0.6074
529.0000 0.5903
530.0000 0.5710
531.0000 0.5497
532.0000 0.5277
533.0000 0.5049
534.0000 0.4822
535.0000 0.4606
536.0000 0.4390
537.0000 0.4186
538.0000 0.3987
539.0000 0.3802
540.0000 0.3628
541.0000 0.3457
542.0000 0.3300
543.0000 0.3151
544.0000 0.3008
545.0000 0.2875
546.0000 0.2744
547.0000 0.2616
548.0000 0.2493
549.0000 0.2380
550.0000 0.2262
551.0000 0.2147
552.0000 0.2042
553.0000 0.1940
554.0000 0.1833
555.0000 0.1731
556.0000 0.1630
557.0000 0.1535
558.0000 0.1443
559.0000 0.1351
560.0000 0.1263
561.0000 0.1177
562.0000 0.1091
563.0000 0.1003
564.0000 0.0922
565.0000 0.0850
566.0000 0.0773
567.0000 0.0696
568.0000 0.0620
569.0000 0.0548
570.0000 0.0478
571.0000 0.0409
572.0000 0.0347
573.0000 0.0280
574.0000 0.0214
575.0000 0.0151
576.0000 0.0095
577.0000 0.0034
578.0000 -0.0027
579.0000 -0.0079
580.0000 -0.0136
581.0000 -0.0186
582.0000 -0.0241
583.0000 -0.0290
584.0000 -0.0343
585.0000 -0.0388
586.0000 -0.0438
587.0000 -0.0481
588.0000 -0.0529
589.0000 -0.0569
590.0000 -0.0615
591.0000 -0.0654
592.0000 -0.0693
593.0000 -0.0736
594.0000 -0.0773
595.0000 -0.0814
596.0000 -0.0848
597.0000 -0.0882
598.0000 -0.0921
599.0000 -0.0953
600.0000 -0.0984
601.0000 -0.1015
602.0000 -0.1052
603.0000 -0.1082
604.0000 -0.1110
605.0000 -0.1138
606.0000 -0.1171
607.0000 -0.1198
608.0000 -0.1223
609.0000 -0.1248
610.0000 2.0322
611.0000 1.9251
612.0000 1.2372
613.0000 0.6232
614.0000 0.2113
615.0000 -0.0435
616.0000 -0.2042
617.0000 -0.3109
618.0000 -0.3832
619.0000 -0.4306
620.0000 -0.4593
621.0000 -0.4744
622.0000 -0.4802
623.0000 -0.4806
624.0000 -0.4789
625.0000 -0.4773
626.0000 -0.4769
627.0000 -0.4785
628.0000 -0.4830
629.0000 -0.4902
630.0000 -0.4996
631.0000 -0.5106
632.0000 -0.5231
633.0000 -0.5369
634.0000 -0.5511
635.0000 -0.5655
636.0000 -0.5798
637.0000 -0.5939
638.0000 -0.6076
639.0000 -0.6207
640.0000 -0.6331
641.0000 -0.6448
642.0000 -0.6558
643.0000 -0.6665
644.0000 -0.6767
645.0000 -0.6862
646.0000 -0.6954
647.0000 -0.7041
648.0000 -0.7125
649.0000 -0.7206
650.0000 -0.7285
651.0000 -0.7363
652.0000 -0.7437
653.0000 -0.7510
654.0000 -0.7583
655.0000 -0.7653
656.0000 -0.7720
657.0000 -0.7788
658.0000 -0.7854
659.0000 -0.7919
660.0000 -0.7982
661.0000 -0.8044
662.0000 -0.8107
663.0000 -0.8165
664.0000 -0.8222
665.0000 -0.8278
666.0000 -0.8333
667.0000 -0.8387
668.0000 -0.8441
669.0000 -0.8493
670.0000 -0.8544
671.0000 -0.8592
672.0000 -0.8640
673.0000 -0.8686
674.0000 -0.8733
675.0000 -0.8779
676.0000 -0.8824
677.0000 -0.8867
678.0000 -0.8910
679.0000 -0.8952
680.0000 -0.8993
681.0000 -0.9032
682.0000 -0.9071
683.0000 -0.9109
684.0000 -0.9147
685.0000 -0.9184
686.0000 -0.9219
687.0000 -0.9253
688.0000 -0.9287
689.0000 -0.9321
690.0000 -0.9353
691.0000 -0.9384
692.0000 -0.9414
693.0000 -0.9445
694.0000 -0.9475
695.0000 -0.9504
696.0000 -0.9533
697.0000 -0.9561
698.0000 -0.9588
699.0000 -0.9614
700.0000 -0.9639
701.0000 -0.9663
702.0000 -0.9688
703.0000 -0.9712
704.0000 -0.9735
705.0000 -0.9757
706.0000 -0.9778
707.0000 -0.9800
708.0000 -0.9819
709.0000 -0.9839
710.0000 -1.6456
711.0000 -2.3172
712.0000 -2.5815
713.0000 -2.7527
714.0000 -2.9272
715.0000 -3.0935
716.0000 -3.2365
717.0000 -3.3479
718.0000 -3.4329
719.0000 -3.4952
720.0000 -3.5418
721.0000 -3.5769
722.0000 -3.6060
723.0000 -3.6300
724.0000 -3.6520
725.0000 -3.6752
726.0000 -3.6972
727.0000 -3.7208
728.0000 -3.7459
729.0000 -3.7714
730.0000 -3.7981
731.0000 -3.8253
732.0000 -3.8530
733.0000 -3.8800
734.0000 -3.9067
735.0000 -3.9328
736.0000 -3.9587
737.0000 -3.9833
738.0000 -4.0066
739.0000 -4.0292
740.0000 -4.0502
741.0000 -4.0716
742.0000 -4.0914
743.0000 -4.1092
744.0000 -4.1281
745.0000 -4.1452
746.0000 -4.1614
747.0000 -4.1776
748.0000 -4.1931
749.0000 -4.2081
750.0000 -4.2221
751.0000 -4.2363
752.0000 -4.2500
753.0000 -4.2633
754.0000 -4.2756
755.0000 -4.2887
756.0000 -4.3007
757.0000 -4.3127
758.0000 -4.3237
759.0000 -4.3353
760.0000 -4.3464
761.0000 -4.3566
762.0000 -4.3673
763.0000 -4.3780
764.0000 -4.3870
765.0000 -4.3962
766.0000 -4.4057
767.0000 -4.4147
768.0000 -4.4230
769.0000 -4.4326
770.0000 -4.4406
771.0000 -4.4478
772.0000 -4.4560
773.0000 -4.4636
774.0000 -4.4714
775.0000 -4.4790
776.0000 -4.4860
777.0000 -4.4928
778.0000 -4.4990
779.0000 -4.5056
780.0000 -4.5126
781.0000 -4.5186
782.0000 -4.5249
783.0000 -4.5308
784.0000 -4.5359
785.0000 -4.5414
786.0000 -4.5476
787.0000 -4.5528
788.0000 -4.5572
789.0000 -4.5626
790.0000 -4.5671
791.0000 -4.5725
792.0000 -4.5770
793.0000 -4.5812
794.0000 -4.5858
795.0000 -4.5903
796.0000 -4.5937
797.0000 -4.5982
798.0000 -4.6022
799.0000 -4.6057
800.0000 -4.6097
801.0000 -4.6130
802.0000 -4.6164
803.0000 -4.6196
804.0000 -4.6234
805.0000 -4.6267
806.0000 -4.6296
807.0000 -4.6325
808.0000 -4.6357
809.0000 -4.6380
810.0000 -3.3895
811.0000 -2.7326
812.0000 -2.2859
813.0000 -1.9162
814.0000 -1.6012
815.0000 -1.3463
816.0000 -1.1550
817.0000 -1.0227
818.0000 -0.9395
819.0000 -0.8908
820.0000 -0.8669
821.0000 -0.8578
822.0000 -0.8558
823.0000 -0.8555
824.0000 -0.8533
825.0000 -0.8470
826.0000 -0.8367
827.0000 -0.8196
828.0000 -0.7980
829.0000 -0.7723
830.0000 -0.7433
831.0000 -0.7115
832.0000 -0.6784
833.0000 -0.6442
834.0000 -0.6102
835.0000 -0.5777
836.0000 -0.5455
837.0000 -0.5149
838.0000 -0.4850
839.0000 -0.4572
840.0000 -0.4310
841.0000 -0.4055
842.0000 -0.3819
843.0000 -0.3595
844.0000 -0.3381
845.0000 -0.3182
846.0000 -0.2985
847.0000 -0.2793
848.0000 -0.2609
849.0000 -0.2439
850.0000 -0.2262
851.0000 -0.2089
852.0000 -0.1933
853.0000 -0.1779
854.0000 -0.1618
855.0000 -0.1467
856.0000 -0.1314
857.0000 -0.1172
858.0000 -0.1034
859.0000 -0.0897
860.0000 -0.0764
861.0000 -0.0634
862.0000 -0.0506
863.0000 -0.0374
864.0000 -0.0253
865.0000 -0.0145
866.0000 -0.0029
867.0000 0.0087
868.0000 0.0200
869.0000 0.0308
870.0000 0.0413
871.0000 0.0517
872.0000 0.0610
873.0000 0.0710
874.0000 0.0809
875.0000 0.0904
876.0000 0.0988
877.0000 0.1079
878.0000 0.1170
879.0000 0.1249
880.0000 0.1335
881.0000 0.1409
882.0000 0.1491
883.0000 0.1566
884.0000 0.1644
885.0000 0.1712
886.0000 0.1787
887.0000 0.1851
888.0000 0.1923
889.0000 0.1984
890.0000 0.2053
891.0000 0.2112
892.0000 0.2169
893.0000 0.2234
894.0000 0.2289
895.0000 0.2351
896.0000 0.2402
897.0000 0.2453
898.0000 0.2512
899.0000 0.2560
900.0000 0.2606
901.0000 0.2652
902.0000 0.2708
903.0000 0.2752
904.0000 0.2795
905.0000 0.2837
906.0000 0.2887
907.0000 0.2926
908.0000 0.2964
909.0000 0.3002
910.0000 0.3049
