1.0000 0.0000
2.0000 0.0000
3.0000 0.0000
4.0000 0.0000
5.0000 0.0000
6.0000 0.0000
7.0000 0.0000
8.0000 0.0000
9.0000 0.0000
10.0000 0.0000
11.0000 0.0000
12.0000 0.0000
13.0000 0.0000
14.0000 0.0000
15.0000 0.0000
16.0000 0.0000
17.0000 0.0000
18.0000 0.0000
19.0000 0.0000
20.0000 0.0000
21.0000 0.0000
22.0000 0.0000
23.0000 0.0000
24.0000 0.0000
25.0000 0.0000
26.0000 0.0000
27.0000 0.0000
28.0000 0.0000
29.0000 0.0000
30.0000 0.0000
31.0000 0.0000
32.0000 0.0000
33.0000 0.0000
34.0000 0.0000
35.0000 0.0000
36.0000 0.0000
37.0000 0.0000
38.0000 0.0000
39.0000 0.0000
40.0000 0.0000
41.0000 0.0000
42.0000 0.0000
43.0000 0.0000
44.0000 0.0000
45.0000 0.0000
46.0000 0.0000
47.0000 0.0000
48.0000 0.0000
49.0000 0.0000
50.0000 0.0000
51.0000 0.0000
52.0000 0.0000
53.0000 0.0000
54.0000 0.0000
55.0000 0.0000
56.0000 0.0000
57.0000 0.0000
58.0000 0.0000
59.0000 0.0000
60.0000 0.0000
61.0000 0.0000
62.0000 0.0000
63.0000 0.0000
64.0000 0.0000
65.0000 0.0000
66.0000 0.0000
67.0000 0.0000
68.0000 0.0000
69.0000 0.0000
70.0000 0.0000
71.0000 0.0000
72.0000 0.0000
73.0000 0.0000
74.0000 0.0000
75.0000 0.0000
76.0000 0.0000
77.0000 0.0000
78.0000 0.0000
79.0000 0.0000
80.0000 0.0000
81.0000 0.0000
82.0000 0.0000
83.0000 0.0000
84.0000 0.0000
85.0000 0.0000
86.0000 0.0000
87.0000 0.0000
88.0000 0.0000
89.0000 0.0000
90.0000 0.0000
91.0000 0.0000
92.0000 0.0000
93.0000 0.0000
94.0000 0.0000
95.0000 0.0000
96.0000 0.0000
97.0000 0.0000
98.0000 0.0000
99.0000 0.0000
100.0000 0.0000
101.0000 0.0000
102.0000 0.0000
103.0000 0.0000
104.0000 0.0000
105.0000 0.0000
106.0000 0.0000
107.0000 0.0000
108.0000 0.0000
109.0000 0.0000
110.0000 0.0000
111.0000 0.0000
112.0000 0.0000
113.0000 0.0000
114.0000 0.0000
115.0000 0.0000
116.0000 0.0000
117.0000 0.0000
118.0000 0.0000
119.0000 0.0000
120.0000 0.0000
121.0000 0.0000
122.0000 0.0000
123.0000 0.0000
124.0000 0.0000
125.0000 0.0000
126.0000 0.0000
127.0000 0.0000
128.0000 0.0000
129.0000 0.0000
130.0000 0.0000
131.0000 0.0000
132.0000 0.0000
133.0000 0.0000
134.0000 0.0000
135.0000 0.0000
136.0000 0.0000
137.0000 0.0000
138.0000 0.0000
139.0000 0.0000
140.0000 0.0000
141.0000 0.0000
142.0000 0.0000
143.0000 0.0000
144.0000 0.0000
145.0000 0.0000
146.0000 0.0000
147.0000 0.0000
148.0000 0.0000
149.0000 0.0000
150.0000 0.0000
151.0000 0.0000
152.0000 0.0000
153.0000 0.0000
154.0000 0.0000
155.0000 0.0000
156.0000 0.0000
157.0000 0.0000
158.0000 0.0000
159.0000 0.0000
160.0000 0.0000
161.0000 0.0000
162.0000 0.0000
163.0000 0.0000
164.0000 0.0000
165.0000 0.0000
166.0000 0.0000
167.0000 0.0000
168.0000 0.0000
169.0000 0.0000
170.0000 0.0000
171.0000 0.0000
172.0000 0.0000
173.0000 0.0000
174.0000 0.0000
175.0000 0.0000
176.0000 0.0000
177.0000 0.0000
178.0000 0.0000
179.0000 0.0000
180.0000 0.0000
181.0000 0.0000
182.0000 0.0000
183.0000 0.0000
184.0000 0.0000
185.0000 0.0000
186.0000 0.0000
187.0000 0.0000
188.0000 0.0000
189.0000 0.0000
190.0000 0.0000
191.0000 0.0000
192.0000 0.0000
193.0000 0.0000
194.0000 0.0000
195.0000 0.0000
196.0000 0.0000
197.0000 0.0000
198.0000 0.0000
199.0000 0.0000
200.0000 0.0000
201.0000 0.0000
202.0000 0.0000
203.0000 0.0000
204.0000 0.0000
205.0000 0.0000
206.0000 0.0000
207.0000 0.0000
208.0000 0.0000
209.0000 0.0000
210.0000 9.6234
211.0000 2.0159
212.0000 -0.0272
213.0000 -0.0372
214.0000 0.3449
215.0000 0.6198
216.0000 0.7433
217.0000 0.7792
218.0000 0.7813
219.0000 0.7759
220.0000 0.7717
221.0000 0.7697
222.0000 0.7691
223.0000 0.7691
224.0000 0.7691
225.0000 0.7692
226.0000 0.7692
227.0000 0.7692
228.0000 0.7692
229.0000 0.7692
230.0000 0.7692
231.0000 0.7692
232.0000 0.7692
233.0000 0.7692
234.0000 0.7692
235.0000 0.7692
236.0000 0.7692
237.0000 0.7692
238.0000 0.7692
239.0000 0.7692
240.0000 0.7692
241.0000 0.7692
242.0000 0.7692
243.0000 0.7692
244.0000 0.7692
245.0000 0.7692
246.0000 0.7692
247.0000 0.7692
248.0000 0.7692
249.0000 0.7692
250.0000 0.7692
251.0000 0.7692
252.0000 0.7692
253.0000 0.7692
254.0000 0.7692
255.0000 0.7692
256.0000 0.7692
257.0000 0.7692
258.0000 0.7692
259.0000 0.7692
260.0000 0.7692
261.0000 0.7692
262.0000 0.7692
263.0000 0.7692
264.0000 0.7692
265.0000 0.7692
266.0000 0.7692
267.0000 0.7692
268.0000 0.7692
269.0000 0.7692
270.0000 0.7692
271.0000 0.7692
272.0000 0.7692
273.0000 0.7692
274.0000 0.7692
275.0000 0.7692
276.0000 0.7692
277.0000 0.7692
278.0000 0.7692
279.0000 0.7692
280.0000 0.7692
281.0000 0.7692
282.0000 0.7692
283.0000 0.7692
284.0000 0.7692
285.0000 0.7692
286.0000 0.7692
287.0000 0.7692
288.0000 0.7692
289.0000 0.7692
290.0000 0.7692
291.0000 0.7692
292.0000 0.7692
293.0000 0.7692
294.0000 0.7692
295.0000 0.7692
296.0000 0.7692
297.0000 0.7692
298.0000 0.7692
299.0000 0.7692
300.0000 0.7692
301.0000 0.7692
302.0000 0.7692
303.0000 0.7692
304.0000 0.7692
305.0000 0.7692
306.0000 0.7692
307.0000 0.7692
308.0000 0.7692
309.0000 0.7692
310.0000 0.7692
311.0000 0.7692
312.0000 0.7692
313.0000 0.7692
314.0000 0.7692
315.0000 0.7692
316.0000 0.7692
317.0000 0.7692
318.0000 0.7692
319.0000 0.7692
320.0000 0.7692
321.0000 0.7692
322.0000 0.7692
323.0000 0.7692
324.0000 0.7692
325.0000 0.7692
326.0000 0.7692
327.0000 0.7692
328.0000 0.7692
329.0000 0.7692
330.0000 0.7692
331.0000 0.7692
332.0000 0.7692
333.0000 0.7692
334.0000 0.7692
335.0000 0.7692
336.0000 0.7692
337.0000 0.7692
338.0000 0.7692
339.0000 0.7692
340.0000 0.7692
341.0000 0.7692
342.0000 0.7692
343.0000 0.7692
344.0000 0.7692
345.0000 0.7692
346.0000 0.7692
347.0000 0.7692
348.0000 0.7692
349.0000 0.7692
350.0000 0.7692
351.0000 0.7692
352.0000 0.7692
353.0000 0.7692
354.0000 0.7692
355.0000 0.7692
356.0000 0.7692
357.0000 0.7692
358.0000 0.7692
359.0000 0.7692
360.0000 0.7692
361.0000 0.7692
362.0000 0.7692
363.0000 0.7692
364.0000 0.7692
365.0000 0.7692
366.0000 0.7692
367.0000 0.7692
368.0000 0.7692
369.0000 0.7692
370.0000 0.7692
371.0000 0.7692
372.0000 0.7692
373.0000 0.7692
374.0000 0.7692
375.0000 0.7692
376.0000 0.7692
377.0000 0.7692
378.0000 0.7692
379.0000 0.7692
380.0000 0.7692
381.0000 0.7692
382.0000 0.7692
383.0000 0.7692
384.0000 0.7692
385.0000 0.7692
386.0000 0.7692
387.0000 0.7692
388.0000 0.7692
389.0000 0.7692
390.0000 0.7692
391.0000 0.7692
392.0000 0.7692
393.0000 0.7692
394.0000 0.7692
395.0000 0.7692
396.0000 0.7692
397.0000 0.7692
398.0000 0.7692
399.0000 0.7692
400.0000 0.7692
401.0000 0.7692
402.0000 0.7692
403.0000 0.7692
404.0000 0.7692
405.0000 0.7692
406.0000 0.7692
407.0000 0.7692
408.0000 0.7692
409.0000 0.7692
410.0000 0.7692
411.0000 0.7692
412.0000 0.7692
413.0000 0.7692
414.0000 0.7692
415.0000 0.7692
416.0000 0.7692
417.0000 0.7692
418.0000 0.7692
419.0000 0.7692
420.0000 0.7692
421.0000 0.7692
422.0000 0.7692
423.0000 0.7692
424.0000 0.7692
425.0000 0.7692
426.0000 0.7692
427.0000 0.7692
428.0000 0.7692
429.0000 0.7692
430.0000 0.7692
431.0000 0.7692
432.0000 0.7692
433.0000 0.7692
434.0000 0.7692
435.0000 0.7692
436.0000 0.7692
437.0000 0.7692
438.0000 0.7692
439.0000 0.7692
440.0000 0.7692
441.0000 0.7692
442.0000 0.7692
443.0000 0.7692
444.0000 0.7692
445.0000 0.7692
446.0000 0.7692
447.0000 0.7692
448.0000 0.7692
449.0000 0.7692
450.0000 0.7692
451.0000 0.7692
452.0000 0.7692
453.0000 0.7692
454.0000 0.7692
455.0000 0.7692
456.0000 0.7692
457.0000 0.7692
458.0000 0.7692
459.0000 0.7692
460.0000 0.7692
461.0000 0.7692
462.0000 0.7692
463.0000 0.7692
464.0000 0.7692
465.0000 0.7692
466.0000 0.7692
467.0000 0.7692
468.0000 0.7692
469.0000 0.7692
470.0000 0.7692
471.0000 0.7692
472.0000 0.7692
473.0000 0.7692
474.0000 0.7692
475.0000 0.7692
476.0000 0.7692
477.0000 0.7692
478.0000 0.7692
479.0000 0.7692
480.0000 0.7692
481.0000 0.7692
482.0000 0.7692
483.0000 0.7692
484.0000 0.7692
485.0000 0.7692
486.0000 0.7692
487.0000 0.7692
488.0000 0.7692
489.0000 0.7692
490.0000 0.7692
491.0000 0.7692
492.0000 0.7692
493.0000 0.7692
494.0000 0.7692
495.0000 0.7692
496.0000 0.7692
497.0000 0.7692
498.0000 0.7692
499.0000 0.7692
500.0000 0.7692
501.0000 0.7692
502.0000 0.7692
503.0000 0.7692
504.0000 0.7692
505.0000 0.7692
506.0000 0.7692
507.0000 0.7692
508.0000 0.7692
509.0000 0.7692
510.0000 -18.4775
511.0000 -3.2626
512.0000 0.8236
513.0000 0.8436
514.0000 0.0794
515.0000 -0.4703
516.0000 -0.7174
517.0000 -0.7892
518.0000 -0.7933
519.0000 -0.7827
520.0000 -0.7742
521.0000 -0.7702
522.0000 -0.7690
523.0000 -0.7689
524.0000 -0.7690
525.0000 -0.7691
526.0000 -0.7692
527.0000 -0.7692
528.0000 -0.7692
529.0000 -0.7692
530.0000 -0.7692
531.0000 -0.7692
532.0000 -0.7692
533.0000 -0.7692
534.0000 -0.7692
535.0000 -0.7692
536.0000 -0.7692
537.0000 -0.7692
538.0000 -0.7692
539.0000 -0.7692
540.0000 -0.7692
541.0000 -0.7692
542.0000 -0.7692
543.0000 -0.7692
544.0000 -0.7692
545.0000 -0.7692
546.0000 -0.7692
547.0000 -0.7692
548.0000 -0.7692
549.0000 -0.7692
550.0000 -0.7692
551.0000 -0.7692
552.0000 -0.7692
553.0000 -0.7692
554.0000 -0.7692
555.0000 -0.7692
556.0000 -0.7692
557.0000 -0.7692
558.0000 -0.7692
559.0000 -0.7692
560.0000 -0.7692
561.0000 -0.7692
562.0000 -0.7692
563.0000 -0.7692
564.0000 -0.7692
565.0000 -0.7692
566.0000 -0.7692
567.0000 -0.7692
568.0000 -0.7692
569.0000 -0.7692
570.0000 -0.7692
571.0000 -0.7692
572.0000 -0.7692
573.0000 -0.7692
574.0000 -0.7692
575.0000 -0.7692
576.0000 -0.7692
577.0000 -0.7692
578.0000 -0.7692
579.0000 -0.7692
580.0000 -0.7692
581.0000 -0.7692
582.0000 -0.7692
583.0000 -0.7692
584.0000 -0.7692
585.0000 -0.7692
586.0000 -0.7692
587.0000 -0.7692
588.0000 -0.7692
589.0000 -0.7692
590.0000 -0.7692
591.0000 -0.7692
592.0000 -0.7692
593.0000 -0.7692
594.0000 -0.7692
595.0000 -0.7692
596.0000 -0.7692
597.0000 -0.7692
598.0000 -0.7692
599.0000 -0.7692
600.0000 -0.7692
601.0000 -0.7692
602.0000 -0.7692
603.0000 -0.7692
604.0000 -0.7692
605.0000 -0.7692
606.0000 -0.7692
607.0000 -0.7692
608.0000 -0.7692
609.0000 -0.7692
610.0000 -0.7692
611.0000 -0.7692
612.0000 -0.7692
613.0000 -0.7692
614.0000 -0.7692
615.0000 -0.7692
616.0000 -0.7692
617.0000 -0.7692
618.0000 -0.7692
619.0000 -0.7692
620.0000 -0.7692
621.0000 -0.7692
622.0000 -0.7692
623.0000 -0.7692
624.0000 -0.7692
625.0000 -0.7692
626.0000 -0.7692
627.0000 -0.7692
628.0000 -0.7692
629.0000 -0.7692
630.0000 -0.7692
631.0000 -0.7692
632.0000 -0.7692
633.0000 -0.7692
634.0000 -0.7692
635.0000 -0.7692
636.0000 -0.7692
637.0000 -0.7692
638.0000 -0.7692
639.0000 -0.7692
640.0000 -0.7692
641.0000 -0.7692
642.0000 -0.7692
643.0000 -0.7692
644.0000 -0.7692
645.0000 -0.7692
646.0000 -0.7692
647.0000 -0.7692
648.0000 -0.7692
649.0000 -0.7692
650.0000 -0.7692
651.0000 -0.7692
652.0000 -0.7692
653.0000 -0.7692
654.0000 -0.7692
655.0000 -0.7692
656.0000 -0.7692
657.0000 -0.7692
658.0000 -0.7692
659.0000 -0.7692
660.0000 -0.7692
661.0000 -0.7692
662.0000 -0.7692
663.0000 -0.7692
664.0000 -0.7692
665.0000 -0.7692
666.0000 -0.7692
667.0000 -0.7692
668.0000 -0.7692
669.0000 -0.7692
670.0000 -0.7692
671.0000 -0.7692
672.0000 -0.7692
673.0000 -0.7692
674.0000 -0.7692
675.0000 -0.7692
676.0000 -0.7692
677.0000 -0.7692
678.0000 -0.7692
679.0000 -0.7692
680.0000 -0.7692
681.0000 -0.7692
682.0000 -0.7692
683.0000 -0.7692
684.0000 -0.7692
685.0000 -0.7692
686.0000 -0.7692
687.0000 -0.7692
688.0000 -0.7692
689.0000 -0.7692
690.0000 -0.7692
691.0000 -0.7692
692.0000 -0.7692
693.0000 -0.7692
694.0000 -0.7692
695.0000 -0.7692
696.0000 -0.7692
697.0000 -0.7692
698.0000 -0.7692
699.0000 -0.7692
700.0000 -0.7692
701.0000 -0.7692
702.0000 -0.7692
703.0000 -0.7692
704.0000 -0.7692
705.0000 -0.7692
706.0000 -0.7692
707.0000 -0.7692
708.0000 -0.7692
709.0000 -0.7692
710.0000 -0.7692
711.0000 -0.7692
712.0000 -0.7692
713.0000 -0.7692
714.0000 -0.7692
715.0000 -0.7692
716.0000 -0.7692
717.0000 -0.7692
718.0000 -0.7692
719.0000 -0.7692
720.0000 -0.7692
721.0000 -0.7692
722.0000 -0.7692
723.0000 -0.7692
724.0000 -0.7692
725.0000 -0.7692
726.0000 -0.7692
727.0000 -0.7692
728.0000 -0.7692
729.0000 -0.7692
730.0000 -0.7692
731.0000 -0.7692
732.0000 -0.7692
733.0000 -0.7692
734.0000 -0.7692
735.0000 -0.7692
736.0000 -0.7692
737.0000 -0.7692
738.0000 -0.7692
739.0000 -0.7692
740.0000 -0.7692
741.0000 -0.7692
742.0000 -0.7692
743.0000 -0.7692
744.0000 -0.7692
745.0000 -0.7692
746.0000 -0.7692
747.0000 -0.7692
748.0000 -0.7692
749.0000 -0.7692
750.0000 -0.7692
751.0000 -0.7692
752.0000 -0.7692
753.0000 -0.7692
754.0000 -0.7692
755.0000 -0.7692
756.0000 -0.7692
757.0000 -0.7692
758.0000 -0.7692
759.0000 -0.7692
760.0000 -0.7692
761.0000 -0.7692
762.0000 -0.7692
763.0000 -0.7692
764.0000 -0.7692
765.0000 -0.7692
766.0000 -0.7692
767.0000 -0.7692
768.0000 -0.7692
769.0000 -0.7692
770.0000 -0.7692
771.0000 -0.7692
772.0000 -0.7692
773.0000 -0.7692
774.0000 -0.7692
775.0000 -0.7692
776.0000 -0.7692
777.0000 -0.7692
778.0000 -0.7692
779.0000 -0.7692
780.0000 -0.7692
781.0000 -0.7692
782.0000 -0.7692
783.0000 -0.7692
784.0000 -0.7692
785.0000 -0.7692
786.0000 -0.7692
787.0000 -0.7692
788.0000 -0.7692
789.0000 -0.7692
790.0000 -0.7692
791.0000 -0.7692
792.0000 -0.7692
793.0000 -0.7692
794.0000 -0.7692
795.0000 -0.7692
796.0000 -0.7692
797.0000 -0.7692
798.0000 -0.7692
799.0000 -0.7692
800.0000 -0.7692
801.0000 -0.7692
802.0000 -0.7692
803.0000 -0.7692
804.0000 -0.7692
805.0000 -0.7692
806.0000 -0.7692
807.0000 -0.7692
808.0000 -0.7692
809.0000 -0.7692
810.0000 28.1009
811.0000 5.2785
812.0000 -0.8508
813.0000 -0.8808
814.0000 0.2656
815.0000 1.0901
816.0000 1.4607
817.0000 1.5684
818.0000 1.5746
819.0000 1.5586
820.0000 1.5460
821.0000 1.5400
822.0000 1.5381
823.0000 1.5379
824.0000 1.5381
825.0000 1.5383
826.0000 1.5384
827.0000 1.5385
828.0000 1.5385
829.0000 1.5385
830.0000 1.5385
831.0000 1.5385
832.0000 1.5385
833.0000 1.5385
834.0000 1.5385
835.0000 1.5385
836.0000 1.5385
837.0000 1.5385
838.0000 1.5385
839.0000 1.5385
840.0000 1.5385
841.0000 1.5385
842.0000 1.5385
843.0000 1.5385
844.0000 1.5385
845.0000 1.5385
846.0000 1.5385
847.0000 1.5385
848.0000 1.5385
849.0000 1.5385
850.0000 1.5385
851.0000 1.5385
852.0000 1.5385
853.0000 1.5385
854.0000 1.5385
855.0000 1.5385
856.0000 1.5385
857.0000 1.5385
858.0000 1.5385
859.0000 1.5385
860.0000 1.5385
861.0000 1.5385
862.0000 1.5385
863.0000 1.5385
864.0000 1.5385
865.0000 1.5385
866.0000 1.5385
867.0000 1.5385
868.0000 1.5385
869.0000 1.5385
870.0000 1.5385
871.0000 1.5385
872.0000 1.5385
873.0000 1.5385
874.0000 1.5385
875.0000 1.5385
876.0000 1.5385
877.0000 1.5385
878.0000 1.5385
879.0000 1.5385
880.0000 1.5385
881.0000 1.5385
882.0000 1.5385
883.0000 1.5385
884.0000 1.5385
885.0000 1.5385
886.0000 1.5385
887.0000 1.5385
888.0000 1.5385
889.0000 1.5385
890.0000 1.5385
891.0000 1.5385
892.0000 1.5385
893.0000 1.5385
894.0000 1.5385
895.0000 1.5385
896.0000 1.5385
897.0000 1.5385
898.0000 1.5385
899.0000 1.5385
900.0000 1.5385
901.0000 1.5385
902.0000 1.5385
903.0000 1.5385
904.0000 1.5385
905.0000 1.5385
906.0000 1.5385
907.0000 1.5385
908.0000 1.5385
909.0000 1.5385
910.0000 1.5385
