1.0000 0.0000
2.0000 0.0000
3.0000 0.0000
4.0000 0.0000
5.0000 0.0000
6.0000 0.0000
7.0000 0.0000
8.0000 0.0000
9.0000 0.0000
10.0000 0.0000
11.0000 0.0000
12.0000 0.0000
13.0000 0.0000
14.0000 0.0000
15.0000 0.0000
16.0000 0.0000
17.0000 0.0000
18.0000 0.0000
19.0000 0.0000
20.0000 0.0000
21.0000 0.0000
22.0000 0.0000
23.0000 0.0000
24.0000 0.0000
25.0000 0.0000
26.0000 0.0000
27.0000 0.0000
28.0000 0.0000
29.0000 0.0000
30.0000 0.0000
31.0000 0.0000
32.0000 0.0000
33.0000 0.0000
34.0000 0.0000
35.0000 0.0000
36.0000 0.0000
37.0000 0.0000
38.0000 0.0000
39.0000 0.0000
40.0000 0.0000
41.0000 0.0000
42.0000 0.0000
43.0000 0.0000
44.0000 0.0000
45.0000 0.0000
46.0000 0.0000
47.0000 0.0000
48.0000 0.0000
49.0000 0.0000
50.0000 0.0000
51.0000 0.0000
52.0000 0.0000
53.0000 0.0000
54.0000 0.0000
55.0000 0.0000
56.0000 0.0000
57.0000 0.0000
58.0000 0.0000
59.0000 0.0000
60.0000 0.0000
61.0000 0.0000
62.0000 0.0000
63.0000 0.0000
64.0000 0.0000
65.0000 0.0000
66.0000 0.0000
67.0000 0.0000
68.0000 0.0000
69.0000 0.0000
70.0000 0.0000
71.0000 0.0000
72.0000 0.0000
73.0000 0.0000
74.0000 0.0000
75.0000 0.0000
76.0000 0.0000
77.0000 0.0000
78.0000 0.0000
79.0000 0.0000
80.0000 0.0000
81.0000 0.0000
82.0000 0.0000
83.0000 0.0000
84.0000 0.0000
85.0000 0.0000
86.0000 0.0000
87.0000 0.0000
88.0000 0.0000
89.0000 0.0000
90.0000 0.0000
91.0000 0.0000
92.0000 0.0000
93.0000 0.0000
94.0000 0.0000
95.0000 0.0000
96.0000 0.0000
97.0000 0.0000
98.0000 0.0000
99.0000 0.0000
100.0000 0.0000
101.0000 0.0000
102.0000 0.0000
103.0000 0.0000
104.0000 0.0000
105.0000 0.0000
106.0000 0.0000
107.0000 0.0000
108.0000 0.0000
109.0000 0.0000
110.0000 0.0000
111.0000 0.0000
112.0000 0.0000
113.0000 0.0000
114.0000 0.0000
115.0000 0.0000
116.0000 0.0000
117.0000 0.0000
118.0000 0.0000
119.0000 0.0000
120.0000 0.0000
121.0000 0.0000
122.0000 0.0000
123.0000 0.0000
124.0000 0.0000
125.0000 0.0000
126.0000 0.0000
127.0000 0.0000
128.0000 0.0000
129.0000 0.0000
130.0000 0.0000
131.0000 0.0000
132.0000 0.0000
133.0000 0.0000
134.0000 0.0000
135.0000 0.0000
136.0000 0.0000
137.0000 0.0000
138.0000 0.0000
139.0000 0.0000
140.0000 0.0000
141.0000 0.0000
142.0000 0.0000
143.0000 0.0000
144.0000 0.0000
145.0000 0.0000
146.0000 0.0000
147.0000 0.0000
148.0000 0.0000
149.0000 0.0000
150.0000 0.0000
151.0000 0.0000
152.0000 0.0000
153.0000 0.0000
154.0000 0.0000
155.0000 0.0000
156.0000 0.0000
157.0000 0.0000
158.0000 0.0000
159.0000 0.0000
160.0000 0.0000
161.0000 0.0000
162.0000 0.0000
163.0000 0.0000
164.0000 0.0000
165.0000 0.0000
166.0000 0.0000
167.0000 0.0000
168.0000 0.0000
169.0000 0.0000
170.0000 0.0000
171.0000 0.0000
172.0000 0.0000
173.0000 0.0000
174.0000 0.0000
175.0000 0.0000
176.0000 0.0000
177.0000 0.0000
178.0000 0.0000
179.0000 0.0000
180.0000 0.0000
181.0000 0.0000
182.0000 0.0000
183.0000 0.0000
184.0000 0.0000
185.0000 0.0000
186.0000 0.0000
187.0000 0.0000
188.0000 0.0000
189.0000 0.0000
190.0000 0.0000
191.0000 0.0000
192.0000 0.0000
193.0000 0.0000
194.0000 0.0000
195.0000 0.0000
196.0000 0.0000
197.0000 0.0000
198.0000 0.0000
199.0000 0.0000
200.0000 0.0000
201.0000 0.0000
202.0000 0.0000
203.0000 0.0000
204.0000 0.0000
205.0000 0.0000
206.0000 0.0000
207.0000 0.0000
208.0000 0.0000
209.0000 0.0000
210.0000 0.0000
211.0000 0.1577
212.0000 0.1856
213.0000 0.1791
214.0000 0.1726
215.0000 0.1726
216.0000 0.1771
217.0000 0.1835
218.0000 0.1902
219.0000 0.1968
220.0000 0.2031
221.0000 0.2091
222.0000 0.2148
223.0000 0.2204
224.0000 0.2258
225.0000 0.2310
226.0000 0.2360
227.0000 0.2409
228.0000 0.2456
229.0000 0.2502
230.0000 0.2546
231.0000 0.2588
232.0000 0.2630
233.0000 0.2669
234.0000 0.2708
235.0000 0.2745
236.0000 0.2781
237.0000 0.2816
238.0000 0.2850
239.0000 0.2883
240.0000 0.2914
241.0000 0.2945
242.0000 0.2974
243.0000 0.3003
244.0000 0.3031
245.0000 0.3057
246.0000 0.3083
247.0000 0.3108
248.0000 0.3132
249.0000 0.3156
250.0000 0.3178
251.0000 0.3200
252.0000 0.3222
253.0000 0.3242
254.0000 0.3262
255.0000 0.3281
256.0000 0.3299
257.0000 0.3317
258.0000 0.3335
259.0000 0.3352
260.0000 0.3368
261.0000 0.3383
262.0000 0.3399
263.0000 0.3413
264.0000 0.3427
265.0000 0.3441
266.0000 0.3454
267.0000 0.3467
268.0000 0.3480
269.0000 0.3492
270.0000 0.3503
271.0000 0.3515
272.0000 0.3525
273.0000 0.3536
274.0000 0.3546
275.0000 0.3556
276.0000 0.3565
277.0000 0.3575
278.0000 0.3584
279.0000 0.3592
280.0000 0.3601
281.0000 0.3609
282.0000 0.3616
283.0000 0.3624
284.0000 0.3631
285.0000 0.3638
286.0000 0.3645
287.0000 0.3652
288.0000 0.3658
289.0000 0.3664
290.0000 0.3670
291.0000 0.3676
292.0000 0.3682
293.0000 0.3687
294.0000 0.3692
295.0000 0.3697
296.0000 0.3702
297.0000 0.3707
298.0000 0.3711
299.0000 0.3716
300.0000 0.3720
301.0000 0.3724
302.0000 0.3728
303.0000 0.3732
304.0000 0.3736
305.0000 0.3739
306.0000 0.3743
307.0000 0.3746
308.0000 0.3750
309.0000 0.3753
310.0000 0.3756
311.0000 0.3759
312.0000 0.3762
313.0000 0.3764
314.0000 0.3767
315.0000 0.3770
316.0000 0.3772
317.0000 0.3775
318.0000 0.3777
319.0000 0.3779
320.0000 0.3781
321.0000 0.3784
322.0000 0.3786
323.0000 0.3788
324.0000 0.3789
325.0000 0.3791
326.0000 0.3793
327.0000 0.3795
328.0000 0.3797
329.0000 0.3798
330.0000 0.3800
331.0000 0.3801
332.0000 0.3803
333.0000 0.3804
334.0000 0.3806
335.0000 0.3807
336.0000 0.3808
337.0000 0.3809
338.0000 0.3811
339.0000 0.3812
340.0000 0.3813
341.0000 0.3814
342.0000 0.3815
343.0000 0.3816
344.0000 0.3817
345.0000 0.3818
346.0000 0.3819
347.0000 0.3820
348.0000 0.3821
349.0000 0.3822
350.0000 0.3822
351.0000 0.3823
352.0000 0.3824
353.0000 0.3825
354.0000 0.3825
355.0000 0.3826
356.0000 0.3827
357.0000 0.3827
358.0000 0.3828
359.0000 0.3829
360.0000 0.3829
361.0000 0.3830
362.0000 0.3830
363.0000 0.3831
364.0000 0.3831
365.0000 0.3832
366.0000 0.3832
367.0000 0.3833
368.0000 0.3833
369.0000 0.3834
370.0000 0.3834
371.0000 0.3834
372.0000 0.3835
373.0000 0.3835
374.0000 0.3835
375.0000 0.3836
376.0000 0.3836
377.0000 0.3836
378.0000 0.3837
379.0000 0.3837
380.0000 0.3837
381.0000 0.3838
382.0000 0.3838
383.0000 0.3838
384.0000 0.3838
385.0000 0.3839
386.0000 0.3839
387.0000 0.3839
388.0000 0.3839
389.0000 0.3840
390.0000 0.3840
391.0000 0.3840
392.0000 0.3840
393.0000 0.3840
394.0000 0.3841
395.0000 0.3841
396.0000 0.3841
397.0000 0.3841
398.0000 0.3841
399.0000 0.3842
400.0000 0.3842
401.0000 0.3842
402.0000 0.3842
403.0000 0.3842
404.0000 0.3842
405.0000 0.3842
406.0000 0.3842
407.0000 0.3843
408.0000 0.3843
409.0000 0.3843
410.0000 0.3843
411.0000 0.3843
412.0000 0.3843
413.0000 0.3843
414.0000 0.3843
415.0000 0.3843
416.0000 0.3844
417.0000 0.3844
418.0000 0.3844
419.0000 0.3844
420.0000 0.3844
421.0000 0.3844
422.0000 0.3844
423.0000 0.3844
424.0000 0.3844
425.0000 0.3844
426.0000 0.3844
427.0000 0.3844
428.0000 0.3844
429.0000 0.3844
430.0000 0.3844
431.0000 0.3845
432.0000 0.3845
433.0000 0.3845
434.0000 0.3845
435.0000 0.3845
436.0000 0.3845
437.0000 0.3845
438.0000 0.3845
439.0000 0.3845
440.0000 0.3845
441.0000 0.3845
442.0000 0.3845
443.0000 0.3845
444.0000 0.3845
445.0000 0.3845
446.0000 0.3845
447.0000 0.3845
448.0000 0.3845
449.0000 0.3845
450.0000 0.3845
451.0000 0.3845
452.0000 0.3845
453.0000 0.3845
454.0000 0.3845
455.0000 0.3845
456.0000 0.3845
457.0000 0.3845
458.0000 0.3846
459.0000 0.3846
460.0000 0.3846
461.0000 0.3846
462.0000 0.3846
463.0000 0.3846
464.0000 0.3846
465.0000 0.3846
466.0000 0.3846
467.0000 0.3846
468.0000 0.3846
469.0000 0.3846
470.0000 0.3846
471.0000 0.3846
472.0000 0.3846
473.0000 0.3846
474.0000 0.3846
475.0000 0.3846
476.0000 0.3846
477.0000 0.3846
478.0000 0.3846
479.0000 0.3846
480.0000 0.3846
481.0000 0.3846
482.0000 0.3846
483.0000 0.3846
484.0000 0.3846
485.0000 0.3846
486.0000 0.3846
487.0000 0.3846
488.0000 0.3846
489.0000 0.3846
490.0000 0.3846
491.0000 0.3846
492.0000 0.3846
493.0000 0.3846
494.0000 0.3846
495.0000 0.3846
496.0000 0.3846
497.0000 0.3846
498.0000 0.3846
499.0000 0.3846
500.0000 0.3846
501.0000 0.3846
502.0000 0.3846
503.0000 0.3846
504.0000 0.3846
505.0000 0.3846
506.0000 0.3846
507.0000 0.3846
508.0000 0.3846
509.0000 0.3846
510.0000 0.3846
511.0000 0.0691
512.0000 0.0134
513.0000 0.0264
514.0000 0.0394
515.0000 0.0394
516.0000 0.0304
517.0000 0.0176
518.0000 0.0041
519.0000 -0.0090
520.0000 -0.0215
521.0000 -0.0335
522.0000 -0.0451
523.0000 -0.0562
524.0000 -0.0669
525.0000 -0.0774
526.0000 -0.0874
527.0000 -0.0972
528.0000 -0.1066
529.0000 -0.1157
530.0000 -0.1245
531.0000 -0.1331
532.0000 -0.1413
533.0000 -0.1493
534.0000 -0.1570
535.0000 -0.1645
536.0000 -0.1717
537.0000 -0.1787
538.0000 -0.1854
539.0000 -0.1919
540.0000 -0.1983
541.0000 -0.2044
542.0000 -0.2103
543.0000 -0.2160
544.0000 -0.2215
545.0000 -0.2269
546.0000 -0.2320
547.0000 -0.2370
548.0000 -0.2419
549.0000 -0.2466
550.0000 -0.2511
551.0000 -0.2555
552.0000 -0.2597
553.0000 -0.2638
554.0000 -0.2677
555.0000 -0.2716
556.0000 -0.2753
557.0000 -0.2789
558.0000 -0.2823
559.0000 -0.2857
560.0000 -0.2889
561.0000 -0.2921
562.0000 -0.2951
563.0000 -0.2980
564.0000 -0.3009
565.0000 -0.3036
566.0000 -0.3063
567.0000 -0.3088
568.0000 -0.3113
569.0000 -0.3137
570.0000 -0.3161
571.0000 -0.3183
572.0000 -0.3205
573.0000 -0.3226
574.0000 -0.3246
575.0000 -0.3266
576.0000 -0.3285
577.0000 -0.3303
578.0000 -0.3321
579.0000 -0.3338
580.0000 -0.3355
581.0000 -0.3371
582.0000 -0.3387
583.0000 -0.3402
584.0000 -0.3416
585.0000 -0.3430
586.0000 -0.3444
587.0000 -0.3457
588.0000 -0.3470
589.0000 -0.3482
590.0000 -0.3494
591.0000 -0.3506
592.0000 -0.3517
593.0000 -0.3528
594.0000 -0.3538
595.0000 -0.3548
596.0000 -0.3558
597.0000 -0.3567
598.0000 -0.3577
599.0000 -0.3585
600.0000 -0.3594
601.0000 -0.3602
602.0000 -0.3610
603.0000 -0.3618
604.0000 -0.3625
605.0000 -0.3633
606.0000 -0.3640
607.0000 -0.3646
608.0000 -0.3653
609.0000 -0.3659
610.0000 -0.3665
611.0000 -0.3671
612.0000 -0.3677
613.0000 -0.3683
614.0000 -0.3688
615.0000 -0.3693
616.0000 -0.3698
617.0000 -0.3703
618.0000 -0.3708
619.0000 -0.3712
620.0000 -0.3717
621.0000 -0.3721
622.0000 -0.3725
623.0000 -0.3729
624.0000 -0.3733
625.0000 -0.3737
626.0000 -0.3740
627.0000 -0.3744
628.0000 -0.3747
629.0000 -0.3750
630.0000 -0.3753
631.0000 -0.3756
632.0000 -0.3759
633.0000 -0.3762
634.0000 -0.3765
635.0000 -0.3768
636.0000 -0.3770
637.0000 -0.3773
638.0000 -0.3775
639.0000 -0.3777
640.0000 -0.3780
641.0000 -0.3782
642.0000 -0.3784
643.0000 -0.3786
644.0000 -0.3788
645.0000 -0.3790
646.0000 -0.3792
647.0000 -0.3794
648.0000 -0.3795
649.0000 -0.3797
650.0000 -0.3799
651.0000 -0.3800
652.0000 -0.3802
653.0000 -0.3803
654.0000 -0.3804
655.0000 -0.3806
656.0000 -0.3807
657.0000 -0.3808
658.0000 -0.3810
659.0000 -0.3811
660.0000 -0.3812
661.0000 -0.3813
662.0000 -0.3814
663.0000 -0.3815
664.0000 -0.3816
665.0000 -0.3817
666.0000 -0.3818
667.0000 -0.3819
668.0000 -0.3820
669.0000 -0.3821
670.0000 -0.3822
671.0000 -0.3822
672.0000 -0.3823
673.0000 -0.3824
674.0000 -0.3825
675.0000 -0.3825
676.0000 -0.3826
677.0000 -0.3827
678.0000 -0.3827
679.0000 -0.3828
680.0000 -0.3829
681.0000 -0.3829
682.0000 -0.3830
683.0000 -0.3830
684.0000 -0.3831
685.0000 -0.3831
686.0000 -0.3832
687.0000 -0.3832
688.0000 -0.3833
689.0000 -0.3833
690.0000 -0.3834
691.0000 -0.3834
692.0000 -0.3834
693.0000 -0.3835
694.0000 -0.3835
695.0000 -0.3836
696.0000 -0.3836
697.0000 -0.3836
698.0000 -0.3837
699.0000 -0.3837
700.0000 -0.3837
701.0000 -0.3837
702.0000 -0.3838
703.0000 -0.3838
704.0000 -0.3838
705.0000 -0.3839
706.0000 -0.3839
707.0000 -0.3839
708.0000 -0.3839
709.0000 -0.3839
710.0000 -0.3840
711.0000 -0.3840
712.0000 -0.3840
713.0000 -0.3840
714.0000 -0.3841
715.0000 -0.3841
716.0000 -0.3841
717.0000 -0.3841
718.0000 -0.3841
719.0000 -0.3841
720.0000 -0.3842
721.0000 -0.3842
722.0000 -0.3842
723.0000 -0.3842
724.0000 -0.3842
725.0000 -0.3842
726.0000 -0.3842
727.0000 -0.3842
728.0000 -0.3843
729.0000 -0.3843
730.0000 -0.3843
731.0000 -0.3843
732.0000 -0.3843
733.0000 -0.3843
734.0000 -0.3843
735.0000 -0.3843
736.0000 -0.3843
737.0000 -0.3844
738.0000 -0.3844
739.0000 -0.3844
740.0000 -0.3844
741.0000 -0.3844
742.0000 -0.3844
743.0000 -0.3844
744.0000 -0.3844
745.0000 -0.3844
746.0000 -0.3844
747.0000 -0.3844
748.0000 -0.3844
749.0000 -0.3844
750.0000 -0.3844
751.0000 -0.3845
752.0000 -0.3845
753.0000 -0.3845
754.0000 -0.3845
755.0000 -0.3845
756.0000 -0.3845
757.0000 -0.3845
758.0000 -0.3845
759.0000 -0.3845
760.0000 -0.3845
761.0000 -0.3845
762.0000 -0.3845
763.0000 -0.3845
764.0000 -0.3845
765.0000 -0.3845
766.0000 -0.3845
767.0000 -0.3845
768.0000 -0.3845
769.0000 -0.3845
770.0000 -0.3845
771.0000 -0.3845
772.0000 -0.3845
773.0000 -0.3845
774.0000 -0.3845
775.0000 -0.3845
776.0000 -0.3845
777.0000 -0.3845
778.0000 -0.3845
779.0000 -0.3846
780.0000 -0.3846
781.0000 -0.3846
782.0000 -0.3846
783.0000 -0.3846
784.0000 -0.3846
785.0000 -0.3846
786.0000 -0.3846
787.0000 -0.3846
788.0000 -0.3846
789.0000 -0.3846
790.0000 -0.3846
791.0000 -0.3846
792.0000 -0.3846
793.0000 -0.3846
794.0000 -0.3846
795.0000 -0.3846
796.0000 -0.3846
797.0000 -0.3846
798.0000 -0.3846
799.0000 -0.3846
800.0000 -0.3846
801.0000 -0.3846
802.0000 -0.3846
803.0000 -0.3846
804.0000 -0.3846
805.0000 -0.3846
806.0000 -0.3846
807.0000 -0.3846
808.0000 -0.3846
809.0000 -0.3846
810.0000 -0.3846
811.0000 0.0886
812.0000 0.1723
813.0000 0.1527
814.0000 0.1332
815.0000 0.1332
816.0000 0.1467
817.0000 0.1658
818.0000 0.1861
819.0000 0.2058
820.0000 0.2246
821.0000 0.2426
822.0000 0.2599
823.0000 0.2766
824.0000 0.2927
825.0000 0.3083
826.0000 0.3235
827.0000 0.3381
828.0000 0.3522
829.0000 0.3659
830.0000 0.3791
831.0000 0.3919
832.0000 0.4043
833.0000 0.4162
834.0000 0.4278
835.0000 0.4390
836.0000 0.4498
837.0000 0.4603
838.0000 0.4704
839.0000 0.4802
840.0000 0.4897
841.0000 0.4989
842.0000 0.5077
843.0000 0.5163
844.0000 0.5246
845.0000 0.5326
846.0000 0.5404
847.0000 0.5479
848.0000 0.5551
849.0000 0.5621
850.0000 0.5689
851.0000 0.5755
852.0000 0.5818
853.0000 0.5880
854.0000 0.5939
855.0000 0.5997
856.0000 0.6052
857.0000 0.6106
858.0000 0.6158
859.0000 0.6208
860.0000 0.6257
861.0000 0.6304
862.0000 0.6350
863.0000 0.6394
864.0000 0.6436
865.0000 0.6477
866.0000 0.6517
867.0000 0.6556
868.0000 0.6593
869.0000 0.6629
870.0000 0.6664
871.0000 0.6698
872.0000 0.6730
873.0000 0.6762
874.0000 0.6792
875.0000 0.6822
876.0000 0.6850
877.0000 0.6878
878.0000 0.6905
879.0000 0.6930
880.0000 0.6955
881.0000 0.6980
882.0000 0.7003
883.0000 0.7026
884.0000 0.7047
885.0000 0.7069
886.0000 0.7089
887.0000 0.7109
888.0000 0.7128
889.0000 0.7146
890.0000 0.7164
891.0000 0.7182
892.0000 0.7198
893.0000 0.7215
894.0000 0.7230
895.0000 0.7245
896.0000 0.7260
897.0000 0.7274
898.0000 0.7288
899.0000 0.7301
900.0000 0.7314
901.0000 0.7326
902.0000 0.7338
903.0000 0.7350
904.0000 0.7361
905.0000 0.7372
906.0000 0.7383
907.0000 0.7393
908.0000 0.7403
909.0000 0.7412
910.0000 0.7421
