1.0000 0.0000
2.0000 0.0000
3.0000 0.0000
4.0000 0.0000
5.0000 0.0000
6.0000 0.0000
7.0000 0.0000
8.0000 0.0000
9.0000 0.0000
10.0000 0.0000
11.0000 0.0000
12.0000 0.0000
13.0000 0.0000
14.0000 0.0000
15.0000 0.0000
16.0000 0.0000
17.0000 0.0000
18.0000 0.0000
19.0000 0.0000
20.0000 0.0000
21.0000 0.0000
22.0000 0.0000
23.0000 0.0000
24.0000 0.0000
25.0000 0.0000
26.0000 0.0000
27.0000 0.0000
28.0000 0.0000
29.0000 0.0000
30.0000 0.0000
31.0000 0.0000
32.0000 0.0000
33.0000 0.0000
34.0000 0.0000
35.0000 0.0000
36.0000 0.0000
37.0000 0.0000
38.0000 0.0000
39.0000 0.0000
40.0000 0.0000
41.0000 0.0000
42.0000 0.0000
43.0000 0.0000
44.0000 0.0000
45.0000 0.0000
46.0000 0.0000
47.0000 0.0000
48.0000 0.0000
49.0000 0.0000
50.0000 0.0000
51.0000 0.0000
52.0000 0.0000
53.0000 0.0000
54.0000 0.0000
55.0000 0.0000
56.0000 0.0000
57.0000 0.0000
58.0000 0.0000
59.0000 0.0000
60.0000 0.0000
61.0000 0.0000
62.0000 0.0000
63.0000 0.0000
64.0000 0.0000
65.0000 0.0000
66.0000 0.0000
67.0000 0.0000
68.0000 0.0000
69.0000 0.0000
70.0000 0.0000
71.0000 0.0000
72.0000 0.0000
73.0000 0.0000
74.0000 0.0000
75.0000 0.0000
76.0000 0.0000
77.0000 0.0000
78.0000 0.0000
79.0000 0.0000
80.0000 0.0000
81.0000 0.0000
82.0000 0.0000
83.0000 0.0000
84.0000 0.0000
85.0000 0.0000
86.0000 0.0000
87.0000 0.0000
88.0000 0.0000
89.0000 0.0000
90.0000 0.0000
91.0000 0.0000
92.0000 0.0000
93.0000 0.0000
94.0000 0.0000
95.0000 0.0000
96.0000 0.0000
97.0000 0.0000
98.0000 0.0000
99.0000 0.0000
100.0000 0.0000
101.0000 0.0000
102.0000 0.0000
103.0000 0.0000
104.0000 0.0000
105.0000 0.0000
106.0000 0.0000
107.0000 0.0000
108.0000 0.0000
109.0000 0.0000
110.0000 0.0000
111.0000 0.0000
112.0000 0.0000
113.0000 0.0000
114.0000 0.0000
115.0000 0.0000
116.0000 0.0000
117.0000 0.0000
118.0000 0.0000
119.0000 0.0000
120.0000 0.0000
121.0000 0.0000
122.0000 0.0000
123.0000 0.0000
124.0000 0.0000
125.0000 0.0000
126.0000 0.0000
127.0000 0.0000
128.0000 0.0000
129.0000 0.0000
130.0000 0.0000
131.0000 0.0000
132.0000 0.0000
133.0000 0.0000
134.0000 0.0000
135.0000 0.0000
136.0000 0.0000
137.0000 0.0000
138.0000 0.0000
139.0000 0.0000
140.0000 0.0000
141.0000 0.0000
142.0000 0.0000
143.0000 0.0000
144.0000 0.0000
145.0000 0.0000
146.0000 0.0000
147.0000 0.0000
148.0000 0.0000
149.0000 0.0000
150.0000 0.0000
151.0000 0.0000
152.0000 0.0000
153.0000 0.0000
154.0000 0.0000
155.0000 0.0000
156.0000 0.0000
157.0000 0.0000
158.0000 0.0000
159.0000 0.0000
160.0000 0.0000
161.0000 0.0000
162.0000 0.0000
163.0000 0.0000
164.0000 0.0000
165.0000 0.0000
166.0000 0.0000
167.0000 0.0000
168.0000 0.0000
169.0000 0.0000
170.0000 0.0000
171.0000 0.0000
172.0000 0.0000
173.0000 0.0000
174.0000 0.0000
175.0000 0.0000
176.0000 0.0000
177.0000 0.0000
178.0000 0.0000
179.0000 0.0000
180.0000 0.0000
181.0000 0.0000
182.0000 0.0000
183.0000 0.0000
184.0000 0.0000
185.0000 0.0000
186.0000 0.0000
187.0000 0.0000
188.0000 0.0000
189.0000 0.0000
190.0000 0.0000
191.0000 0.0000
192.0000 0.0000
193.0000 0.0000
194.0000 0.0000
195.0000 0.0000
196.0000 0.0000
197.0000 0.0000
198.0000 0.0000
199.0000 0.0000
200.0000 0.0000
201.0000 0.0000
202.0000 0.0000
203.0000 0.0000
204.0000 0.0000
205.0000 0.0000
206.0000 0.0000
207.0000 0.0000
208.0000 0.0000
209.0000 0.0000
210.0000 15.3974
211.0000 -13.9321
212.0000 15.3973
213.0000 -13.9320
214.0000 15.3972
215.0000 -13.9318
216.0000 15.3970
217.0000 -13.9317
218.0000 15.3969
219.0000 -13.9316
220.0000 15.3968
221.0000 -13.9315
222.0000 15.3967
223.0000 -13.9313
224.0000 15.3965
225.0000 -13.9312
226.0000 15.3964
227.0000 -13.9311
228.0000 15.3963
229.0000 -13.9310
230.0000 15.3962
231.0000 -13.9309
232.0000 15.3961
233.0000 -13.9307
234.0000 15.3959
235.0000 -13.9306
236.0000 15.3958
237.0000 -13.9305
238.0000 15.3957
239.0000 -13.9304
240.0000 15.3956
241.0000 -13.9302
242.0000 15.3954
243.0000 -13.9301
244.0000 15.3953
245.0000 -13.9300
246.0000 15.3952
247.0000 -13.9299
248.0000 15.3951
249.0000 -13.9298
250.0000 15.3950
251.0000 -13.9296
252.0000 15.3948
253.0000 -13.9295
254.0000 15.3947
255.0000 -13.9294
256.0000 15.3946
257.0000 -13.9293
258.0000 15.3945
259.0000 -13.9291
260.0000 15.3943
261.0000 -13.9290
262.0000 15.3942
263.0000 -13.9289
264.0000 15.3941
265.0000 -13.9288
266.0000 15.3940
267.0000 -13.9286
268.0000 15.3938
269.0000 -13.9285
270.0000 15.3937
271.0000 -13.9284
272.0000 15.3936
273.0000 -13.9283
274.0000 15.3935
275.0000 -13.9282
276.0000 15.3934
277.0000 -13.9280
278.0000 15.3932
279.0000 -13.9279
280.0000 15.3931
281.0000 -13.9278
282.0000 15.3930
283.0000 -13.9277
284.0000 15.3929
285.0000 -13.9275
286.0000 15.3927
287.0000 -13.9274
288.0000 15.3926
289.0000 -13.9273
290.0000 15.3925
291.0000 -13.9272
292.0000 15.3924
293.0000 -13.9271
294.0000 15.3923
295.0000 -13.9269
296.0000 15.3921
297.0000 -13.9268
298.0000 15.3920
299.0000 -13.9267
300.0000 15.3919
301.0000 -13.9266
302.0000 15.3918
303.0000 -13.9264
304.0000 15.3916
305.0000 -13.9263
306.0000 15.3915
307.0000 -13.9262
308.0000 15.3914
309.0000 -13.9261
310.0000 15.3913
311.0000 -13.9260
312.0000 15.3912
313.0000 -13.9258
314.0000 15.3910
315.0000 -13.9257
316.0000 15.3909
317.0000 -13.9256
318.0000 15.3908
319.0000 -13.9255
320.0000 15.3907
321.0000 -13.9253
322.0000 15.3905
323.0000 -13.9252
324.0000 15.3904
325.0000 -13.9251
326.0000 15.3903
327.0000 -13.9250
328.0000 15.3902
329.0000 -13.9249
330.0000 15.3901
331.0000 -13.9247
332.0000 15.3899
333.0000 -13.9246
334.0000 15.3898
335.0000 -13.9245
336.0000 15.3897
337.0000 -13.9244
338.0000 15.3896
339.0000 -13.9242
340.0000 15.3894
341.0000 -13.9241
342.0000 15.3893
343.0000 -13.9240
344.0000 15.3892
345.0000 -13.9239
346.0000 15.3891
347.0000 -13.9238
348.0000 15.3889
349.0000 -13.9236
350.0000 15.3888
351.0000 -13.9235
352.0000 15.3887
353.0000 -13.9234
354.0000 15.3886
355.0000 -13.9233
356.0000 15.3885
357.0000 -13.9231
358.0000 15.3883
359.0000 -13.9230
360.0000 15.3882
361.0000 -13.9229
362.0000 15.3881
363.0000 -13.9228
364.0000 15.3880
365.0000 -13.9226
366.0000 15.3878
367.0000 -13.9225
368.0000 15.3877
369.0000 -13.9224
370.0000 15.3876
371.0000 -13.9223
372.0000 15.3875
373.0000 -13.9222
374.0000 15.3874
375.0000 -13.9220
376.0000 15.3872
377.0000 -13.9219
378.0000 15.3871
379.0000 -13.9218
380.0000 15.3870
381.0000 -13.9217
382.0000 15.3869
383.0000 -13.9215
384.0000 15.3867
385.0000 -13.9214
386.0000 15.3866
387.0000 -13.9213
388.0000 15.3865
389.0000 -13.9212
390.0000 15.3864
391.0000 -13.9211
392.0000 15.3863
393.0000 -13.9209
394.0000 15.3861
395.0000 -13.9208
396.0000 15.3860
397.0000 -13.9207
398.0000 15.3859
399.0000 -13.9206
400.0000 15.3858
401.0000 -13.9204
402.0000 15.3856
403.0000 -13.9203
404.0000 15.3855
405.0000 -13.9202
406.0000 15.3854
407.0000 -13.9201
408.0000 15.3853
409.0000 -13.9200
410.0000 15.3852
411.0000 -13.9198
412.0000 15.3850
413.0000 -13.9197
414.0000 15.3849
415.0000 -13.9196
416.0000 15.3848
417.0000 -13.9195
418.0000 15.3847
419.0000 -13.9193
420.0000 15.3845
421.0000 -13.9192
422.0000 15.3844
423.0000 -13.9191
424.0000 15.3843
425.0000 -13.9190
426.0000 15.3842
427.0000 -13.9189
428.0000 15.3841
429.0000 -13.9187
430.0000 15.3839
431.0000 -13.9186
432.0000 15.3838
433.0000 -13.9185
434.0000 15.3837
435.0000 -13.9184
436.0000 15.3836
437.0000 -13.9182
438.0000 15.3834
439.0000 -13.9181
440.0000 15.3833
441.0000 -13.9180
442.0000 15.3832
443.0000 -13.9179
444.0000 15.3831
445.0000 -13.9178
446.0000 15.3830
447.0000 -13.9176
448.0000 15.3828
449.0000 -13.9175
450.0000 15.3827
451.0000 -13.9174
452.0000 15.3826
453.0000 -13.9173
454.0000 15.3825
455.0000 -13.9171
456.0000 15.3823
457.0000 -13.9170
458.0000 15.3822
459.0000 -13.9169
460.0000 15.3821
461.0000 -13.9168
462.0000 15.3820
463.0000 -13.9167
464.0000 15.3819
465.0000 -13.9165
466.0000 15.3817
467.0000 -13.9164
468.0000 15.3816
469.0000 -13.9163
470.0000 15.3815
471.0000 -13.9162
472.0000 15.3814
473.0000 -13.9160
474.0000 15.3812
475.0000 -13.9159
476.0000 15.3811
477.0000 -13.9158
478.0000 15.3810
479.0000 -13.9157
480.0000 15.3809
481.0000 -13.9156
482.0000 15.3807
483.0000 -13.9154
484.0000 15.3806
485.0000 -13.9153
486.0000 15.3805
487.0000 -13.9152
488.0000 15.3804
489.0000 -13.9151
490.0000 15.3803
491.0000 -13.9149
492.0000 15.3801
493.0000 -13.9148
494.0000 15.3800
495.0000 -13.9147
496.0000 15.3799
497.0000 -13.9146
498.0000 15.3798
499.0000 -13.9145
500.0000 15.3796
501.0000 -13.9143
502.0000 15.3795
503.0000 -13.9142
504.0000 15.3794
505.0000 -13.9141
506.0000 15.3793
507.0000 -13.9140
508.0000 15.3792
509.0000 -13.9138
510.0000 -15.4158
511.0000 13.9504
512.0000 -15.4156
513.0000 13.9503
514.0000 -15.4155
515.0000 13.9502
516.0000 -15.4154
517.0000 13.9501
518.0000 -15.4153
519.0000 13.9500
520.0000 -15.4152
521.0000 13.9498
522.0000 -15.4150
523.0000 13.9497
524.0000 -15.4149
525.0000 13.9496
526.0000 -15.4148
527.0000 13.9495
528.0000 -15.4147
529.0000 13.9493
530.0000 -15.4145
531.0000 13.9492
532.0000 -15.4144
533.0000 13.9491
534.0000 -15.4143
535.0000 13.9490
536.0000 -15.4142
537.0000 13.9488
538.0000 -15.4140
539.0000 13.9487
540.0000 -15.4139
541.0000 13.9486
542.0000 -15.4138
543.0000 13.9485
544.0000 -15.4137
545.0000 13.9484
546.0000 -15.4136
547.0000 13.9482
548.0000 -15.4134
549.0000 13.9481
550.0000 -15.4133
551.0000 13.9480
552.0000 -15.4132
553.0000 13.9479
554.0000 -15.4131
555.0000 13.9477
556.0000 -15.4129
557.0000 13.9476
558.0000 -15.4128
559.0000 13.9475
560.0000 -15.4127
561.0000 13.9474
562.0000 -15.4126
563.0000 13.9473
564.0000 -15.4125
565.0000 13.9471
566.0000 -15.4123
567.0000 13.9470
568.0000 -15.4122
569.0000 13.9469
570.0000 -15.4121
571.0000 13.9468
572.0000 -15.4120
573.0000 13.9466
574.0000 -15.4118
575.0000 13.9465
576.0000 -15.4117
577.0000 13.9464
578.0000 -15.4116
579.0000 13.9463
580.0000 -15.4115
581.0000 13.9462
582.0000 -15.4113
583.0000 13.9460
584.0000 -15.4112
585.0000 13.9459
586.0000 -15.4111
587.0000 13.9458
588.0000 -15.4110
589.0000 13.9457
590.0000 -15.4109
591.0000 13.9455
592.0000 -15.4107
593.0000 13.9454
594.0000 -15.4106
595.0000 13.9453
596.0000 -15.4105
597.0000 13.9452
598.0000 -15.4104
599.0000 13.9450
600.0000 -15.4102
601.0000 13.9449
602.0000 -15.4101
603.0000 13.9448
604.0000 -15.4100
605.0000 13.9447
606.0000 -15.4099
607.0000 13.9446
608.0000 -15.4098
609.0000 13.9444
610.0000 -15.4096
611.0000 13.9443
612.0000 -15.4095
613.0000 13.9442
614.0000 -15.4094
615.0000 13.9441
616.0000 -15.4093
617.0000 13.9439
618.0000 -15.4091
619.0000 13.9438
620.0000 -15.4090
621.0000 13.9437
622.0000 -15.4089
623.0000 13.9436
624.0000 -15.4088
625.0000 13.9435
626.0000 -15.4087
627.0000 13.9433
628.0000 -15.4085
629.0000 13.9432
630.0000 -15.4084
631.0000 13.9431
632.0000 -15.4083
633.0000 13.9430
634.0000 -15.4082
635.0000 13.9428
636.0000 -15.4080
637.0000 13.9427
638.0000 -15.4079
639.0000 13.9426
640.0000 -15.4078
641.0000 13.9425
642.0000 -15.4077
643.0000 13.9423
644.0000 -15.4075
645.0000 13.9422
646.0000 -15.4074
647.0000 13.9421
648.0000 -15.4073
649.0000 13.9420
650.0000 -15.4072
651.0000 13.9419
652.0000 -15.4071
653.0000 13.9417
654.0000 -15.4069
655.0000 13.9416
656.0000 -15.4068
657.0000 13.9415
658.0000 -15.4067
659.0000 13.9414
660.0000 -15.4066
661.0000 13.9412
662.0000 -15.4064
663.0000 13.9411
664.0000 -15.4063
665.0000 13.9410
666.0000 -15.4062
667.0000 13.9409
668.0000 -15.4061
669.0000 13.9408
670.0000 -15.4060
671.0000 13.9406
672.0000 -15.4058
673.0000 13.9405
674.0000 -15.4057
675.0000 13.9404
676.0000 -15.4056
677.0000 13.9403
678.0000 -15.4055
679.0000 13.9401
680.0000 -15.4053
681.0000 13.9400
682.0000 -15.4052
683.0000 13.9399
684.0000 -15.4051
685.0000 13.9398
686.0000 -15.4050
687.0000 13.9397
688.0000 -15.4049
689.0000 13.9395
690.0000 -15.4047
691.0000 13.9394
692.0000 -15.4046
693.0000 13.9393
694.0000 -15.4045
695.0000 13.9392
696.0000 -15.4044
697.0000 13.9390
698.0000 -15.4042
699.0000 13.9389
700.0000 -15.4041
701.0000 13.9388
702.0000 -15.4040
703.0000 13.9387
704.0000 -15.4039
705.0000 13.9386
706.0000 -15.4037
707.0000 13.9384
708.0000 -15.4036
709.0000 13.9383
710.0000 -15.4035
711.0000 13.9382
712.0000 -15.4034
713.0000 13.9381
714.0000 -15.4033
715.0000 13.9379
716.0000 -15.4031
717.0000 13.9378
718.0000 -15.4030
719.0000 13.9377
720.0000 -15.4029
721.0000 13.9376
722.0000 -15.4028
723.0000 13.9374
724.0000 -15.4026
725.0000 13.9373
726.0000 -15.4025
727.0000 13.9372
728.0000 -15.4024
729.0000 13.9371
730.0000 -15.4023
731.0000 13.9370
732.0000 -15.4022
733.0000 13.9368
734.0000 -15.4020
735.0000 13.9367
736.0000 -15.4019
737.0000 13.9366
738.0000 -15.4018
739.0000 13.9365
740.0000 -15.4017
741.0000 13.9363
742.0000 -15.4015
743.0000 13.9362
744.0000 -15.4014
745.0000 13.9361
746.0000 -15.4013
747.0000 13.9360
748.0000 -15.4012
749.0000 13.9359
750.0000 -15.4011
751.0000 13.9357
752.0000 -15.4009
753.0000 13.9356
754.0000 -15.4008
755.0000 13.9355
756.0000 -15.4007
757.0000 13.9354
758.0000 -15.4006
759.0000 13.9352
760.0000 -15.4004
761.0000 13.9351
762.0000 -15.4003
763.0000 13.9350
764.0000 -15.4002
765.0000 13.9349
766.0000 -15.4001
767.0000 13.9348
768.0000 -15.3999
769.0000 13.9346
770.0000 -15.3998
771.0000 13.9345
772.0000 -15.3997
773.0000 13.9344
774.0000 -15.3996
775.0000 13.9343
776.0000 -15.3995
777.0000 13.9341
778.0000 -15.3993
779.0000 13.9340
780.0000 -15.3992
781.0000 13.9339
782.0000 -15.3991
783.0000 13.9338
784.0000 -15.3990
785.0000 13.9336
786.0000 -15.3988
787.0000 13.9335
788.0000 -15.3987
789.0000 13.9334
790.0000 -15.3986
791.0000 13.9333
792.0000 -15.3985
793.0000 13.9332
794.0000 -15.3984
795.0000 13.9330
796.0000 -15.3982
797.0000 13.9329
798.0000 -15.3981
799.0000 13.9328
800.0000 -15.3980
801.0000 13.9327
802.0000 -15.3979
803.0000 13.9325
804.0000 -15.3977
805.0000 13.9324
806.0000 -15.3976
807.0000 13.9323
808.0000 -15.3975
809.0000 13.9322
810.0000 30.7948
811.0000 -27.8642
812.0000 30.7946
813.0000 -27.8639
814.0000 30.7943
815.0000 -27.8637
816.0000 30.7941
817.0000 -27.8634
818.0000 30.7938
819.0000 -27.8632
820.0000 30.7936
821.0000 -27.8630
822.0000 30.7934
823.0000 -27.8627
824.0000 30.7931
825.0000 -27.8625
826.0000 30.7929
827.0000 -27.8622
828.0000 30.7926
829.0000 -27.8620
830.0000 30.7924
831.0000 -27.8617
832.0000 30.7921
833.0000 -27.8615
834.0000 30.7919
835.0000 -27.8612
836.0000 30.7916
837.0000 -27.8610
838.0000 30.7914
839.0000 -27.8608
840.0000 30.7911
841.0000 -27.8605
842.0000 30.7909
843.0000 -27.8603
844.0000 30.7907
845.0000 -27.8600
846.0000 30.7904
847.0000 -27.8598
848.0000 30.7902
849.0000 -27.8595
850.0000 30.7899
851.0000 -27.8593
852.0000 30.7897
853.0000 -27.8590
854.0000 30.7894
855.0000 -27.8588
856.0000 30.7892
857.0000 -27.8585
858.0000 30.7889
859.0000 -27.8583
860.0000 30.7887
861.0000 -27.8581
862.0000 30.7885
863.0000 -27.8578
864.0000 30.7882
865.0000 -27.8576
866.0000 30.7880
867.0000 -27.8573
868.0000 30.7877
869.0000 -27.8571
870.0000 30.7875
871.0000 -27.8568
872.0000 30.7872
873.0000 -27.8566
874.0000 30.7870
875.0000 -27.8563
876.0000 30.7867
877.0000 -27.8561
878.0000 30.7865
879.0000 -27.8559
880.0000 30.7862
881.0000 -27.8556
882.0000 30.7860
883.0000 -27.8554
884.0000 30.7858
885.0000 -27.8551
886.0000 30.7855
887.0000 -27.8549
888.0000 30.7853
889.0000 -27.8546
890.0000 30.7850
891.0000 -27.8544
892.0000 30.7848
893.0000 -27.8541
894.0000 30.7845
895.0000 -27.8539
896.0000 30.7843
897.0000 -27.8536
898.0000 30.7840
899.0000 -27.8534
900.0000 30.7838
901.0000 -27.8532
902.0000 30.7836
903.0000 -27.8529
904.0000 30.7833
905.0000 -27.8527
906.0000 30.7831
907.0000 -27.8524
908.0000 30.7828
909.0000 -27.8522
910.0000 30.7826
