1.0000 0.0000
2.0000 0.0000
3.0000 0.0000
4.0000 0.0000
5.0000 0.0000
6.0000 0.0000
7.0000 0.0000
8.0000 0.0000
9.0000 0.0000
10.0000 0.0000
11.0000 0.0000
12.0000 0.0000
13.0000 0.0000
14.0000 0.0000
15.0000 0.0000
16.0000 0.0000
17.0000 0.0000
18.0000 0.0000
19.0000 0.0000
20.0000 0.0000
21.0000 0.0000
22.0000 0.0000
23.0000 0.0000
24.0000 0.0000
25.0000 0.0000
26.0000 0.0000
27.0000 0.0000
28.0000 0.0000
29.0000 0.0000
30.0000 0.0000
31.0000 0.0000
32.0000 0.0000
33.0000 0.0000
34.0000 0.0000
35.0000 0.0000
36.0000 0.0000
37.0000 0.0000
38.0000 0.0000
39.0000 0.0000
40.0000 0.0000
41.0000 0.0000
42.0000 0.0000
43.0000 0.0000
44.0000 0.0000
45.0000 0.0000
46.0000 0.0000
47.0000 0.0000
48.0000 0.0000
49.0000 0.0000
50.0000 0.0000
51.0000 0.0000
52.0000 0.0000
53.0000 0.0000
54.0000 0.0000
55.0000 0.0000
56.0000 0.0000
57.0000 0.0000
58.0000 0.0000
59.0000 0.0000
60.0000 0.0000
61.0000 0.0000
62.0000 0.0000
63.0000 0.0000
64.0000 0.0000
65.0000 0.0000
66.0000 0.0000
67.0000 0.0000
68.0000 0.0000
69.0000 0.0000
70.0000 0.0000
71.0000 0.0000
72.0000 0.0000
73.0000 0.0000
74.0000 0.0000
75.0000 0.0000
76.0000 0.0000
77.0000 0.0000
78.0000 0.0000
79.0000 0.0000
80.0000 0.0000
81.0000 0.0000
82.0000 0.0000
83.0000 0.0000
84.0000 0.0000
85.0000 0.0000
86.0000 0.0000
87.0000 0.0000
88.0000 0.0000
89.0000 0.0000
90.0000 0.0000
91.0000 0.0000
92.0000 0.0000
93.0000 0.0000
94.0000 0.0000
95.0000 0.0000
96.0000 0.0000
97.0000 0.0000
98.0000 0.0000
99.0000 0.0000
100.0000 0.0000
101.0000 0.0000
102.0000 0.0000
103.0000 0.0000
104.0000 0.0000
105.0000 0.0000
106.0000 0.0000
107.0000 0.0000
108.0000 0.0000
109.0000 0.0000
110.0000 0.0000
111.0000 0.0000
112.0000 0.0000
113.0000 0.0000
114.0000 0.0000
115.0000 0.0000
116.0000 0.0000
117.0000 0.0000
118.0000 0.0000
119.0000 0.0000
120.0000 0.0000
121.0000 0.0000
122.0000 0.0000
123.0000 0.0000
124.0000 0.0000
125.0000 0.0000
126.0000 0.0000
127.0000 0.0000
128.0000 0.0000
129.0000 0.0000
130.0000 0.0000
131.0000 0.0000
132.0000 0.0000
133.0000 0.0000
134.0000 0.0000
135.0000 0.0000
136.0000 0.0000
137.0000 0.0000
138.0000 0.0000
139.0000 0.0000
140.0000 0.0000
141.0000 0.0000
142.0000 0.0000
143.0000 0.0000
144.0000 0.0000
145.0000 0.0000
146.0000 0.0000
147.0000 0.0000
148.0000 0.0000
149.0000 0.0000
150.0000 0.0000
151.0000 0.0000
152.0000 0.0000
153.0000 0.0000
154.0000 0.0000
155.0000 0.0000
156.0000 0.0000
157.0000 0.0000
158.0000 0.0000
159.0000 0.0000
160.0000 0.0000
161.0000 0.0000
162.0000 0.0000
163.0000 0.0000
164.0000 0.0000
165.0000 0.0000
166.0000 0.0000
167.0000 0.0000
168.0000 0.0000
169.0000 0.0000
170.0000 0.0000
171.0000 0.0000
172.0000 0.0000
173.0000 0.0000
174.0000 0.0000
175.0000 0.0000
176.0000 0.0000
177.0000 0.0000
178.0000 0.0000
179.0000 0.0000
180.0000 0.0000
181.0000 0.0000
182.0000 0.0000
183.0000 0.0000
184.0000 0.0000
185.0000 0.0000
186.0000 0.0000
187.0000 0.0000
188.0000 0.0000
189.0000 0.0000
190.0000 0.0000
191.0000 0.0000
192.0000 0.0000
193.0000 0.0000
194.0000 0.0000
195.0000 0.0000
196.0000 0.0000
197.0000 0.0000
198.0000 0.0000
199.0000 0.0000
200.0000 0.0000
201.0000 0.0000
202.0000 0.0000
203.0000 0.0000
204.0000 0.0000
205.0000 0.0000
206.0000 0.0000
207.0000 0.0000
208.0000 0.0000
209.0000 0.0000
210.0000 0.0000
211.0000 5.1088
212.0000 -0.6439
213.0000 4.6073
214.0000 -1.0344
215.0000 4.3032
216.0000 -1.2713
217.0000 4.1187
218.0000 -1.4149
219.0000 4.0067
220.0000 -1.5020
221.0000 3.9389
222.0000 -1.5549
223.0000 3.8977
224.0000 -1.5869
225.0000 3.8727
226.0000 -1.6063
227.0000 3.8575
228.0000 -1.6181
229.0000 3.8483
230.0000 -1.6252
231.0000 3.8427
232.0000 -1.6295
233.0000 3.8393
234.0000 -1.6321
235.0000 3.8372
236.0000 -1.6337
237.0000 3.8360
238.0000 -1.6347
239.0000 3.8352
240.0000 -1.6352
241.0000 3.8347
242.0000 -1.6356
243.0000 3.8344
244.0000 -1.6358
245.0000 3.8342
246.0000 -1.6359
247.0000 3.8341
248.0000 -1.6359
249.0000 3.8340
250.0000 -1.6359
251.0000 3.8340
252.0000 -1.6359
253.0000 3.8339
254.0000 -1.6359
255.0000 3.8339
256.0000 -1.6359
257.0000 3.8338
258.0000 -1.6359
259.0000 3.8338
260.0000 -1.6359
261.0000 3.8338
262.0000 -1.6359
263.0000 3.8338
264.0000 -1.6359
265.0000 3.8337
266.0000 -1.6358
267.0000 3.8337
268.0000 -1.6358
269.0000 3.8337
270.0000 -1.6358
271.0000 3.8337
272.0000 -1.6358
273.0000 3.8336
274.0000 -1.6357
275.0000 3.8336
276.0000 -1.6357
277.0000 3.8336
278.0000 -1.6357
279.0000 3.8336
280.0000 -1.6357
281.0000 3.8336
282.0000 -1.6357
283.0000 3.8335
284.0000 -1.6356
285.0000 3.8335
286.0000 -1.6356
287.0000 3.8335
288.0000 -1.6356
289.0000 3.8335
290.0000 -1.6356
291.0000 3.8334
292.0000 -1.6355
293.0000 3.8334
294.0000 -1.6355
295.0000 3.8334
296.0000 -1.6355
297.0000 3.8334
298.0000 -1.6355
299.0000 3.8333
300.0000 -1.6354
301.0000 3.8333
302.0000 -1.6354
303.0000 3.8333
304.0000 -1.6354
305.0000 3.8333
306.0000 -1.6354
307.0000 3.8333
308.0000 -1.6354
309.0000 3.8332
310.0000 -1.6353
311.0000 3.8332
312.0000 -1.6353
313.0000 3.8332
314.0000 -1.6353
315.0000 3.8332
316.0000 -1.6353
317.0000 3.8331
318.0000 -1.6352
319.0000 3.8331
320.0000 -1.6352
321.0000 3.8331
322.0000 -1.6352
323.0000 3.8331
324.0000 -1.6352
325.0000 3.8330
326.0000 -1.6351
327.0000 3.8330
328.0000 -1.6351
329.0000 3.8330
330.0000 -1.6351
331.0000 3.8330
332.0000 -1.6351
333.0000 3.8330
334.0000 -1.6351
335.0000 3.8329
336.0000 -1.6350
337.0000 3.8329
338.0000 -1.6350
339.0000 3.8329
340.0000 -1.6350
341.0000 3.8329
342.0000 -1.6350
343.0000 3.8328
344.0000 -1.6349
345.0000 3.8328
346.0000 -1.6349
347.0000 3.8328
348.0000 -1.6349
349.0000 3.8328
350.0000 -1.6349
351.0000 3.8328
352.0000 -1.6349
353.0000 3.8327
354.0000 -1.6348
355.0000 3.8327
356.0000 -1.6348
357.0000 3.8327
358.0000 -1.6348
359.0000 3.8327
360.0000 -1.6348
361.0000 3.8326
362.0000 -1.6347
363.0000 3.8326
364.0000 -1.6347
365.0000 3.8326
366.0000 -1.6347
367.0000 3.8326
368.0000 -1.6347
369.0000 3.8325
370.0000 -1.6346
371.0000 3.8325
372.0000 -1.6346
373.0000 3.8325
374.0000 -1.6346
375.0000 3.8325
376.0000 -1.6346
377.0000 3.8325
378.0000 -1.6346
379.0000 3.8324
380.0000 -1.6345
381.0000 3.8324
382.0000 -1.6345
383.0000 3.8324
384.0000 -1.6345
385.0000 3.8324
386.0000 -1.6345
387.0000 3.8323
388.0000 -1.6344
389.0000 3.8323
390.0000 -1.6344
391.0000 3.8323
392.0000 -1.6344
393.0000 3.8323
394.0000 -1.6344
395.0000 3.8323
396.0000 -1.6343
397.0000 3.8322
398.0000 -1.6343
399.0000 3.8322
400.0000 -1.6343
401.0000 3.8322
402.0000 -1.6343
403.0000 3.8322
404.0000 -1.6343
405.0000 3.8321
406.0000 -1.6342
407.0000 3.8321
408.0000 -1.6342
409.0000 3.8321
410.0000 -1.6342
411.0000 3.8321
412.0000 -1.6342
413.0000 3.8320
414.0000 -1.6341
415.0000 3.8320
416.0000 -1.6341
417.0000 3.8320
418.0000 -1.6341
419.0000 3.8320
420.0000 -1.6341
421.0000 3.8320
422.0000 -1.6341
423.0000 3.8319
424.0000 -1.6340
425.0000 3.8319
426.0000 -1.6340
427.0000 3.8319
428.0000 -1.6340
429.0000 3.8319
430.0000 -1.6340
431.0000 3.8318
432.0000 -1.6339
433.0000 3.8318
434.0000 -1.6339
435.0000 3.8318
436.0000 -1.6339
437.0000 3.8318
438.0000 -1.6339
439.0000 3.8317
440.0000 -1.6338
441.0000 3.8317
442.0000 -1.6338
443.0000 3.8317
444.0000 -1.6338
445.0000 3.8317
446.0000 -1.6338
447.0000 3.8317
448.0000 -1.6338
449.0000 3.8316
450.0000 -1.6337
451.0000 3.8316
452.0000 -1.6337
453.0000 3.8316
454.0000 -1.6337
455.0000 3.8316
456.0000 -1.6337
457.0000 3.8315
458.0000 -1.6336
459.0000 3.8315
460.0000 -1.6336
461.0000 3.8315
462.0000 -1.6336
463.0000 3.8315
464.0000 -1.6336
465.0000 3.8315
466.0000 -1.6336
467.0000 3.8314
468.0000 -1.6335
469.0000 3.8314
470.0000 -1.6335
471.0000 3.8314
472.0000 -1.6335
473.0000 3.8314
474.0000 -1.6335
475.0000 3.8313
476.0000 -1.6334
477.0000 3.8313
478.0000 -1.6334
479.0000 3.8313
480.0000 -1.6334
481.0000 3.8313
482.0000 -1.6334
483.0000 3.8312
484.0000 -1.6333
485.0000 3.8312
486.0000 -1.6333
487.0000 3.8312
488.0000 -1.6333
489.0000 3.8312
490.0000 -1.6333
491.0000 3.8312
492.0000 -1.6333
493.0000 3.8311
494.0000 -1.6332
495.0000 3.8311
496.0000 -1.6332
497.0000 3.8311
498.0000 -1.6332
499.0000 3.8311
500.0000 -1.6332
501.0000 3.8310
502.0000 -1.6331
503.0000 3.8310
504.0000 -1.6331
505.0000 3.8310
506.0000 -1.6331
507.0000 3.8310
508.0000 -1.6331
509.0000 3.8309
510.0000 -1.6330
511.0000 -6.3868
512.0000 -0.3453
513.0000 -5.3838
514.0000 0.4358
515.0000 -4.7754
516.0000 0.9095
517.0000 -4.4065
518.0000 1.1969
519.0000 -4.1827
520.0000 1.3711
521.0000 -4.0469
522.0000 1.4768
523.0000 -3.9645
524.0000 1.5409
525.0000 -3.9146
526.0000 1.5798
527.0000 -3.8843
528.0000 1.6033
529.0000 -3.8659
530.0000 1.6176
531.0000 -3.8547
532.0000 1.6263
533.0000 -3.8479
534.0000 1.6315
535.0000 -3.8438
536.0000 1.6347
537.0000 -3.8413
538.0000 1.6366
539.0000 -3.8398
540.0000 1.6377
541.0000 -3.8388
542.0000 1.6384
543.0000 -3.8383
544.0000 1.6388
545.0000 -3.8379
546.0000 1.6391
547.0000 -3.8377
548.0000 1.6392
549.0000 -3.8375
550.0000 1.6393
551.0000 -3.8374
552.0000 1.6393
553.0000 -3.8374
554.0000 1.6393
555.0000 -3.8373
556.0000 1.6393
557.0000 -3.8373
558.0000 1.6393
559.0000 -3.8372
560.0000 1.6393
561.0000 -3.8372
562.0000 1.6393
563.0000 -3.8372
564.0000 1.6393
565.0000 -3.8372
566.0000 1.6393
567.0000 -3.8371
568.0000 1.6392
569.0000 -3.8371
570.0000 1.6392
571.0000 -3.8371
572.0000 1.6392
573.0000 -3.8371
574.0000 1.6392
575.0000 -3.8370
576.0000 1.6391
577.0000 -3.8370
578.0000 1.6391
579.0000 -3.8370
580.0000 1.6391
581.0000 -3.8370
582.0000 1.6391
583.0000 -3.8370
584.0000 1.6391
585.0000 -3.8369
586.0000 1.6390
587.0000 -3.8369
588.0000 1.6390
589.0000 -3.8369
590.0000 1.6390
591.0000 -3.8369
592.0000 1.6390
593.0000 -3.8368
594.0000 1.6389
595.0000 -3.8368
596.0000 1.6389
597.0000 -3.8368
598.0000 1.6389
599.0000 -3.8368
600.0000 1.6389
601.0000 -3.8367
602.0000 1.6388
603.0000 -3.8367
604.0000 1.6388
605.0000 -3.8367
606.0000 1.6388
607.0000 -3.8367
608.0000 1.6388
609.0000 -3.8367
610.0000 1.6388
611.0000 -3.8366
612.0000 1.6387
613.0000 -3.8366
614.0000 1.6387
615.0000 -3.8366
616.0000 1.6387
617.0000 -3.8366
618.0000 1.6387
619.0000 -3.8365
620.0000 1.6386
621.0000 -3.8365
622.0000 1.6386
623.0000 -3.8365
624.0000 1.6386
625.0000 -3.8365
626.0000 1.6386
627.0000 -3.8365
628.0000 1.6386
629.0000 -3.8364
630.0000 1.6385
631.0000 -3.8364
632.0000 1.6385
633.0000 -3.8364
634.0000 1.6385
635.0000 -3.8364
636.0000 1.6385
637.0000 -3.8363
638.0000 1.6384
639.0000 -3.8363
640.0000 1.6384
641.0000 -3.8363
642.0000 1.6384
643.0000 -3.8363
644.0000 1.6384
645.0000 -3.8362
646.0000 1.6383
647.0000 -3.8362
648.0000 1.6383
649.0000 -3.8362
650.0000 1.6383
651.0000 -3.8362
652.0000 1.6383
653.0000 -3.8362
654.0000 1.6383
655.0000 -3.8361
656.0000 1.6382
657.0000 -3.8361
658.0000 1.6382
659.0000 -3.8361
660.0000 1.6382
661.0000 -3.8361
662.0000 1.6382
663.0000 -3.8360
664.0000 1.6381
665.0000 -3.8360
666.0000 1.6381
667.0000 -3.8360
668.0000 1.6381
669.0000 -3.8360
670.0000 1.6381
671.0000 -3.8359
672.0000 1.6380
673.0000 -3.8359
674.0000 1.6380
675.0000 -3.8359
676.0000 1.6380
677.0000 -3.8359
678.0000 1.6380
679.0000 -3.8359
680.0000 1.6380
681.0000 -3.8358
682.0000 1.6379
683.0000 -3.8358
684.0000 1.6379
685.0000 -3.8358
686.0000 1.6379
687.0000 -3.8358
688.0000 1.6379
689.0000 -3.8357
690.0000 1.6378
691.0000 -3.8357
692.0000 1.6378
693.0000 -3.8357
694.0000 1.6378
695.0000 -3.8357
696.0000 1.6378
697.0000 -3.8357
698.0000 1.6377
699.0000 -3.8356
700.0000 1.6377
701.0000 -3.8356
702.0000 1.6377
703.0000 -3.8356
704.0000 1.6377
705.0000 -3.8356
706.0000 1.6377
707.0000 -3.8355
708.0000 1.6376
709.0000 -3.8355
710.0000 1.6376
711.0000 -3.8355
712.0000 1.6376
713.0000 -3.8355
714.0000 1.6376
715.0000 -3.8354
716.0000 1.6375
717.0000 -3.8354
718.0000 1.6375
719.0000 -3.8354
720.0000 1.6375
721.0000 -3.8354
722.0000 1.6375
723.0000 -3.8354
724.0000 1.6375
725.0000 -3.8353
726.0000 1.6374
727.0000 -3.8353
728.0000 1.6374
729.0000 -3.8353
730.0000 1.6374
731.0000 -3.8353
732.0000 1.6374
733.0000 -3.8352
734.0000 1.6373
735.0000 -3.8352
736.0000 1.6373
737.0000 -3.8352
738.0000 1.6373
739.0000 -3.8352
740.0000 1.6373
741.0000 -3.8351
742.0000 1.6372
743.0000 -3.8351
744.0000 1.6372
745.0000 -3.8351
746.0000 1.6372
747.0000 -3.8351
748.0000 1.6372
749.0000 -3.8351
750.0000 1.6372
751.0000 -3.8350
752.0000 1.6371
753.0000 -3.8350
754.0000 1.6371
755.0000 -3.8350
756.0000 1.6371
757.0000 -3.8350
758.0000 1.6371
759.0000 -3.8349
760.0000 1.6370
761.0000 -3.8349
762.0000 1.6370
763.0000 -3.8349
764.0000 1.6370
765.0000 -3.8349
766.0000 1.6370
767.0000 -3.8349
768.0000 1.6369
769.0000 -3.8348
770.0000 1.6369
771.0000 -3.8348
772.0000 1.6369
773.0000 -3.8348
774.0000 1.6369
775.0000 -3.8348
776.0000 1.6369
777.0000 -3.8347
778.0000 1.6368
779.0000 -3.8347
780.0000 1.6368
781.0000 -3.8347
782.0000 1.6368
783.0000 -3.8347
784.0000 1.6368
785.0000 -3.8346
786.0000 1.6367
787.0000 -3.8346
788.0000 1.6367
789.0000 -3.8346
790.0000 1.6367
791.0000 -3.8346
792.0000 1.6367
793.0000 -3.8346
794.0000 1.6367
795.0000 -3.8345
796.0000 1.6366
797.0000 -3.8345
798.0000 1.6366
799.0000 -3.8345
800.0000 1.6366
801.0000 -3.8345
802.0000 1.6366
803.0000 -3.8344
804.0000 1.6365
805.0000 -3.8344
806.0000 1.6365
807.0000 -3.8344
808.0000 1.6365
809.0000 -3.8344
810.0000 1.6365
811.0000 11.4922
812.0000 -0.2952
813.0000 9.9877
814.0000 -1.4668
815.0000 9.0752
816.0000 -2.1774
817.0000 8.5217
818.0000 -2.6084
819.0000 8.1860
820.0000 -2.8697
821.0000 7.9823
822.0000 -3.0283
823.0000 7.8588
824.0000 -3.1244
825.0000 7.7838
826.0000 -3.1827
827.0000 7.7384
828.0000 -3.2180
829.0000 7.7108
830.0000 -3.2394
831.0000 7.6940
832.0000 -3.2524
833.0000 7.6838
834.0000 -3.2602
835.0000 7.6776
836.0000 -3.2650
837.0000 7.6739
838.0000 -3.2678
839.0000 7.6716
840.0000 -3.2696
841.0000 7.6701
842.0000 -3.2706
843.0000 7.6693
844.0000 -3.2712
845.0000 7.6687
846.0000 -3.2715
847.0000 7.6684
848.0000 -3.2717
849.0000 7.6681
850.0000 -3.2718
851.0000 7.6680
852.0000 -3.2719
853.0000 7.6679
854.0000 -3.2719
855.0000 7.6678
856.0000 -3.2719
857.0000 7.6677
858.0000 -3.2718
859.0000 7.6676
860.0000 -3.2718
861.0000 7.6676
862.0000 -3.2718
863.0000 7.6675
864.0000 -3.2717
865.0000 7.6675
866.0000 -3.2717
867.0000 7.6674
868.0000 -3.2716
869.0000 7.6674
870.0000 -3.2716
871.0000 7.6673
872.0000 -3.2715
873.0000 7.6673
874.0000 -3.2715
875.0000 7.6672
876.0000 -3.2714
877.0000 7.6672
878.0000 -3.2714
879.0000 7.6672
880.0000 -3.2714
881.0000 7.6671
882.0000 -3.2713
883.0000 7.6671
884.0000 -3.2713
885.0000 7.6670
886.0000 -3.2712
887.0000 7.6670
888.0000 -3.2712
889.0000 7.6669
890.0000 -3.2711
891.0000 7.6669
892.0000 -3.2711
893.0000 7.6668
894.0000 -3.2710
895.0000 7.6668
896.0000 -3.2710
897.0000 7.6667
898.0000 -3.2709
899.0000 7.6667
900.0000 -3.2709
901.0000 7.6667
902.0000 -3.2709
903.0000 7.6666
904.0000 -3.2708
905.0000 7.6666
906.0000 -3.2708
907.0000 7.6665
908.0000 -3.2707
909.0000 7.6665
910.0000 -3.2707
