1.0000 0.0000
2.0000 0.0000
3.0000 0.0000
4.0000 0.0000
5.0000 0.0000
6.0000 0.0000
7.0000 0.0000
8.0000 0.0000
9.0000 0.0000
10.0000 -0.1398
11.0000 -0.2293
12.0000 -0.2626
13.0000 -0.2553
14.0000 -0.2272
15.0000 -0.1930
16.0000 -0.1607
17.0000 -0.1336
18.0000 -0.1123
19.0000 -0.0963
20.0000 -0.0846
21.0000 -0.0764
22.0000 -0.0709
23.0000 -0.0678
24.0000 -0.0665
25.0000 -0.0666
26.0000 -0.0678
27.0000 -0.0698
28.0000 -0.0723
29.0000 -0.0750
30.0000 -0.0778
31.0000 -0.0806
32.0000 -0.0833
33.0000 -0.0858
34.0000 -0.0881
35.0000 -0.0902
36.0000 -0.0921
37.0000 -0.0938
38.0000 -0.0952
39.0000 -0.0966
40.0000 -0.0978
41.0000 -0.0990
42.0000 -0.1001
43.0000 -0.1012
44.0000 -0.1021
45.0000 -0.1030
46.0000 -0.1039
47.0000 -0.1047
48.0000 -0.1055
49.0000 -0.1063
50.0000 -0.1071
51.0000 -0.1078
52.0000 -0.1086
53.0000 -0.1093
54.0000 -0.1100
55.0000 -0.1106
56.0000 -0.1113
57.0000 -0.1119
58.0000 -0.1125
59.0000 -0.1130
60.0000 -0.1135
61.0000 -0.1140
62.0000 -0.1145
63.0000 -0.1150
64.0000 -0.1154
65.0000 -0.1158
66.0000 -0.1162
67.0000 -0.1166
68.0000 -0.1170
69.0000 -0.1173
70.0000 -0.1177
71.0000 -0.1179
72.0000 -0.1183
73.0000 -0.1185
74.0000 -0.1188
75.0000 -0.1191
76.0000 -0.1193
77.0000 -0.1196
78.0000 -0.1198
79.0000 -0.1200
80.0000 -0.1202
81.0000 -0.1204
82.0000 -0.1206
83.0000 -0.1207
84.0000 -0.1209
85.0000 -0.1211
86.0000 -0.1213
87.0000 -0.1214
88.0000 -0.1215
89.0000 -0.1216
90.0000 -0.1218
91.0000 -0.1219
92.0000 -0.1221
93.0000 -0.1222
94.0000 -0.1223
95.0000 -0.1223
96.0000 -0.1224
97.0000 -0.1225
98.0000 -0.1226
99.0000 -0.1226
100.0000 -0.1228
101.0000 -0.1229
102.0000 -0.1229
103.0000 -0.1229
104.0000 -0.1230
105.0000 -0.1231
106.0000 -0.1231
107.0000 -0.1231
108.0000 -0.1232
109.0000 -0.1233
110.0000 0.4741
111.0000 0.6814
112.0000 0.6894
113.0000 0.6230
114.0000 0.5497
115.0000 0.4970
116.0000 0.4699
117.0000 0.4633
118.0000 0.4694
119.0000 0.4813
120.0000 0.4944
121.0000 0.5061
122.0000 0.5155
123.0000 0.5224
124.0000 0.5272
125.0000 0.5306
126.0000 0.5328
127.0000 0.5343
128.0000 0.5355
129.0000 0.5365
130.0000 0.5375
131.0000 0.5386
132.0000 0.5397
133.0000 0.5410
134.0000 0.5424
135.0000 0.5439
136.0000 0.5455
137.0000 0.5472
138.0000 0.5491
139.0000 0.5510
140.0000 0.5529
141.0000 0.5549
142.0000 0.5568
143.0000 0.5586
144.0000 0.5605
145.0000 0.5623
146.0000 0.5641
147.0000 0.5660
148.0000 0.5678
149.0000 0.5695
150.0000 0.5711
151.0000 0.5728
152.0000 0.5744
153.0000 0.5760
154.0000 0.5775
155.0000 0.5790
156.0000 0.5805
157.0000 0.5820
158.0000 0.5834
159.0000 0.5848
160.0000 0.5861
161.0000 0.5875
162.0000 0.5888
163.0000 0.5901
164.0000 0.5914
165.0000 0.5927
166.0000 0.5939
167.0000 0.5952
168.0000 0.5964
169.0000 0.5975
170.0000 0.5986
171.0000 0.5997
172.0000 0.6008
173.0000 0.6018
174.0000 0.6028
175.0000 0.6038
176.0000 0.6048
177.0000 0.6058
178.0000 0.6068
179.0000 0.6077
180.0000 0.6086
181.0000 0.6095
182.0000 0.6104
183.0000 0.6113
184.0000 0.6121
185.0000 0.6129
186.0000 0.6136
187.0000 0.6144
188.0000 0.6152
189.0000 0.6159
190.0000 0.6167
191.0000 0.6174
192.0000 0.6181
193.0000 0.6187
194.0000 0.6194
195.0000 0.6200
196.0000 0.6207
197.0000 0.6213
198.0000 0.6219
199.0000 0.6225
200.0000 0.6230
201.0000 0.6236
202.0000 0.6242
203.0000 0.6248
204.0000 0.6253
205.0000 0.6259
206.0000 0.6264
207.0000 0.6268
208.0000 0.6273
209.0000 0.6278
210.0000 0.8869
211.0000 0.9457
212.0000 0.9038
213.0000 0.8237
214.0000 0.7389
215.0000 0.6640
216.0000 0.6036
217.0000 0.5571
218.0000 0.5225
219.0000 0.4971
220.0000 0.4788
221.0000 0.4661
222.0000 0.4577
223.0000 0.4527
224.0000 0.4502
225.0000 0.4497
226.0000 0.4506
227.0000 0.4524
228.0000 0.4546
229.0000 0.4570
230.0000 0.4593
231.0000 0.4614
232.0000 0.4633
233.0000 0.4647
234.0000 0.4657
235.0000 0.4665
236.0000 0.4669
237.0000 0.4670
238.0000 0.4670
239.0000 0.4668
240.0000 0.4665
241.0000 0.4660
242.0000 0.4656
243.0000 0.4651
244.0000 0.4646
245.0000 0.4641
246.0000 0.4636
247.0000 0.4631
248.0000 0.4625
249.0000 0.4620
250.0000 0.4615
251.0000 0.4610
252.0000 0.4606
253.0000 0.4601
254.0000 0.4596
255.0000 0.4591
256.0000 0.4586
257.0000 0.4581
258.0000 0.4575
259.0000 0.4570
260.0000 0.4564
261.0000 0.4559
262.0000 0.4553
263.0000 0.4548
264.0000 0.4542
265.0000 0.4537
266.0000 0.4532
267.0000 0.4526
268.0000 0.4520
269.0000 0.4515
270.0000 0.4510
271.0000 0.4505
272.0000 0.4499
273.0000 0.4494
274.0000 0.4488
275.0000 0.4483
276.0000 0.4478
277.0000 0.4472
278.0000 0.4467
279.0000 0.4462
280.0000 0.4457
281.0000 0.4452
282.0000 0.4447
283.0000 0.4442
284.0000 0.4437
285.0000 0.4433
286.0000 0.4428
287.0000 0.4423
288.0000 0.4419
289.0000 0.4415
290.0000 0.4411
291.0000 0.4407
292.0000 0.4402
293.0000 0.4398
294.0000 0.4394
295.0000 0.4390
296.0000 0.4386
297.0000 0.4382
298.0000 0.4378
299.0000 0.4374
300.0000 0.4371
301.0000 0.4368
302.0000 0.4365
303.0000 0.4361
304.0000 0.4358
305.0000 0.4354
306.0000 0.4351
307.0000 0.4347
308.0000 0.4344
309.0000 0.4341
310.0000 0.7134
311.0000 0.8921
312.0000 0.9584
313.0000 0.9437
314.0000 0.8872
315.0000 0.8185
316.0000 0.7536
317.0000 0.6992
318.0000 0.6563
319.0000 0.6239
320.0000 0.6003
321.0000 0.5837
322.0000 0.5725
323.0000 0.5660
324.0000 0.5631
325.0000 0.5632
326.0000 0.5654
327.0000 0.5691
328.0000 0.5739
329.0000 0.5791
330.0000 0.5846
331.0000 0.5900
332.0000 0.5951
333.0000 0.6000
334.0000 0.6044
335.0000 0.6084
336.0000 0.6120
337.0000 0.6152
338.0000 0.6179
339.0000 0.6205
340.0000 0.6228
341.0000 0.6251
342.0000 0.6271
343.0000 0.6290
344.0000 0.6307
345.0000 0.6325
346.0000 0.6341
347.0000 0.6356
348.0000 0.6371
349.0000 0.6385
350.0000 0.6399
351.0000 0.6412
352.0000 0.6426
353.0000 0.6439
354.0000 0.6452
355.0000 0.6464
356.0000 0.6475
357.0000 0.6487
358.0000 0.6498
359.0000 0.6507
360.0000 0.6516
361.0000 0.6524
362.0000 0.6534
363.0000 0.6542
364.0000 0.6549
365.0000 0.6557
366.0000 0.6564
367.0000 0.6571
368.0000 0.6577
369.0000 0.6583
370.0000 0.6589
371.0000 0.6594
372.0000 0.6599
373.0000 0.6604
374.0000 0.6609
375.0000 0.6614
376.0000 0.6618
377.0000 0.6622
378.0000 0.6626
379.0000 0.6629
380.0000 0.6633
381.0000 0.6636
382.0000 0.6639
383.0000 0.6641
384.0000 0.6644
385.0000 0.6647
386.0000 0.6650
387.0000 0.6652
388.0000 0.6653
389.0000 0.6655
390.0000 0.6658
391.0000 0.6660
392.0000 0.6662
393.0000 0.6665
394.0000 0.6665
395.0000 0.6666
396.0000 0.6667
397.0000 0.6668
398.0000 0.6669
399.0000 0.6670
400.0000 0.6672
401.0000 0.6674
402.0000 0.6673
403.0000 0.6673
404.0000 0.6674
405.0000 0.6674
406.0000 0.6674
407.0000 0.6675
408.0000 0.6675
409.0000 0.6676
410.0000 -0.5271
411.0000 -0.9419
412.0000 -0.9578
413.0000 -0.8251
414.0000 -0.6785
415.0000 -0.5731
416.0000 -0.5191
417.0000 -0.5059
418.0000 -0.5180
419.0000 -0.5419
420.0000 -0.5681
421.0000 -0.5917
422.0000 -0.6105
423.0000 -0.6243
424.0000 -0.6340
425.0000 -0.6408
426.0000 -0.6452
427.0000 -0.6483
428.0000 -0.6507
429.0000 -0.6528
430.0000 -0.6549
431.0000 -0.6570
432.0000 -0.6594
433.0000 -0.6620
434.0000 -0.6648
435.0000 -0.6679
436.0000 -0.6711
437.0000 -0.6746
438.0000 -0.6782
439.0000 -0.6820
440.0000 -0.6860
441.0000 -0.6899
442.0000 -0.6938
443.0000 -0.6975
444.0000 -0.7012
445.0000 -0.7050
446.0000 -0.7086
447.0000 -0.7123
448.0000 -0.7159
449.0000 -0.7193
450.0000 -0.7227
451.0000 -0.7259
452.0000 -0.7292
453.0000 -0.7324
454.0000 -0.7355
455.0000 -0.7386
456.0000 -0.7415
457.0000 -0.7444
458.0000 -0.7474
459.0000 -0.7502
460.0000 -0.7529
461.0000 -0.7556
462.0000 -0.7583
463.0000 -0.7609
464.0000 -0.7635
465.0000 -0.7660
466.0000 -0.7685
467.0000 -0.7710
468.0000 -0.7734
469.0000 -0.7757
470.0000 -0.7779
471.0000 -0.7801
472.0000 -0.7824
473.0000 -0.7845
474.0000 -0.7865
475.0000 -0.7884
476.0000 -0.7904
477.0000 -0.7925
478.0000 -0.7944
479.0000 -0.7963
480.0000 -0.7981
481.0000 -0.7998
482.0000 -0.8017
483.0000 -0.8035
484.0000 -0.8051
485.0000 -0.8067
486.0000 -0.8082
487.0000 -0.8098
488.0000 -0.8112
489.0000 -0.8127
490.0000 -0.8143
491.0000 -0.8158
492.0000 -0.8171
493.0000 -0.8185
494.0000 -0.8198
495.0000 -0.8211
496.0000 -0.8224
497.0000 -0.8236
498.0000 -0.8248
499.0000 -0.8259
500.0000 -0.8271
501.0000 -0.8282
502.0000 -0.8294
503.0000 -0.8306
504.0000 -0.8317
505.0000 -0.8328
506.0000 -0.8338
507.0000 -0.8347
508.0000 -0.8357
509.0000 -0.8366
510.0000 -1.3550
511.0000 -1.4725
512.0000 -1.3887
513.0000 -1.2285
514.0000 -1.0588
515.0000 -0.9092
516.0000 -0.7883
517.0000 -0.6954
518.0000 -0.6261
519.0000 -0.5753
520.0000 -0.5388
521.0000 -0.5133
522.0000 -0.4965
523.0000 -0.4864
524.0000 -0.4816
525.0000 -0.4806
526.0000 -0.4824
527.0000 -0.4860
528.0000 -0.4904
529.0000 -0.4951
530.0000 -0.4998
531.0000 -0.5040
532.0000 -0.5077
533.0000 -0.5105
534.0000 -0.5127
535.0000 -0.5142
536.0000 -0.5150
537.0000 -0.5153
538.0000 -0.5151
539.0000 -0.5147
540.0000 -0.5141
541.0000 -0.5133
542.0000 -0.5124
543.0000 -0.5114
544.0000 -0.5104
545.0000 -0.5094
546.0000 -0.5083
547.0000 -0.5073
548.0000 -0.5063
549.0000 -0.5053
550.0000 -0.5043
551.0000 -0.5033
552.0000 -0.5023
553.0000 -0.5014
554.0000 -0.5004
555.0000 -0.4995
556.0000 -0.4984
557.0000 -0.4974
558.0000 -0.4963
559.0000 -0.4952
560.0000 -0.4941
561.0000 -0.4930
562.0000 -0.4919
563.0000 -0.4908
564.0000 -0.4897
565.0000 -0.4887
566.0000 -0.4876
567.0000 -0.4864
568.0000 -0.4853
569.0000 -0.4842
570.0000 -0.4832
571.0000 -0.4822
572.0000 -0.4811
573.0000 -0.4800
574.0000 -0.4789
575.0000 -0.4778
576.0000 -0.4768
577.0000 -0.4757
578.0000 -0.4747
579.0000 -0.4737
580.0000 -0.4727
581.0000 -0.4717
582.0000 -0.4707
583.0000 -0.4697
584.0000 -0.4687
585.0000 -0.4679
586.0000 -0.4669
587.0000 -0.4659
588.0000 -0.4651
589.0000 -0.4644
590.0000 -0.4635
591.0000 -0.4626
592.0000 -0.4617
593.0000 -0.4609
594.0000 -0.4601
595.0000 -0.4592
596.0000 -0.4584
597.0000 -0.4576
598.0000 -0.4568
599.0000 -0.4561
600.0000 -0.4555
601.0000 -0.4549
602.0000 -0.4543
603.0000 -0.4536
604.0000 -0.4528
605.0000 -0.4521
606.0000 -0.4514
607.0000 -0.4507
608.0000 -0.4501
609.0000 -0.4495
610.0000 -0.8683
611.0000 -1.1363
612.0000 -1.2355
613.0000 -1.2132
614.0000 -1.1284
615.0000 -1.0252
616.0000 -0.9278
617.0000 -0.8461
618.0000 -0.7815
619.0000 -0.7329
620.0000 -0.6973
621.0000 -0.6723
622.0000 -0.6554
623.0000 -0.6455
624.0000 -0.6410
625.0000 -0.6411
626.0000 -0.6443
627.0000 -0.6498
628.0000 -0.6568
629.0000 -0.6645
630.0000 -0.6727
631.0000 -0.6806
632.0000 -0.6883
633.0000 -0.6954
634.0000 -0.7019
635.0000 -0.7079
636.0000 -0.7132
637.0000 -0.7179
638.0000 -0.7219
639.0000 -0.7257
640.0000 -0.7291
641.0000 -0.7324
642.0000 -0.7353
643.0000 -0.7382
644.0000 -0.7407
645.0000 -0.7432
646.0000 -0.7455
647.0000 -0.7477
648.0000 -0.7499
649.0000 -0.7520
650.0000 -0.7540
651.0000 -0.7559
652.0000 -0.7579
653.0000 -0.7598
654.0000 -0.7616
655.0000 -0.7634
656.0000 -0.7650
657.0000 -0.7668
658.0000 -0.7683
659.0000 -0.7696
660.0000 -0.7709
661.0000 -0.7722
662.0000 -0.7736
663.0000 -0.7747
664.0000 -0.7758
665.0000 -0.7769
666.0000 -0.7778
667.0000 -0.7789
668.0000 -0.7797
669.0000 -0.7806
670.0000 -0.7814
671.0000 -0.7821
672.0000 -0.7829
673.0000 -0.7836
674.0000 -0.7842
675.0000 -0.7849
676.0000 -0.7856
677.0000 -0.7861
678.0000 -0.7867
679.0000 -0.7871
680.0000 -0.7877
681.0000 -0.7880
682.0000 -0.7884
683.0000 -0.7888
684.0000 -0.7892
685.0000 -0.7897
686.0000 -0.7900
687.0000 -0.7903
688.0000 -0.7904
689.0000 -0.7907
690.0000 -0.7911
691.0000 -0.7913
692.0000 -0.7917
693.0000 -0.7920
694.0000 -0.7921
695.0000 -0.7921
696.0000 -0.7922
697.0000 -0.7925
698.0000 -0.7926
699.0000 -0.7927
700.0000 -0.7929
701.0000 -0.7932
702.0000 -0.7930
703.0000 -0.7930
704.0000 -0.7931
705.0000 -0.7931
706.0000 -0.7930
707.0000 -0.7931
708.0000 -0.7932
709.0000 -0.7933
710.0000 0.9988
711.0000 1.6211
712.0000 1.6450
713.0000 1.4458
714.0000 1.2260
715.0000 1.0680
716.0000 0.9869
717.0000 0.9672
718.0000 0.9854
719.0000 1.0212
720.0000 1.0606
721.0000 1.0959
722.0000 1.1241
723.0000 1.1449
724.0000 1.1596
725.0000 1.1696
726.0000 1.1763
727.0000 1.1811
728.0000 1.1847
729.0000 1.1878
730.0000 1.1910
731.0000 1.1942
732.0000 1.1978
733.0000 1.2016
734.0000 1.2059
735.0000 1.2105
736.0000 1.2153
737.0000 1.2206
738.0000 1.2261
739.0000 1.2318
740.0000 1.2377
741.0000 1.2436
742.0000 1.2495
743.0000 1.2551
744.0000 1.2606
745.0000 1.2663
746.0000 1.2717
747.0000 1.2773
748.0000 1.2827
749.0000 1.2878
750.0000 1.2929
751.0000 1.2978
752.0000 1.3027
753.0000 1.3076
754.0000 1.3122
755.0000 1.3168
756.0000 1.3213
757.0000 1.3256
758.0000 1.3300
759.0000 1.3342
760.0000 1.3383
761.0000 1.3425
762.0000 1.3465
763.0000 1.3504
764.0000 1.3543
765.0000 1.3581
766.0000 1.3618
767.0000 1.3656
768.0000 1.3692
769.0000 1.3726
770.0000 1.3759
771.0000 1.3793
772.0000 1.3826
773.0000 1.3858
774.0000 1.3888
775.0000 1.3917
776.0000 1.3948
777.0000 1.3978
778.0000 1.4008
779.0000 1.4036
780.0000 1.4062
781.0000 1.4089
782.0000 1.4117
783.0000 1.4143
784.0000 1.4168
785.0000 1.4192
786.0000 1.4215
787.0000 1.4238
788.0000 1.4260
789.0000 1.4282
790.0000 1.4306
791.0000 1.4328
792.0000 1.4349
793.0000 1.4369
794.0000 1.4389
795.0000 1.4408
796.0000 1.4428
797.0000 1.4446
798.0000 1.4464
799.0000 1.4481
800.0000 1.4499
801.0000 1.4516
802.0000 1.4533
803.0000 1.4551
804.0000 1.4568
805.0000 1.4585
806.0000 1.4600
807.0000 1.4614
808.0000 1.4628
809.0000 1.4642
810.0000 2.2417
811.0000 2.4180
812.0000 2.2923
813.0000 2.0520
814.0000 1.7975
815.0000 1.5731
816.0000 1.3917
817.0000 1.2523
818.0000 1.1484
819.0000 1.0722
820.0000 1.0174
821.0000 0.9793
822.0000 0.9540
823.0000 0.9389
824.0000 0.9316
825.0000 0.9302
826.0000 0.9329
827.0000 0.9383
828.0000 0.9449
829.0000 0.9520
830.0000 0.9590
831.0000 0.9653
832.0000 0.9708
833.0000 0.9751
834.0000 0.9783
835.0000 0.9805
836.0000 0.9818
837.0000 0.9822
838.0000 0.9820
839.0000 0.9814
840.0000 0.9805
841.0000 0.9792
842.0000 0.9778
843.0000 0.9764
844.0000 0.9749
845.0000 0.9734
846.0000 0.9718
847.0000 0.9703
848.0000 0.9687
849.0000 0.9672
850.0000 0.9657
851.0000 0.9642
852.0000 0.9628
853.0000 0.9614
854.0000 0.9600
855.0000 0.9586
856.0000 0.9570
857.0000 0.9554
858.0000 0.9537
859.0000 0.9521
860.0000 0.9504
861.0000 0.9489
862.0000 0.9472
863.0000 0.9456
864.0000 0.9439
865.0000 0.9423
866.0000 0.9407
867.0000 0.9389
868.0000 0.9373
869.0000 0.9357
870.0000 0.9342
871.0000 0.9326
872.0000 0.9310
873.0000 0.9294
874.0000 0.9276
875.0000 0.9261
876.0000 0.9245
877.0000 0.9229
878.0000 0.9214
879.0000 0.9199
880.0000 0.9184
881.0000 0.9169
882.0000 0.9154
883.0000 0.9139
884.0000 0.9125
885.0000 0.9111
886.0000 0.9096
887.0000 0.9082
888.0000 0.9070
889.0000 0.9059
890.0000 0.9045
891.0000 0.9032
892.0000 0.9019
893.0000 0.9007
894.0000 0.8994
895.0000 0.8982
896.0000 0.8969
897.0000 0.8957
898.0000 0.8946
899.0000 0.8936
900.0000 0.8926
901.0000 0.8917
902.0000 0.8907
903.0000 0.8897
904.0000 0.8885
905.0000 0.8874
906.0000 0.8864
907.0000 0.8855
908.0000 0.8845
909.0000 0.8836
910.0000 0.8828
