1.0000 0.0000
2.0000 0.0000
3.0000 0.0000
4.0000 0.0000
5.0000 0.0000
6.0000 0.0000
7.0000 0.0000
8.0000 0.0000
9.0000 0.0000
10.0000 0.1837
11.0000 0.2148
12.0000 0.1988
13.0000 0.1736
14.0000 0.1470
15.0000 0.1188
16.0000 0.0893
17.0000 0.0600
18.0000 0.0331
19.0000 0.0104
20.0000 -0.0073
21.0000 -0.0195
22.0000 -0.0266
23.0000 -0.0292
24.0000 -0.0282
25.0000 -0.0244
26.0000 -0.0186
27.0000 -0.0114
28.0000 -0.0036
29.0000 0.0044
30.0000 0.0122
31.0000 0.0197
32.0000 0.0267
33.0000 0.0330
34.0000 0.0386
35.0000 0.0436
36.0000 0.0480
37.0000 0.0519
38.0000 0.0553
39.0000 0.0583
40.0000 0.0611
41.0000 0.0636
42.0000 0.0659
43.0000 0.0680
44.0000 0.0701
45.0000 0.0721
46.0000 0.0740
47.0000 0.0759
48.0000 0.0778
49.0000 0.0796
50.0000 0.0814
51.0000 0.0832
52.0000 0.0849
53.0000 0.0867
54.0000 0.0883
55.0000 0.0900
56.0000 0.0916
57.0000 0.0931
58.0000 0.0946
59.0000 0.0961
60.0000 0.0976
61.0000 0.0990
62.0000 0.1003
63.0000 0.1017
64.0000 0.1030
65.0000 0.1042
66.0000 0.1055
67.0000 0.1066
68.0000 0.1078
69.0000 0.1090
70.0000 0.1101
71.0000 0.1111
72.0000 0.1122
73.0000 0.1132
74.0000 0.1142
75.0000 0.1152
76.0000 0.1161
77.0000 0.1171
78.0000 0.1180
79.0000 0.1189
80.0000 0.1197
81.0000 0.1206
82.0000 0.1214
83.0000 0.1222
84.0000 0.1230
85.0000 0.1238
86.0000 0.1245
87.0000 0.1252
88.0000 0.1260
89.0000 0.1267
90.0000 0.1273
91.0000 0.1280
92.0000 0.1286
93.0000 0.1292
94.0000 0.1299
95.0000 0.1305
96.0000 0.1311
97.0000 0.1316
98.0000 0.1322
99.0000 0.1327
100.0000 0.1332
101.0000 0.1337
102.0000 0.1342
103.0000 0.1347
104.0000 0.1352
105.0000 0.1357
106.0000 0.1361
107.0000 0.1365
108.0000 0.1370
109.0000 0.1374
110.0000 0.4082
111.0000 0.5079
112.0000 0.5139
113.0000 0.4780
114.0000 0.4298
115.0000 0.3840
116.0000 0.3459
117.0000 0.3167
118.0000 0.2954
119.0000 0.2807
120.0000 0.2713
121.0000 0.2663
122.0000 0.2647
123.0000 0.2660
124.0000 0.2694
125.0000 0.2745
126.0000 0.2806
127.0000 0.2875
128.0000 0.2945
129.0000 0.3016
130.0000 0.3084
131.0000 0.3147
132.0000 0.3205
133.0000 0.3258
134.0000 0.3305
135.0000 0.3348
136.0000 0.3385
137.0000 0.3418
138.0000 0.3448
139.0000 0.3474
140.0000 0.3499
141.0000 0.3521
142.0000 0.3542
143.0000 0.3562
144.0000 0.3580
145.0000 0.3599
146.0000 0.3616
147.0000 0.3633
148.0000 0.3650
149.0000 0.3666
150.0000 0.3682
151.0000 0.3697
152.0000 0.3713
153.0000 0.3728
154.0000 0.3743
155.0000 0.3757
156.0000 0.3771
157.0000 0.3784
158.0000 0.3797
159.0000 0.3810
160.0000 0.3822
161.0000 0.3834
162.0000 0.3845
163.0000 0.3856
164.0000 0.3866
165.0000 0.3876
166.0000 0.3886
167.0000 0.3896
168.0000 0.3905
169.0000 0.3914
170.0000 0.3923
171.0000 0.3931
172.0000 0.3940
173.0000 0.3948
174.0000 0.3956
175.0000 0.3963
176.0000 0.3970
177.0000 0.3978
178.0000 0.3984
179.0000 0.3991
180.0000 0.3997
181.0000 0.4003
182.0000 0.4010
183.0000 0.4016
184.0000 0.4021
185.0000 0.4027
186.0000 0.4032
187.0000 0.4037
188.0000 0.4042
189.0000 0.4047
190.0000 0.4052
191.0000 0.4056
192.0000 0.4061
193.0000 0.4065
194.0000 0.4069
195.0000 0.4073
196.0000 0.4077
197.0000 0.4080
198.0000 0.4083
199.0000 0.4087
200.0000 0.4090
201.0000 0.4093
202.0000 0.4096
203.0000 0.4099
204.0000 0.4101
205.0000 0.4104
206.0000 0.4106
207.0000 0.4109
208.0000 0.4111
209.0000 0.4113
210.0000 0.3827
211.0000 0.3476
212.0000 0.3334
213.0000 0.3451
214.0000 0.3768
215.0000 0.4193
216.0000 0.4645
217.0000 0.5060
218.0000 0.5401
219.0000 0.5649
220.0000 0.5799
221.0000 0.5860
222.0000 0.5842
223.0000 0.5762
224.0000 0.5637
225.0000 0.5480
226.0000 0.5305
227.0000 0.5124
228.0000 0.4944
229.0000 0.4771
230.0000 0.4610
231.0000 0.4463
232.0000 0.4331
233.0000 0.4213
234.0000 0.4109
235.0000 0.4018
236.0000 0.3938
237.0000 0.3866
238.0000 0.3803
239.0000 0.3746
240.0000 0.3694
241.0000 0.3646
242.0000 0.3601
243.0000 0.3558
244.0000 0.3517
245.0000 0.3477
246.0000 0.3438
247.0000 0.3400
248.0000 0.3363
249.0000 0.3327
250.0000 0.3291
251.0000 0.3256
252.0000 0.3223
253.0000 0.3190
254.0000 0.3158
255.0000 0.3127
256.0000 0.3097
257.0000 0.3068
258.0000 0.3039
259.0000 0.3012
260.0000 0.2985
261.0000 0.2960
262.0000 0.2934
263.0000 0.2910
264.0000 0.2887
265.0000 0.2864
266.0000 0.2842
267.0000 0.2821
268.0000 0.2800
269.0000 0.2780
270.0000 0.2760
271.0000 0.2741
272.0000 0.2722
273.0000 0.2704
274.0000 0.2687
275.0000 0.2670
276.0000 0.2653
277.0000 0.2637
278.0000 0.2622
279.0000 0.2607
280.0000 0.2592
281.0000 0.2578
282.0000 0.2564
283.0000 0.2550
284.0000 0.2537
285.0000 0.2524
286.0000 0.2512
287.0000 0.2500
288.0000 0.2488
289.0000 0.2477
290.0000 0.2466
291.0000 0.2455
292.0000 0.2444
293.0000 0.2434
294.0000 0.2424
295.0000 0.2415
296.0000 0.2405
297.0000 0.2396
298.0000 0.2387
299.0000 0.2379
300.0000 0.2370
301.0000 0.2362
302.0000 0.2354
303.0000 0.2346
304.0000 0.2338
305.0000 0.2331
306.0000 0.2323
307.0000 0.2316
308.0000 0.2310
309.0000 0.2303
310.0000 -0.1377
311.0000 -0.2006
312.0000 -0.1692
313.0000 -0.1194
314.0000 -0.0667
315.0000 -0.0108
316.0000 0.0477
317.0000 0.1058
318.0000 0.1590
319.0000 0.2040
320.0000 0.2388
321.0000 0.2628
322.0000 0.2765
323.0000 0.2814
324.0000 0.2789
325.0000 0.2709
326.0000 0.2588
327.0000 0.2441
328.0000 0.2281
329.0000 0.2117
330.0000 0.1957
331.0000 0.1804
332.0000 0.1662
333.0000 0.1532
334.0000 0.1416
335.0000 0.1314
336.0000 0.1223
337.0000 0.1142
338.0000 0.1070
339.0000 0.1007
340.0000 0.0949
341.0000 0.0896
342.0000 0.0848
343.0000 0.0802
344.0000 0.0758
345.0000 0.0716
346.0000 0.0675
347.0000 0.0635
348.0000 0.0596
349.0000 0.0558
350.0000 0.0520
351.0000 0.0482
352.0000 0.0446
353.0000 0.0409
354.0000 0.0374
355.0000 0.0339
356.0000 0.0306
357.0000 0.0273
358.0000 0.0241
359.0000 0.0210
360.0000 0.0179
361.0000 0.0150
362.0000 0.0121
363.0000 0.0093
364.0000 0.0066
365.0000 0.0040
366.0000 0.0014
367.0000 -0.0011
368.0000 -0.0035
369.0000 -0.0059
370.0000 -0.0083
371.0000 -0.0105
372.0000 -0.0127
373.0000 -0.0148
374.0000 -0.0170
375.0000 -0.0190
376.0000 -0.0210
377.0000 -0.0230
378.0000 -0.0249
379.0000 -0.0267
380.0000 -0.0285
381.0000 -0.0303
382.0000 -0.0320
383.0000 -0.0338
384.0000 -0.0354
385.0000 -0.0369
386.0000 -0.0385
387.0000 -0.0400
388.0000 -0.0415
389.0000 -0.0430
390.0000 -0.0443
391.0000 -0.0457
392.0000 -0.0470
393.0000 -0.0483
394.0000 -0.0496
395.0000 -0.0509
396.0000 -0.0521
397.0000 -0.0532
398.0000 -0.0543
399.0000 -0.0554
400.0000 -0.0564
401.0000 -0.0574
402.0000 -0.0585
403.0000 -0.0595
404.0000 -0.0604
405.0000 -0.0613
406.0000 -0.0622
407.0000 -0.0630
408.0000 -0.0638
409.0000 -0.0646
410.0000 -0.6063
411.0000 -0.8056
412.0000 -0.8176
413.0000 -0.7458
414.0000 -0.6495
415.0000 -0.5579
416.0000 -0.4818
417.0000 -0.4234
418.0000 -0.3808
419.0000 -0.3513
420.0000 -0.3326
421.0000 -0.3225
422.0000 -0.3194
423.0000 -0.3219
424.0000 -0.3288
425.0000 -0.3389
426.0000 -0.3512
427.0000 -0.3649
428.0000 -0.3790
429.0000 -0.3931
430.0000 -0.4067
431.0000 -0.4194
432.0000 -0.4310
433.0000 -0.4415
434.0000 -0.4510
435.0000 -0.4594
436.0000 -0.4669
437.0000 -0.4735
438.0000 -0.4795
439.0000 -0.4848
440.0000 -0.4897
441.0000 -0.4942
442.0000 -0.4984
443.0000 -0.5023
444.0000 -0.5060
445.0000 -0.5097
446.0000 -0.5132
447.0000 -0.5166
448.0000 -0.5199
449.0000 -0.5231
450.0000 -0.5264
451.0000 -0.5295
452.0000 -0.5326
453.0000 -0.5356
454.0000 -0.5386
455.0000 -0.5414
456.0000 -0.5442
457.0000 -0.5469
458.0000 -0.5495
459.0000 -0.5520
460.0000 -0.5544
461.0000 -0.5568
462.0000 -0.5591
463.0000 -0.5612
464.0000 -0.5633
465.0000 -0.5653
466.0000 -0.5673
467.0000 -0.5692
468.0000 -0.5711
469.0000 -0.5729
470.0000 -0.5746
471.0000 -0.5764
472.0000 -0.5781
473.0000 -0.5797
474.0000 -0.5813
475.0000 -0.5827
476.0000 -0.5842
477.0000 -0.5856
478.0000 -0.5870
479.0000 -0.5883
480.0000 -0.5896
481.0000 -0.5908
482.0000 -0.5921
483.0000 -0.5933
484.0000 -0.5944
485.0000 -0.5955
486.0000 -0.5966
487.0000 -0.5976
488.0000 -0.5986
489.0000 -0.5995
490.0000 -0.6005
491.0000 -0.6015
492.0000 -0.6024
493.0000 -0.6032
494.0000 -0.6040
495.0000 -0.6048
496.0000 -0.6055
497.0000 -0.6062
498.0000 -0.6069
499.0000 -0.6075
500.0000 -0.6081
501.0000 -0.6087
502.0000 -0.6093
503.0000 -0.6099
504.0000 -0.6105
505.0000 -0.6110
506.0000 -0.6115
507.0000 -0.6120
508.0000 -0.6124
509.0000 -0.6129
510.0000 -0.5557
511.0000 -0.4855
512.0000 -0.4570
513.0000 -0.4804
514.0000 -0.5438
515.0000 -0.6289
516.0000 -0.7192
517.0000 -0.8023
518.0000 -0.8704
519.0000 -0.9200
520.0000 -0.9501
521.0000 -0.9622
522.0000 -0.9587
523.0000 -0.9427
524.0000 -0.9176
525.0000 -0.8863
526.0000 -0.8514
527.0000 -0.8151
528.0000 -0.7790
529.0000 -0.7445
530.0000 -0.7123
531.0000 -0.6828
532.0000 -0.6564
533.0000 -0.6329
534.0000 -0.6121
535.0000 -0.5939
536.0000 -0.5778
537.0000 -0.5636
538.0000 -0.5509
539.0000 -0.5395
540.0000 -0.5292
541.0000 -0.5195
542.0000 -0.5105
543.0000 -0.5019
544.0000 -0.4937
545.0000 -0.4857
546.0000 -0.4779
547.0000 -0.4703
548.0000 -0.4629
549.0000 -0.4556
550.0000 -0.4485
551.0000 -0.4416
552.0000 -0.4348
553.0000 -0.4282
554.0000 -0.4219
555.0000 -0.4157
556.0000 -0.4097
557.0000 -0.4038
558.0000 -0.3982
559.0000 -0.3927
560.0000 -0.3874
561.0000 -0.3822
562.0000 -0.3772
563.0000 -0.3724
564.0000 -0.3678
565.0000 -0.3632
566.0000 -0.3588
567.0000 -0.3544
568.0000 -0.3503
569.0000 -0.3462
570.0000 -0.3423
571.0000 -0.3385
572.0000 -0.3348
573.0000 -0.3312
574.0000 -0.3277
575.0000 -0.3243
576.0000 -0.3210
577.0000 -0.3178
578.0000 -0.3147
579.0000 -0.3117
580.0000 -0.3087
581.0000 -0.3059
582.0000 -0.3031
583.0000 -0.3004
584.0000 -0.2978
585.0000 -0.2952
586.0000 -0.2927
587.0000 -0.2903
588.0000 -0.2880
589.0000 -0.2858
590.0000 -0.2835
591.0000 -0.2814
592.0000 -0.2792
593.0000 -0.2772
594.0000 -0.2752
595.0000 -0.2732
596.0000 -0.2714
597.0000 -0.2695
598.0000 -0.2678
599.0000 -0.2661
600.0000 -0.2644
601.0000 -0.2627
602.0000 -0.2611
603.0000 -0.2595
604.0000 -0.2580
605.0000 -0.2564
606.0000 -0.2550
607.0000 -0.2536
608.0000 -0.2523
609.0000 -0.2509
610.0000 0.3014
611.0000 0.3961
612.0000 0.3492
613.0000 0.2748
614.0000 0.1960
615.0000 0.1125
616.0000 0.0249
617.0000 -0.0619
618.0000 -0.1415
619.0000 -0.2087
620.0000 -0.2607
621.0000 -0.2965
622.0000 -0.3168
623.0000 -0.3238
624.0000 -0.3199
625.0000 -0.3077
626.0000 -0.2894
627.0000 -0.2672
628.0000 -0.2430
629.0000 -0.2182
630.0000 -0.1940
631.0000 -0.1708
632.0000 -0.1493
633.0000 -0.1298
634.0000 -0.1122
635.0000 -0.0967
636.0000 -0.0829
637.0000 -0.0706
638.0000 -0.0597
639.0000 -0.0500
640.0000 -0.0412
641.0000 -0.0332
642.0000 -0.0258
643.0000 -0.0188
644.0000 -0.0121
645.0000 -0.0056
646.0000 0.0006
647.0000 0.0067
648.0000 0.0126
649.0000 0.0185
650.0000 0.0243
651.0000 0.0300
652.0000 0.0356
653.0000 0.0411
654.0000 0.0465
655.0000 0.0518
656.0000 0.0569
657.0000 0.0619
658.0000 0.0668
659.0000 0.0716
660.0000 0.0762
661.0000 0.0808
662.0000 0.0851
663.0000 0.0893
664.0000 0.0935
665.0000 0.0974
666.0000 0.1014
667.0000 0.1052
668.0000 0.1089
669.0000 0.1125
670.0000 0.1161
671.0000 0.1195
672.0000 0.1228
673.0000 0.1261
674.0000 0.1293
675.0000 0.1325
676.0000 0.1355
677.0000 0.1385
678.0000 0.1414
679.0000 0.1442
680.0000 0.1470
681.0000 0.1497
682.0000 0.1523
683.0000 0.1549
684.0000 0.1574
685.0000 0.1598
686.0000 0.1621
687.0000 0.1644
688.0000 0.1667
689.0000 0.1689
690.0000 0.1710
691.0000 0.1730
692.0000 0.1751
693.0000 0.1770
694.0000 0.1790
695.0000 0.1810
696.0000 0.1828
697.0000 0.1845
698.0000 0.1862
699.0000 0.1878
700.0000 0.1893
701.0000 0.1908
702.0000 0.1924
703.0000 0.1939
704.0000 0.1952
705.0000 0.1965
706.0000 0.1978
707.0000 0.1991
708.0000 0.2003
709.0000 0.2015
710.0000 1.0140
711.0000 1.3130
712.0000 1.3310
713.0000 1.2233
714.0000 1.0789
715.0000 0.9414
716.0000 0.8273
717.0000 0.7397
718.0000 0.6758
719.0000 0.6316
720.0000 0.6035
721.0000 0.5884
722.0000 0.5837
723.0000 0.5874
724.0000 0.5978
725.0000 0.6130
726.0000 0.6314
727.0000 0.6519
728.0000 0.6731
729.0000 0.6942
730.0000 0.7146
731.0000 0.7336
732.0000 0.7511
733.0000 0.7669
734.0000 0.7811
735.0000 0.7938
736.0000 0.8049
737.0000 0.8149
738.0000 0.8238
739.0000 0.8318
740.0000 0.8392
741.0000 0.8460
742.0000 0.8523
743.0000 0.8581
744.0000 0.8637
745.0000 0.8692
746.0000 0.8744
747.0000 0.8795
748.0000 0.8846
749.0000 0.8894
750.0000 0.8942
751.0000 0.8989
752.0000 0.9035
753.0000 0.9081
754.0000 0.9125
755.0000 0.9168
756.0000 0.9210
757.0000 0.9250
758.0000 0.9290
759.0000 0.9327
760.0000 0.9363
761.0000 0.9399
762.0000 0.9433
763.0000 0.9464
764.0000 0.9496
765.0000 0.9527
766.0000 0.9556
767.0000 0.9585
768.0000 0.9613
769.0000 0.9640
770.0000 0.9666
771.0000 0.9692
772.0000 0.9718
773.0000 0.9743
774.0000 0.9766
775.0000 0.9788
776.0000 0.9810
777.0000 0.9832
778.0000 0.9852
779.0000 0.9872
780.0000 0.9891
781.0000 0.9910
782.0000 0.9928
783.0000 0.9947
784.0000 0.9964
785.0000 0.9980
786.0000 0.9996
787.0000 1.0011
788.0000 1.0026
789.0000 1.0040
790.0000 1.0055
791.0000 1.0069
792.0000 1.0083
793.0000 1.0095
794.0000 1.0108
795.0000 1.0119
796.0000 1.0131
797.0000 1.0141
798.0000 1.0151
799.0000 1.0160
800.0000 1.0169
801.0000 1.0179
802.0000 1.0187
803.0000 1.0197
804.0000 1.0205
805.0000 1.0213
806.0000 1.0220
807.0000 1.0227
808.0000 1.0234
809.0000 1.0240
810.0000 0.9383
811.0000 0.8330
812.0000 0.7902
813.0000 0.8253
814.0000 0.9204
815.0000 1.0481
816.0000 1.1835
817.0000 1.3082
818.0000 1.4104
819.0000 1.4847
820.0000 1.5300
821.0000 1.5480
822.0000 1.5428
823.0000 1.5188
824.0000 1.4811
825.0000 1.4342
826.0000 1.3818
827.0000 1.3274
828.0000 1.2733
829.0000 1.2215
830.0000 1.1732
831.0000 1.1290
832.0000 1.0894
833.0000 1.0541
834.0000 1.0230
835.0000 0.9956
836.0000 0.9715
837.0000 0.9502
838.0000 0.9312
839.0000 0.9141
840.0000 0.8985
841.0000 0.8841
842.0000 0.8705
843.0000 0.8577
844.0000 0.8453
845.0000 0.8333
846.0000 0.8216
847.0000 0.8103
848.0000 0.7991
849.0000 0.7883
850.0000 0.7776
851.0000 0.7672
852.0000 0.7571
853.0000 0.7472
854.0000 0.7376
855.0000 0.7283
856.0000 0.7193
857.0000 0.7106
858.0000 0.7021
859.0000 0.6938
860.0000 0.6859
861.0000 0.6781
862.0000 0.6706
863.0000 0.6634
864.0000 0.6564
865.0000 0.6496
866.0000 0.6430
867.0000 0.6365
868.0000 0.6302
869.0000 0.6242
870.0000 0.6183
871.0000 0.6126
872.0000 0.6070
873.0000 0.6016
874.0000 0.5963
875.0000 0.5913
876.0000 0.5863
877.0000 0.5815
878.0000 0.5769
879.0000 0.5723
880.0000 0.5679
881.0000 0.5636
882.0000 0.5595
883.0000 0.5554
884.0000 0.5515
885.0000 0.5476
886.0000 0.5439
887.0000 0.5403
888.0000 0.5368
889.0000 0.5335
890.0000 0.5301
891.0000 0.5269
892.0000 0.5237
893.0000 0.5206
894.0000 0.5176
895.0000 0.5147
896.0000 0.5119
897.0000 0.5091
898.0000 0.5065
899.0000 0.5039
900.0000 0.5014
901.0000 0.4989
902.0000 0.4965
903.0000 0.4941
904.0000 0.4918
905.0000 0.4895
906.0000 0.4873
907.0000 0.4853
908.0000 0.4832
909.0000 0.4812
910.0000 0.4793
