1.0000 0.0000
2.0000 0.0000
3.0000 0.0000
4.0000 0.0000
5.0000 0.0000
6.0000 0.0000
7.0000 0.0000
8.0000 0.0000
9.0000 0.0000
10.0000 0.7336
11.0000 0.7089
12.0000 0.4885
13.0000 0.2902
14.0000 0.1560
15.0000 0.0713
16.0000 0.0160
17.0000 -0.0222
18.0000 -0.0492
19.0000 -0.0678
20.0000 -0.0798
21.0000 -0.0867
22.0000 -0.0900
23.0000 -0.0910
24.0000 -0.0907
25.0000 -0.0901
26.0000 -0.0894
27.0000 -0.0892
28.0000 -0.0897
29.0000 -0.0910
30.0000 -0.0930
31.0000 -0.0955
32.0000 -0.0985
33.0000 -0.1020
34.0000 -0.1058
35.0000 -0.1097
36.0000 -0.1137
37.0000 -0.1176
38.0000 -0.1216
39.0000 -0.1254
40.0000 -0.1290
41.0000 -0.1325
42.0000 -0.1357
43.0000 -0.1389
44.0000 -0.1419
45.0000 -0.1447
46.0000 -0.1474
47.0000 -0.1499
48.0000 -0.1523
49.0000 -0.1547
50.0000 -0.1570
51.0000 -0.1593
52.0000 -0.1614
53.0000 -0.1635
54.0000 -0.1656
55.0000 -0.1676
56.0000 -0.1695
57.0000 -0.1715
58.0000 -0.1734
59.0000 -0.1752
60.0000 -0.1770
61.0000 -0.1788
62.0000 -0.1806
63.0000 -0.1822
64.0000 -0.1838
65.0000 -0.1855
66.0000 -0.1871
67.0000 -0.1887
68.0000 -0.1902
69.0000 -0.1917
70.0000 -0.1932
71.0000 -0.1946
72.0000 -0.1960
73.0000 -0.1973
74.0000 -0.1987
75.0000 -0.2000
76.0000 -0.2013
77.0000 -0.2025
78.0000 -0.2038
79.0000 -0.2050
80.0000 -0.2061
81.0000 -0.2073
82.0000 -0.2084
83.0000 -0.2095
84.0000 -0.2106
85.0000 -0.2117
86.0000 -0.2127
87.0000 -0.2137
88.0000 -0.2147
89.0000 -0.2156
90.0000 -0.2166
91.0000 -0.2175
92.0000 -0.2184
93.0000 -0.2193
94.0000 -0.2201
95.0000 -0.2210
96.0000 -0.2218
97.0000 -0.2226
98.0000 -0.2234
99.0000 -0.2241
100.0000 -0.2249
101.0000 -0.2256
102.0000 -0.2263
103.0000 -0.2270
104.0000 -0.2277
105.0000 -0.2284
106.0000 -0.2290
107.0000 -0.2297
108.0000 -0.2303
109.0000 -0.2309
110.0000 -0.4018
111.0000 -0.5452
112.0000 -0.6609
113.0000 -0.7525
114.0000 -0.8250
115.0000 -0.8824
116.0000 -0.9281
117.0000 -0.9644
118.0000 -0.9928
119.0000 -1.0151
120.0000 -1.0323
121.0000 -1.0457
122.0000 -1.0566
123.0000 -1.0656
124.0000 -1.0734
125.0000 -1.0808
126.0000 -1.0880
127.0000 -1.0952
128.0000 -1.1027
129.0000 -1.1104
130.0000 -1.1183
131.0000 -1.1265
132.0000 -1.1347
133.0000 -1.1430
134.0000 -1.1512
135.0000 -1.1593
136.0000 -1.1672
137.0000 -1.1749
138.0000 -1.1823
139.0000 -1.1894
140.0000 -1.1962
141.0000 -1.2028
142.0000 -1.2091
143.0000 -1.2151
144.0000 -1.2209
145.0000 -1.2265
146.0000 -1.2317
147.0000 -1.2368
148.0000 -1.2417
149.0000 -1.2465
150.0000 -1.2510
151.0000 -1.2554
152.0000 -1.2597
153.0000 -1.2639
154.0000 -1.2679
155.0000 -1.2718
156.0000 -1.2757
157.0000 -1.2794
158.0000 -1.2830
159.0000 -1.2865
160.0000 -1.2900
161.0000 -1.2933
162.0000 -1.2965
163.0000 -1.2997
164.0000 -1.3028
165.0000 -1.3057
166.0000 -1.3086
167.0000 -1.3114
168.0000 -1.3141
169.0000 -1.3168
170.0000 -1.3194
171.0000 -1.3219
172.0000 -1.3243
173.0000 -1.3266
174.0000 -1.3290
175.0000 -1.3313
176.0000 -1.3335
177.0000 -1.3357
178.0000 -1.3377
179.0000 -1.3397
180.0000 -1.3417
181.0000 -1.3437
182.0000 -1.3456
183.0000 -1.3474
184.0000 -1.3492
185.0000 -1.3508
186.0000 -1.3526
187.0000 -1.3542
188.0000 -1.3557
189.0000 -1.3573
190.0000 -1.3588
191.0000 -1.3603
192.0000 -1.3617
193.0000 -1.3631
194.0000 -1.3645
195.0000 -1.3658
196.0000 -1.3670
197.0000 -1.3683
198.0000 -1.3695
199.0000 -1.3706
200.0000 -1.3718
201.0000 -1.3729
202.0000 -1.3739
203.0000 -1.3749
204.0000 -1.3760
205.0000 -1.3770
206.0000 -1.3779
207.0000 -1.3788
208.0000 -1.3797
209.0000 -1.3806
210.0000 -1.0014
211.0000 -0.8085
212.0000 -0.6743
213.0000 -0.5558
214.0000 -0.4489
215.0000 -0.3586
216.0000 -0.2882
217.0000 -0.2371
218.0000 -0.2026
219.0000 -0.1806
220.0000 -0.1677
221.0000 -0.1608
222.0000 -0.1573
223.0000 -0.1555
224.0000 -0.1539
225.0000 -0.1517
226.0000 -0.1485
227.0000 -0.1438
228.0000 -0.1378
229.0000 -0.1304
230.0000 -0.1221
231.0000 -0.1128
232.0000 -0.1029
233.0000 -0.0926
234.0000 -0.0822
235.0000 -0.0719
236.0000 -0.0618
237.0000 -0.0520
238.0000 -0.0425
239.0000 -0.0334
240.0000 -0.0247
241.0000 -0.0165
242.0000 -0.0087
243.0000 -0.0013
244.0000 0.0058
245.0000 0.0125
246.0000 0.0190
247.0000 0.0252
248.0000 0.0312
249.0000 0.0370
250.0000 0.0426
251.0000 0.0481
252.0000 0.0534
253.0000 0.0585
254.0000 0.0635
255.0000 0.0684
256.0000 0.0732
257.0000 0.0779
258.0000 0.0824
259.0000 0.0869
260.0000 0.0911
261.0000 0.0953
262.0000 0.0995
263.0000 0.1035
264.0000 0.1074
265.0000 0.1113
266.0000 0.1150
267.0000 0.1186
268.0000 0.1222
269.0000 0.1257
270.0000 0.1291
271.0000 0.1324
272.0000 0.1356
273.0000 0.1388
274.0000 0.1418
275.0000 0.1448
276.0000 0.1477
277.0000 0.1506
278.0000 0.1534
279.0000 0.1562
280.0000 0.1588
281.0000 0.1613
282.0000 0.1638
283.0000 0.1663
284.0000 0.1687
285.0000 0.1711
286.0000 0.1733
287.0000 0.1755
288.0000 0.1777
289.0000 0.1798
290.0000 0.1819
291.0000 0.1839
292.0000 0.1858
293.0000 0.1877
294.0000 0.1895
295.0000 0.1914
296.0000 0.1932
297.0000 0.1949
298.0000 0.1966
299.0000 0.1982
300.0000 0.1998
301.0000 0.2013
302.0000 0.2028
303.0000 0.2044
304.0000 0.2058
305.0000 0.2072
306.0000 0.2086
307.0000 0.2099
308.0000 0.2112
309.0000 0.2125
310.0000 -1.2535
311.0000 -1.2028
312.0000 -0.7609
313.0000 -0.3630
314.0000 -0.0936
315.0000 0.0769
316.0000 0.1884
317.0000 0.2659
318.0000 0.3210
319.0000 0.3592
320.0000 0.3841
321.0000 0.3988
322.0000 0.4063
323.0000 0.4090
324.0000 0.4093
325.0000 0.4089
326.0000 0.4084
327.0000 0.4087
328.0000 0.4105
329.0000 0.4138
330.0000 0.4185
331.0000 0.4242
332.0000 0.4309
333.0000 0.4386
334.0000 0.4468
335.0000 0.4553
336.0000 0.4638
337.0000 0.4723
338.0000 0.4808
339.0000 0.4890
340.0000 0.4968
341.0000 0.5042
342.0000 0.5113
343.0000 0.5181
344.0000 0.5246
345.0000 0.5307
346.0000 0.5365
347.0000 0.5421
348.0000 0.5474
349.0000 0.5526
350.0000 0.5576
351.0000 0.5626
352.0000 0.5672
353.0000 0.5718
354.0000 0.5763
355.0000 0.5807
356.0000 0.5849
357.0000 0.5892
358.0000 0.5933
359.0000 0.5973
360.0000 0.6012
361.0000 0.6051
362.0000 0.6090
363.0000 0.6126
364.0000 0.6162
365.0000 0.6197
366.0000 0.6232
367.0000 0.6266
368.0000 0.6300
369.0000 0.6332
370.0000 0.6363
371.0000 0.6394
372.0000 0.6424
373.0000 0.6453
374.0000 0.6482
375.0000 0.6510
376.0000 0.6538
377.0000 0.6565
378.0000 0.6592
379.0000 0.6618
380.0000 0.6644
381.0000 0.6668
382.0000 0.6693
383.0000 0.6717
384.0000 0.6740
385.0000 0.6763
386.0000 0.6785
387.0000 0.6807
388.0000 0.6828
389.0000 0.6849
390.0000 0.6869
391.0000 0.6889
392.0000 0.6908
393.0000 0.6927
394.0000 0.6945
395.0000 0.6964
396.0000 0.6981
397.0000 0.6999
398.0000 0.7016
399.0000 0.7032
400.0000 0.7048
401.0000 0.7063
402.0000 0.7078
403.0000 0.7094
404.0000 0.7108
405.0000 0.7122
406.0000 0.7135
407.0000 0.7149
408.0000 0.7161
409.0000 0.7174
410.0000 1.0593
411.0000 1.3462
412.0000 1.5776
413.0000 1.7609
414.0000 1.9059
415.0000 2.0208
416.0000 2.1124
417.0000 2.1850
418.0000 2.2421
419.0000 2.2866
420.0000 2.3212
421.0000 2.3482
422.0000 2.3700
423.0000 2.3880
424.0000 2.4038
425.0000 2.4187
426.0000 2.4331
427.0000 2.4477
428.0000 2.4627
429.0000 2.4782
430.0000 2.4941
431.0000 2.5105
432.0000 2.5271
433.0000 2.5437
434.0000 2.5601
435.0000 2.5763
436.0000 2.5922
437.0000 2.6077
438.0000 2.6226
439.0000 2.6370
440.0000 2.6506
441.0000 2.6639
442.0000 2.6765
443.0000 2.6885
444.0000 2.7002
445.0000 2.7113
446.0000 2.7219
447.0000 2.7321
448.0000 2.7420
449.0000 2.7516
450.0000 2.7607
451.0000 2.7696
452.0000 2.7782
453.0000 2.7866
454.0000 2.7946
455.0000 2.8026
456.0000 2.8103
457.0000 2.8178
458.0000 2.8250
459.0000 2.8321
460.0000 2.8390
461.0000 2.8457
462.0000 2.8522
463.0000 2.8587
464.0000 2.8649
465.0000 2.8707
466.0000 2.8765
467.0000 2.8821
468.0000 2.8875
469.0000 2.8930
470.0000 2.8982
471.0000 2.9032
472.0000 2.9081
473.0000 2.9128
474.0000 2.9176
475.0000 2.9222
476.0000 2.9267
477.0000 2.9311
478.0000 2.9352
479.0000 2.9392
480.0000 2.9432
481.0000 2.9471
482.0000 2.9510
483.0000 2.9547
484.0000 2.9582
485.0000 2.9616
486.0000 2.9650
487.0000 2.9683
488.0000 2.9715
489.0000 2.9745
490.0000 2.9775
491.0000 2.9806
492.0000 2.9835
493.0000 2.9863
494.0000 2.9890
495.0000 2.9917
496.0000 2.9941
497.0000 2.9967
498.0000 2.9991
499.0000 3.0015
500.0000 3.0037
501.0000 3.0059
502.0000 3.0080
503.0000 3.0101
504.0000 3.0122
505.0000 3.0142
506.0000 3.0161
507.0000 3.0180
508.0000 3.0198
509.0000 3.0214
510.0000 2.2631
511.0000 1.8773
512.0000 1.6089
513.0000 1.3720
514.0000 1.1581
515.0000 0.9776
516.0000 0.8369
517.0000 0.7346
518.0000 0.6655
519.0000 0.6216
520.0000 0.5959
521.0000 0.5819
522.0000 0.5751
523.0000 0.5714
524.0000 0.5682
525.0000 0.5639
526.0000 0.5574
527.0000 0.5481
528.0000 0.5360
529.0000 0.5214
530.0000 0.5046
531.0000 0.4860
532.0000 0.4664
533.0000 0.4458
534.0000 0.4250
535.0000 0.4044
536.0000 0.3842
537.0000 0.3646
538.0000 0.3456
539.0000 0.3274
540.0000 0.3100
541.0000 0.2936
542.0000 0.2781
543.0000 0.2631
544.0000 0.2489
545.0000 0.2355
546.0000 0.2227
547.0000 0.2103
548.0000 0.1982
549.0000 0.1867
550.0000 0.1755
551.0000 0.1644
552.0000 0.1539
553.0000 0.1437
554.0000 0.1337
555.0000 0.1239
556.0000 0.1143
557.0000 0.1049
558.0000 0.0958
559.0000 0.0870
560.0000 0.0784
561.0000 0.0700
562.0000 0.0617
563.0000 0.0537
564.0000 0.0458
565.0000 0.0382
566.0000 0.0308
567.0000 0.0235
568.0000 0.0162
569.0000 0.0093
570.0000 0.0026
571.0000 -0.0041
572.0000 -0.0105
573.0000 -0.0168
574.0000 -0.0230
575.0000 -0.0290
576.0000 -0.0348
577.0000 -0.0404
578.0000 -0.0461
579.0000 -0.0516
580.0000 -0.0568
581.0000 -0.0619
582.0000 -0.0669
583.0000 -0.0718
584.0000 -0.0767
585.0000 -0.0814
586.0000 -0.0859
587.0000 -0.0903
588.0000 -0.0946
589.0000 -0.0988
590.0000 -0.1030
591.0000 -0.1069
592.0000 -0.1108
593.0000 -0.1146
594.0000 -0.1183
595.0000 -0.1220
596.0000 -0.1256
597.0000 -0.1290
598.0000 -0.1324
599.0000 -0.1357
600.0000 -0.1388
601.0000 -0.1418
602.0000 -0.1449
603.0000 -0.1480
604.0000 -0.1508
605.0000 -0.1536
606.0000 -0.1564
607.0000 -0.1591
608.0000 -0.1617
609.0000 -0.1642
610.0000 2.0341
611.0000 1.9575
612.0000 1.2940
613.0000 0.6967
614.0000 0.2919
615.0000 0.0357
616.0000 -0.1321
617.0000 -0.2488
618.0000 -0.3319
619.0000 -0.3897
620.0000 -0.4275
621.0000 -0.4501
622.0000 -0.4617
623.0000 -0.4663
624.0000 -0.4672
625.0000 -0.4669
626.0000 -0.4666
627.0000 -0.4674
628.0000 -0.4705
629.0000 -0.4758
630.0000 -0.4832
631.0000 -0.4921
632.0000 -0.5025
633.0000 -0.5144
634.0000 -0.5270
635.0000 -0.5400
636.0000 -0.5531
637.0000 -0.5662
638.0000 -0.5792
639.0000 -0.5917
640.0000 -0.6037
641.0000 -0.6151
642.0000 -0.6260
643.0000 -0.6365
644.0000 -0.6466
645.0000 -0.6559
646.0000 -0.6649
647.0000 -0.6735
648.0000 -0.6818
649.0000 -0.6897
650.0000 -0.6974
651.0000 -0.7050
652.0000 -0.7122
653.0000 -0.7192
654.0000 -0.7262
655.0000 -0.7330
656.0000 -0.7395
657.0000 -0.7460
658.0000 -0.7523
659.0000 -0.7586
660.0000 -0.7647
661.0000 -0.7706
662.0000 -0.7766
663.0000 -0.7822
664.0000 -0.7877
665.0000 -0.7931
666.0000 -0.7984
667.0000 -0.8036
668.0000 -0.8089
669.0000 -0.8138
670.0000 -0.8187
671.0000 -0.8234
672.0000 -0.8279
673.0000 -0.8324
674.0000 -0.8369
675.0000 -0.8413
676.0000 -0.8456
677.0000 -0.8498
678.0000 -0.8539
679.0000 -0.8579
680.0000 -0.8618
681.0000 -0.8656
682.0000 -0.8693
683.0000 -0.8730
684.0000 -0.8766
685.0000 -0.8801
686.0000 -0.8835
687.0000 -0.8868
688.0000 -0.8901
689.0000 -0.8933
690.0000 -0.8964
691.0000 -0.8994
692.0000 -0.9023
693.0000 -0.9053
694.0000 -0.9081
695.0000 -0.9109
696.0000 -0.9137
697.0000 -0.9163
698.0000 -0.9189
699.0000 -0.9215
700.0000 -0.9238
701.0000 -0.9262
702.0000 -0.9285
703.0000 -0.9309
704.0000 -0.9331
705.0000 -0.9351
706.0000 -0.9372
707.0000 -0.9393
708.0000 -0.9411
709.0000 -0.9430
710.0000 -1.4559
711.0000 -1.8864
712.0000 -2.2335
713.0000 -2.5085
714.0000 -2.7260
715.0000 -2.8985
716.0000 -3.0359
717.0000 -3.1448
718.0000 -3.2305
719.0000 -3.2973
720.0000 -3.3492
721.0000 -3.3898
722.0000 -3.4225
723.0000 -3.4496
724.0000 -3.4733
725.0000 -3.4957
726.0000 -3.5174
727.0000 -3.5393
728.0000 -3.5619
729.0000 -3.5851
730.0000 -3.6091
731.0000 -3.6336
732.0000 -3.6586
733.0000 -3.6835
734.0000 -3.7082
735.0000 -3.7326
736.0000 -3.7565
737.0000 -3.7797
738.0000 -3.8021
739.0000 -3.8236
740.0000 -3.8442
741.0000 -3.8640
742.0000 -3.8831
743.0000 -3.9011
744.0000 -3.9187
745.0000 -3.9354
746.0000 -3.9512
747.0000 -3.9666
748.0000 -3.9815
749.0000 -3.9958
750.0000 -4.0095
751.0000 -4.0229
752.0000 -4.0359
753.0000 -4.0484
754.0000 -4.0606
755.0000 -4.0725
756.0000 -4.0841
757.0000 -4.0954
758.0000 -4.1063
759.0000 -4.1169
760.0000 -4.1273
761.0000 -4.1373
762.0000 -4.1471
763.0000 -4.1568
764.0000 -4.1661
765.0000 -4.1749
766.0000 -4.1835
767.0000 -4.1920
768.0000 -4.2002
769.0000 -4.2084
770.0000 -4.2163
771.0000 -4.2238
772.0000 -4.2311
773.0000 -4.2382
774.0000 -4.2453
775.0000 -4.2523
776.0000 -4.2591
777.0000 -4.2656
778.0000 -4.2718
779.0000 -4.2778
780.0000 -4.2839
781.0000 -4.2897
782.0000 -4.2955
783.0000 -4.3011
784.0000 -4.3064
785.0000 -4.3115
786.0000 -4.3166
787.0000 -4.3216
788.0000 -4.3263
789.0000 -4.3310
790.0000 -4.3355
791.0000 -4.3400
792.0000 -4.3444
793.0000 -4.3486
794.0000 -4.3527
795.0000 -4.3567
796.0000 -4.3604
797.0000 -4.3642
798.0000 -4.3679
799.0000 -4.3714
800.0000 -4.3749
801.0000 -4.3781
802.0000 -4.3813
803.0000 -4.3844
804.0000 -4.3876
805.0000 -4.3906
806.0000 -4.3934
807.0000 -4.3963
808.0000 -4.3990
809.0000 -4.4015
810.0000 -3.2640
811.0000 -2.6853
812.0000 -2.2827
813.0000 -1.9273
814.0000 -1.6065
815.0000 -1.3358
816.0000 -1.1247
817.0000 -0.9713
818.0000 -0.8677
819.0000 -0.8018
820.0000 -0.7632
821.0000 -0.7423
822.0000 -0.7320
823.0000 -0.7265
824.0000 -0.7217
825.0000 -0.7152
826.0000 -0.7055
827.0000 -0.6916
828.0000 -0.6734
829.0000 -0.6515
830.0000 -0.6264
831.0000 -0.5985
832.0000 -0.5690
833.0000 -0.5382
834.0000 -0.5070
835.0000 -0.4760
836.0000 -0.4457
837.0000 -0.4164
838.0000 -0.3879
839.0000 -0.3605
840.0000 -0.3345
841.0000 -0.3099
842.0000 -0.2866
843.0000 -0.2641
844.0000 -0.2429
845.0000 -0.2228
846.0000 -0.2035
847.0000 -0.1849
848.0000 -0.1669
849.0000 -0.1496
850.0000 -0.1328
851.0000 -0.1162
852.0000 -0.1003
853.0000 -0.0851
854.0000 -0.0700
855.0000 -0.0553
856.0000 -0.0409
857.0000 -0.0269
858.0000 -0.0133
859.0000 0.0001
860.0000 0.0129
861.0000 0.0255
862.0000 0.0379
863.0000 0.0499
864.0000 0.0618
865.0000 0.0732
866.0000 0.0843
867.0000 0.0953
868.0000 0.1061
869.0000 0.1165
870.0000 0.1266
871.0000 0.1367
872.0000 0.1463
873.0000 0.1557
874.0000 0.1649
875.0000 0.1739
876.0000 0.1826
877.0000 0.1911
878.0000 0.1997
879.0000 0.2078
880.0000 0.2157
881.0000 0.2233
882.0000 0.2308
883.0000 0.2381
884.0000 0.2455
885.0000 0.2525
886.0000 0.2593
887.0000 0.2658
888.0000 0.2724
889.0000 0.2786
890.0000 0.2849
891.0000 0.2909
892.0000 0.2966
893.0000 0.3024
894.0000 0.3079
895.0000 0.3135
896.0000 0.3188
897.0000 0.3239
898.0000 0.3290
899.0000 0.3339
900.0000 0.3386
901.0000 0.3431
902.0000 0.3478
903.0000 0.3524
904.0000 0.3567
905.0000 0.3608
906.0000 0.3650
907.0000 0.3691
908.0000 0.3729
909.0000 0.3767
910.0000 0.3806
