1.0000 0.0069
2.0000 0.0133
3.0000 0.0193
4.0000 0.0249
5.0000 0.0300
6.0000 0.0349
7.0000 0.0393
8.0000 0.0435
9.0000 0.0474
10.0000 0.0510
11.0000 0.0544
12.0000 0.0576
13.0000 0.0605
14.0000 0.0632
15.0000 0.0657
16.0000 0.0681
17.0000 0.0703
18.0000 0.0724
19.0000 0.0743
20.0000 0.0760
21.0000 0.0777
22.0000 0.0792
23.0000 0.0807
24.0000 0.0820
25.0000 0.0832
26.0000 0.0844
27.0000 0.0855
28.0000 0.0865
29.0000 0.0874
30.0000 0.0883
31.0000 0.0891
32.0000 0.0898
33.0000 0.0905
34.0000 0.0912
35.0000 0.0918
36.0000 0.0924
37.0000 0.0929
38.0000 0.0934
39.0000 0.0938
40.0000 0.0943
41.0000 0.0947
42.0000 0.0950
43.0000 0.0954
44.0000 0.0957
45.0000 0.0960
46.0000 0.0963
47.0000 0.0965
48.0000 0.0968
49.0000 0.0970
50.0000 0.0972
51.0000 0.0974
52.0000 0.0976
53.0000 0.0977
54.0000 0.0979
55.0000 0.0980
56.0000 0.0982
57.0000 0.0983
58.0000 0.0984
59.0000 0.0985
60.0000 0.0986
61.0000 0.0987
62.0000 0.0988
63.0000 0.0989
64.0000 0.0990
65.0000 0.0990
66.0000 0.0991
67.0000 0.0992
68.0000 0.0992
69.0000 0.0993
70.0000 0.0993
71.0000 0.0994
72.0000 0.0994
73.0000 0.0995
74.0000 0.0995
75.0000 0.0995
76.0000 0.0996
77.0000 0.0996
78.0000 0.0996
79.0000 0.0996
80.0000 0.0997
81.0000 0.0997
82.0000 0.0997
83.0000 0.0997
84.0000 0.0998
85.0000 0.0998
86.0000 0.0998
87.0000 0.0998
88.0000 0.0998
89.0000 0.0998
90.0000 0.0998
91.0000 0.0998
92.0000 0.0999
93.0000 0.0999
94.0000 0.0999
95.0000 0.0999
96.0000 0.0999
97.0000 0.0999
98.0000 0.0999
99.0000 0.0999
100.0000 0.0999
101.0000 0.0999
102.0000 0.0999
103.0000 0.0999
104.0000 0.0999
105.0000 0.0999
106.0000 0.0999
107.0000 0.1000
108.0000 0.1000
109.0000 0.1000
110.0000 0.1000
111.0000 0.1000
112.0000 0.1000
113.0000 0.1000
114.0000 0.1000
115.0000 0.1000
116.0000 0.1000
117.0000 0.1000
118.0000 0.1000
119.0000 0.1000
120.0000 0.1000
121.0000 0.1000
122.0000 0.1000
123.0000 0.1000
124.0000 0.1000
125.0000 0.1000
126.0000 0.1000
127.0000 0.1000
128.0000 0.1000
129.0000 0.1000
130.0000 0.1000
131.0000 0.1000
132.0000 0.1000
133.0000 0.1000
134.0000 0.1000
135.0000 0.1000
136.0000 0.1000
137.0000 0.1000
138.0000 0.1000
139.0000 0.1000
140.0000 0.1000
141.0000 0.1000
142.0000 0.1000
143.0000 0.1000
144.0000 0.1000
145.0000 0.1000
146.0000 0.1000
147.0000 0.1000
148.0000 0.1000
149.0000 0.1000
150.0000 0.1000
151.0000 0.1000
152.0000 0.1000
153.0000 0.1000
154.0000 0.1000
155.0000 0.1000
156.0000 0.1000
157.0000 0.1000
158.0000 0.1000
159.0000 0.1000
160.0000 0.1000
161.0000 0.1000
162.0000 0.1000
163.0000 0.1000
164.0000 0.1000
165.0000 0.1000
166.0000 0.1000
167.0000 0.1000
168.0000 0.1000
169.0000 0.1000
170.0000 0.1000
171.0000 0.1000
172.0000 0.1000
173.0000 0.1000
174.0000 0.1000
175.0000 0.1000
176.0000 0.1000
177.0000 0.1000
178.0000 0.1000
179.0000 0.1000
180.0000 0.1000
181.0000 0.1000
182.0000 0.1000
183.0000 0.1000
184.0000 0.1000
185.0000 0.1000
186.0000 0.1000
187.0000 0.1000
188.0000 0.1000
189.0000 0.1000
190.0000 0.1000
191.0000 0.1000
192.0000 0.1000
193.0000 0.1000
194.0000 0.1000
195.0000 0.1000
196.0000 0.1000
197.0000 0.1000
198.0000 0.1000
199.0000 0.1000
200.0000 0.1000
