1.0000 0.1765
2.0000 0.3260
3.0000 0.4525
4.0000 0.5596
5.0000 0.6502
6.0000 0.7269
7.0000 0.7919
8.0000 0.8469
9.0000 0.8934
10.0000 0.9328
11.0000 0.9661
12.0000 0.9944
13.0000 1.0183
14.0000 1.0385
15.0000 1.0556
16.0000 1.0701
17.0000 1.0824
18.0000 1.0927
19.0000 1.1015
20.0000 1.1090
21.0000 1.1153
22.0000 1.1206
23.0000 1.1251
24.0000 1.1289
25.0000 1.1322
26.0000 1.1349
27.0000 1.1372
28.0000 1.1392
29.0000 1.1408
30.0000 1.1423
31.0000 1.1434
32.0000 1.1444
33.0000 1.1453
34.0000 1.1460
35.0000 1.1466
36.0000 1.1471
37.0000 1.1476
38.0000 1.1480
39.0000 1.1483
40.0000 1.1485
41.0000 1.1488
42.0000 1.1490
43.0000 1.1491
44.0000 1.1492
45.0000 1.1494
46.0000 1.1495
47.0000 1.1495
48.0000 1.1496
49.0000 1.1497
50.0000 1.1497
51.0000 1.1498
52.0000 1.1498
53.0000 1.1498
54.0000 1.1499
55.0000 1.1499
56.0000 1.1499
57.0000 1.1499
58.0000 1.1499
59.0000 1.1499
60.0000 1.1499
61.0000 1.1500
62.0000 1.1500
63.0000 1.1500
64.0000 1.1500
65.0000 1.1500
66.0000 1.1500
67.0000 1.1500
68.0000 1.1500
69.0000 1.1500
70.0000 1.1500
71.0000 1.1500
72.0000 1.1500
73.0000 1.1500
74.0000 1.1500
75.0000 1.1500
76.0000 1.1500
77.0000 1.1500
78.0000 1.1500
79.0000 1.1500
80.0000 1.1500
81.0000 1.1500
82.0000 1.1500
83.0000 1.1500
84.0000 1.1500
85.0000 1.1500
86.0000 1.1500
87.0000 1.1500
88.0000 1.1500
89.0000 1.1500
90.0000 1.1500
91.0000 1.1500
92.0000 1.1500
93.0000 1.1500
94.0000 1.1500
95.0000 1.1500
96.0000 1.1500
97.0000 1.1500
98.0000 1.1500
99.0000 1.1500
100.0000 1.1500
101.0000 1.1500
102.0000 1.1500
103.0000 1.1500
104.0000 1.1500
105.0000 1.1500
106.0000 1.1500
107.0000 1.1500
108.0000 1.1500
109.0000 1.1500
110.0000 1.1500
111.0000 1.1500
112.0000 1.1500
113.0000 1.1500
114.0000 1.1500
115.0000 1.1500
116.0000 1.1500
117.0000 1.1500
118.0000 1.1500
119.0000 1.1500
120.0000 1.1500
121.0000 1.1500
122.0000 1.1500
123.0000 1.1500
124.0000 1.1500
125.0000 1.1500
126.0000 1.1500
127.0000 1.1500
128.0000 1.1500
129.0000 1.1500
130.0000 1.1500
131.0000 1.1500
132.0000 1.1500
133.0000 1.1500
134.0000 1.1500
135.0000 1.1500
136.0000 1.1500
137.0000 1.1500
138.0000 1.1500
139.0000 1.1500
140.0000 1.1500
141.0000 1.1500
142.0000 1.1500
143.0000 1.1500
144.0000 1.1500
145.0000 1.1500
146.0000 1.1500
147.0000 1.1500
148.0000 1.1500
149.0000 1.1500
150.0000 1.1500
151.0000 1.1500
152.0000 1.1500
153.0000 1.1500
154.0000 1.1500
155.0000 1.1500
156.0000 1.1500
157.0000 1.1500
158.0000 1.1500
159.0000 1.1500
160.0000 1.1500
161.0000 1.1500
162.0000 1.1500
163.0000 1.1500
164.0000 1.1500
165.0000 1.1500
166.0000 1.1500
167.0000 1.1500
168.0000 1.1500
169.0000 1.1500
170.0000 1.1500
171.0000 1.1500
172.0000 1.1500
173.0000 1.1500
174.0000 1.1500
175.0000 1.1500
176.0000 1.1500
177.0000 1.1500
178.0000 1.1500
179.0000 1.1500
180.0000 1.1500
181.0000 1.1500
182.0000 1.1500
183.0000 1.1500
184.0000 1.1500
185.0000 1.1500
186.0000 1.1500
187.0000 1.1500
188.0000 1.1500
189.0000 1.1500
190.0000 1.1500
191.0000 1.1500
192.0000 1.1500
193.0000 1.1500
194.0000 1.1500
195.0000 1.1500
196.0000 1.1500
197.0000 1.1500
198.0000 1.1500
199.0000 1.1500
200.0000 1.1500
