1.0000 0.0000
2.0000 0.0000
3.0000 0.0000
4.0000 0.0000
5.0000 0.0000
6.0000 0.0000
7.0000 0.0000
8.0000 0.0000
9.0000 0.0000
10.0000 0.0000
11.0000 1.2673
12.0000 0.9702
13.0000 1.0545
14.0000 1.0246
15.0000 1.0267
16.0000 1.0200
17.0000 1.0164
18.0000 1.0125
19.0000 1.0093
20.0000 1.0066
21.0000 1.0043
22.0000 1.0024
23.0000 1.0009
24.0000 0.9998
25.0000 0.9989
26.0000 0.9983
27.0000 0.9978
28.0000 0.9976
29.0000 0.9974
30.0000 0.9973
31.0000 0.9973
32.0000 0.9973
33.0000 0.9973
34.0000 0.9973
35.0000 0.9974
36.0000 0.9974
37.0000 0.9975
38.0000 0.9975
39.0000 0.9975
40.0000 0.9976
41.0000 0.9976
42.0000 0.9976
43.0000 0.9976
44.0000 0.9976
45.0000 0.9977
46.0000 0.9977
47.0000 0.9977
48.0000 0.9977
49.0000 0.9978
50.0000 0.9978
51.0000 0.9978
52.0000 0.9978
53.0000 0.9978
54.0000 0.9979
55.0000 0.9979
56.0000 0.9979
57.0000 0.9980
58.0000 0.9980
59.0000 0.9980
60.0000 0.9980
61.0000 0.9981
62.0000 0.9981
63.0000 0.9981
64.0000 0.9981
65.0000 0.9982
66.0000 0.9982
67.0000 0.9982
68.0000 0.9982
69.0000 0.9983
70.0000 0.9983
71.0000 0.9983
72.0000 0.9983
73.0000 0.9983
74.0000 0.9984
75.0000 0.9984
76.0000 0.9984
77.0000 0.9984
78.0000 0.9985
79.0000 0.9985
80.0000 0.9985
81.0000 0.9985
82.0000 0.9985
83.0000 0.9986
84.0000 0.9986
85.0000 0.9986
86.0000 0.9986
87.0000 0.9987
88.0000 0.9987
89.0000 0.9987
90.0000 0.9987
91.0000 0.9987
92.0000 0.9987
93.0000 0.9988
94.0000 0.9988
95.0000 0.9988
96.0000 0.9988
97.0000 0.9988
98.0000 0.9989
99.0000 0.9989
100.0000 0.9989
101.0000 0.9989
102.0000 0.9989
103.0000 0.9989
104.0000 0.9990
105.0000 0.9990
106.0000 0.9990
107.0000 0.9990
108.0000 0.9990
109.0000 0.9990
110.0000 0.9990
111.0000 1.0421
112.0000 0.7227
113.0000 0.8644
114.0000 0.8955
115.0000 0.9474
116.0000 0.9765
117.0000 0.9975
118.0000 1.0092
119.0000 1.0151
120.0000 1.0166
121.0000 1.0154
122.0000 1.0127
123.0000 1.0093
124.0000 1.0058
125.0000 1.0026
126.0000 0.9998
127.0000 0.9976
128.0000 0.9960
129.0000 0.9949
130.0000 0.9943
131.0000 0.9940
132.0000 0.9939
133.0000 0.9941
134.0000 0.9944
135.0000 0.9947
136.0000 0.9950
137.0000 0.9953
138.0000 0.9956
139.0000 0.9959
140.0000 0.9961
141.0000 0.9963
142.0000 0.9965
143.0000 0.9966
144.0000 0.9967
145.0000 0.9967
146.0000 0.9968
147.0000 0.9969
148.0000 0.9969
149.0000 0.9970
150.0000 0.9970
151.0000 0.9970
152.0000 0.9971
153.0000 0.9971
154.0000 0.9972
155.0000 0.9972
156.0000 0.9973
157.0000 0.9973
158.0000 0.9974
159.0000 0.9974
160.0000 0.9975
161.0000 0.9975
162.0000 0.9975
163.0000 0.9976
164.0000 0.9976
165.0000 0.9977
166.0000 0.9977
167.0000 0.9977
168.0000 0.9978
169.0000 0.9978
170.0000 0.9979
171.0000 0.9979
172.0000 0.9979
173.0000 0.9980
174.0000 0.9980
175.0000 0.9980
176.0000 0.9981
177.0000 0.9981
178.0000 0.9981
179.0000 0.9982
180.0000 0.9982
181.0000 0.9982
182.0000 0.9982
183.0000 0.9983
184.0000 0.9983
185.0000 0.9983
186.0000 0.9984
187.0000 0.9984
188.0000 0.9984
189.0000 0.9984
190.0000 0.9985
191.0000 0.9985
192.0000 0.9985
193.0000 0.9985
194.0000 0.9986
195.0000 0.9986
196.0000 0.9986
197.0000 0.9986
198.0000 0.9987
199.0000 0.9987
200.0000 0.9987
201.0000 0.9987
202.0000 0.9987
203.0000 0.9988
204.0000 0.9988
205.0000 0.9988
206.0000 0.9988
207.0000 0.9988
208.0000 0.9989
209.0000 0.9989
210.0000 0.9989
211.0000 1.8509
212.0000 1.2610
213.0000 1.1447
214.0000 0.9949
215.0000 0.9317
216.0000 0.8977
217.0000 0.8914
218.0000 0.8994
219.0000 0.9158
220.0000 0.9351
221.0000 0.9545
222.0000 0.9718
223.0000 0.9862
224.0000 0.9973
225.0000 1.0053
226.0000 1.0105
227.0000 1.0135
228.0000 1.0147
229.0000 1.0147
230.0000 1.0139
231.0000 1.0126
232.0000 1.0111
233.0000 1.0096
234.0000 1.0082
235.0000 1.0070
236.0000 1.0060
237.0000 1.0052
238.0000 1.0047
239.0000 1.0043
240.0000 1.0040
241.0000 1.0039
242.0000 1.0038
243.0000 1.0038
244.0000 1.0038
245.0000 1.0038
246.0000 1.0038
247.0000 1.0038
248.0000 1.0038
249.0000 1.0037
250.0000 1.0037
251.0000 1.0037
252.0000 1.0036
253.0000 1.0036
254.0000 1.0035
255.0000 1.0035
256.0000 1.0034
257.0000 1.0033
258.0000 1.0033
259.0000 1.0032
260.0000 1.0031
261.0000 1.0031
262.0000 1.0030
263.0000 1.0030
264.0000 1.0029
265.0000 1.0029
266.0000 1.0028
267.0000 1.0028
268.0000 1.0027
269.0000 1.0027
270.0000 1.0026
271.0000 1.0026
272.0000 1.0025
273.0000 1.0025
274.0000 1.0025
275.0000 1.0024
276.0000 1.0024
277.0000 1.0023
278.0000 1.0023
279.0000 1.0023
280.0000 1.0022
281.0000 1.0022
282.0000 1.0021
283.0000 1.0021
284.0000 1.0021
285.0000 1.0020
286.0000 1.0020
287.0000 1.0020
288.0000 1.0019
289.0000 1.0019
290.0000 1.0019
291.0000 1.0018
292.0000 1.0018
293.0000 1.0018
294.0000 1.0017
295.0000 1.0017
296.0000 1.0017
297.0000 1.0017
298.0000 1.0016
299.0000 1.0016
300.0000 1.0016
301.0000 1.0016
302.0000 1.0015
303.0000 1.0015
304.0000 1.0015
305.0000 1.0014
306.0000 1.0014
307.0000 1.0014
308.0000 1.0014
309.0000 1.0014
310.0000 1.0013
311.0000 -1.5333
312.0000 -0.9392
313.0000 -1.1078
314.0000 -1.0479
315.0000 -1.0522
316.0000 -1.0388
317.0000 -1.0316
318.0000 -1.0239
319.0000 -1.0175
320.0000 -1.0120
321.0000 -1.0075
322.0000 -1.0037
323.0000 -1.0008
324.0000 -0.9985
325.0000 -0.9968
326.0000 -0.9955
327.0000 -0.9947
328.0000 -0.9941
329.0000 -0.9938
330.0000 -0.9936
331.0000 -0.9936
332.0000 -0.9936
333.0000 -0.9937
334.0000 -0.9938
335.0000 -0.9939
336.0000 -0.9940
337.0000 -0.9941
338.0000 -0.9942
339.0000 -0.9942
340.0000 -0.9943
341.0000 -0.9944
342.0000 -0.9944
343.0000 -0.9945
344.0000 -0.9945
345.0000 -0.9946
346.0000 -0.9946
347.0000 -0.9947
348.0000 -0.9947
349.0000 -0.9948
350.0000 -0.9949
351.0000 -0.9949
352.0000 -0.9950
353.0000 -0.9950
354.0000 -0.9951
355.0000 -0.9952
356.0000 -0.9952
357.0000 -0.9953
358.0000 -0.9954
359.0000 -0.9954
360.0000 -0.9955
361.0000 -0.9955
362.0000 -0.9956
363.0000 -0.9957
364.0000 -0.9957
365.0000 -0.9958
366.0000 -0.9958
367.0000 -0.9959
368.0000 -0.9959
369.0000 -0.9960
370.0000 -0.9961
371.0000 -0.9961
372.0000 -0.9962
373.0000 -0.9962
374.0000 -0.9963
375.0000 -0.9963
376.0000 -0.9964
377.0000 -0.9964
378.0000 -0.9965
379.0000 -0.9965
380.0000 -0.9966
381.0000 -0.9966
382.0000 -0.9967
383.0000 -0.9967
384.0000 -0.9968
385.0000 -0.9968
386.0000 -0.9969
387.0000 -0.9969
388.0000 -0.9970
389.0000 -0.9970
390.0000 -0.9971
391.0000 -0.9971
392.0000 -0.9972
393.0000 -0.9972
394.0000 -0.9972
395.0000 -0.9973
396.0000 -0.9973
397.0000 -0.9974
398.0000 -0.9974
399.0000 -0.9974
400.0000 -0.9975
401.0000 -0.9975
402.0000 -0.9976
403.0000 -0.9976
404.0000 -0.9976
405.0000 -0.9977
406.0000 -0.9977
407.0000 -0.9977
408.0000 -0.9978
409.0000 -0.9978
410.0000 -0.9978
411.0000 -1.0839
412.0000 -0.4451
413.0000 -0.7286
414.0000 -0.7909
415.0000 -0.8946
416.0000 -0.9528
417.0000 -0.9947
418.0000 -1.0182
419.0000 -1.0299
420.0000 -1.0330
421.0000 -1.0307
422.0000 -1.0252
423.0000 -1.0184
424.0000 -1.0114
425.0000 -1.0049
426.0000 -0.9994
427.0000 -0.9950
428.0000 -0.9918
429.0000 -0.9896
430.0000 -0.9883
431.0000 -0.9877
432.0000 -0.9877
433.0000 -0.9880
434.0000 -0.9885
435.0000 -0.9892
436.0000 -0.9899
437.0000 -0.9905
438.0000 -0.9911
439.0000 -0.9916
440.0000 -0.9921
441.0000 -0.9925
442.0000 -0.9928
443.0000 -0.9930
444.0000 -0.9932
445.0000 -0.9933
446.0000 -0.9935
447.0000 -0.9936
448.0000 -0.9937
449.0000 -0.9938
450.0000 -0.9939
451.0000 -0.9940
452.0000 -0.9941
453.0000 -0.9941
454.0000 -0.9942
455.0000 -0.9943
456.0000 -0.9944
457.0000 -0.9945
458.0000 -0.9946
459.0000 -0.9947
460.0000 -0.9948
461.0000 -0.9949
462.0000 -0.9950
463.0000 -0.9951
464.0000 -0.9952
465.0000 -0.9952
466.0000 -0.9953
467.0000 -0.9954
468.0000 -0.9955
469.0000 -0.9955
470.0000 -0.9956
471.0000 -0.9957
472.0000 -0.9958
473.0000 -0.9958
474.0000 -0.9959
475.0000 -0.9960
476.0000 -0.9960
477.0000 -0.9961
478.0000 -0.9962
479.0000 -0.9962
480.0000 -0.9963
481.0000 -0.9964
482.0000 -0.9964
483.0000 -0.9965
484.0000 -0.9965
485.0000 -0.9966
486.0000 -0.9966
487.0000 -0.9967
488.0000 -0.9968
489.0000 -0.9968
490.0000 -0.9969
491.0000 -0.9969
492.0000 -0.9970
493.0000 -0.9970
494.0000 -0.9971
495.0000 -0.9971
496.0000 -0.9972
497.0000 -0.9972
498.0000 -0.9972
499.0000 -0.9973
500.0000 -0.9973
501.0000 -0.9974
502.0000 -0.9974
503.0000 -0.9975
504.0000 -0.9975
505.0000 -0.9975
506.0000 -0.9976
507.0000 -0.9976
508.0000 -0.9977
509.0000 -0.9977
510.0000 -0.9977
511.0000 -2.7017
512.0000 -1.5220
513.0000 -1.2894
514.0000 -0.9897
515.0000 -0.8633
516.0000 -0.7954
517.0000 -0.7827
518.0000 -0.7988
519.0000 -0.8315
520.0000 -0.8702
521.0000 -0.9089
522.0000 -0.9436
523.0000 -0.9723
524.0000 -0.9946
525.0000 -1.0106
526.0000 -1.0210
527.0000 -1.0269
528.0000 -1.0294
529.0000 -1.0293
530.0000 -1.0277
531.0000 -1.0251
532.0000 -1.0221
533.0000 -1.0191
534.0000 -1.0163
535.0000 -1.0139
536.0000 -1.0120
537.0000 -1.0104
538.0000 -1.0093
539.0000 -1.0085
540.0000 -1.0080
541.0000 -1.0077
542.0000 -1.0076
543.0000 -1.0075
544.0000 -1.0075
545.0000 -1.0075
546.0000 -1.0075
547.0000 -1.0075
548.0000 -1.0075
549.0000 -1.0075
550.0000 -1.0074
551.0000 -1.0073
552.0000 -1.0072
553.0000 -1.0071
554.0000 -1.0070
555.0000 -1.0069
556.0000 -1.0068
557.0000 -1.0066
558.0000 -1.0065
559.0000 -1.0064
560.0000 -1.0063
561.0000 -1.0062
562.0000 -1.0060
563.0000 -1.0059
564.0000 -1.0058
565.0000 -1.0057
566.0000 -1.0056
567.0000 -1.0055
568.0000 -1.0054
569.0000 -1.0053
570.0000 -1.0053
571.0000 -1.0052
572.0000 -1.0051
573.0000 -1.0050
574.0000 -1.0049
575.0000 -1.0048
576.0000 -1.0047
577.0000 -1.0047
578.0000 -1.0046
579.0000 -1.0045
580.0000 -1.0044
581.0000 -1.0043
582.0000 -1.0043
583.0000 -1.0042
584.0000 -1.0041
585.0000 -1.0041
586.0000 -1.0040
587.0000 -1.0039
588.0000 -1.0039
589.0000 -1.0038
590.0000 -1.0037
591.0000 -1.0037
592.0000 -1.0036
593.0000 -1.0035
594.0000 -1.0035
595.0000 -1.0034
596.0000 -1.0034
597.0000 -1.0033
598.0000 -1.0032
599.0000 -1.0032
600.0000 -1.0031
601.0000 -1.0031
602.0000 -1.0030
603.0000 -1.0030
604.0000 -1.0029
605.0000 -1.0029
606.0000 -1.0028
607.0000 -1.0028
608.0000 -1.0027
609.0000 -1.0027
610.0000 -1.0027
611.0000 2.7993
612.0000 1.9082
613.0000 2.1611
614.0000 2.0712
615.0000 2.0778
616.0000 2.0576
617.0000 2.0468
618.0000 2.0352
619.0000 2.0257
620.0000 2.0175
621.0000 2.0107
622.0000 2.0051
623.0000 2.0006
624.0000 1.9972
625.0000 1.9946
626.0000 1.9928
627.0000 1.9915
628.0000 1.9907
629.0000 1.9902
630.0000 1.9900
631.0000 1.9899
632.0000 1.9900
633.0000 1.9901
634.0000 1.9902
635.0000 1.9904
636.0000 1.9905
637.0000 1.9907
638.0000 1.9908
639.0000 1.9909
640.0000 1.9911
641.0000 1.9912
642.0000 1.9913
643.0000 1.9913
644.0000 1.9914
645.0000 1.9915
646.0000 1.9916
647.0000 1.9917
648.0000 1.9918
649.0000 1.9919
650.0000 1.9920
651.0000 1.9921
652.0000 1.9921
653.0000 1.9922
654.0000 1.9923
655.0000 1.9924
656.0000 1.9925
657.0000 1.9926
658.0000 1.9927
659.0000 1.9928
660.0000 1.9929
661.0000 1.9930
662.0000 1.9931
663.0000 1.9932
664.0000 1.9933
665.0000 1.9934
666.0000 1.9935
667.0000 1.9936
668.0000 1.9937
669.0000 1.9938
670.0000 1.9938
671.0000 1.9939
672.0000 1.9940
673.0000 1.9941
674.0000 1.9942
675.0000 1.9943
676.0000 1.9944
677.0000 1.9944
678.0000 1.9945
679.0000 1.9946
680.0000 1.9947
681.0000 1.9948
682.0000 1.9948
683.0000 1.9949
684.0000 1.9950
685.0000 1.9951
686.0000 1.9951
687.0000 1.9952
688.0000 1.9953
689.0000 1.9953
690.0000 1.9954
691.0000 1.9955
692.0000 1.9956
693.0000 1.9956
694.0000 1.9957
695.0000 1.9958
696.0000 1.9958
697.0000 1.9959
698.0000 1.9959
699.0000 1.9960
700.0000 1.9961
701.0000 1.9961
702.0000 1.9962
703.0000 1.9962
704.0000 1.9963
705.0000 1.9964
706.0000 1.9964
707.0000 1.9965
708.0000 1.9965
709.0000 1.9966
710.0000 1.9966
711.0000 2.1257
712.0000 1.1675
713.0000 1.5927
714.0000 1.6862
715.0000 1.8418
716.0000 1.9291
717.0000 1.9919
718.0000 2.0272
719.0000 2.0447
720.0000 2.0494
721.0000 2.0459
722.0000 2.0378
723.0000 2.0275
724.0000 2.0170
725.0000 2.0073
726.0000 1.9990
727.0000 1.9924
728.0000 1.9876
729.0000 1.9843
730.0000 1.9824
731.0000 1.9815
732.0000 1.9815
733.0000 1.9819
734.0000 1.9827
735.0000 1.9837
736.0000 1.9847
737.0000 1.9857
738.0000 1.9866
739.0000 1.9874
740.0000 1.9881
741.0000 1.9886
742.0000 1.9891
743.0000 1.9894
744.0000 1.9897
745.0000 1.9899
746.0000 1.9901
747.0000 1.9903
748.0000 1.9905
749.0000 1.9906
750.0000 1.9907
751.0000 1.9909
752.0000 1.9910
753.0000 1.9912
754.0000 1.9913
755.0000 1.9914
756.0000 1.9916
757.0000 1.9917
758.0000 1.9919
759.0000 1.9920
760.0000 1.9921
761.0000 1.9923
762.0000 1.9924
763.0000 1.9925
764.0000 1.9927
765.0000 1.9928
766.0000 1.9929
767.0000 1.9930
768.0000 1.9932
769.0000 1.9933
770.0000 1.9934
771.0000 1.9935
772.0000 1.9936
773.0000 1.9937
774.0000 1.9938
775.0000 1.9939
776.0000 1.9940
777.0000 1.9941
778.0000 1.9942
779.0000 1.9943
780.0000 1.9944
781.0000 1.9945
782.0000 1.9946
783.0000 1.9947
784.0000 1.9948
785.0000 1.9948
786.0000 1.9949
787.0000 1.9950
788.0000 1.9951
789.0000 1.9952
790.0000 1.9953
791.0000 1.9953
792.0000 1.9954
793.0000 1.9955
794.0000 1.9956
795.0000 1.9956
796.0000 1.9957
797.0000 1.9958
798.0000 1.9958
799.0000 1.9959
800.0000 1.9960
801.0000 1.9960
802.0000 1.9961
803.0000 1.9962
804.0000 1.9962
805.0000 1.9963
806.0000 1.9964
807.0000 1.9964
808.0000 1.9965
809.0000 1.9965
810.0000 1.9966
811.0000 4.5525
812.0000 2.7830
813.0000 2.4341
814.0000 1.9846
815.0000 1.7949
816.0000 1.6930
817.0000 1.6740
818.0000 1.6982
819.0000 1.7472
820.0000 1.8053
821.0000 1.8633
822.0000 1.9153
823.0000 1.9585
824.0000 1.9919
825.0000 2.0158
826.0000 2.0315
827.0000 2.0404
828.0000 2.0441
829.0000 2.0440
830.0000 2.0415
831.0000 2.0376
832.0000 2.0331
833.0000 2.0286
834.0000 2.0245
835.0000 2.0209
836.0000 2.0179
837.0000 2.0157
838.0000 2.0140
839.0000 2.0128
840.0000 2.0120
841.0000 2.0116
842.0000 2.0113
843.0000 2.0112
844.0000 2.0112
845.0000 2.0112
846.0000 2.0113
847.0000 2.0113
848.0000 2.0112
849.0000 2.0112
850.0000 2.0111
851.0000 2.0110
852.0000 2.0108
853.0000 2.0107
854.0000 2.0105
855.0000 2.0103
856.0000 2.0101
857.0000 2.0100
858.0000 2.0098
859.0000 2.0096
860.0000 2.0094
861.0000 2.0092
862.0000 2.0091
863.0000 2.0089
864.0000 2.0087
865.0000 2.0086
866.0000 2.0084
867.0000 2.0083
868.0000 2.0081
869.0000 2.0080
870.0000 2.0079
871.0000 2.0077
872.0000 2.0076
873.0000 2.0075
874.0000 2.0073
875.0000 2.0072
876.0000 2.0071
877.0000 2.0070
878.0000 2.0069
879.0000 2.0067
880.0000 2.0066
881.0000 2.0065
882.0000 2.0064
883.0000 2.0063
884.0000 2.0062
885.0000 2.0061
886.0000 2.0060
887.0000 2.0059
888.0000 2.0058
889.0000 2.0057
890.0000 2.0056
891.0000 2.0055
892.0000 2.0054
893.0000 2.0053
894.0000 2.0052
895.0000 2.0051
896.0000 2.0050
897.0000 2.0050
898.0000 2.0049
899.0000 2.0048
900.0000 2.0047
901.0000 2.0046
902.0000 2.0046
903.0000 2.0045
904.0000 2.0044
905.0000 2.0043
906.0000 2.0043
907.0000 2.0042
908.0000 2.0041
909.0000 2.0040
910.0000 2.0040
