1.0000 0.0000
2.0000 0.0000
3.0000 0.0000
4.0000 0.0000
5.0000 0.0000
6.0000 0.0000
7.0000 0.0000
8.0000 0.0000
9.0000 0.0000
10.0000 0.0000
11.0000 0.9992
12.0000 1.0008
13.0000 0.9997
14.0000 1.0000
15.0000 0.9995
16.0000 1.0008
17.0000 0.9999
18.0000 0.9992
19.0000 1.0006
20.0000 1.0001
21.0000 0.9997
22.0000 1.0000
23.0000 1.0001
24.0000 1.0002
25.0000 0.9998
26.0000 0.9996
27.0000 1.0004
28.0000 1.0002
29.0000 0.9997
30.0000 1.0003
31.0000 1.0002
32.0000 0.9995
33.0000 1.0005
34.0000 0.9997
35.0000 1.0003
36.0000 0.9993
37.0000 1.0004
38.0000 1.0002
39.0000 0.9998
40.0000 1.0000
41.0000 0.9994
42.0000 1.0004
43.0000 1.0006
44.0000 0.9992
45.0000 1.0001
46.0000 1.0002
47.0000 1.0003
48.0000 0.9996
49.0000 1.0004
50.0000 0.9990
51.0000 1.0012
52.0000 0.9991
53.0000 1.0006
54.0000 0.9999
55.0000 0.9999
56.0000 0.9999
57.0000 1.0007
58.0000 0.9992
59.0000 1.0006
60.0000 0.9993
61.0000 1.0007
62.0000 1.0000
63.0000 0.9993
64.0000 1.0006
65.0000 1.0000
66.0000 1.0000
67.0000 1.0000
68.0000 1.0000
69.0000 0.9992
70.0000 1.0007
71.0000 1.0000
72.0000 1.0000
73.0000 1.0000
74.0000 1.0000
75.0000 1.0000
76.0000 1.0000
77.0000 1.0000
78.0000 1.0000
79.0000 0.9999
80.0000 1.0000
81.0000 1.0000
82.0000 1.0000
83.0000 1.0000
84.0000 1.0000
85.0000 1.0000
86.0000 1.0000
87.0000 1.0000
88.0000 1.0000
89.0000 1.0000
90.0000 1.0000
91.0000 1.0000
92.0000 1.0001
93.0000 0.9999
94.0000 1.0001
95.0000 1.0000
96.0000 1.0000
97.0000 1.0000
98.0000 0.9999
99.0000 1.0001
100.0000 1.0000
101.0000 1.0000
102.0000 0.9999
103.0000 1.0000
104.0000 1.0000
105.0000 1.0000
106.0000 1.0000
107.0000 1.0000
108.0000 1.0001
109.0000 0.9999
110.0000 1.0000
111.0000 0.9998
112.0000 1.0011
113.0000 0.9990
114.0000 1.0000
115.0000 0.9997
116.0000 1.0019
117.0000 0.9988
118.0000 0.9985
119.0000 1.0023
120.0000 0.9991
121.0000 1.0005
122.0000 0.9992
123.0000 1.0002
124.0000 1.0009
125.0000 0.9994
126.0000 0.9988
127.0000 1.0012
128.0000 1.0011
129.0000 0.9979
130.0000 1.0015
131.0000 0.9994
132.0000 0.9998
133.0000 1.0003
134.0000 0.9991
135.0000 1.0010
136.0000 0.9987
137.0000 1.0020
138.0000 0.9994
139.0000 0.9991
140.0000 1.0001
141.0000 0.9996
142.0000 1.0013
143.0000 1.0004
144.0000 0.9989
145.0000 0.9997
146.0000 1.0009
147.0000 1.0002
148.0000 0.9991
149.0000 1.0012
150.0000 0.9977
151.0000 1.0026
152.0000 0.9980
153.0000 1.0007
154.0000 1.0000
155.0000 1.0005
156.0000 0.9989
157.0000 1.0014
158.0000 0.9984
159.0000 1.0019
160.0000 0.9980
161.0000 1.0013
162.0000 1.0005
163.0000 0.9976
164.0000 1.0028
165.0000 0.9990
166.0000 1.0001
167.0000 0.9993
168.0000 1.0004
169.0000 0.9991
170.0000 1.0016
171.0000 0.9996
172.0000 0.9997
173.0000 0.9998
174.0000 1.0008
175.0000 0.9991
176.0000 1.0010
177.0000 0.9992
178.0000 1.0002
179.0000 1.0000
180.0000 1.0004
181.0000 0.9992
182.0000 1.0004
183.0000 1.0004
184.0000 0.9994
185.0000 1.0004
186.0000 0.9995
187.0000 1.0005
188.0000 0.9995
189.0000 1.0006
190.0000 0.9996
191.0000 1.0006
192.0000 0.9988
193.0000 1.0013
194.0000 0.9990
195.0000 1.0005
196.0000 0.9997
197.0000 1.0008
198.0000 0.9997
199.0000 0.9999
200.0000 0.9997
201.0000 0.9999
202.0000 1.0006
203.0000 0.9999
204.0000 0.9998
205.0000 0.9999
206.0000 0.9998
207.0000 1.0008
208.0000 0.9990
209.0000 1.0007
210.0000 1.0000
211.0000 1.0022
212.0000 0.9979
213.0000 1.0008
214.0000 1.0004
215.0000 1.0008
216.0000 0.9969
217.0000 1.0016
218.0000 1.0027
219.0000 0.9971
220.0000 0.9993
221.0000 1.0013
222.0000 1.0004
223.0000 0.9993
224.0000 0.9996
225.0000 1.0008
226.0000 1.0017
227.0000 0.9976
228.0000 0.9996
229.0000 1.0014
230.0000 0.9999
231.0000 0.9981
232.0000 1.0028
233.0000 0.9976
234.0000 1.0009
235.0000 0.9999
236.0000 1.0021
237.0000 0.9973
238.0000 1.0004
239.0000 0.9998
240.0000 1.0009
241.0000 1.0015
242.0000 0.9977
243.0000 0.9991
244.0000 1.0026
245.0000 0.9986
246.0000 1.0002
247.0000 0.9992
248.0000 1.0013
249.0000 0.9987
250.0000 1.0021
251.0000 0.9969
252.0000 1.0030
253.0000 0.9982
254.0000 1.0006
255.0000 0.9994
256.0000 1.0011
257.0000 0.9980
258.0000 1.0026
259.0000 0.9979
260.0000 1.0024
261.0000 0.9978
262.0000 1.0002
263.0000 1.0023
264.0000 0.9968
265.0000 1.0009
266.0000 1.0002
267.0000 1.0000
268.0000 1.0000
269.0000 1.0024
270.0000 0.9975
271.0000 1.0001
272.0000 1.0000
273.0000 1.0001
274.0000 1.0000
275.0000 1.0000
276.0000 0.9999
277.0000 1.0002
278.0000 0.9998
279.0000 1.0002
280.0000 0.9999
281.0000 1.0001
282.0000 0.9998
283.0000 0.9992
284.0000 1.0008
285.0000 1.0000
286.0000 1.0001
287.0000 1.0000
288.0000 1.0000
289.0000 1.0000
290.0000 1.0001
291.0000 0.9999
292.0000 1.0000
293.0000 1.0001
294.0000 0.9998
295.0000 1.0001
296.0000 1.0000
297.0000 0.9999
298.0000 1.0002
299.0000 0.9997
300.0000 1.0002
301.0000 0.9999
302.0000 1.0001
303.0000 1.0000
304.0000 1.0000
305.0000 1.0000
306.0000 1.0001
307.0000 1.0000
308.0000 0.9999
309.0000 1.0001
310.0000 0.9999
311.0000 -0.9983
312.0000 -1.0016
313.0000 -0.9994
314.0000 -0.9999
315.0000 -0.9991
316.0000 -1.0015
317.0000 -0.9998
318.0000 -0.9984
319.0000 -1.0013
320.0000 -1.0003
321.0000 -0.9994
322.0000 -0.9999
323.0000 -1.0002
324.0000 -1.0003
325.0000 -0.9997
326.0000 -0.9991
327.0000 -1.0008
328.0000 -1.0004
329.0000 -0.9993
330.0000 -1.0005
331.0000 -1.0004
332.0000 -0.9989
333.0000 -1.0010
334.0000 -0.9994
335.0000 -1.0006
336.0000 -0.9986
337.0000 -1.0011
338.0000 -1.0003
339.0000 -0.9997
340.0000 -0.9999
341.0000 -0.9989
342.0000 -1.0008
343.0000 -1.0012
344.0000 -0.9985
345.0000 -1.0002
346.0000 -1.0003
347.0000 -1.0006
348.0000 -0.9993
349.0000 -1.0008
350.0000 -0.9981
351.0000 -1.0022
352.0000 -0.9983
353.0000 -1.0010
354.0000 -0.9998
355.0000 -0.9997
356.0000 -0.9998
357.0000 -1.0013
358.0000 -0.9985
359.0000 -1.0012
360.0000 -0.9985
361.0000 -1.0013
362.0000 -0.9999
363.0000 -0.9986
364.0000 -1.0012
365.0000 -1.0000
366.0000 -1.0000
367.0000 -1.0000
368.0000 -1.0000
369.0000 -0.9984
370.0000 -1.0012
371.0000 -1.0002
372.0000 -0.9999
373.0000 -1.0001
374.0000 -0.9998
375.0000 -1.0001
376.0000 -0.9998
377.0000 -1.0002
378.0000 -1.0000
379.0000 -0.9999
380.0000 -1.0001
381.0000 -1.0000
382.0000 -1.0000
383.0000 -1.0001
384.0000 -0.9999
385.0000 -1.0000
386.0000 -1.0000
387.0000 -1.0001
388.0000 -0.9999
389.0000 -1.0001
390.0000 -1.0000
391.0000 -0.9999
392.0000 -1.0003
393.0000 -0.9997
394.0000 -1.0002
395.0000 -1.0000
396.0000 -0.9999
397.0000 -1.0001
398.0000 -0.9999
399.0000 -1.0001
400.0000 -0.9999
401.0000 -1.0001
402.0000 -0.9998
403.0000 -1.0002
404.0000 -0.9999
405.0000 -1.0001
406.0000 -1.0000
407.0000 -0.9999
408.0000 -1.0001
409.0000 -0.9999
410.0000 -1.0000
411.0000 -0.9997
412.0000 -1.0020
413.0000 -0.9980
414.0000 -0.9999
415.0000 -0.9994
416.0000 -1.0038
417.0000 -0.9975
418.0000 -0.9970
419.0000 -1.0045
420.0000 -0.9981
421.0000 -1.0010
422.0000 -0.9983
423.0000 -1.0003
424.0000 -1.0019
425.0000 -0.9988
426.0000 -0.9975
427.0000 -1.0025
428.0000 -1.0022
429.0000 -0.9959
430.0000 -1.0031
431.0000 -0.9988
432.0000 -0.9997
433.0000 -1.0005
434.0000 -0.9983
435.0000 -1.0019
436.0000 -0.9975
437.0000 -1.0039
438.0000 -0.9989
439.0000 -0.9980
440.0000 -1.0003
441.0000 -0.9991
442.0000 -1.0027
443.0000 -1.0008
444.0000 -0.9978
445.0000 -0.9993
446.0000 -1.0018
447.0000 -1.0004
448.0000 -0.9983
449.0000 -1.0024
450.0000 -0.9955
451.0000 -1.0052
452.0000 -0.9959
453.0000 -1.0015
454.0000 -1.0000
455.0000 -1.0011
456.0000 -0.9977
457.0000 -1.0028
458.0000 -0.9968
459.0000 -1.0038
460.0000 -0.9960
461.0000 -1.0027
462.0000 -1.0009
463.0000 -0.9951
464.0000 -1.0056
465.0000 -0.9980
466.0000 -1.0003
467.0000 -0.9986
468.0000 -1.0009
469.0000 -0.9981
470.0000 -1.0032
471.0000 -0.9992
472.0000 -0.9994
473.0000 -0.9995
474.0000 -1.0017
475.0000 -0.9981
476.0000 -1.0020
477.0000 -0.9983
478.0000 -1.0004
479.0000 -1.0001
480.0000 -1.0008
481.0000 -0.9985
482.0000 -1.0007
483.0000 -1.0008
484.0000 -0.9988
485.0000 -1.0009
486.0000 -0.9989
487.0000 -1.0010
488.0000 -0.9990
489.0000 -1.0012
490.0000 -0.9991
491.0000 -1.0012
492.0000 -0.9976
493.0000 -1.0027
494.0000 -0.9979
495.0000 -1.0010
496.0000 -0.9995
497.0000 -1.0015
498.0000 -0.9994
499.0000 -0.9999
500.0000 -0.9993
501.0000 -0.9997
502.0000 -1.0013
503.0000 -0.9999
504.0000 -0.9996
505.0000 -0.9998
506.0000 -0.9996
507.0000 -1.0015
508.0000 -0.9981
509.0000 -1.0014
510.0000 -0.9999
511.0000 -1.0044
512.0000 -0.9957
513.0000 -1.0016
514.0000 -1.0008
515.0000 -1.0017
516.0000 -0.9939
517.0000 -1.0032
518.0000 -1.0054
519.0000 -0.9942
520.0000 -0.9987
521.0000 -1.0026
522.0000 -1.0007
523.0000 -0.9986
524.0000 -0.9992
525.0000 -1.0015
526.0000 -1.0034
527.0000 -0.9952
528.0000 -0.9993
529.0000 -1.0027
530.0000 -0.9999
531.0000 -0.9963
532.0000 -1.0056
533.0000 -0.9952
534.0000 -1.0018
535.0000 -0.9998
536.0000 -1.0042
537.0000 -0.9947
538.0000 -1.0008
539.0000 -0.9997
540.0000 -1.0019
541.0000 -1.0030
542.0000 -0.9953
543.0000 -0.9982
544.0000 -1.0052
545.0000 -0.9972
546.0000 -1.0005
547.0000 -0.9984
548.0000 -1.0026
549.0000 -0.9975
550.0000 -1.0042
551.0000 -0.9939
552.0000 -1.0060
553.0000 -0.9963
554.0000 -1.0011
555.0000 -0.9988
556.0000 -1.0022
557.0000 -0.9960
558.0000 -1.0053
559.0000 -0.9957
560.0000 -1.0048
561.0000 -0.9956
562.0000 -1.0005
563.0000 -1.0046
564.0000 -0.9936
565.0000 -1.0017
566.0000 -1.0005
567.0000 -1.0000
568.0000 -1.0000
569.0000 -1.0048
570.0000 -0.9951
571.0000 -1.0002
572.0000 -1.0001
573.0000 -1.0002
574.0000 -1.0001
575.0000 -1.0001
576.0000 -0.9998
577.0000 -1.0004
578.0000 -0.9996
579.0000 -1.0004
580.0000 -0.9997
581.0000 -1.0003
582.0000 -0.9996
583.0000 -0.9984
584.0000 -1.0016
585.0000 -0.9999
586.0000 -1.0002
587.0000 -0.9999
588.0000 -1.0001
589.0000 -1.0000
590.0000 -1.0001
591.0000 -0.9998
592.0000 -1.0001
593.0000 -1.0002
594.0000 -0.9996
595.0000 -1.0003
596.0000 -1.0000
597.0000 -0.9997
598.0000 -1.0004
599.0000 -0.9995
600.0000 -1.0003
601.0000 -0.9998
602.0000 -1.0002
603.0000 -1.0000
604.0000 -1.0000
605.0000 -0.9999
606.0000 -1.0001
607.0000 -1.0001
608.0000 -0.9998
609.0000 -1.0002
610.0000 -0.9998
611.0000 1.9975
612.0000 2.0025
613.0000 1.9991
614.0000 1.9998
615.0000 1.9987
616.0000 2.0023
617.0000 1.9997
618.0000 1.9976
619.0000 2.0020
620.0000 2.0004
621.0000 1.9991
622.0000 1.9999
623.0000 2.0004
624.0000 2.0004
625.0000 1.9995
626.0000 1.9987
627.0000 2.0012
628.0000 2.0005
629.0000 1.9990
630.0000 2.0007
631.0000 2.0007
632.0000 1.9983
633.0000 2.0016
634.0000 1.9990
635.0000 2.0010
636.0000 1.9978
637.0000 2.0017
638.0000 2.0004
639.0000 1.9996
640.0000 1.9998
641.0000 1.9983
642.0000 2.0012
643.0000 2.0018
644.0000 1.9978
645.0000 2.0003
646.0000 2.0005
647.0000 2.0008
648.0000 1.9990
649.0000 2.0013
650.0000 1.9971
651.0000 2.0033
652.0000 1.9976
653.0000 2.0015
654.0000 1.9998
655.0000 1.9995
656.0000 1.9997
657.0000 2.0020
658.0000 1.9977
659.0000 2.0018
660.0000 1.9978
661.0000 2.0020
662.0000 1.9999
663.0000 1.9979
664.0000 2.0019
665.0000 1.9999
666.0000 2.0001
667.0000 2.0000
668.0000 2.0000
669.0000 1.9977
670.0000 2.0018
671.0000 2.0003
672.0000 1.9998
673.0000 2.0003
674.0000 1.9997
675.0000 2.0002
676.0000 1.9997
677.0000 2.0003
678.0000 1.9999
679.0000 1.9999
680.0000 2.0001
681.0000 2.0000
682.0000 1.9999
683.0000 2.0002
684.0000 1.9997
685.0000 2.0000
686.0000 2.0000
687.0000 2.0001
688.0000 1.9998
689.0000 2.0001
690.0000 2.0000
691.0000 1.9998
692.0000 2.0005
693.0000 1.9995
694.0000 2.0003
695.0000 2.0000
696.0000 1.9998
697.0000 2.0002
698.0000 1.9998
699.0000 2.0002
700.0000 1.9999
701.0000 2.0002
702.0000 1.9996
703.0000 2.0003
704.0000 1.9998
705.0000 2.0002
706.0000 2.0000
707.0000 1.9999
708.0000 2.0002
709.0000 1.9998
710.0000 2.0000
711.0000 1.9995
712.0000 2.0030
713.0000 1.9971
714.0000 1.9998
715.0000 1.9990
716.0000 2.0057
717.0000 1.9962
718.0000 1.9955
719.0000 2.0068
720.0000 1.9972
721.0000 2.0016
722.0000 1.9975
723.0000 2.0004
724.0000 2.0030
725.0000 1.9981
726.0000 1.9963
727.0000 2.0037
728.0000 2.0033
729.0000 1.9938
730.0000 2.0047
731.0000 1.9981
732.0000 1.9997
733.0000 2.0007
734.0000 1.9975
735.0000 2.0029
736.0000 1.9962
737.0000 2.0058
738.0000 1.9984
739.0000 1.9969
740.0000 2.0005
741.0000 1.9985
742.0000 2.0040
743.0000 2.0012
744.0000 1.9967
745.0000 1.9990
746.0000 2.0027
747.0000 2.0006
748.0000 1.9974
749.0000 2.0036
750.0000 1.9932
751.0000 2.0078
752.0000 1.9938
753.0000 2.0023
754.0000 2.0000
755.0000 2.0017
756.0000 1.9966
757.0000 2.0042
758.0000 1.9952
759.0000 2.0057
760.0000 1.9940
761.0000 2.0041
762.0000 2.0014
763.0000 1.9927
764.0000 2.0083
765.0000 1.9971
766.0000 2.0004
767.0000 1.9979
768.0000 2.0013
769.0000 1.9972
770.0000 2.0049
771.0000 1.9988
772.0000 1.9991
773.0000 1.9993
774.0000 2.0025
775.0000 1.9971
776.0000 2.0030
777.0000 1.9975
778.0000 2.0006
779.0000 2.0001
780.0000 2.0012
781.0000 1.9977
782.0000 2.0011
783.0000 2.0011
784.0000 1.9982
785.0000 2.0013
786.0000 1.9984
787.0000 2.0015
788.0000 1.9985
789.0000 2.0017
790.0000 1.9987
791.0000 2.0018
792.0000 1.9964
793.0000 2.0041
794.0000 1.9969
795.0000 2.0015
796.0000 1.9992
797.0000 2.0023
798.0000 1.9990
799.0000 1.9998
800.0000 1.9990
801.0000 1.9996
802.0000 2.0019
803.0000 1.9998
804.0000 1.9994
805.0000 1.9997
806.0000 1.9994
807.0000 2.0022
808.0000 1.9971
809.0000 2.0021
810.0000 1.9999
811.0000 2.0065
812.0000 1.9936
813.0000 2.0025
814.0000 2.0012
815.0000 2.0025
816.0000 1.9909
817.0000 2.0048
818.0000 2.0081
819.0000 1.9913
820.0000 1.9980
821.0000 2.0039
822.0000 2.0011
823.0000 1.9980
824.0000 1.9988
825.0000 2.0023
826.0000 2.0051
827.0000 1.9929
828.0000 1.9989
829.0000 2.0041
830.0000 1.9998
831.0000 1.9944
832.0000 2.0084
833.0000 1.9928
834.0000 2.0027
835.0000 1.9997
836.0000 2.0063
837.0000 1.9920
838.0000 2.0012
839.0000 1.9996
840.0000 2.0028
841.0000 2.0046
842.0000 1.9930
843.0000 1.9972
844.0000 2.0077
845.0000 1.9958
846.0000 2.0007
847.0000 1.9976
848.0000 2.0040
849.0000 1.9962
850.0000 2.0063
851.0000 1.9908
852.0000 2.0090
853.0000 1.9945
854.0000 2.0017
855.0000 1.9982
856.0000 2.0033
857.0000 1.9940
858.0000 2.0079
859.0000 1.9936
860.0000 2.0072
861.0000 1.9935
862.0000 2.0007
863.0000 2.0069
864.0000 1.9904
865.0000 2.0026
866.0000 2.0007
867.0000 2.0000
868.0000 2.0000
869.0000 2.0072
870.0000 1.9926
871.0000 2.0003
872.0000 2.0001
873.0000 2.0004
874.0000 2.0001
875.0000 2.0001
876.0000 1.9997
877.0000 2.0006
878.0000 1.9993
879.0000 2.0006
880.0000 1.9996
881.0000 2.0004
882.0000 1.9994
883.0000 1.9976
884.0000 2.0024
885.0000 1.9999
886.0000 2.0002
887.0000 1.9998
888.0000 2.0001
889.0000 2.0000
890.0000 2.0002
891.0000 1.9997
892.0000 2.0001
893.0000 2.0003
894.0000 1.9995
895.0000 2.0004
896.0000 2.0000
897.0000 1.9996
898.0000 2.0007
899.0000 1.9992
900.0000 2.0005
901.0000 1.9997
902.0000 2.0002
903.0000 2.0000
904.0000 1.9999
905.0000 1.9999
906.0000 2.0002
907.0000 2.0001
908.0000 1.9996
909.0000 2.0004
910.0000 1.9998
