1.0000 0.0000
2.0000 0.0000
3.0000 0.0000
4.0000 0.0000
5.0000 0.0000
6.0000 0.0000
7.0000 0.0000
8.0000 0.0000
9.0000 0.0000
10.0000 0.0000
11.0000 0.0016
12.0000 -0.0006
13.0000 -0.0001
14.0000 0.0006
15.0000 -0.0007
16.0000 -0.0001
17.0000 0.0008
18.0000 -0.0006
19.0000 -0.0000
20.0000 0.0002
21.0000 0.0001
22.0000 0.0003
23.0000 -0.0005
24.0000 -0.0005
25.0000 0.0010
26.0000 -0.0003
27.0000 -0.0004
28.0000 0.0004
29.0000 -0.0003
30.0000 -0.0003
31.0000 0.0004
32.0000 -0.0002
33.0000 0.0005
34.0000 -0.0008
35.0000 0.0005
36.0000 -0.0001
37.0000 -0.0001
38.0000 -0.0001
39.0000 0.0007
40.0000 -0.0007
41.0000 -0.0001
42.0000 0.0000
43.0000 0.0008
44.0000 -0.0006
45.0000 0.0000
46.0000 0.0001
47.0000 -0.0007
48.0000 0.0008
49.0000 -0.0005
50.0000 0.0009
51.0000 -0.0005
52.0000 -0.0006
53.0000 0.0009
54.0000 -0.0004
55.0000 0.0002
56.0000 -0.0005
57.0000 0.0002
58.0000 0.0003
59.0000 -0.0004
60.0000 0.0003
61.0000 0.0004
62.0000 -0.0004
63.0000 -0.0005
64.0000 0.0003
65.0000 0.0004
66.0000 -0.0003
67.0000 0.0003
68.0000 -0.0003
69.0000 0.0004
70.0000 -0.0003
71.0000 -0.0003
72.0000 0.0003
73.0000 -0.0002
74.0000 0.0004
75.0000 -0.0003
76.0000 0.0005
77.0000 -0.0010
78.0000 0.0011
79.0000 -0.0009
80.0000 0.0004
81.0000 -0.0002
82.0000 0.0005
83.0000 -0.0002
84.0000 -0.0002
85.0000 0.0005
86.0000 -0.0009
87.0000 0.0004
88.0000 0.0006
89.0000 -0.0009
90.0000 0.0005
91.0000 -0.0001
92.0000 0.0005
93.0000 -0.0008
94.0000 0.0005
95.0000 -0.0001
96.0000 -0.0002
97.0000 0.0006
98.0000 -0.0008
99.0000 0.0005
100.0000 -0.0001
101.0000 0.0007
102.0000 -0.0009
103.0000 0.0006
104.0000 -0.0009
105.0000 0.0005
106.0000 -0.0001
107.0000 0.0007
108.0000 -0.0008
109.0000 0.0006
110.0000 -0.0001
111.0000 0.0023
112.0000 -0.0005
113.0000 -0.0002
114.0000 0.0018
115.0000 -0.0035
116.0000 0.0018
117.0000 0.0011
118.0000 -0.0023
119.0000 0.0015
120.0000 -0.0008
121.0000 0.0011
122.0000 0.0006
123.0000 -0.0018
124.0000 -0.0008
125.0000 0.0025
126.0000 -0.0009
127.0000 -0.0011
128.0000 0.0005
129.0000 0.0008
130.0000 -0.0011
131.0000 0.0009
132.0000 -0.0010
133.0000 0.0018
134.0000 -0.0020
135.0000 0.0016
136.0000 -0.0008
137.0000 -0.0002
138.0000 0.0006
139.0000 -0.0002
140.0000 -0.0005
141.0000 -0.0001
142.0000 -0.0003
143.0000 0.0025
144.0000 -0.0021
145.0000 0.0002
146.0000 -0.0008
147.0000 0.0000
148.0000 0.0017
149.0000 -0.0016
150.0000 0.0014
151.0000 -0.0000
152.0000 -0.0020
153.0000 0.0015
154.0000 -0.0003
155.0000 0.0003
156.0000 -0.0007
157.0000 0.0004
158.0000 0.0003
159.0000 -0.0003
160.0000 0.0003
161.0000 0.0003
162.0000 -0.0008
163.0000 -0.0007
164.0000 0.0015
165.0000 -0.0006
166.0000 -0.0003
167.0000 0.0007
168.0000 -0.0008
169.0000 0.0008
170.0000 -0.0009
171.0000 0.0001
172.0000 0.0004
173.0000 -0.0006
174.0000 0.0016
175.0000 -0.0014
176.0000 0.0010
177.0000 -0.0022
178.0000 0.0027
179.0000 -0.0023
180.0000 0.0019
181.0000 -0.0012
182.0000 0.0009
183.0000 0.0001
184.0000 -0.0011
185.0000 0.0010
186.0000 -0.0013
187.0000 0.0008
188.0000 0.0008
189.0000 -0.0013
190.0000 0.0006
191.0000 0.0003
192.0000 0.0003
193.0000 -0.0013
194.0000 0.0007
195.0000 0.0003
196.0000 -0.0010
197.0000 0.0019
198.0000 -0.0027
199.0000 0.0022
200.0000 -0.0012
201.0000 0.0019
202.0000 -0.0028
203.0000 0.0022
204.0000 -0.0017
205.0000 0.0008
206.0000 0.0004
207.0000 0.0012
208.0000 -0.0028
209.0000 0.0022
210.0000 -0.0004
211.0000 0.9925
212.0000 1.0037
213.0000 1.0018
214.0000 0.9960
215.0000 1.0027
216.0000 1.0016
217.0000 0.9965
218.0000 1.0008
219.0000 1.0017
220.0000 0.9990
221.0000 0.9997
222.0000 0.9999
223.0000 1.0001
224.0000 1.0016
225.0000 0.9981
226.0000 1.0008
227.0000 0.9992
228.0000 1.0013
229.0000 1.0000
230.0000 1.0003
231.0000 0.9987
232.0000 1.0009
233.0000 0.9983
234.0000 1.0042
235.0000 0.9959
236.0000 1.0024
237.0000 0.9986
238.0000 1.0014
239.0000 0.9968
240.0000 1.0033
241.0000 1.0007
242.0000 0.9994
243.0000 0.9971
244.0000 1.0026
245.0000 0.9996
246.0000 0.9997
247.0000 1.0014
248.0000 0.9974
249.0000 1.0022
250.0000 0.9976
251.0000 1.0025
252.0000 1.0000
253.0000 0.9979
254.0000 1.0028
255.0000 0.9970
256.0000 1.0034
257.0000 0.9994
258.0000 0.9970
259.0000 1.0029
260.0000 0.9995
261.0000 0.9970
262.0000 1.0034
263.0000 1.0013
264.0000 0.9978
265.0000 0.9980
266.0000 1.0030
267.0000 0.9989
268.0000 1.0006
269.0000 0.9990
270.0000 1.0009
271.0000 1.0003
272.0000 0.9993
273.0000 1.0007
274.0000 1.0002
275.0000 0.9991
276.0000 0.9987
277.0000 1.0033
278.0000 0.9963
279.0000 1.0032
280.0000 0.9997
281.0000 0.9991
282.0000 0.9986
283.0000 1.0023
284.0000 0.9989
285.0000 0.9987
286.0000 1.0043
287.0000 0.9966
288.0000 0.9985
289.0000 1.0045
290.0000 0.9966
291.0000 1.0019
292.0000 0.9970
293.0000 1.0042
294.0000 0.9966
295.0000 1.0021
296.0000 0.9988
297.0000 1.0000
298.0000 1.0010
299.0000 0.9997
300.0000 0.9990
301.0000 0.9996
302.0000 1.0014
303.0000 0.9995
304.0000 1.0026
305.0000 0.9962
306.0000 1.0024
307.0000 0.9977
308.0000 1.0013
309.0000 0.9996
310.0000 1.0004
311.0000 0.9991
312.0000 0.9991
313.0000 0.9983
314.0000 1.0015
315.0000 1.0015
316.0000 0.9983
317.0000 0.9985
318.0000 1.0040
319.0000 0.9978
320.0000 0.9998
321.0000 0.9998
322.0000 0.9977
323.0000 1.0032
324.0000 1.0013
325.0000 0.9958
326.0000 1.0008
327.0000 1.0034
328.0000 0.9967
329.0000 1.0012
330.0000 1.0003
331.0000 0.9997
332.0000 1.0002
333.0000 0.9992
334.0000 0.9997
335.0000 1.0012
336.0000 0.9981
337.0000 1.0026
338.0000 0.9979
339.0000 1.0010
340.0000 0.9991
341.0000 1.0005
342.0000 0.9999
343.0000 0.9987
344.0000 1.0014
345.0000 0.9998
346.0000 0.9999
347.0000 1.0015
348.0000 0.9985
349.0000 1.0012
350.0000 0.9984
351.0000 0.9986
352.0000 1.0037
353.0000 0.9982
354.0000 0.9987
355.0000 1.0018
356.0000 0.9988
357.0000 0.9998
358.0000 1.0016
359.0000 0.9988
360.0000 0.9994
361.0000 1.0018
362.0000 0.9984
363.0000 1.0011
364.0000 0.9995
365.0000 1.0016
366.0000 0.9984
367.0000 0.9993
368.0000 1.0008
369.0000 0.9993
370.0000 1.0008
371.0000 1.0006
372.0000 0.9993
373.0000 1.0007
374.0000 0.9968
375.0000 1.0032
376.0000 0.9988
377.0000 1.0022
378.0000 0.9976
379.0000 1.0018
380.0000 0.9971
381.0000 1.0026
382.0000 0.9992
383.0000 0.9980
384.0000 1.0029
385.0000 0.9987
386.0000 1.0000
387.0000 1.0010
388.0000 0.9992
389.0000 0.9993
390.0000 1.0016
391.0000 0.9979
392.0000 1.0013
393.0000 0.9995
394.0000 1.0012
395.0000 0.9980
396.0000 1.0028
397.0000 0.9963
398.0000 1.0043
399.0000 0.9964
400.0000 1.0027
401.0000 0.9965
402.0000 1.0039
403.0000 0.9967
404.0000 1.0018
405.0000 1.0013
406.0000 0.9978
407.0000 0.9989
408.0000 1.0038
409.0000 0.9966
410.0000 1.0001
411.0000 0.9956
412.0000 1.0009
413.0000 1.0006
414.0000 0.9961
415.0000 1.0072
416.0000 0.9960
417.0000 0.9982
418.0000 1.0043
419.0000 0.9972
420.0000 1.0014
421.0000 0.9980
422.0000 0.9985
423.0000 1.0038
424.0000 1.0014
425.0000 0.9951
426.0000 1.0016
427.0000 1.0024
428.0000 0.9987
429.0000 0.9982
430.0000 1.0026
431.0000 0.9977
432.0000 1.0021
433.0000 0.9963
434.0000 1.0039
435.0000 0.9969
436.0000 1.0017
437.0000 1.0001
438.0000 0.9991
439.0000 1.0003
440.0000 1.0008
441.0000 1.0002
442.0000 1.0006
443.0000 0.9950
444.0000 1.0040
445.0000 0.9997
446.0000 1.0014
447.0000 1.0000
448.0000 0.9966
449.0000 1.0032
450.0000 0.9972
451.0000 1.0000
452.0000 1.0038
453.0000 0.9972
454.0000 1.0003
455.0000 0.9994
456.0000 1.0015
457.0000 0.9992
458.0000 0.9993
459.0000 1.0006
460.0000 0.9994
461.0000 0.9994
462.0000 1.0018
463.0000 1.0011
464.0000 0.9971
465.0000 1.0011
466.0000 1.0005
467.0000 0.9986
468.0000 1.0017
469.0000 0.9981
470.0000 1.0019
471.0000 0.9997
472.0000 0.9992
473.0000 1.0010
474.0000 0.9970
475.0000 1.0026
476.0000 0.9983
477.0000 1.0043
478.0000 0.9948
479.0000 1.0044
480.0000 0.9963
481.0000 1.0022
482.0000 0.9983
483.0000 0.9998
484.0000 1.0022
485.0000 0.9981
486.0000 1.0024
487.0000 0.9987
488.0000 0.9982
489.0000 1.0029
490.0000 0.9986
491.0000 0.9997
492.0000 0.9992
493.0000 1.0027
494.0000 0.9985
495.0000 0.9995
496.0000 1.0020
497.0000 0.9964
498.0000 1.0051
499.0000 0.9959
500.0000 1.0022
501.0000 0.9963
502.0000 1.0056
503.0000 0.9957
504.0000 1.0033
505.0000 0.9986
506.0000 0.9991
507.0000 0.9976
508.0000 1.0056
509.0000 0.9955
510.0000 1.0008
511.0000 -0.9850
512.0000 -1.0073
513.0000 -1.0038
514.0000 -0.9918
515.0000 -1.0057
516.0000 -1.0030
517.0000 -0.9931
518.0000 -1.0014
519.0000 -1.0036
520.0000 -0.9977
521.0000 -0.9997
522.0000 -0.9996
523.0000 -1.0003
524.0000 -1.0032
525.0000 -0.9963
526.0000 -1.0015
527.0000 -0.9985
528.0000 -1.0025
529.0000 -1.0001
530.0000 -1.0007
531.0000 -0.9972
532.0000 -1.0020
533.0000 -0.9965
534.0000 -1.0083
535.0000 -0.9918
536.0000 -1.0047
537.0000 -0.9972
538.0000 -1.0029
539.0000 -0.9935
540.0000 -1.0065
541.0000 -1.0013
542.0000 -0.9987
543.0000 -0.9941
544.0000 -1.0053
545.0000 -0.9993
546.0000 -0.9993
547.0000 -1.0030
548.0000 -0.9947
549.0000 -1.0044
550.0000 -0.9952
551.0000 -1.0049
552.0000 -0.9999
553.0000 -0.9960
554.0000 -1.0054
555.0000 -0.9940
556.0000 -1.0069
557.0000 -0.9987
558.0000 -0.9940
559.0000 -1.0059
560.0000 -0.9988
561.0000 -0.9940
562.0000 -1.0067
563.0000 -1.0026
564.0000 -0.9956
565.0000 -0.9962
566.0000 -1.0059
567.0000 -0.9979
568.0000 -1.0013
569.0000 -0.9979
570.0000 -1.0018
571.0000 -1.0005
572.0000 -0.9986
573.0000 -1.0013
574.0000 -1.0006
575.0000 -0.9980
576.0000 -0.9975
577.0000 -1.0065
578.0000 -0.9927
579.0000 -1.0064
580.0000 -0.9996
581.0000 -0.9979
582.0000 -0.9974
583.0000 -1.0044
584.0000 -0.9979
585.0000 -0.9974
586.0000 -1.0086
587.0000 -0.9932
588.0000 -0.9972
589.0000 -1.0090
590.0000 -0.9933
591.0000 -1.0037
592.0000 -0.9940
593.0000 -1.0084
594.0000 -0.9933
595.0000 -1.0043
596.0000 -0.9976
597.0000 -0.9999
598.0000 -1.0021
599.0000 -0.9994
600.0000 -0.9981
601.0000 -0.9992
602.0000 -1.0028
603.0000 -0.9990
604.0000 -1.0051
605.0000 -0.9924
606.0000 -1.0048
607.0000 -0.9955
608.0000 -1.0027
609.0000 -0.9991
610.0000 -1.0007
611.0000 -0.9997
612.0000 -0.9976
613.0000 -0.9964
614.0000 -1.0036
615.0000 -1.0023
616.0000 -0.9965
617.0000 -0.9978
618.0000 -1.0074
619.0000 -0.9956
620.0000 -0.9999
621.0000 -0.9998
622.0000 -0.9957
623.0000 -1.0059
624.0000 -1.0020
625.0000 -0.9927
626.0000 -1.0012
627.0000 -1.0065
628.0000 -0.9938
629.0000 -1.0021
630.0000 -1.0004
631.0000 -0.9999
632.0000 -1.0002
633.0000 -0.9988
634.0000 -0.9986
635.0000 -1.0030
636.0000 -0.9962
637.0000 -1.0051
638.0000 -0.9958
639.0000 -1.0027
640.0000 -0.9975
641.0000 -1.0010
642.0000 -0.9998
643.0000 -0.9982
644.0000 -1.0022
645.0000 -0.9997
646.0000 -0.9999
647.0000 -1.0022
648.0000 -0.9977
649.0000 -1.0018
650.0000 -0.9977
651.0000 -0.9968
652.0000 -1.0069
653.0000 -0.9972
654.0000 -0.9971
655.0000 -1.0039
656.0000 -0.9972
657.0000 -0.9997
658.0000 -1.0035
659.0000 -0.9972
660.0000 -0.9990
661.0000 -1.0038
662.0000 -0.9964
663.0000 -1.0017
664.0000 -0.9992
665.0000 -1.0036
666.0000 -0.9965
667.0000 -0.9989
668.0000 -1.0013
669.0000 -0.9989
670.0000 -1.0012
671.0000 -1.0009
672.0000 -0.9990
673.0000 -1.0012
674.0000 -0.9940
675.0000 -1.0062
676.0000 -0.9980
677.0000 -1.0033
678.0000 -0.9963
679.0000 -1.0028
680.0000 -0.9946
681.0000 -1.0051
682.0000 -0.9989
683.0000 -0.9958
684.0000 -1.0056
685.0000 -0.9979
686.0000 -0.9991
687.0000 -1.0026
688.0000 -0.9989
689.0000 -0.9976
690.0000 -1.0036
691.0000 -0.9957
692.0000 -1.0031
693.0000 -0.9980
694.0000 -1.0030
695.0000 -0.9959
696.0000 -1.0053
697.0000 -0.9932
698.0000 -1.0078
699.0000 -0.9934
700.0000 -1.0052
701.0000 -0.9937
702.0000 -1.0069
703.0000 -0.9939
704.0000 -1.0027
705.0000 -1.0031
706.0000 -0.9956
707.0000 -0.9983
708.0000 -1.0068
709.0000 -0.9938
710.0000 -1.0001
711.0000 -0.9935
712.0000 -1.0012
713.0000 -1.0009
714.0000 -0.9940
715.0000 -1.0109
716.0000 -0.9939
717.0000 -0.9974
718.0000 -1.0062
719.0000 -0.9959
720.0000 -1.0019
721.0000 -0.9970
722.0000 -0.9976
723.0000 -1.0058
724.0000 -1.0019
725.0000 -0.9926
726.0000 -1.0024
727.0000 -1.0037
728.0000 -0.9980
729.0000 -0.9973
730.0000 -1.0041
731.0000 -0.9963
732.0000 -1.0033
733.0000 -0.9945
734.0000 -1.0058
735.0000 -0.9953
736.0000 -1.0026
737.0000 -1.0000
738.0000 -0.9987
739.0000 -1.0004
740.0000 -1.0012
741.0000 -1.0003
742.0000 -1.0009
743.0000 -0.9925
744.0000 -1.0059
745.0000 -0.9997
746.0000 -1.0021
747.0000 -1.0000
748.0000 -0.9949
749.0000 -1.0047
750.0000 -0.9959
751.0000 -0.9999
752.0000 -1.0057
753.0000 -0.9959
754.0000 -1.0004
755.0000 -0.9992
756.0000 -1.0023
757.0000 -0.9987
758.0000 -0.9990
759.0000 -1.0010
760.0000 -0.9991
761.0000 -0.9990
762.0000 -1.0028
763.0000 -1.0015
764.0000 -0.9958
765.0000 -1.0016
766.0000 -1.0007
767.0000 -0.9979
768.0000 -1.0026
769.0000 -0.9970
770.0000 -1.0030
771.0000 -0.9995
772.0000 -0.9989
773.0000 -1.0015
774.0000 -0.9956
775.0000 -1.0037
776.0000 -0.9976
777.0000 -1.0063
778.0000 -0.9923
779.0000 -1.0066
780.0000 -0.9946
781.0000 -1.0032
782.0000 -0.9975
783.0000 -0.9997
784.0000 -1.0034
785.0000 -0.9972
786.0000 -1.0035
787.0000 -0.9981
788.0000 -0.9972
789.0000 -1.0044
790.0000 -0.9977
791.0000 -0.9996
792.0000 -0.9986
793.0000 -1.0042
794.0000 -0.9977
795.0000 -0.9993
796.0000 -1.0029
797.0000 -0.9946
798.0000 -1.0075
799.0000 -0.9939
800.0000 -1.0032
801.0000 -0.9944
802.0000 -1.0084
803.0000 -0.9936
804.0000 -1.0049
805.0000 -0.9980
806.0000 -0.9986
807.0000 -0.9964
808.0000 -1.0085
809.0000 -0.9932
810.0000 -1.0013
811.0000 1.9774
812.0000 2.0109
813.0000 2.0058
814.0000 1.9876
815.0000 2.0086
816.0000 2.0045
817.0000 1.9897
818.0000 2.0021
819.0000 2.0055
820.0000 1.9964
821.0000 1.9997
822.0000 1.9994
823.0000 2.0004
824.0000 2.0047
825.0000 1.9945
826.0000 2.0022
827.0000 1.9979
828.0000 2.0036
829.0000 2.0002
830.0000 2.0010
831.0000 1.9957
832.0000 2.0030
833.0000 1.9947
834.0000 2.0124
835.0000 1.9876
836.0000 2.0071
837.0000 1.9958
838.0000 2.0044
839.0000 1.9902
840.0000 2.0098
841.0000 2.0020
842.0000 1.9981
843.0000 1.9912
844.0000 2.0079
845.0000 1.9990
846.0000 1.9989
847.0000 2.0045
848.0000 1.9920
849.0000 2.0066
850.0000 1.9929
851.0000 2.0073
852.0000 1.9998
853.0000 1.9941
854.0000 2.0080
855.0000 1.9911
856.0000 2.0103
857.0000 1.9981
858.0000 1.9910
859.0000 2.0090
860.0000 1.9981
861.0000 1.9911
862.0000 2.0101
863.0000 2.0040
864.0000 1.9934
865.0000 1.9943
866.0000 2.0088
867.0000 1.9968
868.0000 2.0019
869.0000 1.9969
870.0000 2.0027
871.0000 2.0007
872.0000 1.9979
873.0000 2.0020
874.0000 2.0009
875.0000 1.9970
876.0000 1.9963
877.0000 2.0097
878.0000 1.9891
879.0000 2.0095
880.0000 1.9995
881.0000 1.9968
882.0000 1.9962
883.0000 2.0065
884.0000 1.9969
885.0000 1.9961
886.0000 2.0129
887.0000 1.9897
888.0000 1.9958
889.0000 2.0134
890.0000 1.9900
891.0000 2.0056
892.0000 1.9910
893.0000 2.0126
894.0000 1.9899
895.0000 2.0065
896.0000 1.9964
897.0000 1.9999
898.0000 2.0031
899.0000 1.9991
900.0000 1.9972
901.0000 1.9988
902.0000 2.0042
903.0000 1.9985
904.0000 2.0077
905.0000 1.9887
906.0000 2.0072
907.0000 1.9932
908.0000 2.0040
909.0000 1.9987
910.0000 2.0011
