1.0000 0.0000
2.0000 0.0000
3.0000 0.0000
4.0000 0.0000
5.0000 0.0000
6.0000 0.0000
7.0000 0.0000
8.0000 0.0000
9.0000 0.0000
10.0000 0.0000
11.0000 0.0000
12.0000 0.0000
13.0000 0.0000
14.0000 0.0000
15.0000 0.0000
16.0000 0.0000
17.0000 0.0000
18.0000 0.0000
19.0000 0.0000
20.0000 0.0000
21.0000 0.0000
22.0000 0.0000
23.0000 0.0000
24.0000 0.0000
25.0000 0.0000
26.0000 0.0000
27.0000 0.0000
28.0000 0.0000
29.0000 0.0000
30.0000 0.0000
31.0000 0.0000
32.0000 0.0000
33.0000 0.0000
34.0000 0.0000
35.0000 0.0000
36.0000 0.0000
37.0000 0.0000
38.0000 0.0000
39.0000 0.0000
40.0000 0.0000
41.0000 0.0000
42.0000 0.0000
43.0000 0.0000
44.0000 0.0000
45.0000 0.0000
46.0000 0.0000
47.0000 0.0000
48.0000 0.0000
49.0000 0.0000
50.0000 0.0000
51.0000 0.0000
52.0000 0.0000
53.0000 0.0000
54.0000 0.0000
55.0000 0.0000
56.0000 0.0000
57.0000 0.0000
58.0000 0.0000
59.0000 0.0000
60.0000 0.0000
61.0000 0.0000
62.0000 0.0000
63.0000 0.0000
64.0000 0.0000
65.0000 0.0000
66.0000 0.0000
67.0000 0.0000
68.0000 0.0000
69.0000 0.0000
70.0000 0.0000
71.0000 0.0000
72.0000 0.0000
73.0000 0.0000
74.0000 0.0000
75.0000 0.0000
76.0000 0.0000
77.0000 0.0000
78.0000 0.0000
79.0000 0.0000
80.0000 0.0000
81.0000 0.0000
82.0000 0.0000
83.0000 0.0000
84.0000 0.0000
85.0000 0.0000
86.0000 0.0000
87.0000 0.0000
88.0000 0.0000
89.0000 0.0000
90.0000 0.0000
91.0000 0.0000
92.0000 0.0000
93.0000 0.0000
94.0000 0.0000
95.0000 0.0000
96.0000 0.0000
97.0000 0.0000
98.0000 0.0000
99.0000 0.0000
100.0000 0.0000
101.0000 0.0000
102.0000 0.0000
103.0000 0.0000
104.0000 0.0000
105.0000 0.0000
106.0000 0.0000
107.0000 0.0000
108.0000 0.0000
109.0000 0.0000
110.0000 0.0000
111.0000 0.0549
112.0000 0.0690
113.0000 0.0760
114.0000 0.0828
115.0000 0.0901
116.0000 0.0976
117.0000 0.1052
118.0000 0.1126
119.0000 0.1198
120.0000 0.1268
121.0000 0.1335
122.0000 0.1401
123.0000 0.1464
124.0000 0.1525
125.0000 0.1585
126.0000 0.1642
127.0000 0.1698
128.0000 0.1751
129.0000 0.1803
130.0000 0.1853
131.0000 0.1902
132.0000 0.1949
133.0000 0.1994
134.0000 0.2038
135.0000 0.2080
136.0000 0.2121
137.0000 0.2161
138.0000 0.2200
139.0000 0.2237
140.0000 0.2273
141.0000 0.2308
142.0000 0.2341
143.0000 0.2374
144.0000 0.2405
145.0000 0.2436
146.0000 0.2465
147.0000 0.2493
148.0000 0.2521
149.0000 0.2548
150.0000 0.2573
151.0000 0.2598
152.0000 0.2622
153.0000 0.2646
154.0000 0.2668
155.0000 0.2690
156.0000 0.2711
157.0000 0.2732
158.0000 0.2751
159.0000 0.2770
160.0000 0.2789
161.0000 0.2807
162.0000 0.2824
163.0000 0.2841
164.0000 0.2857
165.0000 0.2872
166.0000 0.2888
167.0000 0.2902
168.0000 0.2916
169.0000 0.2930
170.0000 0.2943
171.0000 0.2956
172.0000 0.2968
173.0000 0.2980
174.0000 0.2992
175.0000 0.3003
176.0000 0.3014
177.0000 0.3024
178.0000 0.3034
179.0000 0.3044
180.0000 0.3054
181.0000 0.3063
182.0000 0.3072
183.0000 0.3080
184.0000 0.3089
185.0000 0.3097
186.0000 0.3104
187.0000 0.3112
188.0000 0.3119
189.0000 0.3126
190.0000 0.3133
191.0000 0.3140
192.0000 0.3146
193.0000 0.3152
194.0000 0.3158
195.0000 0.3164
196.0000 0.3169
197.0000 0.3175
198.0000 0.3180
199.0000 0.3185
200.0000 0.3190
201.0000 0.3195
202.0000 0.3199
203.0000 0.3203
204.0000 0.3208
205.0000 0.3212
206.0000 0.3216
207.0000 0.3220
208.0000 0.3223
209.0000 0.3227
210.0000 0.3230
211.0000 0.3234
212.0000 0.3237
213.0000 0.3240
214.0000 0.3243
215.0000 0.3246
216.0000 0.3249
217.0000 0.3252
218.0000 0.3255
219.0000 0.3257
220.0000 0.3260
221.0000 0.3262
222.0000 0.3264
223.0000 0.3267
224.0000 0.3269
225.0000 0.3271
226.0000 0.3273
227.0000 0.3275
228.0000 0.3277
229.0000 0.3279
230.0000 0.3281
231.0000 0.3282
232.0000 0.3284
233.0000 0.3286
234.0000 0.3287
235.0000 0.3289
236.0000 0.3290
237.0000 0.3292
238.0000 0.3293
239.0000 0.3294
240.0000 0.3295
241.0000 0.3297
242.0000 0.3298
243.0000 0.3299
244.0000 0.3300
245.0000 0.3301
246.0000 0.3302
247.0000 0.3303
248.0000 0.3304
249.0000 0.3305
250.0000 0.3306
251.0000 0.3307
252.0000 0.3308
253.0000 0.3309
254.0000 0.3310
255.0000 0.3310
256.0000 0.3311
257.0000 0.3312
258.0000 0.3313
259.0000 0.3313
260.0000 0.3314
261.0000 0.3315
262.0000 0.3315
263.0000 0.3316
264.0000 0.3316
265.0000 0.3317
266.0000 0.3317
267.0000 0.3318
268.0000 0.3318
269.0000 0.3319
270.0000 0.3319
271.0000 0.3320
272.0000 0.3320
273.0000 0.3321
274.0000 0.3321
275.0000 0.3322
276.0000 0.3322
277.0000 0.3322
278.0000 0.3323
279.0000 0.3323
280.0000 0.3323
281.0000 0.3324
282.0000 0.3324
283.0000 0.3324
284.0000 0.3325
285.0000 0.3325
286.0000 0.3325
287.0000 0.3325
288.0000 0.3326
289.0000 0.3326
290.0000 0.3326
291.0000 0.3326
292.0000 0.3327
293.0000 0.3327
294.0000 0.3327
295.0000 0.3327
296.0000 0.3327
297.0000 0.3328
298.0000 0.3328
299.0000 0.3328
300.0000 0.3328
301.0000 0.3328
302.0000 0.3329
303.0000 0.3329
304.0000 0.3329
305.0000 0.3329
306.0000 0.3329
307.0000 0.3329
308.0000 0.3329
309.0000 0.3330
310.0000 0.3330
311.0000 0.3330
312.0000 0.3330
313.0000 0.3330
314.0000 0.3330
315.0000 0.3330
316.0000 0.3330
317.0000 0.3330
318.0000 0.3331
319.0000 0.3331
320.0000 0.3331
321.0000 0.3331
322.0000 0.3331
323.0000 0.3331
324.0000 0.3331
325.0000 0.3331
326.0000 0.3331
327.0000 0.3331
328.0000 0.3331
329.0000 0.3331
330.0000 0.3331
331.0000 0.3332
332.0000 0.3332
333.0000 0.3332
334.0000 0.3332
335.0000 0.3332
336.0000 0.3332
337.0000 0.3332
338.0000 0.3332
339.0000 0.3332
340.0000 0.3332
341.0000 0.3332
342.0000 0.3332
343.0000 0.3332
344.0000 0.3332
345.0000 0.3332
346.0000 0.3332
347.0000 0.3332
348.0000 0.3332
349.0000 0.3332
350.0000 0.3332
351.0000 0.3332
352.0000 0.3332
353.0000 0.3332
354.0000 0.3332
355.0000 0.3333
356.0000 0.3333
357.0000 0.3333
358.0000 0.3333
359.0000 0.3333
360.0000 0.3333
361.0000 0.3333
362.0000 0.3333
363.0000 0.3333
364.0000 0.3333
365.0000 0.3333
366.0000 0.3333
367.0000 0.3333
368.0000 0.3333
369.0000 0.3333
370.0000 0.3333
371.0000 0.3333
372.0000 0.3333
373.0000 0.3333
374.0000 0.3333
375.0000 0.3333
376.0000 0.3333
377.0000 0.3333
378.0000 0.3333
379.0000 0.3333
380.0000 0.3333
381.0000 0.3333
382.0000 0.3333
383.0000 0.3333
384.0000 0.3333
385.0000 0.3333
386.0000 0.3333
387.0000 0.3333
388.0000 0.3333
389.0000 0.3333
390.0000 0.3333
391.0000 0.3333
392.0000 0.3333
393.0000 0.3333
394.0000 0.3333
395.0000 0.3333
396.0000 0.3333
397.0000 0.3333
398.0000 0.3333
399.0000 0.3333
400.0000 0.3333
401.0000 0.3333
402.0000 0.3333
403.0000 0.3333
404.0000 0.3333
405.0000 0.3333
406.0000 0.3333
407.0000 0.3333
408.0000 0.3333
409.0000 0.3333
410.0000 0.3333
411.0000 0.2235
412.0000 0.1954
413.0000 0.1814
414.0000 0.1678
415.0000 0.1532
416.0000 0.1381
417.0000 0.1230
418.0000 0.1082
419.0000 0.0938
420.0000 0.0798
421.0000 0.0662
422.0000 0.0532
423.0000 0.0405
424.0000 0.0282
425.0000 0.0164
426.0000 0.0049
427.0000 -0.0062
428.0000 -0.0169
429.0000 -0.0273
430.0000 -0.0373
431.0000 -0.0470
432.0000 -0.0564
433.0000 -0.0655
434.0000 -0.0743
435.0000 -0.0828
436.0000 -0.0910
437.0000 -0.0989
438.0000 -0.1066
439.0000 -0.1140
440.0000 -0.1212
441.0000 -0.1282
442.0000 -0.1349
443.0000 -0.1414
444.0000 -0.1477
445.0000 -0.1538
446.0000 -0.1597
447.0000 -0.1654
448.0000 -0.1709
449.0000 -0.1762
450.0000 -0.1814
451.0000 -0.1863
452.0000 -0.1912
453.0000 -0.1958
454.0000 -0.2003
455.0000 -0.2047
456.0000 -0.2089
457.0000 -0.2130
458.0000 -0.2169
459.0000 -0.2207
460.0000 -0.2244
461.0000 -0.2280
462.0000 -0.2315
463.0000 -0.2348
464.0000 -0.2380
465.0000 -0.2412
466.0000 -0.2442
467.0000 -0.2471
468.0000 -0.2499
469.0000 -0.2527
470.0000 -0.2553
471.0000 -0.2579
472.0000 -0.2603
473.0000 -0.2627
474.0000 -0.2650
475.0000 -0.2673
476.0000 -0.2694
477.0000 -0.2715
478.0000 -0.2736
479.0000 -0.2755
480.0000 -0.2774
481.0000 -0.2793
482.0000 -0.2810
483.0000 -0.2827
484.0000 -0.2844
485.0000 -0.2860
486.0000 -0.2876
487.0000 -0.2891
488.0000 -0.2905
489.0000 -0.2919
490.0000 -0.2933
491.0000 -0.2946
492.0000 -0.2959
493.0000 -0.2971
494.0000 -0.2983
495.0000 -0.2994
496.0000 -0.3005
497.0000 -0.3016
498.0000 -0.3026
499.0000 -0.3037
500.0000 -0.3046
501.0000 -0.3056
502.0000 -0.3065
503.0000 -0.3074
504.0000 -0.3082
505.0000 -0.3090
506.0000 -0.3098
507.0000 -0.3106
508.0000 -0.3113
509.0000 -0.3121
510.0000 -0.3128
511.0000 -0.3134
512.0000 -0.3141
513.0000 -0.3147
514.0000 -0.3153
515.0000 -0.3159
516.0000 -0.3165
517.0000 -0.3170
518.0000 -0.3176
519.0000 -0.3181
520.0000 -0.3186
521.0000 -0.3191
522.0000 -0.3195
523.0000 -0.3200
524.0000 -0.3204
525.0000 -0.3209
526.0000 -0.3213
527.0000 -0.3217
528.0000 -0.3220
529.0000 -0.3224
530.0000 -0.3228
531.0000 -0.3231
532.0000 -0.3235
533.0000 -0.3238
534.0000 -0.3241
535.0000 -0.3244
536.0000 -0.3247
537.0000 -0.3250
538.0000 -0.3252
539.0000 -0.3255
540.0000 -0.3258
541.0000 -0.3260
542.0000 -0.3263
543.0000 -0.3265
544.0000 -0.3267
545.0000 -0.3269
546.0000 -0.3271
547.0000 -0.3273
548.0000 -0.3275
549.0000 -0.3277
550.0000 -0.3279
551.0000 -0.3281
552.0000 -0.3283
553.0000 -0.3284
554.0000 -0.3286
555.0000 -0.3287
556.0000 -0.3289
557.0000 -0.3290
558.0000 -0.3292
559.0000 -0.3293
560.0000 -0.3294
561.0000 -0.3296
562.0000 -0.3297
563.0000 -0.3298
564.0000 -0.3299
565.0000 -0.3300
566.0000 -0.3302
567.0000 -0.3303
568.0000 -0.3304
569.0000 -0.3305
570.0000 -0.3305
571.0000 -0.3306
572.0000 -0.3307
573.0000 -0.3308
574.0000 -0.3309
575.0000 -0.3310
576.0000 -0.3311
577.0000 -0.3311
578.0000 -0.3312
579.0000 -0.3313
580.0000 -0.3313
581.0000 -0.3314
582.0000 -0.3315
583.0000 -0.3315
584.0000 -0.3316
585.0000 -0.3316
586.0000 -0.3317
587.0000 -0.3318
588.0000 -0.3318
589.0000 -0.3319
590.0000 -0.3319
591.0000 -0.3320
592.0000 -0.3320
593.0000 -0.3320
594.0000 -0.3321
595.0000 -0.3321
596.0000 -0.3322
597.0000 -0.3322
598.0000 -0.3322
599.0000 -0.3323
600.0000 -0.3323
601.0000 -0.3323
602.0000 -0.3324
603.0000 -0.3324
604.0000 -0.3324
605.0000 -0.3325
606.0000 -0.3325
607.0000 -0.3325
608.0000 -0.3325
609.0000 -0.3326
610.0000 -0.3326
611.0000 -0.3326
612.0000 -0.3326
613.0000 -0.3327
614.0000 -0.3327
615.0000 -0.3327
616.0000 -0.3327
617.0000 -0.3328
618.0000 -0.3328
619.0000 -0.3328
620.0000 -0.3328
621.0000 -0.3328
622.0000 -0.3328
623.0000 -0.3329
624.0000 -0.3329
625.0000 -0.3329
626.0000 -0.3329
627.0000 -0.3329
628.0000 -0.3329
629.0000 -0.3329
630.0000 -0.3330
631.0000 -0.3330
632.0000 -0.3330
633.0000 -0.3330
634.0000 -0.3330
635.0000 -0.3330
636.0000 -0.3330
637.0000 -0.3330
638.0000 -0.3330
639.0000 -0.3331
640.0000 -0.3331
641.0000 -0.3331
642.0000 -0.3331
643.0000 -0.3331
644.0000 -0.3331
645.0000 -0.3331
646.0000 -0.3331
647.0000 -0.3331
648.0000 -0.3331
649.0000 -0.3331
650.0000 -0.3331
651.0000 -0.3331
652.0000 -0.3332
653.0000 -0.3332
654.0000 -0.3332
655.0000 -0.3332
656.0000 -0.3332
657.0000 -0.3332
658.0000 -0.3332
659.0000 -0.3332
660.0000 -0.3332
661.0000 -0.3332
662.0000 -0.3332
663.0000 -0.3332
664.0000 -0.3332
665.0000 -0.3332
666.0000 -0.3332
667.0000 -0.3332
668.0000 -0.3332
669.0000 -0.3332
670.0000 -0.3332
671.0000 -0.3332
672.0000 -0.3332
673.0000 -0.3332
674.0000 -0.3332
675.0000 -0.3332
676.0000 -0.3333
677.0000 -0.3333
678.0000 -0.3333
679.0000 -0.3333
680.0000 -0.3333
681.0000 -0.3333
682.0000 -0.3333
683.0000 -0.3333
684.0000 -0.3333
685.0000 -0.3333
686.0000 -0.3333
687.0000 -0.3333
688.0000 -0.3333
689.0000 -0.3333
690.0000 -0.3333
691.0000 -0.3333
692.0000 -0.3333
693.0000 -0.3333
694.0000 -0.3333
695.0000 -0.3333
696.0000 -0.3333
697.0000 -0.3333
698.0000 -0.3333
699.0000 -0.3333
700.0000 -0.3333
701.0000 -0.3333
702.0000 -0.3333
703.0000 -0.3333
704.0000 -0.3333
705.0000 -0.3333
706.0000 -0.3333
707.0000 -0.3333
708.0000 -0.3333
709.0000 -0.3333
710.0000 -0.3333
711.0000 -0.1685
712.0000 -0.1264
713.0000 -0.1054
714.0000 -0.0850
715.0000 -0.0631
716.0000 -0.0405
717.0000 -0.0178
718.0000 0.0044
719.0000 0.0260
720.0000 0.0470
721.0000 0.0673
722.0000 0.0869
723.0000 0.1059
724.0000 0.1243
725.0000 0.1421
726.0000 0.1593
727.0000 0.1759
728.0000 0.1920
729.0000 0.2076
730.0000 0.2226
731.0000 0.2372
732.0000 0.2513
733.0000 0.2649
734.0000 0.2781
735.0000 0.2908
736.0000 0.3031
737.0000 0.3150
738.0000 0.3266
739.0000 0.3377
740.0000 0.3485
741.0000 0.3589
742.0000 0.3690
743.0000 0.3788
744.0000 0.3882
745.0000 0.3973
746.0000 0.4062
747.0000 0.4147
748.0000 0.4230
749.0000 0.4310
750.0000 0.4387
751.0000 0.4462
752.0000 0.4534
753.0000 0.4604
754.0000 0.4672
755.0000 0.4737
756.0000 0.4800
757.0000 0.4861
758.0000 0.4921
759.0000 0.4978
760.0000 0.5033
761.0000 0.5087
762.0000 0.5139
763.0000 0.5189
764.0000 0.5237
765.0000 0.5284
766.0000 0.5329
767.0000 0.5373
768.0000 0.5416
769.0000 0.5457
770.0000 0.5496
771.0000 0.5535
772.0000 0.5572
773.0000 0.5608
774.0000 0.5642
775.0000 0.5676
776.0000 0.5708
777.0000 0.5740
778.0000 0.5770
779.0000 0.5800
780.0000 0.5828
781.0000 0.5855
782.0000 0.5882
783.0000 0.5908
784.0000 0.5933
785.0000 0.5957
786.0000 0.5980
787.0000 0.6003
788.0000 0.6024
789.0000 0.6045
790.0000 0.6066
791.0000 0.6085
792.0000 0.6104
793.0000 0.6123
794.0000 0.6141
795.0000 0.6158
796.0000 0.6175
797.0000 0.6191
798.0000 0.6206
799.0000 0.6221
800.0000 0.6236
801.0000 0.6250
802.0000 0.6264
803.0000 0.6277
804.0000 0.6290
805.0000 0.6302
806.0000 0.6314
807.0000 0.6326
808.0000 0.6337
809.0000 0.6348
810.0000 0.6358
811.0000 0.6368
812.0000 0.6378
813.0000 0.6388
814.0000 0.6397
815.0000 0.6406
816.0000 0.6414
817.0000 0.6422
818.0000 0.6430
819.0000 0.6438
820.0000 0.6446
821.0000 0.6453
822.0000 0.6460
823.0000 0.6467
824.0000 0.6473
825.0000 0.6480
826.0000 0.6486
827.0000 0.6492
828.0000 0.6497
829.0000 0.6503
830.0000 0.6508
831.0000 0.6513
832.0000 0.6518
833.0000 0.6523
834.0000 0.6528
835.0000 0.6533
836.0000 0.6537
837.0000 0.6541
838.0000 0.6545
839.0000 0.6549
840.0000 0.6553
841.0000 0.6557
842.0000 0.6560
843.0000 0.6564
844.0000 0.6567
845.0000 0.6571
846.0000 0.6574
847.0000 0.6577
848.0000 0.6580
849.0000 0.6583
850.0000 0.6585
851.0000 0.6588
852.0000 0.6591
853.0000 0.6593
854.0000 0.6595
855.0000 0.6598
856.0000 0.6600
857.0000 0.6602
858.0000 0.6604
859.0000 0.6606
860.0000 0.6608
861.0000 0.6610
862.0000 0.6612
863.0000 0.6614
864.0000 0.6616
865.0000 0.6617
866.0000 0.6619
867.0000 0.6621
868.0000 0.6622
869.0000 0.6623
870.0000 0.6625
871.0000 0.6626
872.0000 0.6628
873.0000 0.6629
874.0000 0.6630
875.0000 0.6631
876.0000 0.6632
877.0000 0.6634
878.0000 0.6635
879.0000 0.6636
880.0000 0.6637
881.0000 0.6638
882.0000 0.6639
883.0000 0.6640
884.0000 0.6640
885.0000 0.6641
886.0000 0.6642
887.0000 0.6643
888.0000 0.6644
889.0000 0.6645
890.0000 0.6645
891.0000 0.6646
892.0000 0.6647
893.0000 0.6647
894.0000 0.6648
895.0000 0.6649
896.0000 0.6649
897.0000 0.6650
898.0000 0.6650
899.0000 0.6651
900.0000 0.6651
901.0000 0.6652
902.0000 0.6652
903.0000 0.6653
904.0000 0.6653
905.0000 0.6654
906.0000 0.6654
907.0000 0.6655
908.0000 0.6655
909.0000 0.6655
910.0000 0.6656
