1.0000 0.0000
2.0000 0.0000
3.0000 0.0000
4.0000 0.0000
5.0000 0.0000
6.0000 0.0000
7.0000 0.0000
8.0000 0.0000
9.0000 0.0000
10.0000 0.0000
11.0000 0.0000
12.0000 0.0000
13.0000 0.0000
14.0000 0.0000
15.0000 0.0000
16.0000 0.0000
17.0000 0.0000
18.0000 0.0000
19.0000 0.0000
20.0000 0.0000
21.0000 0.0000
22.0000 0.0000
23.0000 0.0000
24.0000 0.0000
25.0000 0.0000
26.0000 0.0000
27.0000 0.0000
28.0000 0.0000
29.0000 0.0000
30.0000 0.0000
31.0000 0.0000
32.0000 0.0000
33.0000 0.0000
34.0000 0.0000
35.0000 0.0000
36.0000 0.0000
37.0000 0.0000
38.0000 0.0000
39.0000 0.0000
40.0000 0.0000
41.0000 0.0000
42.0000 0.0000
43.0000 0.0000
44.0000 0.0000
45.0000 0.0000
46.0000 0.0000
47.0000 0.0000
48.0000 0.0000
49.0000 0.0000
50.0000 0.0000
51.0000 0.0000
52.0000 0.0000
53.0000 0.0000
54.0000 0.0000
55.0000 0.0000
56.0000 0.0000
57.0000 0.0000
58.0000 0.0000
59.0000 0.0000
60.0000 0.0000
61.0000 0.0000
62.0000 0.0000
63.0000 0.0000
64.0000 0.0000
65.0000 0.0000
66.0000 0.0000
67.0000 0.0000
68.0000 0.0000
69.0000 0.0000
70.0000 0.0000
71.0000 0.0000
72.0000 0.0000
73.0000 0.0000
74.0000 0.0000
75.0000 0.0000
76.0000 0.0000
77.0000 0.0000
78.0000 0.0000
79.0000 0.0000
80.0000 0.0000
81.0000 0.0000
82.0000 0.0000
83.0000 0.0000
84.0000 0.0000
85.0000 0.0000
86.0000 0.0000
87.0000 0.0000
88.0000 0.0000
89.0000 0.0000
90.0000 0.0000
91.0000 0.0000
92.0000 0.0000
93.0000 0.0000
94.0000 0.0000
95.0000 0.0000
96.0000 0.0000
97.0000 0.0000
98.0000 0.0000
99.0000 0.0000
100.0000 0.0000
101.0000 0.0000
102.0000 0.0000
103.0000 0.0000
104.0000 0.0000
105.0000 0.0000
106.0000 0.0000
107.0000 0.0000
108.0000 0.0000
109.0000 0.0000
110.0000 0.0000
111.0000 0.0000
112.0000 0.0000
113.0000 0.0000
114.0000 0.0000
115.0000 0.0000
116.0000 0.0000
117.0000 0.0000
118.0000 0.0000
119.0000 0.0000
120.0000 0.0000
121.0000 0.0000
122.0000 0.0000
123.0000 0.0000
124.0000 0.0000
125.0000 0.0000
126.0000 0.0000
127.0000 0.0000
128.0000 0.0000
129.0000 0.0000
130.0000 0.0000
131.0000 0.0000
132.0000 0.0000
133.0000 0.0000
134.0000 0.0000
135.0000 0.0000
136.0000 0.0000
137.0000 0.0000
138.0000 0.0000
139.0000 0.0000
140.0000 0.0000
141.0000 0.0000
142.0000 0.0000
143.0000 0.0000
144.0000 0.0000
145.0000 0.0000
146.0000 0.0000
147.0000 0.0000
148.0000 0.0000
149.0000 0.0000
150.0000 0.0000
151.0000 0.0000
152.0000 0.0000
153.0000 0.0000
154.0000 0.0000
155.0000 0.0000
156.0000 0.0000
157.0000 0.0000
158.0000 0.0000
159.0000 0.0000
160.0000 0.0000
161.0000 0.0000
162.0000 0.0000
163.0000 0.0000
164.0000 0.0000
165.0000 0.0000
166.0000 0.0000
167.0000 0.0000
168.0000 0.0000
169.0000 0.0000
170.0000 0.0000
171.0000 0.0000
172.0000 0.0000
173.0000 0.0000
174.0000 0.0000
175.0000 0.0000
176.0000 0.0000
177.0000 0.0000
178.0000 0.0000
179.0000 0.0000
180.0000 0.0000
181.0000 0.0000
182.0000 0.0000
183.0000 0.0000
184.0000 0.0000
185.0000 0.0000
186.0000 0.0000
187.0000 0.0000
188.0000 0.0000
189.0000 0.0000
190.0000 0.0000
191.0000 0.0000
192.0000 0.0000
193.0000 0.0000
194.0000 0.0000
195.0000 0.0000
196.0000 0.0000
197.0000 0.0000
198.0000 0.0000
199.0000 0.0000
200.0000 0.0000
201.0000 0.0000
202.0000 0.0000
203.0000 0.0000
204.0000 0.0000
205.0000 0.0000
206.0000 0.0000
207.0000 0.0000
208.0000 0.0000
209.0000 0.0000
210.0000 0.0000
211.0000 0.1294
212.0000 0.1345
213.0000 0.1425
214.0000 0.1501
215.0000 0.1576
216.0000 0.1647
217.0000 0.1717
218.0000 0.1785
219.0000 0.1850
220.0000 0.1913
221.0000 0.1975
222.0000 0.2034
223.0000 0.2092
224.0000 0.2148
225.0000 0.2202
226.0000 0.2254
227.0000 0.2305
228.0000 0.2354
229.0000 0.2401
230.0000 0.2447
231.0000 0.2492
232.0000 0.2535
233.0000 0.2577
234.0000 0.2618
235.0000 0.2657
236.0000 0.2695
237.0000 0.2732
238.0000 0.2767
239.0000 0.2802
240.0000 0.2835
241.0000 0.2868
242.0000 0.2899
243.0000 0.2929
244.0000 0.2959
245.0000 0.2987
246.0000 0.3015
247.0000 0.3041
248.0000 0.3067
249.0000 0.3092
250.0000 0.3116
251.0000 0.3140
252.0000 0.3163
253.0000 0.3185
254.0000 0.3206
255.0000 0.3226
256.0000 0.3246
257.0000 0.3266
258.0000 0.3284
259.0000 0.3302
260.0000 0.3320
261.0000 0.3337
262.0000 0.3353
263.0000 0.3369
264.0000 0.3385
265.0000 0.3399
266.0000 0.3414
267.0000 0.3428
268.0000 0.3441
269.0000 0.3454
270.0000 0.3467
271.0000 0.3479
272.0000 0.3491
273.0000 0.3503
274.0000 0.3514
275.0000 0.3524
276.0000 0.3535
277.0000 0.3545
278.0000 0.3555
279.0000 0.3564
280.0000 0.3573
281.0000 0.3582
282.0000 0.3591
283.0000 0.3599
284.0000 0.3607
285.0000 0.3615
286.0000 0.3622
287.0000 0.3629
288.0000 0.3636
289.0000 0.3643
290.0000 0.3650
291.0000 0.3656
292.0000 0.3662
293.0000 0.3668
294.0000 0.3674
295.0000 0.3680
296.0000 0.3685
297.0000 0.3690
298.0000 0.3695
299.0000 0.3700
300.0000 0.3705
301.0000 0.3710
302.0000 0.3714
303.0000 0.3718
304.0000 0.3722
305.0000 0.3726
306.0000 0.3730
307.0000 0.3734
308.0000 0.3738
309.0000 0.3741
310.0000 0.3745
311.0000 0.3748
312.0000 0.3751
313.0000 0.3754
314.0000 0.3757
315.0000 0.3760
316.0000 0.3763
317.0000 0.3766
318.0000 0.3768
319.0000 0.3771
320.0000 0.3773
321.0000 0.3776
322.0000 0.3778
323.0000 0.3780
324.0000 0.3782
325.0000 0.3784
326.0000 0.3786
327.0000 0.3788
328.0000 0.3790
329.0000 0.3792
330.0000 0.3794
331.0000 0.3796
332.0000 0.3797
333.0000 0.3799
334.0000 0.3800
335.0000 0.3802
336.0000 0.3803
337.0000 0.3805
338.0000 0.3806
339.0000 0.3807
340.0000 0.3809
341.0000 0.3810
342.0000 0.3811
343.0000 0.3812
344.0000 0.3813
345.0000 0.3814
346.0000 0.3815
347.0000 0.3816
348.0000 0.3817
349.0000 0.3818
350.0000 0.3819
351.0000 0.3820
352.0000 0.3821
353.0000 0.3822
354.0000 0.3823
355.0000 0.3823
356.0000 0.3824
357.0000 0.3825
358.0000 0.3825
359.0000 0.3826
360.0000 0.3827
361.0000 0.3827
362.0000 0.3828
363.0000 0.3829
364.0000 0.3829
365.0000 0.3830
366.0000 0.3830
367.0000 0.3831
368.0000 0.3831
369.0000 0.3832
370.0000 0.3832
371.0000 0.3833
372.0000 0.3833
373.0000 0.3834
374.0000 0.3834
375.0000 0.3834
376.0000 0.3835
377.0000 0.3835
378.0000 0.3836
379.0000 0.3836
380.0000 0.3836
381.0000 0.3837
382.0000 0.3837
383.0000 0.3837
384.0000 0.3837
385.0000 0.3838
386.0000 0.3838
387.0000 0.3838
388.0000 0.3839
389.0000 0.3839
390.0000 0.3839
391.0000 0.3839
392.0000 0.3839
393.0000 0.3840
394.0000 0.3840
395.0000 0.3840
396.0000 0.3840
397.0000 0.3840
398.0000 0.3841
399.0000 0.3841
400.0000 0.3841
401.0000 0.3841
402.0000 0.3841
403.0000 0.3842
404.0000 0.3842
405.0000 0.3842
406.0000 0.3842
407.0000 0.3842
408.0000 0.3842
409.0000 0.3842
410.0000 0.3842
411.0000 0.3843
412.0000 0.3843
413.0000 0.3843
414.0000 0.3843
415.0000 0.3843
416.0000 0.3843
417.0000 0.3843
418.0000 0.3843
419.0000 0.3843
420.0000 0.3844
421.0000 0.3844
422.0000 0.3844
423.0000 0.3844
424.0000 0.3844
425.0000 0.3844
426.0000 0.3844
427.0000 0.3844
428.0000 0.3844
429.0000 0.3844
430.0000 0.3844
431.0000 0.3844
432.0000 0.3844
433.0000 0.3844
434.0000 0.3845
435.0000 0.3845
436.0000 0.3845
437.0000 0.3845
438.0000 0.3845
439.0000 0.3845
440.0000 0.3845
441.0000 0.3845
442.0000 0.3845
443.0000 0.3845
444.0000 0.3845
445.0000 0.3845
446.0000 0.3845
447.0000 0.3845
448.0000 0.3845
449.0000 0.3845
450.0000 0.3845
451.0000 0.3845
452.0000 0.3845
453.0000 0.3845
454.0000 0.3845
455.0000 0.3845
456.0000 0.3845
457.0000 0.3845
458.0000 0.3845
459.0000 0.3845
460.0000 0.3845
461.0000 0.3845
462.0000 0.3846
463.0000 0.3846
464.0000 0.3846
465.0000 0.3846
466.0000 0.3846
467.0000 0.3846
468.0000 0.3846
469.0000 0.3846
470.0000 0.3846
471.0000 0.3846
472.0000 0.3846
473.0000 0.3846
474.0000 0.3846
475.0000 0.3846
476.0000 0.3846
477.0000 0.3846
478.0000 0.3846
479.0000 0.3846
480.0000 0.3846
481.0000 0.3846
482.0000 0.3846
483.0000 0.3846
484.0000 0.3846
485.0000 0.3846
486.0000 0.3846
487.0000 0.3846
488.0000 0.3846
489.0000 0.3846
490.0000 0.3846
491.0000 0.3846
492.0000 0.3846
493.0000 0.3846
494.0000 0.3846
495.0000 0.3846
496.0000 0.3846
497.0000 0.3846
498.0000 0.3846
499.0000 0.3846
500.0000 0.3846
501.0000 0.3846
502.0000 0.3846
503.0000 0.3846
504.0000 0.3846
505.0000 0.3846
506.0000 0.3846
507.0000 0.3846
508.0000 0.3846
509.0000 0.3846
510.0000 0.3846
511.0000 0.1259
512.0000 0.1156
513.0000 0.0997
514.0000 0.0843
515.0000 0.0695
516.0000 0.0551
517.0000 0.0412
518.0000 0.0277
519.0000 0.0146
520.0000 0.0019
521.0000 -0.0103
522.0000 -0.0222
523.0000 -0.0337
524.0000 -0.0449
525.0000 -0.0557
526.0000 -0.0662
527.0000 -0.0763
528.0000 -0.0861
529.0000 -0.0957
530.0000 -0.1049
531.0000 -0.1138
532.0000 -0.1224
533.0000 -0.1308
534.0000 -0.1389
535.0000 -0.1468
536.0000 -0.1544
537.0000 -0.1617
538.0000 -0.1689
539.0000 -0.1758
540.0000 -0.1824
541.0000 -0.1889
542.0000 -0.1952
543.0000 -0.2013
544.0000 -0.2071
545.0000 -0.2128
546.0000 -0.2183
547.0000 -0.2237
548.0000 -0.2288
549.0000 -0.2338
550.0000 -0.2387
551.0000 -0.2434
552.0000 -0.2479
553.0000 -0.2523
554.0000 -0.2566
555.0000 -0.2607
556.0000 -0.2647
557.0000 -0.2685
558.0000 -0.2723
559.0000 -0.2759
560.0000 -0.2794
561.0000 -0.2828
562.0000 -0.2861
563.0000 -0.2892
564.0000 -0.2923
565.0000 -0.2953
566.0000 -0.2982
567.0000 -0.3010
568.0000 -0.3037
569.0000 -0.3063
570.0000 -0.3088
571.0000 -0.3112
572.0000 -0.3136
573.0000 -0.3159
574.0000 -0.3181
575.0000 -0.3203
576.0000 -0.3224
577.0000 -0.3244
578.0000 -0.3263
579.0000 -0.3282
580.0000 -0.3300
581.0000 -0.3318
582.0000 -0.3335
583.0000 -0.3352
584.0000 -0.3368
585.0000 -0.3383
586.0000 -0.3398
587.0000 -0.3413
588.0000 -0.3427
589.0000 -0.3440
590.0000 -0.3453
591.0000 -0.3466
592.0000 -0.3479
593.0000 -0.3490
594.0000 -0.3502
595.0000 -0.3513
596.0000 -0.3524
597.0000 -0.3534
598.0000 -0.3545
599.0000 -0.3554
600.0000 -0.3564
601.0000 -0.3573
602.0000 -0.3582
603.0000 -0.3590
604.0000 -0.3599
605.0000 -0.3607
606.0000 -0.3615
607.0000 -0.3622
608.0000 -0.3629
609.0000 -0.3636
610.0000 -0.3643
611.0000 -0.3650
612.0000 -0.3656
613.0000 -0.3662
614.0000 -0.3668
615.0000 -0.3674
616.0000 -0.3680
617.0000 -0.3685
618.0000 -0.3690
619.0000 -0.3695
620.0000 -0.3700
621.0000 -0.3705
622.0000 -0.3710
623.0000 -0.3714
624.0000 -0.3718
625.0000 -0.3723
626.0000 -0.3727
627.0000 -0.3731
628.0000 -0.3734
629.0000 -0.3738
630.0000 -0.3741
631.0000 -0.3745
632.0000 -0.3748
633.0000 -0.3751
634.0000 -0.3754
635.0000 -0.3757
636.0000 -0.3760
637.0000 -0.3763
638.0000 -0.3766
639.0000 -0.3768
640.0000 -0.3771
641.0000 -0.3773
642.0000 -0.3776
643.0000 -0.3778
644.0000 -0.3780
645.0000 -0.3782
646.0000 -0.3785
647.0000 -0.3787
648.0000 -0.3788
649.0000 -0.3790
650.0000 -0.3792
651.0000 -0.3794
652.0000 -0.3796
653.0000 -0.3797
654.0000 -0.3799
655.0000 -0.3800
656.0000 -0.3802
657.0000 -0.3803
658.0000 -0.3805
659.0000 -0.3806
660.0000 -0.3807
661.0000 -0.3809
662.0000 -0.3810
663.0000 -0.3811
664.0000 -0.3812
665.0000 -0.3813
666.0000 -0.3814
667.0000 -0.3815
668.0000 -0.3816
669.0000 -0.3817
670.0000 -0.3818
671.0000 -0.3819
672.0000 -0.3820
673.0000 -0.3821
674.0000 -0.3822
675.0000 -0.3823
676.0000 -0.3823
677.0000 -0.3824
678.0000 -0.3825
679.0000 -0.3826
680.0000 -0.3826
681.0000 -0.3827
682.0000 -0.3828
683.0000 -0.3828
684.0000 -0.3829
685.0000 -0.3829
686.0000 -0.3830
687.0000 -0.3830
688.0000 -0.3831
689.0000 -0.3831
690.0000 -0.3832
691.0000 -0.3832
692.0000 -0.3833
693.0000 -0.3833
694.0000 -0.3834
695.0000 -0.3834
696.0000 -0.3834
697.0000 -0.3835
698.0000 -0.3835
699.0000 -0.3836
700.0000 -0.3836
701.0000 -0.3836
702.0000 -0.3837
703.0000 -0.3837
704.0000 -0.3837
705.0000 -0.3837
706.0000 -0.3838
707.0000 -0.3838
708.0000 -0.3838
709.0000 -0.3839
710.0000 -0.3839
711.0000 -0.3839
712.0000 -0.3839
713.0000 -0.3840
714.0000 -0.3840
715.0000 -0.3840
716.0000 -0.3840
717.0000 -0.3840
718.0000 -0.3841
719.0000 -0.3841
720.0000 -0.3841
721.0000 -0.3841
722.0000 -0.3841
723.0000 -0.3841
724.0000 -0.3842
725.0000 -0.3842
726.0000 -0.3842
727.0000 -0.3842
728.0000 -0.3842
729.0000 -0.3842
730.0000 -0.3842
731.0000 -0.3842
732.0000 -0.3843
733.0000 -0.3843
734.0000 -0.3843
735.0000 -0.3843
736.0000 -0.3843
737.0000 -0.3843
738.0000 -0.3843
739.0000 -0.3843
740.0000 -0.3843
741.0000 -0.3844
742.0000 -0.3844
743.0000 -0.3844
744.0000 -0.3844
745.0000 -0.3844
746.0000 -0.3844
747.0000 -0.3844
748.0000 -0.3844
749.0000 -0.3844
750.0000 -0.3844
751.0000 -0.3844
752.0000 -0.3844
753.0000 -0.3844
754.0000 -0.3844
755.0000 -0.3845
756.0000 -0.3845
757.0000 -0.3845
758.0000 -0.3845
759.0000 -0.3845
760.0000 -0.3845
761.0000 -0.3845
762.0000 -0.3845
763.0000 -0.3845
764.0000 -0.3845
765.0000 -0.3845
766.0000 -0.3845
767.0000 -0.3845
768.0000 -0.3845
769.0000 -0.3845
770.0000 -0.3845
771.0000 -0.3845
772.0000 -0.3845
773.0000 -0.3845
774.0000 -0.3845
775.0000 -0.3845
776.0000 -0.3845
777.0000 -0.3845
778.0000 -0.3845
779.0000 -0.3845
780.0000 -0.3845
781.0000 -0.3845
782.0000 -0.3845
783.0000 -0.3846
784.0000 -0.3846
785.0000 -0.3846
786.0000 -0.3846
787.0000 -0.3846
788.0000 -0.3846
789.0000 -0.3846
790.0000 -0.3846
791.0000 -0.3846
792.0000 -0.3846
793.0000 -0.3846
794.0000 -0.3846
795.0000 -0.3846
796.0000 -0.3846
797.0000 -0.3846
798.0000 -0.3846
799.0000 -0.3846
800.0000 -0.3846
801.0000 -0.3846
802.0000 -0.3846
803.0000 -0.3846
804.0000 -0.3846
805.0000 -0.3846
806.0000 -0.3846
807.0000 -0.3846
808.0000 -0.3846
809.0000 -0.3846
810.0000 -0.3846
811.0000 0.0035
812.0000 0.0189
813.0000 0.0428
814.0000 0.0658
815.0000 0.0881
816.0000 0.1096
817.0000 0.1305
818.0000 0.1508
819.0000 0.1704
820.0000 0.1894
821.0000 0.2078
822.0000 0.2257
823.0000 0.2429
824.0000 0.2597
825.0000 0.2759
826.0000 0.2916
827.0000 0.3068
828.0000 0.3215
829.0000 0.3358
830.0000 0.3496
831.0000 0.3630
832.0000 0.3760
833.0000 0.3885
834.0000 0.4007
835.0000 0.4124
836.0000 0.4239
837.0000 0.4349
838.0000 0.4456
839.0000 0.4559
840.0000 0.4660
841.0000 0.4757
842.0000 0.4851
843.0000 0.4942
844.0000 0.5030
845.0000 0.5115
846.0000 0.5198
847.0000 0.5278
848.0000 0.5356
849.0000 0.5431
850.0000 0.5503
851.0000 0.5574
852.0000 0.5642
853.0000 0.5708
854.0000 0.5771
855.0000 0.5833
856.0000 0.5893
857.0000 0.5951
858.0000 0.6007
859.0000 0.6061
860.0000 0.6114
861.0000 0.6165
862.0000 0.6214
863.0000 0.6262
864.0000 0.6308
865.0000 0.6352
866.0000 0.6396
867.0000 0.6437
868.0000 0.6478
869.0000 0.6517
870.0000 0.6555
871.0000 0.6592
872.0000 0.6627
873.0000 0.6662
874.0000 0.6695
875.0000 0.6727
876.0000 0.6758
877.0000 0.6789
878.0000 0.6818
879.0000 0.6846
880.0000 0.6874
881.0000 0.6900
882.0000 0.6926
883.0000 0.6951
884.0000 0.6975
885.0000 0.6998
886.0000 0.7020
887.0000 0.7042
888.0000 0.7063
889.0000 0.7084
890.0000 0.7103
891.0000 0.7122
892.0000 0.7141
893.0000 0.7159
894.0000 0.7176
895.0000 0.7193
896.0000 0.7209
897.0000 0.7225
898.0000 0.7240
899.0000 0.7255
900.0000 0.7269
901.0000 0.7283
902.0000 0.7296
903.0000 0.7309
904.0000 0.7321
905.0000 0.7333
906.0000 0.7345
907.0000 0.7356
908.0000 0.7367
909.0000 0.7378
910.0000 0.7388
