1.0000 0.0000
2.0000 0.0000
3.0000 0.0000
4.0000 0.0000
5.0000 0.0000
6.0000 0.0000
7.0000 0.0000
8.0000 0.0000
9.0000 0.0000
10.0000 0.0000
11.0000 0.0000
12.0000 0.0000
13.0000 0.0000
14.0000 0.0000
15.0000 0.0000
16.0000 0.0000
17.0000 0.0000
18.0000 0.0000
19.0000 0.0000
20.0000 0.0000
21.0000 0.0000
22.0000 0.0000
23.0000 0.0000
24.0000 0.0000
25.0000 0.0000
26.0000 0.0000
27.0000 0.0000
28.0000 0.0000
29.0000 0.0000
30.0000 0.0000
31.0000 0.0000
32.0000 0.0000
33.0000 0.0000
34.0000 0.0000
35.0000 0.0000
36.0000 0.0000
37.0000 0.0000
38.0000 0.0000
39.0000 0.0000
40.0000 0.0000
41.0000 0.0000
42.0000 0.0000
43.0000 0.0000
44.0000 0.0000
45.0000 0.0000
46.0000 0.0000
47.0000 0.0000
48.0000 0.0000
49.0000 0.0000
50.0000 0.0000
51.0000 0.0000
52.0000 0.0000
53.0000 0.0000
54.0000 0.0000
55.0000 0.0000
56.0000 0.0000
57.0000 0.0000
58.0000 0.0000
59.0000 0.0000
60.0000 0.0000
61.0000 0.0000
62.0000 0.0000
63.0000 0.0000
64.0000 0.0000
65.0000 0.0000
66.0000 0.0000
67.0000 0.0000
68.0000 0.0000
69.0000 0.0000
70.0000 0.0000
71.0000 0.0000
72.0000 0.0000
73.0000 0.0000
74.0000 0.0000
75.0000 0.0000
76.0000 0.0000
77.0000 0.0000
78.0000 0.0000
79.0000 0.0000
80.0000 0.0000
81.0000 0.0000
82.0000 0.0000
83.0000 0.0000
84.0000 0.0000
85.0000 0.0000
86.0000 0.0000
87.0000 0.0000
88.0000 0.0000
89.0000 0.0000
90.0000 0.0000
91.0000 0.0000
92.0000 0.0000
93.0000 0.0000
94.0000 0.0000
95.0000 0.0000
96.0000 0.0000
97.0000 0.0000
98.0000 0.0000
99.0000 0.0000
100.0000 0.0000
101.0000 0.0000
102.0000 0.0000
103.0000 0.0000
104.0000 0.0000
105.0000 0.0000
106.0000 0.0000
107.0000 0.0000
108.0000 0.0000
109.0000 0.0000
110.0000 0.0000
111.0000 0.0000
112.0000 0.0000
113.0000 0.0000
114.0000 0.0000
115.0000 0.0000
116.0000 0.0000
117.0000 0.0000
118.0000 0.0000
119.0000 0.0000
120.0000 0.0000
121.0000 0.0000
122.0000 0.0000
123.0000 0.0000
124.0000 0.0000
125.0000 0.0000
126.0000 0.0000
127.0000 0.0000
128.0000 0.0000
129.0000 0.0000
130.0000 0.0000
131.0000 0.0000
132.0000 0.0000
133.0000 0.0000
134.0000 0.0000
135.0000 0.0000
136.0000 0.0000
137.0000 0.0000
138.0000 0.0000
139.0000 0.0000
140.0000 0.0000
141.0000 0.0000
142.0000 0.0000
143.0000 0.0000
144.0000 0.0000
145.0000 0.0000
146.0000 0.0000
147.0000 0.0000
148.0000 0.0000
149.0000 0.0000
150.0000 0.0000
151.0000 0.0000
152.0000 0.0000
153.0000 0.0000
154.0000 0.0000
155.0000 0.0000
156.0000 0.0000
157.0000 0.0000
158.0000 0.0000
159.0000 0.0000
160.0000 0.0000
161.0000 0.0000
162.0000 0.0000
163.0000 0.0000
164.0000 0.0000
165.0000 0.0000
166.0000 0.0000
167.0000 0.0000
168.0000 0.0000
169.0000 0.0000
170.0000 0.0000
171.0000 0.0000
172.0000 0.0000
173.0000 0.0000
174.0000 0.0000
175.0000 0.0000
176.0000 0.0000
177.0000 0.0000
178.0000 0.0000
179.0000 0.0000
180.0000 0.0000
181.0000 0.0000
182.0000 0.0000
183.0000 0.0000
184.0000 0.0000
185.0000 0.0000
186.0000 0.0000
187.0000 0.0000
188.0000 0.0000
189.0000 0.0000
190.0000 0.0000
191.0000 0.0000
192.0000 0.0000
193.0000 0.0000
194.0000 0.0000
195.0000 0.0000
196.0000 0.0000
197.0000 0.0000
198.0000 0.0000
199.0000 0.0000
200.0000 0.0000
201.0000 0.0000
202.0000 0.0000
203.0000 0.0000
204.0000 0.0000
205.0000 0.0000
206.0000 0.0000
207.0000 0.0000
208.0000 0.0000
209.0000 0.0000
210.0000 0.0000
211.0000 2.6183
212.0000 2.2291
213.0000 1.9868
214.0000 1.7969
215.0000 1.6493
216.0000 1.5346
217.0000 1.4455
218.0000 1.3763
219.0000 1.3226
220.0000 1.2811
221.0000 1.2489
222.0000 1.2240
223.0000 1.2048
224.0000 1.1900
225.0000 1.1787
226.0000 1.1700
227.0000 1.1634
228.0000 1.1584
229.0000 1.1546
230.0000 1.1518
231.0000 1.1498
232.0000 1.1483
233.0000 1.1472
234.0000 1.1465
235.0000 1.1461
236.0000 1.1458
237.0000 1.1457
238.0000 1.1457
239.0000 1.1458
240.0000 1.1459
241.0000 1.1461
242.0000 1.1463
243.0000 1.1466
244.0000 1.1468
245.0000 1.1471
246.0000 1.1474
247.0000 1.1476
248.0000 1.1479
249.0000 1.1481
250.0000 1.1484
251.0000 1.1486
252.0000 1.1489
253.0000 1.1491
254.0000 1.1493
255.0000 1.1495
256.0000 1.1497
257.0000 1.1499
258.0000 1.1501
259.0000 1.1502
260.0000 1.1504
261.0000 1.1506
262.0000 1.1507
263.0000 1.1509
264.0000 1.1510
265.0000 1.1511
266.0000 1.1513
267.0000 1.1514
268.0000 1.1515
269.0000 1.1516
270.0000 1.1517
271.0000 1.1518
272.0000 1.1519
273.0000 1.1520
274.0000 1.1521
275.0000 1.1522
276.0000 1.1522
277.0000 1.1523
278.0000 1.1524
279.0000 1.1525
280.0000 1.1525
281.0000 1.1526
282.0000 1.1526
283.0000 1.1527
284.0000 1.1527
285.0000 1.1528
286.0000 1.1528
287.0000 1.1529
288.0000 1.1529
289.0000 1.1530
290.0000 1.1530
291.0000 1.1531
292.0000 1.1531
293.0000 1.1531
294.0000 1.1532
295.0000 1.1532
296.0000 1.1532
297.0000 1.1533
298.0000 1.1533
299.0000 1.1533
300.0000 1.1533
301.0000 1.1534
302.0000 1.1534
303.0000 1.1534
304.0000 1.1534
305.0000 1.1534
306.0000 1.1535
307.0000 1.1535
308.0000 1.1535
309.0000 1.1535
310.0000 1.1535
311.0000 1.1535
312.0000 1.1536
313.0000 1.1536
314.0000 1.1536
315.0000 1.1536
316.0000 1.1536
317.0000 1.1536
318.0000 1.1536
319.0000 1.1536
320.0000 1.1536
321.0000 1.1537
322.0000 1.1537
323.0000 1.1537
324.0000 1.1537
325.0000 1.1537
326.0000 1.1537
327.0000 1.1537
328.0000 1.1537
329.0000 1.1537
330.0000 1.1537
331.0000 1.1537
332.0000 1.1537
333.0000 1.1537
334.0000 1.1537
335.0000 1.1537
336.0000 1.1538
337.0000 1.1538
338.0000 1.1538
339.0000 1.1538
340.0000 1.1538
341.0000 1.1538
342.0000 1.1538
343.0000 1.1538
344.0000 1.1538
345.0000 1.1538
346.0000 1.1538
347.0000 1.1538
348.0000 1.1538
349.0000 1.1538
350.0000 1.1538
351.0000 1.1538
352.0000 1.1538
353.0000 1.1538
354.0000 1.1538
355.0000 1.1538
356.0000 1.1538
357.0000 1.1538
358.0000 1.1538
359.0000 1.1538
360.0000 1.1538
361.0000 1.1538
362.0000 1.1538
363.0000 1.1538
364.0000 1.1538
365.0000 1.1538
366.0000 1.1538
367.0000 1.1538
368.0000 1.1538
369.0000 1.1538
370.0000 1.1538
371.0000 1.1538
372.0000 1.1538
373.0000 1.1538
374.0000 1.1538
375.0000 1.1538
376.0000 1.1538
377.0000 1.1538
378.0000 1.1538
379.0000 1.1538
380.0000 1.1538
381.0000 1.1538
382.0000 1.1538
383.0000 1.1538
384.0000 1.1538
385.0000 1.1538
386.0000 1.1538
387.0000 1.1538
388.0000 1.1538
389.0000 1.1538
390.0000 1.1538
391.0000 1.1538
392.0000 1.1538
393.0000 1.1538
394.0000 1.1538
395.0000 1.1538
396.0000 1.1538
397.0000 1.1538
398.0000 1.1538
399.0000 1.1538
400.0000 1.1538
401.0000 1.1538
402.0000 1.1538
403.0000 1.1538
404.0000 1.1538
405.0000 1.1538
406.0000 1.1538
407.0000 1.1538
408.0000 1.1538
409.0000 1.1538
410.0000 1.1538
411.0000 1.1538
412.0000 1.1538
413.0000 1.1538
414.0000 1.1538
415.0000 1.1538
416.0000 1.1538
417.0000 1.1538
418.0000 1.1538
419.0000 1.1538
420.0000 1.1538
421.0000 1.1538
422.0000 1.1538
423.0000 1.1538
424.0000 1.1538
425.0000 1.1538
426.0000 1.1538
427.0000 1.1538
428.0000 1.1538
429.0000 1.1538
430.0000 1.1538
431.0000 1.1538
432.0000 1.1538
433.0000 1.1538
434.0000 1.1538
435.0000 1.1538
436.0000 1.1538
437.0000 1.1538
438.0000 1.1538
439.0000 1.1538
440.0000 1.1538
441.0000 1.1538
442.0000 1.1538
443.0000 1.1538
444.0000 1.1538
445.0000 1.1538
446.0000 1.1538
447.0000 1.1538
448.0000 1.1538
449.0000 1.1538
450.0000 1.1538
451.0000 1.1538
452.0000 1.1538
453.0000 1.1538
454.0000 1.1538
455.0000 1.1538
456.0000 1.1538
457.0000 1.1538
458.0000 1.1538
459.0000 1.1538
460.0000 1.1538
461.0000 1.1538
462.0000 1.1538
463.0000 1.1538
464.0000 1.1538
465.0000 1.1538
466.0000 1.1538
467.0000 1.1538
468.0000 1.1538
469.0000 1.1538
470.0000 1.1538
471.0000 1.1538
472.0000 1.1538
473.0000 1.1538
474.0000 1.1538
475.0000 1.1538
476.0000 1.1538
477.0000 1.1538
478.0000 1.1538
479.0000 1.1538
480.0000 1.1538
481.0000 1.1538
482.0000 1.1538
483.0000 1.1538
484.0000 1.1538
485.0000 1.1538
486.0000 1.1538
487.0000 1.1538
488.0000 1.1538
489.0000 1.1538
490.0000 1.1538
491.0000 1.1538
492.0000 1.1538
493.0000 1.1538
494.0000 1.1538
495.0000 1.1538
496.0000 1.1538
497.0000 1.1538
498.0000 1.1538
499.0000 1.1538
500.0000 1.1538
501.0000 1.1538
502.0000 1.1538
503.0000 1.1538
504.0000 1.1538
505.0000 1.1538
506.0000 1.1538
507.0000 1.1538
508.0000 1.1538
509.0000 1.1538
510.0000 1.1538
511.0000 -4.0827
512.0000 -3.3043
513.0000 -2.8198
514.0000 -2.4399
515.0000 -2.1447
516.0000 -1.9153
517.0000 -1.7371
518.0000 -1.5987
519.0000 -1.4914
520.0000 -1.4083
521.0000 -1.3439
522.0000 -1.2942
523.0000 -1.2558
524.0000 -1.2262
525.0000 -1.2035
526.0000 -1.1862
527.0000 -1.1730
528.0000 -1.1629
529.0000 -1.1554
530.0000 -1.1498
531.0000 -1.1457
532.0000 -1.1427
533.0000 -1.1406
534.0000 -1.1392
535.0000 -1.1383
536.0000 -1.1378
537.0000 -1.1375
538.0000 -1.1375
539.0000 -1.1377
540.0000 -1.1380
541.0000 -1.1384
542.0000 -1.1388
543.0000 -1.1393
544.0000 -1.1398
545.0000 -1.1404
546.0000 -1.1409
547.0000 -1.1414
548.0000 -1.1419
549.0000 -1.1424
550.0000 -1.1429
551.0000 -1.1434
552.0000 -1.1439
553.0000 -1.1443
554.0000 -1.1447
555.0000 -1.1451
556.0000 -1.1455
557.0000 -1.1459
558.0000 -1.1463
559.0000 -1.1466
560.0000 -1.1470
561.0000 -1.1473
562.0000 -1.1476
563.0000 -1.1479
564.0000 -1.1482
565.0000 -1.1484
566.0000 -1.1487
567.0000 -1.1489
568.0000 -1.1491
569.0000 -1.1494
570.0000 -1.1496
571.0000 -1.1498
572.0000 -1.1500
573.0000 -1.1501
574.0000 -1.1503
575.0000 -1.1505
576.0000 -1.1506
577.0000 -1.1508
578.0000 -1.1509
579.0000 -1.1511
580.0000 -1.1512
581.0000 -1.1513
582.0000 -1.1514
583.0000 -1.1515
584.0000 -1.1516
585.0000 -1.1517
586.0000 -1.1518
587.0000 -1.1519
588.0000 -1.1520
589.0000 -1.1521
590.0000 -1.1522
591.0000 -1.1523
592.0000 -1.1523
593.0000 -1.1524
594.0000 -1.1525
595.0000 -1.1525
596.0000 -1.1526
597.0000 -1.1527
598.0000 -1.1527
599.0000 -1.1528
600.0000 -1.1528
601.0000 -1.1529
602.0000 -1.1529
603.0000 -1.1530
604.0000 -1.1530
605.0000 -1.1530
606.0000 -1.1531
607.0000 -1.1531
608.0000 -1.1531
609.0000 -1.1532
610.0000 -1.1532
611.0000 -1.1532
612.0000 -1.1533
613.0000 -1.1533
614.0000 -1.1533
615.0000 -1.1533
616.0000 -1.1534
617.0000 -1.1534
618.0000 -1.1534
619.0000 -1.1534
620.0000 -1.1534
621.0000 -1.1535
622.0000 -1.1535
623.0000 -1.1535
624.0000 -1.1535
625.0000 -1.1535
626.0000 -1.1535
627.0000 -1.1536
628.0000 -1.1536
629.0000 -1.1536
630.0000 -1.1536
631.0000 -1.1536
632.0000 -1.1536
633.0000 -1.1536
634.0000 -1.1536
635.0000 -1.1537
636.0000 -1.1537
637.0000 -1.1537
638.0000 -1.1537
639.0000 -1.1537
640.0000 -1.1537
641.0000 -1.1537
642.0000 -1.1537
643.0000 -1.1537
644.0000 -1.1537
645.0000 -1.1537
646.0000 -1.1537
647.0000 -1.1537
648.0000 -1.1537
649.0000 -1.1537
650.0000 -1.1538
651.0000 -1.1538
652.0000 -1.1538
653.0000 -1.1538
654.0000 -1.1538
655.0000 -1.1538
656.0000 -1.1538
657.0000 -1.1538
658.0000 -1.1538
659.0000 -1.1538
660.0000 -1.1538
661.0000 -1.1538
662.0000 -1.1538
663.0000 -1.1538
664.0000 -1.1538
665.0000 -1.1538
666.0000 -1.1538
667.0000 -1.1538
668.0000 -1.1538
669.0000 -1.1538
670.0000 -1.1538
671.0000 -1.1538
672.0000 -1.1538
673.0000 -1.1538
674.0000 -1.1538
675.0000 -1.1538
676.0000 -1.1538
677.0000 -1.1538
678.0000 -1.1538
679.0000 -1.1538
680.0000 -1.1538
681.0000 -1.1538
682.0000 -1.1538
683.0000 -1.1538
684.0000 -1.1538
685.0000 -1.1538
686.0000 -1.1538
687.0000 -1.1538
688.0000 -1.1538
689.0000 -1.1538
690.0000 -1.1538
691.0000 -1.1538
692.0000 -1.1538
693.0000 -1.1538
694.0000 -1.1538
695.0000 -1.1538
696.0000 -1.1538
697.0000 -1.1538
698.0000 -1.1538
699.0000 -1.1538
700.0000 -1.1538
701.0000 -1.1538
702.0000 -1.1538
703.0000 -1.1538
704.0000 -1.1538
705.0000 -1.1538
706.0000 -1.1538
707.0000 -1.1538
708.0000 -1.1538
709.0000 -1.1538
710.0000 -1.1538
711.0000 -1.1538
712.0000 -1.1538
713.0000 -1.1538
714.0000 -1.1538
715.0000 -1.1538
716.0000 -1.1538
717.0000 -1.1538
718.0000 -1.1538
719.0000 -1.1538
720.0000 -1.1538
721.0000 -1.1538
722.0000 -1.1538
723.0000 -1.1538
724.0000 -1.1538
725.0000 -1.1538
726.0000 -1.1538
727.0000 -1.1538
728.0000 -1.1538
729.0000 -1.1538
730.0000 -1.1538
731.0000 -1.1538
732.0000 -1.1538
733.0000 -1.1538
734.0000 -1.1538
735.0000 -1.1538
736.0000 -1.1538
737.0000 -1.1538
738.0000 -1.1538
739.0000 -1.1538
740.0000 -1.1538
741.0000 -1.1538
742.0000 -1.1538
743.0000 -1.1538
744.0000 -1.1538
745.0000 -1.1538
746.0000 -1.1538
747.0000 -1.1538
748.0000 -1.1538
749.0000 -1.1538
750.0000 -1.1538
751.0000 -1.1538
752.0000 -1.1538
753.0000 -1.1538
754.0000 -1.1538
755.0000 -1.1538
756.0000 -1.1538
757.0000 -1.1538
758.0000 -1.1538
759.0000 -1.1538
760.0000 -1.1538
761.0000 -1.1538
762.0000 -1.1538
763.0000 -1.1538
764.0000 -1.1538
765.0000 -1.1538
766.0000 -1.1538
767.0000 -1.1538
768.0000 -1.1538
769.0000 -1.1538
770.0000 -1.1538
771.0000 -1.1538
772.0000 -1.1538
773.0000 -1.1538
774.0000 -1.1538
775.0000 -1.1538
776.0000 -1.1538
777.0000 -1.1538
778.0000 -1.1538
779.0000 -1.1538
780.0000 -1.1538
781.0000 -1.1538
782.0000 -1.1538
783.0000 -1.1538
784.0000 -1.1538
785.0000 -1.1538
786.0000 -1.1538
787.0000 -1.1538
788.0000 -1.1538
789.0000 -1.1538
790.0000 -1.1538
791.0000 -1.1538
792.0000 -1.1538
793.0000 -1.1538
794.0000 -1.1538
795.0000 -1.1538
796.0000 -1.1538
797.0000 -1.1538
798.0000 -1.1538
799.0000 -1.1538
800.0000 -1.1538
801.0000 -1.1538
802.0000 -1.1538
803.0000 -1.1538
804.0000 -1.1538
805.0000 -1.1538
806.0000 -1.1538
807.0000 -1.1538
808.0000 -1.1538
809.0000 -1.1538
810.0000 -1.1538
811.0000 6.7010
812.0000 5.5334
813.0000 4.8066
814.0000 4.2368
815.0000 3.7940
816.0000 3.4498
817.0000 3.1825
818.0000 2.9750
819.0000 2.8141
820.0000 2.6894
821.0000 2.5928
822.0000 2.5182
823.0000 2.4606
824.0000 2.4163
825.0000 2.3822
826.0000 2.3562
827.0000 2.3364
828.0000 2.3213
829.0000 2.3100
830.0000 2.3016
831.0000 2.2954
832.0000 2.2910
833.0000 2.2878
834.0000 2.2857
835.0000 2.2843
836.0000 2.2836
837.0000 2.2832
838.0000 2.2832
839.0000 2.2835
840.0000 2.2839
841.0000 2.2845
842.0000 2.2852
843.0000 2.2859
844.0000 2.2867
845.0000 2.2875
846.0000 2.2882
847.0000 2.2890
848.0000 2.2898
849.0000 2.2906
850.0000 2.2913
851.0000 2.2920
852.0000 2.2927
853.0000 2.2934
854.0000 2.2940
855.0000 2.2946
856.0000 2.2952
857.0000 2.2958
858.0000 2.2964
859.0000 2.2969
860.0000 2.2974
861.0000 2.2978
862.0000 2.2983
863.0000 2.2987
864.0000 2.2992
865.0000 2.2995
866.0000 2.2999
867.0000 2.3003
868.0000 2.3006
869.0000 2.3010
870.0000 2.3013
871.0000 2.3016
872.0000 2.3019
873.0000 2.3021
874.0000 2.3024
875.0000 2.3026
876.0000 2.3029
877.0000 2.3031
878.0000 2.3033
879.0000 2.3035
880.0000 2.3037
881.0000 2.3039
882.0000 2.3041
883.0000 2.3042
884.0000 2.3044
885.0000 2.3045
886.0000 2.3047
887.0000 2.3048
888.0000 2.3050
889.0000 2.3051
890.0000 2.3052
891.0000 2.3053
892.0000 2.3054
893.0000 2.3055
894.0000 2.3056
895.0000 2.3057
896.0000 2.3058
897.0000 2.3059
898.0000 2.3060
899.0000 2.3061
900.0000 2.3062
901.0000 2.3062
902.0000 2.3063
903.0000 2.3064
904.0000 2.3064
905.0000 2.3065
906.0000 2.3065
907.0000 2.3066
908.0000 2.3066
909.0000 2.3067
910.0000 2.3067
