1.0000 0.0000
2.0000 0.0000
3.0000 0.0000
4.0000 0.0000
5.0000 0.0000
6.0000 0.0000
7.0000 0.0000
8.0000 0.0000
9.0000 0.0000
10.0000 0.0000
11.0000 0.0000
12.0000 0.0000
13.0000 0.0000
14.0000 0.0000
15.0000 0.0000
16.0000 0.0000
17.0000 0.0000
18.0000 0.0000
19.0000 0.0000
20.0000 0.0000
21.0000 0.0000
22.0000 0.0000
23.0000 0.0000
24.0000 0.0000
25.0000 0.0000
26.0000 0.0000
27.0000 0.0000
28.0000 0.0000
29.0000 0.0000
30.0000 0.0000
31.0000 0.0000
32.0000 0.0000
33.0000 0.0000
34.0000 0.0000
35.0000 0.0000
36.0000 0.0000
37.0000 0.0000
38.0000 0.0000
39.0000 0.0000
40.0000 0.0000
41.0000 0.0000
42.0000 0.0000
43.0000 0.0000
44.0000 0.0000
45.0000 0.0000
46.0000 0.0000
47.0000 0.0000
48.0000 0.0000
49.0000 0.0000
50.0000 0.0000
51.0000 0.0000
52.0000 0.0000
53.0000 0.0000
54.0000 0.0000
55.0000 0.0000
56.0000 0.0000
57.0000 0.0000
58.0000 0.0000
59.0000 0.0000
60.0000 0.0000
61.0000 0.0000
62.0000 0.0000
63.0000 0.0000
64.0000 0.0000
65.0000 0.0000
66.0000 0.0000
67.0000 0.0000
68.0000 0.0000
69.0000 0.0000
70.0000 0.0000
71.0000 0.0000
72.0000 0.0000
73.0000 0.0000
74.0000 0.0000
75.0000 0.0000
76.0000 0.0000
77.0000 0.0000
78.0000 0.0000
79.0000 0.0000
80.0000 0.0000
81.0000 0.0000
82.0000 0.0000
83.0000 0.0000
84.0000 0.0000
85.0000 0.0000
86.0000 0.0000
87.0000 0.0000
88.0000 0.0000
89.0000 0.0000
90.0000 0.0000
91.0000 0.0000
92.0000 0.0000
93.0000 0.0000
94.0000 0.0000
95.0000 0.0000
96.0000 0.0000
97.0000 0.0000
98.0000 0.0000
99.0000 0.0000
100.0000 0.0000
101.0000 0.0000
102.0000 0.0000
103.0000 0.0000
104.0000 0.0000
105.0000 0.0000
106.0000 0.0000
107.0000 0.0000
108.0000 0.0000
109.0000 0.0000
110.0000 0.0000
111.0000 0.0000
112.0000 0.0000
113.0000 0.0000
114.0000 0.0000
115.0000 0.0000
116.0000 0.0000
117.0000 0.0000
118.0000 0.0000
119.0000 0.0000
120.0000 0.0000
121.0000 0.0000
122.0000 0.0000
123.0000 0.0000
124.0000 0.0000
125.0000 0.0000
126.0000 0.0000
127.0000 0.0000
128.0000 0.0000
129.0000 0.0000
130.0000 0.0000
131.0000 0.0000
132.0000 0.0000
133.0000 0.0000
134.0000 0.0000
135.0000 0.0000
136.0000 0.0000
137.0000 0.0000
138.0000 0.0000
139.0000 0.0000
140.0000 0.0000
141.0000 0.0000
142.0000 0.0000
143.0000 0.0000
144.0000 0.0000
145.0000 0.0000
146.0000 0.0000
147.0000 0.0000
148.0000 0.0000
149.0000 0.0000
150.0000 0.0000
151.0000 0.0000
152.0000 0.0000
153.0000 0.0000
154.0000 0.0000
155.0000 0.0000
156.0000 0.0000
157.0000 0.0000
158.0000 0.0000
159.0000 0.0000
160.0000 0.0000
161.0000 0.0000
162.0000 0.0000
163.0000 0.0000
164.0000 0.0000
165.0000 0.0000
166.0000 0.0000
167.0000 0.0000
168.0000 0.0000
169.0000 0.0000
170.0000 0.0000
171.0000 0.0000
172.0000 0.0000
173.0000 0.0000
174.0000 0.0000
175.0000 0.0000
176.0000 0.0000
177.0000 0.0000
178.0000 0.0000
179.0000 0.0000
180.0000 0.0000
181.0000 0.0000
182.0000 0.0000
183.0000 0.0000
184.0000 0.0000
185.0000 0.0000
186.0000 0.0000
187.0000 0.0000
188.0000 0.0000
189.0000 0.0000
190.0000 0.0000
191.0000 0.0000
192.0000 0.0000
193.0000 0.0000
194.0000 0.0000
195.0000 0.0000
196.0000 0.0000
197.0000 0.0000
198.0000 0.0000
199.0000 0.0000
200.0000 0.0000
201.0000 0.0000
202.0000 0.0000
203.0000 0.0000
204.0000 0.0000
205.0000 0.0000
206.0000 0.0000
207.0000 0.0000
208.0000 0.0000
209.0000 0.0000
210.0000 0.0000
211.0000 0.9762
212.0000 0.9542
213.0000 0.9569
214.0000 0.9589
215.0000 0.9608
216.0000 0.9626
217.0000 0.9643
218.0000 0.9660
219.0000 0.9676
220.0000 0.9691
221.0000 0.9705
222.0000 0.9719
223.0000 0.9732
224.0000 0.9744
225.0000 0.9756
226.0000 0.9768
227.0000 0.9778
228.0000 0.9789
229.0000 0.9798
230.0000 0.9808
231.0000 0.9817
232.0000 0.9825
233.0000 0.9833
234.0000 0.9841
235.0000 0.9848
236.0000 0.9856
237.0000 0.9862
238.0000 0.9869
239.0000 0.9875
240.0000 0.9881
241.0000 0.9886
242.0000 0.9891
243.0000 0.9896
244.0000 0.9901
245.0000 0.9906
246.0000 0.9910
247.0000 0.9914
248.0000 0.9918
249.0000 0.9922
250.0000 0.9926
251.0000 0.9929
252.0000 0.9933
253.0000 0.9936
254.0000 0.9939
255.0000 0.9941
256.0000 0.9944
257.0000 0.9947
258.0000 0.9949
259.0000 0.9952
260.0000 0.9954
261.0000 0.9956
262.0000 0.9958
263.0000 0.9960
264.0000 0.9962
265.0000 0.9964
266.0000 0.9965
267.0000 0.9967
268.0000 0.9968
269.0000 0.9970
270.0000 0.9971
271.0000 0.9973
272.0000 0.9974
273.0000 0.9975
274.0000 0.9976
275.0000 0.9977
276.0000 0.9978
277.0000 0.9979
278.0000 0.9980
279.0000 0.9981
280.0000 0.9982
281.0000 0.9983
282.0000 0.9984
283.0000 0.9985
284.0000 0.9985
285.0000 0.9986
286.0000 0.9987
287.0000 0.9987
288.0000 0.9988
289.0000 0.9988
290.0000 0.9989
291.0000 0.9989
292.0000 0.9990
293.0000 0.9990
294.0000 0.9991
295.0000 0.9991
296.0000 0.9992
297.0000 0.9992
298.0000 0.9992
299.0000 0.9993
300.0000 0.9993
301.0000 0.9993
302.0000 0.9994
303.0000 0.9994
304.0000 0.9994
305.0000 0.9995
306.0000 0.9995
307.0000 0.9995
308.0000 0.9995
309.0000 0.9996
310.0000 0.9996
311.0000 0.9996
312.0000 0.9996
313.0000 0.9996
314.0000 0.9996
315.0000 0.9997
316.0000 0.9997
317.0000 0.9997
318.0000 0.9997
319.0000 0.9997
320.0000 0.9997
321.0000 0.9997
322.0000 0.9998
323.0000 0.9998
324.0000 0.9998
325.0000 0.9998
326.0000 0.9998
327.0000 0.9998
328.0000 0.9998
329.0000 0.9998
330.0000 0.9998
331.0000 0.9998
332.0000 0.9998
333.0000 0.9999
334.0000 0.9999
335.0000 0.9999
336.0000 0.9999
337.0000 0.9999
338.0000 0.9999
339.0000 0.9999
340.0000 0.9999
341.0000 0.9999
342.0000 0.9999
343.0000 0.9999
344.0000 0.9999
345.0000 0.9999
346.0000 0.9999
347.0000 0.9999
348.0000 0.9999
349.0000 0.9999
350.0000 0.9999
351.0000 0.9999
352.0000 0.9999
353.0000 0.9999
354.0000 0.9999
355.0000 0.9999
356.0000 1.0000
357.0000 1.0000
358.0000 1.0000
359.0000 1.0000
360.0000 1.0000
361.0000 1.0000
362.0000 1.0000
363.0000 1.0000
364.0000 1.0000
365.0000 1.0000
366.0000 1.0000
367.0000 1.0000
368.0000 1.0000
369.0000 1.0000
370.0000 1.0000
371.0000 1.0000
372.0000 1.0000
373.0000 1.0000
374.0000 1.0000
375.0000 1.0000
376.0000 1.0000
377.0000 1.0000
378.0000 1.0000
379.0000 1.0000
380.0000 1.0000
381.0000 1.0000
382.0000 1.0000
383.0000 1.0000
384.0000 1.0000
385.0000 1.0000
386.0000 1.0000
387.0000 1.0000
388.0000 1.0000
389.0000 1.0000
390.0000 1.0000
391.0000 1.0000
392.0000 1.0000
393.0000 1.0000
394.0000 1.0000
395.0000 1.0000
396.0000 1.0000
397.0000 1.0000
398.0000 1.0000
399.0000 1.0000
400.0000 1.0000
401.0000 1.0000
402.0000 1.0000
403.0000 1.0000
404.0000 1.0000
405.0000 1.0000
406.0000 1.0000
407.0000 1.0000
408.0000 1.0000
409.0000 1.0000
410.0000 1.0000
411.0000 1.0000
412.0000 1.0000
413.0000 1.0000
414.0000 1.0000
415.0000 1.0000
416.0000 1.0000
417.0000 1.0000
418.0000 1.0000
419.0000 1.0000
420.0000 1.0000
421.0000 1.0000
422.0000 1.0000
423.0000 1.0000
424.0000 1.0000
425.0000 1.0000
426.0000 1.0000
427.0000 1.0000
428.0000 1.0000
429.0000 1.0000
430.0000 1.0000
431.0000 1.0000
432.0000 1.0000
433.0000 1.0000
434.0000 1.0000
435.0000 1.0000
436.0000 1.0000
437.0000 1.0000
438.0000 1.0000
439.0000 1.0000
440.0000 1.0000
441.0000 1.0000
442.0000 1.0000
443.0000 1.0000
444.0000 1.0000
445.0000 1.0000
446.0000 1.0000
447.0000 1.0000
448.0000 1.0000
449.0000 1.0000
450.0000 1.0000
451.0000 1.0000
452.0000 1.0000
453.0000 1.0000
454.0000 1.0000
455.0000 1.0000
456.0000 1.0000
457.0000 1.0000
458.0000 1.0000
459.0000 1.0000
460.0000 1.0000
461.0000 1.0000
462.0000 1.0000
463.0000 1.0000
464.0000 1.0000
465.0000 1.0000
466.0000 1.0000
467.0000 1.0000
468.0000 1.0000
469.0000 1.0000
470.0000 1.0000
471.0000 1.0000
472.0000 1.0000
473.0000 1.0000
474.0000 1.0000
475.0000 1.0000
476.0000 1.0000
477.0000 1.0000
478.0000 1.0000
479.0000 1.0000
480.0000 1.0000
481.0000 1.0000
482.0000 1.0000
483.0000 1.0000
484.0000 1.0000
485.0000 1.0000
486.0000 1.0000
487.0000 1.0000
488.0000 1.0000
489.0000 1.0000
490.0000 1.0000
491.0000 1.0000
492.0000 1.0000
493.0000 1.0000
494.0000 1.0000
495.0000 1.0000
496.0000 1.0000
497.0000 1.0000
498.0000 1.0000
499.0000 1.0000
500.0000 1.0000
501.0000 1.0000
502.0000 1.0000
503.0000 1.0000
504.0000 1.0000
505.0000 1.0000
506.0000 1.0000
507.0000 1.0000
508.0000 1.0000
509.0000 1.0000
510.0000 1.0000
511.0000 -0.9525
512.0000 -0.9083
513.0000 -0.9137
514.0000 -0.9177
515.0000 -0.9215
516.0000 -0.9252
517.0000 -0.9287
518.0000 -0.9320
519.0000 -0.9351
520.0000 -0.9381
521.0000 -0.9410
522.0000 -0.9438
523.0000 -0.9464
524.0000 -0.9489
525.0000 -0.9512
526.0000 -0.9535
527.0000 -0.9557
528.0000 -0.9577
529.0000 -0.9597
530.0000 -0.9616
531.0000 -0.9633
532.0000 -0.9651
533.0000 -0.9667
534.0000 -0.9682
535.0000 -0.9697
536.0000 -0.9711
537.0000 -0.9724
538.0000 -0.9737
539.0000 -0.9750
540.0000 -0.9761
541.0000 -0.9772
542.0000 -0.9783
543.0000 -0.9793
544.0000 -0.9803
545.0000 -0.9812
546.0000 -0.9820
547.0000 -0.9829
548.0000 -0.9837
549.0000 -0.9844
550.0000 -0.9852
551.0000 -0.9858
552.0000 -0.9865
553.0000 -0.9871
554.0000 -0.9877
555.0000 -0.9883
556.0000 -0.9888
557.0000 -0.9894
558.0000 -0.9899
559.0000 -0.9903
560.0000 -0.9908
561.0000 -0.9912
562.0000 -0.9916
563.0000 -0.9920
564.0000 -0.9924
565.0000 -0.9927
566.0000 -0.9931
567.0000 -0.9934
568.0000 -0.9937
569.0000 -0.9940
570.0000 -0.9943
571.0000 -0.9945
572.0000 -0.9948
573.0000 -0.9950
574.0000 -0.9953
575.0000 -0.9955
576.0000 -0.9957
577.0000 -0.9959
578.0000 -0.9961
579.0000 -0.9963
580.0000 -0.9964
581.0000 -0.9966
582.0000 -0.9968
583.0000 -0.9969
584.0000 -0.9971
585.0000 -0.9972
586.0000 -0.9973
587.0000 -0.9974
588.0000 -0.9976
589.0000 -0.9977
590.0000 -0.9978
591.0000 -0.9979
592.0000 -0.9980
593.0000 -0.9981
594.0000 -0.9982
595.0000 -0.9983
596.0000 -0.9983
597.0000 -0.9984
598.0000 -0.9985
599.0000 -0.9986
600.0000 -0.9986
601.0000 -0.9987
602.0000 -0.9987
603.0000 -0.9988
604.0000 -0.9989
605.0000 -0.9989
606.0000 -0.9990
607.0000 -0.9990
608.0000 -0.9991
609.0000 -0.9991
610.0000 -0.9991
611.0000 -0.9992
612.0000 -0.9992
613.0000 -0.9993
614.0000 -0.9993
615.0000 -0.9993
616.0000 -0.9994
617.0000 -0.9994
618.0000 -0.9994
619.0000 -0.9994
620.0000 -0.9995
621.0000 -0.9995
622.0000 -0.9995
623.0000 -0.9995
624.0000 -0.9996
625.0000 -0.9996
626.0000 -0.9996
627.0000 -0.9996
628.0000 -0.9996
629.0000 -0.9997
630.0000 -0.9997
631.0000 -0.9997
632.0000 -0.9997
633.0000 -0.9997
634.0000 -0.9997
635.0000 -0.9997
636.0000 -0.9998
637.0000 -0.9998
638.0000 -0.9998
639.0000 -0.9998
640.0000 -0.9998
641.0000 -0.9998
642.0000 -0.9998
643.0000 -0.9998
644.0000 -0.9998
645.0000 -0.9998
646.0000 -0.9998
647.0000 -0.9999
648.0000 -0.9999
649.0000 -0.9999
650.0000 -0.9999
651.0000 -0.9999
652.0000 -0.9999
653.0000 -0.9999
654.0000 -0.9999
655.0000 -0.9999
656.0000 -0.9999
657.0000 -0.9999
658.0000 -0.9999
659.0000 -0.9999
660.0000 -0.9999
661.0000 -0.9999
662.0000 -0.9999
663.0000 -0.9999
664.0000 -0.9999
665.0000 -0.9999
666.0000 -0.9999
667.0000 -0.9999
668.0000 -0.9999
669.0000 -0.9999
670.0000 -1.0000
671.0000 -1.0000
672.0000 -1.0000
673.0000 -1.0000
674.0000 -1.0000
675.0000 -1.0000
676.0000 -1.0000
677.0000 -1.0000
678.0000 -1.0000
679.0000 -1.0000
680.0000 -1.0000
681.0000 -1.0000
682.0000 -1.0000
683.0000 -1.0000
684.0000 -1.0000
685.0000 -1.0000
686.0000 -1.0000
687.0000 -1.0000
688.0000 -1.0000
689.0000 -1.0000
690.0000 -1.0000
691.0000 -1.0000
692.0000 -1.0000
693.0000 -1.0000
694.0000 -1.0000
695.0000 -1.0000
696.0000 -1.0000
697.0000 -1.0000
698.0000 -1.0000
699.0000 -1.0000
700.0000 -1.0000
701.0000 -1.0000
702.0000 -1.0000
703.0000 -1.0000
704.0000 -1.0000
705.0000 -1.0000
706.0000 -1.0000
707.0000 -1.0000
708.0000 -1.0000
709.0000 -1.0000
710.0000 -1.0000
711.0000 -1.0000
712.0000 -1.0000
713.0000 -1.0000
714.0000 -1.0000
715.0000 -1.0000
716.0000 -1.0000
717.0000 -1.0000
718.0000 -1.0000
719.0000 -1.0000
720.0000 -1.0000
721.0000 -1.0000
722.0000 -1.0000
723.0000 -1.0000
724.0000 -1.0000
725.0000 -1.0000
726.0000 -1.0000
727.0000 -1.0000
728.0000 -1.0000
729.0000 -1.0000
730.0000 -1.0000
731.0000 -1.0000
732.0000 -1.0000
733.0000 -1.0000
734.0000 -1.0000
735.0000 -1.0000
736.0000 -1.0000
737.0000 -1.0000
738.0000 -1.0000
739.0000 -1.0000
740.0000 -1.0000
741.0000 -1.0000
742.0000 -1.0000
743.0000 -1.0000
744.0000 -1.0000
745.0000 -1.0000
746.0000 -1.0000
747.0000 -1.0000
748.0000 -1.0000
749.0000 -1.0000
750.0000 -1.0000
751.0000 -1.0000
752.0000 -1.0000
753.0000 -1.0000
754.0000 -1.0000
755.0000 -1.0000
756.0000 -1.0000
757.0000 -1.0000
758.0000 -1.0000
759.0000 -1.0000
760.0000 -1.0000
761.0000 -1.0000
762.0000 -1.0000
763.0000 -1.0000
764.0000 -1.0000
765.0000 -1.0000
766.0000 -1.0000
767.0000 -1.0000
768.0000 -1.0000
769.0000 -1.0000
770.0000 -1.0000
771.0000 -1.0000
772.0000 -1.0000
773.0000 -1.0000
774.0000 -1.0000
775.0000 -1.0000
776.0000 -1.0000
777.0000 -1.0000
778.0000 -1.0000
779.0000 -1.0000
780.0000 -1.0000
781.0000 -1.0000
782.0000 -1.0000
783.0000 -1.0000
784.0000 -1.0000
785.0000 -1.0000
786.0000 -1.0000
787.0000 -1.0000
788.0000 -1.0000
789.0000 -1.0000
790.0000 -1.0000
791.0000 -1.0000
792.0000 -1.0000
793.0000 -1.0000
794.0000 -1.0000
795.0000 -1.0000
796.0000 -1.0000
797.0000 -1.0000
798.0000 -1.0000
799.0000 -1.0000
800.0000 -1.0000
801.0000 -1.0000
802.0000 -1.0000
803.0000 -1.0000
804.0000 -1.0000
805.0000 -1.0000
806.0000 -1.0000
807.0000 -1.0000
808.0000 -1.0000
809.0000 -1.0000
810.0000 -1.0000
811.0000 1.9287
812.0000 1.8625
813.0000 1.8706
814.0000 1.8766
815.0000 1.8823
816.0000 1.8878
817.0000 1.8930
818.0000 1.8980
819.0000 1.9027
820.0000 1.9072
821.0000 1.9115
822.0000 1.9156
823.0000 1.9196
824.0000 1.9233
825.0000 1.9269
826.0000 1.9303
827.0000 1.9335
828.0000 1.9366
829.0000 1.9395
830.0000 1.9423
831.0000 1.9450
832.0000 1.9476
833.0000 1.9500
834.0000 1.9523
835.0000 1.9545
836.0000 1.9567
837.0000 1.9587
838.0000 1.9606
839.0000 1.9624
840.0000 1.9642
841.0000 1.9658
842.0000 1.9674
843.0000 1.9689
844.0000 1.9704
845.0000 1.9718
846.0000 1.9731
847.0000 1.9743
848.0000 1.9755
849.0000 1.9767
850.0000 1.9777
851.0000 1.9788
852.0000 1.9798
853.0000 1.9807
854.0000 1.9816
855.0000 1.9824
856.0000 1.9833
857.0000 1.9840
858.0000 1.9848
859.0000 1.9855
860.0000 1.9862
861.0000 1.9868
862.0000 1.9874
863.0000 1.9880
864.0000 1.9886
865.0000 1.9891
866.0000 1.9896
867.0000 1.9901
868.0000 1.9905
869.0000 1.9910
870.0000 1.9914
871.0000 1.9918
872.0000 1.9922
873.0000 1.9925
874.0000 1.9929
875.0000 1.9932
876.0000 1.9935
877.0000 1.9938
878.0000 1.9941
879.0000 1.9944
880.0000 1.9947
881.0000 1.9949
882.0000 1.9951
883.0000 1.9954
884.0000 1.9956
885.0000 1.9958
886.0000 1.9960
887.0000 1.9962
888.0000 1.9963
889.0000 1.9965
890.0000 1.9967
891.0000 1.9968
892.0000 1.9970
893.0000 1.9971
894.0000 1.9973
895.0000 1.9974
896.0000 1.9975
897.0000 1.9976
898.0000 1.9977
899.0000 1.9978
900.0000 1.9979
901.0000 1.9980
902.0000 1.9981
903.0000 1.9982
904.0000 1.9983
905.0000 1.9984
906.0000 1.9984
907.0000 1.9985
908.0000 1.9986
909.0000 1.9987
910.0000 1.9987
