1.0000 0.0000
2.0000 0.0000
3.0000 0.0000
4.0000 0.0000
5.0000 0.0000
6.0000 0.0000
7.0000 0.0000
8.0000 0.0000
9.0000 0.0000
10.0000 0.0000
11.0000 0.0595
12.0000 0.0670
13.0000 0.0743
14.0000 0.0814
15.0000 0.0883
16.0000 0.0950
17.0000 0.1015
18.0000 0.1079
19.0000 0.1141
20.0000 0.1201
21.0000 0.1259
22.0000 0.1316
23.0000 0.1371
24.0000 0.1425
25.0000 0.1477
26.0000 0.1528
27.0000 0.1578
28.0000 0.1626
29.0000 0.1672
30.0000 0.1718
31.0000 0.1762
32.0000 0.1805
33.0000 0.1847
34.0000 0.1888
35.0000 0.1927
36.0000 0.1966
37.0000 0.2003
38.0000 0.2040
39.0000 0.2075
40.0000 0.2110
41.0000 0.2143
42.0000 0.2176
43.0000 0.2208
44.0000 0.2238
45.0000 0.2268
46.0000 0.2298
47.0000 0.2326
48.0000 0.2354
49.0000 0.2380
50.0000 0.2407
51.0000 0.2432
52.0000 0.2457
53.0000 0.2481
54.0000 0.2504
55.0000 0.2527
56.0000 0.2549
57.0000 0.2570
58.0000 0.2591
59.0000 0.2612
60.0000 0.2631
61.0000 0.2651
62.0000 0.2669
63.0000 0.2687
64.0000 0.2705
65.0000 0.2722
66.0000 0.2739
67.0000 0.2755
68.0000 0.2771
69.0000 0.2787
70.0000 0.2802
71.0000 0.2816
72.0000 0.2830
73.0000 0.2844
74.0000 0.2857
75.0000 0.2871
76.0000 0.2883
77.0000 0.2896
78.0000 0.2908
79.0000 0.2919
80.0000 0.2931
81.0000 0.2942
82.0000 0.2952
83.0000 0.2963
84.0000 0.2973
85.0000 0.2983
86.0000 0.2992
87.0000 0.3002
88.0000 0.3011
89.0000 0.3020
90.0000 0.3028
91.0000 0.3037
92.0000 0.3045
93.0000 0.3053
94.0000 0.3060
95.0000 0.3068
96.0000 0.3075
97.0000 0.3082
98.0000 0.3089
99.0000 0.3096
100.0000 0.3102
101.0000 0.3109
102.0000 0.3115
103.0000 0.3121
104.0000 0.3127
105.0000 0.3132
106.0000 0.3138
107.0000 0.3143
108.0000 0.3148
109.0000 0.3153
110.0000 0.3158
111.0000 0.3163
112.0000 0.3168
113.0000 0.3172
114.0000 0.3177
115.0000 0.3181
116.0000 0.3185
117.0000 0.3189
118.0000 0.3193
119.0000 0.3197
120.0000 0.3201
121.0000 0.3204
122.0000 0.3208
123.0000 0.3211
124.0000 0.3215
125.0000 0.3218
126.0000 0.3221
127.0000 0.3224
128.0000 0.3227
129.0000 0.3230
130.0000 0.3233
131.0000 0.3236
132.0000 0.3238
133.0000 0.3241
134.0000 0.3243
135.0000 0.3246
136.0000 0.3248
137.0000 0.3251
138.0000 0.3253
139.0000 0.3255
140.0000 0.3257
141.0000 0.3259
142.0000 0.3261
143.0000 0.3263
144.0000 0.3265
145.0000 0.3267
146.0000 0.3269
147.0000 0.3271
148.0000 0.3272
149.0000 0.3274
150.0000 0.3276
151.0000 0.3277
152.0000 0.3279
153.0000 0.3280
154.0000 0.3282
155.0000 0.3283
156.0000 0.3285
157.0000 0.3286
158.0000 0.3287
159.0000 0.3288
160.0000 0.3290
161.0000 0.3291
162.0000 0.3292
163.0000 0.3293
164.0000 0.3294
165.0000 0.3295
166.0000 0.3296
167.0000 0.3297
168.0000 0.3298
169.0000 0.3299
170.0000 0.3300
171.0000 0.3301
172.0000 0.3302
173.0000 0.3303
174.0000 0.3304
175.0000 0.3305
176.0000 0.3305
177.0000 0.3306
178.0000 0.3307
179.0000 0.3308
180.0000 0.3308
181.0000 0.3309
182.0000 0.3310
183.0000 0.3310
184.0000 0.3311
185.0000 0.3312
186.0000 0.3312
187.0000 0.3313
188.0000 0.3313
189.0000 0.3314
190.0000 0.3314
191.0000 0.3315
192.0000 0.3315
193.0000 0.3316
194.0000 0.3316
195.0000 0.3317
196.0000 0.3317
197.0000 0.3318
198.0000 0.3318
199.0000 0.3319
200.0000 0.3319
201.0000 0.3319
202.0000 0.3320
203.0000 0.3320
204.0000 0.3320
205.0000 0.3321
206.0000 0.3321
207.0000 0.3322
208.0000 0.3322
209.0000 0.3322
210.0000 0.3322
211.0000 0.3323
212.0000 0.3323
213.0000 0.3323
214.0000 0.3324
215.0000 0.3324
216.0000 0.3324
217.0000 0.3324
218.0000 0.3325
219.0000 0.3325
220.0000 0.3325
221.0000 0.3325
222.0000 0.3326
223.0000 0.3326
224.0000 0.3326
225.0000 0.3326
226.0000 0.3326
227.0000 0.3327
228.0000 0.3327
229.0000 0.3327
230.0000 0.3327
231.0000 0.3327
232.0000 0.3327
233.0000 0.3328
234.0000 0.3328
235.0000 0.3328
236.0000 0.3328
237.0000 0.3328
238.0000 0.3328
239.0000 0.3328
240.0000 0.3329
241.0000 0.3329
242.0000 0.3329
243.0000 0.3329
244.0000 0.3329
245.0000 0.3329
246.0000 0.3329
247.0000 0.3329
248.0000 0.3330
249.0000 0.3330
250.0000 0.3330
251.0000 0.3330
252.0000 0.3330
253.0000 0.3330
254.0000 0.3330
255.0000 0.3330
256.0000 0.3330
257.0000 0.3330
258.0000 0.3330
259.0000 0.3331
260.0000 0.3331
261.0000 0.3331
262.0000 0.3331
263.0000 0.3331
264.0000 0.3331
265.0000 0.3331
266.0000 0.3331
267.0000 0.3331
268.0000 0.3331
269.0000 0.3331
270.0000 0.3331
271.0000 0.3331
272.0000 0.3331
273.0000 0.3331
274.0000 0.3331
275.0000 0.3332
276.0000 0.3332
277.0000 0.3332
278.0000 0.3332
279.0000 0.3332
280.0000 0.3332
281.0000 0.3332
282.0000 0.3332
283.0000 0.3332
284.0000 0.3332
285.0000 0.3332
286.0000 0.3332
287.0000 0.3332
288.0000 0.3332
289.0000 0.3332
290.0000 0.3332
291.0000 0.3332
292.0000 0.3332
293.0000 0.3332
294.0000 0.3332
295.0000 0.3332
296.0000 0.3332
297.0000 0.3332
298.0000 0.3332
299.0000 0.3332
300.0000 0.3332
301.0000 0.3332
302.0000 0.3332
303.0000 0.3333
304.0000 0.3333
305.0000 0.3333
306.0000 0.3333
307.0000 0.3333
308.0000 0.3333
309.0000 0.3333
310.0000 0.3333
311.0000 0.2143
312.0000 0.1993
313.0000 0.1847
314.0000 0.1705
315.0000 0.1567
316.0000 0.1432
317.0000 0.1302
318.0000 0.1175
319.0000 0.1051
320.0000 0.0931
321.0000 0.0814
322.0000 0.0701
323.0000 0.0590
324.0000 0.0483
325.0000 0.0378
326.0000 0.0277
327.0000 0.0178
328.0000 0.0082
329.0000 -0.0012
330.0000 -0.0103
331.0000 -0.0192
332.0000 -0.0278
333.0000 -0.0361
334.0000 -0.0443
335.0000 -0.0522
336.0000 -0.0599
337.0000 -0.0674
338.0000 -0.0747
339.0000 -0.0818
340.0000 -0.0886
341.0000 -0.0954
342.0000 -0.1019
343.0000 -0.1082
344.0000 -0.1144
345.0000 -0.1204
346.0000 -0.1262
347.0000 -0.1319
348.0000 -0.1374
349.0000 -0.1428
350.0000 -0.1480
351.0000 -0.1531
352.0000 -0.1580
353.0000 -0.1628
354.0000 -0.1675
355.0000 -0.1720
356.0000 -0.1764
357.0000 -0.1807
358.0000 -0.1849
359.0000 -0.1890
360.0000 -0.1929
361.0000 -0.1968
362.0000 -0.2005
363.0000 -0.2042
364.0000 -0.2077
365.0000 -0.2111
366.0000 -0.2145
367.0000 -0.2178
368.0000 -0.2209
369.0000 -0.2240
370.0000 -0.2270
371.0000 -0.2299
372.0000 -0.2327
373.0000 -0.2355
374.0000 -0.2382
375.0000 -0.2408
376.0000 -0.2433
377.0000 -0.2458
378.0000 -0.2482
379.0000 -0.2505
380.0000 -0.2528
381.0000 -0.2550
382.0000 -0.2571
383.0000 -0.2592
384.0000 -0.2613
385.0000 -0.2632
386.0000 -0.2652
387.0000 -0.2670
388.0000 -0.2688
389.0000 -0.2706
390.0000 -0.2723
391.0000 -0.2740
392.0000 -0.2756
393.0000 -0.2772
394.0000 -0.2787
395.0000 -0.2802
396.0000 -0.2817
397.0000 -0.2831
398.0000 -0.2845
399.0000 -0.2858
400.0000 -0.2871
401.0000 -0.2884
402.0000 -0.2896
403.0000 -0.2908
404.0000 -0.2920
405.0000 -0.2931
406.0000 -0.2942
407.0000 -0.2953
408.0000 -0.2963
409.0000 -0.2973
410.0000 -0.2983
411.0000 -0.2993
412.0000 -0.3002
413.0000 -0.3011
414.0000 -0.3020
415.0000 -0.3029
416.0000 -0.3037
417.0000 -0.3045
418.0000 -0.3053
419.0000 -0.3061
420.0000 -0.3068
421.0000 -0.3075
422.0000 -0.3083
423.0000 -0.3089
424.0000 -0.3096
425.0000 -0.3103
426.0000 -0.3109
427.0000 -0.3115
428.0000 -0.3121
429.0000 -0.3127
430.0000 -0.3132
431.0000 -0.3138
432.0000 -0.3143
433.0000 -0.3149
434.0000 -0.3154
435.0000 -0.3159
436.0000 -0.3163
437.0000 -0.3168
438.0000 -0.3173
439.0000 -0.3177
440.0000 -0.3181
441.0000 -0.3185
442.0000 -0.3189
443.0000 -0.3193
444.0000 -0.3197
445.0000 -0.3201
446.0000 -0.3205
447.0000 -0.3208
448.0000 -0.3212
449.0000 -0.3215
450.0000 -0.3218
451.0000 -0.3221
452.0000 -0.3224
453.0000 -0.3227
454.0000 -0.3230
455.0000 -0.3233
456.0000 -0.3236
457.0000 -0.3238
458.0000 -0.3241
459.0000 -0.3244
460.0000 -0.3246
461.0000 -0.3248
462.0000 -0.3251
463.0000 -0.3253
464.0000 -0.3255
465.0000 -0.3257
466.0000 -0.3259
467.0000 -0.3261
468.0000 -0.3263
469.0000 -0.3265
470.0000 -0.3267
471.0000 -0.3269
472.0000 -0.3271
473.0000 -0.3273
474.0000 -0.3274
475.0000 -0.3276
476.0000 -0.3277
477.0000 -0.3279
478.0000 -0.3280
479.0000 -0.3282
480.0000 -0.3283
481.0000 -0.3285
482.0000 -0.3286
483.0000 -0.3287
484.0000 -0.3289
485.0000 -0.3290
486.0000 -0.3291
487.0000 -0.3292
488.0000 -0.3293
489.0000 -0.3294
490.0000 -0.3295
491.0000 -0.3296
492.0000 -0.3297
493.0000 -0.3298
494.0000 -0.3299
495.0000 -0.3300
496.0000 -0.3301
497.0000 -0.3302
498.0000 -0.3303
499.0000 -0.3304
500.0000 -0.3305
501.0000 -0.3305
502.0000 -0.3306
503.0000 -0.3307
504.0000 -0.3308
505.0000 -0.3308
506.0000 -0.3309
507.0000 -0.3310
508.0000 -0.3310
509.0000 -0.3311
510.0000 -0.3312
511.0000 -0.3312
512.0000 -0.3313
513.0000 -0.3313
514.0000 -0.3314
515.0000 -0.3314
516.0000 -0.3315
517.0000 -0.3315
518.0000 -0.3316
519.0000 -0.3316
520.0000 -0.3317
521.0000 -0.3317
522.0000 -0.3318
523.0000 -0.3318
524.0000 -0.3319
525.0000 -0.3319
526.0000 -0.3319
527.0000 -0.3320
528.0000 -0.3320
529.0000 -0.3320
530.0000 -0.3321
531.0000 -0.3321
532.0000 -0.3322
533.0000 -0.3322
534.0000 -0.3322
535.0000 -0.3322
536.0000 -0.3323
537.0000 -0.3323
538.0000 -0.3323
539.0000 -0.3324
540.0000 -0.3324
541.0000 -0.3324
542.0000 -0.3324
543.0000 -0.3325
544.0000 -0.3325
545.0000 -0.3325
546.0000 -0.3325
547.0000 -0.3326
548.0000 -0.3326
549.0000 -0.3326
550.0000 -0.3326
551.0000 -0.3326
552.0000 -0.3327
553.0000 -0.3327
554.0000 -0.3327
555.0000 -0.3327
556.0000 -0.3327
557.0000 -0.3327
558.0000 -0.3328
559.0000 -0.3328
560.0000 -0.3328
561.0000 -0.3328
562.0000 -0.3328
563.0000 -0.3328
564.0000 -0.3328
565.0000 -0.3329
566.0000 -0.3329
567.0000 -0.3329
568.0000 -0.3329
569.0000 -0.3329
570.0000 -0.3329
571.0000 -0.3329
572.0000 -0.3329
573.0000 -0.3330
574.0000 -0.3330
575.0000 -0.3330
576.0000 -0.3330
577.0000 -0.3330
578.0000 -0.3330
579.0000 -0.3330
580.0000 -0.3330
581.0000 -0.3330
582.0000 -0.3330
583.0000 -0.3330
584.0000 -0.3331
585.0000 -0.3331
586.0000 -0.3331
587.0000 -0.3331
588.0000 -0.3331
589.0000 -0.3331
590.0000 -0.3331
591.0000 -0.3331
592.0000 -0.3331
593.0000 -0.3331
594.0000 -0.3331
595.0000 -0.3331
596.0000 -0.3331
597.0000 -0.3331
598.0000 -0.3331
599.0000 -0.3331
600.0000 -0.3332
601.0000 -0.3332
602.0000 -0.3332
603.0000 -0.3332
604.0000 -0.3332
605.0000 -0.3332
606.0000 -0.3332
607.0000 -0.3332
608.0000 -0.3332
609.0000 -0.3332
610.0000 -0.3332
611.0000 -0.1547
612.0000 -0.1322
613.0000 -0.1103
614.0000 -0.0890
615.0000 -0.0683
616.0000 -0.0482
617.0000 -0.0286
618.0000 -0.0095
619.0000 0.0090
620.0000 0.0270
621.0000 0.0445
622.0000 0.0616
623.0000 0.0781
624.0000 0.0943
625.0000 0.1099
626.0000 0.1252
627.0000 0.1400
628.0000 0.1545
629.0000 0.1685
630.0000 0.1821
631.0000 0.1954
632.0000 0.2083
633.0000 0.2209
634.0000 0.2331
635.0000 0.2450
636.0000 0.2565
637.0000 0.2678
638.0000 0.2787
639.0000 0.2893
640.0000 0.2997
641.0000 0.3097
642.0000 0.3195
643.0000 0.3290
644.0000 0.3382
645.0000 0.3472
646.0000 0.3560
647.0000 0.3645
648.0000 0.3728
649.0000 0.3808
650.0000 0.3887
651.0000 0.3963
652.0000 0.4037
653.0000 0.4109
654.0000 0.4179
655.0000 0.4247
656.0000 0.4313
657.0000 0.4378
658.0000 0.4441
659.0000 0.4502
660.0000 0.4561
661.0000 0.4619
662.0000 0.4675
663.0000 0.4729
664.0000 0.4782
665.0000 0.4834
666.0000 0.4884
667.0000 0.4933
668.0000 0.4981
669.0000 0.5027
670.0000 0.5072
671.0000 0.5115
672.0000 0.5158
673.0000 0.5199
674.0000 0.5239
675.0000 0.5278
676.0000 0.5317
677.0000 0.5353
678.0000 0.5389
679.0000 0.5424
680.0000 0.5458
681.0000 0.5492
682.0000 0.5524
683.0000 0.5555
684.0000 0.5586
685.0000 0.5615
686.0000 0.5644
687.0000 0.5672
688.0000 0.5699
689.0000 0.5726
690.0000 0.5752
691.0000 0.5777
692.0000 0.5801
693.0000 0.5825
694.0000 0.5848
695.0000 0.5870
696.0000 0.5892
697.0000 0.5913
698.0000 0.5934
699.0000 0.5954
700.0000 0.5973
701.0000 0.5992
702.0000 0.6011
703.0000 0.6029
704.0000 0.6046
705.0000 0.6063
706.0000 0.6080
707.0000 0.6096
708.0000 0.6112
709.0000 0.6127
710.0000 0.6142
711.0000 0.6156
712.0000 0.6170
713.0000 0.6184
714.0000 0.6197
715.0000 0.6210
716.0000 0.6222
717.0000 0.6234
718.0000 0.6246
719.0000 0.6258
720.0000 0.6269
721.0000 0.6280
722.0000 0.6290
723.0000 0.6301
724.0000 0.6311
725.0000 0.6321
726.0000 0.6330
727.0000 0.6339
728.0000 0.6348
729.0000 0.6357
730.0000 0.6365
731.0000 0.6374
732.0000 0.6382
733.0000 0.6389
734.0000 0.6397
735.0000 0.6404
736.0000 0.6412
737.0000 0.6419
738.0000 0.6425
739.0000 0.6432
740.0000 0.6438
741.0000 0.6445
742.0000 0.6451
743.0000 0.6457
744.0000 0.6462
745.0000 0.6468
746.0000 0.6474
747.0000 0.6479
748.0000 0.6484
749.0000 0.6489
750.0000 0.6494
751.0000 0.6499
752.0000 0.6503
753.0000 0.6508
754.0000 0.6512
755.0000 0.6516
756.0000 0.6520
757.0000 0.6524
758.0000 0.6528
759.0000 0.6532
760.0000 0.6536
761.0000 0.6539
762.0000 0.6543
763.0000 0.6546
764.0000 0.6550
765.0000 0.6553
766.0000 0.6556
767.0000 0.6559
768.0000 0.6562
769.0000 0.6565
770.0000 0.6567
771.0000 0.6570
772.0000 0.6573
773.0000 0.6575
774.0000 0.6578
775.0000 0.6580
776.0000 0.6583
777.0000 0.6585
778.0000 0.6587
779.0000 0.6589
780.0000 0.6592
781.0000 0.6594
782.0000 0.6596
783.0000 0.6598
784.0000 0.6599
785.0000 0.6601
786.0000 0.6603
787.0000 0.6605
788.0000 0.6607
789.0000 0.6608
790.0000 0.6610
791.0000 0.6611
792.0000 0.6613
793.0000 0.6614
794.0000 0.6616
795.0000 0.6617
796.0000 0.6619
797.0000 0.6620
798.0000 0.6621
799.0000 0.6622
800.0000 0.6624
801.0000 0.6625
802.0000 0.6626
803.0000 0.6627
804.0000 0.6628
805.0000 0.6629
806.0000 0.6630
807.0000 0.6631
808.0000 0.6632
809.0000 0.6633
810.0000 0.6634
811.0000 0.6635
812.0000 0.6636
813.0000 0.6637
814.0000 0.6637
815.0000 0.6638
816.0000 0.6639
817.0000 0.6640
818.0000 0.6641
819.0000 0.6641
820.0000 0.6642
821.0000 0.6643
822.0000 0.6643
823.0000 0.6644
824.0000 0.6645
825.0000 0.6645
826.0000 0.6646
827.0000 0.6646
828.0000 0.6647
829.0000 0.6647
830.0000 0.6648
831.0000 0.6648
832.0000 0.6649
833.0000 0.6649
834.0000 0.6650
835.0000 0.6650
836.0000 0.6651
837.0000 0.6651
838.0000 0.6652
839.0000 0.6652
840.0000 0.6652
841.0000 0.6653
842.0000 0.6653
843.0000 0.6654
844.0000 0.6654
845.0000 0.6654
846.0000 0.6655
847.0000 0.6655
848.0000 0.6655
849.0000 0.6656
850.0000 0.6656
851.0000 0.6656
852.0000 0.6657
853.0000 0.6657
854.0000 0.6657
855.0000 0.6657
856.0000 0.6658
857.0000 0.6658
858.0000 0.6658
859.0000 0.6658
860.0000 0.6659
861.0000 0.6659
862.0000 0.6659
863.0000 0.6659
864.0000 0.6659
865.0000 0.6660
866.0000 0.6660
867.0000 0.6660
868.0000 0.6660
869.0000 0.6660
870.0000 0.6661
871.0000 0.6661
872.0000 0.6661
873.0000 0.6661
874.0000 0.6661
875.0000 0.6661
876.0000 0.6661
877.0000 0.6662
878.0000 0.6662
879.0000 0.6662
880.0000 0.6662
881.0000 0.6662
882.0000 0.6662
883.0000 0.6662
884.0000 0.6662
885.0000 0.6663
886.0000 0.6663
887.0000 0.6663
888.0000 0.6663
889.0000 0.6663
890.0000 0.6663
891.0000 0.6663
892.0000 0.6663
893.0000 0.6663
894.0000 0.6664
895.0000 0.6664
896.0000 0.6664
897.0000 0.6664
898.0000 0.6664
899.0000 0.6664
900.0000 0.6664
901.0000 0.6664
902.0000 0.6664
903.0000 0.6664
904.0000 0.6664
905.0000 0.6664
906.0000 0.6664
907.0000 0.6664
908.0000 0.6665
909.0000 0.6665
910.0000 0.6665
