1.0000 0.0000
2.0000 0.0000
3.0000 0.0000
4.0000 0.0000
5.0000 0.0000
6.0000 0.0000
7.0000 0.0000
8.0000 0.0000
9.0000 0.0000
10.0000 0.0000
11.0000 0.0000
12.0000 0.0000
13.0000 0.0000
14.0000 0.0000
15.0000 0.0000
16.0000 0.0000
17.0000 0.0000
18.0000 0.0000
19.0000 0.0000
20.0000 0.0000
21.0000 0.0000
22.0000 0.0000
23.0000 0.0000
24.0000 0.0000
25.0000 0.0000
26.0000 0.0000
27.0000 0.0000
28.0000 0.0000
29.0000 0.0000
30.0000 0.0000
31.0000 0.0000
32.0000 0.0000
33.0000 0.0000
34.0000 0.0000
35.0000 0.0000
36.0000 0.0000
37.0000 0.0000
38.0000 0.0000
39.0000 0.0000
40.0000 0.0000
41.0000 0.0000
42.0000 0.0000
43.0000 0.0000
44.0000 0.0000
45.0000 0.0000
46.0000 0.0000
47.0000 0.0000
48.0000 0.0000
49.0000 0.0000
50.0000 0.0000
51.0000 0.0000
52.0000 0.0000
53.0000 0.0000
54.0000 0.0000
55.0000 0.0000
56.0000 0.0000
57.0000 0.0000
58.0000 0.0000
59.0000 0.0000
60.0000 0.0000
61.0000 0.0000
62.0000 0.0000
63.0000 0.0000
64.0000 0.0000
65.0000 0.0000
66.0000 0.0000
67.0000 0.0000
68.0000 0.0000
69.0000 0.0000
70.0000 0.0000
71.0000 0.0000
72.0000 0.0000
73.0000 0.0000
74.0000 0.0000
75.0000 0.0000
76.0000 0.0000
77.0000 0.0000
78.0000 0.0000
79.0000 0.0000
80.0000 0.0000
81.0000 0.0000
82.0000 0.0000
83.0000 0.0000
84.0000 0.0000
85.0000 0.0000
86.0000 0.0000
87.0000 0.0000
88.0000 0.0000
89.0000 0.0000
90.0000 0.0000
91.0000 0.0000
92.0000 0.0000
93.0000 0.0000
94.0000 0.0000
95.0000 0.0000
96.0000 0.0000
97.0000 0.0000
98.0000 0.0000
99.0000 0.0000
100.0000 0.0000
101.0000 0.0000
102.0000 0.0000
103.0000 0.0000
104.0000 0.0000
105.0000 0.0000
106.0000 0.0000
107.0000 0.0000
108.0000 0.0000
109.0000 0.0000
110.0000 0.0000
111.0000 0.0000
112.0000 0.0000
113.0000 0.0000
114.0000 0.0000
115.0000 0.0000
116.0000 0.0000
117.0000 0.0000
118.0000 0.0000
119.0000 0.0000
120.0000 0.0000
121.0000 0.0000
122.0000 0.0000
123.0000 0.0000
124.0000 0.0000
125.0000 0.0000
126.0000 0.0000
127.0000 0.0000
128.0000 0.0000
129.0000 0.0000
130.0000 0.0000
131.0000 0.0000
132.0000 0.0000
133.0000 0.0000
134.0000 0.0000
135.0000 0.0000
136.0000 0.0000
137.0000 0.0000
138.0000 0.0000
139.0000 0.0000
140.0000 0.0000
141.0000 0.0000
142.0000 0.0000
143.0000 0.0000
144.0000 0.0000
145.0000 0.0000
146.0000 0.0000
147.0000 0.0000
148.0000 0.0000
149.0000 0.0000
150.0000 0.0000
151.0000 0.0000
152.0000 0.0000
153.0000 0.0000
154.0000 0.0000
155.0000 0.0000
156.0000 0.0000
157.0000 0.0000
158.0000 0.0000
159.0000 0.0000
160.0000 0.0000
161.0000 0.0000
162.0000 0.0000
163.0000 0.0000
164.0000 0.0000
165.0000 0.0000
166.0000 0.0000
167.0000 0.0000
168.0000 0.0000
169.0000 0.0000
170.0000 0.0000
171.0000 0.0000
172.0000 0.0000
173.0000 0.0000
174.0000 0.0000
175.0000 0.0000
176.0000 0.0000
177.0000 0.0000
178.0000 0.0000
179.0000 0.0000
180.0000 0.0000
181.0000 0.0000
182.0000 0.0000
183.0000 0.0000
184.0000 0.0000
185.0000 0.0000
186.0000 0.0000
187.0000 0.0000
188.0000 0.0000
189.0000 0.0000
190.0000 0.0000
191.0000 0.0000
192.0000 0.0000
193.0000 0.0000
194.0000 0.0000
195.0000 0.0000
196.0000 0.0000
197.0000 0.0000
198.0000 0.0000
199.0000 0.0000
200.0000 0.0000
201.0000 0.0000
202.0000 0.0000
203.0000 0.0000
204.0000 0.0000
205.0000 0.0000
206.0000 0.0000
207.0000 0.0000
208.0000 0.0000
209.0000 0.0000
210.0000 5.2426
211.0000 0.4164
212.0000 0.7779
213.0000 0.7514
214.0000 0.7539
215.0000 0.7542
216.0000 0.7547
217.0000 0.7552
218.0000 0.7557
219.0000 0.7562
220.0000 0.7567
221.0000 0.7572
222.0000 0.7577
223.0000 0.7582
224.0000 0.7586
225.0000 0.7591
226.0000 0.7596
227.0000 0.7601
228.0000 0.7605
229.0000 0.7610
230.0000 0.7615
231.0000 0.7619
232.0000 0.7624
233.0000 0.7628
234.0000 0.7633
235.0000 0.7638
236.0000 0.7642
237.0000 0.7647
238.0000 0.7651
239.0000 0.7656
240.0000 0.7660
241.0000 0.7665
242.0000 0.7669
243.0000 0.7673
244.0000 0.7678
245.0000 0.7682
246.0000 0.7687
247.0000 0.7691
248.0000 0.7695
249.0000 0.7699
250.0000 0.7704
251.0000 0.7708
252.0000 0.7712
253.0000 0.7716
254.0000 0.7721
255.0000 0.7725
256.0000 0.7729
257.0000 0.7733
258.0000 0.7737
259.0000 0.7741
260.0000 0.7746
261.0000 0.7750
262.0000 0.7754
263.0000 0.7758
264.0000 0.7762
265.0000 0.7766
266.0000 0.7770
267.0000 0.7774
268.0000 0.7778
269.0000 0.7782
270.0000 0.7786
271.0000 0.7789
272.0000 0.7793
273.0000 0.7797
274.0000 0.7801
275.0000 0.7805
276.0000 0.7809
277.0000 0.7813
278.0000 0.7816
279.0000 0.7820
280.0000 0.7824
281.0000 0.7828
282.0000 0.7831
283.0000 0.7835
284.0000 0.7839
285.0000 0.7842
286.0000 0.7846
287.0000 0.7850
288.0000 0.7853
289.0000 0.7857
290.0000 0.7861
291.0000 0.7864
292.0000 0.7868
293.0000 0.7871
294.0000 0.7875
295.0000 0.7878
296.0000 0.7882
297.0000 0.7885
298.0000 0.7889
299.0000 0.7892
300.0000 0.7896
301.0000 0.7899
302.0000 0.7903
303.0000 0.7906
304.0000 0.7909
305.0000 0.7913
306.0000 0.7916
307.0000 0.7920
308.0000 0.7923
309.0000 0.7926
310.0000 0.7930
311.0000 0.7933
312.0000 0.7936
313.0000 0.7939
314.0000 0.7943
315.0000 0.7946
316.0000 0.7949
317.0000 0.7952
318.0000 0.7955
319.0000 0.7959
320.0000 0.7962
321.0000 0.7965
322.0000 0.7968
323.0000 0.7971
324.0000 0.7974
325.0000 0.7977
326.0000 0.7981
327.0000 0.7984
328.0000 0.7987
329.0000 0.7990
330.0000 0.7993
331.0000 0.7996
332.0000 0.7999
333.0000 0.8002
334.0000 0.8005
335.0000 0.8008
336.0000 0.8011
337.0000 0.8014
338.0000 0.8017
339.0000 0.8019
340.0000 0.8022
341.0000 0.8025
342.0000 0.8028
343.0000 0.8031
344.0000 0.8034
345.0000 0.8037
346.0000 0.8039
347.0000 0.8042
348.0000 0.8045
349.0000 0.8048
350.0000 0.8051
351.0000 0.8053
352.0000 0.8056
353.0000 0.8059
354.0000 0.8062
355.0000 0.8064
356.0000 0.8067
357.0000 0.8070
358.0000 0.8073
359.0000 0.8075
360.0000 0.8078
361.0000 0.8081
362.0000 0.8083
363.0000 0.8086
364.0000 0.8088
365.0000 0.8091
366.0000 0.8094
367.0000 0.8096
368.0000 0.8099
369.0000 0.8101
370.0000 0.8104
371.0000 0.8106
372.0000 0.8109
373.0000 0.8111
374.0000 0.8114
375.0000 0.8116
376.0000 0.8119
377.0000 0.8121
378.0000 0.8124
379.0000 0.8126
380.0000 0.8129
381.0000 0.8131
382.0000 0.8134
383.0000 0.8136
384.0000 0.8139
385.0000 0.8141
386.0000 0.8143
387.0000 0.8146
388.0000 0.8148
389.0000 0.8150
390.0000 0.8153
391.0000 0.8155
392.0000 0.8157
393.0000 0.8160
394.0000 0.8162
395.0000 0.8164
396.0000 0.8167
397.0000 0.8169
398.0000 0.8171
399.0000 0.8173
400.0000 0.8176
401.0000 0.8178
402.0000 0.8180
403.0000 0.8182
404.0000 0.8184
405.0000 0.8187
406.0000 0.8189
407.0000 0.8191
408.0000 0.8193
409.0000 0.8195
410.0000 0.8197
411.0000 0.8200
412.0000 0.8202
413.0000 0.8204
414.0000 0.8206
415.0000 0.8208
416.0000 0.8210
417.0000 0.8212
418.0000 0.8214
419.0000 0.8216
420.0000 0.8218
421.0000 0.8221
422.0000 0.8223
423.0000 0.8225
424.0000 0.8227
425.0000 0.8229
426.0000 0.8231
427.0000 0.8233
428.0000 0.8235
429.0000 0.8237
430.0000 0.8239
431.0000 0.8241
432.0000 0.8243
433.0000 0.8244
434.0000 0.8246
435.0000 0.8248
436.0000 0.8250
437.0000 0.8252
438.0000 0.8254
439.0000 0.8256
440.0000 0.8258
441.0000 0.8260
442.0000 0.8262
443.0000 0.8263
444.0000 0.8265
445.0000 0.8267
446.0000 0.8269
447.0000 0.8271
448.0000 0.8273
449.0000 0.8274
450.0000 0.8276
451.0000 0.8278
452.0000 0.8280
453.0000 0.8282
454.0000 0.8283
455.0000 0.8285
456.0000 0.8287
457.0000 0.8289
458.0000 0.8290
459.0000 0.8292
460.0000 0.8294
461.0000 0.8296
462.0000 0.8297
463.0000 0.8299
464.0000 0.8301
465.0000 0.8303
466.0000 0.8304
467.0000 0.8306
468.0000 0.8308
469.0000 0.8309
470.0000 0.8311
471.0000 0.8313
472.0000 0.8314
473.0000 0.8316
474.0000 0.8317
475.0000 0.8319
476.0000 0.8321
477.0000 0.8322
478.0000 0.8324
479.0000 0.8325
480.0000 0.8327
481.0000 0.8329
482.0000 0.8330
483.0000 0.8332
484.0000 0.8333
485.0000 0.8335
486.0000 0.8336
487.0000 0.8338
488.0000 0.8340
489.0000 0.8341
490.0000 0.8343
491.0000 0.8344
492.0000 0.8346
493.0000 0.8347
494.0000 0.8349
495.0000 0.8350
496.0000 0.8352
497.0000 0.8353
498.0000 0.8355
499.0000 0.8356
500.0000 0.8357
501.0000 0.8359
502.0000 0.8360
503.0000 0.8362
504.0000 0.8363
505.0000 0.8365
506.0000 0.8366
507.0000 0.8368
508.0000 0.8369
509.0000 0.8370
510.0000 -9.6480
511.0000 0.0045
512.0000 -0.7183
513.0000 -0.6652
514.0000 -0.6701
515.0000 -0.6706
516.0000 -0.6715
517.0000 -0.6723
518.0000 -0.6732
519.0000 -0.6740
520.0000 -0.6749
521.0000 -0.6757
522.0000 -0.6765
523.0000 -0.6774
524.0000 -0.6782
525.0000 -0.6790
526.0000 -0.6798
527.0000 -0.6807
528.0000 -0.6815
529.0000 -0.6823
530.0000 -0.6831
531.0000 -0.6839
532.0000 -0.6847
533.0000 -0.6855
534.0000 -0.6863
535.0000 -0.6870
536.0000 -0.6878
537.0000 -0.6886
538.0000 -0.6894
539.0000 -0.6902
540.0000 -0.6909
541.0000 -0.6917
542.0000 -0.6925
543.0000 -0.6932
544.0000 -0.6940
545.0000 -0.6947
546.0000 -0.6955
547.0000 -0.6962
548.0000 -0.6970
549.0000 -0.6977
550.0000 -0.6985
551.0000 -0.6992
552.0000 -0.6999
553.0000 -0.7007
554.0000 -0.7014
555.0000 -0.7021
556.0000 -0.7028
557.0000 -0.7035
558.0000 -0.7042
559.0000 -0.7050
560.0000 -0.7057
561.0000 -0.7064
562.0000 -0.7071
563.0000 -0.7078
564.0000 -0.7085
565.0000 -0.7092
566.0000 -0.7098
567.0000 -0.7105
568.0000 -0.7112
569.0000 -0.7119
570.0000 -0.7126
571.0000 -0.7132
572.0000 -0.7139
573.0000 -0.7146
574.0000 -0.7153
575.0000 -0.7159
576.0000 -0.7166
577.0000 -0.7172
578.0000 -0.7179
579.0000 -0.7185
580.0000 -0.7192
581.0000 -0.7198
582.0000 -0.7205
583.0000 -0.7211
584.0000 -0.7218
585.0000 -0.7224
586.0000 -0.7230
587.0000 -0.7236
588.0000 -0.7243
589.0000 -0.7249
590.0000 -0.7255
591.0000 -0.7261
592.0000 -0.7268
593.0000 -0.7274
594.0000 -0.7280
595.0000 -0.7286
596.0000 -0.7292
597.0000 -0.7298
598.0000 -0.7304
599.0000 -0.7310
600.0000 -0.7316
601.0000 -0.7322
602.0000 -0.7328
603.0000 -0.7334
604.0000 -0.7339
605.0000 -0.7345
606.0000 -0.7351
607.0000 -0.7357
608.0000 -0.7363
609.0000 -0.7368
610.0000 -0.7374
611.0000 -0.7380
612.0000 -0.7385
613.0000 -0.7391
614.0000 -0.7397
615.0000 -0.7402
616.0000 -0.7408
617.0000 -0.7413
618.0000 -0.7419
619.0000 -0.7424
620.0000 -0.7430
621.0000 -0.7435
622.0000 -0.7441
623.0000 -0.7446
624.0000 -0.7451
625.0000 -0.7457
626.0000 -0.7462
627.0000 -0.7467
628.0000 -0.7473
629.0000 -0.7478
630.0000 -0.7483
631.0000 -0.7488
632.0000 -0.7493
633.0000 -0.7499
634.0000 -0.7504
635.0000 -0.7509
636.0000 -0.7514
637.0000 -0.7519
638.0000 -0.7524
639.0000 -0.7529
640.0000 -0.7534
641.0000 -0.7539
642.0000 -0.7544
643.0000 -0.7549
644.0000 -0.7554
645.0000 -0.7559
646.0000 -0.7564
647.0000 -0.7569
648.0000 -0.7573
649.0000 -0.7578
650.0000 -0.7583
651.0000 -0.7588
652.0000 -0.7593
653.0000 -0.7597
654.0000 -0.7602
655.0000 -0.7607
656.0000 -0.7611
657.0000 -0.7616
658.0000 -0.7621
659.0000 -0.7625
660.0000 -0.7630
661.0000 -0.7635
662.0000 -0.7639
663.0000 -0.7644
664.0000 -0.7648
665.0000 -0.7653
666.0000 -0.7657
667.0000 -0.7662
668.0000 -0.7666
669.0000 -0.7670
670.0000 -0.7675
671.0000 -0.7679
672.0000 -0.7684
673.0000 -0.7688
674.0000 -0.7692
675.0000 -0.7697
676.0000 -0.7701
677.0000 -0.7705
678.0000 -0.7709
679.0000 -0.7714
680.0000 -0.7718
681.0000 -0.7722
682.0000 -0.7726
683.0000 -0.7730
684.0000 -0.7735
685.0000 -0.7739
686.0000 -0.7743
687.0000 -0.7747
688.0000 -0.7751
689.0000 -0.7755
690.0000 -0.7759
691.0000 -0.7763
692.0000 -0.7767
693.0000 -0.7771
694.0000 -0.7775
695.0000 -0.7779
696.0000 -0.7783
697.0000 -0.7787
698.0000 -0.7791
699.0000 -0.7795
700.0000 -0.7798
701.0000 -0.7802
702.0000 -0.7806
703.0000 -0.7810
704.0000 -0.7814
705.0000 -0.7818
706.0000 -0.7821
707.0000 -0.7825
708.0000 -0.7829
709.0000 -0.7833
710.0000 -0.7836
711.0000 -0.7840
712.0000 -0.7844
713.0000 -0.7847
714.0000 -0.7851
715.0000 -0.7855
716.0000 -0.7858
717.0000 -0.7862
718.0000 -0.7865
719.0000 -0.7869
720.0000 -0.7872
721.0000 -0.7876
722.0000 -0.7880
723.0000 -0.7883
724.0000 -0.7887
725.0000 -0.7890
726.0000 -0.7893
727.0000 -0.7897
728.0000 -0.7900
729.0000 -0.7904
730.0000 -0.7907
731.0000 -0.7911
732.0000 -0.7914
733.0000 -0.7917
734.0000 -0.7921
735.0000 -0.7924
736.0000 -0.7927
737.0000 -0.7931
738.0000 -0.7934
739.0000 -0.7937
740.0000 -0.7940
741.0000 -0.7944
742.0000 -0.7947
743.0000 -0.7950
744.0000 -0.7953
745.0000 -0.7956
746.0000 -0.7960
747.0000 -0.7963
748.0000 -0.7966
749.0000 -0.7969
750.0000 -0.7972
751.0000 -0.7975
752.0000 -0.7978
753.0000 -0.7981
754.0000 -0.7985
755.0000 -0.7988
756.0000 -0.7991
757.0000 -0.7994
758.0000 -0.7997
759.0000 -0.8000
760.0000 -0.8003
761.0000 -0.8006
762.0000 -0.8009
763.0000 -0.8012
764.0000 -0.8015
765.0000 -0.8017
766.0000 -0.8020
767.0000 -0.8023
768.0000 -0.8026
769.0000 -0.8029
770.0000 -0.8032
771.0000 -0.8035
772.0000 -0.8038
773.0000 -0.8040
774.0000 -0.8043
775.0000 -0.8046
776.0000 -0.8049
777.0000 -0.8052
778.0000 -0.8054
779.0000 -0.8057
780.0000 -0.8060
781.0000 -0.8063
782.0000 -0.8065
783.0000 -0.8068
784.0000 -0.8071
785.0000 -0.8073
786.0000 -0.8076
787.0000 -0.8079
788.0000 -0.8081
789.0000 -0.8084
790.0000 -0.8087
791.0000 -0.8089
792.0000 -0.8092
793.0000 -0.8094
794.0000 -0.8097
795.0000 -0.8100
796.0000 -0.8102
797.0000 -0.8105
798.0000 -0.8107
799.0000 -0.8110
800.0000 -0.8112
801.0000 -0.8115
802.0000 -0.8117
803.0000 -0.8120
804.0000 -0.8122
805.0000 -0.8125
806.0000 -0.8127
807.0000 -0.8130
808.0000 -0.8132
809.0000 -0.8134
810.0000 14.9140
811.0000 0.4354
812.0000 1.5194
813.0000 1.4397
814.0000 1.4470
815.0000 1.4478
816.0000 1.4491
817.0000 1.4504
818.0000 1.4516
819.0000 1.4528
820.0000 1.4541
821.0000 1.4553
822.0000 1.4565
823.0000 1.4577
824.0000 1.4589
825.0000 1.4601
826.0000 1.4613
827.0000 1.4625
828.0000 1.4637
829.0000 1.4649
830.0000 1.4661
831.0000 1.4673
832.0000 1.4684
833.0000 1.4696
834.0000 1.4707
835.0000 1.4719
836.0000 1.4730
837.0000 1.4742
838.0000 1.4753
839.0000 1.4765
840.0000 1.4776
841.0000 1.4787
842.0000 1.4798
843.0000 1.4809
844.0000 1.4821
845.0000 1.4832
846.0000 1.4843
847.0000 1.4853
848.0000 1.4864
849.0000 1.4875
850.0000 1.4886
851.0000 1.4897
852.0000 1.4908
853.0000 1.4918
854.0000 1.4929
855.0000 1.4939
856.0000 1.4950
857.0000 1.4960
858.0000 1.4971
859.0000 1.4981
860.0000 1.4992
861.0000 1.5002
862.0000 1.5012
863.0000 1.5022
864.0000 1.5033
865.0000 1.5043
866.0000 1.5053
867.0000 1.5063
868.0000 1.5073
869.0000 1.5083
870.0000 1.5093
871.0000 1.5103
872.0000 1.5112
873.0000 1.5122
874.0000 1.5132
875.0000 1.5142
876.0000 1.5151
877.0000 1.5161
878.0000 1.5171
879.0000 1.5180
880.0000 1.5190
881.0000 1.5199
882.0000 1.5208
883.0000 1.5218
884.0000 1.5227
885.0000 1.5236
886.0000 1.5246
887.0000 1.5255
888.0000 1.5264
889.0000 1.5273
890.0000 1.5282
891.0000 1.5291
892.0000 1.5300
893.0000 1.5309
894.0000 1.5318
895.0000 1.5327
896.0000 1.5336
897.0000 1.5345
898.0000 1.5354
899.0000 1.5362
900.0000 1.5371
901.0000 1.5380
902.0000 1.5388
903.0000 1.5397
904.0000 1.5406
905.0000 1.5414
906.0000 1.5423
907.0000 1.5431
908.0000 1.5440
909.0000 1.5448
910.0000 1.5456
