1.0000 0.0000
2.0000 0.0000
3.0000 0.0000
4.0000 0.0000
5.0000 0.0000
6.0000 0.0000
7.0000 0.0000
8.0000 0.0000
9.0000 0.0000
10.0000 0.0000
11.0000 0.0000
12.0000 0.0000
13.0000 0.0000
14.0000 0.0000
15.0000 0.0000
16.0000 0.0000
17.0000 0.0000
18.0000 0.0000
19.0000 0.0000
20.0000 0.0000
21.0000 0.0000
22.0000 0.0000
23.0000 0.0000
24.0000 0.0000
25.0000 0.0000
26.0000 0.0000
27.0000 0.0000
28.0000 0.0000
29.0000 0.0000
30.0000 0.0000
31.0000 0.0000
32.0000 0.0000
33.0000 0.0000
34.0000 0.0000
35.0000 0.0000
36.0000 0.0000
37.0000 0.0000
38.0000 0.0000
39.0000 0.0000
40.0000 0.0000
41.0000 0.0000
42.0000 0.0000
43.0000 0.0000
44.0000 0.0000
45.0000 0.0000
46.0000 0.0000
47.0000 0.0000
48.0000 0.0000
49.0000 0.0000
50.0000 0.0000
51.0000 0.0000
52.0000 0.0000
53.0000 0.0000
54.0000 0.0000
55.0000 0.0000
56.0000 0.0000
57.0000 0.0000
58.0000 0.0000
59.0000 0.0000
60.0000 0.0000
61.0000 0.0000
62.0000 0.0000
63.0000 0.0000
64.0000 0.0000
65.0000 0.0000
66.0000 0.0000
67.0000 0.0000
68.0000 0.0000
69.0000 0.0000
70.0000 0.0000
71.0000 0.0000
72.0000 0.0000
73.0000 0.0000
74.0000 0.0000
75.0000 0.0000
76.0000 0.0000
77.0000 0.0000
78.0000 0.0000
79.0000 0.0000
80.0000 0.0000
81.0000 0.0000
82.0000 0.0000
83.0000 0.0000
84.0000 0.0000
85.0000 0.0000
86.0000 0.0000
87.0000 0.0000
88.0000 0.0000
89.0000 0.0000
90.0000 0.0000
91.0000 0.0000
92.0000 0.0000
93.0000 0.0000
94.0000 0.0000
95.0000 0.0000
96.0000 0.0000
97.0000 0.0000
98.0000 0.0000
99.0000 0.0000
100.0000 0.0000
101.0000 0.0000
102.0000 0.0000
103.0000 0.0000
104.0000 0.0000
105.0000 0.0000
106.0000 0.0000
107.0000 0.0000
108.0000 0.0000
109.0000 0.0000
110.0000 0.0000
111.0000 0.0000
112.0000 0.0000
113.0000 0.0000
114.0000 0.0000
115.0000 0.0000
116.0000 0.0000
117.0000 0.0000
118.0000 0.0000
119.0000 0.0000
120.0000 0.0000
121.0000 0.0000
122.0000 0.0000
123.0000 0.0000
124.0000 0.0000
125.0000 0.0000
126.0000 0.0000
127.0000 0.0000
128.0000 0.0000
129.0000 0.0000
130.0000 0.0000
131.0000 0.0000
132.0000 0.0000
133.0000 0.0000
134.0000 0.0000
135.0000 0.0000
136.0000 0.0000
137.0000 0.0000
138.0000 0.0000
139.0000 0.0000
140.0000 0.0000
141.0000 0.0000
142.0000 0.0000
143.0000 0.0000
144.0000 0.0000
145.0000 0.0000
146.0000 0.0000
147.0000 0.0000
148.0000 0.0000
149.0000 0.0000
150.0000 0.0000
151.0000 0.0000
152.0000 0.0000
153.0000 0.0000
154.0000 0.0000
155.0000 0.0000
156.0000 0.0000
157.0000 0.0000
158.0000 0.0000
159.0000 0.0000
160.0000 0.0000
161.0000 0.0000
162.0000 0.0000
163.0000 0.0000
164.0000 0.0000
165.0000 0.0000
166.0000 0.0000
167.0000 0.0000
168.0000 0.0000
169.0000 0.0000
170.0000 0.0000
171.0000 0.0000
172.0000 0.0000
173.0000 0.0000
174.0000 0.0000
175.0000 0.0000
176.0000 0.0000
177.0000 0.0000
178.0000 0.0000
179.0000 0.0000
180.0000 0.0000
181.0000 0.0000
182.0000 0.0000
183.0000 0.0000
184.0000 0.0000
185.0000 0.0000
186.0000 0.0000
187.0000 0.0000
188.0000 0.0000
189.0000 0.0000
190.0000 0.0000
191.0000 0.0000
192.0000 0.0000
193.0000 0.0000
194.0000 0.0000
195.0000 0.0000
196.0000 0.0000
197.0000 0.0000
198.0000 0.0000
199.0000 0.0000
200.0000 0.0000
201.0000 0.0000
202.0000 0.0000
203.0000 0.0000
204.0000 0.0000
205.0000 0.0000
206.0000 0.0000
207.0000 0.0000
208.0000 0.0000
209.0000 0.0000
210.0000 0.0000
211.0000 2.4754
212.0000 1.6980
213.0000 1.3972
214.0000 1.2022
215.0000 1.0851
216.0000 1.0143
217.0000 0.9716
218.0000 0.9459
219.0000 0.9305
220.0000 0.9215
221.0000 0.9162
222.0000 0.9132
223.0000 0.9116
224.0000 0.9109
225.0000 0.9107
226.0000 0.9108
227.0000 0.9111
228.0000 0.9115
229.0000 0.9119
230.0000 0.9124
231.0000 0.9129
232.0000 0.9135
233.0000 0.9140
234.0000 0.9146
235.0000 0.9151
236.0000 0.9157
237.0000 0.9162
238.0000 0.9168
239.0000 0.9173
240.0000 0.9178
241.0000 0.9184
242.0000 0.9189
243.0000 0.9195
244.0000 0.9200
245.0000 0.9205
246.0000 0.9210
247.0000 0.9216
248.0000 0.9221
249.0000 0.9226
250.0000 0.9231
251.0000 0.9237
252.0000 0.9242
253.0000 0.9247
254.0000 0.9252
255.0000 0.9257
256.0000 0.9262
257.0000 0.9267
258.0000 0.9272
259.0000 0.9277
260.0000 0.9282
261.0000 0.9287
262.0000 0.9292
263.0000 0.9297
264.0000 0.9302
265.0000 0.9307
266.0000 0.9311
267.0000 0.9316
268.0000 0.9321
269.0000 0.9326
270.0000 0.9331
271.0000 0.9335
272.0000 0.9340
273.0000 0.9345
274.0000 0.9349
275.0000 0.9354
276.0000 0.9359
277.0000 0.9363
278.0000 0.9368
279.0000 0.9373
280.0000 0.9377
281.0000 0.9382
282.0000 0.9386
283.0000 0.9391
284.0000 0.9395
285.0000 0.9400
286.0000 0.9404
287.0000 0.9409
288.0000 0.9413
289.0000 0.9417
290.0000 0.9422
291.0000 0.9426
292.0000 0.9430
293.0000 0.9435
294.0000 0.9439
295.0000 0.9443
296.0000 0.9448
297.0000 0.9452
298.0000 0.9456
299.0000 0.9460
300.0000 0.9464
301.0000 0.9469
302.0000 0.9473
303.0000 0.9477
304.0000 0.9481
305.0000 0.9485
306.0000 0.9489
307.0000 0.9493
308.0000 0.9497
309.0000 0.9501
310.0000 0.9505
311.0000 0.9509
312.0000 0.9513
313.0000 0.9517
314.0000 0.9521
315.0000 0.9525
316.0000 0.9529
317.0000 0.9533
318.0000 0.9537
319.0000 0.9541
320.0000 0.9544
321.0000 0.9548
322.0000 0.9552
323.0000 0.9556
324.0000 0.9560
325.0000 0.9563
326.0000 0.9567
327.0000 0.9571
328.0000 0.9575
329.0000 0.9578
330.0000 0.9582
331.0000 0.9586
332.0000 0.9589
333.0000 0.9593
334.0000 0.9597
335.0000 0.9600
336.0000 0.9604
337.0000 0.9607
338.0000 0.9611
339.0000 0.9614
340.0000 0.9618
341.0000 0.9621
342.0000 0.9625
343.0000 0.9628
344.0000 0.9632
345.0000 0.9635
346.0000 0.9639
347.0000 0.9642
348.0000 0.9646
349.0000 0.9649
350.0000 0.9652
351.0000 0.9656
352.0000 0.9659
353.0000 0.9662
354.0000 0.9666
355.0000 0.9669
356.0000 0.9672
357.0000 0.9676
358.0000 0.9679
359.0000 0.9682
360.0000 0.9685
361.0000 0.9688
362.0000 0.9692
363.0000 0.9695
364.0000 0.9698
365.0000 0.9701
366.0000 0.9704
367.0000 0.9708
368.0000 0.9711
369.0000 0.9714
370.0000 0.9717
371.0000 0.9720
372.0000 0.9723
373.0000 0.9726
374.0000 0.9729
375.0000 0.9732
376.0000 0.9735
377.0000 0.9738
378.0000 0.9741
379.0000 0.9744
380.0000 0.9747
381.0000 0.9750
382.0000 0.9753
383.0000 0.9756
384.0000 0.9759
385.0000 0.9762
386.0000 0.9765
387.0000 0.9767
388.0000 0.9770
389.0000 0.9773
390.0000 0.9776
391.0000 0.9779
392.0000 0.9782
393.0000 0.9785
394.0000 0.9787
395.0000 0.9790
396.0000 0.9793
397.0000 0.9796
398.0000 0.9798
399.0000 0.9801
400.0000 0.9804
401.0000 0.9807
402.0000 0.9809
403.0000 0.9812
404.0000 0.9815
405.0000 0.9817
406.0000 0.9820
407.0000 0.9823
408.0000 0.9825
409.0000 0.9828
410.0000 0.9830
411.0000 0.9833
412.0000 0.9836
413.0000 0.9838
414.0000 0.9841
415.0000 0.9843
416.0000 0.9846
417.0000 0.9848
418.0000 0.9851
419.0000 0.9853
420.0000 0.9856
421.0000 0.9858
422.0000 0.9861
423.0000 0.9863
424.0000 0.9866
425.0000 0.9868
426.0000 0.9871
427.0000 0.9873
428.0000 0.9875
429.0000 0.9878
430.0000 0.9880
431.0000 0.9883
432.0000 0.9885
433.0000 0.9887
434.0000 0.9890
435.0000 0.9892
436.0000 0.9894
437.0000 0.9897
438.0000 0.9899
439.0000 0.9901
440.0000 0.9904
441.0000 0.9906
442.0000 0.9908
443.0000 0.9910
444.0000 0.9913
445.0000 0.9915
446.0000 0.9917
447.0000 0.9919
448.0000 0.9922
449.0000 0.9924
450.0000 0.9926
451.0000 0.9928
452.0000 0.9930
453.0000 0.9933
454.0000 0.9935
455.0000 0.9937
456.0000 0.9939
457.0000 0.9941
458.0000 0.9943
459.0000 0.9945
460.0000 0.9947
461.0000 0.9950
462.0000 0.9952
463.0000 0.9954
464.0000 0.9956
465.0000 0.9958
466.0000 0.9960
467.0000 0.9962
468.0000 0.9964
469.0000 0.9966
470.0000 0.9968
471.0000 0.9970
472.0000 0.9972
473.0000 0.9974
474.0000 0.9976
475.0000 0.9978
476.0000 0.9980
477.0000 0.9982
478.0000 0.9984
479.0000 0.9986
480.0000 0.9988
481.0000 0.9990
482.0000 0.9991
483.0000 0.9993
484.0000 0.9995
485.0000 0.9997
486.0000 0.9999
487.0000 1.0001
488.0000 1.0003
489.0000 1.0005
490.0000 1.0006
491.0000 1.0008
492.0000 1.0010
493.0000 1.0012
494.0000 1.0014
495.0000 1.0016
496.0000 1.0017
497.0000 1.0019
498.0000 1.0021
499.0000 1.0023
500.0000 1.0025
501.0000 1.0026
502.0000 1.0028
503.0000 1.0030
504.0000 1.0032
505.0000 1.0033
506.0000 1.0035
507.0000 1.0037
508.0000 1.0038
509.0000 1.0040
510.0000 1.0042
511.0000 -3.9464
512.0000 -2.3915
513.0000 -1.7896
514.0000 -1.3995
515.0000 -1.1652
516.0000 -1.0234
517.0000 -0.9378
518.0000 -0.8862
519.0000 -0.8554
520.0000 -0.8371
521.0000 -0.8264
522.0000 -0.8203
523.0000 -0.8169
524.0000 -0.8153
525.0000 -0.8147
526.0000 -0.8148
527.0000 -0.8152
528.0000 -0.8158
529.0000 -0.8166
530.0000 -0.8174
531.0000 -0.8183
532.0000 -0.8192
533.0000 -0.8202
534.0000 -0.8211
535.0000 -0.8221
536.0000 -0.8230
537.0000 -0.8239
538.0000 -0.8249
539.0000 -0.8258
540.0000 -0.8268
541.0000 -0.8277
542.0000 -0.8286
543.0000 -0.8295
544.0000 -0.8305
545.0000 -0.8314
546.0000 -0.8323
547.0000 -0.8332
548.0000 -0.8341
549.0000 -0.8350
550.0000 -0.8359
551.0000 -0.8368
552.0000 -0.8377
553.0000 -0.8385
554.0000 -0.8394
555.0000 -0.8403
556.0000 -0.8412
557.0000 -0.8420
558.0000 -0.8429
559.0000 -0.8438
560.0000 -0.8446
561.0000 -0.8455
562.0000 -0.8463
563.0000 -0.8472
564.0000 -0.8480
565.0000 -0.8489
566.0000 -0.8497
567.0000 -0.8505
568.0000 -0.8514
569.0000 -0.8522
570.0000 -0.8530
571.0000 -0.8538
572.0000 -0.8546
573.0000 -0.8554
574.0000 -0.8563
575.0000 -0.8571
576.0000 -0.8579
577.0000 -0.8587
578.0000 -0.8595
579.0000 -0.8602
580.0000 -0.8610
581.0000 -0.8618
582.0000 -0.8626
583.0000 -0.8634
584.0000 -0.8641
585.0000 -0.8649
586.0000 -0.8657
587.0000 -0.8664
588.0000 -0.8672
589.0000 -0.8680
590.0000 -0.8687
591.0000 -0.8695
592.0000 -0.8702
593.0000 -0.8710
594.0000 -0.8717
595.0000 -0.8724
596.0000 -0.8732
597.0000 -0.8739
598.0000 -0.8746
599.0000 -0.8754
600.0000 -0.8761
601.0000 -0.8768
602.0000 -0.8775
603.0000 -0.8782
604.0000 -0.8789
605.0000 -0.8796
606.0000 -0.8803
607.0000 -0.8810
608.0000 -0.8817
609.0000 -0.8824
610.0000 -0.8831
611.0000 -0.8838
612.0000 -0.8845
613.0000 -0.8852
614.0000 -0.8859
615.0000 -0.8865
616.0000 -0.8872
617.0000 -0.8879
618.0000 -0.8886
619.0000 -0.8892
620.0000 -0.8899
621.0000 -0.8905
622.0000 -0.8912
623.0000 -0.8919
624.0000 -0.8925
625.0000 -0.8932
626.0000 -0.8938
627.0000 -0.8944
628.0000 -0.8951
629.0000 -0.8957
630.0000 -0.8964
631.0000 -0.8970
632.0000 -0.8976
633.0000 -0.8982
634.0000 -0.8989
635.0000 -0.8995
636.0000 -0.9001
637.0000 -0.9007
638.0000 -0.9013
639.0000 -0.9019
640.0000 -0.9026
641.0000 -0.9032
642.0000 -0.9038
643.0000 -0.9044
644.0000 -0.9050
645.0000 -0.9056
646.0000 -0.9061
647.0000 -0.9067
648.0000 -0.9073
649.0000 -0.9079
650.0000 -0.9085
651.0000 -0.9091
652.0000 -0.9097
653.0000 -0.9102
654.0000 -0.9108
655.0000 -0.9114
656.0000 -0.9119
657.0000 -0.9125
658.0000 -0.9131
659.0000 -0.9136
660.0000 -0.9142
661.0000 -0.9147
662.0000 -0.9153
663.0000 -0.9158
664.0000 -0.9164
665.0000 -0.9169
666.0000 -0.9175
667.0000 -0.9180
668.0000 -0.9186
669.0000 -0.9191
670.0000 -0.9196
671.0000 -0.9202
672.0000 -0.9207
673.0000 -0.9212
674.0000 -0.9217
675.0000 -0.9223
676.0000 -0.9228
677.0000 -0.9233
678.0000 -0.9238
679.0000 -0.9243
680.0000 -0.9248
681.0000 -0.9254
682.0000 -0.9259
683.0000 -0.9264
684.0000 -0.9269
685.0000 -0.9274
686.0000 -0.9279
687.0000 -0.9284
688.0000 -0.9289
689.0000 -0.9294
690.0000 -0.9298
691.0000 -0.9303
692.0000 -0.9308
693.0000 -0.9313
694.0000 -0.9318
695.0000 -0.9323
696.0000 -0.9327
697.0000 -0.9332
698.0000 -0.9337
699.0000 -0.9342
700.0000 -0.9346
701.0000 -0.9351
702.0000 -0.9356
703.0000 -0.9360
704.0000 -0.9365
705.0000 -0.9369
706.0000 -0.9374
707.0000 -0.9379
708.0000 -0.9383
709.0000 -0.9388
710.0000 -0.9392
711.0000 -0.9397
712.0000 -0.9401
713.0000 -0.9406
714.0000 -0.9410
715.0000 -0.9414
716.0000 -0.9419
717.0000 -0.9423
718.0000 -0.9427
719.0000 -0.9432
720.0000 -0.9436
721.0000 -0.9440
722.0000 -0.9445
723.0000 -0.9449
724.0000 -0.9453
725.0000 -0.9457
726.0000 -0.9462
727.0000 -0.9466
728.0000 -0.9470
729.0000 -0.9474
730.0000 -0.9478
731.0000 -0.9482
732.0000 -0.9486
733.0000 -0.9490
734.0000 -0.9494
735.0000 -0.9499
736.0000 -0.9503
737.0000 -0.9507
738.0000 -0.9511
739.0000 -0.9515
740.0000 -0.9518
741.0000 -0.9522
742.0000 -0.9526
743.0000 -0.9530
744.0000 -0.9534
745.0000 -0.9538
746.0000 -0.9542
747.0000 -0.9546
748.0000 -0.9549
749.0000 -0.9553
750.0000 -0.9557
751.0000 -0.9561
752.0000 -0.9565
753.0000 -0.9568
754.0000 -0.9572
755.0000 -0.9576
756.0000 -0.9579
757.0000 -0.9583
758.0000 -0.9587
759.0000 -0.9590
760.0000 -0.9594
761.0000 -0.9598
762.0000 -0.9601
763.0000 -0.9605
764.0000 -0.9608
765.0000 -0.9612
766.0000 -0.9615
767.0000 -0.9619
768.0000 -0.9623
769.0000 -0.9626
770.0000 -0.9629
771.0000 -0.9633
772.0000 -0.9636
773.0000 -0.9640
774.0000 -0.9643
775.0000 -0.9647
776.0000 -0.9650
777.0000 -0.9653
778.0000 -0.9657
779.0000 -0.9660
780.0000 -0.9663
781.0000 -0.9667
782.0000 -0.9670
783.0000 -0.9673
784.0000 -0.9677
785.0000 -0.9680
786.0000 -0.9683
787.0000 -0.9686
788.0000 -0.9690
789.0000 -0.9693
790.0000 -0.9696
791.0000 -0.9699
792.0000 -0.9702
793.0000 -0.9705
794.0000 -0.9709
795.0000 -0.9712
796.0000 -0.9715
797.0000 -0.9718
798.0000 -0.9721
799.0000 -0.9724
800.0000 -0.9727
801.0000 -0.9730
802.0000 -0.9733
803.0000 -0.9736
804.0000 -0.9739
805.0000 -0.9742
806.0000 -0.9745
807.0000 -0.9748
808.0000 -0.9751
809.0000 -0.9754
810.0000 -0.9757
811.0000 6.4501
812.0000 4.1177
813.0000 3.2149
814.0000 2.6297
815.0000 2.2783
816.0000 2.0655
817.0000 1.9370
818.0000 1.8597
819.0000 1.8133
820.0000 1.7858
821.0000 1.7697
822.0000 1.7605
823.0000 1.7555
824.0000 1.7531
825.0000 1.7521
826.0000 1.7522
827.0000 1.7527
828.0000 1.7536
829.0000 1.7548
830.0000 1.7560
831.0000 1.7573
832.0000 1.7586
833.0000 1.7600
834.0000 1.7614
835.0000 1.7628
836.0000 1.7641
837.0000 1.7655
838.0000 1.7669
839.0000 1.7683
840.0000 1.7696
841.0000 1.7710
842.0000 1.7724
843.0000 1.7737
844.0000 1.7751
845.0000 1.7764
846.0000 1.7777
847.0000 1.7791
848.0000 1.7804
849.0000 1.7817
850.0000 1.7830
851.0000 1.7843
852.0000 1.7856
853.0000 1.7869
854.0000 1.7882
855.0000 1.7895
856.0000 1.7908
857.0000 1.7920
858.0000 1.7933
859.0000 1.7946
860.0000 1.7958
861.0000 1.7971
862.0000 1.7983
863.0000 1.7995
864.0000 1.8008
865.0000 1.8020
866.0000 1.8032
867.0000 1.8045
868.0000 1.8057
869.0000 1.8069
870.0000 1.8081
871.0000 1.8093
872.0000 1.8105
873.0000 1.8117
874.0000 1.8128
875.0000 1.8140
876.0000 1.8152
877.0000 1.8164
878.0000 1.8175
879.0000 1.8187
880.0000 1.8198
881.0000 1.8210
882.0000 1.8221
883.0000 1.8233
884.0000 1.8244
885.0000 1.8255
886.0000 1.8266
887.0000 1.8278
888.0000 1.8289
889.0000 1.8300
890.0000 1.8311
891.0000 1.8322
892.0000 1.8333
893.0000 1.8344
894.0000 1.8355
895.0000 1.8365
896.0000 1.8376
897.0000 1.8387
898.0000 1.8397
899.0000 1.8408
900.0000 1.8419
901.0000 1.8429
902.0000 1.8440
903.0000 1.8450
904.0000 1.8460
905.0000 1.8471
906.0000 1.8481
907.0000 1.8491
908.0000 1.8502
909.0000 1.8512
910.0000 1.8522
