1.0000 0.0000
2.0000 0.0000
3.0000 0.0000
4.0000 0.0000
5.0000 0.0000
6.0000 0.0000
7.0000 0.0000
8.0000 0.0000
9.0000 0.0000
10.0000 0.0000
11.0000 0.0000
12.0000 0.0000
13.0000 0.0000
14.0000 0.0000
15.0000 0.0000
16.0000 0.0000
17.0000 0.0000
18.0000 0.0000
19.0000 0.0000
20.0000 0.0000
21.0000 0.0000
22.0000 0.0000
23.0000 0.0000
24.0000 0.0000
25.0000 0.0000
26.0000 0.0000
27.0000 0.0000
28.0000 0.0000
29.0000 0.0000
30.0000 0.0000
31.0000 0.0000
32.0000 0.0000
33.0000 0.0000
34.0000 0.0000
35.0000 0.0000
36.0000 0.0000
37.0000 0.0000
38.0000 0.0000
39.0000 0.0000
40.0000 0.0000
41.0000 0.0000
42.0000 0.0000
43.0000 0.0000
44.0000 0.0000
45.0000 0.0000
46.0000 0.0000
47.0000 0.0000
48.0000 0.0000
49.0000 0.0000
50.0000 0.0000
51.0000 0.0000
52.0000 0.0000
53.0000 0.0000
54.0000 0.0000
55.0000 0.0000
56.0000 0.0000
57.0000 0.0000
58.0000 0.0000
59.0000 0.0000
60.0000 0.0000
61.0000 0.0000
62.0000 0.0000
63.0000 0.0000
64.0000 0.0000
65.0000 0.0000
66.0000 0.0000
67.0000 0.0000
68.0000 0.0000
69.0000 0.0000
70.0000 0.0000
71.0000 0.0000
72.0000 0.0000
73.0000 0.0000
74.0000 0.0000
75.0000 0.0000
76.0000 0.0000
77.0000 0.0000
78.0000 0.0000
79.0000 0.0000
80.0000 0.0000
81.0000 0.0000
82.0000 0.0000
83.0000 0.0000
84.0000 0.0000
85.0000 0.0000
86.0000 0.0000
87.0000 0.0000
88.0000 0.0000
89.0000 0.0000
90.0000 0.0000
91.0000 0.0000
92.0000 0.0000
93.0000 0.0000
94.0000 0.0000
95.0000 0.0000
96.0000 0.0000
97.0000 0.0000
98.0000 0.0000
99.0000 0.0000
100.0000 0.0000
101.0000 0.0000
102.0000 0.0000
103.0000 0.0000
104.0000 0.0000
105.0000 0.0000
106.0000 0.0000
107.0000 0.0000
108.0000 0.0000
109.0000 0.0000
110.0000 0.0000
111.0000 0.0000
112.0000 0.0000
113.0000 0.0000
114.0000 0.0000
115.0000 0.0000
116.0000 0.0000
117.0000 0.0000
118.0000 0.0000
119.0000 0.0000
120.0000 0.0000
121.0000 0.0000
122.0000 0.0000
123.0000 0.0000
124.0000 0.0000
125.0000 0.0000
126.0000 0.0000
127.0000 0.0000
128.0000 0.0000
129.0000 0.0000
130.0000 0.0000
131.0000 0.0000
132.0000 0.0000
133.0000 0.0000
134.0000 0.0000
135.0000 0.0000
136.0000 0.0000
137.0000 0.0000
138.0000 0.0000
139.0000 0.0000
140.0000 0.0000
141.0000 0.0000
142.0000 0.0000
143.0000 0.0000
144.0000 0.0000
145.0000 0.0000
146.0000 0.0000
147.0000 0.0000
148.0000 0.0000
149.0000 0.0000
150.0000 0.0000
151.0000 0.0000
152.0000 0.0000
153.0000 0.0000
154.0000 0.0000
155.0000 0.0000
156.0000 0.0000
157.0000 0.0000
158.0000 0.0000
159.0000 0.0000
160.0000 0.0000
161.0000 0.0000
162.0000 0.0000
163.0000 0.0000
164.0000 0.0000
165.0000 0.0000
166.0000 0.0000
167.0000 0.0000
168.0000 0.0000
169.0000 0.0000
170.0000 0.0000
171.0000 0.0000
172.0000 0.0000
173.0000 0.0000
174.0000 0.0000
175.0000 0.0000
176.0000 0.0000
177.0000 0.0000
178.0000 0.0000
179.0000 0.0000
180.0000 0.0000
181.0000 0.0000
182.0000 0.0000
183.0000 0.0000
184.0000 0.0000
185.0000 0.0000
186.0000 0.0000
187.0000 0.0000
188.0000 0.0000
189.0000 0.0000
190.0000 0.0000
191.0000 0.0000
192.0000 0.0000
193.0000 0.0000
194.0000 0.0000
195.0000 0.0000
196.0000 0.0000
197.0000 0.0000
198.0000 0.0000
199.0000 0.0000
200.0000 0.0000
201.0000 0.0000
202.0000 0.0000
203.0000 0.0000
204.0000 0.0000
205.0000 0.0000
206.0000 0.0000
207.0000 0.0000
208.0000 0.0000
209.0000 0.0000
210.0000 0.0000
211.0000 0.0963
212.0000 0.1000
213.0000 0.1102
214.0000 0.1195
215.0000 0.1285
216.0000 0.1371
217.0000 0.1453
218.0000 0.1533
219.0000 0.1609
220.0000 0.1682
221.0000 0.1753
222.0000 0.1820
223.0000 0.1885
224.0000 0.1947
225.0000 0.2007
226.0000 0.2065
227.0000 0.2120
228.0000 0.2173
229.0000 0.2224
230.0000 0.2273
231.0000 0.2320
232.0000 0.2365
233.0000 0.2409
234.0000 0.2451
235.0000 0.2491
236.0000 0.2529
237.0000 0.2566
238.0000 0.2602
239.0000 0.2636
240.0000 0.2669
241.0000 0.2701
242.0000 0.2732
243.0000 0.2761
244.0000 0.2789
245.0000 0.2816
246.0000 0.2843
247.0000 0.2868
248.0000 0.2892
249.0000 0.2915
250.0000 0.2938
251.0000 0.2959
252.0000 0.2980
253.0000 0.3000
254.0000 0.3019
255.0000 0.3038
256.0000 0.3056
257.0000 0.3073
258.0000 0.3090
259.0000 0.3106
260.0000 0.3121
261.0000 0.3136
262.0000 0.3150
263.0000 0.3164
264.0000 0.3177
265.0000 0.3190
266.0000 0.3203
267.0000 0.3215
268.0000 0.3226
269.0000 0.3237
270.0000 0.3248
271.0000 0.3259
272.0000 0.3269
273.0000 0.3278
274.0000 0.3288
275.0000 0.3297
276.0000 0.3306
277.0000 0.3314
278.0000 0.3322
279.0000 0.3330
280.0000 0.3338
281.0000 0.3346
282.0000 0.3353
283.0000 0.3360
284.0000 0.3367
285.0000 0.3373
286.0000 0.3379
287.0000 0.3386
288.0000 0.3392
289.0000 0.3397
290.0000 0.3403
291.0000 0.3409
292.0000 0.3414
293.0000 0.3419
294.0000 0.3424
295.0000 0.3429
296.0000 0.3434
297.0000 0.3438
298.0000 0.3443
299.0000 0.3447
300.0000 0.3451
301.0000 0.3456
302.0000 0.3460
303.0000 0.3464
304.0000 0.3467
305.0000 0.3471
306.0000 0.3475
307.0000 0.3478
308.0000 0.3482
309.0000 0.3485
310.0000 0.3489
311.0000 0.3492
312.0000 0.3495
313.0000 0.3498
314.0000 0.3501
315.0000 0.3504
316.0000 0.3507
317.0000 0.3510
318.0000 0.3513
319.0000 0.3515
320.0000 0.3518
321.0000 0.3521
322.0000 0.3523
323.0000 0.3526
324.0000 0.3528
325.0000 0.3531
326.0000 0.3533
327.0000 0.3536
328.0000 0.3538
329.0000 0.3540
330.0000 0.3543
331.0000 0.3545
332.0000 0.3547
333.0000 0.3549
334.0000 0.3551
335.0000 0.3553
336.0000 0.3555
337.0000 0.3557
338.0000 0.3559
339.0000 0.3561
340.0000 0.3563
341.0000 0.3565
342.0000 0.3567
343.0000 0.3569
344.0000 0.3571
345.0000 0.3573
346.0000 0.3574
347.0000 0.3576
348.0000 0.3578
349.0000 0.3580
350.0000 0.3581
351.0000 0.3583
352.0000 0.3585
353.0000 0.3586
354.0000 0.3588
355.0000 0.3590
356.0000 0.3591
357.0000 0.3593
358.0000 0.3594
359.0000 0.3596
360.0000 0.3597
361.0000 0.3599
362.0000 0.3601
363.0000 0.3602
364.0000 0.3604
365.0000 0.3605
366.0000 0.3606
367.0000 0.3608
368.0000 0.3609
369.0000 0.3611
370.0000 0.3612
371.0000 0.3614
372.0000 0.3615
373.0000 0.3616
374.0000 0.3618
375.0000 0.3619
376.0000 0.3621
377.0000 0.3622
378.0000 0.3623
379.0000 0.3625
380.0000 0.3626
381.0000 0.3627
382.0000 0.3628
383.0000 0.3630
384.0000 0.3631
385.0000 0.3632
386.0000 0.3634
387.0000 0.3635
388.0000 0.3636
389.0000 0.3637
390.0000 0.3639
391.0000 0.3640
392.0000 0.3641
393.0000 0.3642
394.0000 0.3643
395.0000 0.3645
396.0000 0.3646
397.0000 0.3647
398.0000 0.3648
399.0000 0.3649
400.0000 0.3651
401.0000 0.3652
402.0000 0.3653
403.0000 0.3654
404.0000 0.3655
405.0000 0.3656
406.0000 0.3657
407.0000 0.3659
408.0000 0.3660
409.0000 0.3661
410.0000 0.3662
411.0000 0.3663
412.0000 0.3664
413.0000 0.3665
414.0000 0.3666
415.0000 0.3667
416.0000 0.3668
417.0000 0.3669
418.0000 0.3671
419.0000 0.3672
420.0000 0.3673
421.0000 0.3674
422.0000 0.3675
423.0000 0.3676
424.0000 0.3677
425.0000 0.3678
426.0000 0.3679
427.0000 0.3680
428.0000 0.3681
429.0000 0.3682
430.0000 0.3683
431.0000 0.3684
432.0000 0.3685
433.0000 0.3686
434.0000 0.3687
435.0000 0.3688
436.0000 0.3689
437.0000 0.3690
438.0000 0.3691
439.0000 0.3692
440.0000 0.3693
441.0000 0.3694
442.0000 0.3695
443.0000 0.3696
444.0000 0.3696
445.0000 0.3697
446.0000 0.3698
447.0000 0.3699
448.0000 0.3700
449.0000 0.3701
450.0000 0.3702
451.0000 0.3703
452.0000 0.3704
453.0000 0.3705
454.0000 0.3706
455.0000 0.3707
456.0000 0.3707
457.0000 0.3708
458.0000 0.3709
459.0000 0.3710
460.0000 0.3711
461.0000 0.3712
462.0000 0.3713
463.0000 0.3714
464.0000 0.3714
465.0000 0.3715
466.0000 0.3716
467.0000 0.3717
468.0000 0.3718
469.0000 0.3719
470.0000 0.3719
471.0000 0.3720
472.0000 0.3721
473.0000 0.3722
474.0000 0.3723
475.0000 0.3724
476.0000 0.3724
477.0000 0.3725
478.0000 0.3726
479.0000 0.3727
480.0000 0.3728
481.0000 0.3728
482.0000 0.3729
483.0000 0.3730
484.0000 0.3731
485.0000 0.3732
486.0000 0.3732
487.0000 0.3733
488.0000 0.3734
489.0000 0.3735
490.0000 0.3735
491.0000 0.3736
492.0000 0.3737
493.0000 0.3738
494.0000 0.3739
495.0000 0.3739
496.0000 0.3740
497.0000 0.3741
498.0000 0.3741
499.0000 0.3742
500.0000 0.3743
501.0000 0.3744
502.0000 0.3744
503.0000 0.3745
504.0000 0.3746
505.0000 0.3747
506.0000 0.3747
507.0000 0.3748
508.0000 0.3749
509.0000 0.3749
510.0000 0.3750
511.0000 0.1825
512.0000 0.1752
513.0000 0.1548
514.0000 0.1363
515.0000 0.1184
516.0000 0.1013
517.0000 0.0848
518.0000 0.0690
519.0000 0.0538
520.0000 0.0392
521.0000 0.0252
522.0000 0.0118
523.0000 -0.0011
524.0000 -0.0135
525.0000 -0.0254
526.0000 -0.0368
527.0000 -0.0478
528.0000 -0.0584
529.0000 -0.0685
530.0000 -0.0782
531.0000 -0.0876
532.0000 -0.0966
533.0000 -0.1052
534.0000 -0.1135
535.0000 -0.1215
536.0000 -0.1291
537.0000 -0.1365
538.0000 -0.1436
539.0000 -0.1504
540.0000 -0.1569
541.0000 -0.1632
542.0000 -0.1692
543.0000 -0.1750
544.0000 -0.1806
545.0000 -0.1860
546.0000 -0.1912
547.0000 -0.1961
548.0000 -0.2009
549.0000 -0.2055
550.0000 -0.2099
551.0000 -0.2142
552.0000 -0.2183
553.0000 -0.2223
554.0000 -0.2260
555.0000 -0.2297
556.0000 -0.2332
557.0000 -0.2366
558.0000 -0.2399
559.0000 -0.2430
560.0000 -0.2460
561.0000 -0.2490
562.0000 -0.2518
563.0000 -0.2545
564.0000 -0.2571
565.0000 -0.2596
566.0000 -0.2620
567.0000 -0.2644
568.0000 -0.2666
569.0000 -0.2688
570.0000 -0.2709
571.0000 -0.2730
572.0000 -0.2749
573.0000 -0.2768
574.0000 -0.2786
575.0000 -0.2804
576.0000 -0.2821
577.0000 -0.2838
578.0000 -0.2853
579.0000 -0.2869
580.0000 -0.2884
581.0000 -0.2898
582.0000 -0.2912
583.0000 -0.2925
584.0000 -0.2939
585.0000 -0.2951
586.0000 -0.2963
587.0000 -0.2975
588.0000 -0.2987
589.0000 -0.2998
590.0000 -0.3009
591.0000 -0.3019
592.0000 -0.3029
593.0000 -0.3039
594.0000 -0.3049
595.0000 -0.3058
596.0000 -0.3067
597.0000 -0.3076
598.0000 -0.3084
599.0000 -0.3092
600.0000 -0.3100
601.0000 -0.3108
602.0000 -0.3116
603.0000 -0.3123
604.0000 -0.3131
605.0000 -0.3138
606.0000 -0.3144
607.0000 -0.3151
608.0000 -0.3158
609.0000 -0.3164
610.0000 -0.3170
611.0000 -0.3176
612.0000 -0.3182
613.0000 -0.3188
614.0000 -0.3193
615.0000 -0.3199
616.0000 -0.3204
617.0000 -0.3210
618.0000 -0.3215
619.0000 -0.3220
620.0000 -0.3225
621.0000 -0.3230
622.0000 -0.3234
623.0000 -0.3239
624.0000 -0.3244
625.0000 -0.3248
626.0000 -0.3252
627.0000 -0.3257
628.0000 -0.3261
629.0000 -0.3265
630.0000 -0.3269
631.0000 -0.3273
632.0000 -0.3277
633.0000 -0.3281
634.0000 -0.3285
635.0000 -0.3289
636.0000 -0.3292
637.0000 -0.3296
638.0000 -0.3299
639.0000 -0.3303
640.0000 -0.3306
641.0000 -0.3310
642.0000 -0.3313
643.0000 -0.3317
644.0000 -0.3320
645.0000 -0.3323
646.0000 -0.3326
647.0000 -0.3329
648.0000 -0.3333
649.0000 -0.3336
650.0000 -0.3339
651.0000 -0.3342
652.0000 -0.3345
653.0000 -0.3348
654.0000 -0.3351
655.0000 -0.3353
656.0000 -0.3356
657.0000 -0.3359
658.0000 -0.3362
659.0000 -0.3365
660.0000 -0.3367
661.0000 -0.3370
662.0000 -0.3373
663.0000 -0.3375
664.0000 -0.3378
665.0000 -0.3381
666.0000 -0.3383
667.0000 -0.3386
668.0000 -0.3388
669.0000 -0.3391
670.0000 -0.3393
671.0000 -0.3396
672.0000 -0.3398
673.0000 -0.3401
674.0000 -0.3403
675.0000 -0.3405
676.0000 -0.3408
677.0000 -0.3410
678.0000 -0.3412
679.0000 -0.3415
680.0000 -0.3417
681.0000 -0.3419
682.0000 -0.3422
683.0000 -0.3424
684.0000 -0.3426
685.0000 -0.3428
686.0000 -0.3431
687.0000 -0.3433
688.0000 -0.3435
689.0000 -0.3437
690.0000 -0.3439
691.0000 -0.3441
692.0000 -0.3443
693.0000 -0.3446
694.0000 -0.3448
695.0000 -0.3450
696.0000 -0.3452
697.0000 -0.3454
698.0000 -0.3456
699.0000 -0.3458
700.0000 -0.3460
701.0000 -0.3462
702.0000 -0.3464
703.0000 -0.3466
704.0000 -0.3468
705.0000 -0.3470
706.0000 -0.3472
707.0000 -0.3474
708.0000 -0.3476
709.0000 -0.3478
710.0000 -0.3480
711.0000 -0.3482
712.0000 -0.3483
713.0000 -0.3485
714.0000 -0.3487
715.0000 -0.3489
716.0000 -0.3491
717.0000 -0.3493
718.0000 -0.3495
719.0000 -0.3496
720.0000 -0.3498
721.0000 -0.3500
722.0000 -0.3502
723.0000 -0.3504
724.0000 -0.3505
725.0000 -0.3507
726.0000 -0.3509
727.0000 -0.3511
728.0000 -0.3512
729.0000 -0.3514
730.0000 -0.3516
731.0000 -0.3518
732.0000 -0.3519
733.0000 -0.3521
734.0000 -0.3523
735.0000 -0.3525
736.0000 -0.3526
737.0000 -0.3528
738.0000 -0.3530
739.0000 -0.3531
740.0000 -0.3533
741.0000 -0.3534
742.0000 -0.3536
743.0000 -0.3538
744.0000 -0.3539
745.0000 -0.3541
746.0000 -0.3543
747.0000 -0.3544
748.0000 -0.3546
749.0000 -0.3547
750.0000 -0.3549
751.0000 -0.3551
752.0000 -0.3552
753.0000 -0.3554
754.0000 -0.3555
755.0000 -0.3557
756.0000 -0.3558
757.0000 -0.3560
758.0000 -0.3561
759.0000 -0.3563
760.0000 -0.3564
761.0000 -0.3566
762.0000 -0.3567
763.0000 -0.3569
764.0000 -0.3570
765.0000 -0.3572
766.0000 -0.3573
767.0000 -0.3575
768.0000 -0.3576
769.0000 -0.3578
770.0000 -0.3579
771.0000 -0.3581
772.0000 -0.3582
773.0000 -0.3583
774.0000 -0.3585
775.0000 -0.3586
776.0000 -0.3588
777.0000 -0.3589
778.0000 -0.3590
779.0000 -0.3592
780.0000 -0.3593
781.0000 -0.3595
782.0000 -0.3596
783.0000 -0.3597
784.0000 -0.3599
785.0000 -0.3600
786.0000 -0.3601
787.0000 -0.3603
788.0000 -0.3604
789.0000 -0.3605
790.0000 -0.3607
791.0000 -0.3608
792.0000 -0.3609
793.0000 -0.3611
794.0000 -0.3612
795.0000 -0.3613
796.0000 -0.3615
797.0000 -0.3616
798.0000 -0.3617
799.0000 -0.3618
800.0000 -0.3620
801.0000 -0.3621
802.0000 -0.3622
803.0000 -0.3623
804.0000 -0.3625
805.0000 -0.3626
806.0000 -0.3627
807.0000 -0.3628
808.0000 -0.3630
809.0000 -0.3631
810.0000 -0.3632
811.0000 -0.0745
812.0000 -0.0634
813.0000 -0.0330
814.0000 -0.0052
815.0000 0.0216
816.0000 0.0473
817.0000 0.0720
818.0000 0.0957
819.0000 0.1185
820.0000 0.1403
821.0000 0.1613
822.0000 0.1814
823.0000 0.2008
824.0000 0.2193
825.0000 0.2372
826.0000 0.2543
827.0000 0.2708
828.0000 0.2866
829.0000 0.3018
830.0000 0.3164
831.0000 0.3304
832.0000 0.3438
833.0000 0.3568
834.0000 0.3692
835.0000 0.3811
836.0000 0.3926
837.0000 0.4036
838.0000 0.4142
839.0000 0.4244
840.0000 0.4342
841.0000 0.4436
842.0000 0.4527
843.0000 0.4614
844.0000 0.4698
845.0000 0.4778
846.0000 0.4855
847.0000 0.4930
848.0000 0.5001
849.0000 0.5070
850.0000 0.5137
851.0000 0.5200
852.0000 0.5262
853.0000 0.5321
854.0000 0.5378
855.0000 0.5432
856.0000 0.5485
857.0000 0.5536
858.0000 0.5584
859.0000 0.5632
860.0000 0.5677
861.0000 0.5720
862.0000 0.5763
863.0000 0.5803
864.0000 0.5842
865.0000 0.5880
866.0000 0.5916
867.0000 0.5951
868.0000 0.5985
869.0000 0.6017
870.0000 0.6049
871.0000 0.6079
872.0000 0.6108
873.0000 0.6137
874.0000 0.6164
875.0000 0.6190
876.0000 0.6216
877.0000 0.6240
878.0000 0.6264
879.0000 0.6287
880.0000 0.6309
881.0000 0.6331
882.0000 0.6351
883.0000 0.6372
884.0000 0.6391
885.0000 0.6410
886.0000 0.6428
887.0000 0.6446
888.0000 0.6463
889.0000 0.6479
890.0000 0.6495
891.0000 0.6511
892.0000 0.6526
893.0000 0.6541
894.0000 0.6555
895.0000 0.6569
896.0000 0.6582
897.0000 0.6595
898.0000 0.6608
899.0000 0.6620
900.0000 0.6632
901.0000 0.6644
902.0000 0.6655
903.0000 0.6666
904.0000 0.6677
905.0000 0.6687
906.0000 0.6697
907.0000 0.6707
908.0000 0.6717
909.0000 0.6726
910.0000 0.6736
