1.0000 0.0000
2.0000 0.0000
3.0000 0.0000
4.0000 0.0000
5.0000 0.0000
6.0000 0.0000
7.0000 0.0000
8.0000 0.0000
9.0000 0.0000
10.0000 7.3721
11.0000 1.5501
12.0000 1.4502
13.0000 1.3874
14.0000 1.3503
15.0000 1.3363
16.0000 1.3422
17.0000 1.3372
18.0000 1.3707
19.0000 1.3663
20.0000 1.3744
21.0000 1.3913
22.0000 1.4044
23.0000 1.4047
24.0000 1.4081
25.0000 1.4158
26.0000 1.4379
27.0000 1.4305
28.0000 1.4409
29.0000 1.4511
30.0000 1.4437
31.0000 1.4598
32.0000 1.4635
33.0000 1.4731
34.0000 1.4757
35.0000 1.4707
36.0000 1.4945
37.0000 1.4884
38.0000 1.4913
39.0000 1.4999
40.0000 1.5025
41.0000 1.5107
42.0000 1.5089
43.0000 1.5090
44.0000 1.5279
45.0000 1.5214
46.0000 1.5302
47.0000 1.5194
48.0000 1.5391
49.0000 1.5203
50.0000 1.5596
51.0000 1.5319
52.0000 1.5452
53.0000 1.5496
54.0000 1.5475
55.0000 1.5531
56.0000 1.5613
57.0000 1.5413
58.0000 1.5731
59.0000 1.5497
60.0000 1.5716
61.0000 1.5645
62.0000 1.5664
63.0000 1.5689
64.0000 1.5710
65.0000 1.5662
66.0000 1.5800
67.0000 1.5738
68.0000 1.5724
69.0000 1.5891
70.0000 1.5776
71.0000 1.5793
72.0000 1.5815
73.0000 1.5819
74.0000 1.5887
75.0000 1.5811
76.0000 1.5914
77.0000 1.5894
78.0000 1.5844
79.0000 1.5948
80.0000 1.5839
81.0000 1.5962
82.0000 1.5881
83.0000 1.6003
84.0000 1.5922
85.0000 1.5933
86.0000 1.5984
87.0000 1.5917
88.0000 1.5987
89.0000 1.5932
90.0000 1.6024
91.0000 1.5959
92.0000 1.6017
93.0000 1.5962
94.0000 1.6048
95.0000 1.5980
96.0000 1.5997
97.0000 1.6019
98.0000 1.5994
99.0000 1.5998
100.0000 1.6024
101.0000 1.6024
102.0000 1.6096
103.0000 1.6016
104.0000 1.6009
105.0000 1.6009
106.0000 1.6025
107.0000 1.6061
108.0000 1.6042
109.0000 1.6057
110.0000 6.1942
111.0000 2.2438
112.0000 2.3552
113.0000 1.9650
114.0000 1.4346
115.0000 1.0642
116.0000 0.9317
117.0000 0.9790
118.0000 1.0974
119.0000 1.2186
120.0000 1.3138
121.0000 1.3705
122.0000 1.3978
123.0000 1.3911
124.0000 1.3719
125.0000 1.3584
126.0000 1.3507
127.0000 1.3210
128.0000 1.3084
129.0000 1.3017
130.0000 1.2769
131.0000 1.2750
132.0000 1.2557
133.0000 1.2482
134.0000 1.2403
135.0000 1.2232
136.0000 1.2261
137.0000 1.2043
138.0000 1.1938
139.0000 1.1857
140.0000 1.1763
141.0000 1.1706
142.0000 1.1582
143.0000 1.1485
144.0000 1.1481
145.0000 1.1367
146.0000 1.1273
147.0000 1.1109
148.0000 1.1162
149.0000 1.0905
150.0000 1.1106
151.0000 1.0860
152.0000 1.0843
153.0000 1.0784
154.0000 1.0714
155.0000 1.0625
156.0000 1.0625
157.0000 1.0466
158.0000 1.0557
159.0000 1.0340
160.0000 1.0439
161.0000 1.0309
162.0000 1.0249
163.0000 1.0258
164.0000 1.0173
165.0000 1.0079
166.0000 1.0092
167.0000 1.0037
168.0000 1.0000
169.0000 1.0026
170.0000 0.9896
171.0000 0.9852
172.0000 0.9841
173.0000 0.9818
174.0000 0.9837
175.0000 0.9735
176.0000 0.9735
177.0000 0.9655
178.0000 0.9613
179.0000 0.9644
180.0000 0.9555
181.0000 0.9610
182.0000 0.9505
183.0000 0.9578
184.0000 0.9466
185.0000 0.9442
186.0000 0.9470
187.0000 0.9383
188.0000 0.9378
189.0000 0.9349
190.0000 0.9381
191.0000 0.9310
192.0000 0.9359
193.0000 0.9257
194.0000 0.9322
195.0000 0.9241
196.0000 0.9236
197.0000 0.9224
198.0000 0.9172
199.0000 0.9164
200.0000 0.9175
201.0000 0.9184
202.0000 0.9172
203.0000 0.9120
204.0000 0.9122
205.0000 0.9069
206.0000 0.9091
207.0000 0.9081
208.0000 0.9048
209.0000 0.9046
210.0000 -4.4074
211.0000 -5.6437
212.0000 -3.8343
213.0000 -1.9819
214.0000 -0.7598
215.0000 -0.1714
216.0000 -0.0246
217.0000 -0.1000
218.0000 -0.2881
219.0000 -0.4527
220.0000 -0.5713
221.0000 -0.6549
222.0000 -0.7060
223.0000 -0.7288
224.0000 -0.7304
225.0000 -0.7234
226.0000 -0.7314
227.0000 -0.7311
228.0000 -0.7265
229.0000 -0.7244
230.0000 -0.7247
231.0000 -0.7190
232.0000 -0.7236
233.0000 -0.7265
234.0000 -0.7212
235.0000 -0.7178
236.0000 -0.7233
237.0000 -0.7233
238.0000 -0.7204
239.0000 -0.7177
240.0000 -0.7171
241.0000 -0.7202
242.0000 -0.7120
243.0000 -0.7067
244.0000 -0.7123
245.0000 -0.7111
246.0000 -0.7115
247.0000 -0.7028
248.0000 -0.7052
249.0000 -0.6967
250.0000 -0.7050
251.0000 -0.6994
252.0000 -0.6978
253.0000 -0.6978
254.0000 -0.6931
255.0000 -0.6898
256.0000 -0.6935
257.0000 -0.6788
258.0000 -0.6869
259.0000 -0.6801
260.0000 -0.6811
261.0000 -0.6832
262.0000 -0.6812
263.0000 -0.6747
264.0000 -0.6712
265.0000 -0.6698
266.0000 -0.6701
267.0000 -0.6697
268.0000 -0.6616
269.0000 -0.6677
270.0000 -0.6653
271.0000 -0.6610
272.0000 -0.6590
273.0000 -0.6547
274.0000 -0.6544
275.0000 -0.6496
276.0000 -0.6535
277.0000 -0.6537
278.0000 -0.6484
279.0000 -0.6488
280.0000 -0.6409
281.0000 -0.6427
282.0000 -0.6416
283.0000 -0.6404
284.0000 -0.6404
285.0000 -0.6385
286.0000 -0.6359
287.0000 -0.6334
288.0000 -0.6323
289.0000 -0.6269
290.0000 -0.6313
291.0000 -0.6283
292.0000 -0.6296
293.0000 -0.6253
294.0000 -0.6275
295.0000 -0.6230
296.0000 -0.6212
297.0000 -0.6201
298.0000 -0.6184
299.0000 -0.6145
300.0000 -0.6158
301.0000 -0.6165
302.0000 -0.6204
303.0000 -0.6176
304.0000 -0.6125
305.0000 -0.6099
306.0000 -0.6052
307.0000 -0.6077
308.0000 -0.6109
309.0000 -0.6110
310.0000 -15.3532
311.0000 -3.7048
312.0000 -3.5003
313.0000 -3.3771
314.0000 -3.3036
315.0000 -3.2753
316.0000 -3.2833
317.0000 -3.2792
318.0000 -3.3435
319.0000 -3.3305
320.0000 -3.3441
321.0000 -3.3778
322.0000 -3.4055
323.0000 -3.4073
324.0000 -3.4110
325.0000 -3.4244
326.0000 -3.4717
327.0000 -3.4540
328.0000 -3.4729
329.0000 -3.4936
330.0000 -3.4785
331.0000 -3.5099
332.0000 -3.5161
333.0000 -3.5337
334.0000 -3.5399
335.0000 -3.5309
336.0000 -3.5795
337.0000 -3.5652
338.0000 -3.5697
339.0000 -3.5835
340.0000 -3.5873
341.0000 -3.6053
342.0000 -3.6024
343.0000 -3.6049
344.0000 -3.6426
345.0000 -3.6271
346.0000 -3.6447
347.0000 -3.6215
348.0000 -3.6585
349.0000 -3.6207
350.0000 -3.6971
351.0000 -3.6453
352.0000 -3.6719
353.0000 -3.6798
354.0000 -3.6740
355.0000 -3.6850
356.0000 -3.7010
357.0000 -3.6641
358.0000 -3.7256
359.0000 -3.6780
360.0000 -3.7231
361.0000 -3.7059
362.0000 -3.7086
363.0000 -3.7162
364.0000 -3.7202
365.0000 -3.7086
366.0000 -3.7344
367.0000 -3.7212
368.0000 -3.7201
369.0000 -3.7544
370.0000 -3.7321
371.0000 -3.7334
372.0000 -3.7368
373.0000 -3.7371
374.0000 -3.7539
375.0000 -3.7414
376.0000 -3.7593
377.0000 -3.7524
378.0000 -3.7397
379.0000 -3.7594
380.0000 -3.7403
381.0000 -3.7675
382.0000 -3.7496
383.0000 -3.7747
384.0000 -3.7587
385.0000 -3.7590
386.0000 -3.7698
387.0000 -3.7562
388.0000 -3.7680
389.0000 -3.7580
390.0000 -3.7756
391.0000 -3.7641
392.0000 -3.7757
393.0000 -3.7649
394.0000 -3.7816
395.0000 -3.7680
396.0000 -3.7710
397.0000 -3.7756
398.0000 -3.7699
399.0000 -3.7710
400.0000 -3.7754
401.0000 -3.7751
402.0000 -3.7892
403.0000 -3.7724
404.0000 -3.7734
405.0000 -3.7727
406.0000 -3.7754
407.0000 -3.7832
408.0000 -3.7776
409.0000 -3.7789
410.0000 -12.9568
411.0000 -5.0578
412.0000 -5.2818
413.0000 -4.5017
414.0000 -3.4404
415.0000 -2.6990
416.0000 -2.4335
417.0000 -2.5277
418.0000 -2.7644
419.0000 -3.0067
420.0000 -3.1971
421.0000 -3.3106
422.0000 -3.3652
423.0000 -3.3518
424.0000 -3.3134
425.0000 -3.2865
426.0000 -3.2711
427.0000 -3.2117
428.0000 -3.1863
429.0000 -3.1729
430.0000 -3.1232
431.0000 -3.1195
432.0000 -3.0808
433.0000 -3.0658
434.0000 -3.0500
435.0000 -3.0158
436.0000 -3.0214
437.0000 -2.9778
438.0000 -2.9569
439.0000 -2.9406
440.0000 -2.9219
441.0000 -2.9104
442.0000 -2.8855
443.0000 -2.8663
444.0000 -2.8653
445.0000 -2.8425
446.0000 -2.8237
447.0000 -2.7909
448.0000 -2.8015
449.0000 -2.7502
450.0000 -2.7903
451.0000 -2.7410
452.0000 -2.7376
453.0000 -2.7259
454.0000 -2.7117
455.0000 -2.6941
456.0000 -2.6940
457.0000 -2.6622
458.0000 -2.6805
459.0000 -2.6369
460.0000 -2.6567
461.0000 -2.6308
462.0000 -2.6187
463.0000 -2.6206
464.0000 -2.6036
465.0000 -2.5847
466.0000 -2.5872
467.0000 -2.5763
468.0000 -2.5688
469.0000 -2.5740
470.0000 -2.5480
471.0000 -2.5392
472.0000 -2.5372
473.0000 -2.5325
474.0000 -2.5363
475.0000 -2.5159
476.0000 -2.5159
477.0000 -2.4998
478.0000 -2.4915
479.0000 -2.4976
480.0000 -2.4799
481.0000 -2.4908
482.0000 -2.4699
483.0000 -2.4843
484.0000 -2.4621
485.0000 -2.4571
486.0000 -2.4629
487.0000 -2.4454
488.0000 -2.4445
489.0000 -2.4386
490.0000 -2.4449
491.0000 -2.4309
492.0000 -2.4407
493.0000 -2.4201
494.0000 -2.4331
495.0000 -2.4170
496.0000 -2.4160
497.0000 -2.4135
498.0000 -2.4031
499.0000 -2.4016
500.0000 -2.4038
501.0000 -2.4056
502.0000 -2.4031
503.0000 -2.3927
504.0000 -2.3932
505.0000 -2.3826
506.0000 -2.3870
507.0000 -2.3849
508.0000 -2.3783
509.0000 -2.3780
510.0000 8.2461
511.0000 10.7187
512.0000 7.1000
513.0000 3.3950
514.0000 0.9508
515.0000 -0.2258
516.0000 -0.5196
517.0000 -0.3688
518.0000 0.0074
519.0000 0.3367
520.0000 0.5738
521.0000 0.7411
522.0000 0.8432
523.0000 0.8889
524.0000 0.8920
525.0000 0.8781
526.0000 0.8940
527.0000 0.8935
528.0000 0.8843
529.0000 0.8801
530.0000 0.8808
531.0000 0.8694
532.0000 0.8785
533.0000 0.8842
534.0000 0.8736
535.0000 0.8668
536.0000 0.8780
537.0000 0.8778
538.0000 0.8720
539.0000 0.8666
540.0000 0.8655
541.0000 0.8717
542.0000 0.8553
543.0000 0.8447
544.0000 0.8560
545.0000 0.8535
546.0000 0.8543
547.0000 0.8368
548.0000 0.8418
549.0000 0.8247
550.0000 0.8412
551.0000 0.8300
552.0000 0.8268
553.0000 0.8268
554.0000 0.8176
555.0000 0.8110
556.0000 0.8184
557.0000 0.7889
558.0000 0.8051
559.0000 0.7914
560.0000 0.7934
561.0000 0.7977
562.0000 0.7937
563.0000 0.7808
564.0000 0.7737
565.0000 0.7709
566.0000 0.7716
567.0000 0.7707
568.0000 0.7544
569.0000 0.7667
570.0000 0.7619
571.0000 0.7533
572.0000 0.7493
573.0000 0.7407
574.0000 0.7400
575.0000 0.7306
576.0000 0.7384
577.0000 0.7387
578.0000 0.7281
579.0000 0.7290
580.0000 0.7132
581.0000 0.7167
582.0000 0.7145
583.0000 0.7121
584.0000 0.7121
585.0000 0.7083
586.0000 0.7031
587.0000 0.6980
588.0000 0.6959
589.0000 0.6852
590.0000 0.6939
591.0000 0.6880
592.0000 0.6905
593.0000 0.6818
594.0000 0.6862
595.0000 0.6773
596.0000 0.6737
597.0000 0.6715
598.0000 0.6681
599.0000 0.6604
600.0000 0.6629
601.0000 0.6642
602.0000 0.6722
603.0000 0.6666
604.0000 0.6564
605.0000 0.6511
606.0000 0.6418
607.0000 0.6467
608.0000 0.6532
609.0000 0.6533
610.0000 22.7657
611.0000 5.2907
612.0000 4.9817
613.0000 4.7981
614.0000 4.6883
615.0000 4.6455
616.0000 4.6558
617.0000 4.6525
618.0000 4.7476
619.0000 4.7260
620.0000 4.7452
621.0000 4.7956
622.0000 4.8378
623.0000 4.8413
624.0000 4.8452
625.0000 4.8644
626.0000 4.9368
627.0000 4.9087
628.0000 4.9363
629.0000 4.9674
630.0000 4.9447
631.0000 4.9913
632.0000 5.0001
633.0000 5.0255
634.0000 5.0355
635.0000 5.0224
636.0000 5.0957
637.0000 5.0733
638.0000 5.0794
639.0000 5.0983
640.0000 5.1035
641.0000 5.1312
642.0000 5.1273
643.0000 5.1321
644.0000 5.1886
645.0000 5.1641
646.0000 5.1906
647.0000 5.1548
648.0000 5.2092
649.0000 5.1525
650.0000 5.2659
651.0000 5.1900
652.0000 5.2299
653.0000 5.2413
654.0000 5.2318
655.0000 5.2483
656.0000 5.2721
657.0000 5.2183
658.0000 5.3094
659.0000 5.2376
660.0000 5.3060
661.0000 5.2786
662.0000 5.2821
663.0000 5.2949
664.0000 5.3008
665.0000 5.2823
666.0000 5.3202
667.0000 5.3000
668.0000 5.2991
669.0000 5.3511
670.0000 5.3180
671.0000 5.3187
672.0000 5.3234
673.0000 5.3237
674.0000 5.3503
675.0000 5.3330
676.0000 5.3585
677.0000 5.3468
678.0000 5.3264
679.0000 5.3553
680.0000 5.3280
681.0000 5.3702
682.0000 5.3425
683.0000 5.3804
684.0000 5.3565
685.0000 5.3561
686.0000 5.3726
687.0000 5.3520
688.0000 5.3687
689.0000 5.3541
690.0000 5.3801
691.0000 5.3636
692.0000 5.3810
693.0000 5.3650
694.0000 5.3898
695.0000 5.3694
696.0000 5.3735
697.0000 5.3806
698.0000 5.3717
699.0000 5.3734
700.0000 5.3796
701.0000 5.3791
702.0000 5.4002
703.0000 5.3745
704.0000 5.3772
705.0000 5.3759
706.0000 5.3795
707.0000 5.3916
708.0000 5.3822
709.0000 5.3834
710.0000 19.1508
711.0000 7.3031
712.0000 7.6397
713.0000 6.4696
714.0000 4.8776
715.0000 3.7652
716.0000 3.3666
717.0000 3.5078
718.0000 3.8628
719.0000 4.2261
720.0000 4.5117
721.0000 4.6820
722.0000 4.7639
723.0000 4.7439
724.0000 4.6862
725.0000 4.6459
726.0000 4.6228
727.0000 4.5336
728.0000 4.4955
729.0000 4.4754
730.0000 4.4008
731.0000 4.3952
732.0000 4.3373
733.0000 4.3147
734.0000 4.2910
735.0000 4.2397
736.0000 4.2481
737.0000 4.1827
738.0000 4.1513
739.0000 4.1269
740.0000 4.0988
741.0000 4.0816
742.0000 4.0442
743.0000 4.0153
744.0000 4.0139
745.0000 3.9797
746.0000 3.9515
747.0000 3.9023
748.0000 3.9182
749.0000 3.8411
750.0000 3.9013
751.0000 3.8273
752.0000 3.8223
753.0000 3.8047
754.0000 3.7834
755.0000 3.7570
756.0000 3.7568
757.0000 3.7091
758.0000 3.7365
759.0000 3.6712
760.0000 3.7009
761.0000 3.6620
762.0000 3.6439
763.0000 3.6467
764.0000 3.6212
765.0000 3.5929
766.0000 3.5966
767.0000 3.5802
768.0000 3.5690
769.0000 3.5768
770.0000 3.5378
771.0000 3.5246
772.0000 3.5215
773.0000 3.5145
774.0000 3.5202
775.0000 3.4896
776.0000 3.4895
777.0000 3.4654
778.0000 3.4531
779.0000 3.4622
780.0000 3.4355
781.0000 3.4520
782.0000 3.4206
783.0000 3.4422
784.0000 3.4089
785.0000 3.4014
786.0000 3.4101
787.0000 3.3838
788.0000 3.3824
789.0000 3.3736
790.0000 3.3831
791.0000 3.3620
792.0000 3.3767
793.0000 3.3458
794.0000 3.3654
795.0000 3.3412
796.0000 3.3398
797.0000 3.3360
798.0000 3.3204
799.0000 3.3182
800.0000 3.3214
801.0000 3.3240
802.0000 3.3204
803.0000 3.3047
804.0000 3.3055
805.0000 3.2896
806.0000 3.2961
807.0000 3.2930
808.0000 3.2832
809.0000 3.2827
810.0000 -12.6534
811.0000 -16.3623
812.0000 -10.9343
813.0000 -5.3768
814.0000 -1.7106
815.0000 0.0544
816.0000 0.4950
817.0000 0.2689
818.0000 -0.2954
819.0000 -0.7894
820.0000 -1.1450
821.0000 -1.3960
822.0000 -1.5492
823.0000 -1.6176
824.0000 -1.6223
825.0000 -1.6015
826.0000 -1.6253
827.0000 -1.6245
828.0000 -1.6108
829.0000 -1.6044
830.0000 -1.6055
831.0000 -1.5884
832.0000 -1.6022
833.0000 -1.6107
834.0000 -1.5947
835.0000 -1.5846
836.0000 -1.6013
837.0000 -1.6011
838.0000 -1.5924
839.0000 -1.5843
840.0000 -1.5826
841.0000 -1.5918
842.0000 -1.5673
843.0000 -1.5514
844.0000 -1.5683
845.0000 -1.5646
846.0000 -1.5658
847.0000 -1.5395
848.0000 -1.5470
849.0000 -1.5213
850.0000 -1.5462
851.0000 -1.5293
852.0000 -1.5246
853.0000 -1.5246
854.0000 -1.5107
855.0000 -1.5008
856.0000 -1.5119
857.0000 -1.4677
858.0000 -1.4920
859.0000 -1.4715
860.0000 -1.4745
861.0000 -1.4809
862.0000 -1.4749
863.0000 -1.4555
864.0000 -1.4449
865.0000 -1.4408
866.0000 -1.4417
867.0000 -1.4404
868.0000 -1.4160
869.0000 -1.4344
870.0000 -1.4271
871.0000 -1.4144
872.0000 -1.4082
873.0000 -1.3953
874.0000 -1.3944
875.0000 -1.3802
876.0000 -1.3919
877.0000 -1.3924
878.0000 -1.3765
879.0000 -1.3778
880.0000 -1.3541
881.0000 -1.3595
882.0000 -1.3561
883.0000 -1.3525
884.0000 -1.3524
885.0000 -1.3469
886.0000 -1.3389
887.0000 -1.3314
888.0000 -1.3283
889.0000 -1.3121
890.0000 -1.3252
891.0000 -1.3163
892.0000 -1.3200
893.0000 -1.3071
894.0000 -1.3137
895.0000 -1.3003
896.0000 -1.2949
897.0000 -1.2916
898.0000 -1.2865
899.0000 -1.2750
900.0000 -1.2788
901.0000 -1.2807
902.0000 -1.2926
903.0000 -1.2843
904.0000 -1.2689
905.0000 -1.2610
906.0000 -1.2471
907.0000 -1.2544
908.0000 -1.2641
909.0000 -1.2643
910.0000 -1.2584
