1.0000 0.0000
2.0000 0.0000
3.0000 0.0000
4.0000 0.0000
5.0000 0.0000
6.0000 0.0000
7.0000 0.0000
8.0000 0.0000
9.0000 0.0000
10.0000 1.0000
11.0000 1.0000
12.0000 1.0000
13.0000 1.0000
14.0000 1.0000
15.0000 1.0000
16.0000 1.0000
17.0000 1.0000
18.0000 1.0000
19.0000 1.0000
20.0000 1.0000
21.0000 0.9977
22.0000 0.9921
23.0000 0.9841
24.0000 0.9742
25.0000 0.9630
26.0000 0.9510
27.0000 0.9389
28.0000 0.9274
29.0000 0.9171
30.0000 0.9084
31.0000 0.9017
32.0000 0.8972
33.0000 0.8951
34.0000 0.8953
35.0000 0.8977
36.0000 0.9021
37.0000 0.9082
38.0000 0.9154
39.0000 0.9235
40.0000 0.9319
41.0000 0.9403
42.0000 0.9483
43.0000 0.9556
44.0000 0.9619
45.0000 0.9669
46.0000 0.9706
47.0000 0.9730
48.0000 0.9739
49.0000 0.9735
50.0000 0.9718
51.0000 0.9691
52.0000 0.9655
53.0000 0.9613
54.0000 0.9566
55.0000 0.9517
56.0000 0.9469
57.0000 0.9423
58.0000 0.9381
59.0000 0.9346
60.0000 0.9318
61.0000 0.9298
62.0000 0.9287
63.0000 0.9283
64.0000 0.9288
65.0000 0.9301
66.0000 0.9319
67.0000 0.9342
68.0000 0.9369
69.0000 0.9397
70.0000 0.9427
71.0000 0.9455
72.0000 0.9481
73.0000 0.9504
74.0000 0.9524
75.0000 0.9538
76.0000 0.9548
77.0000 0.9553
78.0000 0.9553
79.0000 0.9549
80.0000 0.9540
81.0000 0.9528
82.0000 0.9514
83.0000 0.9498
84.0000 0.9481
85.0000 0.9464
86.0000 0.9447
87.0000 0.9432
88.0000 0.9419
89.0000 0.9408
90.0000 0.9401
91.0000 0.9396
92.0000 0.9394
93.0000 0.9394
94.0000 0.9398
95.0000 0.9404
96.0000 0.9411
97.0000 0.9420
98.0000 0.9430
99.0000 0.9440
100.0000 0.9450
101.0000 0.9460
102.0000 0.9468
103.0000 0.9476
104.0000 0.9481
105.0000 0.9485
106.0000 0.9488
107.0000 0.9488
108.0000 0.9487
109.0000 0.9485
110.0000 0.9481
111.0000 0.9476
112.0000 0.9471
113.0000 0.9465
114.0000 0.9459
115.0000 0.9453
116.0000 0.9447
117.0000 0.9442
118.0000 0.9438
119.0000 0.9435
120.0000 0.9433
121.0000 0.9432
122.0000 0.9432
123.0000 0.9433
124.0000 0.9435
125.0000 0.9437
126.0000 0.9440
127.0000 0.9444
128.0000 0.9447
129.0000 0.9451
130.0000 0.9454
131.0000 0.9457
132.0000 0.9460
133.0000 0.9462
134.0000 0.9464
135.0000 0.9465
136.0000 0.9465
137.0000 0.9465
138.0000 0.9464
139.0000 0.9463
140.0000 0.9462
141.0000 0.9460
142.0000 0.9458
143.0000 0.9456
144.0000 0.9454
145.0000 0.9452
146.0000 0.9450
147.0000 0.9448
148.0000 0.9447
149.0000 0.9446
150.0000 0.9446
151.0000 0.9446
152.0000 0.9446
153.0000 0.9447
154.0000 0.9447
155.0000 0.9448
156.0000 0.9449
157.0000 0.9451
158.0000 0.9452
159.0000 0.9453
160.0000 0.9454
161.0000 0.9455
162.0000 0.9456
163.0000 0.9457
164.0000 0.9457
165.0000 0.9457
166.0000 0.9457
167.0000 0.9457
168.0000 0.9457
169.0000 0.9456
170.0000 0.9456
171.0000 0.9455
172.0000 0.9454
173.0000 0.9453
174.0000 0.9453
175.0000 0.9452
176.0000 0.9452
177.0000 0.9451
178.0000 0.9451
179.0000 0.9451
180.0000 0.9450
181.0000 0.9451
182.0000 0.9451
183.0000 0.9451
184.0000 0.9451
185.0000 0.9452
186.0000 0.9452
187.0000 0.9453
188.0000 0.9453
189.0000 0.9453
190.0000 0.9454
191.0000 0.9454
192.0000 0.9454
193.0000 0.9454
194.0000 0.9455
195.0000 0.9455
196.0000 0.9455
197.0000 0.9454
198.0000 0.9454
199.0000 0.9454
200.0000 0.9454
201.0000 0.9454
202.0000 0.9453
203.0000 0.9453
204.0000 0.9453
205.0000 0.9453
206.0000 0.9452
207.0000 0.9452
208.0000 0.9452
209.0000 0.9452
210.0000 0.1257
211.0000 0.5327
212.0000 0.4777
213.0000 0.4227
214.0000 0.3678
215.0000 0.4937
216.0000 0.5260
217.0000 0.5543
218.0000 0.5878
219.0000 0.6255
220.0000 0.6510
221.0000 0.6692
222.0000 0.6843
223.0000 0.6961
224.0000 0.7037
225.0000 0.7063
226.0000 0.7035
227.0000 0.6956
228.0000 0.6841
229.0000 0.6704
230.0000 0.6554
231.0000 0.6399
232.0000 0.6248
233.0000 0.6108
234.0000 0.5985
235.0000 0.5884
236.0000 0.5807
237.0000 0.5755
238.0000 0.5727
239.0000 0.5722
240.0000 0.5735
241.0000 0.5764
242.0000 0.5802
243.0000 0.5847
244.0000 0.5894
245.0000 0.5940
246.0000 0.5982
247.0000 0.6019
248.0000 0.6048
249.0000 0.6071
250.0000 0.6085
251.0000 0.6093
252.0000 0.6094
253.0000 0.6090
254.0000 0.6081
255.0000 0.6069
256.0000 0.6054
257.0000 0.6039
258.0000 0.6024
259.0000 0.6010
260.0000 0.5997
261.0000 0.5986
262.0000 0.5978
263.0000 0.5972
264.0000 0.5968
265.0000 0.5967
266.0000 0.5967
267.0000 0.5969
268.0000 0.5973
269.0000 0.5977
270.0000 0.5982
271.0000 0.5986
272.0000 0.5991
273.0000 0.5995
274.0000 0.5999
275.0000 0.6001
276.0000 0.6003
277.0000 0.6005
278.0000 0.6005
279.0000 0.6005
280.0000 0.6005
281.0000 0.6004
282.0000 0.6003
283.0000 0.6001
284.0000 0.6000
285.0000 0.5998
286.0000 0.5997
287.0000 0.5996
288.0000 0.5995
289.0000 0.5994
290.0000 0.5993
291.0000 0.5993
292.0000 0.5993
293.0000 0.5993
294.0000 0.5993
295.0000 0.5994
296.0000 0.5994
297.0000 0.5995
298.0000 0.5995
299.0000 0.5996
300.0000 0.5996
301.0000 0.5996
302.0000 0.5997
303.0000 0.5997
304.0000 0.5997
305.0000 0.5997
306.0000 0.5997
307.0000 0.5997
308.0000 0.5997
309.0000 0.5997
310.0000 0.5996
311.0000 0.5996
312.0000 0.5996
313.0000 0.5996
314.0000 0.5996
315.0000 0.5996
316.0000 0.5996
317.0000 0.5996
318.0000 0.5996
319.0000 0.5996
320.0000 0.5996
321.0000 0.5996
322.0000 0.5996
323.0000 0.5996
324.0000 0.5996
325.0000 0.5996
326.0000 0.5996
327.0000 0.5996
328.0000 0.5996
329.0000 0.5996
330.0000 0.5996
331.0000 0.5996
332.0000 0.5996
333.0000 0.5996
334.0000 0.5996
335.0000 0.5996
336.0000 0.5996
337.0000 0.5996
338.0000 0.5996
339.0000 0.5996
340.0000 0.5996
341.0000 0.5996
342.0000 0.5996
343.0000 0.5996
344.0000 0.5996
345.0000 0.5996
346.0000 0.5996
347.0000 0.5996
348.0000 0.5996
349.0000 0.5996
350.0000 0.5996
351.0000 0.5996
352.0000 0.5996
353.0000 0.5996
354.0000 0.5996
355.0000 0.5996
356.0000 0.5996
357.0000 0.5996
358.0000 0.5996
359.0000 0.5996
360.0000 0.5996
361.0000 0.5996
362.0000 0.5996
363.0000 0.5996
364.0000 0.5996
365.0000 0.5996
366.0000 0.5996
367.0000 0.5996
368.0000 0.5996
369.0000 0.5996
370.0000 0.5996
371.0000 0.5996
372.0000 0.5996
373.0000 0.5996
374.0000 0.5996
375.0000 0.5996
376.0000 0.5996
377.0000 0.5996
378.0000 0.5996
379.0000 0.5996
380.0000 0.5996
381.0000 0.5996
382.0000 0.5996
383.0000 0.5996
384.0000 0.5996
385.0000 0.5996
386.0000 0.5996
387.0000 0.5996
388.0000 0.5996
389.0000 0.5996
390.0000 0.5996
391.0000 0.5996
392.0000 0.5996
393.0000 0.5996
394.0000 0.5996
395.0000 0.5996
396.0000 0.5996
397.0000 0.5996
398.0000 0.5996
399.0000 0.5996
400.0000 0.5996
401.0000 0.5996
402.0000 0.5996
403.0000 0.5996
404.0000 0.5996
405.0000 0.5996
406.0000 0.5996
407.0000 0.5996
408.0000 0.5996
409.0000 0.5996
410.0000 1.0000
411.0000 0.7290
412.0000 0.7657
413.0000 0.8024
414.0000 0.8391
415.0000 0.8501
416.0000 0.8631
417.0000 0.8785
418.0000 0.8894
419.0000 0.8954
420.0000 0.8981
421.0000 0.8981
422.0000 0.8953
423.0000 0.8901
424.0000 0.8829
425.0000 0.8744
426.0000 0.8652
427.0000 0.8555
428.0000 0.8461
429.0000 0.8373
430.0000 0.8296
431.0000 0.8232
432.0000 0.8183
433.0000 0.8152
434.0000 0.8137
435.0000 0.8140
436.0000 0.8157
437.0000 0.8186
438.0000 0.8227
439.0000 0.8274
440.0000 0.8326
441.0000 0.8380
442.0000 0.8432
443.0000 0.8481
444.0000 0.8524
445.0000 0.8561
446.0000 0.8589
447.0000 0.8608
448.0000 0.8619
449.0000 0.8621
450.0000 0.8616
451.0000 0.8603
452.0000 0.8585
453.0000 0.8563
454.0000 0.8537
455.0000 0.8510
456.0000 0.8483
457.0000 0.8457
458.0000 0.8433
459.0000 0.8413
460.0000 0.8396
461.0000 0.8384
462.0000 0.8377
463.0000 0.8373
464.0000 0.8375
465.0000 0.8380
466.0000 0.8388
467.0000 0.8399
468.0000 0.8412
469.0000 0.8426
470.0000 0.8440
471.0000 0.8454
472.0000 0.8467
473.0000 0.8478
474.0000 0.8487
475.0000 0.8494
476.0000 0.8499
477.0000 0.8502
478.0000 0.8502
479.0000 0.8500
480.0000 0.8496
481.0000 0.8491
482.0000 0.8485
483.0000 0.8478
484.0000 0.8470
485.0000 0.8463
486.0000 0.8456
487.0000 0.8450
488.0000 0.8445
489.0000 0.8441
490.0000 0.8438
491.0000 0.8436
492.0000 0.8435
493.0000 0.8436
494.0000 0.8438
495.0000 0.8440
496.0000 0.8443
497.0000 0.8447
498.0000 0.8450
499.0000 0.8454
500.0000 0.8458
501.0000 0.8461
502.0000 0.8464
503.0000 0.8466
504.0000 0.8468
505.0000 0.8469
506.0000 0.8470
507.0000 0.8470
508.0000 0.8469
509.0000 0.8468
510.0000 0.8467
511.0000 0.8465
512.0000 0.8463
513.0000 0.8461
514.0000 0.8459
515.0000 0.8457
516.0000 0.8456
517.0000 0.8454
518.0000 0.8453
519.0000 0.8453
520.0000 0.8452
521.0000 0.8452
522.0000 0.8452
523.0000 0.8453
524.0000 0.8453
525.0000 0.8454
526.0000 0.8455
527.0000 0.8456
528.0000 0.8457
529.0000 0.8458
530.0000 0.8459
531.0000 0.8460
532.0000 0.8460
533.0000 0.8461
534.0000 0.8461
535.0000 0.8461
536.0000 0.8461
537.0000 0.8461
538.0000 0.8461
539.0000 0.8460
540.0000 0.8460
541.0000 0.8459
542.0000 0.8459
543.0000 0.8458
544.0000 0.8458
545.0000 0.8457
546.0000 0.8457
547.0000 0.8457
548.0000 0.8457
549.0000 0.8457
550.0000 0.8457
551.0000 0.8457
552.0000 0.8457
553.0000 0.8457
554.0000 0.8457
555.0000 0.8457
556.0000 0.8458
557.0000 0.8458
558.0000 0.8458
559.0000 0.8458
560.0000 0.8459
561.0000 0.8459
562.0000 0.8459
563.0000 0.8459
564.0000 0.8459
565.0000 0.8459
566.0000 0.8459
567.0000 0.8459
568.0000 0.8459
569.0000 0.8459
570.0000 0.8458
571.0000 0.8458
572.0000 0.8458
573.0000 0.8458
574.0000 0.8458
575.0000 0.8458
576.0000 0.8458
577.0000 0.8458
578.0000 0.8458
579.0000 0.8458
580.0000 0.8458
581.0000 0.8458
582.0000 0.8458
583.0000 0.8458
584.0000 0.8458
585.0000 0.8458
586.0000 0.8458
587.0000 0.8458
588.0000 0.8458
589.0000 0.8458
590.0000 0.8458
591.0000 0.8458
592.0000 0.8458
593.0000 0.8458
594.0000 0.8458
595.0000 0.8458
596.0000 0.8458
597.0000 0.8458
598.0000 0.8458
599.0000 0.8458
600.0000 0.8458
601.0000 0.8458
602.0000 0.8458
603.0000 0.8458
604.0000 0.8458
605.0000 0.8458
606.0000 0.8458
607.0000 0.8458
608.0000 0.8458
609.0000 0.8458
610.0000 -0.2878
611.0000 0.2752
612.0000 0.1991
613.0000 0.1230
614.0000 0.0469
615.0000 0.2674
616.0000 0.2963
617.0000 0.3004
618.0000 0.3013
619.0000 0.3004
620.0000 0.2970
621.0000 0.2877
622.0000 0.2747
623.0000 0.2597
624.0000 0.2443
625.0000 0.2292
626.0000 0.2147
627.0000 0.2012
628.0000 0.1887
629.0000 0.1773
630.0000 0.1669
631.0000 0.1575
632.0000 0.1487
633.0000 0.1405
634.0000 0.1327
635.0000 0.1250
636.0000 0.1173
637.0000 0.1096
638.0000 0.1019
639.0000 0.0940
640.0000 0.0861
641.0000 0.0781
642.0000 0.0700
643.0000 0.0620
644.0000 0.0539
645.0000 0.0459
646.0000 0.0379
647.0000 0.0299
648.0000 0.0219
649.0000 0.0140
650.0000 0.0061
651.0000 -0.0017
652.0000 -0.0095
653.0000 -0.0172
654.0000 -0.0248
655.0000 -0.0324
656.0000 -0.0398
657.0000 -0.0472
658.0000 -0.0545
659.0000 -0.0617
660.0000 -0.0687
661.0000 -0.0757
662.0000 -0.0826
663.0000 -0.0893
664.0000 -0.0960
665.0000 -0.1025
666.0000 -0.1090
667.0000 -0.1153
668.0000 -0.1216
669.0000 -0.1277
670.0000 -0.1337
671.0000 -0.1396
672.0000 -0.1455
673.0000 -0.1512
674.0000 -0.1569
675.0000 -0.1624
676.0000 -0.1679
677.0000 -0.1733
678.0000 -0.1786
679.0000 -0.1839
680.0000 -0.1890
681.0000 -0.1941
682.0000 -0.1991
683.0000 -0.2041
684.0000 -0.2089
685.0000 -0.2138
686.0000 -0.2185
687.0000 -0.2232
688.0000 -0.2278
689.0000 -0.2324
690.0000 -0.2369
691.0000 -0.2413
692.0000 -0.2457
693.0000 -0.2501
694.0000 -0.2544
695.0000 -0.2586
696.0000 -0.2628
697.0000 -0.2669
698.0000 -0.2710
699.0000 -0.2751
700.0000 -0.2791
701.0000 -0.2831
702.0000 -0.2870
703.0000 -0.2909
704.0000 -0.2947
705.0000 -0.2985
706.0000 -0.3023
707.0000 -0.3060
708.0000 -0.3097
709.0000 -0.3133
710.0000 -0.3169
711.0000 -0.3205
712.0000 -0.3240
713.0000 -0.3275
714.0000 -0.3310
715.0000 -0.3344
716.0000 -0.3378
717.0000 -0.3412
718.0000 -0.3446
719.0000 -0.3479
720.0000 -0.3511
721.0000 -0.3544
722.0000 -0.3576
723.0000 -0.3608
724.0000 -0.3639
725.0000 -0.3670
726.0000 -0.3701
727.0000 -0.3732
728.0000 -0.3763
729.0000 -0.3793
730.0000 -0.3822
731.0000 -0.3852
732.0000 -0.3881
733.0000 -0.3910
734.0000 -0.3939
735.0000 -0.3968
736.0000 -0.3996
737.0000 -0.4024
738.0000 -0.4052
739.0000 -0.4079
740.0000 -0.4107
741.0000 -0.4134
742.0000 -0.4160
743.0000 -0.4187
744.0000 -0.4213
745.0000 -0.4239
746.0000 -0.4265
747.0000 -0.4291
748.0000 -0.4316
749.0000 -0.4342
750.0000 -0.4367
751.0000 -0.4391
752.0000 -0.4416
753.0000 -0.4440
754.0000 -0.4464
755.0000 -0.4488
756.0000 -0.4512
757.0000 -0.4535
758.0000 -0.4559
759.0000 -0.4582
760.0000 -0.4604
761.0000 -0.4627
762.0000 -0.4650
763.0000 -0.4672
764.0000 -0.4694
765.0000 -0.4716
766.0000 -0.4738
767.0000 -0.4759
768.0000 -0.4780
769.0000 -0.4801
770.0000 -0.4822
771.0000 -0.4843
772.0000 -0.4864
773.0000 -0.4884
774.0000 -0.4904
775.0000 -0.4924
776.0000 -0.4944
777.0000 -0.4964
778.0000 -0.4983
779.0000 -0.5003
780.0000 -0.5022
781.0000 -0.5041
782.0000 -0.5060
783.0000 -0.5078
784.0000 -0.5097
785.0000 -0.5115
786.0000 -0.5133
787.0000 -0.5151
788.0000 -0.5169
789.0000 -0.5187
790.0000 -0.5204
791.0000 -0.5222
792.0000 -0.5239
793.0000 -0.5256
794.0000 -0.5273
795.0000 -0.5290
796.0000 -0.5306
797.0000 -0.5323
798.0000 -0.5339
799.0000 -0.5355
800.0000 -0.5371
801.0000 -0.5387
802.0000 -0.5403
803.0000 -0.5418
804.0000 -0.5434
805.0000 -0.5449
806.0000 -0.5464
807.0000 -0.5479
808.0000 -0.5494
809.0000 -0.5509
810.0000 -0.5287
811.0000 -0.5250
812.0000 -0.5185
813.0000 -0.5121
814.0000 -0.5056
815.0000 -0.4991
816.0000 -0.4928
817.0000 -0.4866
818.0000 -0.4804
819.0000 -0.4744
820.0000 -0.4683
821.0000 -0.4624
822.0000 -0.4565
823.0000 -0.4506
824.0000 -0.4449
825.0000 -0.4392
826.0000 -0.4336
827.0000 -0.4280
828.0000 -0.4225
829.0000 -0.4170
830.0000 -0.4116
831.0000 -0.4063
832.0000 -0.4011
833.0000 -0.3959
834.0000 -0.3907
835.0000 -0.3856
836.0000 -0.3806
837.0000 -0.3756
838.0000 -0.3707
839.0000 -0.3658
840.0000 -0.3610
841.0000 -0.3563
842.0000 -0.3516
843.0000 -0.3469
844.0000 -0.3424
845.0000 -0.3378
846.0000 -0.3334
847.0000 -0.3289
848.0000 -0.3246
849.0000 -0.3202
850.0000 -0.3160
851.0000 -0.3118
852.0000 -0.3076
853.0000 -0.3035
854.0000 -0.2994
855.0000 -0.2954
856.0000 -0.2915
857.0000 -0.2876
858.0000 -0.2837
859.0000 -0.2799
860.0000 -0.2762
861.0000 -0.2725
862.0000 -0.2688
863.0000 -0.2653
864.0000 -0.2617
865.0000 -0.2582
866.0000 -0.2548
867.0000 -0.2514
868.0000 -0.2480
869.0000 -0.2447
870.0000 -0.2415
871.0000 -0.2383
872.0000 -0.2351
873.0000 -0.2320
874.0000 -0.2289
875.0000 -0.2259
876.0000 -0.2230
877.0000 -0.2201
878.0000 -0.2172
879.0000 -0.2144
880.0000 -0.2116
881.0000 -0.2089
882.0000 -0.2062
883.0000 -0.2036
884.0000 -0.2010
885.0000 -0.1985
886.0000 -0.1960
887.0000 -0.1935
888.0000 -0.1911
889.0000 -0.1887
890.0000 -0.1864
891.0000 -0.1842
892.0000 -0.1819
893.0000 -0.1797
894.0000 -0.1776
895.0000 -0.1755
896.0000 -0.1734
897.0000 -0.1714
898.0000 -0.1694
899.0000 -0.1675
900.0000 -0.1656
901.0000 -0.1637
902.0000 -0.1619
903.0000 -0.1601
904.0000 -0.1584
905.0000 -0.1567
906.0000 -0.1550
907.0000 -0.1534
908.0000 -0.1518
909.0000 -0.1502
910.0000 -0.1487
911.0000 -0.1472
912.0000 -0.1457
913.0000 -0.1443
914.0000 -0.1429
915.0000 -0.1415
916.0000 -0.1402
917.0000 -0.1389
918.0000 -0.1377
919.0000 -0.1364
920.0000 -0.1352
921.0000 -0.1340
922.0000 -0.1329
923.0000 -0.1318
924.0000 -0.1307
925.0000 -0.1296
926.0000 -0.1286
927.0000 -0.1275
928.0000 -0.1265
929.0000 -0.1256
930.0000 -0.1246
931.0000 -0.1237
932.0000 -0.1228
933.0000 -0.1220
934.0000 -0.1211
935.0000 -0.1203
936.0000 -0.1195
937.0000 -0.1187
938.0000 -0.1179
939.0000 -0.1172
940.0000 -0.1165
941.0000 -0.1158
942.0000 -0.1151
943.0000 -0.1144
944.0000 -0.1138
945.0000 -0.1131
946.0000 -0.1125
947.0000 -0.1119
948.0000 -0.1113
949.0000 -0.1108
950.0000 -0.1102
951.0000 -0.1097
952.0000 -0.1091
953.0000 -0.1086
954.0000 -0.1081
955.0000 -0.1077
956.0000 -0.1072
957.0000 -0.1067
958.0000 -0.1063
959.0000 -0.1059
960.0000 -0.1054
961.0000 -0.1050
962.0000 -0.1046
963.0000 -0.1043
964.0000 -0.1039
965.0000 -0.1035
966.0000 -0.1032
967.0000 -0.1028
968.0000 -0.1025
969.0000 -0.1022
970.0000 -0.1019
971.0000 -0.1015
972.0000 -0.1013
973.0000 -0.1010
974.0000 -0.1007
975.0000 -0.1004
976.0000 -0.1001
977.0000 -0.0999
978.0000 -0.0996
979.0000 -0.0994
980.0000 -0.0992
981.0000 -0.0989
982.0000 -0.0987
983.0000 -0.0985
984.0000 -0.0983
985.0000 -0.0981
986.0000 -0.0979
987.0000 -0.0977
988.0000 -0.0975
989.0000 -0.0973
990.0000 -0.0971
991.0000 -0.0970
992.0000 -0.0968
993.0000 -0.0966
994.0000 -0.0965
995.0000 -0.0963
996.0000 -0.0962
997.0000 -0.0960
998.0000 -0.0959
999.0000 -0.0958
1000.0000 -0.0956
1001.0000 -0.0955
1002.0000 -0.0954
1003.0000 -0.0953
1004.0000 -0.0951
1005.0000 -0.0950
1006.0000 -0.0949
1007.0000 -0.0948
1008.0000 -0.0947
1009.0000 -0.0946
1010.0000 -0.1054
1011.0000 -0.1064
1012.0000 -0.1094
1013.0000 -0.1125
1014.0000 -0.1156
1015.0000 -0.1185
1016.0000 -0.1214
1017.0000 -0.1241
1018.0000 -0.1269
1019.0000 -0.1295
1020.0000 -0.1321
1021.0000 -0.1346
1022.0000 -0.1371
1023.0000 -0.1396
1024.0000 -0.1419
1025.0000 -0.1443
1026.0000 -0.1466
1027.0000 -0.1488
1028.0000 -0.1510
1029.0000 -0.1531
1030.0000 -0.1553
1031.0000 -0.1573
1032.0000 -0.1594
1033.0000 -0.1613
1034.0000 -0.1633
1035.0000 -0.1652
1036.0000 -0.1671
1037.0000 -0.1689
1038.0000 -0.1707
1039.0000 -0.1725
1040.0000 -0.1743
1041.0000 -0.1760
1042.0000 -0.1776
1043.0000 -0.1793
1044.0000 -0.1809
1045.0000 -0.1825
1046.0000 -0.1841
1047.0000 -0.1856
1048.0000 -0.1871
1049.0000 -0.1886
1050.0000 -0.1901
1051.0000 -0.1915
1052.0000 -0.1929
1053.0000 -0.1943
1054.0000 -0.1957
1055.0000 -0.1970
1056.0000 -0.1983
1057.0000 -0.1996
1058.0000 -0.2009
1059.0000 -0.2022
1060.0000 -0.2034
1061.0000 -0.2046
1062.0000 -0.2058
1063.0000 -0.2070
1064.0000 -0.2081
1065.0000 -0.2093
1066.0000 -0.2104
1067.0000 -0.2115
1068.0000 -0.2126
1069.0000 -0.2137
1070.0000 -0.2147
1071.0000 -0.2158
1072.0000 -0.2168
1073.0000 -0.2178
1074.0000 -0.2188
1075.0000 -0.2198
1076.0000 -0.2207
1077.0000 -0.2217
1078.0000 -0.2226
1079.0000 -0.2235
1080.0000 -0.2244
1081.0000 -0.2253
1082.0000 -0.2262
1083.0000 -0.2271
1084.0000 -0.2279
1085.0000 -0.2288
1086.0000 -0.2296
1087.0000 -0.2304
1088.0000 -0.2312
1089.0000 -0.2320
1090.0000 -0.2328
1091.0000 -0.2336
1092.0000 -0.2343
1093.0000 -0.2351
1094.0000 -0.2358
1095.0000 -0.2365
1096.0000 -0.2372
1097.0000 -0.2380
1098.0000 -0.2387
1099.0000 -0.2393
1100.0000 -0.2400
1101.0000 -0.2407
1102.0000 -0.2413
1103.0000 -0.2420
1104.0000 -0.2426
1105.0000 -0.2433
1106.0000 -0.2439
1107.0000 -0.2445
1108.0000 -0.2451
1109.0000 -0.2457
1110.0000 -0.2463
1111.0000 -0.2469
1112.0000 -0.2475
1113.0000 -0.2480
1114.0000 -0.2486
1115.0000 -0.2491
1116.0000 -0.2497
1117.0000 -0.2502
1118.0000 -0.2507
1119.0000 -0.2513
1120.0000 -0.2518
1121.0000 -0.2523
1122.0000 -0.2528
1123.0000 -0.2533
1124.0000 -0.2538
1125.0000 -0.2542
1126.0000 -0.2547
1127.0000 -0.2552
1128.0000 -0.2557
1129.0000 -0.2561
1130.0000 -0.2566
1131.0000 -0.2570
1132.0000 -0.2574
1133.0000 -0.2579
1134.0000 -0.2583
1135.0000 -0.2587
1136.0000 -0.2591
1137.0000 -0.2596
1138.0000 -0.2600
1139.0000 -0.2604
1140.0000 -0.2607
1141.0000 -0.2611
1142.0000 -0.2615
1143.0000 -0.2619
1144.0000 -0.2623
1145.0000 -0.2626
1146.0000 -0.2630
1147.0000 -0.2634
1148.0000 -0.2637
1149.0000 -0.2641
1150.0000 -0.2644
1151.0000 -0.2648
1152.0000 -0.2651
1153.0000 -0.2654
1154.0000 -0.2658
1155.0000 -0.2661
1156.0000 -0.2664
1157.0000 -0.2667
1158.0000 -0.2670
1159.0000 -0.2673
1160.0000 -0.2677
1161.0000 -0.2680
1162.0000 -0.2682
1163.0000 -0.2685
1164.0000 -0.2688
1165.0000 -0.2691
1166.0000 -0.2694
1167.0000 -0.2697
1168.0000 -0.2700
1169.0000 -0.2702
1170.0000 -0.2705
1171.0000 -0.2708
1172.0000 -0.2710
1173.0000 -0.2713
1174.0000 -0.2715
1175.0000 -0.2718
1176.0000 -0.2720
1177.0000 -0.2723
1178.0000 -0.2725
1179.0000 -0.2728
1180.0000 -0.2730
1181.0000 -0.2732
1182.0000 -0.2735
1183.0000 -0.2737
1184.0000 -0.2739
1185.0000 -0.2741
1186.0000 -0.2743
1187.0000 -0.2746
1188.0000 -0.2748
1189.0000 -0.2750
1190.0000 -0.2752
1191.0000 -0.2754
1192.0000 -0.2756
1193.0000 -0.2758
1194.0000 -0.2760
1195.0000 -0.2762
1196.0000 -0.2764
1197.0000 -0.2766
1198.0000 -0.2768
1199.0000 -0.2770
1200.0000 -0.2771
1201.0000 -0.2773
1202.0000 -0.2775
1203.0000 -0.2777
1204.0000 -0.2778
1205.0000 -0.2780
1206.0000 -0.2782
1207.0000 -0.2784
1208.0000 -0.2785
1209.0000 -0.2787
1210.0000 -0.0262
1211.0000 0.0168
1212.0000 0.0963
1213.0000 0.1759
1214.0000 0.2555
1215.0000 0.3343
1216.0000 0.4052
1217.0000 0.4665
1218.0000 0.5142
1219.0000 0.5462
1220.0000 0.5639
1221.0000 0.5717
1222.0000 0.5731
1223.0000 0.5697
1224.0000 0.5623
1225.0000 0.5517
1226.0000 0.5385
1227.0000 0.5232
1228.0000 0.5065
1229.0000 0.4897
1230.0000 0.4740
1231.0000 0.4602
1232.0000 0.4486
1233.0000 0.4396
1234.0000 0.4330
1235.0000 0.4286
1236.0000 0.4260
1237.0000 0.4245
1238.0000 0.4236
1239.0000 0.4231
1240.0000 0.4229
1241.0000 0.4230
1242.0000 0.4234
1243.0000 0.4238
1244.0000 0.4244
1245.0000 0.4250
1246.0000 0.4255
1247.0000 0.4259
1248.0000 0.4262
1249.0000 0.4264
1250.0000 0.4265
1251.0000 0.4265
1252.0000 0.4264
1253.0000 0.4262
1254.0000 0.4260
1255.0000 0.4257
1256.0000 0.4254
1257.0000 0.4251
1258.0000 0.4248
1259.0000 0.4245
1260.0000 0.4242
1261.0000 0.4240
1262.0000 0.4238
1263.0000 0.4236
1264.0000 0.4234
1265.0000 0.4233
1266.0000 0.4232
1267.0000 0.4232
1268.0000 0.4231
1269.0000 0.4231
1270.0000 0.4231
1271.0000 0.4231
1272.0000 0.4231
1273.0000 0.4231
1274.0000 0.4232
1275.0000 0.4232
1276.0000 0.4232
1277.0000 0.4232
1278.0000 0.4233
1279.0000 0.4233
1280.0000 0.4233
1281.0000 0.4233
1282.0000 0.4233
1283.0000 0.4233
1284.0000 0.4233
1285.0000 0.4233
1286.0000 0.4233
1287.0000 0.4233
1288.0000 0.4233
1289.0000 0.4233
1290.0000 0.4233
1291.0000 0.4233
1292.0000 0.4233
1293.0000 0.4233
1294.0000 0.4233
1295.0000 0.4233
1296.0000 0.4233
1297.0000 0.4233
1298.0000 0.4233
1299.0000 0.4233
1300.0000 0.4233
1301.0000 0.4233
1302.0000 0.4233
1303.0000 0.4233
1304.0000 0.4233
1305.0000 0.4233
1306.0000 0.4233
1307.0000 0.4233
1308.0000 0.4233
1309.0000 0.4233
1310.0000 0.4233
1311.0000 0.4233
1312.0000 0.4233
1313.0000 0.4233
1314.0000 0.4233
1315.0000 0.4233
1316.0000 0.4233
1317.0000 0.4233
1318.0000 0.4233
1319.0000 0.4233
1320.0000 0.4233
1321.0000 0.4233
1322.0000 0.4233
1323.0000 0.4233
1324.0000 0.4233
1325.0000 0.4233
1326.0000 0.4233
1327.0000 0.4233
1328.0000 0.4233
1329.0000 0.4233
1330.0000 0.4233
1331.0000 0.4233
1332.0000 0.4233
1333.0000 0.4233
1334.0000 0.4233
1335.0000 0.4233
1336.0000 0.4233
1337.0000 0.4233
1338.0000 0.4233
1339.0000 0.4233
1340.0000 0.4233
1341.0000 0.4233
1342.0000 0.4233
1343.0000 0.4233
1344.0000 0.4233
1345.0000 0.4233
1346.0000 0.4233
1347.0000 0.4233
1348.0000 0.4233
1349.0000 0.4233
1350.0000 0.4233
1351.0000 0.4233
1352.0000 0.4233
1353.0000 0.4233
1354.0000 0.4233
1355.0000 0.4233
1356.0000 0.4233
1357.0000 0.4233
1358.0000 0.4233
1359.0000 0.4233
1360.0000 0.4233
1361.0000 0.4233
1362.0000 0.4233
1363.0000 0.4233
1364.0000 0.4233
1365.0000 0.4233
1366.0000 0.4233
1367.0000 0.4233
1368.0000 0.4233
1369.0000 0.4233
1370.0000 0.4233
1371.0000 0.4233
1372.0000 0.4233
1373.0000 0.4233
1374.0000 0.4233
1375.0000 0.4233
1376.0000 0.4233
1377.0000 0.4233
1378.0000 0.4233
1379.0000 0.4233
1380.0000 0.4233
1381.0000 0.4233
1382.0000 0.4233
1383.0000 0.4233
1384.0000 0.4233
1385.0000 0.4233
1386.0000 0.4233
1387.0000 0.4233
1388.0000 0.4233
1389.0000 0.4233
1390.0000 0.4233
1391.0000 0.4233
1392.0000 0.4233
1393.0000 0.4233
1394.0000 0.4233
1395.0000 0.4233
1396.0000 0.4233
1397.0000 0.4233
1398.0000 0.4233
1399.0000 0.4233
1400.0000 0.4233
1401.0000 0.4233
1402.0000 0.4233
1403.0000 0.4233
1404.0000 0.4233
1405.0000 0.4233
1406.0000 0.4233
1407.0000 0.4233
1408.0000 0.4233
1409.0000 0.4233
1410.0000 0.4233
