1.0000 0.0000
2.0000 0.0000
3.0000 0.0000
4.0000 0.0000
5.0000 0.0000
6.0000 0.0000
7.0000 0.0000
8.0000 0.0000
9.0000 0.0000
10.0000 0.0000
11.0000 0.0000
12.0000 0.0000
13.0000 0.0000
14.0000 0.0000
15.0000 0.1094
16.0000 0.3686
17.0000 0.7309
18.0000 1.1678
19.0000 1.6414
20.0000 2.1235
21.0000 2.5936
22.0000 3.0379
23.0000 3.4473
24.0000 3.8170
25.0000 4.1447
26.0000 4.4302
27.0000 4.6738
28.0000 4.8763
29.0000 5.0388
30.0000 5.1628
31.0000 5.2504
32.0000 5.3042
33.0000 5.3274
34.0000 5.3237
35.0000 5.2973
36.0000 5.2527
37.0000 5.1949
38.0000 5.1287
39.0000 5.0586
40.0000 4.9891
41.0000 4.9239
42.0000 4.8662
43.0000 4.8183
44.0000 4.7819
45.0000 4.7579
46.0000 4.7465
47.0000 4.7473
48.0000 4.7592
49.0000 4.7809
50.0000 4.8106
51.0000 4.8463
52.0000 4.8860
53.0000 4.9277
54.0000 4.9692
55.0000 5.0089
56.0000 5.0450
57.0000 5.0762
58.0000 5.1015
59.0000 5.1203
60.0000 5.1320
61.0000 5.1369
62.0000 5.1350
63.0000 5.1272
64.0000 5.1141
65.0000 5.0968
66.0000 5.0764
67.0000 5.0540
68.0000 5.0310
69.0000 5.0084
70.0000 4.9872
71.0000 4.9683
72.0000 4.9524
73.0000 4.9399
74.0000 4.9312
75.0000 4.9264
76.0000 4.9253
77.0000 4.9278
78.0000 4.9333
79.0000 4.9415
80.0000 4.9517
81.0000 4.9632
82.0000 4.9756
83.0000 4.9881
84.0000 5.0001
85.0000 5.0112
86.0000 5.0209
87.0000 5.0289
88.0000 5.0349
89.0000 5.0389
90.0000 5.0407
91.0000 5.0406
92.0000 5.0386
93.0000 5.0350
94.0000 5.0301
95.0000 5.0242
96.0000 5.0176
97.0000 5.0108
98.0000 5.0040
99.0000 4.9976
100.0000 4.9918
101.0000 4.9868
102.0000 4.9828
103.0000 4.9800
104.0000 4.9782
105.0000 4.9777
106.0000 4.9781
107.0000 4.9796
108.0000 4.9819
109.0000 4.9848
110.0000 4.9882
111.0000 4.9918
112.0000 4.9956
113.0000 4.9992
114.0000 5.0026
115.0000 5.0056
116.0000 5.0081
117.0000 5.0101
118.0000 5.0114
119.0000 5.0121
120.0000 5.0122
121.0000 5.0117
122.0000 5.0107
123.0000 5.0094
124.0000 5.0076
125.0000 5.0057
126.0000 5.0037
127.0000 5.0017
128.0000 4.9997
129.0000 4.9979
130.0000 4.9964
131.0000 4.9951
132.0000 4.9942
133.0000 4.9936
134.0000 4.9933
135.0000 4.9934
136.0000 4.9938
137.0000 4.9944
138.0000 4.9952
139.0000 4.9962
140.0000 4.9973
141.0000 4.9984
142.0000 4.9995
143.0000 5.0005
144.0000 5.0015
145.0000 5.0023
146.0000 5.0029
147.0000 5.0033
148.0000 5.0036
149.0000 5.0036
150.0000 5.0035
151.0000 5.0033
152.0000 5.0029
153.0000 5.0024
154.0000 5.0018
155.0000 5.0012
156.0000 5.0006
157.0000 5.0000
158.0000 4.9995
159.0000 4.9990
160.0000 4.9986
161.0000 4.9983
162.0000 4.9981
163.0000 4.9980
164.0000 4.9980
165.0000 4.9981
166.0000 4.9983
167.0000 4.9985
168.0000 4.9988
169.0000 4.9991
170.0000 4.9994
171.0000 4.9998
172.0000 5.0001
173.0000 5.0004
174.0000 5.0006
175.0000 5.0008
176.0000 5.0010
177.0000 5.0011
178.0000 5.0011
179.0000 5.0011
180.0000 5.0010
181.0000 5.0009
182.0000 5.0008
183.0000 5.0006
184.0000 5.0004
185.0000 5.0002
186.0000 5.0001
187.0000 4.9999
188.0000 4.9997
189.0000 4.9996
190.0000 4.9995
191.0000 4.9994
192.0000 4.9994
193.0000 4.9994
194.0000 4.9994
195.0000 4.9995
196.0000 4.9995
197.0000 4.9996
198.0000 4.9997
199.0000 4.9998
200.0000 4.9999
201.0000 5.0000
202.0000 5.0001
203.0000 5.0002
204.0000 5.0002
205.0000 5.0003
206.0000 5.0003
207.0000 5.0003
208.0000 5.0003
209.0000 5.0003
210.0000 5.0003
211.0000 5.0002
212.0000 5.0002
213.0000 5.0001
214.0000 5.0001
215.0000 4.2194
216.0000 3.4955
217.0000 2.8788
218.0000 2.3505
219.0000 1.8957
220.0000 1.5664
221.0000 1.3639
222.0000 1.2666
223.0000 1.2541
224.0000 1.3098
225.0000 1.4161
226.0000 1.5554
227.0000 1.7121
228.0000 1.8729
229.0000 2.0272
230.0000 2.1659
231.0000 2.2826
232.0000 2.3730
233.0000 2.4348
234.0000 2.4678
235.0000 2.4735
236.0000 2.4550
237.0000 2.4163
238.0000 2.3624
239.0000 2.2986
240.0000 2.2299
241.0000 2.1612
242.0000 2.0963
243.0000 2.0384
244.0000 1.9896
245.0000 1.9511
246.0000 1.9233
247.0000 1.9058
248.0000 1.8977
249.0000 1.8978
250.0000 1.9044
251.0000 1.9159
252.0000 1.9308
253.0000 1.9474
254.0000 1.9646
255.0000 1.9810
256.0000 1.9959
257.0000 2.0085
258.0000 2.0186
259.0000 2.0259
260.0000 2.0305
261.0000 2.0325
262.0000 2.0323
263.0000 2.0302
264.0000 2.0267
265.0000 2.0223
266.0000 2.0173
267.0000 2.0122
268.0000 2.0073
269.0000 2.0028
270.0000 1.9990
271.0000 1.9959
272.0000 1.9936
273.0000 1.9921
274.0000 1.9914
275.0000 1.9913
276.0000 1.9917
277.0000 1.9926
278.0000 1.9938
279.0000 1.9951
280.0000 1.9965
281.0000 1.9979
282.0000 1.9992
283.0000 2.0002
284.0000 2.0011
285.0000 2.0018
286.0000 2.0022
287.0000 2.0025
288.0000 2.0025
289.0000 2.0024
290.0000 2.0022
291.0000 2.0018
292.0000 2.0015
293.0000 2.0011
294.0000 2.0007
295.0000 2.0003
296.0000 2.0000
297.0000 1.9997
298.0000 1.9995
299.0000 1.9994
300.0000 1.9993
301.0000 1.9993
302.0000 1.9993
303.0000 1.9994
304.0000 1.9995
305.0000 1.9996
306.0000 1.9997
307.0000 1.9998
308.0000 1.9999
309.0000 2.0000
310.0000 2.0001
311.0000 2.0001
312.0000 2.0002
313.0000 2.0002
314.0000 2.0002
315.0000 2.0002
316.0000 2.0002
317.0000 2.0002
318.0000 2.0001
319.0000 2.0001
320.0000 2.0001
321.0000 2.0000
322.0000 2.0000
323.0000 2.0000
324.0000 2.0000
325.0000 2.0000
326.0000 1.9999
327.0000 1.9999
328.0000 1.9999
329.0000 1.9999
330.0000 2.0000
331.0000 2.0000
332.0000 2.0000
333.0000 2.0000
334.0000 2.0000
335.0000 2.0000
336.0000 2.0000
337.0000 2.0000
338.0000 2.0000
339.0000 2.0000
340.0000 2.0000
341.0000 2.0000
342.0000 2.0000
343.0000 2.0000
344.0000 2.0000
345.0000 2.0000
346.0000 2.0000
347.0000 2.0000
348.0000 2.0000
349.0000 2.0000
350.0000 2.0000
351.0000 2.0000
352.0000 2.0000
353.0000 2.0000
354.0000 2.0000
355.0000 2.0000
356.0000 2.0000
357.0000 2.0000
358.0000 2.0000
359.0000 2.0000
360.0000 2.0000
361.0000 2.0000
362.0000 2.0000
363.0000 2.0000
364.0000 2.0000
365.0000 2.0000
366.0000 2.0000
367.0000 2.0000
368.0000 2.0000
369.0000 2.0000
370.0000 2.0000
371.0000 2.0000
372.0000 2.0000
373.0000 2.0000
374.0000 2.0000
375.0000 2.0000
376.0000 2.0000
377.0000 2.0000
378.0000 2.0000
379.0000 2.0000
380.0000 2.0000
381.0000 2.0000
382.0000 2.0000
383.0000 2.0000
384.0000 2.0000
385.0000 2.0000
386.0000 2.0000
387.0000 2.0000
388.0000 2.0000
389.0000 2.0000
390.0000 2.0000
391.0000 2.0000
392.0000 2.0000
393.0000 2.0000
394.0000 2.0000
395.0000 2.0000
396.0000 2.0000
397.0000 2.0000
398.0000 2.0000
399.0000 2.0000
400.0000 2.0000
401.0000 2.0000
402.0000 2.0000
403.0000 2.0000
404.0000 2.0000
405.0000 2.0000
406.0000 2.0000
407.0000 2.0000
408.0000 2.0000
409.0000 2.0000
410.0000 2.0000
411.0000 2.0000
412.0000 2.0000
413.0000 2.0000
414.0000 2.0000
415.0000 2.0940
416.0000 2.2146
417.0000 2.3278
418.0000 2.4441
419.0000 2.5705
420.0000 2.7041
421.0000 2.8420
422.0000 2.9838
423.0000 3.1288
424.0000 3.2747
425.0000 3.4187
426.0000 3.5581
427.0000 3.6902
428.0000 3.8124
429.0000 3.9222
430.0000 4.0175
431.0000 4.0967
432.0000 4.1590
433.0000 4.2039
434.0000 4.2316
435.0000 4.2432
436.0000 4.2399
437.0000 4.2239
438.0000 4.1972
439.0000 4.1626
440.0000 4.1227
441.0000 4.0802
442.0000 4.0375
443.0000 3.9968
444.0000 3.9601
445.0000 3.9287
446.0000 3.9038
447.0000 3.8859
448.0000 3.8752
449.0000 3.8714
450.0000 3.8742
451.0000 3.8826
452.0000 3.8958
453.0000 3.9126
454.0000 3.9319
455.0000 3.9524
456.0000 3.9733
457.0000 3.9933
458.0000 4.0116
459.0000 4.0276
460.0000 4.0408
461.0000 4.0506
462.0000 4.0571
463.0000 4.0602
464.0000 4.0602
465.0000 4.0572
466.0000 4.0518
467.0000 4.0444
468.0000 4.0356
469.0000 4.0260
470.0000 4.0161
471.0000 4.0064
472.0000 3.9973
473.0000 3.9893
474.0000 3.9826
475.0000 3.9774
476.0000 3.9738
477.0000 3.9718
478.0000 3.9713
479.0000 3.9723
480.0000 3.9745
481.0000 3.9778
482.0000 3.9817
483.0000 3.9862
484.0000 3.9908
485.0000 3.9955
486.0000 3.9999
487.0000 4.0039
488.0000 4.0073
489.0000 4.0100
490.0000 4.0119
491.0000 4.0131
492.0000 4.0136
493.0000 4.0134
494.0000 4.0125
495.0000 4.0111
496.0000 4.0094
497.0000 4.0073
498.0000 4.0051
499.0000 4.0029
500.0000 4.0008
501.0000 3.9988
502.0000 3.9971
503.0000 3.9957
504.0000 3.9946
505.0000 3.9939
506.0000 3.9936
507.0000 3.9936
508.0000 3.9939
509.0000 3.9945
510.0000 3.9953
511.0000 3.9962
512.0000 3.9972
513.0000 3.9983
514.0000 3.9993
515.0000 4.0003
516.0000 4.0011
517.0000 4.0018
518.0000 4.0024
519.0000 4.0028
520.0000 4.0030
521.0000 4.0031
522.0000 4.0030
523.0000 4.0027
524.0000 4.0024
525.0000 4.0020
526.0000 4.0015
527.0000 4.0010
528.0000 4.0005
529.0000 4.0000
530.0000 3.9996
531.0000 3.9992
532.0000 3.9989
533.0000 3.9987
534.0000 3.9986
535.0000 3.9986
536.0000 3.9986
537.0000 3.9987
538.0000 3.9988
539.0000 3.9990
540.0000 3.9992
541.0000 3.9995
542.0000 3.9997
543.0000 3.9999
544.0000 4.0001
545.0000 4.0003
546.0000 4.0005
547.0000 4.0006
548.0000 4.0006
549.0000 4.0007
550.0000 4.0007
551.0000 4.0006
552.0000 4.0006
553.0000 4.0005
554.0000 4.0004
555.0000 4.0003
556.0000 4.0002
557.0000 4.0001
558.0000 4.0000
559.0000 3.9999
560.0000 3.9998
561.0000 3.9997
562.0000 3.9997
563.0000 3.9997
564.0000 3.9997
565.0000 3.9997
566.0000 3.9997
567.0000 3.9997
568.0000 3.9998
569.0000 3.9998
570.0000 3.9999
571.0000 3.9999
572.0000 4.0000
573.0000 4.0000
574.0000 4.0001
575.0000 4.0001
576.0000 4.0001
577.0000 4.0001
578.0000 4.0002
579.0000 4.0002
580.0000 4.0001
581.0000 4.0001
582.0000 4.0001
583.0000 4.0001
584.0000 4.0001
585.0000 4.0000
586.0000 4.0000
587.0000 4.0000
588.0000 4.0000
589.0000 4.0000
590.0000 3.9999
591.0000 3.9999
592.0000 3.9999
593.0000 3.9999
594.0000 3.9999
595.0000 3.9999
596.0000 3.9999
597.0000 4.0000
598.0000 4.0000
599.0000 4.0000
600.0000 4.0000
601.0000 4.0000
602.0000 4.0000
603.0000 4.0000
604.0000 4.0000
605.0000 4.0000
606.0000 4.0000
607.0000 4.0000
608.0000 4.0000
609.0000 4.0000
610.0000 4.0000
611.0000 4.0000
612.0000 4.0000
613.0000 4.0000
614.0000 4.0000
615.0000 2.8356
616.0000 1.8685
617.0000 1.1614
618.0000 0.6725
619.0000 0.3566
620.0000 0.1713
621.0000 0.1046
622.0000 0.1169
623.0000 0.1741
624.0000 0.2494
625.0000 0.3241
626.0000 0.3860
627.0000 0.4280
628.0000 0.4465
629.0000 0.4417
630.0000 0.4165
631.0000 0.3760
632.0000 0.3265
633.0000 0.2741
634.0000 0.2236
635.0000 0.1778
636.0000 0.1383
637.0000 0.1052
638.0000 0.0779
639.0000 0.0557
640.0000 0.0378
641.0000 0.0232
642.0000 0.0114
643.0000 0.0016
644.0000 -0.0065
645.0000 -0.0134
646.0000 -0.0193
647.0000 -0.0245
648.0000 -0.0290
649.0000 -0.0331
650.0000 -0.0367
651.0000 -0.0401
652.0000 -0.0431
653.0000 -0.0459
654.0000 -0.0485
655.0000 -0.0509
656.0000 -0.0532
657.0000 -0.0553
658.0000 -0.0573
659.0000 -0.0592
660.0000 -0.0610
661.0000 -0.0627
662.0000 -0.0643
663.0000 -0.0658
664.0000 -0.0672
665.0000 -0.0686
666.0000 -0.0699
667.0000 -0.0712
668.0000 -0.0724
669.0000 -0.0736
670.0000 -0.0747
671.0000 -0.0758
672.0000 -0.0768
673.0000 -0.0778
674.0000 -0.0787
675.0000 -0.0797
676.0000 -0.0806
677.0000 -0.0814
678.0000 -0.0823
679.0000 -0.0831
680.0000 -0.0839
681.0000 -0.0846
682.0000 -0.0854
683.0000 -0.0861
684.0000 -0.0868
685.0000 -0.0875
686.0000 -0.0881
687.0000 -0.0888
688.0000 -0.0894
689.0000 -0.0900
690.0000 -0.0906
691.0000 -0.0912
692.0000 -0.0918
693.0000 -0.0923
694.0000 -0.0929
695.0000 -0.0934
696.0000 -0.0940
697.0000 -0.0945
698.0000 -0.0950
699.0000 -0.0955
700.0000 -0.0959
701.0000 -0.0964
702.0000 -0.0969
703.0000 -0.0973
704.0000 -0.0978
705.0000 -0.0982
706.0000 -0.0986
707.0000 -0.0991
708.0000 -0.0995
709.0000 -0.0999
710.0000 -0.1003
711.0000 -0.1007
712.0000 -0.1011
713.0000 -0.1014
714.0000 -0.1018
715.0000 -0.1022
716.0000 -0.1026
717.0000 -0.1029
718.0000 -0.1033
719.0000 -0.1036
720.0000 -0.1040
721.0000 -0.1043
722.0000 -0.1046
723.0000 -0.1050
724.0000 -0.1053
725.0000 -0.1056
726.0000 -0.1059
727.0000 -0.1063
728.0000 -0.1066
729.0000 -0.1069
730.0000 -0.1072
731.0000 -0.1075
732.0000 -0.1078
733.0000 -0.1081
734.0000 -0.1083
735.0000 -0.1086
736.0000 -0.1089
737.0000 -0.1092
738.0000 -0.1095
739.0000 -0.1097
740.0000 -0.1100
741.0000 -0.1103
742.0000 -0.1105
743.0000 -0.1108
744.0000 -0.1111
745.0000 -0.1113
746.0000 -0.1116
747.0000 -0.1118
748.0000 -0.1121
749.0000 -0.1123
750.0000 -0.1126
751.0000 -0.1128
752.0000 -0.1131
753.0000 -0.1133
754.0000 -0.1135
755.0000 -0.1138
756.0000 -0.1140
757.0000 -0.1142
758.0000 -0.1145
759.0000 -0.1147
760.0000 -0.1149
761.0000 -0.1151
762.0000 -0.1153
763.0000 -0.1156
764.0000 -0.1158
765.0000 -0.1160
766.0000 -0.1162
767.0000 -0.1164
768.0000 -0.1166
769.0000 -0.1168
770.0000 -0.1170
771.0000 -0.1172
772.0000 -0.1175
773.0000 -0.1177
774.0000 -0.1179
775.0000 -0.1181
776.0000 -0.1182
777.0000 -0.1184
778.0000 -0.1186
779.0000 -0.1188
780.0000 -0.1190
781.0000 -0.1192
782.0000 -0.1194
783.0000 -0.1196
784.0000 -0.1198
785.0000 -0.1200
786.0000 -0.1201
787.0000 -0.1203
788.0000 -0.1205
789.0000 -0.1207
790.0000 -0.1209
791.0000 -0.1210
792.0000 -0.1212
793.0000 -0.1214
794.0000 -0.1216
795.0000 -0.1217
796.0000 -0.1219
797.0000 -0.1221
798.0000 -0.1222
799.0000 -0.1224
800.0000 -0.1226
801.0000 -0.1227
802.0000 -0.1229
803.0000 -0.1231
804.0000 -0.1232
805.0000 -0.1234
806.0000 -0.1235
807.0000 -0.1237
808.0000 -0.1239
809.0000 -0.1240
810.0000 -0.1242
811.0000 -0.1243
812.0000 -0.1245
813.0000 -0.1246
814.0000 -0.1248
815.0000 -0.1248
816.0000 -0.1243
817.0000 -0.1239
818.0000 -0.1235
819.0000 -0.1232
820.0000 -0.1228
821.0000 -0.1223
822.0000 -0.1219
823.0000 -0.1215
824.0000 -0.1211
825.0000 -0.1207
826.0000 -0.1202
827.0000 -0.1198
828.0000 -0.1194
829.0000 -0.1190
830.0000 -0.1185
831.0000 -0.1181
832.0000 -0.1177
833.0000 -0.1173
834.0000 -0.1169
835.0000 -0.1165
836.0000 -0.1160
837.0000 -0.1156
838.0000 -0.1152
839.0000 -0.1148
840.0000 -0.1144
841.0000 -0.1140
842.0000 -0.1136
843.0000 -0.1132
844.0000 -0.1128
845.0000 -0.1124
846.0000 -0.1120
847.0000 -0.1116
848.0000 -0.1111
849.0000 -0.1107
850.0000 -0.1103
851.0000 -0.1099
852.0000 -0.1095
853.0000 -0.1091
854.0000 -0.1087
855.0000 -0.1083
856.0000 -0.1079
857.0000 -0.1075
858.0000 -0.1071
859.0000 -0.1067
860.0000 -0.1063
861.0000 -0.1059
862.0000 -0.1055
863.0000 -0.1051
864.0000 -0.1047
865.0000 -0.1043
866.0000 -0.1039
867.0000 -0.1035
868.0000 -0.1031
869.0000 -0.1027
870.0000 -0.1023
871.0000 -0.1019
872.0000 -0.1015
873.0000 -0.1011
874.0000 -0.1007
875.0000 -0.1003
876.0000 -0.0999
877.0000 -0.0995
878.0000 -0.0991
879.0000 -0.0987
880.0000 -0.0983
881.0000 -0.0979
882.0000 -0.0975
883.0000 -0.0971
884.0000 -0.0967
885.0000 -0.0963
886.0000 -0.0959
887.0000 -0.0955
888.0000 -0.0951
889.0000 -0.0947
890.0000 -0.0943
891.0000 -0.0939
892.0000 -0.0935
893.0000 -0.0931
894.0000 -0.0927
895.0000 -0.0923
896.0000 -0.0919
897.0000 -0.0915
898.0000 -0.0911
899.0000 -0.0907
900.0000 -0.0902
901.0000 -0.0898
902.0000 -0.0894
903.0000 -0.0890
904.0000 -0.0886
905.0000 -0.0882
906.0000 -0.0878
907.0000 -0.0874
908.0000 -0.0870
909.0000 -0.0866
910.0000 -0.0862
911.0000 -0.0858
912.0000 -0.0854
913.0000 -0.0850
914.0000 -0.0846
915.0000 -0.0842
916.0000 -0.0838
917.0000 -0.0834
918.0000 -0.0830
919.0000 -0.0826
920.0000 -0.0823
921.0000 -0.0819
922.0000 -0.0815
923.0000 -0.0811
924.0000 -0.0807
925.0000 -0.0803
926.0000 -0.0799
927.0000 -0.0795
928.0000 -0.0792
929.0000 -0.0788
930.0000 -0.0784
931.0000 -0.0780
932.0000 -0.0777
933.0000 -0.0773
934.0000 -0.0769
935.0000 -0.0765
936.0000 -0.0762
937.0000 -0.0758
938.0000 -0.0755
939.0000 -0.0751
940.0000 -0.0747
941.0000 -0.0744
942.0000 -0.0740
943.0000 -0.0737
944.0000 -0.0733
945.0000 -0.0730
946.0000 -0.0726
947.0000 -0.0723
948.0000 -0.0720
949.0000 -0.0716
950.0000 -0.0713
951.0000 -0.0710
952.0000 -0.0706
953.0000 -0.0703
954.0000 -0.0700
955.0000 -0.0697
956.0000 -0.0694
957.0000 -0.0691
958.0000 -0.0687
959.0000 -0.0684
960.0000 -0.0681
961.0000 -0.0678
962.0000 -0.0675
963.0000 -0.0673
964.0000 -0.0670
965.0000 -0.0667
966.0000 -0.0664
967.0000 -0.0661
968.0000 -0.0658
969.0000 -0.0656
970.0000 -0.0653
971.0000 -0.0650
972.0000 -0.0648
973.0000 -0.0645
974.0000 -0.0642
975.0000 -0.0640
976.0000 -0.0637
977.0000 -0.0635
978.0000 -0.0633
979.0000 -0.0630
980.0000 -0.0628
981.0000 -0.0625
982.0000 -0.0623
983.0000 -0.0621
984.0000 -0.0619
985.0000 -0.0616
986.0000 -0.0614
987.0000 -0.0612
988.0000 -0.0610
989.0000 -0.0608
990.0000 -0.0606
991.0000 -0.0604
992.0000 -0.0602
993.0000 -0.0600
994.0000 -0.0598
995.0000 -0.0596
996.0000 -0.0594
997.0000 -0.0592
998.0000 -0.0590
999.0000 -0.0589
1000.0000 -0.0587
1001.0000 -0.0585
1002.0000 -0.0584
1003.0000 -0.0582
1004.0000 -0.0580
1005.0000 -0.0579
1006.0000 -0.0577
1007.0000 -0.0575
1008.0000 -0.0574
1009.0000 -0.0572
1010.0000 -0.0571
1011.0000 -0.0570
1012.0000 -0.0568
1013.0000 -0.0567
1014.0000 -0.0565
1015.0000 -0.0568
1016.0000 -0.0575
1017.0000 -0.0581
1018.0000 -0.0588
1019.0000 -0.0595
1020.0000 -0.0602
1021.0000 -0.0610
1022.0000 -0.0617
1023.0000 -0.0624
1024.0000 -0.0630
1025.0000 -0.0637
1026.0000 -0.0644
1027.0000 -0.0650
1028.0000 -0.0656
1029.0000 -0.0662
1030.0000 -0.0668
1031.0000 -0.0673
1032.0000 -0.0679
1033.0000 -0.0684
1034.0000 -0.0689
1035.0000 -0.0694
1036.0000 -0.0699
1037.0000 -0.0704
1038.0000 -0.0709
1039.0000 -0.0713
1040.0000 -0.0718
1041.0000 -0.0722
1042.0000 -0.0726
1043.0000 -0.0730
1044.0000 -0.0734
1045.0000 -0.0738
1046.0000 -0.0742
1047.0000 -0.0746
1048.0000 -0.0749
1049.0000 -0.0753
1050.0000 -0.0756
1051.0000 -0.0760
1052.0000 -0.0763
1053.0000 -0.0766
1054.0000 -0.0770
1055.0000 -0.0773
1056.0000 -0.0776
1057.0000 -0.0779
1058.0000 -0.0782
1059.0000 -0.0785
1060.0000 -0.0787
1061.0000 -0.0790
1062.0000 -0.0793
1063.0000 -0.0796
1064.0000 -0.0798
1065.0000 -0.0801
1066.0000 -0.0803
1067.0000 -0.0806
1068.0000 -0.0808
1069.0000 -0.0811
1070.0000 -0.0813
1071.0000 -0.0815
1072.0000 -0.0818
1073.0000 -0.0820
1074.0000 -0.0822
1075.0000 -0.0824
1076.0000 -0.0826
1077.0000 -0.0828
1078.0000 -0.0830
1079.0000 -0.0832
1080.0000 -0.0834
1081.0000 -0.0836
1082.0000 -0.0838
1083.0000 -0.0840
1084.0000 -0.0842
1085.0000 -0.0844
1086.0000 -0.0846
1087.0000 -0.0847
1088.0000 -0.0849
1089.0000 -0.0851
1090.0000 -0.0852
1091.0000 -0.0854
1092.0000 -0.0856
1093.0000 -0.0857
1094.0000 -0.0859
1095.0000 -0.0860
1096.0000 -0.0862
1097.0000 -0.0864
1098.0000 -0.0865
1099.0000 -0.0866
1100.0000 -0.0868
1101.0000 -0.0869
1102.0000 -0.0871
1103.0000 -0.0872
1104.0000 -0.0874
1105.0000 -0.0875
1106.0000 -0.0876
1107.0000 -0.0878
1108.0000 -0.0879
1109.0000 -0.0880
1110.0000 -0.0881
1111.0000 -0.0883
1112.0000 -0.0884
1113.0000 -0.0885
1114.0000 -0.0886
1115.0000 -0.0887
1116.0000 -0.0889
1117.0000 -0.0890
1118.0000 -0.0891
1119.0000 -0.0892
1120.0000 -0.0893
1121.0000 -0.0894
1122.0000 -0.0895
1123.0000 -0.0896
1124.0000 -0.0897
1125.0000 -0.0898
1126.0000 -0.0899
1127.0000 -0.0900
1128.0000 -0.0901
1129.0000 -0.0902
1130.0000 -0.0903
1131.0000 -0.0904
1132.0000 -0.0905
1133.0000 -0.0906
1134.0000 -0.0907
1135.0000 -0.0908
1136.0000 -0.0909
1137.0000 -0.0910
1138.0000 -0.0911
1139.0000 -0.0912
1140.0000 -0.0913
1141.0000 -0.0913
1142.0000 -0.0914
1143.0000 -0.0915
1144.0000 -0.0916
1145.0000 -0.0917
1146.0000 -0.0918
1147.0000 -0.0918
1148.0000 -0.0919
1149.0000 -0.0920
1150.0000 -0.0921
1151.0000 -0.0921
1152.0000 -0.0922
1153.0000 -0.0923
1154.0000 -0.0924
1155.0000 -0.0924
1156.0000 -0.0925
1157.0000 -0.0926
1158.0000 -0.0926
1159.0000 -0.0927
1160.0000 -0.0928
1161.0000 -0.0929
1162.0000 -0.0929
1163.0000 -0.0930
1164.0000 -0.0931
1165.0000 -0.0931
1166.0000 -0.0932
1167.0000 -0.0932
1168.0000 -0.0933
1169.0000 -0.0934
1170.0000 -0.0934
1171.0000 -0.0935
1172.0000 -0.0936
1173.0000 -0.0936
1174.0000 -0.0937
1175.0000 -0.0937
1176.0000 -0.0938
1177.0000 -0.0938
1178.0000 -0.0939
1179.0000 -0.0940
1180.0000 -0.0940
1181.0000 -0.0941
1182.0000 -0.0941
1183.0000 -0.0942
1184.0000 -0.0942
1185.0000 -0.0943
1186.0000 -0.0943
1187.0000 -0.0944
1188.0000 -0.0944
1189.0000 -0.0945
1190.0000 -0.0945
1191.0000 -0.0946
1192.0000 -0.0946
1193.0000 -0.0947
1194.0000 -0.0947
1195.0000 -0.0948
1196.0000 -0.0948
1197.0000 -0.0949
1198.0000 -0.0949
1199.0000 -0.0950
1200.0000 -0.0950
1201.0000 -0.0951
1202.0000 -0.0951
1203.0000 -0.0951
1204.0000 -0.0952
1205.0000 -0.0952
1206.0000 -0.0953
1207.0000 -0.0953
1208.0000 -0.0954
1209.0000 -0.0954
1210.0000 -0.0954
1211.0000 -0.0955
1212.0000 -0.0955
1213.0000 -0.0956
1214.0000 -0.0956
1215.0000 -0.0938
1216.0000 -0.0804
1217.0000 -0.0650
1218.0000 -0.0453
1219.0000 -0.0191
1220.0000 0.0156
1221.0000 0.0605
1222.0000 0.1171
1223.0000 0.1867
1224.0000 0.2700
1225.0000 0.3672
1226.0000 0.4779
1227.0000 0.6007
1228.0000 0.7335
1229.0000 0.8730
1230.0000 1.0149
1231.0000 1.1527
1232.0000 1.2793
1233.0000 1.3877
1234.0000 1.4727
1235.0000 1.5311
1236.0000 1.5619
1237.0000 1.5663
1238.0000 1.5471
1239.0000 1.5088
1240.0000 1.4565
1241.0000 1.3957
1242.0000 1.3315
1243.0000 1.2684
1244.0000 1.2100
1245.0000 1.1588
1246.0000 1.1160
1247.0000 1.0823
1248.0000 1.0573
1249.0000 1.0402
1250.0000 1.0296
1251.0000 1.0242
1252.0000 1.0227
1253.0000 1.0237
1254.0000 1.0261
1255.0000 1.0290
1256.0000 1.0316
1257.0000 1.0336
1258.0000 1.0346
1259.0000 1.0346
1260.0000 1.0336
1261.0000 1.0318
1262.0000 1.0293
1263.0000 1.0264
1264.0000 1.0233
1265.0000 1.0202
1266.0000 1.0171
1267.0000 1.0144
1268.0000 1.0119
1269.0000 1.0098
1270.0000 1.0081
1271.0000 1.0067
1272.0000 1.0057
1273.0000 1.0049
1274.0000 1.0044
1275.0000 1.0040
1276.0000 1.0037
1277.0000 1.0035
1278.0000 1.0033
1279.0000 1.0031
1280.0000 1.0030
1281.0000 1.0028
1282.0000 1.0027
1283.0000 1.0025
1284.0000 1.0023
1285.0000 1.0021
1286.0000 1.0019
1287.0000 1.0017
1288.0000 1.0015
1289.0000 1.0013
1290.0000 1.0011
1291.0000 1.0010
1292.0000 1.0008
1293.0000 1.0007
1294.0000 1.0006
1295.0000 1.0006
1296.0000 1.0005
1297.0000 1.0005
1298.0000 1.0004
1299.0000 1.0004
1300.0000 1.0003
1301.0000 1.0003
1302.0000 1.0003
1303.0000 1.0003
1304.0000 1.0002
1305.0000 1.0002
1306.0000 1.0002
1307.0000 1.0002
1308.0000 1.0002
1309.0000 1.0001
1310.0000 1.0001
1311.0000 1.0001
1312.0000 1.0001
1313.0000 1.0001
1314.0000 1.0001
1315.0000 1.0001
1316.0000 1.0001
1317.0000 1.0001
1318.0000 1.0001
1319.0000 1.0000
1320.0000 1.0000
1321.0000 1.0000
1322.0000 1.0000
1323.0000 1.0000
1324.0000 1.0000
1325.0000 1.0000
1326.0000 1.0000
1327.0000 1.0000
1328.0000 1.0000
1329.0000 1.0000
1330.0000 1.0000
1331.0000 1.0000
1332.0000 1.0000
1333.0000 1.0000
1334.0000 1.0000
1335.0000 1.0000
1336.0000 1.0000
1337.0000 1.0000
1338.0000 1.0000
1339.0000 1.0000
1340.0000 1.0000
1341.0000 1.0000
1342.0000 1.0000
1343.0000 1.0000
1344.0000 1.0000
1345.0000 1.0000
1346.0000 1.0000
1347.0000 1.0000
1348.0000 1.0000
1349.0000 1.0000
1350.0000 1.0000
1351.0000 1.0000
1352.0000 1.0000
1353.0000 1.0000
1354.0000 1.0000
1355.0000 1.0000
1356.0000 1.0000
1357.0000 1.0000
1358.0000 1.0000
1359.0000 1.0000
1360.0000 1.0000
1361.0000 1.0000
1362.0000 1.0000
1363.0000 1.0000
1364.0000 1.0000
1365.0000 1.0000
1366.0000 1.0000
1367.0000 1.0000
1368.0000 1.0000
1369.0000 1.0000
1370.0000 1.0000
1371.0000 1.0000
1372.0000 1.0000
1373.0000 1.0000
1374.0000 1.0000
1375.0000 1.0000
1376.0000 1.0000
1377.0000 1.0000
1378.0000 1.0000
1379.0000 1.0000
1380.0000 1.0000
1381.0000 1.0000
1382.0000 1.0000
1383.0000 1.0000
1384.0000 1.0000
1385.0000 1.0000
1386.0000 1.0000
1387.0000 1.0000
1388.0000 1.0000
1389.0000 1.0000
1390.0000 1.0000
1391.0000 1.0000
1392.0000 1.0000
1393.0000 1.0000
1394.0000 1.0000
1395.0000 1.0000
1396.0000 1.0000
1397.0000 1.0000
1398.0000 1.0000
1399.0000 1.0000
1400.0000 1.0000
1401.0000 1.0000
1402.0000 1.0000
1403.0000 1.0000
1404.0000 1.0000
1405.0000 1.0000
1406.0000 1.0000
1407.0000 1.0000
1408.0000 1.0000
1409.0000 1.0000
1410.0000 1.0000
