1.0000 0.0000
2.0000 0.0000
3.0000 0.0000
4.0000 0.0000
5.0000 0.0000
6.0000 0.0000
7.0000 0.0000
8.0000 0.0000
9.0000 0.0000
10.0000 0.0000
11.0000 0.0000
12.0000 0.0000
13.0000 0.0000
14.0000 0.0000
15.0000 0.1094
16.0000 0.3851
17.0000 0.7699
18.0000 1.2213
19.0000 1.7033
20.0000 2.1889
21.0000 2.6563
22.0000 3.0884
23.0000 3.4760
24.0000 3.8182
25.0000 4.1162
26.0000 4.3716
27.0000 4.5868
28.0000 4.7647
29.0000 4.9080
30.0000 5.0198
31.0000 5.1028
32.0000 5.1599
33.0000 5.1943
34.0000 5.2090
35.0000 5.2071
36.0000 5.1918
37.0000 5.1662
38.0000 5.1332
39.0000 5.0959
40.0000 5.0566
41.0000 5.0178
42.0000 4.9813
43.0000 4.9488
44.0000 4.9214
45.0000 4.8999
46.0000 4.8846
47.0000 4.8757
48.0000 4.8729
49.0000 4.8757
50.0000 4.8834
51.0000 4.8952
52.0000 4.9102
53.0000 4.9275
54.0000 4.9460
55.0000 4.9649
56.0000 4.9833
57.0000 5.0006
58.0000 5.0161
59.0000 5.0293
60.0000 5.0399
61.0000 5.0477
62.0000 5.0528
63.0000 5.0550
64.0000 5.0547
65.0000 5.0521
66.0000 5.0475
67.0000 5.0414
68.0000 5.0341
69.0000 5.0262
70.0000 5.0179
71.0000 5.0097
72.0000 5.0019
73.0000 4.9949
74.0000 4.9888
75.0000 4.9838
76.0000 4.9800
77.0000 4.9775
78.0000 4.9761
79.0000 4.9760
80.0000 4.9769
81.0000 4.9786
82.0000 4.9811
83.0000 4.9842
84.0000 4.9876
85.0000 4.9912
86.0000 4.9948
87.0000 4.9982
88.0000 5.0014
89.0000 5.0042
90.0000 5.0065
91.0000 5.0083
92.0000 5.0096
93.0000 5.0103
94.0000 5.0105
95.0000 5.0103
96.0000 5.0096
97.0000 5.0086
98.0000 5.0073
99.0000 5.0059
100.0000 5.0043
101.0000 5.0028
102.0000 5.0012
103.0000 4.9998
104.0000 4.9985
105.0000 4.9974
106.0000 4.9966
107.0000 4.9960
108.0000 4.9956
109.0000 4.9954
110.0000 4.9955
111.0000 4.9957
112.0000 4.9961
113.0000 4.9966
114.0000 4.9972
115.0000 4.9979
116.0000 4.9986
117.0000 4.9993
118.0000 4.9999
119.0000 5.0005
120.0000 5.0010
121.0000 5.0014
122.0000 5.0017
123.0000 5.0019
124.0000 5.0020
125.0000 5.0020
126.0000 5.0019
127.0000 5.0018
128.0000 5.0015
129.0000 5.0013
130.0000 5.0010
131.0000 5.0007
132.0000 5.0004
133.0000 5.0001
134.0000 4.9999
135.0000 4.9996
136.0000 4.9994
137.0000 4.9993
138.0000 4.9992
139.0000 4.9991
140.0000 4.9991
141.0000 4.9991
142.0000 4.9992
143.0000 4.9993
144.0000 4.9994
145.0000 4.9995
146.0000 4.9997
147.0000 4.9998
148.0000 4.9999
149.0000 5.0000
150.0000 5.0001
151.0000 5.0002
152.0000 5.0003
153.0000 5.0003
154.0000 5.0004
155.0000 5.0004
156.0000 5.0004
157.0000 5.0004
158.0000 5.0003
159.0000 5.0003
160.0000 5.0002
161.0000 5.0002
162.0000 5.0001
163.0000 5.0001
164.0000 5.0000
165.0000 5.0000
166.0000 4.9999
167.0000 4.9999
168.0000 4.9999
169.0000 4.9998
170.0000 4.9998
171.0000 4.9998
172.0000 4.9998
173.0000 4.9999
174.0000 4.9999
175.0000 4.9999
176.0000 4.9999
177.0000 4.9999
178.0000 5.0000
179.0000 5.0000
180.0000 5.0000
181.0000 5.0000
182.0000 5.0000
183.0000 5.0001
184.0000 5.0001
185.0000 5.0001
186.0000 5.0001
187.0000 5.0001
188.0000 5.0001
189.0000 5.0001
190.0000 5.0000
191.0000 5.0000
192.0000 5.0000
193.0000 5.0000
194.0000 5.0000
195.0000 5.0000
196.0000 5.0000
197.0000 5.0000
198.0000 5.0000
199.0000 5.0000
200.0000 5.0000
201.0000 5.0000
202.0000 5.0000
203.0000 5.0000
204.0000 5.0000
205.0000 5.0000
206.0000 5.0000
207.0000 5.0000
208.0000 5.0000
209.0000 5.0000
210.0000 5.0000
211.0000 5.0000
212.0000 5.0000
213.0000 5.0000
214.0000 5.0000
215.0000 4.2570
216.0000 3.5718
217.0000 2.9942
218.0000 2.5030
219.0000 2.0811
220.0000 1.7762
221.0000 1.5883
222.0000 1.4954
223.0000 1.4778
224.0000 1.5195
225.0000 1.6038
226.0000 1.7129
227.0000 1.8305
228.0000 1.9434
229.0000 2.0425
230.0000 2.1226
231.0000 2.1812
232.0000 2.2181
233.0000 2.2349
234.0000 2.2341
235.0000 2.2190
236.0000 2.1934
237.0000 2.1609
238.0000 2.1250
239.0000 2.0885
240.0000 2.0539
241.0000 2.0230
242.0000 1.9969
243.0000 1.9763
244.0000 1.9614
245.0000 1.9518
246.0000 1.9471
247.0000 1.9465
248.0000 1.9492
249.0000 1.9544
250.0000 1.9611
251.0000 1.9688
252.0000 1.9767
253.0000 1.9843
254.0000 1.9912
255.0000 1.9972
256.0000 2.0020
257.0000 2.0057
258.0000 2.0082
259.0000 2.0097
260.0000 2.0102
261.0000 2.0100
262.0000 2.0092
263.0000 2.0080
264.0000 2.0065
265.0000 2.0050
266.0000 2.0034
267.0000 2.0020
268.0000 2.0007
269.0000 1.9997
270.0000 1.9989
271.0000 1.9983
272.0000 1.9980
273.0000 1.9978
274.0000 1.9978
275.0000 1.9980
276.0000 1.9982
277.0000 1.9985
278.0000 1.9988
279.0000 1.9992
280.0000 1.9995
281.0000 1.9997
282.0000 2.0000
283.0000 2.0002
284.0000 2.0003
285.0000 2.0004
286.0000 2.0004
287.0000 2.0004
288.0000 2.0004
289.0000 2.0004
290.0000 2.0003
291.0000 2.0003
292.0000 2.0002
293.0000 2.0001
294.0000 2.0001
295.0000 2.0000
296.0000 2.0000
297.0000 1.9999
298.0000 1.9999
299.0000 1.9999
300.0000 1.9999
301.0000 1.9999
302.0000 1.9999
303.0000 1.9999
304.0000 1.9999
305.0000 2.0000
306.0000 2.0000
307.0000 2.0000
308.0000 2.0000
309.0000 2.0000
310.0000 2.0000
311.0000 2.0000
312.0000 2.0000
313.0000 2.0000
314.0000 2.0000
315.0000 2.0000
316.0000 2.0000
317.0000 2.0000
318.0000 2.0000
319.0000 2.0000
320.0000 2.0000
321.0000 2.0000
322.0000 2.0000
323.0000 2.0000
324.0000 2.0000
325.0000 2.0000
326.0000 2.0000
327.0000 2.0000
328.0000 2.0000
329.0000 2.0000
330.0000 2.0000
331.0000 2.0000
332.0000 2.0000
333.0000 2.0000
334.0000 2.0000
335.0000 2.0000
336.0000 2.0000
337.0000 2.0000
338.0000 2.0000
339.0000 2.0000
340.0000 2.0000
341.0000 2.0000
342.0000 2.0000
343.0000 2.0000
344.0000 2.0000
345.0000 2.0000
346.0000 2.0000
347.0000 2.0000
348.0000 2.0000
349.0000 2.0000
350.0000 2.0000
351.0000 2.0000
352.0000 2.0000
353.0000 2.0000
354.0000 2.0000
355.0000 2.0000
356.0000 2.0000
357.0000 2.0000
358.0000 2.0000
359.0000 2.0000
360.0000 2.0000
361.0000 2.0000
362.0000 2.0000
363.0000 2.0000
364.0000 2.0000
365.0000 2.0000
366.0000 2.0000
367.0000 2.0000
368.0000 2.0000
369.0000 2.0000
370.0000 2.0000
371.0000 2.0000
372.0000 2.0000
373.0000 2.0000
374.0000 2.0000
375.0000 2.0000
376.0000 2.0000
377.0000 2.0000
378.0000 2.0000
379.0000 2.0000
380.0000 2.0000
381.0000 2.0000
382.0000 2.0000
383.0000 2.0000
384.0000 2.0000
385.0000 2.0000
386.0000 2.0000
387.0000 2.0000
388.0000 2.0000
389.0000 2.0000
390.0000 2.0000
391.0000 2.0000
392.0000 2.0000
393.0000 2.0000
394.0000 2.0000
395.0000 2.0000
396.0000 2.0000
397.0000 2.0000
398.0000 2.0000
399.0000 2.0000
400.0000 2.0000
401.0000 2.0000
402.0000 2.0000
403.0000 2.0000
404.0000 2.0000
405.0000 2.0000
406.0000 2.0000
407.0000 2.0000
408.0000 2.0000
409.0000 2.0000
410.0000 2.0000
411.0000 2.0000
412.0000 2.0000
413.0000 2.0000
414.0000 2.0000
415.0000 2.0940
416.0000 2.2106
417.0000 2.3153
418.0000 2.4193
419.0000 2.5302
420.0000 2.6456
421.0000 2.7635
422.0000 2.8850
423.0000 3.0104
424.0000 3.1382
425.0000 3.2667
426.0000 3.3939
427.0000 3.5176
428.0000 3.6357
429.0000 3.7459
430.0000 3.8463
431.0000 3.9354
432.0000 4.0118
433.0000 4.0747
434.0000 4.1238
435.0000 4.1593
436.0000 4.1815
437.0000 4.1916
438.0000 4.1908
439.0000 4.1808
440.0000 4.1631
441.0000 4.1398
442.0000 4.1127
443.0000 4.0836
444.0000 4.0541
445.0000 4.0257
446.0000 3.9995
447.0000 3.9766
448.0000 3.9576
449.0000 3.9429
450.0000 3.9325
451.0000 3.9266
452.0000 3.9246
453.0000 3.9263
454.0000 3.9311
455.0000 3.9384
456.0000 3.9476
457.0000 3.9580
458.0000 3.9689
459.0000 3.9799
460.0000 3.9905
461.0000 4.0001
462.0000 4.0086
463.0000 4.0156
464.0000 4.0210
465.0000 4.0248
466.0000 4.0270
467.0000 4.0278
468.0000 4.0271
469.0000 4.0254
470.0000 4.0227
471.0000 4.0193
472.0000 4.0155
473.0000 4.0114
474.0000 4.0074
475.0000 4.0035
476.0000 3.9999
477.0000 3.9968
478.0000 3.9942
479.0000 3.9922
480.0000 3.9908
481.0000 3.9900
482.0000 3.9898
483.0000 3.9900
484.0000 3.9907
485.0000 3.9917
486.0000 3.9929
487.0000 3.9943
488.0000 3.9958
489.0000 3.9973
490.0000 3.9988
491.0000 4.0001
492.0000 4.0012
493.0000 4.0021
494.0000 4.0029
495.0000 4.0034
496.0000 4.0037
497.0000 4.0038
498.0000 4.0037
499.0000 4.0034
500.0000 4.0031
501.0000 4.0026
502.0000 4.0021
503.0000 4.0015
504.0000 4.0010
505.0000 4.0005
506.0000 4.0000
507.0000 3.9996
508.0000 3.9992
509.0000 3.9989
510.0000 3.9988
511.0000 3.9986
512.0000 3.9986
513.0000 3.9986
514.0000 3.9987
515.0000 3.9989
516.0000 3.9990
517.0000 3.9992
518.0000 3.9994
519.0000 3.9996
520.0000 3.9998
521.0000 4.0000
522.0000 4.0002
523.0000 4.0003
524.0000 4.0004
525.0000 4.0005
526.0000 4.0005
527.0000 4.0005
528.0000 4.0005
529.0000 4.0005
530.0000 4.0004
531.0000 4.0004
532.0000 4.0003
533.0000 4.0002
534.0000 4.0001
535.0000 4.0001
536.0000 4.0000
537.0000 3.9999
538.0000 3.9999
539.0000 3.9999
540.0000 3.9998
541.0000 3.9998
542.0000 3.9998
543.0000 3.9998
544.0000 3.9998
545.0000 3.9998
546.0000 3.9999
547.0000 3.9999
548.0000 3.9999
549.0000 4.0000
550.0000 4.0000
551.0000 4.0000
552.0000 4.0000
553.0000 4.0000
554.0000 4.0001
555.0000 4.0001
556.0000 4.0001
557.0000 4.0001
558.0000 4.0001
559.0000 4.0001
560.0000 4.0001
561.0000 4.0000
562.0000 4.0000
563.0000 4.0000
564.0000 4.0000
565.0000 4.0000
566.0000 4.0000
567.0000 4.0000
568.0000 4.0000
569.0000 4.0000
570.0000 4.0000
571.0000 4.0000
572.0000 4.0000
573.0000 4.0000
574.0000 4.0000
575.0000 4.0000
576.0000 4.0000
577.0000 4.0000
578.0000 4.0000
579.0000 4.0000
580.0000 4.0000
581.0000 4.0000
582.0000 4.0000
583.0000 4.0000
584.0000 4.0000
585.0000 4.0000
586.0000 4.0000
587.0000 4.0000
588.0000 4.0000
589.0000 4.0000
590.0000 4.0000
591.0000 4.0000
592.0000 4.0000
593.0000 4.0000
594.0000 4.0000
595.0000 4.0000
596.0000 4.0000
597.0000 4.0000
598.0000 4.0000
599.0000 4.0000
600.0000 4.0000
601.0000 4.0000
602.0000 4.0000
603.0000 4.0000
604.0000 4.0000
605.0000 4.0000
606.0000 4.0000
607.0000 4.0000
608.0000 4.0000
609.0000 4.0000
610.0000 4.0000
611.0000 4.0000
612.0000 4.0000
613.0000 4.0000
614.0000 4.0000
615.0000 2.8580
616.0000 1.9140
617.0000 1.2247
618.0000 0.7433
619.0000 0.4244
620.0000 0.2415
621.0000 0.1811
622.0000 0.1910
623.0000 0.2201
624.0000 0.2370
625.0000 0.2322
626.0000 0.2081
627.0000 0.1716
628.0000 0.1308
629.0000 0.0928
630.0000 0.0616
631.0000 0.0378
632.0000 0.0203
633.0000 0.0074
634.0000 -0.0025
635.0000 -0.0106
636.0000 -0.0173
637.0000 -0.0232
638.0000 -0.0285
639.0000 -0.0332
640.0000 -0.0375
641.0000 -0.0414
642.0000 -0.0450
643.0000 -0.0482
644.0000 -0.0512
645.0000 -0.0540
646.0000 -0.0565
647.0000 -0.0589
648.0000 -0.0611
649.0000 -0.0632
650.0000 -0.0651
651.0000 -0.0669
652.0000 -0.0686
653.0000 -0.0702
654.0000 -0.0718
655.0000 -0.0732
656.0000 -0.0746
657.0000 -0.0759
658.0000 -0.0772
659.0000 -0.0784
660.0000 -0.0795
661.0000 -0.0806
662.0000 -0.0817
663.0000 -0.0827
664.0000 -0.0836
665.0000 -0.0846
666.0000 -0.0855
667.0000 -0.0863
668.0000 -0.0872
669.0000 -0.0880
670.0000 -0.0888
671.0000 -0.0896
672.0000 -0.0903
673.0000 -0.0910
674.0000 -0.0917
675.0000 -0.0924
676.0000 -0.0930
677.0000 -0.0937
678.0000 -0.0943
679.0000 -0.0949
680.0000 -0.0955
681.0000 -0.0961
682.0000 -0.0967
683.0000 -0.0972
684.0000 -0.0978
685.0000 -0.0983
686.0000 -0.0988
687.0000 -0.0993
688.0000 -0.0998
689.0000 -0.1003
690.0000 -0.1008
691.0000 -0.1012
692.0000 -0.1017
693.0000 -0.1022
694.0000 -0.1026
695.0000 -0.1030
696.0000 -0.1035
697.0000 -0.1039
698.0000 -0.1043
699.0000 -0.1047
700.0000 -0.1051
701.0000 -0.1055
702.0000 -0.1059
703.0000 -0.1062
704.0000 -0.1066
705.0000 -0.1070
706.0000 -0.1074
707.0000 -0.1077
708.0000 -0.1081
709.0000 -0.1084
710.0000 -0.1088
711.0000 -0.1091
712.0000 -0.1094
713.0000 -0.1098
714.0000 -0.1101
715.0000 -0.1104
716.0000 -0.1107
717.0000 -0.1110
718.0000 -0.1114
719.0000 -0.1117
720.0000 -0.1120
721.0000 -0.1123
722.0000 -0.1126
723.0000 -0.1129
724.0000 -0.1132
725.0000 -0.1134
726.0000 -0.1137
727.0000 -0.1140
728.0000 -0.1143
729.0000 -0.1146
730.0000 -0.1148
731.0000 -0.1151
732.0000 -0.1154
733.0000 -0.1156
734.0000 -0.1159
735.0000 -0.1161
736.0000 -0.1164
737.0000 -0.1167
738.0000 -0.1169
739.0000 -0.1172
740.0000 -0.1174
741.0000 -0.1176
742.0000 -0.1179
743.0000 -0.1181
744.0000 -0.1184
745.0000 -0.1186
746.0000 -0.1188
747.0000 -0.1191
748.0000 -0.1193
749.0000 -0.1195
750.0000 -0.1197
751.0000 -0.1200
752.0000 -0.1202
753.0000 -0.1204
754.0000 -0.1206
755.0000 -0.1208
756.0000 -0.1210
757.0000 -0.1213
758.0000 -0.1215
759.0000 -0.1217
760.0000 -0.1219
761.0000 -0.1221
762.0000 -0.1223
763.0000 -0.1225
764.0000 -0.1227
765.0000 -0.1229
766.0000 -0.1231
767.0000 -0.1233
768.0000 -0.1235
769.0000 -0.1237
770.0000 -0.1239
771.0000 -0.1240
772.0000 -0.1242
773.0000 -0.1244
774.0000 -0.1246
775.0000 -0.1248
776.0000 -0.1250
777.0000 -0.1252
778.0000 -0.1253
779.0000 -0.1255
780.0000 -0.1257
781.0000 -0.1259
782.0000 -0.1260
783.0000 -0.1262
784.0000 -0.1264
785.0000 -0.1265
786.0000 -0.1267
787.0000 -0.1269
788.0000 -0.1270
789.0000 -0.1272
790.0000 -0.1274
791.0000 -0.1275
792.0000 -0.1277
793.0000 -0.1279
794.0000 -0.1280
795.0000 -0.1282
796.0000 -0.1283
797.0000 -0.1285
798.0000 -0.1286
799.0000 -0.1288
800.0000 -0.1289
801.0000 -0.1291
802.0000 -0.1292
803.0000 -0.1294
804.0000 -0.1295
805.0000 -0.1297
806.0000 -0.1298
807.0000 -0.1300
808.0000 -0.1301
809.0000 -0.1303
810.0000 -0.1304
811.0000 -0.1305
812.0000 -0.1307
813.0000 -0.1308
814.0000 -0.1309
815.0000 -0.1309
816.0000 -0.1303
817.0000 -0.1298
818.0000 -0.1293
819.0000 -0.1288
820.0000 -0.1283
821.0000 -0.1277
822.0000 -0.1272
823.0000 -0.1266
824.0000 -0.1261
825.0000 -0.1256
826.0000 -0.1250
827.0000 -0.1245
828.0000 -0.1240
829.0000 -0.1234
830.0000 -0.1229
831.0000 -0.1224
832.0000 -0.1218
833.0000 -0.1213
834.0000 -0.1208
835.0000 -0.1203
836.0000 -0.1198
837.0000 -0.1193
838.0000 -0.1188
839.0000 -0.1183
840.0000 -0.1178
841.0000 -0.1172
842.0000 -0.1167
843.0000 -0.1162
844.0000 -0.1157
845.0000 -0.1153
846.0000 -0.1148
847.0000 -0.1143
848.0000 -0.1138
849.0000 -0.1133
850.0000 -0.1128
851.0000 -0.1123
852.0000 -0.1118
853.0000 -0.1113
854.0000 -0.1108
855.0000 -0.1103
856.0000 -0.1099
857.0000 -0.1094
858.0000 -0.1089
859.0000 -0.1084
860.0000 -0.1079
861.0000 -0.1074
862.0000 -0.1070
863.0000 -0.1065
864.0000 -0.1060
865.0000 -0.1055
866.0000 -0.1050
867.0000 -0.1045
868.0000 -0.1041
869.0000 -0.1036
870.0000 -0.1031
871.0000 -0.1026
872.0000 -0.1021
873.0000 -0.1016
874.0000 -0.1012
875.0000 -0.1007
876.0000 -0.1002
877.0000 -0.0997
878.0000 -0.0992
879.0000 -0.0987
880.0000 -0.0982
881.0000 -0.0978
882.0000 -0.0973
883.0000 -0.0968
884.0000 -0.0963
885.0000 -0.0958
886.0000 -0.0953
887.0000 -0.0948
888.0000 -0.0943
889.0000 -0.0938
890.0000 -0.0934
891.0000 -0.0929
892.0000 -0.0924
893.0000 -0.0919
894.0000 -0.0914
895.0000 -0.0909
896.0000 -0.0904
897.0000 -0.0899
898.0000 -0.0894
899.0000 -0.0889
900.0000 -0.0885
901.0000 -0.0880
902.0000 -0.0875
903.0000 -0.0870
904.0000 -0.0865
905.0000 -0.0860
906.0000 -0.0855
907.0000 -0.0850
908.0000 -0.0846
909.0000 -0.0841
910.0000 -0.0836
911.0000 -0.0831
912.0000 -0.0826
913.0000 -0.0822
914.0000 -0.0817
915.0000 -0.0812
916.0000 -0.0807
917.0000 -0.0803
918.0000 -0.0798
919.0000 -0.0793
920.0000 -0.0789
921.0000 -0.0784
922.0000 -0.0780
923.0000 -0.0775
924.0000 -0.0771
925.0000 -0.0766
926.0000 -0.0762
927.0000 -0.0757
928.0000 -0.0753
929.0000 -0.0748
930.0000 -0.0744
931.0000 -0.0740
932.0000 -0.0735
933.0000 -0.0731
934.0000 -0.0727
935.0000 -0.0723
936.0000 -0.0719
937.0000 -0.0715
938.0000 -0.0711
939.0000 -0.0707
940.0000 -0.0703
941.0000 -0.0699
942.0000 -0.0695
943.0000 -0.0691
944.0000 -0.0687
945.0000 -0.0684
946.0000 -0.0680
947.0000 -0.0676
948.0000 -0.0673
949.0000 -0.0669
950.0000 -0.0666
951.0000 -0.0662
952.0000 -0.0659
953.0000 -0.0656
954.0000 -0.0652
955.0000 -0.0649
956.0000 -0.0646
957.0000 -0.0643
958.0000 -0.0640
959.0000 -0.0637
960.0000 -0.0634
961.0000 -0.0631
962.0000 -0.0628
963.0000 -0.0625
964.0000 -0.0622
965.0000 -0.0619
966.0000 -0.0616
967.0000 -0.0614
968.0000 -0.0611
969.0000 -0.0609
970.0000 -0.0606
971.0000 -0.0604
972.0000 -0.0601
973.0000 -0.0599
974.0000 -0.0596
975.0000 -0.0594
976.0000 -0.0592
977.0000 -0.0590
978.0000 -0.0588
979.0000 -0.0585
980.0000 -0.0583
981.0000 -0.0581
982.0000 -0.0579
983.0000 -0.0577
984.0000 -0.0575
985.0000 -0.0574
986.0000 -0.0572
987.0000 -0.0570
988.0000 -0.0568
989.0000 -0.0567
990.0000 -0.0565
991.0000 -0.0563
992.0000 -0.0562
993.0000 -0.0560
994.0000 -0.0559
995.0000 -0.0557
996.0000 -0.0556
997.0000 -0.0554
998.0000 -0.0553
999.0000 -0.0551
1000.0000 -0.0550
1001.0000 -0.0549
1002.0000 -0.0547
1003.0000 -0.0546
1004.0000 -0.0545
1005.0000 -0.0544
1006.0000 -0.0543
1007.0000 -0.0542
1008.0000 -0.0540
1009.0000 -0.0539
1010.0000 -0.0538
1011.0000 -0.0537
1012.0000 -0.0536
1013.0000 -0.0535
1014.0000 -0.0534
1015.0000 -0.0537
1016.0000 -0.0546
1017.0000 -0.0555
1018.0000 -0.0565
1019.0000 -0.0575
1020.0000 -0.0584
1021.0000 -0.0594
1022.0000 -0.0604
1023.0000 -0.0613
1024.0000 -0.0622
1025.0000 -0.0630
1026.0000 -0.0638
1027.0000 -0.0646
1028.0000 -0.0654
1029.0000 -0.0661
1030.0000 -0.0668
1031.0000 -0.0675
1032.0000 -0.0682
1033.0000 -0.0688
1034.0000 -0.0694
1035.0000 -0.0700
1036.0000 -0.0706
1037.0000 -0.0712
1038.0000 -0.0717
1039.0000 -0.0722
1040.0000 -0.0727
1041.0000 -0.0732
1042.0000 -0.0737
1043.0000 -0.0742
1044.0000 -0.0746
1045.0000 -0.0751
1046.0000 -0.0755
1047.0000 -0.0759
1048.0000 -0.0763
1049.0000 -0.0767
1050.0000 -0.0771
1051.0000 -0.0775
1052.0000 -0.0779
1053.0000 -0.0782
1054.0000 -0.0786
1055.0000 -0.0789
1056.0000 -0.0793
1057.0000 -0.0796
1058.0000 -0.0799
1059.0000 -0.0802
1060.0000 -0.0805
1061.0000 -0.0808
1062.0000 -0.0811
1063.0000 -0.0814
1064.0000 -0.0817
1065.0000 -0.0819
1066.0000 -0.0822
1067.0000 -0.0825
1068.0000 -0.0827
1069.0000 -0.0830
1070.0000 -0.0832
1071.0000 -0.0835
1072.0000 -0.0837
1073.0000 -0.0839
1074.0000 -0.0841
1075.0000 -0.0844
1076.0000 -0.0846
1077.0000 -0.0848
1078.0000 -0.0850
1079.0000 -0.0852
1080.0000 -0.0854
1081.0000 -0.0856
1082.0000 -0.0858
1083.0000 -0.0860
1084.0000 -0.0862
1085.0000 -0.0864
1086.0000 -0.0866
1087.0000 -0.0867
1088.0000 -0.0869
1089.0000 -0.0871
1090.0000 -0.0872
1091.0000 -0.0874
1092.0000 -0.0876
1093.0000 -0.0877
1094.0000 -0.0879
1095.0000 -0.0880
1096.0000 -0.0882
1097.0000 -0.0883
1098.0000 -0.0885
1099.0000 -0.0886
1100.0000 -0.0888
1101.0000 -0.0889
1102.0000 -0.0891
1103.0000 -0.0892
1104.0000 -0.0893
1105.0000 -0.0895
1106.0000 -0.0896
1107.0000 -0.0897
1108.0000 -0.0899
1109.0000 -0.0900
1110.0000 -0.0901
1111.0000 -0.0902
1112.0000 -0.0903
1113.0000 -0.0905
1114.0000 -0.0906
1115.0000 -0.0907
1116.0000 -0.0908
1117.0000 -0.0909
1118.0000 -0.0910
1119.0000 -0.0911
1120.0000 -0.0912
1121.0000 -0.0913
1122.0000 -0.0914
1123.0000 -0.0915
1124.0000 -0.0916
1125.0000 -0.0917
1126.0000 -0.0918
1127.0000 -0.0919
1128.0000 -0.0920
1129.0000 -0.0921
1130.0000 -0.0922
1131.0000 -0.0923
1132.0000 -0.0924
1133.0000 -0.0925
1134.0000 -0.0926
1135.0000 -0.0926
1136.0000 -0.0927
1137.0000 -0.0928
1138.0000 -0.0929
1139.0000 -0.0930
1140.0000 -0.0930
1141.0000 -0.0931
1142.0000 -0.0932
1143.0000 -0.0933
1144.0000 -0.0934
1145.0000 -0.0934
1146.0000 -0.0935
1147.0000 -0.0936
1148.0000 -0.0936
1149.0000 -0.0937
1150.0000 -0.0938
1151.0000 -0.0939
1152.0000 -0.0939
1153.0000 -0.0940
1154.0000 -0.0941
1155.0000 -0.0941
1156.0000 -0.0942
1157.0000 -0.0943
1158.0000 -0.0943
1159.0000 -0.0944
1160.0000 -0.0944
1161.0000 -0.0945
1162.0000 -0.0946
1163.0000 -0.0946
1164.0000 -0.0947
1165.0000 -0.0947
1166.0000 -0.0948
1167.0000 -0.0949
1168.0000 -0.0949
1169.0000 -0.0950
1170.0000 -0.0950
1171.0000 -0.0951
1172.0000 -0.0951
1173.0000 -0.0952
1174.0000 -0.0952
1175.0000 -0.0953
1176.0000 -0.0953
1177.0000 -0.0954
1178.0000 -0.0954
1179.0000 -0.0955
1180.0000 -0.0955
1181.0000 -0.0956
1182.0000 -0.0956
1183.0000 -0.0957
1184.0000 -0.0957
1185.0000 -0.0958
1186.0000 -0.0958
1187.0000 -0.0959
1188.0000 -0.0959
1189.0000 -0.0959
1190.0000 -0.0960
1191.0000 -0.0960
1192.0000 -0.0961
1193.0000 -0.0961
1194.0000 -0.0961
1195.0000 -0.0962
1196.0000 -0.0962
1197.0000 -0.0963
1198.0000 -0.0963
1199.0000 -0.0963
1200.0000 -0.0964
1201.0000 -0.0964
1202.0000 -0.0965
1203.0000 -0.0965
1204.0000 -0.0965
1205.0000 -0.0966
1206.0000 -0.0966
1207.0000 -0.0966
1208.0000 -0.0967
1209.0000 -0.0967
1210.0000 -0.0967
1211.0000 -0.0968
1212.0000 -0.0968
1213.0000 -0.0968
1214.0000 -0.0969
1215.0000 -0.0953
1216.0000 -0.0807
1217.0000 -0.0608
1218.0000 -0.0330
1219.0000 0.0054
1220.0000 0.0573
1221.0000 0.1252
1222.0000 0.2111
1223.0000 0.3163
1224.0000 0.4410
1225.0000 0.5842
1226.0000 0.7429
1227.0000 0.9099
1228.0000 1.0731
1229.0000 1.2198
1230.0000 1.3393
1231.0000 1.4245
1232.0000 1.4717
1233.0000 1.4826
1234.0000 1.4630
1235.0000 1.4216
1236.0000 1.3673
1237.0000 1.3080
1238.0000 1.2505
1239.0000 1.1994
1240.0000 1.1578
1241.0000 1.1269
1242.0000 1.1060
1243.0000 1.0935
1244.0000 1.0869
1245.0000 1.0832
1246.0000 1.0799
1247.0000 1.0752
1248.0000 1.0679
1249.0000 1.0578
1250.0000 1.0455
1251.0000 1.0321
1252.0000 1.0188
1253.0000 1.0068
1254.0000 0.9972
1255.0000 0.9904
1256.0000 0.9865
1257.0000 0.9852
1258.0000 0.9859
1259.0000 0.9878
1260.0000 0.9901
1261.0000 0.9922
1262.0000 0.9937
1263.0000 0.9944
1264.0000 0.9941
1265.0000 0.9932
1266.0000 0.9920
1267.0000 0.9907
1268.0000 0.9897
1269.0000 0.9892
1270.0000 0.9892
1271.0000 0.9898
1272.0000 0.9909
1273.0000 0.9923
1274.0000 0.9938
1275.0000 0.9952
1276.0000 0.9963
1277.0000 0.9972
1278.0000 0.9978
1279.0000 0.9981
1280.0000 0.9982
1281.0000 0.9981
1282.0000 0.9980
1283.0000 0.9980
1284.0000 0.9980
1285.0000 0.9982
1286.0000 0.9984
1287.0000 0.9988
1288.0000 0.9991
1289.0000 0.9995
1290.0000 0.9998
1291.0000 1.0001
1292.0000 1.0002
1293.0000 1.0003
1294.0000 1.0003
1295.0000 1.0003
1296.0000 1.0002
1297.0000 1.0001
1298.0000 1.0000
1299.0000 1.0000
1300.0000 1.0000
1301.0000 1.0000
1302.0000 1.0001
1303.0000 1.0001
1304.0000 1.0002
1305.0000 1.0002
1306.0000 1.0002
1307.0000 1.0002
1308.0000 1.0002
1309.0000 1.0002
1310.0000 1.0002
1311.0000 1.0001
1312.0000 1.0001
1313.0000 1.0001
1314.0000 1.0000
1315.0000 1.0000
1316.0000 1.0000
1317.0000 1.0000
1318.0000 1.0000
1319.0000 1.0000
1320.0000 1.0001
1321.0000 1.0001
1322.0000 1.0000
1323.0000 1.0000
1324.0000 1.0000
1325.0000 1.0000
1326.0000 1.0000
1327.0000 1.0000
1328.0000 1.0000
1329.0000 1.0000
1330.0000 1.0000
1331.0000 1.0000
1332.0000 1.0000
1333.0000 1.0000
1334.0000 1.0000
1335.0000 1.0000
1336.0000 1.0000
1337.0000 1.0000
1338.0000 1.0000
1339.0000 1.0000
1340.0000 1.0000
1341.0000 1.0000
1342.0000 1.0000
1343.0000 1.0000
1344.0000 1.0000
1345.0000 1.0000
1346.0000 1.0000
1347.0000 1.0000
1348.0000 1.0000
1349.0000 1.0000
1350.0000 1.0000
1351.0000 1.0000
1352.0000 1.0000
1353.0000 1.0000
1354.0000 1.0000
1355.0000 1.0000
1356.0000 1.0000
1357.0000 1.0000
1358.0000 1.0000
1359.0000 1.0000
1360.0000 1.0000
1361.0000 1.0000
1362.0000 1.0000
1363.0000 1.0000
1364.0000 1.0000
1365.0000 1.0000
1366.0000 1.0000
1367.0000 1.0000
1368.0000 1.0000
1369.0000 1.0000
1370.0000 1.0000
1371.0000 1.0000
1372.0000 1.0000
1373.0000 1.0000
1374.0000 1.0000
1375.0000 1.0000
1376.0000 1.0000
1377.0000 1.0000
1378.0000 1.0000
1379.0000 1.0000
1380.0000 1.0000
1381.0000 1.0000
1382.0000 1.0000
1383.0000 1.0000
1384.0000 1.0000
1385.0000 1.0000
1386.0000 1.0000
1387.0000 1.0000
1388.0000 1.0000
1389.0000 1.0000
1390.0000 1.0000
1391.0000 1.0000
1392.0000 1.0000
1393.0000 1.0000
1394.0000 1.0000
1395.0000 1.0000
1396.0000 1.0000
1397.0000 1.0000
1398.0000 1.0000
1399.0000 1.0000
1400.0000 1.0000
1401.0000 1.0000
1402.0000 1.0000
1403.0000 1.0000
1404.0000 1.0000
1405.0000 1.0000
1406.0000 1.0000
1407.0000 1.0000
1408.0000 1.0000
1409.0000 1.0000
1410.0000 1.0000
