1.0000 0.0000
2.0000 0.0000
3.0000 0.0000
4.0000 0.0000
5.0000 0.0000
6.0000 0.0000
7.0000 0.0000
8.0000 0.0000
9.0000 0.0000
10.0000 1.0000
11.0000 0.9626
12.0000 1.0000
13.0000 1.0000
14.0000 1.0000
15.0000 1.0000
16.0000 0.9880
17.0000 0.9733
18.0000 0.9670
19.0000 0.9719
20.0000 0.9736
21.0000 0.9730
22.0000 0.9716
23.0000 0.9695
24.0000 0.9660
25.0000 0.9614
26.0000 0.9561
27.0000 0.9505
28.0000 0.9449
29.0000 0.9395
30.0000 0.9346
31.0000 0.9304
32.0000 0.9272
33.0000 0.9249
34.0000 0.9236
35.0000 0.9233
36.0000 0.9239
37.0000 0.9254
38.0000 0.9275
39.0000 0.9301
40.0000 0.9331
41.0000 0.9363
42.0000 0.9395
43.0000 0.9426
44.0000 0.9455
45.0000 0.9481
46.0000 0.9503
47.0000 0.9521
48.0000 0.9534
49.0000 0.9542
50.0000 0.9545
51.0000 0.9544
52.0000 0.9540
53.0000 0.9532
54.0000 0.9522
55.0000 0.9510
56.0000 0.9496
57.0000 0.9482
58.0000 0.9469
59.0000 0.9456
60.0000 0.9444
61.0000 0.9434
62.0000 0.9426
63.0000 0.9419
64.0000 0.9415
65.0000 0.9413
66.0000 0.9413
67.0000 0.9414
68.0000 0.9417
69.0000 0.9422
70.0000 0.9427
71.0000 0.9433
72.0000 0.9439
73.0000 0.9445
74.0000 0.9450
75.0000 0.9456
76.0000 0.9460
77.0000 0.9464
78.0000 0.9467
79.0000 0.9469
80.0000 0.9470
81.0000 0.9471
82.0000 0.9470
83.0000 0.9469
84.0000 0.9467
85.0000 0.9465
86.0000 0.9463
87.0000 0.9460
88.0000 0.9458
89.0000 0.9455
90.0000 0.9453
91.0000 0.9451
92.0000 0.9449
93.0000 0.9447
94.0000 0.9446
95.0000 0.9446
96.0000 0.9445
97.0000 0.9445
98.0000 0.9446
99.0000 0.9447
100.0000 0.9447
101.0000 0.9448
102.0000 0.9450
103.0000 0.9451
104.0000 0.9452
105.0000 0.9453
106.0000 0.9454
107.0000 0.9455
108.0000 0.9455
109.0000 0.9456
110.0000 0.9456
111.0000 0.9456
112.0000 0.9456
113.0000 0.9456
114.0000 0.9456
115.0000 0.9456
116.0000 0.9455
117.0000 0.9455
118.0000 0.9454
119.0000 0.9454
120.0000 0.9453
121.0000 0.9453
122.0000 0.9452
123.0000 0.9452
124.0000 0.9452
125.0000 0.9452
126.0000 0.9452
127.0000 0.9452
128.0000 0.9452
129.0000 0.9452
130.0000 0.9452
131.0000 0.9452
132.0000 0.9452
133.0000 0.9452
134.0000 0.9453
135.0000 0.9453
136.0000 0.9453
137.0000 0.9453
138.0000 0.9453
139.0000 0.9454
140.0000 0.9454
141.0000 0.9454
142.0000 0.9454
143.0000 0.9454
144.0000 0.9454
145.0000 0.9454
146.0000 0.9454
147.0000 0.9453
148.0000 0.9453
149.0000 0.9453
150.0000 0.9453
151.0000 0.9453
152.0000 0.9453
153.0000 0.9453
154.0000 0.9453
155.0000 0.9453
156.0000 0.9453
157.0000 0.9453
158.0000 0.9453
159.0000 0.9453
160.0000 0.9453
161.0000 0.9453
162.0000 0.9453
163.0000 0.9453
164.0000 0.9453
165.0000 0.9453
166.0000 0.9453
167.0000 0.9453
168.0000 0.9453
169.0000 0.9453
170.0000 0.9453
171.0000 0.9453
172.0000 0.9453
173.0000 0.9453
174.0000 0.9453
175.0000 0.9453
176.0000 0.9453
177.0000 0.9453
178.0000 0.9453
179.0000 0.9453
180.0000 0.9453
181.0000 0.9453
182.0000 0.9453
183.0000 0.9453
184.0000 0.9453
185.0000 0.9453
186.0000 0.9453
187.0000 0.9453
188.0000 0.9453
189.0000 0.9453
190.0000 0.9453
191.0000 0.9453
192.0000 0.9453
193.0000 0.9453
194.0000 0.9453
195.0000 0.9453
196.0000 0.9453
197.0000 0.9453
198.0000 0.9453
199.0000 0.9453
200.0000 0.9453
201.0000 0.9453
202.0000 0.9453
203.0000 0.9453
204.0000 0.9453
205.0000 0.9453
206.0000 0.9453
207.0000 0.9453
208.0000 0.9453
209.0000 0.9453
210.0000 0.0803
211.0000 0.5703
212.0000 0.5203
213.0000 0.4703
214.0000 0.4203
215.0000 0.5845
216.0000 0.6108
217.0000 0.6278
218.0000 0.6488
219.0000 0.6737
220.0000 0.6835
221.0000 0.6815
222.0000 0.6724
223.0000 0.6608
224.0000 0.6491
225.0000 0.6382
226.0000 0.6280
227.0000 0.6185
228.0000 0.6099
229.0000 0.6026
230.0000 0.5967
231.0000 0.5921
232.0000 0.5890
233.0000 0.5872
234.0000 0.5865
235.0000 0.5868
236.0000 0.5878
237.0000 0.5894
238.0000 0.5912
239.0000 0.5932
240.0000 0.5951
241.0000 0.5969
242.0000 0.5985
243.0000 0.5998
244.0000 0.6008
245.0000 0.6015
246.0000 0.6019
247.0000 0.6021
248.0000 0.6021
249.0000 0.6019
250.0000 0.6017
251.0000 0.6013
252.0000 0.6010
253.0000 0.6006
254.0000 0.6002
255.0000 0.5999
256.0000 0.5996
257.0000 0.5994
258.0000 0.5992
259.0000 0.5991
260.0000 0.5991
261.0000 0.5991
262.0000 0.5991
263.0000 0.5991
264.0000 0.5992
265.0000 0.5993
266.0000 0.5994
267.0000 0.5994
268.0000 0.5995
269.0000 0.5996
270.0000 0.5996
271.0000 0.5997
272.0000 0.5997
273.0000 0.5997
274.0000 0.5997
275.0000 0.5997
276.0000 0.5997
277.0000 0.5997
278.0000 0.5997
279.0000 0.5997
280.0000 0.5996
281.0000 0.5996
282.0000 0.5996
283.0000 0.5996
284.0000 0.5996
285.0000 0.5996
286.0000 0.5996
287.0000 0.5996
288.0000 0.5996
289.0000 0.5996
290.0000 0.5996
291.0000 0.5996
292.0000 0.5996
293.0000 0.5996
294.0000 0.5996
295.0000 0.5996
296.0000 0.5996
297.0000 0.5996
298.0000 0.5996
299.0000 0.5996
300.0000 0.5996
301.0000 0.5996
302.0000 0.5996
303.0000 0.5996
304.0000 0.5996
305.0000 0.5996
306.0000 0.5996
307.0000 0.5996
308.0000 0.5996
309.0000 0.5996
310.0000 0.5996
311.0000 0.5996
312.0000 0.5996
313.0000 0.5996
314.0000 0.5996
315.0000 0.5996
316.0000 0.5996
317.0000 0.5996
318.0000 0.5996
319.0000 0.5996
320.0000 0.5996
321.0000 0.5996
322.0000 0.5996
323.0000 0.5996
324.0000 0.5996
325.0000 0.5996
326.0000 0.5996
327.0000 0.5996
328.0000 0.5996
329.0000 0.5996
330.0000 0.5996
331.0000 0.5996
332.0000 0.5996
333.0000 0.5996
334.0000 0.5996
335.0000 0.5996
336.0000 0.5996
337.0000 0.5996
338.0000 0.5996
339.0000 0.5996
340.0000 0.5996
341.0000 0.5996
342.0000 0.5996
343.0000 0.5996
344.0000 0.5996
345.0000 0.5996
346.0000 0.5996
347.0000 0.5996
348.0000 0.5996
349.0000 0.5996
350.0000 0.5996
351.0000 0.5996
352.0000 0.5996
353.0000 0.5996
354.0000 0.5996
355.0000 0.5996
356.0000 0.5996
357.0000 0.5996
358.0000 0.5996
359.0000 0.5996
360.0000 0.5996
361.0000 0.5996
362.0000 0.5996
363.0000 0.5996
364.0000 0.5996
365.0000 0.5996
366.0000 0.5996
367.0000 0.5996
368.0000 0.5996
369.0000 0.5996
370.0000 0.5996
371.0000 0.5996
372.0000 0.5996
373.0000 0.5996
374.0000 0.5996
375.0000 0.5996
376.0000 0.5996
377.0000 0.5996
378.0000 0.5996
379.0000 0.5996
380.0000 0.5996
381.0000 0.5996
382.0000 0.5996
383.0000 0.5996
384.0000 0.5996
385.0000 0.5996
386.0000 0.5996
387.0000 0.5996
388.0000 0.5996
389.0000 0.5996
390.0000 0.5996
391.0000 0.5996
392.0000 0.5996
393.0000 0.5996
394.0000 0.5996
395.0000 0.5996
396.0000 0.5996
397.0000 0.5996
398.0000 0.5996
399.0000 0.5996
400.0000 0.5996
401.0000 0.5996
402.0000 0.5996
403.0000 0.5996
404.0000 0.5996
405.0000 0.5996
406.0000 0.5996
407.0000 0.5996
408.0000 0.5996
409.0000 0.5996
410.0000 1.0000
411.0000 0.6713
412.0000 0.7047
413.0000 0.7381
414.0000 0.7714
415.0000 0.7776
416.0000 0.7927
417.0000 0.8133
418.0000 0.8303
419.0000 0.8434
420.0000 0.8546
421.0000 0.8639
422.0000 0.8707
423.0000 0.8750
424.0000 0.8772
425.0000 0.8775
426.0000 0.8762
427.0000 0.8735
428.0000 0.8698
429.0000 0.8653
430.0000 0.8605
431.0000 0.8554
432.0000 0.8505
433.0000 0.8459
434.0000 0.8418
435.0000 0.8384
436.0000 0.8357
437.0000 0.8338
438.0000 0.8326
439.0000 0.8322
440.0000 0.8325
441.0000 0.8333
442.0000 0.8346
443.0000 0.8362
444.0000 0.8381
445.0000 0.8401
446.0000 0.8421
447.0000 0.8440
448.0000 0.8457
449.0000 0.8472
450.0000 0.8485
451.0000 0.8495
452.0000 0.8502
453.0000 0.8506
454.0000 0.8508
455.0000 0.8507
456.0000 0.8504
457.0000 0.8499
458.0000 0.8493
459.0000 0.8486
460.0000 0.8479
461.0000 0.8472
462.0000 0.8465
463.0000 0.8459
464.0000 0.8453
465.0000 0.8448
466.0000 0.8445
467.0000 0.8442
468.0000 0.8440
469.0000 0.8440
470.0000 0.8440
471.0000 0.8441
472.0000 0.8443
473.0000 0.8445
474.0000 0.8448
475.0000 0.8450
476.0000 0.8453
477.0000 0.8456
478.0000 0.8458
479.0000 0.8460
480.0000 0.8462
481.0000 0.8463
482.0000 0.8464
483.0000 0.8465
484.0000 0.8465
485.0000 0.8465
486.0000 0.8464
487.0000 0.8464
488.0000 0.8463
489.0000 0.8462
490.0000 0.8461
491.0000 0.8460
492.0000 0.8459
493.0000 0.8458
494.0000 0.8457
495.0000 0.8457
496.0000 0.8456
497.0000 0.8456
498.0000 0.8456
499.0000 0.8456
500.0000 0.8456
501.0000 0.8456
502.0000 0.8456
503.0000 0.8456
504.0000 0.8457
505.0000 0.8457
506.0000 0.8457
507.0000 0.8458
508.0000 0.8458
509.0000 0.8458
510.0000 0.8459
511.0000 0.8459
512.0000 0.8459
513.0000 0.8459
514.0000 0.8459
515.0000 0.8459
516.0000 0.8459
517.0000 0.8459
518.0000 0.8459
519.0000 0.8459
520.0000 0.8459
521.0000 0.8458
522.0000 0.8458
523.0000 0.8458
524.0000 0.8458
525.0000 0.8458
526.0000 0.8458
527.0000 0.8458
528.0000 0.8458
529.0000 0.8458
530.0000 0.8458
531.0000 0.8458
532.0000 0.8458
533.0000 0.8458
534.0000 0.8458
535.0000 0.8458
536.0000 0.8458
537.0000 0.8458
538.0000 0.8458
539.0000 0.8458
540.0000 0.8458
541.0000 0.8458
542.0000 0.8458
543.0000 0.8458
544.0000 0.8458
545.0000 0.8458
546.0000 0.8458
547.0000 0.8458
548.0000 0.8458
549.0000 0.8458
550.0000 0.8458
551.0000 0.8458
552.0000 0.8458
553.0000 0.8458
554.0000 0.8458
555.0000 0.8458
556.0000 0.8458
557.0000 0.8458
558.0000 0.8458
559.0000 0.8458
560.0000 0.8458
561.0000 0.8458
562.0000 0.8458
563.0000 0.8458
564.0000 0.8458
565.0000 0.8458
566.0000 0.8458
567.0000 0.8458
568.0000 0.8458
569.0000 0.8458
570.0000 0.8458
571.0000 0.8458
572.0000 0.8458
573.0000 0.8458
574.0000 0.8458
575.0000 0.8458
576.0000 0.8458
577.0000 0.8458
578.0000 0.8458
579.0000 0.8458
580.0000 0.8458
581.0000 0.8458
582.0000 0.8458
583.0000 0.8458
584.0000 0.8458
585.0000 0.8458
586.0000 0.8458
587.0000 0.8458
588.0000 0.8458
589.0000 0.8458
590.0000 0.8458
591.0000 0.8458
592.0000 0.8458
593.0000 0.8458
594.0000 0.8458
595.0000 0.8458
596.0000 0.8458
597.0000 0.8458
598.0000 0.8458
599.0000 0.8458
600.0000 0.8458
601.0000 0.8458
602.0000 0.8458
603.0000 0.8458
604.0000 0.8458
605.0000 0.8458
606.0000 0.8458
607.0000 0.8458
608.0000 0.8458
609.0000 0.8458
610.0000 -0.3508
611.0000 0.3271
612.0000 0.2579
613.0000 0.1887
614.0000 0.1196
615.0000 0.3797
616.0000 0.3958
617.0000 0.3154
618.0000 0.2342
619.0000 0.1676
620.0000 0.1234
621.0000 0.0866
622.0000 0.0525
623.0000 0.0276
624.0000 0.0147
625.0000 0.0072
626.0000 -0.0008
627.0000 -0.0108
628.0000 -0.0216
629.0000 -0.0322
630.0000 -0.0423
631.0000 -0.0517
632.0000 -0.0606
633.0000 -0.0691
634.0000 -0.0771
635.0000 -0.0848
636.0000 -0.0922
637.0000 -0.0993
638.0000 -0.1061
639.0000 -0.1126
640.0000 -0.1190
641.0000 -0.1251
642.0000 -0.1311
643.0000 -0.1369
644.0000 -0.1425
645.0000 -0.1480
646.0000 -0.1534
647.0000 -0.1586
648.0000 -0.1638
649.0000 -0.1688
650.0000 -0.1737
651.0000 -0.1785
652.0000 -0.1832
653.0000 -0.1878
654.0000 -0.1924
655.0000 -0.1968
656.0000 -0.2012
657.0000 -0.2055
658.0000 -0.2098
659.0000 -0.2140
660.0000 -0.2181
661.0000 -0.2221
662.0000 -0.2261
663.0000 -0.2301
664.0000 -0.2340
665.0000 -0.2378
666.0000 -0.2416
667.0000 -0.2453
668.0000 -0.2490
669.0000 -0.2526
670.0000 -0.2562
671.0000 -0.2598
672.0000 -0.2633
673.0000 -0.2667
674.0000 -0.2702
675.0000 -0.2736
676.0000 -0.2769
677.0000 -0.2802
678.0000 -0.2835
679.0000 -0.2867
680.0000 -0.2899
681.0000 -0.2931
682.0000 -0.2963
683.0000 -0.2994
684.0000 -0.3025
685.0000 -0.3055
686.0000 -0.3085
687.0000 -0.3115
688.0000 -0.3145
689.0000 -0.3174
690.0000 -0.3203
691.0000 -0.3232
692.0000 -0.3260
693.0000 -0.3289
694.0000 -0.3317
695.0000 -0.3344
696.0000 -0.3372
697.0000 -0.3399
698.0000 -0.3426
699.0000 -0.3453
700.0000 -0.3479
701.0000 -0.3506
702.0000 -0.3532
703.0000 -0.3558
704.0000 -0.3583
705.0000 -0.3609
706.0000 -0.3634
707.0000 -0.3659
708.0000 -0.3684
709.0000 -0.3708
710.0000 -0.3733
711.0000 -0.3757
712.0000 -0.3781
713.0000 -0.3804
714.0000 -0.3828
715.0000 -0.3851
716.0000 -0.3875
717.0000 -0.3898
718.0000 -0.3921
719.0000 -0.3943
720.0000 -0.3966
721.0000 -0.3988
722.0000 -0.4010
723.0000 -0.4032
724.0000 -0.4054
725.0000 -0.4076
726.0000 -0.4097
727.0000 -0.4118
728.0000 -0.4140
729.0000 -0.4161
730.0000 -0.4181
731.0000 -0.4202
732.0000 -0.4223
733.0000 -0.4243
734.0000 -0.4263
735.0000 -0.4283
736.0000 -0.4303
737.0000 -0.4323
738.0000 -0.4342
739.0000 -0.4362
740.0000 -0.4381
741.0000 -0.4400
742.0000 -0.4419
743.0000 -0.4438
744.0000 -0.4457
745.0000 -0.4476
746.0000 -0.4494
747.0000 -0.4512
748.0000 -0.4531
749.0000 -0.4549
750.0000 -0.4566
751.0000 -0.4584
752.0000 -0.4602
753.0000 -0.4619
754.0000 -0.4637
755.0000 -0.4654
756.0000 -0.4671
757.0000 -0.4688
758.0000 -0.4705
759.0000 -0.4722
760.0000 -0.4739
761.0000 -0.4755
762.0000 -0.4772
763.0000 -0.4788
764.0000 -0.4804
765.0000 -0.4820
766.0000 -0.4836
767.0000 -0.4852
768.0000 -0.4868
769.0000 -0.4883
770.0000 -0.4899
771.0000 -0.4914
772.0000 -0.4929
773.0000 -0.4944
774.0000 -0.4960
775.0000 -0.4974
776.0000 -0.4989
777.0000 -0.5004
778.0000 -0.5019
779.0000 -0.5033
780.0000 -0.5048
781.0000 -0.5062
782.0000 -0.5076
783.0000 -0.5090
784.0000 -0.5104
785.0000 -0.5118
786.0000 -0.5132
787.0000 -0.5146
788.0000 -0.5159
789.0000 -0.5173
790.0000 -0.5186
791.0000 -0.5199
792.0000 -0.5213
793.0000 -0.5226
794.0000 -0.5239
795.0000 -0.5252
796.0000 -0.5264
797.0000 -0.5277
798.0000 -0.5290
799.0000 -0.5302
800.0000 -0.5315
801.0000 -0.5327
802.0000 -0.5340
803.0000 -0.5352
804.0000 -0.5364
805.0000 -0.5376
806.0000 -0.5388
807.0000 -0.5400
808.0000 -0.5412
809.0000 -0.5423
810.0000 -0.5226
811.0000 -0.5237
812.0000 -0.5188
813.0000 -0.5140
814.0000 -0.5091
815.0000 -0.5043
816.0000 -0.4995
817.0000 -0.4948
818.0000 -0.4901
819.0000 -0.4854
820.0000 -0.4808
821.0000 -0.4762
822.0000 -0.4716
823.0000 -0.4671
824.0000 -0.4625
825.0000 -0.4581
826.0000 -0.4536
827.0000 -0.4492
828.0000 -0.4448
829.0000 -0.4405
830.0000 -0.4362
831.0000 -0.4319
832.0000 -0.4276
833.0000 -0.4234
834.0000 -0.4192
835.0000 -0.4150
836.0000 -0.4109
837.0000 -0.4068
838.0000 -0.4027
839.0000 -0.3987
840.0000 -0.3947
841.0000 -0.3907
842.0000 -0.3867
843.0000 -0.3828
844.0000 -0.3789
845.0000 -0.3751
846.0000 -0.3712
847.0000 -0.3674
848.0000 -0.3636
849.0000 -0.3599
850.0000 -0.3562
851.0000 -0.3525
852.0000 -0.3488
853.0000 -0.3452
854.0000 -0.3416
855.0000 -0.3381
856.0000 -0.3345
857.0000 -0.3310
858.0000 -0.3275
859.0000 -0.3241
860.0000 -0.3206
861.0000 -0.3172
862.0000 -0.3139
863.0000 -0.3105
864.0000 -0.3072
865.0000 -0.3040
866.0000 -0.3007
867.0000 -0.2975
868.0000 -0.2943
869.0000 -0.2911
870.0000 -0.2880
871.0000 -0.2849
872.0000 -0.2818
873.0000 -0.2788
874.0000 -0.2757
875.0000 -0.2728
876.0000 -0.2698
877.0000 -0.2669
878.0000 -0.2640
879.0000 -0.2611
880.0000 -0.2582
881.0000 -0.2554
882.0000 -0.2526
883.0000 -0.2499
884.0000 -0.2472
885.0000 -0.2445
886.0000 -0.2418
887.0000 -0.2392
888.0000 -0.2366
889.0000 -0.2340
890.0000 -0.2314
891.0000 -0.2289
892.0000 -0.2264
893.0000 -0.2239
894.0000 -0.2215
895.0000 -0.2191
896.0000 -0.2167
897.0000 -0.2144
898.0000 -0.2121
899.0000 -0.2098
900.0000 -0.2075
901.0000 -0.2053
902.0000 -0.2031
903.0000 -0.2009
904.0000 -0.1988
905.0000 -0.1967
906.0000 -0.1946
907.0000 -0.1926
908.0000 -0.1905
909.0000 -0.1885
910.0000 -0.1866
911.0000 -0.1846
912.0000 -0.1827
913.0000 -0.1808
914.0000 -0.1790
915.0000 -0.1772
916.0000 -0.1754
917.0000 -0.1736
918.0000 -0.1719
919.0000 -0.1702
920.0000 -0.1685
921.0000 -0.1668
922.0000 -0.1652
923.0000 -0.1636
924.0000 -0.1620
925.0000 -0.1604
926.0000 -0.1589
927.0000 -0.1574
928.0000 -0.1560
929.0000 -0.1545
930.0000 -0.1531
931.0000 -0.1517
932.0000 -0.1503
933.0000 -0.1490
934.0000 -0.1477
935.0000 -0.1464
936.0000 -0.1451
937.0000 -0.1438
938.0000 -0.1426
939.0000 -0.1414
940.0000 -0.1402
941.0000 -0.1391
942.0000 -0.1380
943.0000 -0.1368
944.0000 -0.1358
945.0000 -0.1347
946.0000 -0.1337
947.0000 -0.1326
948.0000 -0.1316
949.0000 -0.1306
950.0000 -0.1297
951.0000 -0.1287
952.0000 -0.1278
953.0000 -0.1269
954.0000 -0.1260
955.0000 -0.1252
956.0000 -0.1243
957.0000 -0.1235
958.0000 -0.1227
959.0000 -0.1219
960.0000 -0.1212
961.0000 -0.1204
962.0000 -0.1197
963.0000 -0.1189
964.0000 -0.1182
965.0000 -0.1176
966.0000 -0.1169
967.0000 -0.1162
968.0000 -0.1156
969.0000 -0.1150
970.0000 -0.1143
971.0000 -0.1137
972.0000 -0.1132
973.0000 -0.1126
974.0000 -0.1120
975.0000 -0.1115
976.0000 -0.1110
977.0000 -0.1105
978.0000 -0.1100
979.0000 -0.1095
980.0000 -0.1090
981.0000 -0.1085
982.0000 -0.1081
983.0000 -0.1076
984.0000 -0.1072
985.0000 -0.1068
986.0000 -0.1063
987.0000 -0.1059
988.0000 -0.1055
989.0000 -0.1052
990.0000 -0.1048
991.0000 -0.1044
992.0000 -0.1041
993.0000 -0.1037
994.0000 -0.1034
995.0000 -0.1031
996.0000 -0.1027
997.0000 -0.1024
998.0000 -0.1021
999.0000 -0.1018
1000.0000 -0.1016
1001.0000 -0.1013
1002.0000 -0.1010
1003.0000 -0.1007
1004.0000 -0.1005
1005.0000 -0.1002
1006.0000 -0.1000
1007.0000 -0.0997
1008.0000 -0.0995
1009.0000 -0.0993
1010.0000 -0.1096
1011.0000 -0.1093
1012.0000 -0.1121
1013.0000 -0.1149
1014.0000 -0.1177
1015.0000 -0.1204
1016.0000 -0.1230
1017.0000 -0.1256
1018.0000 -0.1281
1019.0000 -0.1305
1020.0000 -0.1329
1021.0000 -0.1353
1022.0000 -0.1375
1023.0000 -0.1398
1024.0000 -0.1420
1025.0000 -0.1441
1026.0000 -0.1462
1027.0000 -0.1482
1028.0000 -0.1502
1029.0000 -0.1522
1030.0000 -0.1541
1031.0000 -0.1560
1032.0000 -0.1578
1033.0000 -0.1597
1034.0000 -0.1614
1035.0000 -0.1632
1036.0000 -0.1649
1037.0000 -0.1665
1038.0000 -0.1682
1039.0000 -0.1698
1040.0000 -0.1714
1041.0000 -0.1729
1042.0000 -0.1745
1043.0000 -0.1760
1044.0000 -0.1775
1045.0000 -0.1789
1046.0000 -0.1803
1047.0000 -0.1817
1048.0000 -0.1831
1049.0000 -0.1845
1050.0000 -0.1858
1051.0000 -0.1871
1052.0000 -0.1884
1053.0000 -0.1897
1054.0000 -0.1909
1055.0000 -0.1922
1056.0000 -0.1934
1057.0000 -0.1946
1058.0000 -0.1957
1059.0000 -0.1969
1060.0000 -0.1980
1061.0000 -0.1992
1062.0000 -0.2003
1063.0000 -0.2013
1064.0000 -0.2024
1065.0000 -0.2035
1066.0000 -0.2045
1067.0000 -0.2055
1068.0000 -0.2066
1069.0000 -0.2075
1070.0000 -0.2085
1071.0000 -0.2095
1072.0000 -0.2105
1073.0000 -0.2114
1074.0000 -0.2123
1075.0000 -0.2132
1076.0000 -0.2141
1077.0000 -0.2150
1078.0000 -0.2159
1079.0000 -0.2168
1080.0000 -0.2176
1081.0000 -0.2185
1082.0000 -0.2193
1083.0000 -0.2201
1084.0000 -0.2209
1085.0000 -0.2217
1086.0000 -0.2225
1087.0000 -0.2233
1088.0000 -0.2241
1089.0000 -0.2248
1090.0000 -0.2256
1091.0000 -0.2263
1092.0000 -0.2270
1093.0000 -0.2278
1094.0000 -0.2285
1095.0000 -0.2292
1096.0000 -0.2299
1097.0000 -0.2305
1098.0000 -0.2312
1099.0000 -0.2319
1100.0000 -0.2325
1101.0000 -0.2332
1102.0000 -0.2338
1103.0000 -0.2345
1104.0000 -0.2351
1105.0000 -0.2357
1106.0000 -0.2363
1107.0000 -0.2369
1108.0000 -0.2375
1109.0000 -0.2381
1110.0000 -0.2387
1111.0000 -0.2393
1112.0000 -0.2398
1113.0000 -0.2404
1114.0000 -0.2410
1115.0000 -0.2415
1116.0000 -0.2420
1117.0000 -0.2426
1118.0000 -0.2431
1119.0000 -0.2436
1120.0000 -0.2441
1121.0000 -0.2447
1122.0000 -0.2452
1123.0000 -0.2457
1124.0000 -0.2462
1125.0000 -0.2466
1126.0000 -0.2471
1127.0000 -0.2476
1128.0000 -0.2481
1129.0000 -0.2485
1130.0000 -0.2490
1131.0000 -0.2494
1132.0000 -0.2499
1133.0000 -0.2503
1134.0000 -0.2508
1135.0000 -0.2512
1136.0000 -0.2516
1137.0000 -0.2521
1138.0000 -0.2525
1139.0000 -0.2529
1140.0000 -0.2533
1141.0000 -0.2537
1142.0000 -0.2541
1143.0000 -0.2545
1144.0000 -0.2549
1145.0000 -0.2553
1146.0000 -0.2557
1147.0000 -0.2560
1148.0000 -0.2564
1149.0000 -0.2568
1150.0000 -0.2571
1151.0000 -0.2575
1152.0000 -0.2579
1153.0000 -0.2582
1154.0000 -0.2586
1155.0000 -0.2589
1156.0000 -0.2592
1157.0000 -0.2596
1158.0000 -0.2599
1159.0000 -0.2603
1160.0000 -0.2606
1161.0000 -0.2609
1162.0000 -0.2612
1163.0000 -0.2615
1164.0000 -0.2619
1165.0000 -0.2622
1166.0000 -0.2625
1167.0000 -0.2628
1168.0000 -0.2631
1169.0000 -0.2634
1170.0000 -0.2637
1171.0000 -0.2639
1172.0000 -0.2642
1173.0000 -0.2645
1174.0000 -0.2648
1175.0000 -0.2651
1176.0000 -0.2654
1177.0000 -0.2656
1178.0000 -0.2659
1179.0000 -0.2662
1180.0000 -0.2664
1181.0000 -0.2667
1182.0000 -0.2669
1183.0000 -0.2672
1184.0000 -0.2674
1185.0000 -0.2677
1186.0000 -0.2679
1187.0000 -0.2682
1188.0000 -0.2684
1189.0000 -0.2687
1190.0000 -0.2689
1191.0000 -0.2691
1192.0000 -0.2694
1193.0000 -0.2696
1194.0000 -0.2698
1195.0000 -0.2701
1196.0000 -0.2703
1197.0000 -0.2705
1198.0000 -0.2707
1199.0000 -0.2709
1200.0000 -0.2711
1201.0000 -0.2713
1202.0000 -0.2716
1203.0000 -0.2718
1204.0000 -0.2720
1205.0000 -0.2722
1206.0000 -0.2724
1207.0000 -0.2726
1208.0000 -0.2728
1209.0000 -0.2730
1210.0000 -0.0424
1211.0000 -0.0425
1212.0000 0.0231
1213.0000 0.0888
1214.0000 0.1544
1215.0000 0.2198
1216.0000 0.2823
1217.0000 0.3435
1218.0000 0.4021
1219.0000 0.4569
1220.0000 0.5061
1221.0000 0.5457
1222.0000 0.5661
1223.0000 0.5633
1224.0000 0.5496
1225.0000 0.5301
1226.0000 0.5067
1227.0000 0.4825
1228.0000 0.4622
1229.0000 0.4481
1230.0000 0.4392
1231.0000 0.4340
1232.0000 0.4321
1233.0000 0.4331
1234.0000 0.4361
1235.0000 0.4402
1236.0000 0.4442
1237.0000 0.4469
1238.0000 0.4475
1239.0000 0.4458
1240.0000 0.4422
1241.0000 0.4372
1242.0000 0.4316
1243.0000 0.4263
1244.0000 0.4218
1245.0000 0.4187
1246.0000 0.4170
1247.0000 0.4167
1248.0000 0.4176
1249.0000 0.4191
1250.0000 0.4209
1251.0000 0.4225
1252.0000 0.4237
1253.0000 0.4243
1254.0000 0.4242
1255.0000 0.4237
1256.0000 0.4228
1257.0000 0.4218
1258.0000 0.4209
1259.0000 0.4202
1260.0000 0.4199
1261.0000 0.4199
1262.0000 0.4202
1263.0000 0.4208
1264.0000 0.4215
1265.0000 0.4221
1266.0000 0.4227
1267.0000 0.4231
1268.0000 0.4233
1269.0000 0.4233
1270.0000 0.4232
1271.0000 0.4231
1272.0000 0.4229
1273.0000 0.4227
1274.0000 0.4226
1275.0000 0.4226
1276.0000 0.4226
1277.0000 0.4227
1278.0000 0.4229
1279.0000 0.4231
1280.0000 0.4232
1281.0000 0.4234
1282.0000 0.4234
1283.0000 0.4235
1284.0000 0.4235
1285.0000 0.4234
1286.0000 0.4234
1287.0000 0.4233
1288.0000 0.4232
1289.0000 0.4232
1290.0000 0.4232
1291.0000 0.4232
1292.0000 0.4232
1293.0000 0.4233
1294.0000 0.4233
1295.0000 0.4233
1296.0000 0.4234
1297.0000 0.4234
1298.0000 0.4234
1299.0000 0.4234
1300.0000 0.4233
1301.0000 0.4233
1302.0000 0.4233
1303.0000 0.4233
1304.0000 0.4233
1305.0000 0.4233
1306.0000 0.4233
1307.0000 0.4233
1308.0000 0.4233
1309.0000 0.4233
1310.0000 0.4233
1311.0000 0.4233
1312.0000 0.4233
1313.0000 0.4233
1314.0000 0.4233
1315.0000 0.4233
1316.0000 0.4233
1317.0000 0.4233
1318.0000 0.4233
1319.0000 0.4233
1320.0000 0.4233
1321.0000 0.4233
1322.0000 0.4233
1323.0000 0.4233
1324.0000 0.4233
1325.0000 0.4233
1326.0000 0.4233
1327.0000 0.4233
1328.0000 0.4233
1329.0000 0.4233
1330.0000 0.4233
1331.0000 0.4233
1332.0000 0.4233
1333.0000 0.4233
1334.0000 0.4233
1335.0000 0.4233
1336.0000 0.4233
1337.0000 0.4233
1338.0000 0.4233
1339.0000 0.4233
1340.0000 0.4233
1341.0000 0.4233
1342.0000 0.4233
1343.0000 0.4233
1344.0000 0.4233
1345.0000 0.4233
1346.0000 0.4233
1347.0000 0.4233
1348.0000 0.4233
1349.0000 0.4233
1350.0000 0.4233
1351.0000 0.4233
1352.0000 0.4233
1353.0000 0.4233
1354.0000 0.4233
1355.0000 0.4233
1356.0000 0.4233
1357.0000 0.4233
1358.0000 0.4233
1359.0000 0.4233
1360.0000 0.4233
1361.0000 0.4233
1362.0000 0.4233
1363.0000 0.4233
1364.0000 0.4233
1365.0000 0.4233
1366.0000 0.4233
1367.0000 0.4233
1368.0000 0.4233
1369.0000 0.4233
1370.0000 0.4233
1371.0000 0.4233
1372.0000 0.4233
1373.0000 0.4233
1374.0000 0.4233
1375.0000 0.4233
1376.0000 0.4233
1377.0000 0.4233
1378.0000 0.4233
1379.0000 0.4233
1380.0000 0.4233
1381.0000 0.4233
1382.0000 0.4233
1383.0000 0.4233
1384.0000 0.4233
1385.0000 0.4233
1386.0000 0.4233
1387.0000 0.4233
1388.0000 0.4233
1389.0000 0.4233
1390.0000 0.4233
1391.0000 0.4233
1392.0000 0.4233
1393.0000 0.4233
1394.0000 0.4233
1395.0000 0.4233
1396.0000 0.4233
1397.0000 0.4233
1398.0000 0.4233
1399.0000 0.4233
1400.0000 0.4233
1401.0000 0.4233
1402.0000 0.4233
1403.0000 0.4233
1404.0000 0.4233
1405.0000 0.4233
1406.0000 0.4233
1407.0000 0.4233
1408.0000 0.4233
1409.0000 0.4233
1410.0000 0.4233
