1.0000 0.0000
2.0000 0.0000
3.0000 0.0000
4.0000 0.0000
5.0000 0.0000
6.0000 0.0000
7.0000 0.0000
8.0000 0.0000
9.0000 0.0000
10.0000 1.0000
11.0000 0.8457
12.0000 1.0000
13.0000 1.0000
14.0000 1.0000
15.0000 1.0000
16.0000 1.0000
17.0000 1.0000
18.0000 1.0000
19.0000 1.0000
20.0000 1.0000
21.0000 0.9988
22.0000 0.9945
23.0000 0.9878
24.0000 0.9793
25.0000 0.9693
26.0000 0.9584
27.0000 0.9471
28.0000 0.9362
29.0000 0.9262
30.0000 0.9175
31.0000 0.9105
32.0000 0.9054
33.0000 0.9024
34.0000 0.9016
35.0000 0.9028
36.0000 0.9059
37.0000 0.9105
38.0000 0.9163
39.0000 0.9229
40.0000 0.9300
41.0000 0.9373
42.0000 0.9442
43.0000 0.9506
44.0000 0.9563
45.0000 0.9610
46.0000 0.9645
47.0000 0.9670
48.0000 0.9682
49.0000 0.9683
50.0000 0.9674
51.0000 0.9655
52.0000 0.9629
53.0000 0.9597
54.0000 0.9561
55.0000 0.9523
56.0000 0.9484
57.0000 0.9447
58.0000 0.9414
59.0000 0.9384
60.0000 0.9361
61.0000 0.9343
62.0000 0.9332
63.0000 0.9327
64.0000 0.9328
65.0000 0.9336
66.0000 0.9348
67.0000 0.9363
68.0000 0.9382
69.0000 0.9403
70.0000 0.9424
71.0000 0.9445
72.0000 0.9464
73.0000 0.9482
74.0000 0.9497
75.0000 0.9508
76.0000 0.9516
77.0000 0.9521
78.0000 0.9522
79.0000 0.9520
80.0000 0.9515
81.0000 0.9508
82.0000 0.9498
83.0000 0.9488
84.0000 0.9476
85.0000 0.9465
86.0000 0.9454
87.0000 0.9443
88.0000 0.9434
89.0000 0.9427
90.0000 0.9421
91.0000 0.9417
92.0000 0.9416
93.0000 0.9416
94.0000 0.9417
95.0000 0.9421
96.0000 0.9425
97.0000 0.9431
98.0000 0.9437
99.0000 0.9443
100.0000 0.9449
101.0000 0.9455
102.0000 0.9460
103.0000 0.9465
104.0000 0.9469
105.0000 0.9471
106.0000 0.9473
107.0000 0.9474
108.0000 0.9473
109.0000 0.9472
110.0000 0.9470
111.0000 0.9467
112.0000 0.9464
113.0000 0.9461
114.0000 0.9457
115.0000 0.9454
116.0000 0.9451
117.0000 0.9448
118.0000 0.9446
119.0000 0.9444
120.0000 0.9443
121.0000 0.9442
122.0000 0.9442
123.0000 0.9442
124.0000 0.9443
125.0000 0.9444
126.0000 0.9446
127.0000 0.9448
128.0000 0.9450
129.0000 0.9451
130.0000 0.9453
131.0000 0.9455
132.0000 0.9456
133.0000 0.9458
134.0000 0.9458
135.0000 0.9459
136.0000 0.9459
137.0000 0.9459
138.0000 0.9459
139.0000 0.9458
140.0000 0.9458
141.0000 0.9457
142.0000 0.9456
143.0000 0.9455
144.0000 0.9454
145.0000 0.9453
146.0000 0.9452
147.0000 0.9451
148.0000 0.9450
149.0000 0.9450
150.0000 0.9450
151.0000 0.9450
152.0000 0.9450
153.0000 0.9450
154.0000 0.9450
155.0000 0.9451
156.0000 0.9451
157.0000 0.9452
158.0000 0.9452
159.0000 0.9453
160.0000 0.9454
161.0000 0.9454
162.0000 0.9454
163.0000 0.9455
164.0000 0.9455
165.0000 0.9455
166.0000 0.9455
167.0000 0.9455
168.0000 0.9455
169.0000 0.9454
170.0000 0.9454
171.0000 0.9454
172.0000 0.9454
173.0000 0.9453
174.0000 0.9453
175.0000 0.9453
176.0000 0.9452
177.0000 0.9452
178.0000 0.9452
179.0000 0.9452
180.0000 0.9452
181.0000 0.9452
182.0000 0.9452
183.0000 0.9452
184.0000 0.9452
185.0000 0.9453
186.0000 0.9453
187.0000 0.9453
188.0000 0.9453
189.0000 0.9453
190.0000 0.9453
191.0000 0.9453
192.0000 0.9454
193.0000 0.9454
194.0000 0.9454
195.0000 0.9454
196.0000 0.9454
197.0000 0.9454
198.0000 0.9453
199.0000 0.9453
200.0000 0.9453
201.0000 0.9453
202.0000 0.9453
203.0000 0.9453
204.0000 0.9453
205.0000 0.9453
206.0000 0.9453
207.0000 0.9453
208.0000 0.9453
209.0000 0.9453
210.0000 0.0598
211.0000 0.5328
212.0000 0.4778
213.0000 0.4228
214.0000 0.3678
215.0000 0.5432
216.0000 0.5788
217.0000 0.6060
218.0000 0.6373
219.0000 0.6721
220.0000 0.6912
221.0000 0.7009
222.0000 0.7057
223.0000 0.7057
224.0000 0.7008
225.0000 0.6918
226.0000 0.6802
227.0000 0.6666
228.0000 0.6519
229.0000 0.6371
230.0000 0.6228
231.0000 0.6097
232.0000 0.5984
233.0000 0.5892
234.0000 0.5824
235.0000 0.5779
236.0000 0.5757
237.0000 0.5755
238.0000 0.5770
239.0000 0.5797
240.0000 0.5833
241.0000 0.5873
242.0000 0.5913
243.0000 0.5953
244.0000 0.5988
245.0000 0.6017
246.0000 0.6041
247.0000 0.6057
248.0000 0.6068
249.0000 0.6072
250.0000 0.6071
251.0000 0.6066
252.0000 0.6058
253.0000 0.6048
254.0000 0.6036
255.0000 0.6025
256.0000 0.6013
257.0000 0.6003
258.0000 0.5994
259.0000 0.5986
260.0000 0.5981
261.0000 0.5978
262.0000 0.5976
263.0000 0.5976
264.0000 0.5977
265.0000 0.5979
266.0000 0.5981
267.0000 0.5985
268.0000 0.5988
269.0000 0.5991
270.0000 0.5994
271.0000 0.5997
272.0000 0.5999
273.0000 0.6000
274.0000 0.6001
275.0000 0.6002
276.0000 0.6002
277.0000 0.6002
278.0000 0.6001
279.0000 0.6000
280.0000 0.5999
281.0000 0.5998
282.0000 0.5998
283.0000 0.5997
284.0000 0.5996
285.0000 0.5995
286.0000 0.5995
287.0000 0.5995
288.0000 0.5994
289.0000 0.5994
290.0000 0.5994
291.0000 0.5995
292.0000 0.5995
293.0000 0.5995
294.0000 0.5995
295.0000 0.5996
296.0000 0.5996
297.0000 0.5996
298.0000 0.5996
299.0000 0.5996
300.0000 0.5996
301.0000 0.5996
302.0000 0.5996
303.0000 0.5996
304.0000 0.5996
305.0000 0.5996
306.0000 0.5996
307.0000 0.5996
308.0000 0.5996
309.0000 0.5996
310.0000 0.5996
311.0000 0.5996
312.0000 0.5996
313.0000 0.5996
314.0000 0.5996
315.0000 0.5996
316.0000 0.5996
317.0000 0.5996
318.0000 0.5996
319.0000 0.5996
320.0000 0.5996
321.0000 0.5996
322.0000 0.5996
323.0000 0.5996
324.0000 0.5996
325.0000 0.5996
326.0000 0.5996
327.0000 0.5996
328.0000 0.5996
329.0000 0.5996
330.0000 0.5996
331.0000 0.5996
332.0000 0.5996
333.0000 0.5996
334.0000 0.5996
335.0000 0.5996
336.0000 0.5996
337.0000 0.5996
338.0000 0.5996
339.0000 0.5996
340.0000 0.5996
341.0000 0.5996
342.0000 0.5996
343.0000 0.5996
344.0000 0.5996
345.0000 0.5996
346.0000 0.5996
347.0000 0.5996
348.0000 0.5996
349.0000 0.5996
350.0000 0.5996
351.0000 0.5996
352.0000 0.5996
353.0000 0.5996
354.0000 0.5996
355.0000 0.5996
356.0000 0.5996
357.0000 0.5996
358.0000 0.5996
359.0000 0.5996
360.0000 0.5996
361.0000 0.5996
362.0000 0.5996
363.0000 0.5996
364.0000 0.5996
365.0000 0.5996
366.0000 0.5996
367.0000 0.5996
368.0000 0.5996
369.0000 0.5996
370.0000 0.5996
371.0000 0.5996
372.0000 0.5996
373.0000 0.5996
374.0000 0.5996
375.0000 0.5996
376.0000 0.5996
377.0000 0.5996
378.0000 0.5996
379.0000 0.5996
380.0000 0.5996
381.0000 0.5996
382.0000 0.5996
383.0000 0.5996
384.0000 0.5996
385.0000 0.5996
386.0000 0.5996
387.0000 0.5996
388.0000 0.5996
389.0000 0.5996
390.0000 0.5996
391.0000 0.5996
392.0000 0.5996
393.0000 0.5996
394.0000 0.5996
395.0000 0.5996
396.0000 0.5996
397.0000 0.5996
398.0000 0.5996
399.0000 0.5996
400.0000 0.5996
401.0000 0.5996
402.0000 0.5996
403.0000 0.5996
404.0000 0.5996
405.0000 0.5996
406.0000 0.5996
407.0000 0.5996
408.0000 0.5996
409.0000 0.5996
410.0000 1.0000
411.0000 0.6847
412.0000 0.7213
413.0000 0.7580
414.0000 0.7947
415.0000 0.8036
416.0000 0.8195
417.0000 0.8400
418.0000 0.8563
419.0000 0.8680
420.0000 0.8770
421.0000 0.8836
422.0000 0.8872
423.0000 0.8880
424.0000 0.8864
425.0000 0.8829
426.0000 0.8777
427.0000 0.8714
428.0000 0.8642
429.0000 0.8568
430.0000 0.8494
431.0000 0.8425
432.0000 0.8363
433.0000 0.8311
434.0000 0.8270
435.0000 0.8243
436.0000 0.8228
437.0000 0.8226
438.0000 0.8235
439.0000 0.8254
440.0000 0.8281
441.0000 0.8314
442.0000 0.8350
443.0000 0.8388
444.0000 0.8426
445.0000 0.8461
446.0000 0.8493
447.0000 0.8519
448.0000 0.8540
449.0000 0.8555
450.0000 0.8564
451.0000 0.8567
452.0000 0.8565
453.0000 0.8557
454.0000 0.8546
455.0000 0.8532
456.0000 0.8515
457.0000 0.8498
458.0000 0.8480
459.0000 0.8463
460.0000 0.8447
461.0000 0.8434
462.0000 0.8423
463.0000 0.8414
464.0000 0.8409
465.0000 0.8407
466.0000 0.8407
467.0000 0.8410
468.0000 0.8414
469.0000 0.8421
470.0000 0.8428
471.0000 0.8437
472.0000 0.8445
473.0000 0.8453
474.0000 0.8461
475.0000 0.8468
476.0000 0.8473
477.0000 0.8478
478.0000 0.8481
479.0000 0.8482
480.0000 0.8483
481.0000 0.8482
482.0000 0.8480
483.0000 0.8477
484.0000 0.8473
485.0000 0.8470
486.0000 0.8466
487.0000 0.8462
488.0000 0.8458
489.0000 0.8455
490.0000 0.8452
491.0000 0.8449
492.0000 0.8448
493.0000 0.8447
494.0000 0.8447
495.0000 0.8447
496.0000 0.8448
497.0000 0.8449
498.0000 0.8450
499.0000 0.8452
500.0000 0.8454
501.0000 0.8456
502.0000 0.8458
503.0000 0.8459
504.0000 0.8461
505.0000 0.8462
506.0000 0.8463
507.0000 0.8463
508.0000 0.8464
509.0000 0.8464
510.0000 0.8463
511.0000 0.8463
512.0000 0.8462
513.0000 0.8461
514.0000 0.8460
515.0000 0.8460
516.0000 0.8459
517.0000 0.8458
518.0000 0.8457
519.0000 0.8457
520.0000 0.8456
521.0000 0.8456
522.0000 0.8456
523.0000 0.8456
524.0000 0.8456
525.0000 0.8456
526.0000 0.8456
527.0000 0.8456
528.0000 0.8457
529.0000 0.8457
530.0000 0.8458
531.0000 0.8458
532.0000 0.8459
533.0000 0.8459
534.0000 0.8459
535.0000 0.8459
536.0000 0.8459
537.0000 0.8459
538.0000 0.8459
539.0000 0.8459
540.0000 0.8459
541.0000 0.8459
542.0000 0.8459
543.0000 0.8459
544.0000 0.8458
545.0000 0.8458
546.0000 0.8458
547.0000 0.8458
548.0000 0.8458
549.0000 0.8458
550.0000 0.8458
551.0000 0.8458
552.0000 0.8458
553.0000 0.8458
554.0000 0.8458
555.0000 0.8458
556.0000 0.8458
557.0000 0.8458
558.0000 0.8458
559.0000 0.8458
560.0000 0.8458
561.0000 0.8458
562.0000 0.8458
563.0000 0.8458
564.0000 0.8458
565.0000 0.8458
566.0000 0.8458
567.0000 0.8458
568.0000 0.8458
569.0000 0.8458
570.0000 0.8458
571.0000 0.8458
572.0000 0.8458
573.0000 0.8458
574.0000 0.8458
575.0000 0.8458
576.0000 0.8458
577.0000 0.8458
578.0000 0.8458
579.0000 0.8458
580.0000 0.8458
581.0000 0.8458
582.0000 0.8458
583.0000 0.8458
584.0000 0.8458
585.0000 0.8458
586.0000 0.8458
587.0000 0.8458
588.0000 0.8458
589.0000 0.8458
590.0000 0.8458
591.0000 0.8458
592.0000 0.8458
593.0000 0.8458
594.0000 0.8458
595.0000 0.8458
596.0000 0.8458
597.0000 0.8458
598.0000 0.8458
599.0000 0.8458
600.0000 0.8458
601.0000 0.8458
602.0000 0.8458
603.0000 0.8458
604.0000 0.8458
605.0000 0.8458
606.0000 0.8458
607.0000 0.8458
608.0000 0.8458
609.0000 0.8458
610.0000 -0.3791
611.0000 0.2752
612.0000 0.1991
613.0000 0.1230
614.0000 0.0469
615.0000 0.3145
616.0000 0.3403
617.0000 0.3418
618.0000 0.3349
619.0000 0.3209
620.0000 0.3084
621.0000 0.2911
622.0000 0.2705
623.0000 0.2466
624.0000 0.2202
625.0000 0.1929
626.0000 0.1665
627.0000 0.1423
628.0000 0.1206
629.0000 0.1008
630.0000 0.0822
631.0000 0.0645
632.0000 0.0477
633.0000 0.0321
634.0000 0.0178
635.0000 0.0049
636.0000 -0.0068
637.0000 -0.0174
638.0000 -0.0272
639.0000 -0.0361
640.0000 -0.0444
641.0000 -0.0522
642.0000 -0.0596
643.0000 -0.0666
644.0000 -0.0732
645.0000 -0.0796
646.0000 -0.0858
647.0000 -0.0917
648.0000 -0.0974
649.0000 -0.1030
650.0000 -0.1084
651.0000 -0.1136
652.0000 -0.1188
653.0000 -0.1238
654.0000 -0.1287
655.0000 -0.1334
656.0000 -0.1381
657.0000 -0.1427
658.0000 -0.1472
659.0000 -0.1516
660.0000 -0.1559
661.0000 -0.1601
662.0000 -0.1643
663.0000 -0.1684
664.0000 -0.1724
665.0000 -0.1764
666.0000 -0.1803
667.0000 -0.1841
668.0000 -0.1879
669.0000 -0.1916
670.0000 -0.1953
671.0000 -0.1989
672.0000 -0.2025
673.0000 -0.2060
674.0000 -0.2095
675.0000 -0.2130
676.0000 -0.2164
677.0000 -0.2197
678.0000 -0.2230
679.0000 -0.2263
680.0000 -0.2296
681.0000 -0.2328
682.0000 -0.2359
683.0000 -0.2391
684.0000 -0.2422
685.0000 -0.2453
686.0000 -0.2483
687.0000 -0.2513
688.0000 -0.2543
689.0000 -0.2572
690.0000 -0.2601
691.0000 -0.2630
692.0000 -0.2659
693.0000 -0.2687
694.0000 -0.2716
695.0000 -0.2743
696.0000 -0.2771
697.0000 -0.2798
698.0000 -0.2825
699.0000 -0.2852
700.0000 -0.2879
701.0000 -0.2905
702.0000 -0.2932
703.0000 -0.2957
704.0000 -0.2983
705.0000 -0.3009
706.0000 -0.3034
707.0000 -0.3059
708.0000 -0.3084
709.0000 -0.3109
710.0000 -0.3133
711.0000 -0.3158
712.0000 -0.3182
713.0000 -0.3206
714.0000 -0.3230
715.0000 -0.3253
716.0000 -0.3277
717.0000 -0.3300
718.0000 -0.3323
719.0000 -0.3346
720.0000 -0.3369
721.0000 -0.3391
722.0000 -0.3413
723.0000 -0.3436
724.0000 -0.3458
725.0000 -0.3480
726.0000 -0.3501
727.0000 -0.3523
728.0000 -0.3545
729.0000 -0.3566
730.0000 -0.3587
731.0000 -0.3608
732.0000 -0.3629
733.0000 -0.3650
734.0000 -0.3670
735.0000 -0.3691
736.0000 -0.3711
737.0000 -0.3731
738.0000 -0.3751
739.0000 -0.3771
740.0000 -0.3791
741.0000 -0.3810
742.0000 -0.3830
743.0000 -0.3849
744.0000 -0.3869
745.0000 -0.3888
746.0000 -0.3907
747.0000 -0.3926
748.0000 -0.3944
749.0000 -0.3963
750.0000 -0.3981
751.0000 -0.4000
752.0000 -0.4018
753.0000 -0.4036
754.0000 -0.4054
755.0000 -0.4072
756.0000 -0.4090
757.0000 -0.4108
758.0000 -0.4125
759.0000 -0.4143
760.0000 -0.4160
761.0000 -0.4177
762.0000 -0.4194
763.0000 -0.4211
764.0000 -0.4228
765.0000 -0.4245
766.0000 -0.4262
767.0000 -0.4279
768.0000 -0.4295
769.0000 -0.4311
770.0000 -0.4328
771.0000 -0.4344
772.0000 -0.4360
773.0000 -0.4376
774.0000 -0.4392
775.0000 -0.4408
776.0000 -0.4423
777.0000 -0.4439
778.0000 -0.4455
779.0000 -0.4470
780.0000 -0.4485
781.0000 -0.4501
782.0000 -0.4516
783.0000 -0.4531
784.0000 -0.4546
785.0000 -0.4561
786.0000 -0.4575
787.0000 -0.4590
788.0000 -0.4605
789.0000 -0.4619
790.0000 -0.4634
791.0000 -0.4648
792.0000 -0.4662
793.0000 -0.4676
794.0000 -0.4690
795.0000 -0.4704
796.0000 -0.4718
797.0000 -0.4732
798.0000 -0.4746
799.0000 -0.4760
800.0000 -0.4773
801.0000 -0.4787
802.0000 -0.4800
803.0000 -0.4813
804.0000 -0.4827
805.0000 -0.4840
806.0000 -0.4853
807.0000 -0.4866
808.0000 -0.4879
809.0000 -0.4892
810.0000 -0.4699
811.0000 -0.4742
812.0000 -0.4705
813.0000 -0.4667
814.0000 -0.4630
815.0000 -0.4593
816.0000 -0.4557
817.0000 -0.4520
818.0000 -0.4483
819.0000 -0.4447
820.0000 -0.4411
821.0000 -0.4375
822.0000 -0.4340
823.0000 -0.4304
824.0000 -0.4269
825.0000 -0.4234
826.0000 -0.4199
827.0000 -0.4165
828.0000 -0.4131
829.0000 -0.4096
830.0000 -0.4063
831.0000 -0.4029
832.0000 -0.3995
833.0000 -0.3962
834.0000 -0.3929
835.0000 -0.3896
836.0000 -0.3863
837.0000 -0.3831
838.0000 -0.3799
839.0000 -0.3767
840.0000 -0.3735
841.0000 -0.3703
842.0000 -0.3672
843.0000 -0.3640
844.0000 -0.3609
845.0000 -0.3579
846.0000 -0.3548
847.0000 -0.3518
848.0000 -0.3487
849.0000 -0.3457
850.0000 -0.3427
851.0000 -0.3398
852.0000 -0.3368
853.0000 -0.3339
854.0000 -0.3310
855.0000 -0.3281
856.0000 -0.3253
857.0000 -0.3224
858.0000 -0.3196
859.0000 -0.3168
860.0000 -0.3140
861.0000 -0.3113
862.0000 -0.3085
863.0000 -0.3058
864.0000 -0.3031
865.0000 -0.3004
866.0000 -0.2977
867.0000 -0.2951
868.0000 -0.2925
869.0000 -0.2899
870.0000 -0.2873
871.0000 -0.2847
872.0000 -0.2822
873.0000 -0.2797
874.0000 -0.2772
875.0000 -0.2747
876.0000 -0.2722
877.0000 -0.2698
878.0000 -0.2673
879.0000 -0.2649
880.0000 -0.2626
881.0000 -0.2602
882.0000 -0.2579
883.0000 -0.2555
884.0000 -0.2532
885.0000 -0.2510
886.0000 -0.2487
887.0000 -0.2465
888.0000 -0.2442
889.0000 -0.2420
890.0000 -0.2399
891.0000 -0.2377
892.0000 -0.2356
893.0000 -0.2334
894.0000 -0.2313
895.0000 -0.2293
896.0000 -0.2272
897.0000 -0.2252
898.0000 -0.2231
899.0000 -0.2211
900.0000 -0.2192
901.0000 -0.2172
902.0000 -0.2153
903.0000 -0.2133
904.0000 -0.2114
905.0000 -0.2096
906.0000 -0.2077
907.0000 -0.2059
908.0000 -0.2041
909.0000 -0.2023
910.0000 -0.2005
911.0000 -0.1987
912.0000 -0.1970
913.0000 -0.1953
914.0000 -0.1936
915.0000 -0.1919
916.0000 -0.1902
917.0000 -0.1886
918.0000 -0.1870
919.0000 -0.1854
920.0000 -0.1838
921.0000 -0.1822
922.0000 -0.1807
923.0000 -0.1792
924.0000 -0.1777
925.0000 -0.1762
926.0000 -0.1747
927.0000 -0.1733
928.0000 -0.1718
929.0000 -0.1704
930.0000 -0.1690
931.0000 -0.1677
932.0000 -0.1663
933.0000 -0.1650
934.0000 -0.1637
935.0000 -0.1624
936.0000 -0.1611
937.0000 -0.1598
938.0000 -0.1586
939.0000 -0.1574
940.0000 -0.1562
941.0000 -0.1550
942.0000 -0.1538
943.0000 -0.1526
944.0000 -0.1515
945.0000 -0.1504
946.0000 -0.1493
947.0000 -0.1482
948.0000 -0.1471
949.0000 -0.1461
950.0000 -0.1450
951.0000 -0.1440
952.0000 -0.1430
953.0000 -0.1420
954.0000 -0.1410
955.0000 -0.1401
956.0000 -0.1391
957.0000 -0.1382
958.0000 -0.1373
959.0000 -0.1364
960.0000 -0.1355
961.0000 -0.1346
962.0000 -0.1338
963.0000 -0.1329
964.0000 -0.1321
965.0000 -0.1313
966.0000 -0.1305
967.0000 -0.1297
968.0000 -0.1290
969.0000 -0.1282
970.0000 -0.1275
971.0000 -0.1267
972.0000 -0.1260
973.0000 -0.1253
974.0000 -0.1246
975.0000 -0.1239
976.0000 -0.1233
977.0000 -0.1226
978.0000 -0.1220
979.0000 -0.1213
980.0000 -0.1207
981.0000 -0.1201
982.0000 -0.1195
983.0000 -0.1189
984.0000 -0.1184
985.0000 -0.1178
986.0000 -0.1172
987.0000 -0.1167
988.0000 -0.1162
989.0000 -0.1156
990.0000 -0.1151
991.0000 -0.1146
992.0000 -0.1141
993.0000 -0.1137
994.0000 -0.1132
995.0000 -0.1127
996.0000 -0.1123
997.0000 -0.1118
998.0000 -0.1114
999.0000 -0.1109
1000.0000 -0.1105
1001.0000 -0.1101
1002.0000 -0.1097
1003.0000 -0.1093
1004.0000 -0.1089
1005.0000 -0.1085
1006.0000 -0.1082
1007.0000 -0.1078
1008.0000 -0.1074
1009.0000 -0.1071
1010.0000 -0.1170
1011.0000 -0.1152
1012.0000 -0.1173
1013.0000 -0.1195
1014.0000 -0.1217
1015.0000 -0.1238
1016.0000 -0.1258
1017.0000 -0.1279
1018.0000 -0.1299
1019.0000 -0.1318
1020.0000 -0.1338
1021.0000 -0.1356
1022.0000 -0.1375
1023.0000 -0.1393
1024.0000 -0.1411
1025.0000 -0.1429
1026.0000 -0.1446
1027.0000 -0.1463
1028.0000 -0.1480
1029.0000 -0.1496
1030.0000 -0.1512
1031.0000 -0.1528
1032.0000 -0.1544
1033.0000 -0.1559
1034.0000 -0.1575
1035.0000 -0.1589
1036.0000 -0.1604
1037.0000 -0.1618
1038.0000 -0.1633
1039.0000 -0.1647
1040.0000 -0.1660
1041.0000 -0.1674
1042.0000 -0.1687
1043.0000 -0.1701
1044.0000 -0.1713
1045.0000 -0.1726
1046.0000 -0.1739
1047.0000 -0.1751
1048.0000 -0.1764
1049.0000 -0.1776
1050.0000 -0.1788
1051.0000 -0.1799
1052.0000 -0.1811
1053.0000 -0.1822
1054.0000 -0.1834
1055.0000 -0.1845
1056.0000 -0.1856
1057.0000 -0.1866
1058.0000 -0.1877
1059.0000 -0.1888
1060.0000 -0.1898
1061.0000 -0.1908
1062.0000 -0.1918
1063.0000 -0.1928
1064.0000 -0.1938
1065.0000 -0.1948
1066.0000 -0.1958
1067.0000 -0.1967
1068.0000 -0.1977
1069.0000 -0.1986
1070.0000 -0.1995
1071.0000 -0.2004
1072.0000 -0.2013
1073.0000 -0.2022
1074.0000 -0.2031
1075.0000 -0.2039
1076.0000 -0.2048
1077.0000 -0.2056
1078.0000 -0.2064
1079.0000 -0.2073
1080.0000 -0.2081
1081.0000 -0.2089
1082.0000 -0.2097
1083.0000 -0.2105
1084.0000 -0.2112
1085.0000 -0.2120
1086.0000 -0.2128
1087.0000 -0.2135
1088.0000 -0.2143
1089.0000 -0.2150
1090.0000 -0.2157
1091.0000 -0.2164
1092.0000 -0.2171
1093.0000 -0.2178
1094.0000 -0.2185
1095.0000 -0.2192
1096.0000 -0.2199
1097.0000 -0.2206
1098.0000 -0.2212
1099.0000 -0.2219
1100.0000 -0.2225
1101.0000 -0.2232
1102.0000 -0.2238
1103.0000 -0.2244
1104.0000 -0.2250
1105.0000 -0.2257
1106.0000 -0.2263
1107.0000 -0.2269
1108.0000 -0.2275
1109.0000 -0.2281
1110.0000 -0.2286
1111.0000 -0.2292
1112.0000 -0.2298
1113.0000 -0.2304
1114.0000 -0.2309
1115.0000 -0.2315
1116.0000 -0.2320
1117.0000 -0.2326
1118.0000 -0.2331
1119.0000 -0.2336
1120.0000 -0.2341
1121.0000 -0.2347
1122.0000 -0.2352
1123.0000 -0.2357
1124.0000 -0.2362
1125.0000 -0.2367
1126.0000 -0.2372
1127.0000 -0.2377
1128.0000 -0.2382
1129.0000 -0.2386
1130.0000 -0.2391
1131.0000 -0.2396
1132.0000 -0.2400
1133.0000 -0.2405
1134.0000 -0.2410
1135.0000 -0.2414
1136.0000 -0.2419
1137.0000 -0.2423
1138.0000 -0.2427
1139.0000 -0.2432
1140.0000 -0.2436
1141.0000 -0.2440
1142.0000 -0.2445
1143.0000 -0.2449
1144.0000 -0.2453
1145.0000 -0.2457
1146.0000 -0.2461
1147.0000 -0.2465
1148.0000 -0.2469
1149.0000 -0.2473
1150.0000 -0.2477
1151.0000 -0.2481
1152.0000 -0.2485
1153.0000 -0.2488
1154.0000 -0.2492
1155.0000 -0.2496
1156.0000 -0.2500
1157.0000 -0.2503
1158.0000 -0.2507
1159.0000 -0.2510
1160.0000 -0.2514
1161.0000 -0.2517
1162.0000 -0.2521
1163.0000 -0.2524
1164.0000 -0.2528
1165.0000 -0.2531
1166.0000 -0.2535
1167.0000 -0.2538
1168.0000 -0.2541
1169.0000 -0.2544
1170.0000 -0.2548
1171.0000 -0.2551
1172.0000 -0.2554
1173.0000 -0.2557
1174.0000 -0.2560
1175.0000 -0.2563
1176.0000 -0.2566
1177.0000 -0.2569
1178.0000 -0.2572
1179.0000 -0.2575
1180.0000 -0.2578
1181.0000 -0.2581
1182.0000 -0.2584
1183.0000 -0.2587
1184.0000 -0.2590
1185.0000 -0.2593
1186.0000 -0.2596
1187.0000 -0.2598
1188.0000 -0.2601
1189.0000 -0.2604
1190.0000 -0.2606
1191.0000 -0.2609
1192.0000 -0.2612
1193.0000 -0.2614
1194.0000 -0.2617
1195.0000 -0.2620
1196.0000 -0.2622
1197.0000 -0.2625
1198.0000 -0.2627
1199.0000 -0.2630
1200.0000 -0.2632
1201.0000 -0.2634
1202.0000 -0.2637
1203.0000 -0.2639
1204.0000 -0.2642
1205.0000 -0.2644
1206.0000 -0.2646
1207.0000 -0.2649
1208.0000 -0.2651
1209.0000 -0.2653
1210.0000 -0.0398
1211.0000 -0.0734
1212.0000 -0.0187
1213.0000 0.0360
1214.0000 0.0907
1215.0000 0.1450
1216.0000 0.1970
1217.0000 0.2488
1218.0000 0.2991
1219.0000 0.3474
1220.0000 0.3931
1221.0000 0.4355
1222.0000 0.4738
1223.0000 0.5070
1224.0000 0.5337
1225.0000 0.5520
1226.0000 0.5595
1227.0000 0.5568
1228.0000 0.5477
1229.0000 0.5350
1230.0000 0.5200
1231.0000 0.5040
1232.0000 0.4881
1233.0000 0.4733
1234.0000 0.4602
1235.0000 0.4492
1236.0000 0.4406
1237.0000 0.4345
1238.0000 0.4305
1239.0000 0.4284
1240.0000 0.4278
1241.0000 0.4282
1242.0000 0.4292
1243.0000 0.4304
1244.0000 0.4316
1245.0000 0.4326
1246.0000 0.4333
1247.0000 0.4336
1248.0000 0.4335
1249.0000 0.4331
1250.0000 0.4325
1251.0000 0.4316
1252.0000 0.4307
1253.0000 0.4297
1254.0000 0.4287
1255.0000 0.4278
1256.0000 0.4270
1257.0000 0.4263
1258.0000 0.4258
1259.0000 0.4253
1260.0000 0.4249
1261.0000 0.4247
1262.0000 0.4245
1263.0000 0.4244
1264.0000 0.4243
1265.0000 0.4243
1266.0000 0.4242
1267.0000 0.4242
1268.0000 0.4242
1269.0000 0.4241
1270.0000 0.4241
1271.0000 0.4240
1272.0000 0.4240
1273.0000 0.4239
1274.0000 0.4239
1275.0000 0.4238
1276.0000 0.4237
1277.0000 0.4237
1278.0000 0.4236
1279.0000 0.4236
1280.0000 0.4235
1281.0000 0.4235
1282.0000 0.4235
1283.0000 0.4234
1284.0000 0.4234
1285.0000 0.4234
1286.0000 0.4234
1287.0000 0.4234
1288.0000 0.4234
1289.0000 0.4234
1290.0000 0.4234
1291.0000 0.4234
1292.0000 0.4233
1293.0000 0.4233
1294.0000 0.4233
1295.0000 0.4233
1296.0000 0.4233
1297.0000 0.4233
1298.0000 0.4233
1299.0000 0.4233
1300.0000 0.4233
1301.0000 0.4233
1302.0000 0.4233
1303.0000 0.4233
1304.0000 0.4233
1305.0000 0.4233
1306.0000 0.4233
1307.0000 0.4233
1308.0000 0.4233
1309.0000 0.4233
1310.0000 0.4233
1311.0000 0.4233
1312.0000 0.4233
1313.0000 0.4233
1314.0000 0.4233
1315.0000 0.4233
1316.0000 0.4233
1317.0000 0.4233
1318.0000 0.4233
1319.0000 0.4233
1320.0000 0.4233
1321.0000 0.4233
1322.0000 0.4233
1323.0000 0.4233
1324.0000 0.4233
1325.0000 0.4233
1326.0000 0.4233
1327.0000 0.4233
1328.0000 0.4233
1329.0000 0.4233
1330.0000 0.4233
1331.0000 0.4233
1332.0000 0.4233
1333.0000 0.4233
1334.0000 0.4233
1335.0000 0.4233
1336.0000 0.4233
1337.0000 0.4233
1338.0000 0.4233
1339.0000 0.4233
1340.0000 0.4233
1341.0000 0.4233
1342.0000 0.4233
1343.0000 0.4233
1344.0000 0.4233
1345.0000 0.4233
1346.0000 0.4233
1347.0000 0.4233
1348.0000 0.4233
1349.0000 0.4233
1350.0000 0.4233
1351.0000 0.4233
1352.0000 0.4233
1353.0000 0.4233
1354.0000 0.4233
1355.0000 0.4233
1356.0000 0.4233
1357.0000 0.4233
1358.0000 0.4233
1359.0000 0.4233
1360.0000 0.4233
1361.0000 0.4233
1362.0000 0.4233
1363.0000 0.4233
1364.0000 0.4233
1365.0000 0.4233
1366.0000 0.4233
1367.0000 0.4233
1368.0000 0.4233
1369.0000 0.4233
1370.0000 0.4233
1371.0000 0.4233
1372.0000 0.4233
1373.0000 0.4233
1374.0000 0.4233
1375.0000 0.4233
1376.0000 0.4233
1377.0000 0.4233
1378.0000 0.4233
1379.0000 0.4233
1380.0000 0.4233
1381.0000 0.4233
1382.0000 0.4233
1383.0000 0.4233
1384.0000 0.4233
1385.0000 0.4233
1386.0000 0.4233
1387.0000 0.4233
1388.0000 0.4233
1389.0000 0.4233
1390.0000 0.4233
1391.0000 0.4233
1392.0000 0.4233
1393.0000 0.4233
1394.0000 0.4233
1395.0000 0.4233
1396.0000 0.4233
1397.0000 0.4233
1398.0000 0.4233
1399.0000 0.4233
1400.0000 0.4233
1401.0000 0.4233
1402.0000 0.4233
1403.0000 0.4233
1404.0000 0.4233
1405.0000 0.4233
1406.0000 0.4233
1407.0000 0.4233
1408.0000 0.4233
1409.0000 0.4233
1410.0000 0.4233
