1.0000 0.0000
2.0000 0.0000
3.0000 0.0000
4.0000 0.0000
5.0000 0.0000
6.0000 0.0000
7.0000 0.0000
8.0000 0.0000
9.0000 0.0000
10.0000 0.0000
11.0000 0.0000
12.0000 0.0000
13.0000 0.0000
14.0000 0.0000
15.0000 0.0000
16.0000 0.0000
17.0000 0.0000
18.0000 0.0000
19.0000 0.0000
20.0000 0.0000
21.0000 0.0000
22.0000 0.0000
23.0000 0.0000
24.0000 0.0000
25.0000 0.0000
26.0000 0.0000
27.0000 0.0000
28.0000 0.0000
29.0000 0.0000
30.0000 0.0000
31.0000 0.0000
32.0000 0.0000
33.0000 0.0000
34.0000 0.0000
35.0000 0.0000
36.0000 0.0000
37.0000 0.0000
38.0000 0.0000
39.0000 0.0000
40.0000 0.0000
41.0000 0.0000
42.0000 0.0000
43.0000 0.0000
44.0000 0.0000
45.0000 0.0000
46.0000 0.0000
47.0000 0.0000
48.0000 0.0000
49.0000 0.0000
50.0000 0.0000
51.0000 0.0000
52.0000 0.0000
53.0000 0.0000
54.0000 0.0000
55.0000 0.0000
56.0000 0.0000
57.0000 0.0000
58.0000 0.0000
59.0000 0.0000
60.0000 0.0000
61.0000 0.0000
62.0000 0.0000
63.0000 0.0000
64.0000 0.0000
65.0000 0.0000
66.0000 0.0000
67.0000 0.0000
68.0000 0.0000
69.0000 0.0000
70.0000 0.0000
71.0000 0.0000
72.0000 0.0000
73.0000 0.0000
74.0000 0.0000
75.0000 0.0000
76.0000 0.0000
77.0000 0.0000
78.0000 0.0000
79.0000 0.0000
80.0000 0.0000
81.0000 0.0000
82.0000 0.0000
83.0000 0.0000
84.0000 0.0000
85.0000 0.0000
86.0000 0.0000
87.0000 0.0000
88.0000 0.0000
89.0000 0.0000
90.0000 0.0000
91.0000 0.0000
92.0000 0.0000
93.0000 0.0000
94.0000 0.0000
95.0000 0.0000
96.0000 0.0000
97.0000 0.0000
98.0000 0.0000
99.0000 0.0000
100.0000 0.0000
101.0000 0.0000
102.0000 0.0000
103.0000 0.0000
104.0000 0.0000
105.0000 0.0000
106.0000 0.0000
107.0000 0.0000
108.0000 0.0000
109.0000 0.0000
110.0000 2.6873
111.0000 0.3046
112.0000 0.5645
113.0000 0.5368
114.0000 0.5403
115.0000 0.5405
116.0000 0.5411
117.0000 0.5416
118.0000 0.5421
119.0000 0.5426
120.0000 0.5431
121.0000 0.5436
122.0000 0.5440
123.0000 0.5445
124.0000 0.5450
125.0000 0.5455
126.0000 0.5460
127.0000 0.5465
128.0000 0.5470
129.0000 0.5474
130.0000 0.5479
131.0000 0.5484
132.0000 0.5489
133.0000 0.5493
134.0000 0.5498
135.0000 0.5503
136.0000 0.5508
137.0000 0.5512
138.0000 0.5517
139.0000 0.5521
140.0000 0.5526
141.0000 0.5531
142.0000 0.5535
143.0000 0.5540
144.0000 0.5544
145.0000 0.5549
146.0000 0.5553
147.0000 0.5558
148.0000 0.5562
149.0000 0.5567
150.0000 0.5571
151.0000 0.5575
152.0000 0.5580
153.0000 0.5584
154.0000 0.5588
155.0000 0.5593
156.0000 0.5597
157.0000 0.5601
158.0000 0.5606
159.0000 0.5610
160.0000 0.5614
161.0000 0.5618
162.0000 0.5623
163.0000 0.5627
164.0000 0.5631
165.0000 0.5635
166.0000 0.5639
167.0000 0.5643
168.0000 0.5647
169.0000 0.5652
170.0000 0.5656
171.0000 0.5660
172.0000 0.5664
173.0000 0.5668
174.0000 0.5672
175.0000 0.5676
176.0000 0.5680
177.0000 0.5684
178.0000 0.5688
179.0000 0.5691
180.0000 0.5695
181.0000 0.5699
182.0000 0.5703
183.0000 0.5707
184.0000 0.5711
185.0000 0.5715
186.0000 0.5719
187.0000 0.5722
188.0000 0.5726
189.0000 0.5730
190.0000 0.5734
191.0000 0.5737
192.0000 0.5741
193.0000 0.5745
194.0000 0.5749
195.0000 0.5752
196.0000 0.5756
197.0000 0.5760
198.0000 0.5763
199.0000 0.5767
200.0000 0.5770
201.0000 0.5774
202.0000 0.5778
203.0000 0.5781
204.0000 0.5785
205.0000 0.5788
206.0000 0.5792
207.0000 0.5795
208.0000 0.5799
209.0000 0.5802
210.0000 0.5806
211.0000 0.5809
212.0000 0.5813
213.0000 0.5816
214.0000 0.5819
215.0000 0.5823
216.0000 0.5826
217.0000 0.5830
218.0000 0.5833
219.0000 0.5836
220.0000 0.5840
221.0000 0.5843
222.0000 0.5846
223.0000 0.5850
224.0000 0.5853
225.0000 0.5856
226.0000 0.5859
227.0000 0.5863
228.0000 0.5866
229.0000 0.5869
230.0000 0.5872
231.0000 0.5875
232.0000 0.5879
233.0000 0.5882
234.0000 0.5885
235.0000 0.5888
236.0000 0.5891
237.0000 0.5894
238.0000 0.5897
239.0000 0.5900
240.0000 0.5904
241.0000 0.5907
242.0000 0.5910
243.0000 0.5913
244.0000 0.5916
245.0000 0.5919
246.0000 0.5922
247.0000 0.5925
248.0000 0.5928
249.0000 0.5931
250.0000 0.5934
251.0000 0.5937
252.0000 0.5939
253.0000 0.5942
254.0000 0.5945
255.0000 0.5948
256.0000 0.5951
257.0000 0.5954
258.0000 0.5957
259.0000 0.5960
260.0000 0.5962
261.0000 0.5965
262.0000 0.5968
263.0000 0.5971
264.0000 0.5974
265.0000 0.5976
266.0000 0.5979
267.0000 0.5982
268.0000 0.5985
269.0000 0.5987
270.0000 0.5990
271.0000 0.5993
272.0000 0.5996
273.0000 0.5998
274.0000 0.6001
275.0000 0.6004
276.0000 0.6006
277.0000 0.6009
278.0000 0.6012
279.0000 0.6014
280.0000 0.6017
281.0000 0.6019
282.0000 0.6022
283.0000 0.6025
284.0000 0.6027
285.0000 0.6030
286.0000 0.6032
287.0000 0.6035
288.0000 0.6037
289.0000 0.6040
290.0000 0.6042
291.0000 0.6045
292.0000 0.6047
293.0000 0.6050
294.0000 0.6052
295.0000 0.6055
296.0000 0.6057
297.0000 0.6060
298.0000 0.6062
299.0000 0.6065
300.0000 0.6067
301.0000 0.6069
302.0000 0.6072
303.0000 0.6074
304.0000 0.6077
305.0000 0.6079
306.0000 0.6081
307.0000 0.6084
308.0000 0.6086
309.0000 0.6088
310.0000 0.6091
311.0000 0.6093
312.0000 0.6095
313.0000 0.6098
314.0000 0.6100
315.0000 0.6102
316.0000 0.6104
317.0000 0.6107
318.0000 0.6109
319.0000 0.6111
320.0000 0.6113
321.0000 0.6116
322.0000 0.6118
323.0000 0.6120
324.0000 0.6122
325.0000 0.6124
326.0000 0.6127
327.0000 0.6129
328.0000 0.6131
329.0000 0.6133
330.0000 0.6135
331.0000 0.6137
332.0000 0.6139
333.0000 0.6141
334.0000 0.6144
335.0000 0.6146
336.0000 0.6148
337.0000 0.6150
338.0000 0.6152
339.0000 0.6154
340.0000 0.6156
341.0000 0.6158
342.0000 0.6160
343.0000 0.6162
344.0000 0.6164
345.0000 0.6166
346.0000 0.6168
347.0000 0.6170
348.0000 0.6172
349.0000 0.6174
350.0000 0.6176
351.0000 0.6178
352.0000 0.6180
353.0000 0.6182
354.0000 0.6184
355.0000 0.6186
356.0000 0.6188
357.0000 0.6190
358.0000 0.6192
359.0000 0.6194
360.0000 0.6195
361.0000 0.6197
362.0000 0.6199
363.0000 0.6201
364.0000 0.6203
365.0000 0.6205
366.0000 0.6207
367.0000 0.6209
368.0000 0.6210
369.0000 0.6212
370.0000 0.6214
371.0000 0.6216
372.0000 0.6218
373.0000 0.6219
374.0000 0.6221
375.0000 0.6223
376.0000 0.6225
377.0000 0.6227
378.0000 0.6228
379.0000 0.6230
380.0000 0.6232
381.0000 0.6234
382.0000 0.6235
383.0000 0.6237
384.0000 0.6239
385.0000 0.6241
386.0000 0.6242
387.0000 0.6244
388.0000 0.6246
389.0000 0.6247
390.0000 0.6249
391.0000 0.6251
392.0000 0.6252
393.0000 0.6254
394.0000 0.6256
395.0000 0.6257
396.0000 0.6259
397.0000 0.6261
398.0000 0.6262
399.0000 0.6264
400.0000 0.6265
401.0000 0.6267
402.0000 0.6269
403.0000 0.6270
404.0000 0.6272
405.0000 0.6273
406.0000 0.6275
407.0000 0.6277
408.0000 0.6278
409.0000 0.6280
410.0000 -4.7465
411.0000 0.0191
412.0000 -0.5005
413.0000 -0.4449
414.0000 -0.4519
415.0000 -0.4521
416.0000 -0.4531
417.0000 -0.4539
418.0000 -0.4548
419.0000 -0.4556
420.0000 -0.4565
421.0000 -0.4573
422.0000 -0.4582
423.0000 -0.4590
424.0000 -0.4598
425.0000 -0.4607
426.0000 -0.4615
427.0000 -0.4623
428.0000 -0.4631
429.0000 -0.4639
430.0000 -0.4647
431.0000 -0.4656
432.0000 -0.4664
433.0000 -0.4672
434.0000 -0.4680
435.0000 -0.4688
436.0000 -0.4696
437.0000 -0.4703
438.0000 -0.4711
439.0000 -0.4719
440.0000 -0.4727
441.0000 -0.4735
442.0000 -0.4743
443.0000 -0.4750
444.0000 -0.4758
445.0000 -0.4766
446.0000 -0.4773
447.0000 -0.4781
448.0000 -0.4788
449.0000 -0.4796
450.0000 -0.4803
451.0000 -0.4811
452.0000 -0.4818
453.0000 -0.4826
454.0000 -0.4833
455.0000 -0.4840
456.0000 -0.4848
457.0000 -0.4855
458.0000 -0.4862
459.0000 -0.4870
460.0000 -0.4877
461.0000 -0.4884
462.0000 -0.4891
463.0000 -0.4898
464.0000 -0.4905
465.0000 -0.4912
466.0000 -0.4919
467.0000 -0.4926
468.0000 -0.4933
469.0000 -0.4940
470.0000 -0.4947
471.0000 -0.4954
472.0000 -0.4961
473.0000 -0.4968
474.0000 -0.4975
475.0000 -0.4982
476.0000 -0.4988
477.0000 -0.4995
478.0000 -0.5002
479.0000 -0.5008
480.0000 -0.5015
481.0000 -0.5022
482.0000 -0.5028
483.0000 -0.5035
484.0000 -0.5041
485.0000 -0.5048
486.0000 -0.5054
487.0000 -0.5061
488.0000 -0.5067
489.0000 -0.5074
490.0000 -0.5080
491.0000 -0.5086
492.0000 -0.5093
493.0000 -0.5099
494.0000 -0.5105
495.0000 -0.5112
496.0000 -0.5118
497.0000 -0.5124
498.0000 -0.5130
499.0000 -0.5136
500.0000 -0.5143
501.0000 -0.5149
502.0000 -0.5155
503.0000 -0.5161
504.0000 -0.5167
505.0000 -0.5173
506.0000 -0.5179
507.0000 -0.5185
508.0000 -0.5191
509.0000 -0.5197
510.0000 -0.5203
511.0000 -0.5209
512.0000 -0.5214
513.0000 -0.5220
514.0000 -0.5226
515.0000 -0.5232
516.0000 -0.5238
517.0000 -0.5243
518.0000 -0.5249
519.0000 -0.5255
520.0000 -0.5260
521.0000 -0.5266
522.0000 -0.5272
523.0000 -0.5277
524.0000 -0.5283
525.0000 -0.5288
526.0000 -0.5294
527.0000 -0.5299
528.0000 -0.5305
529.0000 -0.5310
530.0000 -0.5316
531.0000 -0.5321
532.0000 -0.5327
533.0000 -0.5332
534.0000 -0.5337
535.0000 -0.5343
536.0000 -0.5348
537.0000 -0.5353
538.0000 -0.5358
539.0000 -0.5364
540.0000 -0.5369
541.0000 -0.5374
542.0000 -0.5379
543.0000 -0.5384
544.0000 -0.5390
545.0000 -0.5395
546.0000 -0.5400
547.0000 -0.5405
548.0000 -0.5410
549.0000 -0.5415
550.0000 -0.5420
551.0000 -0.5425
552.0000 -0.5430
553.0000 -0.5435
554.0000 -0.5440
555.0000 -0.5445
556.0000 -0.5450
557.0000 -0.5455
558.0000 -0.5459
559.0000 -0.5464
560.0000 -0.5469
561.0000 -0.5474
562.0000 -0.5479
563.0000 -0.5483
564.0000 -0.5488
565.0000 -0.5493
566.0000 -0.5498
567.0000 -0.5502
568.0000 -0.5507
569.0000 -0.5512
570.0000 -0.5516
571.0000 -0.5521
572.0000 -0.5526
573.0000 -0.5530
574.0000 -0.5535
575.0000 -0.5539
576.0000 -0.5544
577.0000 -0.5548
578.0000 -0.5553
579.0000 -0.5557
580.0000 -0.5562
581.0000 -0.5566
582.0000 -0.5570
583.0000 -0.5575
584.0000 -0.5579
585.0000 -0.5584
586.0000 -0.5588
587.0000 -0.5592
588.0000 -0.5597
589.0000 -0.5601
590.0000 -0.5605
591.0000 -0.5609
592.0000 -0.5614
593.0000 -0.5618
594.0000 -0.5622
595.0000 -0.5626
596.0000 -0.5630
597.0000 -0.5635
598.0000 -0.5639
599.0000 -0.5643
600.0000 -0.5647
601.0000 -0.5651
602.0000 -0.5655
603.0000 -0.5659
604.0000 -0.5663
605.0000 -0.5667
606.0000 -0.5671
607.0000 -0.5675
608.0000 -0.5679
609.0000 -0.5683
610.0000 -0.5687
611.0000 -0.5691
612.0000 -0.5695
613.0000 -0.5699
614.0000 -0.5703
615.0000 -0.5707
616.0000 -0.5710
617.0000 -0.5714
618.0000 -0.5718
619.0000 -0.5722
620.0000 -0.5726
621.0000 -0.5729
622.0000 -0.5733
623.0000 -0.5737
624.0000 -0.5741
625.0000 -0.5744
626.0000 -0.5748
627.0000 -0.5752
628.0000 -0.5755
629.0000 -0.5759
630.0000 -0.5763
631.0000 -0.5766
632.0000 -0.5770
633.0000 -0.5774
634.0000 -0.5777
635.0000 -0.5781
636.0000 -0.5784
637.0000 -0.5788
638.0000 -0.5791
639.0000 -0.5795
640.0000 -0.5798
641.0000 -0.5802
642.0000 -0.5805
643.0000 -0.5809
644.0000 -0.5812
645.0000 -0.5816
646.0000 -0.5819
647.0000 -0.5822
648.0000 -0.5826
649.0000 -0.5829
650.0000 -0.5833
651.0000 -0.5836
652.0000 -0.5839
653.0000 -0.5843
654.0000 -0.5846
655.0000 -0.5849
656.0000 -0.5852
657.0000 -0.5856
658.0000 -0.5859
659.0000 -0.5862
660.0000 -0.5865
661.0000 -0.5869
662.0000 -0.5872
663.0000 -0.5875
664.0000 -0.5878
665.0000 -0.5881
666.0000 -0.5885
667.0000 -0.5888
668.0000 -0.5891
669.0000 -0.5894
670.0000 -0.5897
671.0000 -0.5900
672.0000 -0.5903
673.0000 -0.5906
674.0000 -0.5909
675.0000 -0.5912
676.0000 -0.5915
677.0000 -0.5918
678.0000 -0.5921
679.0000 -0.5924
680.0000 -0.5927
681.0000 -0.5930
682.0000 -0.5933
683.0000 -0.5936
684.0000 -0.5939
685.0000 -0.5942
686.0000 -0.5945
687.0000 -0.5948
688.0000 -0.5951
689.0000 -0.5954
690.0000 -0.5956
691.0000 -0.5959
692.0000 -0.5962
693.0000 -0.5965
694.0000 -0.5968
695.0000 -0.5971
696.0000 -0.5973
697.0000 -0.5976
698.0000 -0.5979
699.0000 -0.5982
700.0000 -0.5984
701.0000 -0.5987
702.0000 -0.5990
703.0000 -0.5993
704.0000 -0.5995
705.0000 -0.5998
706.0000 -0.6001
707.0000 -0.6003
708.0000 -0.6006
709.0000 -0.6009
710.0000 7.4608
711.0000 0.3124
712.0000 1.0918
713.0000 1.0084
714.0000 1.0189
715.0000 1.0191
716.0000 1.0205
717.0000 1.0217
718.0000 1.0230
719.0000 1.0242
720.0000 1.0255
721.0000 1.0267
722.0000 1.0279
723.0000 1.0291
724.0000 1.0304
725.0000 1.0316
726.0000 1.0328
727.0000 1.0340
728.0000 1.0352
729.0000 1.0364
730.0000 1.0376
731.0000 1.0388
732.0000 1.0400
733.0000 1.0411
734.0000 1.0423
735.0000 1.0435
736.0000 1.0446
737.0000 1.0458
738.0000 1.0469
739.0000 1.0481
740.0000 1.0492
741.0000 1.0504
742.0000 1.0515
743.0000 1.0526
744.0000 1.0538
745.0000 1.0549
746.0000 1.0560
747.0000 1.0571
748.0000 1.0582
749.0000 1.0593
750.0000 1.0604
751.0000 1.0615
752.0000 1.0626
753.0000 1.0637
754.0000 1.0648
755.0000 1.0659
756.0000 1.0669
757.0000 1.0680
758.0000 1.0691
759.0000 1.0701
760.0000 1.0712
761.0000 1.0722
762.0000 1.0733
763.0000 1.0743
764.0000 1.0754
765.0000 1.0764
766.0000 1.0774
767.0000 1.0784
768.0000 1.0795
769.0000 1.0805
770.0000 1.0815
771.0000 1.0825
772.0000 1.0835
773.0000 1.0845
774.0000 1.0855
775.0000 1.0865
776.0000 1.0875
777.0000 1.0885
778.0000 1.0895
779.0000 1.0904
780.0000 1.0914
781.0000 1.0924
782.0000 1.0934
783.0000 1.0943
784.0000 1.0953
785.0000 1.0962
786.0000 1.0972
787.0000 1.0981
788.0000 1.0991
789.0000 1.1000
790.0000 1.1010
791.0000 1.1019
792.0000 1.1028
793.0000 1.1037
794.0000 1.1047
795.0000 1.1056
796.0000 1.1065
797.0000 1.1074
798.0000 1.1083
799.0000 1.1092
800.0000 1.1101
801.0000 1.1110
802.0000 1.1119
803.0000 1.1128
804.0000 1.1137
805.0000 1.1145
806.0000 1.1154
807.0000 1.1163
808.0000 1.1172
809.0000 1.1180
810.0000 1.1189
811.0000 1.1198
812.0000 1.1206
813.0000 1.1215
814.0000 1.1223
815.0000 1.1232
816.0000 1.1240
817.0000 1.1248
818.0000 1.1257
819.0000 1.1265
820.0000 1.1273
821.0000 1.1282
822.0000 1.1290
823.0000 1.1298
824.0000 1.1306
825.0000 1.1314
826.0000 1.1323
827.0000 1.1331
828.0000 1.1339
829.0000 1.1347
830.0000 1.1355
831.0000 1.1363
832.0000 1.1370
833.0000 1.1378
834.0000 1.1386
835.0000 1.1394
836.0000 1.1402
837.0000 1.1409
838.0000 1.1417
839.0000 1.1425
840.0000 1.1433
841.0000 1.1440
842.0000 1.1448
843.0000 1.1455
844.0000 1.1463
845.0000 1.1470
846.0000 1.1478
847.0000 1.1485
848.0000 1.1493
849.0000 1.1500
850.0000 1.1507
851.0000 1.1515
852.0000 1.1522
853.0000 1.1529
854.0000 1.1537
855.0000 1.1544
856.0000 1.1551
857.0000 1.1558
858.0000 1.1565
859.0000 1.1572
860.0000 1.1579
861.0000 1.1586
862.0000 1.1593
863.0000 1.1600
864.0000 1.1607
865.0000 1.1614
866.0000 1.1621
867.0000 1.1628
868.0000 1.1635
869.0000 1.1642
870.0000 1.1648
871.0000 1.1655
872.0000 1.1662
873.0000 1.1669
874.0000 1.1675
875.0000 1.1682
876.0000 1.1689
877.0000 1.1695
878.0000 1.1702
879.0000 1.1708
880.0000 1.1715
881.0000 1.1721
882.0000 1.1728
883.0000 1.1734
884.0000 1.1741
885.0000 1.1747
886.0000 1.1753
887.0000 1.1760
888.0000 1.1766
889.0000 1.1772
890.0000 1.1779
891.0000 1.1785
892.0000 1.1791
893.0000 1.1797
894.0000 1.1803
895.0000 1.1809
896.0000 1.1816
897.0000 1.1822
898.0000 1.1828
899.0000 1.1834
900.0000 1.1840
901.0000 1.1846
902.0000 1.1852
903.0000 1.1858
904.0000 1.1864
905.0000 1.1869
906.0000 1.1875
907.0000 1.1881
908.0000 1.1887
909.0000 1.1893
910.0000 1.1899
