1.0000 0.0000
2.0000 0.0000
3.0000 0.0000
4.0000 0.0000
5.0000 0.0000
6.0000 0.0000
7.0000 0.0000
8.0000 0.0000
9.0000 0.0000
10.0000 0.0000
11.0000 0.0000
12.0000 0.0000
13.0000 0.0000
14.0000 0.0000
15.0000 0.0000
16.0000 0.0000
17.0000 0.0000
18.0000 0.0000
19.0000 0.0000
20.0000 0.0000
21.0000 0.0000
22.0000 0.0000
23.0000 0.0000
24.0000 0.0000
25.0000 0.0000
26.0000 0.0000
27.0000 0.0000
28.0000 0.0000
29.0000 0.0000
30.0000 0.0000
31.0000 0.0000
32.0000 0.0000
33.0000 0.0000
34.0000 0.0000
35.0000 0.0000
36.0000 0.0000
37.0000 0.0000
38.0000 0.0000
39.0000 0.0000
40.0000 0.0000
41.0000 0.0000
42.0000 0.0000
43.0000 0.0000
44.0000 0.0000
45.0000 0.0000
46.0000 0.0000
47.0000 0.0000
48.0000 0.0000
49.0000 0.0000
50.0000 0.0000
51.0000 0.0000
52.0000 0.0000
53.0000 0.0000
54.0000 0.0000
55.0000 0.0000
56.0000 0.0000
57.0000 0.0000
58.0000 0.0000
59.0000 0.0000
60.0000 0.0000
61.0000 0.0000
62.0000 0.0000
63.0000 0.0000
64.0000 0.0000
65.0000 0.0000
66.0000 0.0000
67.0000 0.0000
68.0000 0.0000
69.0000 0.0000
70.0000 0.0000
71.0000 0.0000
72.0000 0.0000
73.0000 0.0000
74.0000 0.0000
75.0000 0.0000
76.0000 0.0000
77.0000 0.0000
78.0000 0.0000
79.0000 0.0000
80.0000 0.0000
81.0000 0.0000
82.0000 0.0000
83.0000 0.0000
84.0000 0.0000
85.0000 0.0000
86.0000 0.0000
87.0000 0.0000
88.0000 0.0000
89.0000 0.0000
90.0000 0.0000
91.0000 0.0000
92.0000 0.0000
93.0000 0.0000
94.0000 0.0000
95.0000 0.0000
96.0000 0.0000
97.0000 0.0000
98.0000 0.0000
99.0000 0.0000
100.0000 0.0000
101.0000 0.0000
102.0000 0.0000
103.0000 0.0000
104.0000 0.0000
105.0000 0.0000
106.0000 0.0000
107.0000 0.0000
108.0000 0.0000
109.0000 0.0000
110.0000 0.0000
111.0000 0.8916
112.0000 0.7955
113.0000 0.8068
114.0000 0.8064
115.0000 0.8073
116.0000 0.8081
117.0000 0.8089
118.0000 0.8096
119.0000 0.8104
120.0000 0.8112
121.0000 0.8119
122.0000 0.8127
123.0000 0.8134
124.0000 0.8142
125.0000 0.8149
126.0000 0.8157
127.0000 0.8164
128.0000 0.8171
129.0000 0.8179
130.0000 0.8186
131.0000 0.8193
132.0000 0.8201
133.0000 0.8208
134.0000 0.8215
135.0000 0.8222
136.0000 0.8229
137.0000 0.8236
138.0000 0.8243
139.0000 0.8250
140.0000 0.8257
141.0000 0.8264
142.0000 0.8271
143.0000 0.8278
144.0000 0.8285
145.0000 0.8292
146.0000 0.8299
147.0000 0.8306
148.0000 0.8313
149.0000 0.8319
150.0000 0.8326
151.0000 0.8333
152.0000 0.8339
153.0000 0.8346
154.0000 0.8353
155.0000 0.8359
156.0000 0.8366
157.0000 0.8373
158.0000 0.8379
159.0000 0.8386
160.0000 0.8392
161.0000 0.8398
162.0000 0.8405
163.0000 0.8411
164.0000 0.8418
165.0000 0.8424
166.0000 0.8430
167.0000 0.8437
168.0000 0.8443
169.0000 0.8449
170.0000 0.8455
171.0000 0.8462
172.0000 0.8468
173.0000 0.8474
174.0000 0.8480
175.0000 0.8486
176.0000 0.8492
177.0000 0.8498
178.0000 0.8504
179.0000 0.8510
180.0000 0.8516
181.0000 0.8522
182.0000 0.8528
183.0000 0.8534
184.0000 0.8540
185.0000 0.8546
186.0000 0.8552
187.0000 0.8557
188.0000 0.8563
189.0000 0.8569
190.0000 0.8575
191.0000 0.8580
192.0000 0.8586
193.0000 0.8592
194.0000 0.8597
195.0000 0.8603
196.0000 0.8609
197.0000 0.8614
198.0000 0.8620
199.0000 0.8625
200.0000 0.8631
201.0000 0.8636
202.0000 0.8642
203.0000 0.8647
204.0000 0.8653
205.0000 0.8658
206.0000 0.8663
207.0000 0.8669
208.0000 0.8674
209.0000 0.8679
210.0000 0.8685
211.0000 0.8690
212.0000 0.8695
213.0000 0.8700
214.0000 0.8706
215.0000 0.8711
216.0000 0.8716
217.0000 0.8721
218.0000 0.8726
219.0000 0.8731
220.0000 0.8737
221.0000 0.8742
222.0000 0.8747
223.0000 0.8752
224.0000 0.8757
225.0000 0.8762
226.0000 0.8767
227.0000 0.8772
228.0000 0.8777
229.0000 0.8781
230.0000 0.8786
231.0000 0.8791
232.0000 0.8796
233.0000 0.8801
234.0000 0.8806
235.0000 0.8810
236.0000 0.8815
237.0000 0.8820
238.0000 0.8825
239.0000 0.8829
240.0000 0.8834
241.0000 0.8839
242.0000 0.8843
243.0000 0.8848
244.0000 0.8853
245.0000 0.8857
246.0000 0.8862
247.0000 0.8866
248.0000 0.8871
249.0000 0.8876
250.0000 0.8880
251.0000 0.8885
252.0000 0.8889
253.0000 0.8893
254.0000 0.8898
255.0000 0.8902
256.0000 0.8907
257.0000 0.8911
258.0000 0.8915
259.0000 0.8920
260.0000 0.8924
261.0000 0.8928
262.0000 0.8933
263.0000 0.8937
264.0000 0.8941
265.0000 0.8946
266.0000 0.8950
267.0000 0.8954
268.0000 0.8958
269.0000 0.8962
270.0000 0.8967
271.0000 0.8971
272.0000 0.8975
273.0000 0.8979
274.0000 0.8983
275.0000 0.8987
276.0000 0.8991
277.0000 0.8995
278.0000 0.8999
279.0000 0.9003
280.0000 0.9007
281.0000 0.9011
282.0000 0.9015
283.0000 0.9019
284.0000 0.9023
285.0000 0.9027
286.0000 0.9031
287.0000 0.9035
288.0000 0.9039
289.0000 0.9043
290.0000 0.9046
291.0000 0.9050
292.0000 0.9054
293.0000 0.9058
294.0000 0.9062
295.0000 0.9065
296.0000 0.9069
297.0000 0.9073
298.0000 0.9077
299.0000 0.9080
300.0000 0.9084
301.0000 0.9088
302.0000 0.9091
303.0000 0.9095
304.0000 0.9099
305.0000 0.9102
306.0000 0.9106
307.0000 0.9109
308.0000 0.9113
309.0000 0.9116
310.0000 0.9120
311.0000 0.9124
312.0000 0.9127
313.0000 0.9131
314.0000 0.9134
315.0000 0.9137
316.0000 0.9141
317.0000 0.9144
318.0000 0.9148
319.0000 0.9151
320.0000 0.9155
321.0000 0.9158
322.0000 0.9161
323.0000 0.9165
324.0000 0.9168
325.0000 0.9171
326.0000 0.9175
327.0000 0.9178
328.0000 0.9181
329.0000 0.9185
330.0000 0.9188
331.0000 0.9191
332.0000 0.9194
333.0000 0.9198
334.0000 0.9201
335.0000 0.9204
336.0000 0.9207
337.0000 0.9210
338.0000 0.9214
339.0000 0.9217
340.0000 0.9220
341.0000 0.9223
342.0000 0.9226
343.0000 0.9229
344.0000 0.9232
345.0000 0.9235
346.0000 0.9239
347.0000 0.9242
348.0000 0.9245
349.0000 0.9248
350.0000 0.9251
351.0000 0.9254
352.0000 0.9257
353.0000 0.9260
354.0000 0.9263
355.0000 0.9266
356.0000 0.9269
357.0000 0.9271
358.0000 0.9274
359.0000 0.9277
360.0000 0.9280
361.0000 0.9283
362.0000 0.9286
363.0000 0.9289
364.0000 0.9292
365.0000 0.9295
366.0000 0.9297
367.0000 0.9300
368.0000 0.9303
369.0000 0.9306
370.0000 0.9309
371.0000 0.9311
372.0000 0.9314
373.0000 0.9317
374.0000 0.9320
375.0000 0.9322
376.0000 0.9325
377.0000 0.9328
378.0000 0.9330
379.0000 0.9333
380.0000 0.9336
381.0000 0.9338
382.0000 0.9341
383.0000 0.9344
384.0000 0.9346
385.0000 0.9349
386.0000 0.9352
387.0000 0.9354
388.0000 0.9357
389.0000 0.9359
390.0000 0.9362
391.0000 0.9364
392.0000 0.9367
393.0000 0.9370
394.0000 0.9372
395.0000 0.9375
396.0000 0.9377
397.0000 0.9380
398.0000 0.9382
399.0000 0.9385
400.0000 0.9387
401.0000 0.9390
402.0000 0.9392
403.0000 0.9394
404.0000 0.9397
405.0000 0.9399
406.0000 0.9402
407.0000 0.9404
408.0000 0.9406
409.0000 0.9409
410.0000 0.9411
411.0000 -0.8419
412.0000 -0.6494
413.0000 -0.6718
414.0000 -0.6708
415.0000 -0.6724
416.0000 -0.6737
417.0000 -0.6750
418.0000 -0.6763
419.0000 -0.6776
420.0000 -0.6789
421.0000 -0.6802
422.0000 -0.6815
423.0000 -0.6827
424.0000 -0.6840
425.0000 -0.6853
426.0000 -0.6865
427.0000 -0.6878
428.0000 -0.6890
429.0000 -0.6903
430.0000 -0.6915
431.0000 -0.6928
432.0000 -0.6940
433.0000 -0.6952
434.0000 -0.6964
435.0000 -0.6977
436.0000 -0.6989
437.0000 -0.7001
438.0000 -0.7013
439.0000 -0.7025
440.0000 -0.7037
441.0000 -0.7049
442.0000 -0.7061
443.0000 -0.7072
444.0000 -0.7084
445.0000 -0.7096
446.0000 -0.7107
447.0000 -0.7119
448.0000 -0.7131
449.0000 -0.7142
450.0000 -0.7154
451.0000 -0.7165
452.0000 -0.7176
453.0000 -0.7188
454.0000 -0.7199
455.0000 -0.7210
456.0000 -0.7221
457.0000 -0.7232
458.0000 -0.7244
459.0000 -0.7255
460.0000 -0.7266
461.0000 -0.7277
462.0000 -0.7288
463.0000 -0.7298
464.0000 -0.7309
465.0000 -0.7320
466.0000 -0.7331
467.0000 -0.7341
468.0000 -0.7352
469.0000 -0.7363
470.0000 -0.7373
471.0000 -0.7384
472.0000 -0.7394
473.0000 -0.7405
474.0000 -0.7415
475.0000 -0.7426
476.0000 -0.7436
477.0000 -0.7446
478.0000 -0.7456
479.0000 -0.7467
480.0000 -0.7477
481.0000 -0.7487
482.0000 -0.7497
483.0000 -0.7507
484.0000 -0.7517
485.0000 -0.7527
486.0000 -0.7537
487.0000 -0.7547
488.0000 -0.7557
489.0000 -0.7566
490.0000 -0.7576
491.0000 -0.7586
492.0000 -0.7596
493.0000 -0.7605
494.0000 -0.7615
495.0000 -0.7624
496.0000 -0.7634
497.0000 -0.7643
498.0000 -0.7653
499.0000 -0.7662
500.0000 -0.7672
501.0000 -0.7681
502.0000 -0.7690
503.0000 -0.7700
504.0000 -0.7709
505.0000 -0.7718
506.0000 -0.7727
507.0000 -0.7736
508.0000 -0.7745
509.0000 -0.7754
510.0000 -0.7763
511.0000 -0.7772
512.0000 -0.7781
513.0000 -0.7790
514.0000 -0.7799
515.0000 -0.7808
516.0000 -0.7817
517.0000 -0.7825
518.0000 -0.7834
519.0000 -0.7843
520.0000 -0.7851
521.0000 -0.7860
522.0000 -0.7869
523.0000 -0.7877
524.0000 -0.7886
525.0000 -0.7894
526.0000 -0.7903
527.0000 -0.7911
528.0000 -0.7919
529.0000 -0.7928
530.0000 -0.7936
531.0000 -0.7944
532.0000 -0.7953
533.0000 -0.7961
534.0000 -0.7969
535.0000 -0.7977
536.0000 -0.7985
537.0000 -0.7993
538.0000 -0.8001
539.0000 -0.8009
540.0000 -0.8017
541.0000 -0.8025
542.0000 -0.8033
543.0000 -0.8041
544.0000 -0.8049
545.0000 -0.8057
546.0000 -0.8065
547.0000 -0.8072
548.0000 -0.8080
549.0000 -0.8088
550.0000 -0.8096
551.0000 -0.8103
552.0000 -0.8111
553.0000 -0.8118
554.0000 -0.8126
555.0000 -0.8133
556.0000 -0.8141
557.0000 -0.8148
558.0000 -0.8156
559.0000 -0.8163
560.0000 -0.8171
561.0000 -0.8178
562.0000 -0.8185
563.0000 -0.8192
564.0000 -0.8200
565.0000 -0.8207
566.0000 -0.8214
567.0000 -0.8221
568.0000 -0.8228
569.0000 -0.8236
570.0000 -0.8243
571.0000 -0.8250
572.0000 -0.8257
573.0000 -0.8264
574.0000 -0.8271
575.0000 -0.8278
576.0000 -0.8284
577.0000 -0.8291
578.0000 -0.8298
579.0000 -0.8305
580.0000 -0.8312
581.0000 -0.8319
582.0000 -0.8325
583.0000 -0.8332
584.0000 -0.8339
585.0000 -0.8345
586.0000 -0.8352
587.0000 -0.8359
588.0000 -0.8365
589.0000 -0.8372
590.0000 -0.8378
591.0000 -0.8385
592.0000 -0.8391
593.0000 -0.8398
594.0000 -0.8404
595.0000 -0.8411
596.0000 -0.8417
597.0000 -0.8423
598.0000 -0.8430
599.0000 -0.8436
600.0000 -0.8442
601.0000 -0.8448
602.0000 -0.8455
603.0000 -0.8461
604.0000 -0.8467
605.0000 -0.8473
606.0000 -0.8479
607.0000 -0.8485
608.0000 -0.8491
609.0000 -0.8498
610.0000 -0.8504
611.0000 -0.8510
612.0000 -0.8516
613.0000 -0.8521
614.0000 -0.8527
615.0000 -0.8533
616.0000 -0.8539
617.0000 -0.8545
618.0000 -0.8551
619.0000 -0.8557
620.0000 -0.8563
621.0000 -0.8568
622.0000 -0.8574
623.0000 -0.8580
624.0000 -0.8585
625.0000 -0.8591
626.0000 -0.8597
627.0000 -0.8602
628.0000 -0.8608
629.0000 -0.8614
630.0000 -0.8619
631.0000 -0.8625
632.0000 -0.8630
633.0000 -0.8636
634.0000 -0.8641
635.0000 -0.8647
636.0000 -0.8652
637.0000 -0.8657
638.0000 -0.8663
639.0000 -0.8668
640.0000 -0.8674
641.0000 -0.8679
642.0000 -0.8684
643.0000 -0.8689
644.0000 -0.8695
645.0000 -0.8700
646.0000 -0.8705
647.0000 -0.8710
648.0000 -0.8715
649.0000 -0.8721
650.0000 -0.8726
651.0000 -0.8731
652.0000 -0.8736
653.0000 -0.8741
654.0000 -0.8746
655.0000 -0.8751
656.0000 -0.8756
657.0000 -0.8761
658.0000 -0.8766
659.0000 -0.8771
660.0000 -0.8776
661.0000 -0.8781
662.0000 -0.8786
663.0000 -0.8791
664.0000 -0.8795
665.0000 -0.8800
666.0000 -0.8805
667.0000 -0.8810
668.0000 -0.8815
669.0000 -0.8819
670.0000 -0.8824
671.0000 -0.8829
672.0000 -0.8834
673.0000 -0.8838
674.0000 -0.8843
675.0000 -0.8848
676.0000 -0.8852
677.0000 -0.8857
678.0000 -0.8861
679.0000 -0.8866
680.0000 -0.8870
681.0000 -0.8875
682.0000 -0.8880
683.0000 -0.8884
684.0000 -0.8889
685.0000 -0.8893
686.0000 -0.8897
687.0000 -0.8902
688.0000 -0.8906
689.0000 -0.8911
690.0000 -0.8915
691.0000 -0.8919
692.0000 -0.8924
693.0000 -0.8928
694.0000 -0.8932
695.0000 -0.8937
696.0000 -0.8941
697.0000 -0.8945
698.0000 -0.8949
699.0000 -0.8954
700.0000 -0.8958
701.0000 -0.8962
702.0000 -0.8966
703.0000 -0.8970
704.0000 -0.8974
705.0000 -0.8978
706.0000 -0.8983
707.0000 -0.8987
708.0000 -0.8991
709.0000 -0.8995
710.0000 -0.8999
711.0000 1.7747
712.0000 1.4857
713.0000 1.5193
714.0000 1.5178
715.0000 1.5202
716.0000 1.5220
717.0000 1.5240
718.0000 1.5259
719.0000 1.5278
720.0000 1.5297
721.0000 1.5315
722.0000 1.5334
723.0000 1.5353
724.0000 1.5372
725.0000 1.5390
726.0000 1.5409
727.0000 1.5427
728.0000 1.5445
729.0000 1.5464
730.0000 1.5482
731.0000 1.5500
732.0000 1.5518
733.0000 1.5536
734.0000 1.5554
735.0000 1.5572
736.0000 1.5590
737.0000 1.5607
738.0000 1.5625
739.0000 1.5642
740.0000 1.5660
741.0000 1.5677
742.0000 1.5695
743.0000 1.5712
744.0000 1.5729
745.0000 1.5746
746.0000 1.5763
747.0000 1.5780
748.0000 1.5797
749.0000 1.5814
750.0000 1.5831
751.0000 1.5848
752.0000 1.5864
753.0000 1.5881
754.0000 1.5897
755.0000 1.5914
756.0000 1.5930
757.0000 1.5946
758.0000 1.5963
759.0000 1.5979
760.0000 1.5995
761.0000 1.6011
762.0000 1.6027
763.0000 1.6043
764.0000 1.6059
765.0000 1.6075
766.0000 1.6090
767.0000 1.6106
768.0000 1.6122
769.0000 1.6137
770.0000 1.6153
771.0000 1.6168
772.0000 1.6184
773.0000 1.6199
774.0000 1.6214
775.0000 1.6229
776.0000 1.6244
777.0000 1.6260
778.0000 1.6275
779.0000 1.6289
780.0000 1.6304
781.0000 1.6319
782.0000 1.6334
783.0000 1.6349
784.0000 1.6363
785.0000 1.6378
786.0000 1.6392
787.0000 1.6407
788.0000 1.6421
789.0000 1.6436
790.0000 1.6450
791.0000 1.6464
792.0000 1.6478
793.0000 1.6492
794.0000 1.6507
795.0000 1.6521
796.0000 1.6534
797.0000 1.6548
798.0000 1.6562
799.0000 1.6576
800.0000 1.6590
801.0000 1.6603
802.0000 1.6617
803.0000 1.6631
804.0000 1.6644
805.0000 1.6658
806.0000 1.6671
807.0000 1.6684
808.0000 1.6698
809.0000 1.6711
810.0000 1.6724
811.0000 1.6737
812.0000 1.6750
813.0000 1.6763
814.0000 1.6776
815.0000 1.6789
816.0000 1.6802
817.0000 1.6815
818.0000 1.6828
819.0000 1.6840
820.0000 1.6853
821.0000 1.6866
822.0000 1.6878
823.0000 1.6891
824.0000 1.6903
825.0000 1.6916
826.0000 1.6928
827.0000 1.6940
828.0000 1.6953
829.0000 1.6965
830.0000 1.6977
831.0000 1.6989
832.0000 1.7001
833.0000 1.7013
834.0000 1.7025
835.0000 1.7037
836.0000 1.7049
837.0000 1.7061
838.0000 1.7073
839.0000 1.7084
840.0000 1.7096
841.0000 1.7108
842.0000 1.7119
843.0000 1.7131
844.0000 1.7142
845.0000 1.7154
846.0000 1.7165
847.0000 1.7177
848.0000 1.7188
849.0000 1.7199
850.0000 1.7211
851.0000 1.7222
852.0000 1.7233
853.0000 1.7244
854.0000 1.7255
855.0000 1.7266
856.0000 1.7277
857.0000 1.7288
858.0000 1.7299
859.0000 1.7310
860.0000 1.7320
861.0000 1.7331
862.0000 1.7342
863.0000 1.7353
864.0000 1.7363
865.0000 1.7374
866.0000 1.7384
867.0000 1.7395
868.0000 1.7405
869.0000 1.7416
870.0000 1.7426
871.0000 1.7436
872.0000 1.7447
873.0000 1.7457
874.0000 1.7467
875.0000 1.7477
876.0000 1.7487
877.0000 1.7497
878.0000 1.7507
879.0000 1.7517
880.0000 1.7527
881.0000 1.7537
882.0000 1.7547
883.0000 1.7557
884.0000 1.7567
885.0000 1.7577
886.0000 1.7586
887.0000 1.7596
888.0000 1.7606
889.0000 1.7615
890.0000 1.7625
891.0000 1.7634
892.0000 1.7644
893.0000 1.7653
894.0000 1.7663
895.0000 1.7672
896.0000 1.7681
897.0000 1.7691
898.0000 1.7700
899.0000 1.7709
900.0000 1.7718
901.0000 1.7727
902.0000 1.7737
903.0000 1.7746
904.0000 1.7755
905.0000 1.7764
906.0000 1.7773
907.0000 1.7782
908.0000 1.7790
909.0000 1.7799
910.0000 1.7808
