1.0000 0.0000
2.0000 0.0000
3.0000 0.0000
4.0000 0.0000
5.0000 0.0000
6.0000 0.0000
7.0000 0.0000
8.0000 0.0000
9.0000 0.0000
10.0000 0.0000
11.0000 0.0000
12.0000 0.0000
13.0000 0.0000
14.0000 0.0000
15.0000 0.0000
16.0000 0.0000
17.0000 0.0000
18.0000 0.0000
19.0000 0.0000
20.0000 0.0000
21.0000 0.0000
22.0000 0.0000
23.0000 0.0000
24.0000 0.0000
25.0000 0.0000
26.0000 0.0000
27.0000 0.0000
28.0000 0.0000
29.0000 0.0000
30.0000 0.0000
31.0000 0.0000
32.0000 0.0000
33.0000 0.0000
34.0000 0.0000
35.0000 0.0000
36.0000 0.0000
37.0000 0.0000
38.0000 0.0000
39.0000 0.0000
40.0000 0.0000
41.0000 0.0000
42.0000 0.0000
43.0000 0.0000
44.0000 0.0000
45.0000 0.0000
46.0000 0.0000
47.0000 0.0000
48.0000 0.0000
49.0000 0.0000
50.0000 0.0000
51.0000 0.0000
52.0000 0.0000
53.0000 0.0000
54.0000 0.0000
55.0000 0.0000
56.0000 0.0000
57.0000 0.0000
58.0000 0.0000
59.0000 0.0000
60.0000 0.0000
61.0000 0.0000
62.0000 0.0000
63.0000 0.0000
64.0000 0.0000
65.0000 0.0000
66.0000 0.0000
67.0000 0.0000
68.0000 0.0000
69.0000 0.0000
70.0000 0.0000
71.0000 0.0000
72.0000 0.0000
73.0000 0.0000
74.0000 0.0000
75.0000 0.0000
76.0000 0.0000
77.0000 0.0000
78.0000 0.0000
79.0000 0.0000
80.0000 0.0000
81.0000 0.0000
82.0000 0.0000
83.0000 0.0000
84.0000 0.0000
85.0000 0.0000
86.0000 0.0000
87.0000 0.0000
88.0000 0.0000
89.0000 0.0000
90.0000 0.0000
91.0000 0.0000
92.0000 0.0000
93.0000 0.0000
94.0000 0.0000
95.0000 0.0000
96.0000 0.0000
97.0000 0.0000
98.0000 0.0000
99.0000 0.0000
100.0000 0.0000
101.0000 0.0000
102.0000 0.0000
103.0000 0.0000
104.0000 0.0000
105.0000 0.0000
106.0000 0.0000
107.0000 0.0000
108.0000 0.0000
109.0000 0.0000
110.0000 0.0000
111.0000 0.0000
112.0000 0.0000
113.0000 0.0000
114.0000 0.0000
115.0000 0.0000
116.0000 0.0000
117.0000 0.0000
118.0000 0.0000
119.0000 0.0000
120.0000 0.0000
121.0000 0.0000
122.0000 0.0000
123.0000 0.0000
124.0000 0.0000
125.0000 0.0000
126.0000 0.0000
127.0000 0.0000
128.0000 0.0000
129.0000 0.0000
130.0000 0.0000
131.0000 0.0000
132.0000 0.0000
133.0000 0.0000
134.0000 0.0000
135.0000 0.0000
136.0000 0.0000
137.0000 0.0000
138.0000 0.0000
139.0000 0.0000
140.0000 0.0000
141.0000 0.0000
142.0000 0.0000
143.0000 0.0000
144.0000 0.0000
145.0000 0.0000
146.0000 0.0000
147.0000 0.0000
148.0000 0.0000
149.0000 0.0000
150.0000 0.0000
151.0000 0.0000
152.0000 0.0000
153.0000 0.0000
154.0000 0.0000
155.0000 0.0000
156.0000 0.0000
157.0000 0.0000
158.0000 0.0000
159.0000 0.0000
160.0000 0.0000
161.0000 0.0000
162.0000 0.0000
163.0000 0.0000
164.0000 0.0000
165.0000 0.0000
166.0000 0.0000
167.0000 0.0000
168.0000 0.0000
169.0000 0.0000
170.0000 0.0000
171.0000 0.0000
172.0000 0.0000
173.0000 0.0000
174.0000 0.0000
175.0000 0.0000
176.0000 0.0000
177.0000 0.0000
178.0000 0.0000
179.0000 0.0000
180.0000 0.0000
181.0000 0.0000
182.0000 0.0000
183.0000 0.0000
184.0000 0.0000
185.0000 0.0000
186.0000 0.0000
187.0000 0.0000
188.0000 0.0000
189.0000 0.0000
190.0000 0.0000
191.0000 0.0000
192.0000 0.0000
193.0000 0.0000
194.0000 0.0000
195.0000 0.0000
196.0000 0.0000
197.0000 0.0000
198.0000 0.0000
199.0000 0.0000
200.0000 0.0000
201.0000 0.0000
202.0000 0.0000
203.0000 0.0000
204.0000 0.0000
205.0000 0.0000
206.0000 0.0000
207.0000 0.0000
208.0000 0.0000
209.0000 0.0000
210.0000 0.0000
211.0000 0.1060
212.0000 0.1137
213.0000 0.1271
214.0000 0.1378
215.0000 0.1482
216.0000 0.1581
217.0000 0.1676
218.0000 0.1767
219.0000 0.1855
220.0000 0.1939
221.0000 0.2019
222.0000 0.2097
223.0000 0.2171
224.0000 0.2242
225.0000 0.2310
226.0000 0.2376
227.0000 0.2438
228.0000 0.2498
229.0000 0.2556
230.0000 0.2612
231.0000 0.2665
232.0000 0.2716
233.0000 0.2765
234.0000 0.2811
235.0000 0.2856
236.0000 0.2899
237.0000 0.2941
238.0000 0.2981
239.0000 0.3019
240.0000 0.3055
241.0000 0.3090
242.0000 0.3124
243.0000 0.3156
244.0000 0.3187
245.0000 0.3216
246.0000 0.3245
247.0000 0.3272
248.0000 0.3298
249.0000 0.3323
250.0000 0.3347
251.0000 0.3371
252.0000 0.3393
253.0000 0.3414
254.0000 0.3434
255.0000 0.3454
256.0000 0.3473
257.0000 0.3491
258.0000 0.3508
259.0000 0.3524
260.0000 0.3540
261.0000 0.3555
262.0000 0.3570
263.0000 0.3584
264.0000 0.3597
265.0000 0.3610
266.0000 0.3623
267.0000 0.3635
268.0000 0.3646
269.0000 0.3657
270.0000 0.3667
271.0000 0.3677
272.0000 0.3687
273.0000 0.3696
274.0000 0.3705
275.0000 0.3713
276.0000 0.3722
277.0000 0.3729
278.0000 0.3737
279.0000 0.3744
280.0000 0.3751
281.0000 0.3758
282.0000 0.3764
283.0000 0.3770
284.0000 0.3776
285.0000 0.3781
286.0000 0.3787
287.0000 0.3792
288.0000 0.3797
289.0000 0.3802
290.0000 0.3806
291.0000 0.3811
292.0000 0.3815
293.0000 0.3819
294.0000 0.3823
295.0000 0.3826
296.0000 0.3830
297.0000 0.3833
298.0000 0.3836
299.0000 0.3840
300.0000 0.3843
301.0000 0.3845
302.0000 0.3848
303.0000 0.3851
304.0000 0.3853
305.0000 0.3856
306.0000 0.3858
307.0000 0.3860
308.0000 0.3863
309.0000 0.3865
310.0000 0.3867
311.0000 0.3869
312.0000 0.3870
313.0000 0.3872
314.0000 0.3874
315.0000 0.3875
316.0000 0.3877
317.0000 0.3878
318.0000 0.3880
319.0000 0.3881
320.0000 0.3882
321.0000 0.3884
322.0000 0.3885
323.0000 0.3886
324.0000 0.3887
325.0000 0.3888
326.0000 0.3889
327.0000 0.3890
328.0000 0.3891
329.0000 0.3892
330.0000 0.3893
331.0000 0.3894
332.0000 0.3894
333.0000 0.3895
334.0000 0.3896
335.0000 0.3897
336.0000 0.3897
337.0000 0.3898
338.0000 0.3899
339.0000 0.3899
340.0000 0.3900
341.0000 0.3900
342.0000 0.3901
343.0000 0.3901
344.0000 0.3902
345.0000 0.3902
346.0000 0.3903
347.0000 0.3903
348.0000 0.3904
349.0000 0.3904
350.0000 0.3904
351.0000 0.3905
352.0000 0.3905
353.0000 0.3905
354.0000 0.3906
355.0000 0.3906
356.0000 0.3906
357.0000 0.3906
358.0000 0.3907
359.0000 0.3907
360.0000 0.3907
361.0000 0.3907
362.0000 0.3908
363.0000 0.3908
364.0000 0.3908
365.0000 0.3908
366.0000 0.3909
367.0000 0.3909
368.0000 0.3909
369.0000 0.3909
370.0000 0.3909
371.0000 0.3909
372.0000 0.3910
373.0000 0.3910
374.0000 0.3910
375.0000 0.3910
376.0000 0.3910
377.0000 0.3910
378.0000 0.3910
379.0000 0.3910
380.0000 0.3911
381.0000 0.3911
382.0000 0.3911
383.0000 0.3911
384.0000 0.3911
385.0000 0.3911
386.0000 0.3911
387.0000 0.3911
388.0000 0.3911
389.0000 0.3911
390.0000 0.3911
391.0000 0.3911
392.0000 0.3912
393.0000 0.3912
394.0000 0.3912
395.0000 0.3912
396.0000 0.3912
397.0000 0.3912
398.0000 0.3912
399.0000 0.3912
400.0000 0.3912
401.0000 0.3912
402.0000 0.3912
403.0000 0.3912
404.0000 0.3912
405.0000 0.3912
406.0000 0.3912
407.0000 0.3912
408.0000 0.3912
409.0000 0.3912
410.0000 0.3912
411.0000 0.3912
412.0000 0.3912
413.0000 0.3912
414.0000 0.3912
415.0000 0.3912
416.0000 0.3912
417.0000 0.3913
418.0000 0.3913
419.0000 0.3913
420.0000 0.3913
421.0000 0.3913
422.0000 0.3913
423.0000 0.3913
424.0000 0.3913
425.0000 0.3913
426.0000 0.3913
427.0000 0.3913
428.0000 0.3913
429.0000 0.3913
430.0000 0.3913
431.0000 0.3913
432.0000 0.3913
433.0000 0.3913
434.0000 0.3913
435.0000 0.3913
436.0000 0.3913
437.0000 0.3913
438.0000 0.3913
439.0000 0.3913
440.0000 0.3913
441.0000 0.3913
442.0000 0.3913
443.0000 0.3913
444.0000 0.3913
445.0000 0.3913
446.0000 0.3913
447.0000 0.3913
448.0000 0.3913
449.0000 0.3913
450.0000 0.3913
451.0000 0.3913
452.0000 0.3913
453.0000 0.3913
454.0000 0.3913
455.0000 0.3913
456.0000 0.3913
457.0000 0.3913
458.0000 0.3913
459.0000 0.3913
460.0000 0.3913
461.0000 0.3913
462.0000 0.3913
463.0000 0.3913
464.0000 0.3913
465.0000 0.3913
466.0000 0.3913
467.0000 0.3913
468.0000 0.3913
469.0000 0.3913
470.0000 0.3913
471.0000 0.3913
472.0000 0.3913
473.0000 0.3913
474.0000 0.3913
475.0000 0.3913
476.0000 0.3913
477.0000 0.3913
478.0000 0.3913
479.0000 0.3913
480.0000 0.3913
481.0000 0.3913
482.0000 0.3913
483.0000 0.3913
484.0000 0.3913
485.0000 0.3913
486.0000 0.3913
487.0000 0.3913
488.0000 0.3913
489.0000 0.3913
490.0000 0.3913
491.0000 0.3913
492.0000 0.3913
493.0000 0.3913
494.0000 0.3913
495.0000 0.3913
496.0000 0.3913
497.0000 0.3913
498.0000 0.3913
499.0000 0.3913
500.0000 0.3913
501.0000 0.3913
502.0000 0.3913
503.0000 0.3913
504.0000 0.3913
505.0000 0.3913
506.0000 0.3913
507.0000 0.3913
508.0000 0.3913
509.0000 0.3913
510.0000 0.3913
511.0000 0.1794
512.0000 0.1638
513.0000 0.1371
514.0000 0.1158
515.0000 0.0950
516.0000 0.0751
517.0000 0.0561
518.0000 0.0378
519.0000 0.0203
520.0000 0.0035
521.0000 -0.0126
522.0000 -0.0280
523.0000 -0.0429
524.0000 -0.0571
525.0000 -0.0707
526.0000 -0.0838
527.0000 -0.0964
528.0000 -0.1084
529.0000 -0.1199
530.0000 -0.1310
531.0000 -0.1416
532.0000 -0.1518
533.0000 -0.1616
534.0000 -0.1710
535.0000 -0.1800
536.0000 -0.1886
537.0000 -0.1969
538.0000 -0.2048
539.0000 -0.2124
540.0000 -0.2197
541.0000 -0.2267
542.0000 -0.2334
543.0000 -0.2399
544.0000 -0.2461
545.0000 -0.2520
546.0000 -0.2577
547.0000 -0.2631
548.0000 -0.2684
549.0000 -0.2734
550.0000 -0.2782
551.0000 -0.2828
552.0000 -0.2872
553.0000 -0.2915
554.0000 -0.2955
555.0000 -0.2995
556.0000 -0.3032
557.0000 -0.3068
558.0000 -0.3102
559.0000 -0.3136
560.0000 -0.3167
561.0000 -0.3198
562.0000 -0.3227
563.0000 -0.3255
564.0000 -0.3282
565.0000 -0.3308
566.0000 -0.3332
567.0000 -0.3356
568.0000 -0.3379
569.0000 -0.3401
570.0000 -0.3421
571.0000 -0.3441
572.0000 -0.3461
573.0000 -0.3479
574.0000 -0.3497
575.0000 -0.3514
576.0000 -0.3530
577.0000 -0.3546
578.0000 -0.3561
579.0000 -0.3575
580.0000 -0.3589
581.0000 -0.3602
582.0000 -0.3615
583.0000 -0.3627
584.0000 -0.3639
585.0000 -0.3650
586.0000 -0.3661
587.0000 -0.3671
588.0000 -0.3681
589.0000 -0.3690
590.0000 -0.3699
591.0000 -0.3708
592.0000 -0.3716
593.0000 -0.3724
594.0000 -0.3732
595.0000 -0.3740
596.0000 -0.3747
597.0000 -0.3753
598.0000 -0.3760
599.0000 -0.3766
600.0000 -0.3772
601.0000 -0.3778
602.0000 -0.3783
603.0000 -0.3789
604.0000 -0.3794
605.0000 -0.3799
606.0000 -0.3803
607.0000 -0.3808
608.0000 -0.3812
609.0000 -0.3816
610.0000 -0.3820
611.0000 -0.3824
612.0000 -0.3828
613.0000 -0.3831
614.0000 -0.3834
615.0000 -0.3838
616.0000 -0.3841
617.0000 -0.3844
618.0000 -0.3847
619.0000 -0.3849
620.0000 -0.3852
621.0000 -0.3854
622.0000 -0.3857
623.0000 -0.3859
624.0000 -0.3861
625.0000 -0.3863
626.0000 -0.3865
627.0000 -0.3867
628.0000 -0.3869
629.0000 -0.3871
630.0000 -0.3873
631.0000 -0.3874
632.0000 -0.3876
633.0000 -0.3877
634.0000 -0.3879
635.0000 -0.3880
636.0000 -0.3882
637.0000 -0.3883
638.0000 -0.3884
639.0000 -0.3885
640.0000 -0.3886
641.0000 -0.3888
642.0000 -0.3889
643.0000 -0.3890
644.0000 -0.3891
645.0000 -0.3891
646.0000 -0.3892
647.0000 -0.3893
648.0000 -0.3894
649.0000 -0.3895
650.0000 -0.3896
651.0000 -0.3896
652.0000 -0.3897
653.0000 -0.3898
654.0000 -0.3898
655.0000 -0.3899
656.0000 -0.3899
657.0000 -0.3900
658.0000 -0.3900
659.0000 -0.3901
660.0000 -0.3901
661.0000 -0.3902
662.0000 -0.3902
663.0000 -0.3903
664.0000 -0.3903
665.0000 -0.3904
666.0000 -0.3904
667.0000 -0.3904
668.0000 -0.3905
669.0000 -0.3905
670.0000 -0.3905
671.0000 -0.3906
672.0000 -0.3906
673.0000 -0.3906
674.0000 -0.3907
675.0000 -0.3907
676.0000 -0.3907
677.0000 -0.3907
678.0000 -0.3908
679.0000 -0.3908
680.0000 -0.3908
681.0000 -0.3908
682.0000 -0.3908
683.0000 -0.3909
684.0000 -0.3909
685.0000 -0.3909
686.0000 -0.3909
687.0000 -0.3909
688.0000 -0.3909
689.0000 -0.3910
690.0000 -0.3910
691.0000 -0.3910
692.0000 -0.3910
693.0000 -0.3910
694.0000 -0.3910
695.0000 -0.3910
696.0000 -0.3910
697.0000 -0.3911
698.0000 -0.3911
699.0000 -0.3911
700.0000 -0.3911
701.0000 -0.3911
702.0000 -0.3911
703.0000 -0.3911
704.0000 -0.3911
705.0000 -0.3911
706.0000 -0.3911
707.0000 -0.3911
708.0000 -0.3911
709.0000 -0.3912
710.0000 -0.3912
711.0000 -0.3912
712.0000 -0.3912
713.0000 -0.3912
714.0000 -0.3912
715.0000 -0.3912
716.0000 -0.3912
717.0000 -0.3912
718.0000 -0.3912
719.0000 -0.3912
720.0000 -0.3912
721.0000 -0.3912
722.0000 -0.3912
723.0000 -0.3912
724.0000 -0.3912
725.0000 -0.3912
726.0000 -0.3912
727.0000 -0.3912
728.0000 -0.3912
729.0000 -0.3912
730.0000 -0.3912
731.0000 -0.3912
732.0000 -0.3912
733.0000 -0.3912
734.0000 -0.3913
735.0000 -0.3913
736.0000 -0.3913
737.0000 -0.3913
738.0000 -0.3913
739.0000 -0.3913
740.0000 -0.3913
741.0000 -0.3913
742.0000 -0.3913
743.0000 -0.3913
744.0000 -0.3913
745.0000 -0.3913
746.0000 -0.3913
747.0000 -0.3913
748.0000 -0.3913
749.0000 -0.3913
750.0000 -0.3913
751.0000 -0.3913
752.0000 -0.3913
753.0000 -0.3913
754.0000 -0.3913
755.0000 -0.3913
756.0000 -0.3913
757.0000 -0.3913
758.0000 -0.3913
759.0000 -0.3913
760.0000 -0.3913
761.0000 -0.3913
762.0000 -0.3913
763.0000 -0.3913
764.0000 -0.3913
765.0000 -0.3913
766.0000 -0.3913
767.0000 -0.3913
768.0000 -0.3913
769.0000 -0.3913
770.0000 -0.3913
771.0000 -0.3913
772.0000 -0.3913
773.0000 -0.3913
774.0000 -0.3913
775.0000 -0.3913
776.0000 -0.3913
777.0000 -0.3913
778.0000 -0.3913
779.0000 -0.3913
780.0000 -0.3913
781.0000 -0.3913
782.0000 -0.3913
783.0000 -0.3913
784.0000 -0.3913
785.0000 -0.3913
786.0000 -0.3913
787.0000 -0.3913
788.0000 -0.3913
789.0000 -0.3913
790.0000 -0.3913
791.0000 -0.3913
792.0000 -0.3913
793.0000 -0.3913
794.0000 -0.3913
795.0000 -0.3913
796.0000 -0.3913
797.0000 -0.3913
798.0000 -0.3913
799.0000 -0.3913
800.0000 -0.3913
801.0000 -0.3913
802.0000 -0.3913
803.0000 -0.3913
804.0000 -0.3913
805.0000 -0.3913
806.0000 -0.3913
807.0000 -0.3913
808.0000 -0.3913
809.0000 -0.3913
810.0000 -0.3913
811.0000 -0.0734
812.0000 -0.0501
813.0000 -0.0100
814.0000 0.0220
815.0000 0.0532
816.0000 0.0829
817.0000 0.1115
818.0000 0.1389
819.0000 0.1652
820.0000 0.1904
821.0000 0.2145
822.0000 0.2377
823.0000 0.2599
824.0000 0.2813
825.0000 0.3017
826.0000 0.3214
827.0000 0.3402
828.0000 0.3582
829.0000 0.3756
830.0000 0.3922
831.0000 0.4081
832.0000 0.4234
833.0000 0.4381
834.0000 0.4521
835.0000 0.4656
836.0000 0.4785
837.0000 0.4909
838.0000 0.5028
839.0000 0.5143
840.0000 0.5252
841.0000 0.5357
842.0000 0.5458
843.0000 0.5555
844.0000 0.5647
845.0000 0.5736
846.0000 0.5822
847.0000 0.5903
848.0000 0.5982
849.0000 0.6057
850.0000 0.6129
851.0000 0.6199
852.0000 0.6265
853.0000 0.6329
854.0000 0.6390
855.0000 0.6448
856.0000 0.6505
857.0000 0.6559
858.0000 0.6610
859.0000 0.6660
860.0000 0.6707
861.0000 0.6753
862.0000 0.6797
863.0000 0.6839
864.0000 0.6879
865.0000 0.6918
866.0000 0.6955
867.0000 0.6990
868.0000 0.7025
869.0000 0.7057
870.0000 0.7089
871.0000 0.7119
872.0000 0.7148
873.0000 0.7175
874.0000 0.7202
875.0000 0.7227
876.0000 0.7252
877.0000 0.7275
878.0000 0.7298
879.0000 0.7319
880.0000 0.7340
881.0000 0.7360
882.0000 0.7379
883.0000 0.7397
884.0000 0.7415
885.0000 0.7431
886.0000 0.7447
887.0000 0.7463
888.0000 0.7478
889.0000 0.7492
890.0000 0.7506
891.0000 0.7519
892.0000 0.7531
893.0000 0.7543
894.0000 0.7555
895.0000 0.7566
896.0000 0.7576
897.0000 0.7587
898.0000 0.7596
899.0000 0.7606
900.0000 0.7615
901.0000 0.7623
902.0000 0.7632
903.0000 0.7640
904.0000 0.7647
905.0000 0.7655
906.0000 0.7662
907.0000 0.7668
908.0000 0.7675
909.0000 0.7681
910.0000 0.7687
