1.0000 0.0000
2.0000 0.0000
3.0000 0.0000
4.0000 0.0000
5.0000 0.0000
6.0000 0.0000
7.0000 0.0000
8.0000 0.0000
9.0000 0.0000
10.0000 0.0000
11.0000 -0.0114
12.0000 -0.0325
13.0000 -0.0552
14.0000 -0.0725
15.0000 -0.0808
16.0000 -0.0804
17.0000 -0.0733
18.0000 -0.0622
19.0000 -0.0497
20.0000 -0.0374
21.0000 -0.0264
22.0000 -0.0172
23.0000 -0.0099
24.0000 -0.0044
25.0000 -0.0004
26.0000 0.0022
27.0000 0.0038
28.0000 0.0046
29.0000 0.0049
30.0000 0.0047
31.0000 0.0042
32.0000 0.0036
33.0000 0.0029
34.0000 0.0022
35.0000 0.0016
36.0000 0.0010
37.0000 0.0005
38.0000 0.0002
39.0000 -0.0001
40.0000 -0.0003
41.0000 -0.0004
42.0000 -0.0005
43.0000 -0.0005
44.0000 -0.0005
45.0000 -0.0005
46.0000 -0.0004
47.0000 -0.0004
48.0000 -0.0003
49.0000 -0.0003
50.0000 -0.0002
51.0000 -0.0002
52.0000 -0.0001
53.0000 -0.0001
54.0000 -0.0001
55.0000 -0.0000
56.0000 -0.0000
57.0000 -0.0000
58.0000 -0.0000
59.0000 -0.0000
60.0000 -0.0000
61.0000 -0.0000
62.0000 -0.0000
63.0000 -0.0000
64.0000 -0.0000
65.0000 -0.0000
66.0000 -0.0000
67.0000 -0.0000
68.0000 -0.0000
69.0000 -0.0000
70.0000 -0.0000
71.0000 -0.0000
72.0000 -0.0000
73.0000 -0.0000
74.0000 -0.0000
75.0000 -0.0000
76.0000 -0.0000
77.0000 -0.0000
78.0000 -0.0000
79.0000 -0.0000
80.0000 -0.0000
81.0000 -0.0000
82.0000 -0.0000
83.0000 -0.0000
84.0000 -0.0000
85.0000 -0.0000
86.0000 -0.0000
87.0000 -0.0000
88.0000 -0.0000
89.0000 -0.0000
90.0000 -0.0000
91.0000 -0.0000
92.0000 -0.0000
93.0000 -0.0000
94.0000 -0.0000
95.0000 -0.0000
96.0000 -0.0000
97.0000 -0.0000
98.0000 -0.0000
99.0000 0.0000
100.0000 0.0000
101.0000 -0.0000
102.0000 -0.0000
103.0000 -0.0000
104.0000 -0.0000
105.0000 -0.0000
106.0000 -0.0000
107.0000 -0.0000
108.0000 0.0000
109.0000 0.0000
110.0000 0.0000
111.0000 0.2263
112.0000 0.4844
113.0000 0.6921
114.0000 0.8307
115.0000 0.9107
116.0000 0.9510
117.0000 0.9687
118.0000 0.9757
119.0000 0.9791
120.0000 0.9820
121.0000 0.9855
122.0000 0.9894
123.0000 0.9933
124.0000 0.9967
125.0000 0.9995
126.0000 1.0014
127.0000 1.0026
128.0000 1.0032
129.0000 1.0033
130.0000 1.0031
131.0000 1.0027
132.0000 1.0022
133.0000 1.0017
134.0000 1.0012
135.0000 1.0008
136.0000 1.0004
137.0000 1.0000
138.0000 0.9998
139.0000 0.9996
140.0000 0.9995
141.0000 0.9994
142.0000 0.9994
143.0000 0.9995
144.0000 0.9995
145.0000 0.9995
146.0000 0.9996
147.0000 0.9996
148.0000 0.9996
149.0000 0.9997
150.0000 0.9998
151.0000 0.9998
152.0000 0.9998
153.0000 0.9998
154.0000 0.9999
155.0000 0.9999
156.0000 0.9999
157.0000 0.9999
158.0000 0.9999
159.0000 0.9999
160.0000 0.9999
161.0000 0.9999
162.0000 0.9999
163.0000 0.9999
164.0000 0.9999
165.0000 0.9999
166.0000 0.9999
167.0000 0.9999
168.0000 0.9999
169.0000 0.9999
170.0000 0.9999
171.0000 0.9999
172.0000 0.9999
173.0000 0.9999
174.0000 0.9999
175.0000 0.9999
176.0000 0.9999
177.0000 0.9999
178.0000 0.9999
179.0000 0.9999
180.0000 0.9999
181.0000 0.9999
182.0000 0.9999
183.0000 0.9999
184.0000 1.0000
185.0000 1.0000
186.0000 1.0000
187.0000 1.0000
188.0000 1.0000
189.0000 1.0000
190.0000 0.9999
191.0000 0.9999
192.0000 0.9999
193.0000 1.0000
194.0000 1.0000
195.0000 1.0000
196.0000 1.0000
197.0000 1.0000
198.0000 1.0000
199.0000 1.0000
200.0000 1.0000
201.0000 1.0000
202.0000 0.9999
203.0000 0.9999
204.0000 0.9999
205.0000 1.0000
206.0000 1.0000
207.0000 1.0000
208.0000 1.0000
209.0000 1.0000
210.0000 1.0000
211.0000 1.0826
212.0000 1.1607
213.0000 1.2045
214.0000 1.2133
215.0000 1.1974
216.0000 1.1682
217.0000 1.1345
218.0000 1.1019
219.0000 1.0733
220.0000 1.0497
221.0000 1.0310
222.0000 1.0169
223.0000 1.0066
224.0000 0.9995
225.0000 0.9949
226.0000 0.9923
227.0000 0.9911
228.0000 0.9910
229.0000 0.9917
230.0000 0.9927
231.0000 0.9940
232.0000 0.9953
233.0000 0.9966
234.0000 0.9978
235.0000 0.9988
236.0000 0.9996
237.0000 1.0002
238.0000 1.0007
239.0000 1.0010
240.0000 1.0011
241.0000 1.0012
242.0000 1.0012
243.0000 1.0011
244.0000 1.0010
245.0000 1.0009
246.0000 1.0008
247.0000 1.0007
248.0000 1.0006
249.0000 1.0005
250.0000 1.0004
251.0000 1.0003
252.0000 1.0002
253.0000 1.0002
254.0000 1.0001
255.0000 1.0001
256.0000 1.0001
257.0000 1.0001
258.0000 1.0001
259.0000 1.0001
260.0000 1.0001
261.0000 1.0001
262.0000 1.0001
263.0000 1.0001
264.0000 1.0001
265.0000 1.0001
266.0000 1.0001
267.0000 1.0001
268.0000 1.0001
269.0000 1.0001
270.0000 1.0001
271.0000 1.0001
272.0000 1.0001
273.0000 1.0001
274.0000 1.0001
275.0000 1.0001
276.0000 1.0001
277.0000 1.0001
278.0000 1.0001
279.0000 1.0001
280.0000 1.0001
281.0000 1.0001
282.0000 1.0001
283.0000 1.0001
284.0000 1.0001
285.0000 1.0000
286.0000 1.0000
287.0000 1.0000
288.0000 1.0000
289.0000 1.0000
290.0000 1.0000
291.0000 1.0001
292.0000 1.0001
293.0000 1.0001
294.0000 1.0001
295.0000 1.0001
296.0000 1.0000
297.0000 1.0000
298.0000 1.0000
299.0000 1.0000
300.0000 1.0000
301.0000 1.0000
302.0000 1.0000
303.0000 1.0001
304.0000 1.0001
305.0000 1.0001
306.0000 1.0001
307.0000 1.0000
308.0000 1.0000
309.0000 1.0000
310.0000 1.0000
311.0000 1.0227
312.0000 1.0649
313.0000 1.1104
314.0000 1.1449
315.0000 1.1617
316.0000 1.1608
317.0000 1.1466
318.0000 1.1246
319.0000 1.0994
320.0000 1.0748
321.0000 1.0528
322.0000 1.0344
323.0000 1.0198
324.0000 1.0087
325.0000 1.0008
326.0000 0.9955
327.0000 0.9923
328.0000 0.9907
329.0000 0.9903
330.0000 0.9907
331.0000 0.9916
332.0000 0.9929
333.0000 0.9943
334.0000 0.9956
335.0000 0.9969
336.0000 0.9980
337.0000 0.9989
338.0000 0.9997
339.0000 1.0002
340.0000 1.0006
341.0000 1.0008
342.0000 1.0009
343.0000 1.0010
344.0000 1.0010
345.0000 1.0009
346.0000 1.0009
347.0000 1.0008
348.0000 1.0007
349.0000 1.0005
350.0000 1.0004
351.0000 1.0004
352.0000 1.0002
353.0000 1.0002
354.0000 1.0001
355.0000 1.0001
356.0000 1.0000
357.0000 1.0000
358.0000 1.0000
359.0000 1.0001
360.0000 1.0001
361.0000 1.0000
362.0000 1.0000
363.0000 1.0000
364.0000 1.0000
365.0000 1.0000
366.0000 1.0000
367.0000 1.0000
368.0000 1.0000
369.0000 1.0000
370.0000 1.0000
371.0000 1.0001
372.0000 1.0001
373.0000 1.0001
374.0000 1.0001
375.0000 1.0000
376.0000 1.0000
377.0000 1.0001
378.0000 1.0001
379.0000 1.0001
380.0000 1.0001
381.0000 1.0001
382.0000 1.0001
383.0000 1.0001
384.0000 1.0001
385.0000 1.0000
386.0000 1.0000
387.0000 1.0001
388.0000 1.0001
389.0000 1.0000
390.0000 1.0000
391.0000 1.0000
392.0000 1.0000
393.0000 1.0000
394.0000 1.0001
395.0000 1.0001
396.0000 1.0001
397.0000 1.0000
398.0000 1.0000
399.0000 1.0000
400.0000 1.0000
401.0000 1.0000
402.0000 1.0001
403.0000 1.0001
404.0000 1.0000
405.0000 1.0000
406.0000 1.0000
407.0000 1.0000
408.0000 1.0000
409.0000 1.0000
410.0000 1.0000
411.0000 0.5475
412.0000 0.0312
413.0000 -0.3842
414.0000 -0.6613
415.0000 -0.8214
416.0000 -0.9019
417.0000 -0.9372
418.0000 -0.9513
419.0000 -0.9581
420.0000 -0.9640
421.0000 -0.9709
422.0000 -0.9787
423.0000 -0.9865
424.0000 -0.9934
425.0000 -0.9988
426.0000 -1.0028
427.0000 -1.0052
428.0000 -1.0064
429.0000 -1.0066
430.0000 -1.0062
431.0000 -1.0054
432.0000 -1.0044
433.0000 -1.0034
434.0000 -1.0024
435.0000 -1.0015
436.0000 -1.0007
437.0000 -1.0000
438.0000 -0.9995
439.0000 -0.9991
440.0000 -0.9989
441.0000 -0.9988
442.0000 -0.9988
443.0000 -0.9989
444.0000 -0.9989
445.0000 -0.9990
446.0000 -0.9991
447.0000 -0.9992
448.0000 -0.9993
449.0000 -0.9994
450.0000 -0.9995
451.0000 -0.9995
452.0000 -0.9996
453.0000 -0.9996
454.0000 -0.9997
455.0000 -0.9997
456.0000 -0.9998
457.0000 -0.9998
458.0000 -0.9998
459.0000 -0.9998
460.0000 -0.9998
461.0000 -0.9998
462.0000 -0.9998
463.0000 -0.9998
464.0000 -0.9998
465.0000 -0.9998
466.0000 -0.9998
467.0000 -0.9998
468.0000 -0.9998
469.0000 -0.9999
470.0000 -0.9999
471.0000 -0.9999
472.0000 -0.9998
473.0000 -0.9998
474.0000 -0.9999
475.0000 -0.9998
476.0000 -0.9998
477.0000 -0.9998
478.0000 -0.9998
479.0000 -0.9998
480.0000 -0.9998
481.0000 -0.9998
482.0000 -0.9998
483.0000 -0.9999
484.0000 -0.9999
485.0000 -0.9999
486.0000 -0.9999
487.0000 -0.9999
488.0000 -0.9999
489.0000 -0.9999
490.0000 -0.9999
491.0000 -0.9999
492.0000 -0.9999
493.0000 -0.9999
494.0000 -0.9999
495.0000 -0.9999
496.0000 -0.9999
497.0000 -1.0000
498.0000 -1.0000
499.0000 -1.0000
500.0000 -0.9999
501.0000 -0.9999
502.0000 -0.9999
503.0000 -0.9999
504.0000 -0.9999
505.0000 -0.9999
506.0000 -1.0000
507.0000 -1.0000
508.0000 -1.0000
509.0000 -1.0000
510.0000 -0.9999
511.0000 -1.1652
512.0000 -1.3214
513.0000 -1.4089
514.0000 -1.4266
515.0000 -1.3948
516.0000 -1.3364
517.0000 -1.2691
518.0000 -1.2039
519.0000 -1.1466
520.0000 -1.0993
521.0000 -1.0620
522.0000 -1.0337
523.0000 -1.0132
524.0000 -0.9989
525.0000 -0.9898
526.0000 -0.9845
527.0000 -0.9822
528.0000 -0.9821
529.0000 -0.9833
530.0000 -0.9854
531.0000 -0.9880
532.0000 -0.9907
533.0000 -0.9932
534.0000 -0.9956
535.0000 -0.9976
536.0000 -0.9992
537.0000 -1.0005
538.0000 -1.0014
539.0000 -1.0019
540.0000 -1.0023
541.0000 -1.0024
542.0000 -1.0024
543.0000 -1.0022
544.0000 -1.0020
545.0000 -1.0018
546.0000 -1.0016
547.0000 -1.0014
548.0000 -1.0011
549.0000 -1.0009
550.0000 -1.0008
551.0000 -1.0006
552.0000 -1.0004
553.0000 -1.0004
554.0000 -1.0003
555.0000 -1.0003
556.0000 -1.0003
557.0000 -1.0002
558.0000 -1.0002
559.0000 -1.0002
560.0000 -1.0002
561.0000 -1.0002
562.0000 -1.0002
563.0000 -1.0001
564.0000 -1.0002
565.0000 -1.0002
566.0000 -1.0002
567.0000 -1.0002
568.0000 -1.0002
569.0000 -1.0001
570.0000 -1.0001
571.0000 -1.0002
572.0000 -1.0002
573.0000 -1.0002
574.0000 -1.0002
575.0000 -1.0002
576.0000 -1.0002
577.0000 -1.0002
578.0000 -1.0002
579.0000 -1.0002
580.0000 -1.0002
581.0000 -1.0002
582.0000 -1.0001
583.0000 -1.0001
584.0000 -1.0001
585.0000 -1.0001
586.0000 -1.0001
587.0000 -1.0001
588.0000 -1.0000
589.0000 -1.0000
590.0000 -1.0001
591.0000 -1.0001
592.0000 -1.0001
593.0000 -1.0001
594.0000 -1.0001
595.0000 -1.0001
596.0000 -1.0001
597.0000 -1.0001
598.0000 -1.0000
599.0000 -1.0000
600.0000 -1.0000
601.0000 -1.0000
602.0000 -1.0001
603.0000 -1.0001
604.0000 -1.0002
605.0000 -1.0002
606.0000 -1.0001
607.0000 -1.0001
608.0000 -1.0001
609.0000 -1.0000
610.0000 -1.0000
611.0000 -1.0341
612.0000 -1.0973
613.0000 -1.1656
614.0000 -1.2174
615.0000 -1.2425
616.0000 -1.2412
617.0000 -1.2200
618.0000 -1.1869
619.0000 -1.1491
620.0000 -1.1122
621.0000 -1.0792
622.0000 -1.0516
623.0000 -1.0297
624.0000 -1.0131
625.0000 -1.0012
626.0000 -0.9932
627.0000 -0.9884
628.0000 -0.9860
629.0000 -0.9854
630.0000 -0.9860
631.0000 -0.9874
632.0000 -0.9893
633.0000 -0.9914
634.0000 -0.9934
635.0000 -0.9953
636.0000 -0.9970
637.0000 -0.9984
638.0000 -0.9995
639.0000 -1.0003
640.0000 -1.0008
641.0000 -1.0012
642.0000 -1.0014
643.0000 -1.0015
644.0000 -1.0015
645.0000 -1.0014
646.0000 -1.0013
647.0000 -1.0012
648.0000 -1.0010
649.0000 -1.0008
650.0000 -1.0007
651.0000 -1.0005
652.0000 -1.0004
653.0000 -1.0003
654.0000 -1.0002
655.0000 -1.0001
656.0000 -1.0001
657.0000 -1.0000
658.0000 -1.0001
659.0000 -1.0001
660.0000 -1.0001
661.0000 -1.0001
662.0000 -1.0000
663.0000 -1.0000
664.0000 -1.0000
665.0000 -1.0000
666.0000 -1.0001
667.0000 -1.0000
668.0000 -1.0001
669.0000 -1.0001
670.0000 -1.0001
671.0000 -1.0001
672.0000 -1.0001
673.0000 -1.0001
674.0000 -1.0001
675.0000 -1.0001
676.0000 -1.0001
677.0000 -1.0001
678.0000 -1.0001
679.0000 -1.0002
680.0000 -1.0002
681.0000 -1.0002
682.0000 -1.0001
683.0000 -1.0001
684.0000 -1.0001
685.0000 -1.0001
686.0000 -1.0001
687.0000 -1.0001
688.0000 -1.0001
689.0000 -1.0000
690.0000 -1.0000
691.0000 -1.0000
692.0000 -1.0000
693.0000 -1.0001
694.0000 -1.0001
695.0000 -1.0002
696.0000 -1.0001
697.0000 -1.0001
698.0000 -1.0000
699.0000 -1.0000
700.0000 -1.0000
701.0000 -1.0000
702.0000 -1.0001
703.0000 -1.0001
704.0000 -1.0000
705.0000 -1.0000
706.0000 -1.0000
707.0000 -1.0000
708.0000 -1.0000
709.0000 -1.0000
710.0000 -1.0000
711.0000 -0.3213
712.0000 0.4533
713.0000 1.0763
714.0000 1.4920
715.0000 1.7320
716.0000 1.8529
717.0000 1.9058
718.0000 1.9270
719.0000 1.9371
720.0000 1.9459
721.0000 1.9563
722.0000 1.9681
723.0000 1.9797
724.0000 1.9900
725.0000 1.9982
726.0000 2.0041
727.0000 2.0077
728.0000 2.0095
729.0000 2.0099
730.0000 2.0093
731.0000 2.0081
732.0000 2.0066
733.0000 2.0051
734.0000 2.0036
735.0000 2.0022
736.0000 2.0010
737.0000 2.0000
738.0000 1.9992
739.0000 1.9986
740.0000 1.9983
741.0000 1.9981
742.0000 1.9982
743.0000 1.9983
744.0000 1.9984
745.0000 1.9985
746.0000 1.9986
747.0000 1.9987
748.0000 1.9989
749.0000 1.9991
750.0000 1.9992
751.0000 1.9993
752.0000 1.9994
753.0000 1.9994
754.0000 1.9995
755.0000 1.9996
756.0000 1.9996
757.0000 1.9997
758.0000 1.9997
759.0000 1.9997
760.0000 1.9997
761.0000 1.9997
762.0000 1.9997
763.0000 1.9997
764.0000 1.9997
765.0000 1.9997
766.0000 1.9997
767.0000 1.9997
768.0000 1.9997
769.0000 1.9998
770.0000 1.9998
771.0000 1.9998
772.0000 1.9998
773.0000 1.9998
774.0000 1.9998
775.0000 1.9998
776.0000 1.9997
777.0000 1.9997
778.0000 1.9997
779.0000 1.9997
780.0000 1.9997
781.0000 1.9998
782.0000 1.9997
783.0000 1.9998
784.0000 1.9998
785.0000 1.9999
786.0000 1.9999
787.0000 1.9999
788.0000 1.9999
789.0000 1.9998
790.0000 1.9998
791.0000 1.9998
792.0000 1.9998
793.0000 1.9999
794.0000 1.9999
795.0000 1.9999
796.0000 1.9999
797.0000 1.9999
798.0000 2.0000
799.0000 1.9999
800.0000 1.9999
801.0000 1.9998
802.0000 1.9998
803.0000 1.9998
804.0000 1.9998
805.0000 1.9999
806.0000 1.9999
807.0000 2.0000
808.0000 1.9999
809.0000 1.9999
810.0000 1.9999
811.0000 2.2478
812.0000 2.4821
813.0000 2.6133
814.0000 2.6398
815.0000 2.5922
816.0000 2.5046
817.0000 2.4036
818.0000 2.3058
819.0000 2.2199
820.0000 2.1490
821.0000 2.0930
822.0000 2.0506
823.0000 2.0198
824.0000 1.9984
825.0000 1.9847
826.0000 1.9768
827.0000 1.9734
828.0000 1.9731
829.0000 1.9750
830.0000 1.9781
831.0000 1.9820
832.0000 1.9860
833.0000 1.9899
834.0000 1.9934
835.0000 1.9964
836.0000 1.9988
837.0000 2.0007
838.0000 2.0020
839.0000 2.0029
840.0000 2.0034
841.0000 2.0036
842.0000 2.0036
843.0000 2.0033
844.0000 2.0031
845.0000 2.0028
846.0000 2.0024
847.0000 2.0021
848.0000 2.0017
849.0000 2.0014
850.0000 2.0011
851.0000 2.0009
852.0000 2.0007
853.0000 2.0005
854.0000 2.0004
855.0000 2.0004
856.0000 2.0004
857.0000 2.0004
858.0000 2.0003
859.0000 2.0003
860.0000 2.0003
861.0000 2.0002
862.0000 2.0002
863.0000 2.0002
864.0000 2.0002
865.0000 2.0002
866.0000 2.0002
867.0000 2.0003
868.0000 2.0002
869.0000 2.0002
870.0000 2.0002
871.0000 2.0002
872.0000 2.0003
873.0000 2.0004
874.0000 2.0004
875.0000 2.0003
876.0000 2.0003
877.0000 2.0003
878.0000 2.0003
879.0000 2.0003
880.0000 2.0002
881.0000 2.0002
882.0000 2.0002
883.0000 2.0002
884.0000 2.0002
885.0000 2.0001
886.0000 2.0001
887.0000 2.0001
888.0000 2.0000
889.0000 2.0001
890.0000 2.0001
891.0000 2.0002
892.0000 2.0002
893.0000 2.0002
894.0000 2.0002
895.0000 2.0002
896.0000 2.0001
897.0000 2.0001
898.0000 2.0000
899.0000 2.0000
900.0000 2.0000
901.0000 2.0000
902.0000 2.0001
903.0000 2.0002
904.0000 2.0003
905.0000 2.0002
906.0000 2.0002
907.0000 2.0001
908.0000 2.0001
909.0000 2.0000
910.0000 2.0000
