1.0000 0.0000
2.0000 0.0000
3.0000 0.0000
4.0000 0.0000
5.0000 0.0000
6.0000 0.0000
7.0000 0.0000
8.0000 0.0000
9.0000 0.0000
10.0000 0.0000
11.0000 0.0830
12.0000 0.1624
13.0000 0.2096
14.0000 0.2245
15.0000 0.2162
16.0000 0.1945
17.0000 0.1665
18.0000 0.1368
19.0000 0.1082
20.0000 0.0820
21.0000 0.0590
22.0000 0.0396
23.0000 0.0238
24.0000 0.0115
25.0000 0.0024
26.0000 -0.0040
27.0000 -0.0081
28.0000 -0.0103
29.0000 -0.0111
30.0000 -0.0108
31.0000 -0.0099
32.0000 -0.0086
33.0000 -0.0070
34.0000 -0.0055
35.0000 -0.0040
36.0000 -0.0027
37.0000 -0.0016
38.0000 -0.0007
39.0000 -0.0000
40.0000 0.0005
41.0000 0.0008
42.0000 0.0010
43.0000 0.0011
44.0000 0.0011
45.0000 0.0010
46.0000 0.0009
47.0000 0.0008
48.0000 0.0007
49.0000 0.0006
50.0000 0.0005
51.0000 0.0004
52.0000 0.0003
53.0000 0.0002
54.0000 0.0002
55.0000 0.0001
56.0000 0.0001
57.0000 0.0001
58.0000 0.0001
59.0000 0.0000
60.0000 0.0000
61.0000 0.0000
62.0000 0.0000
63.0000 0.0000
64.0000 0.0000
65.0000 0.0001
66.0000 0.0001
67.0000 0.0001
68.0000 0.0001
69.0000 0.0001
70.0000 0.0001
71.0000 0.0001
72.0000 0.0001
73.0000 0.0001
74.0000 0.0001
75.0000 0.0001
76.0000 0.0001
77.0000 0.0001
78.0000 0.0001
79.0000 0.0001
80.0000 0.0001
81.0000 0.0000
82.0000 0.0000
83.0000 0.0000
84.0000 0.0001
85.0000 0.0001
86.0000 0.0001
87.0000 0.0000
88.0000 0.0000
89.0000 0.0000
90.0000 0.0000
91.0000 0.0000
92.0000 0.0000
93.0000 0.0000
94.0000 0.0000
95.0000 0.0000
96.0000 0.0000
97.0000 0.0000
98.0000 0.0000
99.0000 0.0000
100.0000 0.0000
101.0000 0.0000
102.0000 0.0000
103.0000 0.0000
104.0000 0.0000
105.0000 0.0000
106.0000 0.0000
107.0000 0.0000
108.0000 0.0000
109.0000 0.0000
110.0000 0.0000
111.0000 0.0670
112.0000 0.1358
113.0000 0.1804
114.0000 0.1967
115.0000 0.1906
116.0000 0.1702
117.0000 0.1430
118.0000 0.1143
119.0000 0.0872
120.0000 0.0635
121.0000 0.0436
122.0000 0.0278
123.0000 0.0155
124.0000 0.0064
125.0000 -0.0001
126.0000 -0.0043
127.0000 -0.0068
128.0000 -0.0080
129.0000 -0.0082
130.0000 -0.0077
131.0000 -0.0068
132.0000 -0.0057
133.0000 -0.0044
134.0000 -0.0033
135.0000 -0.0022
136.0000 -0.0013
137.0000 -0.0005
138.0000 0.0001
139.0000 0.0005
140.0000 0.0008
141.0000 0.0010
142.0000 0.0011
143.0000 0.0011
144.0000 0.0010
145.0000 0.0009
146.0000 0.0008
147.0000 0.0007
148.0000 0.0006
149.0000 0.0005
150.0000 0.0004
151.0000 0.0003
152.0000 0.0003
153.0000 0.0002
154.0000 0.0002
155.0000 0.0001
156.0000 0.0001
157.0000 0.0001
158.0000 0.0001
159.0000 0.0001
160.0000 0.0001
161.0000 0.0001
162.0000 0.0001
163.0000 0.0001
164.0000 0.0001
165.0000 0.0000
166.0000 0.0000
167.0000 0.0000
168.0000 0.0001
169.0000 0.0001
170.0000 0.0001
171.0000 0.0001
172.0000 0.0001
173.0000 0.0001
174.0000 0.0001
175.0000 0.0001
176.0000 0.0001
177.0000 0.0001
178.0000 0.0001
179.0000 0.0001
180.0000 0.0001
181.0000 0.0001
182.0000 0.0001
183.0000 0.0001
184.0000 0.0001
185.0000 0.0001
186.0000 0.0001
187.0000 0.0001
188.0000 0.0000
189.0000 0.0000
190.0000 0.0000
191.0000 0.0000
192.0000 0.0000
193.0000 0.0000
194.0000 0.0000
195.0000 0.0000
196.0000 0.0000
197.0000 0.0000
198.0000 0.0000
199.0000 0.0000
200.0000 0.0000
201.0000 -0.0000
202.0000 -0.0000
203.0000 -0.0000
204.0000 0.0000
205.0000 0.0000
206.0000 0.0000
207.0000 0.0000
208.0000 0.0001
209.0000 0.0001
210.0000 0.0001
211.0000 0.1082
212.0000 0.2402
213.0000 0.3633
214.0000 0.4702
215.0000 0.5629
216.0000 0.6448
217.0000 0.7177
218.0000 0.7826
219.0000 0.8391
220.0000 0.8872
221.0000 0.9267
222.0000 0.9580
223.0000 0.9817
224.0000 0.9988
225.0000 1.0102
226.0000 1.0171
227.0000 1.0204
228.0000 1.0212
229.0000 1.0201
230.0000 1.0179
231.0000 1.0150
232.0000 1.0120
233.0000 1.0089
234.0000 1.0062
235.0000 1.0038
236.0000 1.0019
237.0000 1.0003
238.0000 0.9992
239.0000 0.9984
240.0000 0.9979
241.0000 0.9977
242.0000 0.9976
243.0000 0.9977
244.0000 0.9979
245.0000 0.9982
246.0000 0.9984
247.0000 0.9987
248.0000 0.9989
249.0000 0.9991
250.0000 0.9993
251.0000 0.9994
252.0000 0.9996
253.0000 0.9997
254.0000 0.9998
255.0000 0.9998
256.0000 0.9999
257.0000 0.9999
258.0000 0.9999
259.0000 0.9999
260.0000 0.9999
261.0000 0.9999
262.0000 0.9999
263.0000 0.9999
264.0000 0.9999
265.0000 0.9999
266.0000 0.9999
267.0000 0.9999
268.0000 0.9999
269.0000 0.9999
270.0000 0.9999
271.0000 0.9999
272.0000 0.9999
273.0000 0.9999
274.0000 0.9999
275.0000 0.9999
276.0000 0.9999
277.0000 0.9999
278.0000 0.9999
279.0000 0.9999
280.0000 0.9999
281.0000 1.0000
282.0000 1.0000
283.0000 0.9999
284.0000 0.9999
285.0000 0.9999
286.0000 1.0000
287.0000 1.0000
288.0000 0.9999
289.0000 1.0000
290.0000 1.0000
291.0000 1.0000
292.0000 1.0000
293.0000 1.0000
294.0000 1.0000
295.0000 1.0000
296.0000 1.0000
297.0000 1.0000
298.0000 1.0000
299.0000 1.0000
300.0000 1.0000
301.0000 1.0000
302.0000 1.0000
303.0000 1.0000
304.0000 1.0000
305.0000 1.0000
306.0000 1.0000
307.0000 1.0000
308.0000 1.0000
309.0000 1.0000
310.0000 1.0000
311.0000 0.8340
312.0000 0.6752
313.0000 0.5808
314.0000 0.5511
315.0000 0.5676
316.0000 0.6111
317.0000 0.6671
318.0000 0.7264
319.0000 0.7838
320.0000 0.8361
321.0000 0.8821
322.0000 0.9209
323.0000 0.9524
324.0000 0.9771
325.0000 0.9953
326.0000 1.0081
327.0000 1.0162
328.0000 1.0206
329.0000 1.0222
330.0000 1.0217
331.0000 1.0199
332.0000 1.0172
333.0000 1.0141
334.0000 1.0110
335.0000 1.0081
336.0000 1.0055
337.0000 1.0032
338.0000 1.0014
339.0000 1.0000
340.0000 0.9990
341.0000 0.9984
342.0000 0.9980
343.0000 0.9978
344.0000 0.9978
345.0000 0.9980
346.0000 0.9982
347.0000 0.9984
348.0000 0.9987
349.0000 0.9989
350.0000 0.9991
351.0000 0.9993
352.0000 0.9995
353.0000 0.9996
354.0000 0.9997
355.0000 0.9998
356.0000 0.9998
357.0000 0.9999
358.0000 0.9999
359.0000 0.9999
360.0000 0.9999
361.0000 0.9999
362.0000 0.9999
363.0000 0.9999
364.0000 0.9999
365.0000 0.9999
366.0000 0.9999
367.0000 0.9999
368.0000 0.9999
369.0000 0.9999
370.0000 0.9999
371.0000 0.9999
372.0000 0.9999
373.0000 0.9999
374.0000 0.9999
375.0000 0.9999
376.0000 0.9999
377.0000 0.9999
378.0000 0.9999
379.0000 0.9999
380.0000 0.9999
381.0000 0.9999
382.0000 0.9999
383.0000 0.9999
384.0000 0.9999
385.0000 0.9999
386.0000 0.9999
387.0000 0.9999
388.0000 0.9999
389.0000 0.9999
390.0000 0.9999
391.0000 0.9999
392.0000 0.9999
393.0000 0.9999
394.0000 0.9999
395.0000 1.0000
396.0000 1.0000
397.0000 0.9999
398.0000 0.9999
399.0000 1.0000
400.0000 1.0000
401.0000 1.0000
402.0000 1.0000
403.0000 1.0000
404.0000 1.0000
405.0000 1.0000
406.0000 1.0000
407.0000 0.9999
408.0000 0.9999
409.0000 0.9999
410.0000 0.9999
411.0000 0.8660
412.0000 0.7283
413.0000 0.6390
414.0000 0.6063
415.0000 0.6187
416.0000 0.6594
417.0000 0.7137
418.0000 0.7712
419.0000 0.8253
420.0000 0.8728
421.0000 0.9125
422.0000 0.9442
423.0000 0.9688
424.0000 0.9870
425.0000 0.9999
426.0000 1.0084
427.0000 1.0134
428.0000 1.0158
429.0000 1.0162
430.0000 1.0152
431.0000 1.0134
432.0000 1.0111
433.0000 1.0087
434.0000 1.0064
435.0000 1.0042
436.0000 1.0023
437.0000 1.0008
438.0000 0.9997
439.0000 0.9988
440.0000 0.9983
441.0000 0.9979
442.0000 0.9977
443.0000 0.9977
444.0000 0.9978
445.0000 0.9980
446.0000 0.9982
447.0000 0.9984
448.0000 0.9987
449.0000 0.9989
450.0000 0.9991
451.0000 0.9992
452.0000 0.9994
453.0000 0.9995
454.0000 0.9996
455.0000 0.9996
456.0000 0.9996
457.0000 0.9997
458.0000 0.9997
459.0000 0.9997
460.0000 0.9997
461.0000 0.9997
462.0000 0.9997
463.0000 0.9998
464.0000 0.9998
465.0000 0.9998
466.0000 0.9998
467.0000 0.9998
468.0000 0.9998
469.0000 0.9998
470.0000 0.9998
471.0000 0.9998
472.0000 0.9998
473.0000 0.9998
474.0000 0.9997
475.0000 0.9997
476.0000 0.9998
477.0000 0.9998
478.0000 0.9998
479.0000 0.9998
480.0000 0.9998
481.0000 0.9998
482.0000 0.9998
483.0000 0.9998
484.0000 0.9998
485.0000 0.9998
486.0000 0.9998
487.0000 0.9999
488.0000 0.9999
489.0000 0.9999
490.0000 0.9999
491.0000 0.9999
492.0000 0.9999
493.0000 0.9999
494.0000 0.9999
495.0000 0.9999
496.0000 0.9999
497.0000 0.9999
498.0000 0.9999
499.0000 0.9999
500.0000 1.0000
501.0000 1.0000
502.0000 1.0000
503.0000 1.0000
504.0000 1.0000
505.0000 0.9999
506.0000 0.9999
507.0000 0.9999
508.0000 0.9999
509.0000 0.9999
510.0000 0.9998
511.0000 0.7836
512.0000 0.5195
513.0000 0.2734
514.0000 0.0595
515.0000 -0.1259
516.0000 -0.2895
517.0000 -0.4355
518.0000 -0.5651
519.0000 -0.6783
520.0000 -0.7744
521.0000 -0.8534
522.0000 -0.9160
523.0000 -0.9634
524.0000 -0.9975
525.0000 -1.0204
526.0000 -1.0342
527.0000 -1.0409
528.0000 -1.0424
529.0000 -1.0402
530.0000 -1.0358
531.0000 -1.0301
532.0000 -1.0239
533.0000 -1.0179
534.0000 -1.0124
535.0000 -1.0076
536.0000 -1.0037
537.0000 -1.0007
538.0000 -0.9984
539.0000 -0.9968
540.0000 -0.9958
541.0000 -0.9954
542.0000 -0.9953
543.0000 -0.9955
544.0000 -0.9958
545.0000 -0.9963
546.0000 -0.9968
547.0000 -0.9973
548.0000 -0.9978
549.0000 -0.9982
550.0000 -0.9986
551.0000 -0.9989
552.0000 -0.9992
553.0000 -0.9994
554.0000 -0.9995
555.0000 -0.9997
556.0000 -0.9998
557.0000 -0.9998
558.0000 -0.9999
559.0000 -0.9999
560.0000 -0.9999
561.0000 -0.9999
562.0000 -0.9999
563.0000 -0.9999
564.0000 -0.9998
565.0000 -0.9998
566.0000 -0.9998
567.0000 -0.9998
568.0000 -0.9998
569.0000 -0.9998
570.0000 -0.9998
571.0000 -0.9998
572.0000 -0.9998
573.0000 -0.9998
574.0000 -0.9998
575.0000 -0.9998
576.0000 -0.9998
577.0000 -0.9998
578.0000 -0.9998
579.0000 -0.9999
580.0000 -0.9999
581.0000 -0.9999
582.0000 -0.9999
583.0000 -0.9999
584.0000 -0.9999
585.0000 -0.9999
586.0000 -0.9999
587.0000 -0.9999
588.0000 -0.9999
589.0000 -0.9999
590.0000 -0.9999
591.0000 -0.9999
592.0000 -0.9999
593.0000 -0.9999
594.0000 -0.9999
595.0000 -0.9999
596.0000 -0.9999
597.0000 -0.9999
598.0000 -0.9999
599.0000 -0.9999
600.0000 -0.9999
601.0000 -0.9999
602.0000 -0.9999
603.0000 -0.9999
604.0000 -1.0000
605.0000 -1.0000
606.0000 -1.0000
607.0000 -1.0000
608.0000 -1.0000
609.0000 -1.0000
610.0000 -1.0000
611.0000 -0.7510
612.0000 -0.5128
613.0000 -0.3712
614.0000 -0.3266
615.0000 -0.3515
616.0000 -0.4167
617.0000 -0.5007
618.0000 -0.5897
619.0000 -0.6757
620.0000 -0.7543
621.0000 -0.8232
622.0000 -0.8814
623.0000 -0.9287
624.0000 -0.9656
625.0000 -0.9930
626.0000 -1.0122
627.0000 -1.0244
628.0000 -1.0310
629.0000 -1.0333
630.0000 -1.0326
631.0000 -1.0298
632.0000 -1.0258
633.0000 -1.0212
634.0000 -1.0165
635.0000 -1.0121
636.0000 -1.0082
637.0000 -1.0049
638.0000 -1.0022
639.0000 -1.0001
640.0000 -0.9986
641.0000 -0.9976
642.0000 -0.9970
643.0000 -0.9967
644.0000 -0.9967
645.0000 -0.9969
646.0000 -0.9973
647.0000 -0.9976
648.0000 -0.9980
649.0000 -0.9984
650.0000 -0.9987
651.0000 -0.9990
652.0000 -0.9992
653.0000 -0.9994
654.0000 -0.9996
655.0000 -0.9997
656.0000 -0.9998
657.0000 -0.9998
658.0000 -0.9999
659.0000 -0.9999
660.0000 -0.9999
661.0000 -0.9999
662.0000 -0.9999
663.0000 -0.9999
664.0000 -0.9999
665.0000 -0.9999
666.0000 -0.9999
667.0000 -0.9999
668.0000 -0.9999
669.0000 -0.9999
670.0000 -0.9999
671.0000 -0.9999
672.0000 -0.9999
673.0000 -0.9999
674.0000 -0.9998
675.0000 -0.9998
676.0000 -0.9998
677.0000 -0.9998
678.0000 -0.9998
679.0000 -0.9998
680.0000 -0.9998
681.0000 -0.9998
682.0000 -0.9998
683.0000 -0.9998
684.0000 -0.9998
685.0000 -0.9998
686.0000 -0.9998
687.0000 -0.9999
688.0000 -0.9999
689.0000 -0.9999
690.0000 -0.9999
691.0000 -0.9999
692.0000 -0.9999
693.0000 -0.9999
694.0000 -0.9999
695.0000 -0.9999
696.0000 -0.9999
697.0000 -0.9999
698.0000 -0.9999
699.0000 -0.9999
700.0000 -1.0000
701.0000 -1.0000
702.0000 -1.0000
703.0000 -1.0000
704.0000 -1.0000
705.0000 -1.0000
706.0000 -1.0000
707.0000 -0.9999
708.0000 -0.9999
709.0000 -0.9998
710.0000 -0.9998
711.0000 -0.7989
712.0000 -0.5923
713.0000 -0.4584
714.0000 -0.4094
715.0000 -0.4279
716.0000 -0.4890
717.0000 -0.5705
718.0000 -0.6567
719.0000 -0.7379
720.0000 -0.8091
721.0000 -0.8686
722.0000 -0.9162
723.0000 -0.9530
724.0000 -0.9804
725.0000 -0.9997
726.0000 -1.0124
727.0000 -1.0200
728.0000 -1.0235
729.0000 -1.0242
730.0000 -1.0227
731.0000 -1.0200
732.0000 -1.0166
733.0000 -1.0130
734.0000 -1.0095
735.0000 -1.0062
736.0000 -1.0034
737.0000 -1.0012
738.0000 -0.9995
739.0000 -0.9982
740.0000 -0.9973
741.0000 -0.9968
742.0000 -0.9965
743.0000 -0.9965
744.0000 -0.9966
745.0000 -0.9969
746.0000 -0.9972
747.0000 -0.9976
748.0000 -0.9979
749.0000 -0.9983
750.0000 -0.9986
751.0000 -0.9988
752.0000 -0.9990
753.0000 -0.9992
754.0000 -0.9993
755.0000 -0.9994
756.0000 -0.9994
757.0000 -0.9995
758.0000 -0.9995
759.0000 -0.9995
760.0000 -0.9995
761.0000 -0.9996
762.0000 -0.9996
763.0000 -0.9996
764.0000 -0.9997
765.0000 -0.9997
766.0000 -0.9997
767.0000 -0.9997
768.0000 -0.9997
769.0000 -0.9997
770.0000 -0.9997
771.0000 -0.9997
772.0000 -0.9997
773.0000 -0.9996
774.0000 -0.9996
775.0000 -0.9996
776.0000 -0.9996
777.0000 -0.9997
778.0000 -0.9997
779.0000 -0.9997
780.0000 -0.9997
781.0000 -0.9997
782.0000 -0.9997
783.0000 -0.9997
784.0000 -0.9997
785.0000 -0.9997
786.0000 -0.9997
787.0000 -0.9998
788.0000 -0.9998
789.0000 -0.9998
790.0000 -0.9998
791.0000 -0.9998
792.0000 -0.9998
793.0000 -0.9998
794.0000 -0.9998
795.0000 -0.9998
796.0000 -0.9999
797.0000 -0.9999
798.0000 -0.9999
799.0000 -0.9999
800.0000 -0.9999
801.0000 -1.0000
802.0000 -1.0000
803.0000 -1.0000
804.0000 -0.9999
805.0000 -0.9999
806.0000 -0.9999
807.0000 -0.9998
808.0000 -0.9998
809.0000 -0.9998
810.0000 -0.9997
811.0000 -0.6753
812.0000 -0.2793
813.0000 0.0900
814.0000 0.4107
815.0000 0.6889
816.0000 0.9343
817.0000 1.1533
818.0000 1.3477
819.0000 1.5174
820.0000 1.6616
821.0000 1.7801
822.0000 1.8740
823.0000 1.9451
824.0000 1.9963
825.0000 2.0306
826.0000 2.0513
827.0000 2.0614
828.0000 2.0636
829.0000 2.0604
830.0000 2.0537
831.0000 2.0451
832.0000 2.0359
833.0000 2.0268
834.0000 2.0186
835.0000 2.0115
836.0000 2.0056
837.0000 2.0010
838.0000 1.9975
839.0000 1.9952
840.0000 1.9937
841.0000 1.9931
842.0000 1.9929
843.0000 1.9932
844.0000 1.9938
845.0000 1.9945
846.0000 1.9952
847.0000 1.9960
848.0000 1.9967
849.0000 1.9973
850.0000 1.9979
851.0000 1.9984
852.0000 1.9988
853.0000 1.9991
854.0000 1.9993
855.0000 1.9995
856.0000 1.9996
857.0000 1.9997
858.0000 1.9998
859.0000 1.9998
860.0000 1.9999
861.0000 1.9998
862.0000 1.9998
863.0000 1.9998
864.0000 1.9997
865.0000 1.9997
866.0000 1.9997
867.0000 1.9997
868.0000 1.9997
869.0000 1.9997
870.0000 1.9996
871.0000 1.9997
872.0000 1.9997
873.0000 1.9997
874.0000 1.9998
875.0000 1.9998
876.0000 1.9998
877.0000 1.9998
878.0000 1.9998
879.0000 1.9998
880.0000 1.9998
881.0000 1.9999
882.0000 1.9999
883.0000 1.9999
884.0000 1.9998
885.0000 1.9998
886.0000 1.9999
887.0000 1.9999
888.0000 1.9998
889.0000 1.9999
890.0000 1.9999
891.0000 1.9999
892.0000 1.9999
893.0000 1.9999
894.0000 1.9999
895.0000 1.9999
896.0000 1.9999
897.0000 1.9999
898.0000 1.9999
899.0000 1.9999
900.0000 1.9999
901.0000 1.9999
902.0000 1.9999
903.0000 1.9999
904.0000 1.9999
905.0000 2.0000
906.0000 2.0000
907.0000 2.0000
908.0000 2.0000
909.0000 2.0000
910.0000 2.0000
