1.0000 0.8000
2.0000 0.8000
3.0000 0.8000
4.0000 0.8000
5.0000 0.8000
6.0000 0.8000
7.0000 0.8000
8.0000 0.8000
9.0000 0.8000
10.0000 0.8000
11.0000 0.8000
12.0000 0.8000
13.0000 0.8000
14.0000 0.8000
15.0000 0.8500
16.0000 0.8990
17.0000 0.9357
18.0000 0.9621
19.0000 0.9799
20.0000 0.9909
21.0000 0.9962
22.0000 0.9972
23.0000 0.9949
24.0000 0.9900
25.0000 0.9835
26.0000 0.9758
27.0000 0.9674
28.0000 0.9588
29.0000 0.9504
30.0000 0.9422
31.0000 0.9345
32.0000 0.9274
33.0000 0.9211
34.0000 0.9154
35.0000 0.9105
36.0000 0.9063
37.0000 0.9028
38.0000 0.9000
39.0000 0.8977
40.0000 0.8959
41.0000 0.8947
42.0000 0.8938
43.0000 0.8933
44.0000 0.8930
45.0000 0.8930
46.0000 0.8932
47.0000 0.8936
48.0000 0.8940
49.0000 0.8945
50.0000 0.8951
51.0000 0.8957
52.0000 0.8963
53.0000 0.8968
54.0000 0.8974
55.0000 0.8979
56.0000 0.8983
57.0000 0.8988
58.0000 0.8991
59.0000 0.8995
60.0000 0.8997
61.0000 0.9000
62.0000 0.9002
63.0000 0.9003
64.0000 0.9005
65.0000 0.9006
66.0000 0.9006
67.0000 0.9007
68.0000 0.9007
69.0000 0.9007
70.0000 0.9007
71.0000 0.9007
72.0000 0.9007
73.0000 0.9007
74.0000 0.9006
75.0000 0.9006
76.0000 0.9006
77.0000 0.9005
78.0000 0.9005
79.0000 0.9005
80.0000 0.9005
81.0000 0.9004
82.0000 0.9004
83.0000 0.9004
84.0000 0.9004
85.0000 0.9004
86.0000 0.9003
87.0000 0.9003
88.0000 0.9003
89.0000 0.9003
90.0000 0.9003
91.0000 0.9004
92.0000 0.9004
93.0000 0.9004
94.0000 0.9004
95.0000 0.9005
96.0000 0.9005
97.0000 0.9006
98.0000 0.9006
99.0000 0.9007
100.0000 0.9007
101.0000 0.9008
102.0000 0.9008
103.0000 0.9009
104.0000 0.9009
105.0000 0.9009
106.0000 0.9010
107.0000 0.9010
108.0000 0.9010
109.0000 0.9010
110.0000 0.9010
111.0000 0.9010
112.0000 0.9010
113.0000 0.9010
114.0000 0.9010
115.0000 0.9010
116.0000 0.9010
117.0000 0.9009
118.0000 0.9009
119.0000 0.9008
120.0000 0.9007
121.0000 0.9006
122.0000 0.9005
123.0000 0.9004
124.0000 0.9003
125.0000 0.9002
126.0000 0.9001
127.0000 0.9001
128.0000 0.9000
129.0000 0.9000
130.0000 0.8999
131.0000 0.8999
132.0000 0.8999
133.0000 0.8999
134.0000 0.8999
135.0000 0.8999
136.0000 0.9000
137.0000 0.9000
138.0000 0.9000
139.0000 0.9001
140.0000 0.9001
141.0000 0.9001
142.0000 0.9002
143.0000 0.9002
144.0000 0.9002
145.0000 0.9003
146.0000 0.9003
147.0000 0.9003
148.0000 0.9003
149.0000 0.9003
150.0000 0.9004
151.0000 0.9004
152.0000 0.9004
153.0000 0.9004
154.0000 0.9004
155.0000 0.9004
156.0000 0.9004
157.0000 0.9004
158.0000 0.9004
159.0000 0.9004
160.0000 0.9004
161.0000 0.9004
162.0000 0.9004
163.0000 0.9004
164.0000 0.9003
165.0000 0.9003
166.0000 0.9003
167.0000 0.9003
168.0000 0.9003
169.0000 0.9003
170.0000 0.9003
171.0000 0.9003
172.0000 0.9003
173.0000 0.9003
174.0000 0.9003
175.0000 0.9003
176.0000 0.9003
177.0000 0.9003
178.0000 0.9003
179.0000 0.9003
180.0000 0.9003
181.0000 0.9003
182.0000 0.9003
183.0000 0.9003
184.0000 0.9003
185.0000 0.9003
186.0000 0.9003
187.0000 0.9003
188.0000 0.9003
189.0000 0.9003
190.0000 0.9003
191.0000 0.9003
192.0000 0.9003
193.0000 0.9003
194.0000 0.9003
195.0000 0.9003
196.0000 0.9003
197.0000 0.9003
198.0000 0.9003
199.0000 0.9003
200.0000 0.9003
201.0000 0.9003
202.0000 0.9003
203.0000 0.9003
204.0000 0.9003
205.0000 0.9003
206.0000 0.9003
207.0000 0.9003
208.0000 0.9003
209.0000 0.9003
210.0000 0.9003
211.0000 0.9003
212.0000 0.9003
213.0000 0.9003
214.0000 0.9003
215.0000 0.9003
216.0000 0.9003
217.0000 0.9003
218.0000 0.9003
219.0000 0.9003
220.0000 0.9003
221.0000 0.9003
222.0000 0.9003
223.0000 0.9003
224.0000 0.9003
225.0000 0.9003
226.0000 0.9003
227.0000 0.9003
228.0000 0.9003
229.0000 0.9003
230.0000 0.9003
231.0000 0.9003
232.0000 0.9003
233.0000 0.9003
234.0000 0.9003
235.0000 0.9003
236.0000 0.9003
237.0000 0.9003
238.0000 0.9003
239.0000 0.9003
240.0000 0.9003
241.0000 0.9003
242.0000 0.9003
243.0000 0.9003
244.0000 0.9003
245.0000 0.9003
246.0000 0.9003
247.0000 0.9003
248.0000 0.9003
249.0000 0.9003
250.0000 0.9003
