1.0000 0.8000
2.0000 0.8000
3.0000 0.8000
4.0000 0.8000
5.0000 0.8000
6.0000 0.8000
7.0000 0.8000
8.0000 0.8000
9.0000 0.8000
10.0000 0.8000
11.0000 0.8000
12.0000 0.8000
13.0000 0.8000
14.0000 0.8000
15.0000 0.8500
16.0000 0.8965
17.0000 0.9330
18.0000 0.9607
19.0000 0.9808
20.0000 0.9943
21.0000 1.0000
22.0000 1.0000
23.0000 0.9995
24.0000 0.9960
25.0000 0.9902
26.0000 0.9828
27.0000 0.9742
28.0000 0.9650
29.0000 0.9555
30.0000 0.9460
31.0000 0.9369
32.0000 0.9283
33.0000 0.9203
34.0000 0.9132
35.0000 0.9069
36.0000 0.9015
37.0000 0.8970
38.0000 0.8933
39.0000 0.8905
40.0000 0.8883
41.0000 0.8869
42.0000 0.8860
43.0000 0.8856
44.0000 0.8857
45.0000 0.8861
46.0000 0.8868
47.0000 0.8877
48.0000 0.8887
49.0000 0.8899
50.0000 0.8911
51.0000 0.8923
52.0000 0.8936
53.0000 0.8947
54.0000 0.8958
55.0000 0.8968
56.0000 0.8977
57.0000 0.8985
58.0000 0.8993
59.0000 0.8999
60.0000 0.9004
61.0000 0.9008
62.0000 0.9011
63.0000 0.9014
64.0000 0.9015
65.0000 0.9017
66.0000 0.9017
67.0000 0.9017
68.0000 0.9017
69.0000 0.9016
70.0000 0.9016
71.0000 0.9015
72.0000 0.9014
73.0000 0.9012
74.0000 0.9011
75.0000 0.9010
76.0000 0.9009
77.0000 0.9008
78.0000 0.9007
79.0000 0.9006
80.0000 0.9005
81.0000 0.9004
82.0000 0.9004
83.0000 0.9003
84.0000 0.9003
85.0000 0.9002
86.0000 0.9002
87.0000 0.9002
88.0000 0.9002
89.0000 0.9002
90.0000 0.9002
91.0000 0.9002
92.0000 0.9002
93.0000 0.9003
94.0000 0.9003
95.0000 0.9003
96.0000 0.9004
97.0000 0.9004
98.0000 0.9005
99.0000 0.9006
100.0000 0.9006
101.0000 0.9007
102.0000 0.9007
103.0000 0.9008
104.0000 0.9009
105.0000 0.9009
106.0000 0.9010
107.0000 0.9010
108.0000 0.9011
109.0000 0.9011
110.0000 0.9011
111.0000 0.9011
112.0000 0.9011
113.0000 0.9011
114.0000 0.9011
115.0000 0.9011
116.0000 0.9011
117.0000 0.9010
118.0000 0.9010
119.0000 0.9009
120.0000 0.9008
121.0000 0.9007
122.0000 0.9006
123.0000 0.9004
124.0000 0.9003
125.0000 0.9002
126.0000 0.9001
127.0000 0.9000
128.0000 0.9000
129.0000 0.8999
130.0000 0.8999
131.0000 0.8998
132.0000 0.8998
133.0000 0.8998
134.0000 0.8998
135.0000 0.8998
136.0000 0.8999
137.0000 0.8999
138.0000 0.8999
139.0000 0.9000
140.0000 0.9000
141.0000 0.9001
142.0000 0.9001
143.0000 0.9002
144.0000 0.9002
145.0000 0.9003
146.0000 0.9003
147.0000 0.9003
148.0000 0.9004
149.0000 0.9004
150.0000 0.9004
151.0000 0.9004
152.0000 0.9004
153.0000 0.9004
154.0000 0.9004
155.0000 0.9004
156.0000 0.9004
157.0000 0.9004
158.0000 0.9004
159.0000 0.9004
160.0000 0.9004
161.0000 0.9004
162.0000 0.9004
163.0000 0.9004
164.0000 0.9004
165.0000 0.9004
166.0000 0.9003
167.0000 0.9003
168.0000 0.9003
169.0000 0.9003
170.0000 0.9003
171.0000 0.9003
172.0000 0.9003
173.0000 0.9003
174.0000 0.9003
175.0000 0.9003
176.0000 0.9003
177.0000 0.9003
178.0000 0.9003
179.0000 0.9003
180.0000 0.9003
181.0000 0.9003
182.0000 0.9003
183.0000 0.9003
184.0000 0.9003
185.0000 0.9003
186.0000 0.9003
187.0000 0.9003
188.0000 0.9003
189.0000 0.9003
190.0000 0.9003
191.0000 0.9003
192.0000 0.9003
193.0000 0.9003
194.0000 0.9003
195.0000 0.9003
196.0000 0.9003
197.0000 0.9003
198.0000 0.9003
199.0000 0.9003
200.0000 0.9003
201.0000 0.9003
202.0000 0.9003
203.0000 0.9003
204.0000 0.9003
205.0000 0.9003
206.0000 0.9003
207.0000 0.9003
208.0000 0.9003
209.0000 0.9003
210.0000 0.9003
211.0000 0.9003
212.0000 0.9003
213.0000 0.9003
214.0000 0.9003
215.0000 0.9003
216.0000 0.9003
217.0000 0.9003
218.0000 0.9003
219.0000 0.9003
220.0000 0.9003
221.0000 0.9003
222.0000 0.9003
223.0000 0.9003
224.0000 0.9003
225.0000 0.9003
226.0000 0.9003
227.0000 0.9003
228.0000 0.9003
229.0000 0.9003
230.0000 0.9003
231.0000 0.9003
232.0000 0.9003
233.0000 0.9003
234.0000 0.9003
235.0000 0.9003
236.0000 0.9003
237.0000 0.9003
238.0000 0.9003
239.0000 0.9003
240.0000 0.9003
241.0000 0.9003
242.0000 0.9003
243.0000 0.9003
244.0000 0.9003
245.0000 0.9003
246.0000 0.9003
247.0000 0.9003
248.0000 0.9003
249.0000 0.9003
250.0000 0.9003
