1.0000 5.0000
2.0000 5.0000
3.0000 5.0000
4.0000 5.0000
5.0000 5.0000
6.0000 5.0000
7.0000 5.0000
8.0000 5.0000
9.0000 5.0000
10.0000 5.0000
11.0000 5.0000
12.0000 5.0000
13.0000 5.0000
14.0000 5.0000
15.0000 5.0000
16.0000 5.0000
17.0000 5.0000
18.0000 5.0000
19.0000 5.0000
20.0000 5.0000
21.0000 5.0000
22.0000 5.0000
23.0000 5.0000
24.0000 5.0000
25.0000 5.0004
26.0000 5.0021
27.0000 5.0053
28.0000 5.0105
29.0000 5.0174
30.0000 5.0262
31.0000 5.0364
32.0000 5.0478
33.0000 5.0600
34.0000 5.0728
35.0000 5.0859
36.0000 5.0989
37.0000 5.1117
38.0000 5.1240
39.0000 5.1356
40.0000 5.1464
41.0000 5.1564
42.0000 5.1654
43.0000 5.1734
44.0000 5.1804
45.0000 5.1864
46.0000 5.1914
47.0000 5.1956
48.0000 5.1989
49.0000 5.2015
50.0000 5.2033
51.0000 5.2046
52.0000 5.2054
53.0000 5.2057
54.0000 5.2056
55.0000 5.2053
56.0000 5.2048
57.0000 5.2040
58.0000 5.2032
59.0000 5.2024
60.0000 5.2015
61.0000 5.2006
62.0000 5.1997
63.0000 5.1989
64.0000 5.1982
65.0000 5.1976
66.0000 5.1970
67.0000 5.1966
68.0000 5.1962
69.0000 5.1959
70.0000 5.1957
71.0000 5.1956
72.0000 5.1956
73.0000 5.1956
74.0000 5.1957
75.0000 5.1958
76.0000 5.1959
77.0000 5.1961
78.0000 5.1963
79.0000 5.1965
80.0000 5.1968
81.0000 5.1970
82.0000 5.1973
83.0000 5.1975
84.0000 5.1977
85.0000 5.1979
86.0000 5.1981
87.0000 5.1983
88.0000 5.1985
89.0000 5.1986
90.0000 5.1988
91.0000 5.1989
92.0000 5.1990
93.0000 5.1991
94.0000 5.1992
95.0000 5.1993
96.0000 5.1994
97.0000 5.1994
98.0000 5.1995
99.0000 5.1995
100.0000 5.1996
101.0000 5.1996
102.0000 5.1996
103.0000 5.1996
104.0000 5.1997
105.0000 5.1997
106.0000 5.1997
107.0000 5.1997
108.0000 5.1998
109.0000 5.1998
110.0000 5.1998
111.0000 5.1998
112.0000 5.1999
113.0000 5.1999
114.0000 5.1999
115.0000 5.2000
116.0000 5.2000
117.0000 5.2001
118.0000 5.2001
119.0000 5.2002
120.0000 5.2002
121.0000 5.2003
122.0000 5.2003
123.0000 5.2004
124.0000 5.2004
125.0000 5.2005
126.0000 5.2005
127.0000 5.2006
128.0000 5.2006
129.0000 5.2007
130.0000 5.2007
131.0000 5.2008
132.0000 5.2008
133.0000 5.2008
134.0000 5.2008
135.0000 5.2008
136.0000 5.2008
137.0000 5.2008
138.0000 5.2007
139.0000 5.2007
140.0000 5.2007
141.0000 5.2006
142.0000 5.2006
143.0000 5.2005
144.0000 5.2004
145.0000 5.2004
146.0000 5.2003
147.0000 5.2003
148.0000 5.2002
149.0000 5.2002
150.0000 5.2001
151.0000 5.2001
152.0000 5.2000
153.0000 5.2000
154.0000 5.2000
155.0000 5.1999
156.0000 5.1999
157.0000 5.1999
158.0000 5.1999
159.0000 5.1999
160.0000 5.1999
161.0000 5.1999
162.0000 5.1999
163.0000 5.1999
164.0000 5.1999
165.0000 5.1999
166.0000 5.1999
167.0000 5.1999
168.0000 5.1999
169.0000 5.1999
170.0000 5.2000
171.0000 5.2000
172.0000 5.2000
173.0000 5.2000
174.0000 5.2000
175.0000 5.2000
176.0000 5.2000
177.0000 5.2000
178.0000 5.2000
179.0000 5.2000
180.0000 5.2000
181.0000 5.2000
182.0000 5.2000
183.0000 5.2000
184.0000 5.2000
185.0000 5.2000
186.0000 5.2000
187.0000 5.2000
188.0000 5.2000
189.0000 5.2000
190.0000 5.2000
191.0000 5.2000
192.0000 5.2000
193.0000 5.2000
194.0000 5.2000
195.0000 5.2000
196.0000 5.2000
197.0000 5.2000
198.0000 5.2000
199.0000 5.2000
200.0000 5.2000
201.0000 5.2000
202.0000 5.2000
203.0000 5.2000
204.0000 5.2000
205.0000 5.2000
206.0000 5.2000
207.0000 5.2000
208.0000 5.2000
209.0000 5.2000
210.0000 5.2000
211.0000 5.2000
212.0000 5.2000
213.0000 5.2000
214.0000 5.2000
215.0000 5.2000
216.0000 5.2000
217.0000 5.2000
218.0000 5.2000
219.0000 5.2000
220.0000 5.2000
221.0000 5.2000
222.0000 5.2000
223.0000 5.2000
224.0000 5.2000
225.0000 5.2000
226.0000 5.2000
227.0000 5.2000
228.0000 5.2000
229.0000 5.2000
230.0000 5.2000
231.0000 5.2000
232.0000 5.2000
233.0000 5.2000
234.0000 5.2000
235.0000 5.2000
236.0000 5.2000
237.0000 5.2000
238.0000 5.2000
239.0000 5.2000
240.0000 5.2000
241.0000 5.2000
242.0000 5.2000
243.0000 5.2000
244.0000 5.2000
245.0000 5.2000
246.0000 5.2000
247.0000 5.2000
248.0000 5.2000
249.0000 5.2000
250.0000 5.2000
