1.0000 5.0000
2.0000 5.0000
3.0000 5.0000
4.0000 5.0000
5.0000 5.0000
6.0000 5.0000
7.0000 5.0000
8.0000 5.0000
9.0000 5.0000
10.0000 5.0000
11.0000 5.0000
12.0000 5.0000
13.0000 5.0000
14.0000 5.0000
15.0000 5.0000
16.0000 5.0000
17.0000 5.0000
18.0000 5.0000
19.0000 5.0000
20.0000 5.0000
21.0000 5.0000
22.0000 5.0000
23.0000 5.0000
24.0000 5.0000
25.0000 5.0004
26.0000 5.0021
27.0000 5.0056
28.0000 5.0113
29.0000 5.0193
30.0000 5.0290
31.0000 5.0398
32.0000 5.0513
33.0000 5.0630
34.0000 5.0745
35.0000 5.0858
36.0000 5.0965
37.0000 5.1066
38.0000 5.1160
39.0000 5.1247
40.0000 5.1326
41.0000 5.1398
42.0000 5.1462
43.0000 5.1520
44.0000 5.1572
45.0000 5.1618
46.0000 5.1658
47.0000 5.1694
48.0000 5.1725
49.0000 5.1753
50.0000 5.1777
51.0000 5.1798
52.0000 5.1817
53.0000 5.1833
54.0000 5.1847
55.0000 5.1859
56.0000 5.1870
57.0000 5.1880
58.0000 5.1889
59.0000 5.1896
60.0000 5.1903
61.0000 5.1909
62.0000 5.1915
63.0000 5.1920
64.0000 5.1925
65.0000 5.1929
66.0000 5.1933
67.0000 5.1936
68.0000 5.1940
69.0000 5.1943
70.0000 5.1946
71.0000 5.1949
72.0000 5.1952
73.0000 5.1954
74.0000 5.1957
75.0000 5.1959
76.0000 5.1961
77.0000 5.1963
78.0000 5.1965
79.0000 5.1967
80.0000 5.1969
81.0000 5.1971
82.0000 5.1972
83.0000 5.1974
84.0000 5.1975
85.0000 5.1977
86.0000 5.1978
87.0000 5.1979
88.0000 5.1980
89.0000 5.1982
90.0000 5.1983
91.0000 5.1984
92.0000 5.1985
93.0000 5.1986
94.0000 5.1986
95.0000 5.1987
96.0000 5.1988
97.0000 5.1989
98.0000 5.1989
99.0000 5.1990
100.0000 5.1991
101.0000 5.1991
102.0000 5.1992
103.0000 5.1993
104.0000 5.1993
105.0000 5.1994
106.0000 5.1994
107.0000 5.1995
108.0000 5.1995
109.0000 5.1996
110.0000 5.1997
111.0000 5.1997
112.0000 5.1998
113.0000 5.1999
114.0000 5.1999
115.0000 5.2000
116.0000 5.2000
117.0000 5.2001
118.0000 5.2002
119.0000 5.2002
120.0000 5.2003
121.0000 5.2003
122.0000 5.2004
123.0000 5.2004
124.0000 5.2004
125.0000 5.2005
126.0000 5.2005
127.0000 5.2006
128.0000 5.2006
129.0000 5.2006
130.0000 5.2006
131.0000 5.2006
132.0000 5.2006
133.0000 5.2006
134.0000 5.2006
135.0000 5.2006
136.0000 5.2006
137.0000 5.2006
138.0000 5.2005
139.0000 5.2005
140.0000 5.2005
141.0000 5.2004
142.0000 5.2004
143.0000 5.2004
144.0000 5.2003
145.0000 5.2003
146.0000 5.2003
147.0000 5.2002
148.0000 5.2002
149.0000 5.2002
150.0000 5.2002
151.0000 5.2002
152.0000 5.2001
153.0000 5.2001
154.0000 5.2001
155.0000 5.2001
156.0000 5.2001
157.0000 5.2001
158.0000 5.2001
159.0000 5.2001
160.0000 5.2001
161.0000 5.2000
162.0000 5.2000
163.0000 5.2000
164.0000 5.2000
165.0000 5.2000
166.0000 5.2000
167.0000 5.2000
168.0000 5.2000
169.0000 5.2000
170.0000 5.2000
171.0000 5.2000
172.0000 5.2000
173.0000 5.2000
174.0000 5.2000
175.0000 5.2000
176.0000 5.2000
177.0000 5.2000
178.0000 5.2000
179.0000 5.2000
180.0000 5.2000
181.0000 5.2000
182.0000 5.2000
183.0000 5.2000
184.0000 5.2000
185.0000 5.2000
186.0000 5.2000
187.0000 5.2000
188.0000 5.2000
189.0000 5.2000
190.0000 5.2000
191.0000 5.2000
192.0000 5.2000
193.0000 5.2000
194.0000 5.2000
195.0000 5.2000
196.0000 5.2000
197.0000 5.2000
198.0000 5.2000
199.0000 5.2000
200.0000 5.2000
201.0000 5.2000
202.0000 5.2000
203.0000 5.2000
204.0000 5.2000
205.0000 5.2000
206.0000 5.2000
207.0000 5.2000
208.0000 5.2000
209.0000 5.2000
210.0000 5.2000
211.0000 5.2000
212.0000 5.2000
213.0000 5.2000
214.0000 5.2000
215.0000 5.2000
216.0000 5.2000
217.0000 5.2000
218.0000 5.2000
219.0000 5.2000
220.0000 5.2000
221.0000 5.2000
222.0000 5.2000
223.0000 5.2000
224.0000 5.2000
225.0000 5.2000
226.0000 5.2000
227.0000 5.2000
228.0000 5.2000
229.0000 5.2000
230.0000 5.2000
231.0000 5.2000
232.0000 5.2000
233.0000 5.2000
234.0000 5.2000
235.0000 5.2000
236.0000 5.2000
237.0000 5.2000
238.0000 5.2000
239.0000 5.2000
240.0000 5.2000
241.0000 5.2000
242.0000 5.2000
243.0000 5.2000
244.0000 5.2000
245.0000 5.2000
246.0000 5.2000
247.0000 5.2000
248.0000 5.2000
249.0000 5.2000
250.0000 5.2000
