1.0000 5.0000
2.0000 5.0000
3.0000 5.0000
4.0000 5.0000
5.0000 5.0000
6.0000 5.0000
7.0000 5.0000
8.0000 5.0000
9.0000 5.0000
10.0000 5.0000
11.0000 5.0000
12.0000 5.0000
13.0000 5.0000
14.0000 5.0000
15.0000 5.0000
16.0000 5.0000
17.0000 5.0000
18.0000 5.0000
19.0000 5.0000
20.0000 5.0000
21.0000 5.0000
22.0000 5.0000
23.0000 5.0000
24.0000 5.0000
25.0000 5.0004
26.0000 5.0021
27.0000 5.0053
28.0000 5.0105
29.0000 5.0175
30.0000 5.0263
31.0000 5.0365
32.0000 5.0480
33.0000 5.0603
34.0000 5.0731
35.0000 5.0861
36.0000 5.0992
37.0000 5.1119
38.0000 5.1242
39.0000 5.1359
40.0000 5.1467
41.0000 5.1566
42.0000 5.1655
43.0000 5.1734
44.0000 5.1803
45.0000 5.1862
46.0000 5.1912
47.0000 5.1952
48.0000 5.1984
49.0000 5.2008
50.0000 5.2025
51.0000 5.2036
52.0000 5.2042
53.0000 5.2044
54.0000 5.2042
55.0000 5.2038
56.0000 5.2031
57.0000 5.2023
58.0000 5.2014
59.0000 5.2005
60.0000 5.1996
61.0000 5.1987
62.0000 5.1978
63.0000 5.1970
64.0000 5.1963
65.0000 5.1957
66.0000 5.1952
67.0000 5.1948
68.0000 5.1945
69.0000 5.1943
70.0000 5.1942
71.0000 5.1942
72.0000 5.1942
73.0000 5.1943
74.0000 5.1945
75.0000 5.1947
76.0000 5.1949
77.0000 5.1952
78.0000 5.1954
79.0000 5.1957
80.0000 5.1960
81.0000 5.1963
82.0000 5.1966
83.0000 5.1969
84.0000 5.1972
85.0000 5.1975
86.0000 5.1977
87.0000 5.1979
88.0000 5.1981
89.0000 5.1983
90.0000 5.1985
91.0000 5.1986
92.0000 5.1988
93.0000 5.1989
94.0000 5.1990
95.0000 5.1991
96.0000 5.1992
97.0000 5.1993
98.0000 5.1993
99.0000 5.1994
100.0000 5.1994
101.0000 5.1994
102.0000 5.1995
103.0000 5.1995
104.0000 5.1995
105.0000 5.1996
106.0000 5.1996
107.0000 5.1996
108.0000 5.1996
109.0000 5.1997
110.0000 5.1997
111.0000 5.1997
112.0000 5.1998
113.0000 5.1998
114.0000 5.1998
115.0000 5.1999
116.0000 5.1999
117.0000 5.2000
118.0000 5.2000
119.0000 5.2001
120.0000 5.2002
121.0000 5.2002
122.0000 5.2003
123.0000 5.2003
124.0000 5.2004
125.0000 5.2005
126.0000 5.2005
127.0000 5.2006
128.0000 5.2006
129.0000 5.2007
130.0000 5.2007
131.0000 5.2007
132.0000 5.2008
133.0000 5.2008
134.0000 5.2008
135.0000 5.2008
136.0000 5.2008
137.0000 5.2008
138.0000 5.2007
139.0000 5.2007
140.0000 5.2007
141.0000 5.2006
142.0000 5.2006
143.0000 5.2005
144.0000 5.2004
145.0000 5.2004
146.0000 5.2003
147.0000 5.2003
148.0000 5.2002
149.0000 5.2001
150.0000 5.2001
151.0000 5.2000
152.0000 5.2000
153.0000 5.2000
154.0000 5.1999
155.0000 5.1999
156.0000 5.1999
157.0000 5.1999
158.0000 5.1999
159.0000 5.1999
160.0000 5.1999
161.0000 5.1999
162.0000 5.1999
163.0000 5.1999
164.0000 5.1999
165.0000 5.1999
166.0000 5.1999
167.0000 5.1999
168.0000 5.1999
169.0000 5.1999
170.0000 5.2000
171.0000 5.2000
172.0000 5.2000
173.0000 5.2000
174.0000 5.2000
175.0000 5.2000
176.0000 5.2000
177.0000 5.2000
178.0000 5.2000
179.0000 5.2000
180.0000 5.2000
181.0000 5.2000
182.0000 5.2000
183.0000 5.2000
184.0000 5.2000
185.0000 5.2000
186.0000 5.2000
187.0000 5.2000
188.0000 5.2000
189.0000 5.2000
190.0000 5.2000
191.0000 5.2000
192.0000 5.2000
193.0000 5.2000
194.0000 5.2000
195.0000 5.2000
196.0000 5.2000
197.0000 5.2000
198.0000 5.2000
199.0000 5.2000
200.0000 5.2000
201.0000 5.2000
202.0000 5.2000
203.0000 5.2000
204.0000 5.2000
205.0000 5.2000
206.0000 5.2000
207.0000 5.2000
208.0000 5.2000
209.0000 5.2000
210.0000 5.2000
211.0000 5.2000
212.0000 5.2000
213.0000 5.2000
214.0000 5.2000
215.0000 5.2000
216.0000 5.2000
217.0000 5.2000
218.0000 5.2000
219.0000 5.2000
220.0000 5.2000
221.0000 5.2000
222.0000 5.2000
223.0000 5.2000
224.0000 5.2000
225.0000 5.2000
226.0000 5.2000
227.0000 5.2000
228.0000 5.2000
229.0000 5.2000
230.0000 5.2000
231.0000 5.2000
232.0000 5.2000
233.0000 5.2000
234.0000 5.2000
235.0000 5.2000
236.0000 5.2000
237.0000 5.2000
238.0000 5.2000
239.0000 5.2000
240.0000 5.2000
241.0000 5.2000
242.0000 5.2000
243.0000 5.2000
244.0000 5.2000
245.0000 5.2000
246.0000 5.2000
247.0000 5.2000
248.0000 5.2000
249.0000 5.2000
250.0000 5.2000
