1.0000 0.8000
2.0000 0.8000
3.0000 0.8000
4.0000 0.8000
5.0000 0.8000
6.0000 0.8000
7.0000 0.8000
8.0000 0.8000
9.0000 0.8000
10.0000 0.8000
11.0000 0.8000
12.0000 0.8000
13.0000 0.8000
14.0000 0.8000
15.0000 0.8500
16.0000 0.8000
17.0000 0.8065
18.0000 0.8129
19.0000 0.8194
20.0000 0.8258
21.0000 0.8323
22.0000 0.8388
23.0000 0.8452
24.0000 0.8517
25.0000 0.8571
26.0000 0.8624
27.0000 0.8685
28.0000 0.8743
29.0000 0.8798
30.0000 0.8850
31.0000 0.8899
32.0000 0.8944
33.0000 0.8986
34.0000 0.9023
35.0000 0.9056
36.0000 0.9085
37.0000 0.9111
38.0000 0.9132
39.0000 0.9149
40.0000 0.9162
41.0000 0.9172
42.0000 0.9178
43.0000 0.9180
44.0000 0.9179
45.0000 0.9175
46.0000 0.9168
47.0000 0.9159
48.0000 0.9148
49.0000 0.9135
50.0000 0.9120
51.0000 0.9104
52.0000 0.9087
53.0000 0.9069
54.0000 0.9051
55.0000 0.9033
56.0000 0.9015
57.0000 0.8997
58.0000 0.8979
59.0000 0.8962
60.0000 0.8946
61.0000 0.8931
62.0000 0.8917
63.0000 0.8905
64.0000 0.8893
65.0000 0.8884
66.0000 0.8875
67.0000 0.8868
68.0000 0.8863
69.0000 0.8859
70.0000 0.8857
71.0000 0.8855
72.0000 0.8856
73.0000 0.8857
74.0000 0.8860
75.0000 0.8864
76.0000 0.8869
77.0000 0.8875
78.0000 0.8881
79.0000 0.8889
80.0000 0.8897
81.0000 0.8905
82.0000 0.8914
83.0000 0.8923
84.0000 0.8932
85.0000 0.8941
86.0000 0.8950
87.0000 0.8959
88.0000 0.8968
89.0000 0.8977
90.0000 0.8985
91.0000 0.8992
92.0000 0.9000
93.0000 0.9006
94.0000 0.9012
95.0000 0.9018
96.0000 0.9023
97.0000 0.9027
98.0000 0.9030
99.0000 0.9033
100.0000 0.9036
101.0000 0.9037
102.0000 0.9038
103.0000 0.9039
104.0000 0.9039
105.0000 0.9038
106.0000 0.9037
107.0000 0.9036
108.0000 0.9034
109.0000 0.9032
110.0000 0.9030
111.0000 0.9027
112.0000 0.9024
113.0000 0.9021
114.0000 0.9018
115.0000 0.9015
116.0000 0.9012
117.0000 0.9009
118.0000 0.9006
119.0000 0.9003
120.0000 0.9000
121.0000 0.8998
122.0000 0.8995
123.0000 0.8993
124.0000 0.8991
125.0000 0.8989
126.0000 0.8987
127.0000 0.8986
128.0000 0.8984
129.0000 0.8984
130.0000 0.8983
131.0000 0.8982
132.0000 0.8982
133.0000 0.8982
134.0000 0.8982
135.0000 0.8983
136.0000 0.8983
137.0000 0.8984
138.0000 0.8985
139.0000 0.8986
140.0000 0.8987
141.0000 0.8988
142.0000 0.8989
143.0000 0.8991
144.0000 0.8992
145.0000 0.8994
146.0000 0.8995
147.0000 0.8996
148.0000 0.8998
149.0000 0.8999
150.0000 0.9000
151.0000 0.9002
152.0000 0.9003
153.0000 0.9004
154.0000 0.9005
155.0000 0.9006
156.0000 0.9007
157.0000 0.9007
158.0000 0.9008
159.0000 0.9008
160.0000 0.9009
161.0000 0.9009
162.0000 0.9009
163.0000 0.9010
164.0000 0.9010
165.0000 0.9010
166.0000 0.9009
167.0000 0.9009
168.0000 0.9009
169.0000 0.9009
170.0000 0.9008
171.0000 0.9008
172.0000 0.9007
173.0000 0.9007
174.0000 0.9007
175.0000 0.9006
176.0000 0.9006
177.0000 0.9005
178.0000 0.9004
179.0000 0.9004
180.0000 0.9004
181.0000 0.9003
182.0000 0.9003
183.0000 0.9002
184.0000 0.9002
185.0000 0.9001
186.0000 0.9001
187.0000 0.9001
188.0000 0.9001
189.0000 0.9000
190.0000 0.9000
191.0000 0.9000
192.0000 0.9000
193.0000 0.9000
194.0000 0.9000
195.0000 0.9000
196.0000 0.9000
197.0000 0.9000
198.0000 0.9000
199.0000 0.9000
200.0000 0.9001
201.0000 0.9001
202.0000 0.9001
203.0000 0.9001
204.0000 0.9001
205.0000 0.9002
206.0000 0.9002
207.0000 0.9002
208.0000 0.9002
209.0000 0.9002
210.0000 0.9003
211.0000 0.9003
212.0000 0.9003
213.0000 0.9003
214.0000 0.9003
215.0000 0.9004
216.0000 0.9004
217.0000 0.9004
218.0000 0.9004
219.0000 0.9004
220.0000 0.9004
221.0000 0.9004
222.0000 0.9004
223.0000 0.9004
224.0000 0.9004
225.0000 0.9004
226.0000 0.9004
227.0000 0.9004
228.0000 0.9004
229.0000 0.9004
230.0000 0.9004
231.0000 0.9004
232.0000 0.9004
233.0000 0.9004
234.0000 0.9004
235.0000 0.9004
236.0000 0.9004
237.0000 0.9004
238.0000 0.9004
239.0000 0.9003
240.0000 0.9003
241.0000 0.9003
242.0000 0.9003
243.0000 0.9003
244.0000 0.9003
245.0000 0.9003
246.0000 0.9003
247.0000 0.9003
248.0000 0.9003
249.0000 0.9003
250.0000 0.9003
