1.0000 0.8000
2.0000 0.8000
3.0000 0.8000
4.0000 0.8000
5.0000 0.8000
6.0000 0.8000
7.0000 0.8000
8.0000 0.8000
9.0000 0.8000
10.0000 0.8000
11.0000 0.8000
12.0000 0.8000
13.0000 0.8000
14.0000 0.8000
15.0000 0.8500
16.0000 0.8000
17.0000 0.8065
18.0000 0.8129
19.0000 0.8194
20.0000 0.8258
21.0000 0.8323
22.0000 0.8387
23.0000 0.8452
24.0000 0.8517
25.0000 0.8523
26.0000 0.8541
27.0000 0.8612
28.0000 0.8668
29.0000 0.8709
30.0000 0.8739
31.0000 0.8759
32.0000 0.8770
33.0000 0.8773
34.0000 0.8769
35.0000 0.8766
36.0000 0.8767
37.0000 0.8766
38.0000 0.8758
39.0000 0.8747
40.0000 0.8737
41.0000 0.8728
42.0000 0.8724
43.0000 0.8725
44.0000 0.8731
45.0000 0.8743
46.0000 0.8759
47.0000 0.8778
48.0000 0.8800
49.0000 0.8826
50.0000 0.8855
51.0000 0.8888
52.0000 0.8921
53.0000 0.8955
54.0000 0.8987
55.0000 0.9016
56.0000 0.9043
57.0000 0.9066
58.0000 0.9084
59.0000 0.9098
60.0000 0.9108
61.0000 0.9112
62.0000 0.9112
63.0000 0.9107
64.0000 0.9099
65.0000 0.9087
66.0000 0.9074
67.0000 0.9059
68.0000 0.9044
69.0000 0.9029
70.0000 0.9016
71.0000 0.9005
72.0000 0.8996
73.0000 0.8991
74.0000 0.8989
75.0000 0.8991
76.0000 0.8996
77.0000 0.9005
78.0000 0.9017
79.0000 0.9031
80.0000 0.9048
81.0000 0.9065
82.0000 0.9083
83.0000 0.9101
84.0000 0.9117
85.0000 0.9132
86.0000 0.9144
87.0000 0.9153
88.0000 0.9160
89.0000 0.9162
90.0000 0.9162
91.0000 0.9157
92.0000 0.9150
93.0000 0.9140
94.0000 0.9128
95.0000 0.9113
96.0000 0.9098
97.0000 0.9083
98.0000 0.9067
99.0000 0.9053
100.0000 0.9040
101.0000 0.9029
102.0000 0.9021
103.0000 0.9015
104.0000 0.9012
105.0000 0.9012
106.0000 0.9014
107.0000 0.9020
108.0000 0.9027
109.0000 0.9036
110.0000 0.9046
111.0000 0.9057
112.0000 0.9068
113.0000 0.9079
114.0000 0.9088
115.0000 0.9096
116.0000 0.9102
117.0000 0.9106
118.0000 0.9108
119.0000 0.9107
120.0000 0.9103
121.0000 0.9097
122.0000 0.9090
123.0000 0.9080
124.0000 0.9069
125.0000 0.9057
126.0000 0.9045
127.0000 0.9032
128.0000 0.9021
129.0000 0.9010
130.0000 0.9001
131.0000 0.8993
132.0000 0.8988
133.0000 0.8984
134.0000 0.8983
135.0000 0.8984
136.0000 0.8987
137.0000 0.8992
138.0000 0.8998
139.0000 0.9005
140.0000 0.9013
141.0000 0.9021
142.0000 0.9029
143.0000 0.9037
144.0000 0.9044
145.0000 0.9049
146.0000 0.9053
147.0000 0.9055
148.0000 0.9055
149.0000 0.9054
150.0000 0.9050
151.0000 0.9045
152.0000 0.9039
153.0000 0.9031
154.0000 0.9023
155.0000 0.9015
156.0000 0.9006
157.0000 0.8997
158.0000 0.8990
159.0000 0.8983
160.0000 0.8977
161.0000 0.8973
162.0000 0.8970
163.0000 0.8969
164.0000 0.8970
165.0000 0.8972
166.0000 0.8975
167.0000 0.8980
168.0000 0.8986
169.0000 0.8992
170.0000 0.8999
171.0000 0.9005
172.0000 0.9011
173.0000 0.9017
174.0000 0.9022
175.0000 0.9026
176.0000 0.9028
177.0000 0.9030
178.0000 0.9029
179.0000 0.9028
180.0000 0.9025
181.0000 0.9021
182.0000 0.9017
183.0000 0.9011
184.0000 0.9005
185.0000 0.8999
186.0000 0.8993
187.0000 0.8987
188.0000 0.8982
189.0000 0.8978
190.0000 0.8975
191.0000 0.8973
192.0000 0.8972
193.0000 0.8972
194.0000 0.8974
195.0000 0.8976
196.0000 0.8980
197.0000 0.8984
198.0000 0.8989
199.0000 0.8994
200.0000 0.8999
201.0000 0.9004
202.0000 0.9009
203.0000 0.9013
204.0000 0.9017
205.0000 0.9019
206.0000 0.9021
207.0000 0.9021
208.0000 0.9021
209.0000 0.9019
210.0000 0.9017
211.0000 0.9014
212.0000 0.9010
213.0000 0.9006
214.0000 0.9001
215.0000 0.8997
216.0000 0.8993
217.0000 0.8989
218.0000 0.8986
219.0000 0.8983
220.0000 0.8982
221.0000 0.8981
222.0000 0.8981
223.0000 0.8982
224.0000 0.8983
225.0000 0.8986
226.0000 0.8989
227.0000 0.8992
228.0000 0.8996
229.0000 0.9000
230.0000 0.9004
231.0000 0.9008
232.0000 0.9011
233.0000 0.9014
234.0000 0.9016
235.0000 0.9017
236.0000 0.9018
237.0000 0.9018
238.0000 0.9017
239.0000 0.9016
240.0000 0.9014
241.0000 0.9011
242.0000 0.9008
243.0000 0.9005
244.0000 0.9002
245.0000 0.8998
246.0000 0.8995
247.0000 0.8993
248.0000 0.8991
249.0000 0.8989
250.0000 0.8988
