1.0000 0.8000
2.0000 0.8000
3.0000 0.8000
4.0000 0.8000
5.0000 0.8000
6.0000 0.8000
7.0000 0.8000
8.0000 0.8000
9.0000 0.8000
10.0000 0.8000
11.0000 0.8000
12.0000 0.8000
13.0000 0.8000
14.0000 0.8000
15.0000 0.8500
16.0000 0.8552
17.0000 0.8603
18.0000 0.8655
19.0000 0.8707
20.0000 0.8758
21.0000 0.8810
22.0000 0.8862
23.0000 0.8913
24.0000 0.8965
25.0000 0.9013
26.0000 0.9055
27.0000 0.9090
28.0000 0.9120
29.0000 0.9144
30.0000 0.9164
31.0000 0.9178
32.0000 0.9187
33.0000 0.9192
34.0000 0.9192
35.0000 0.9189
36.0000 0.9181
37.0000 0.9170
38.0000 0.9155
39.0000 0.9137
40.0000 0.9117
41.0000 0.9094
42.0000 0.9070
43.0000 0.9044
44.0000 0.9017
45.0000 0.8989
46.0000 0.8961
47.0000 0.8933
48.0000 0.8905
49.0000 0.8878
50.0000 0.8852
51.0000 0.8827
52.0000 0.8803
53.0000 0.8782
54.0000 0.8762
55.0000 0.8744
56.0000 0.8729
57.0000 0.8716
58.0000 0.8705
59.0000 0.8697
60.0000 0.8691
61.0000 0.8688
62.0000 0.8687
63.0000 0.8688
64.0000 0.8692
65.0000 0.8697
66.0000 0.8705
67.0000 0.8715
68.0000 0.8726
69.0000 0.8739
70.0000 0.8754
71.0000 0.8769
72.0000 0.8786
73.0000 0.8804
74.0000 0.8822
75.0000 0.8840
76.0000 0.8859
77.0000 0.8877
78.0000 0.8896
79.0000 0.8914
80.0000 0.8932
81.0000 0.8949
82.0000 0.8965
83.0000 0.8981
84.0000 0.8995
85.0000 0.9009
86.0000 0.9021
87.0000 0.9032
88.0000 0.9042
89.0000 0.9050
90.0000 0.9057
91.0000 0.9062
92.0000 0.9067
93.0000 0.9070
94.0000 0.9071
95.0000 0.9072
96.0000 0.9071
97.0000 0.9069
98.0000 0.9066
99.0000 0.9062
100.0000 0.9058
101.0000 0.9052
102.0000 0.9046
103.0000 0.9040
104.0000 0.9032
105.0000 0.9025
106.0000 0.9017
107.0000 0.9009
108.0000 0.9001
109.0000 0.8993
110.0000 0.8986
111.0000 0.8978
112.0000 0.8971
113.0000 0.8964
114.0000 0.8958
115.0000 0.8952
116.0000 0.8946
117.0000 0.8942
118.0000 0.8937
119.0000 0.8934
120.0000 0.8931
121.0000 0.8929
122.0000 0.8927
123.0000 0.8926
124.0000 0.8926
125.0000 0.8926
126.0000 0.8927
127.0000 0.8929
128.0000 0.8931
129.0000 0.8933
130.0000 0.8937
131.0000 0.8940
132.0000 0.8944
133.0000 0.8948
134.0000 0.8952
135.0000 0.8957
136.0000 0.8962
137.0000 0.8967
138.0000 0.8971
139.0000 0.8976
140.0000 0.8981
141.0000 0.8986
142.0000 0.8991
143.0000 0.8995
144.0000 0.8999
145.0000 0.9003
146.0000 0.9007
147.0000 0.9010
148.0000 0.9013
149.0000 0.9016
150.0000 0.9018
151.0000 0.9020
152.0000 0.9022
153.0000 0.9023
154.0000 0.9024
155.0000 0.9025
156.0000 0.9025
157.0000 0.9025
158.0000 0.9025
159.0000 0.9024
160.0000 0.9023
161.0000 0.9022
162.0000 0.9020
163.0000 0.9019
164.0000 0.9017
165.0000 0.9015
166.0000 0.9013
167.0000 0.9011
168.0000 0.9009
169.0000 0.9007
170.0000 0.9004
171.0000 0.9002
172.0000 0.9000
173.0000 0.8998
174.0000 0.8996
175.0000 0.8994
176.0000 0.8992
177.0000 0.8991
178.0000 0.8989
179.0000 0.8988
180.0000 0.8987
181.0000 0.8986
182.0000 0.8985
183.0000 0.8985
184.0000 0.8984
185.0000 0.8984
186.0000 0.8984
187.0000 0.8984
188.0000 0.8984
189.0000 0.8985
190.0000 0.8985
191.0000 0.8986
192.0000 0.8987
193.0000 0.8988
194.0000 0.8989
195.0000 0.8990
196.0000 0.8991
197.0000 0.8992
198.0000 0.8994
199.0000 0.8995
200.0000 0.8996
201.0000 0.8997
202.0000 0.8999
203.0000 0.9000
204.0000 0.9001
205.0000 0.9002
206.0000 0.9003
207.0000 0.9004
208.0000 0.9005
209.0000 0.9006
210.0000 0.9007
211.0000 0.9008
212.0000 0.9008
213.0000 0.9009
214.0000 0.9009
215.0000 0.9009
216.0000 0.9010
217.0000 0.9010
218.0000 0.9010
219.0000 0.9010
220.0000 0.9010
221.0000 0.9009
222.0000 0.9009
223.0000 0.9009
224.0000 0.9008
225.0000 0.9008
226.0000 0.9007
227.0000 0.9007
228.0000 0.9006
229.0000 0.9006
230.0000 0.9005
231.0000 0.9004
232.0000 0.9004
233.0000 0.9003
234.0000 0.9003
235.0000 0.9002
236.0000 0.9001
237.0000 0.9001
238.0000 0.9001
239.0000 0.9000
240.0000 0.9000
241.0000 0.8999
242.0000 0.8999
243.0000 0.8999
244.0000 0.8999
245.0000 0.8998
246.0000 0.8998
247.0000 0.8998
248.0000 0.8998
249.0000 0.8998
250.0000 0.8998
