1.0000 5.0000
2.0000 5.0000
3.0000 5.0000
4.0000 5.0000
5.0000 5.0000
6.0000 5.0000
7.0000 5.0000
8.0000 5.0000
9.0000 5.0000
10.0000 5.0000
11.0000 5.0000
12.0000 5.0000
13.0000 5.0000
14.0000 5.0000
15.0000 5.0000
16.0000 5.0000
17.0000 5.0000
18.0000 5.0000
19.0000 5.0000
20.0000 5.0000
21.0000 5.0000
22.0000 5.0000
23.0000 5.0000
24.0000 5.0000
25.0000 5.0004
26.0000 5.0017
27.0000 5.0038
28.0000 5.0066
29.0000 5.0102
30.0000 5.0145
31.0000 5.0194
32.0000 5.0249
33.0000 5.0310
34.0000 5.0377
35.0000 5.0449
36.0000 5.0526
37.0000 5.0607
38.0000 5.0693
39.0000 5.0781
40.0000 5.0872
41.0000 5.0964
42.0000 5.1059
43.0000 5.1153
44.0000 5.1248
45.0000 5.1342
46.0000 5.1434
47.0000 5.1525
48.0000 5.1613
49.0000 5.1698
50.0000 5.1780
51.0000 5.1857
52.0000 5.1930
53.0000 5.1997
54.0000 5.2060
55.0000 5.2117
56.0000 5.2168
57.0000 5.2213
58.0000 5.2252
59.0000 5.2285
60.0000 5.2312
61.0000 5.2332
62.0000 5.2347
63.0000 5.2355
64.0000 5.2358
65.0000 5.2356
66.0000 5.2348
67.0000 5.2335
68.0000 5.2317
69.0000 5.2296
70.0000 5.2270
71.0000 5.2241
72.0000 5.2209
73.0000 5.2175
74.0000 5.2139
75.0000 5.2101
76.0000 5.2062
77.0000 5.2022
78.0000 5.1982
79.0000 5.1943
80.0000 5.1904
81.0000 5.1866
82.0000 5.1829
83.0000 5.1794
84.0000 5.1761
85.0000 5.1731
86.0000 5.1703
87.0000 5.1678
88.0000 5.1656
89.0000 5.1637
90.0000 5.1622
91.0000 5.1610
92.0000 5.1601
93.0000 5.1596
94.0000 5.1594
95.0000 5.1596
96.0000 5.1601
97.0000 5.1609
98.0000 5.1620
99.0000 5.1634
100.0000 5.1651
101.0000 5.1670
102.0000 5.1691
103.0000 5.1714
104.0000 5.1739
105.0000 5.1765
106.0000 5.1793
107.0000 5.1821
108.0000 5.1850
109.0000 5.1879
110.0000 5.1909
111.0000 5.1938
112.0000 5.1967
113.0000 5.1995
114.0000 5.2022
115.0000 5.2048
116.0000 5.2072
117.0000 5.2095
118.0000 5.2116
119.0000 5.2135
120.0000 5.2153
121.0000 5.2168
122.0000 5.2181
123.0000 5.2192
124.0000 5.2201
125.0000 5.2207
126.0000 5.2211
127.0000 5.2213
128.0000 5.2213
129.0000 5.2210
130.0000 5.2206
131.0000 5.2199
132.0000 5.2191
133.0000 5.2181
134.0000 5.2170
135.0000 5.2157
136.0000 5.2143
137.0000 5.2128
138.0000 5.2113
139.0000 5.2096
140.0000 5.2079
141.0000 5.2062
142.0000 5.2044
143.0000 5.2027
144.0000 5.2010
145.0000 5.1993
146.0000 5.1976
147.0000 5.1960
148.0000 5.1945
149.0000 5.1931
150.0000 5.1918
151.0000 5.1906
152.0000 5.1895
153.0000 5.1886
154.0000 5.1877
155.0000 5.1870
156.0000 5.1865
157.0000 5.1861
158.0000 5.1858
159.0000 5.1857
160.0000 5.1857
161.0000 5.1858
162.0000 5.1861
163.0000 5.1865
164.0000 5.1870
165.0000 5.1876
166.0000 5.1883
167.0000 5.1891
168.0000 5.1900
169.0000 5.1909
170.0000 5.1919
171.0000 5.1929
172.0000 5.1940
173.0000 5.1951
174.0000 5.1963
175.0000 5.1974
176.0000 5.1985
177.0000 5.1996
178.0000 5.2007
179.0000 5.2017
180.0000 5.2027
181.0000 5.2036
182.0000 5.2045
183.0000 5.2053
184.0000 5.2060
185.0000 5.2067
186.0000 5.2072
187.0000 5.2077
188.0000 5.2081
189.0000 5.2084
190.0000 5.2086
191.0000 5.2088
192.0000 5.2088
193.0000 5.2088
194.0000 5.2086
195.0000 5.2084
196.0000 5.2082
197.0000 5.2078
198.0000 5.2074
199.0000 5.2069
200.0000 5.2064
201.0000 5.2058
202.0000 5.2052
203.0000 5.2046
204.0000 5.2039
205.0000 5.2032
206.0000 5.2025
207.0000 5.2018
208.0000 5.2011
209.0000 5.2005
210.0000 5.1998
211.0000 5.1991
212.0000 5.1985
213.0000 5.1979
214.0000 5.1973
215.0000 5.1968
216.0000 5.1963
217.0000 5.1959
218.0000 5.1955
219.0000 5.1952
220.0000 5.1949
221.0000 5.1947
222.0000 5.1946
223.0000 5.1945
224.0000 5.1944
225.0000 5.1944
226.0000 5.1945
227.0000 5.1946
228.0000 5.1947
229.0000 5.1949
230.0000 5.1952
231.0000 5.1955
232.0000 5.1958
233.0000 5.1961
234.0000 5.1965
235.0000 5.1969
236.0000 5.1973
237.0000 5.1977
238.0000 5.1982
239.0000 5.1986
240.0000 5.1991
241.0000 5.1995
242.0000 5.1999
243.0000 5.2004
244.0000 5.2008
245.0000 5.2011
246.0000 5.2015
247.0000 5.2018
248.0000 5.2022
249.0000 5.2024
250.0000 5.2027
