1.0000 5.0000
2.0000 5.0000
3.0000 5.0000
4.0000 5.0000
5.0000 5.0000
6.0000 5.0000
7.0000 5.0000
8.0000 5.0000
9.0000 5.0000
10.0000 5.0000
11.0000 5.0000
12.0000 5.0000
13.0000 5.0000
14.0000 5.0000
15.0000 5.0000
16.0000 5.0000
17.0000 5.0000
18.0000 5.0000
19.0000 5.0000
20.0000 5.0000
21.0000 5.0000
22.0000 5.0000
23.0000 5.0000
24.0000 5.0000
25.0000 5.0004
26.0000 5.0012
27.0000 5.0019
28.0000 5.0026
29.0000 5.0034
30.0000 5.0044
31.0000 5.0057
32.0000 5.0073
33.0000 5.0093
34.0000 5.0116
35.0000 5.0143
36.0000 5.0174
37.0000 5.0209
38.0000 5.0248
39.0000 5.0291
40.0000 5.0337
41.0000 5.0386
42.0000 5.0439
43.0000 5.0494
44.0000 5.0552
45.0000 5.0612
46.0000 5.0673
47.0000 5.0736
48.0000 5.0800
49.0000 5.0865
50.0000 5.0929
51.0000 5.0994
52.0000 5.1058
53.0000 5.1120
54.0000 5.1182
55.0000 5.1242
56.0000 5.1300
57.0000 5.1355
58.0000 5.1409
59.0000 5.1459
60.0000 5.1507
61.0000 5.1552
62.0000 5.1594
63.0000 5.1632
64.0000 5.1668
65.0000 5.1700
66.0000 5.1729
67.0000 5.1755
68.0000 5.1778
69.0000 5.1798
70.0000 5.1815
71.0000 5.1829
72.0000 5.1841
73.0000 5.1850
74.0000 5.1857
75.0000 5.1862
76.0000 5.1865
77.0000 5.1866
78.0000 5.1866
79.0000 5.1865
80.0000 5.1863
81.0000 5.1859
82.0000 5.1855
83.0000 5.1851
84.0000 5.1846
85.0000 5.1841
86.0000 5.1836
87.0000 5.1831
88.0000 5.1826
89.0000 5.1822
90.0000 5.1818
91.0000 5.1815
92.0000 5.1812
93.0000 5.1810
94.0000 5.1809
95.0000 5.1808
96.0000 5.1808
97.0000 5.1809
98.0000 5.1811
99.0000 5.1814
100.0000 5.1817
101.0000 5.1821
102.0000 5.1826
103.0000 5.1831
104.0000 5.1837
105.0000 5.1843
106.0000 5.1850
107.0000 5.1857
108.0000 5.1864
109.0000 5.1872
110.0000 5.1880
111.0000 5.1888
112.0000 5.1896
113.0000 5.1904
114.0000 5.1912
115.0000 5.1920
116.0000 5.1927
117.0000 5.1935
118.0000 5.1942
119.0000 5.1948
120.0000 5.1955
121.0000 5.1961
122.0000 5.1966
123.0000 5.1971
124.0000 5.1976
125.0000 5.1980
126.0000 5.1984
127.0000 5.1988
128.0000 5.1990
129.0000 5.1993
130.0000 5.1995
131.0000 5.1997
132.0000 5.1998
133.0000 5.1999
134.0000 5.1999
135.0000 5.1999
136.0000 5.1999
137.0000 5.1999
138.0000 5.1998
139.0000 5.1997
140.0000 5.1996
141.0000 5.1995
142.0000 5.1994
143.0000 5.1993
144.0000 5.1991
145.0000 5.1990
146.0000 5.1989
147.0000 5.1987
148.0000 5.1986
149.0000 5.1985
150.0000 5.1984
151.0000 5.1983
152.0000 5.1982
153.0000 5.1981
154.0000 5.1980
155.0000 5.1979
156.0000 5.1979
157.0000 5.1979
158.0000 5.1978
159.0000 5.1978
160.0000 5.1978
161.0000 5.1979
162.0000 5.1979
163.0000 5.1980
164.0000 5.1980
165.0000 5.1981
166.0000 5.1982
167.0000 5.1982
168.0000 5.1983
169.0000 5.1984
170.0000 5.1985
171.0000 5.1986
172.0000 5.1987
173.0000 5.1988
174.0000 5.1990
175.0000 5.1991
176.0000 5.1992
177.0000 5.1993
178.0000 5.1994
179.0000 5.1995
180.0000 5.1996
181.0000 5.1996
182.0000 5.1997
183.0000 5.1998
184.0000 5.1999
185.0000 5.1999
186.0000 5.2000
187.0000 5.2000
188.0000 5.2001
189.0000 5.2001
190.0000 5.2001
191.0000 5.2002
192.0000 5.2002
193.0000 5.2002
194.0000 5.2002
195.0000 5.2002
196.0000 5.2002
197.0000 5.2002
198.0000 5.2002
199.0000 5.2001
200.0000 5.2001
201.0000 5.2001
202.0000 5.2001
203.0000 5.2001
204.0000 5.2000
205.0000 5.2000
206.0000 5.2000
207.0000 5.1999
208.0000 5.1999
209.0000 5.1999
210.0000 5.1999
211.0000 5.1998
212.0000 5.1998
213.0000 5.1998
214.0000 5.1998
215.0000 5.1998
216.0000 5.1998
217.0000 5.1997
218.0000 5.1997
219.0000 5.1997
220.0000 5.1997
221.0000 5.1997
222.0000 5.1997
223.0000 5.1997
224.0000 5.1997
225.0000 5.1997
226.0000 5.1998
227.0000 5.1998
228.0000 5.1998
229.0000 5.1998
230.0000 5.1998
231.0000 5.1998
232.0000 5.1998
233.0000 5.1998
234.0000 5.1999
235.0000 5.1999
236.0000 5.1999
237.0000 5.1999
238.0000 5.1999
239.0000 5.1999
240.0000 5.2000
241.0000 5.2000
242.0000 5.2000
243.0000 5.2000
244.0000 5.2000
245.0000 5.2000
246.0000 5.2000
247.0000 5.2000
248.0000 5.2000
249.0000 5.2000
250.0000 5.2000
