1.0000 5.0000
2.0000 5.0000
3.0000 5.0000
4.0000 5.0000
5.0000 5.0000
6.0000 5.0000
7.0000 5.0000
8.0000 5.0000
9.0000 5.0000
10.0000 5.0000
11.0000 5.0000
12.0000 5.0000
13.0000 5.0000
14.0000 5.0000
15.0000 5.0000
16.0000 5.0000
17.0000 5.0000
18.0000 5.0000
19.0000 5.0000
20.0000 5.0000
21.0000 5.0000
22.0000 5.0000
23.0000 5.0000
24.0000 5.0000
25.0000 4.9996
26.0000 4.9983
27.0000 4.9965
28.0000 4.9942
29.0000 4.9916
30.0000 4.9886
31.0000 4.9855
32.0000 4.9822
33.0000 4.9788
34.0000 4.9754
35.0000 4.9720
36.0000 4.9686
37.0000 4.9653
38.0000 4.9621
39.0000 4.9589
40.0000 4.9558
41.0000 4.9529
42.0000 4.9500
43.0000 4.9473
44.0000 4.9447
45.0000 4.9421
46.0000 4.9398
47.0000 4.9375
48.0000 4.9353
49.0000 4.9333
50.0000 4.9313
51.0000 4.9295
52.0000 4.9277
53.0000 4.9261
54.0000 4.9245
55.0000 4.9230
56.0000 4.9216
57.0000 4.9203
58.0000 4.9191
59.0000 4.9179
60.0000 4.9168
61.0000 4.9158
62.0000 4.9148
63.0000 4.9139
64.0000 4.9131
65.0000 4.9123
66.0000 4.9115
67.0000 4.9108
68.0000 4.9102
69.0000 4.9095
70.0000 4.9090
71.0000 4.9084
72.0000 4.9079
73.0000 4.9074
74.0000 4.9070
75.0000 4.9065
76.0000 4.9061
77.0000 4.9058
78.0000 4.9054
79.0000 4.9051
80.0000 4.9048
81.0000 4.9045
82.0000 4.9042
83.0000 4.9040
84.0000 4.9038
85.0000 4.9035
86.0000 4.9033
87.0000 4.9031
88.0000 4.9030
89.0000 4.9028
90.0000 4.9026
91.0000 4.9025
92.0000 4.9023
93.0000 4.9022
94.0000 4.9021
95.0000 4.9020
96.0000 4.9019
97.0000 4.9018
98.0000 4.9017
99.0000 4.9016
100.0000 4.9015
101.0000 4.9014
102.0000 4.9014
103.0000 4.9013
104.0000 4.9012
105.0000 4.9012
106.0000 4.9011
107.0000 4.9011
108.0000 4.9010
109.0000 4.9010
110.0000 4.9009
111.0000 4.9009
112.0000 4.9009
113.0000 4.9008
114.0000 4.9008
115.0000 4.9008
116.0000 4.9007
117.0000 4.9007
118.0000 4.9007
119.0000 4.9007
120.0000 4.9006
121.0000 4.9006
122.0000 4.9006
123.0000 4.9006
124.0000 4.9006
125.0000 4.9005
126.0000 4.9005
127.0000 4.9005
128.0000 4.9005
129.0000 4.9005
130.0000 4.9005
131.0000 4.9005
132.0000 4.9005
133.0000 4.9005
134.0000 4.9004
135.0000 4.9004
136.0000 4.9004
137.0000 4.9004
138.0000 4.9004
139.0000 4.9004
140.0000 4.9004
141.0000 4.9004
142.0000 4.9004
143.0000 4.9004
144.0000 4.9004
145.0000 4.9004
146.0000 4.9004
147.0000 4.9004
148.0000 4.9004
149.0000 4.9004
150.0000 4.9004
151.0000 4.9004
152.0000 4.9004
153.0000 4.9004
154.0000 4.9004
155.0000 4.9004
156.0000 4.9003
157.0000 4.9003
158.0000 4.9003
159.0000 4.9003
160.0000 4.9003
161.0000 4.9003
162.0000 4.9003
163.0000 4.9003
164.0000 4.9003
165.0000 4.9003
166.0000 4.9003
167.0000 4.9003
168.0000 4.9003
169.0000 4.9003
170.0000 4.9003
171.0000 4.9003
172.0000 4.9003
173.0000 4.9003
174.0000 4.9003
175.0000 4.9003
176.0000 4.9003
177.0000 4.9003
178.0000 4.9003
179.0000 4.9003
180.0000 4.9003
181.0000 4.9003
182.0000 4.9003
183.0000 4.9003
184.0000 4.9003
185.0000 4.9003
186.0000 4.9003
187.0000 4.9003
188.0000 4.9003
189.0000 4.9003
190.0000 4.9003
191.0000 4.9003
192.0000 4.9003
193.0000 4.9003
194.0000 4.9003
195.0000 4.9003
196.0000 4.9003
197.0000 4.9003
198.0000 4.9003
199.0000 4.9003
200.0000 4.9003
201.0000 4.9003
202.0000 4.9003
203.0000 4.9003
204.0000 4.9003
205.0000 4.9003
206.0000 4.9003
207.0000 4.9003
208.0000 4.9003
209.0000 4.9003
210.0000 4.9003
211.0000 4.9003
212.0000 4.9003
213.0000 4.9003
214.0000 4.9003
215.0000 4.9003
216.0000 4.9003
217.0000 4.9003
218.0000 4.9003
219.0000 4.9003
220.0000 4.9003
221.0000 4.9003
222.0000 4.9003
223.0000 4.9003
224.0000 4.9003
225.0000 4.9003
226.0000 4.9003
227.0000 4.9003
228.0000 4.9003
229.0000 4.9003
230.0000 4.9003
231.0000 4.9003
232.0000 4.9003
233.0000 4.9003
234.0000 4.9003
235.0000 4.9003
236.0000 4.9003
237.0000 4.9003
238.0000 4.9003
239.0000 4.9003
240.0000 4.9003
241.0000 4.9003
242.0000 4.9003
243.0000 4.9003
244.0000 4.9003
245.0000 4.9003
246.0000 4.9003
247.0000 4.9003
248.0000 4.9003
249.0000 4.9003
250.0000 4.9003
