1.0000 5.0000
2.0000 5.0000
3.0000 5.0000
4.0000 5.0000
5.0000 5.0000
6.0000 5.0000
7.0000 5.0000
8.0000 5.0000
9.0000 5.0000
10.0000 5.0000
11.0000 5.0000
12.0000 5.0000
13.0000 5.0000
14.0000 5.0000
15.0000 5.0000
16.0000 5.0000
17.0000 5.0000
18.0000 5.0000
19.0000 5.0000
20.0000 5.0000
21.0000 5.0000
22.0000 5.0000
23.0000 5.0000
24.0000 5.0000
25.0000 4.9982
26.0000 4.9934
27.0000 4.9861
28.0000 4.9769
29.0000 4.9662
30.0000 4.9544
31.0000 4.9418
32.0000 4.9287
33.0000 4.9153
34.0000 4.9017
35.0000 4.8881
36.0000 4.8746
37.0000 4.8613
38.0000 4.8483
39.0000 4.8356
40.0000 4.8234
41.0000 4.8115
42.0000 4.8001
43.0000 4.7891
44.0000 4.7786
45.0000 4.7686
46.0000 4.7590
47.0000 4.7499
48.0000 4.7412
49.0000 4.7330
50.0000 4.7252
51.0000 4.7178
52.0000 4.7108
53.0000 4.7042
54.0000 4.6980
55.0000 4.6921
56.0000 4.6865
57.0000 4.6813
58.0000 4.6764
59.0000 4.6717
60.0000 4.6674
61.0000 4.6632
62.0000 4.6594
63.0000 4.6558
64.0000 4.6523
65.0000 4.6491
66.0000 4.6461
67.0000 4.6433
68.0000 4.6407
69.0000 4.6382
70.0000 4.6358
71.0000 4.6336
72.0000 4.6316
73.0000 4.6297
74.0000 4.6279
75.0000 4.6262
76.0000 4.6246
77.0000 4.6231
78.0000 4.6217
79.0000 4.6204
80.0000 4.6192
81.0000 4.6181
82.0000 4.6170
83.0000 4.6160
84.0000 4.6150
85.0000 4.6142
86.0000 4.6133
87.0000 4.6126
88.0000 4.6118
89.0000 4.6112
90.0000 4.6105
91.0000 4.6099
92.0000 4.6094
93.0000 4.6089
94.0000 4.6084
95.0000 4.6079
96.0000 4.6075
97.0000 4.6071
98.0000 4.6067
99.0000 4.6064
100.0000 4.6060
101.0000 4.6057
102.0000 4.6055
103.0000 4.6052
104.0000 4.6049
105.0000 4.6047
106.0000 4.6045
107.0000 4.6043
108.0000 4.6041
109.0000 4.6039
110.0000 4.6037
111.0000 4.6036
112.0000 4.6034
113.0000 4.6033
114.0000 4.6032
115.0000 4.6030
116.0000 4.6029
117.0000 4.6028
118.0000 4.6027
119.0000 4.6026
120.0000 4.6025
121.0000 4.6025
122.0000 4.6024
123.0000 4.6023
124.0000 4.6023
125.0000 4.6022
126.0000 4.6021
127.0000 4.6021
128.0000 4.6020
129.0000 4.6020
130.0000 4.6019
131.0000 4.6019
132.0000 4.6019
133.0000 4.6018
134.0000 4.6018
135.0000 4.6017
136.0000 4.6017
137.0000 4.6017
138.0000 4.6017
139.0000 4.6016
140.0000 4.6016
141.0000 4.6016
142.0000 4.6016
143.0000 4.6016
144.0000 4.6015
145.0000 4.6015
146.0000 4.6015
147.0000 4.6015
148.0000 4.6015
149.0000 4.6015
150.0000 4.6015
151.0000 4.6014
152.0000 4.6014
153.0000 4.6014
154.0000 4.6014
155.0000 4.6014
156.0000 4.6014
157.0000 4.6014
158.0000 4.6014
159.0000 4.6014
160.0000 4.6014
161.0000 4.6014
162.0000 4.6014
163.0000 4.6014
164.0000 4.6014
165.0000 4.6013
166.0000 4.6013
167.0000 4.6013
168.0000 4.6013
169.0000 4.6013
170.0000 4.6013
171.0000 4.6013
172.0000 4.6013
173.0000 4.6013
174.0000 4.6013
175.0000 4.6013
176.0000 4.6013
177.0000 4.6013
178.0000 4.6013
179.0000 4.6013
180.0000 4.6013
181.0000 4.6013
182.0000 4.6013
183.0000 4.6013
184.0000 4.6013
185.0000 4.6013
186.0000 4.6013
187.0000 4.6013
188.0000 4.6013
189.0000 4.6013
190.0000 4.6013
191.0000 4.6013
192.0000 4.6013
193.0000 4.6013
194.0000 4.6013
195.0000 4.6013
196.0000 4.6013
197.0000 4.6013
198.0000 4.6013
199.0000 4.6013
200.0000 4.6013
201.0000 4.6013
202.0000 4.6013
203.0000 4.6013
204.0000 4.6013
205.0000 4.6013
206.0000 4.6013
207.0000 4.6013
208.0000 4.6013
209.0000 4.6013
210.0000 4.6013
211.0000 4.6013
212.0000 4.6013
213.0000 4.6013
214.0000 4.6013
215.0000 4.6013
216.0000 4.6013
217.0000 4.6013
218.0000 4.6013
219.0000 4.6013
220.0000 4.6013
221.0000 4.6013
222.0000 4.6013
223.0000 4.6013
224.0000 4.6013
225.0000 4.6013
226.0000 4.6013
227.0000 4.6013
228.0000 4.6013
229.0000 4.6013
230.0000 4.6013
231.0000 4.6013
232.0000 4.6013
233.0000 4.6013
234.0000 4.6013
235.0000 4.6013
236.0000 4.6013
237.0000 4.6013
238.0000 4.6013
239.0000 4.6013
240.0000 4.6013
241.0000 4.6013
242.0000 4.6013
243.0000 4.6013
244.0000 4.6013
245.0000 4.6013
246.0000 4.6013
247.0000 4.6013
248.0000 4.6013
249.0000 4.6013
250.0000 4.6013
