1.0000 5.0000
2.0000 5.0000
3.0000 5.0000
4.0000 5.0000
5.0000 5.0000
6.0000 5.0000
7.0000 5.0000
8.0000 5.0000
9.0000 5.0000
10.0000 5.0000
11.0000 5.0000
12.0000 5.0000
13.0000 5.0000
14.0000 5.0000
15.0000 5.0000
16.0000 5.0000
17.0000 5.0000
18.0000 5.0000
19.0000 5.0000
20.0000 5.0000
21.0000 5.0000
22.0000 5.0000
23.0000 5.0000
24.0000 5.0000
25.0000 4.9991
26.0000 4.9967
27.0000 4.9931
28.0000 4.9885
29.0000 4.9831
30.0000 4.9772
31.0000 4.9709
32.0000 4.9644
33.0000 4.9576
34.0000 4.9508
35.0000 4.9440
36.0000 4.9373
37.0000 4.9306
38.0000 4.9241
39.0000 4.9178
40.0000 4.9117
41.0000 4.9058
42.0000 4.9000
43.0000 4.8946
44.0000 4.8893
45.0000 4.8843
46.0000 4.8795
47.0000 4.8749
48.0000 4.8706
49.0000 4.8665
50.0000 4.8626
51.0000 4.8589
52.0000 4.8554
53.0000 4.8521
54.0000 4.8490
55.0000 4.8460
56.0000 4.8433
57.0000 4.8407
58.0000 4.8382
59.0000 4.8359
60.0000 4.8337
61.0000 4.8316
62.0000 4.8297
63.0000 4.8279
64.0000 4.8262
65.0000 4.8246
66.0000 4.8231
67.0000 4.8217
68.0000 4.8203
69.0000 4.8191
70.0000 4.8179
71.0000 4.8168
72.0000 4.8158
73.0000 4.8148
74.0000 4.8139
75.0000 4.8131
76.0000 4.8123
77.0000 4.8116
78.0000 4.8109
79.0000 4.8102
80.0000 4.8096
81.0000 4.8090
82.0000 4.8085
83.0000 4.8080
84.0000 4.8075
85.0000 4.8071
86.0000 4.8067
87.0000 4.8063
88.0000 4.8059
89.0000 4.8056
90.0000 4.8053
91.0000 4.8050
92.0000 4.8047
93.0000 4.8044
94.0000 4.8042
95.0000 4.8040
96.0000 4.8037
97.0000 4.8035
98.0000 4.8034
99.0000 4.8032
100.0000 4.8030
101.0000 4.8029
102.0000 4.8027
103.0000 4.8026
104.0000 4.8025
105.0000 4.8024
106.0000 4.8022
107.0000 4.8021
108.0000 4.8020
109.0000 4.8020
110.0000 4.8019
111.0000 4.8018
112.0000 4.8017
113.0000 4.8016
114.0000 4.8016
115.0000 4.8015
116.0000 4.8015
117.0000 4.8014
118.0000 4.8014
119.0000 4.8013
120.0000 4.8013
121.0000 4.8012
122.0000 4.8012
123.0000 4.8012
124.0000 4.8011
125.0000 4.8011
126.0000 4.8011
127.0000 4.8010
128.0000 4.8010
129.0000 4.8010
130.0000 4.8010
131.0000 4.8009
132.0000 4.8009
133.0000 4.8009
134.0000 4.8009
135.0000 4.8009
136.0000 4.8009
137.0000 4.8008
138.0000 4.8008
139.0000 4.8008
140.0000 4.8008
141.0000 4.8008
142.0000 4.8008
143.0000 4.8008
144.0000 4.8008
145.0000 4.8008
146.0000 4.8008
147.0000 4.8007
148.0000 4.8007
149.0000 4.8007
150.0000 4.8007
151.0000 4.8007
152.0000 4.8007
153.0000 4.8007
154.0000 4.8007
155.0000 4.8007
156.0000 4.8007
157.0000 4.8007
158.0000 4.8007
159.0000 4.8007
160.0000 4.8007
161.0000 4.8007
162.0000 4.8007
163.0000 4.8007
164.0000 4.8007
165.0000 4.8007
166.0000 4.8007
167.0000 4.8007
168.0000 4.8007
169.0000 4.8007
170.0000 4.8007
171.0000 4.8007
172.0000 4.8007
173.0000 4.8007
174.0000 4.8007
175.0000 4.8007
176.0000 4.8007
177.0000 4.8007
178.0000 4.8007
179.0000 4.8007
180.0000 4.8007
181.0000 4.8007
182.0000 4.8007
183.0000 4.8007
184.0000 4.8007
185.0000 4.8007
186.0000 4.8006
187.0000 4.8006
188.0000 4.8006
189.0000 4.8006
190.0000 4.8006
191.0000 4.8006
192.0000 4.8006
193.0000 4.8006
194.0000 4.8006
195.0000 4.8006
196.0000 4.8006
197.0000 4.8006
198.0000 4.8006
199.0000 4.8006
200.0000 4.8006
201.0000 4.8006
202.0000 4.8006
203.0000 4.8006
204.0000 4.8006
205.0000 4.8006
206.0000 4.8006
207.0000 4.8006
208.0000 4.8006
209.0000 4.8006
210.0000 4.8006
211.0000 4.8006
212.0000 4.8006
213.0000 4.8006
214.0000 4.8006
215.0000 4.8006
216.0000 4.8006
217.0000 4.8006
218.0000 4.8006
219.0000 4.8006
220.0000 4.8006
221.0000 4.8006
222.0000 4.8006
223.0000 4.8006
224.0000 4.8006
225.0000 4.8006
226.0000 4.8006
227.0000 4.8006
228.0000 4.8006
229.0000 4.8006
230.0000 4.8006
231.0000 4.8006
232.0000 4.8006
233.0000 4.8006
234.0000 4.8006
235.0000 4.8006
236.0000 4.8006
237.0000 4.8006
238.0000 4.8006
239.0000 4.8006
240.0000 4.8006
241.0000 4.8006
242.0000 4.8006
243.0000 4.8006
244.0000 4.8006
245.0000 4.8006
246.0000 4.8006
247.0000 4.8006
248.0000 4.8006
249.0000 4.8006
250.0000 4.8006
