1.0000 5.0000
2.0000 5.0000
3.0000 5.0000
4.0000 5.0000
5.0000 5.0000
6.0000 5.0000
7.0000 5.0000
8.0000 5.0000
9.0000 5.0000
10.0000 5.0000
11.0000 5.0000
12.0000 5.0000
13.0000 5.0000
14.0000 5.0000
15.0000 5.0000
16.0000 5.0000
17.0000 5.0000
18.0000 5.0000
19.0000 5.0000
20.0000 5.0000
21.0000 5.0000
22.0000 5.0000
23.0000 5.0000
24.0000 5.0000
25.0000 5.0009
26.0000 5.0033
27.0000 5.0069
28.0000 5.0115
29.0000 5.0169
30.0000 5.0228
31.0000 5.0291
32.0000 5.0356
33.0000 5.0424
34.0000 5.0492
35.0000 5.0560
36.0000 5.0627
37.0000 5.0694
38.0000 5.0759
39.0000 5.0822
40.0000 5.0883
41.0000 5.0942
42.0000 5.1000
43.0000 5.1054
44.0000 5.1107
45.0000 5.1157
46.0000 5.1205
47.0000 5.1251
48.0000 5.1294
49.0000 5.1335
50.0000 5.1374
51.0000 5.1411
52.0000 5.1446
53.0000 5.1479
54.0000 5.1510
55.0000 5.1540
56.0000 5.1567
57.0000 5.1593
58.0000 5.1618
59.0000 5.1641
60.0000 5.1663
61.0000 5.1684
62.0000 5.1703
63.0000 5.1721
64.0000 5.1738
65.0000 5.1754
66.0000 5.1769
67.0000 5.1783
68.0000 5.1797
69.0000 5.1809
70.0000 5.1821
71.0000 5.1832
72.0000 5.1842
73.0000 5.1852
74.0000 5.1861
75.0000 5.1869
76.0000 5.1877
77.0000 5.1884
78.0000 5.1891
79.0000 5.1898
80.0000 5.1904
81.0000 5.1910
82.0000 5.1915
83.0000 5.1920
84.0000 5.1925
85.0000 5.1929
86.0000 5.1933
87.0000 5.1937
88.0000 5.1941
89.0000 5.1944
90.0000 5.1947
91.0000 5.1950
92.0000 5.1953
93.0000 5.1956
94.0000 5.1958
95.0000 5.1960
96.0000 5.1963
97.0000 5.1965
98.0000 5.1966
99.0000 5.1968
100.0000 5.1970
101.0000 5.1971
102.0000 5.1973
103.0000 5.1974
104.0000 5.1975
105.0000 5.1976
106.0000 5.1978
107.0000 5.1979
108.0000 5.1980
109.0000 5.1980
110.0000 5.1981
111.0000 5.1982
112.0000 5.1983
113.0000 5.1984
114.0000 5.1984
115.0000 5.1985
116.0000 5.1985
117.0000 5.1986
118.0000 5.1986
119.0000 5.1987
120.0000 5.1987
121.0000 5.1988
122.0000 5.1988
123.0000 5.1988
124.0000 5.1989
125.0000 5.1989
126.0000 5.1989
127.0000 5.1990
128.0000 5.1990
129.0000 5.1990
130.0000 5.1990
131.0000 5.1991
132.0000 5.1991
133.0000 5.1991
134.0000 5.1991
135.0000 5.1991
136.0000 5.1991
137.0000 5.1992
138.0000 5.1992
139.0000 5.1992
140.0000 5.1992
141.0000 5.1992
142.0000 5.1992
143.0000 5.1992
144.0000 5.1992
145.0000 5.1992
146.0000 5.1992
147.0000 5.1993
148.0000 5.1993
149.0000 5.1993
150.0000 5.1993
151.0000 5.1993
152.0000 5.1993
153.0000 5.1993
154.0000 5.1993
155.0000 5.1993
156.0000 5.1993
157.0000 5.1993
158.0000 5.1993
159.0000 5.1993
160.0000 5.1993
161.0000 5.1993
162.0000 5.1993
163.0000 5.1993
164.0000 5.1993
165.0000 5.1993
166.0000 5.1993
167.0000 5.1993
168.0000 5.1993
169.0000 5.1993
170.0000 5.1993
171.0000 5.1993
172.0000 5.1993
173.0000 5.1993
174.0000 5.1993
175.0000 5.1993
176.0000 5.1993
177.0000 5.1993
178.0000 5.1993
179.0000 5.1993
180.0000 5.1993
181.0000 5.1993
182.0000 5.1993
183.0000 5.1993
184.0000 5.1993
185.0000 5.1993
186.0000 5.1994
187.0000 5.1994
188.0000 5.1994
189.0000 5.1994
190.0000 5.1994
191.0000 5.1994
192.0000 5.1994
193.0000 5.1994
194.0000 5.1994
195.0000 5.1994
196.0000 5.1994
197.0000 5.1994
198.0000 5.1994
199.0000 5.1994
200.0000 5.1994
201.0000 5.1994
202.0000 5.1994
203.0000 5.1994
204.0000 5.1994
205.0000 5.1994
206.0000 5.1994
207.0000 5.1994
208.0000 5.1994
209.0000 5.1994
210.0000 5.1994
211.0000 5.1994
212.0000 5.1994
213.0000 5.1994
214.0000 5.1994
215.0000 5.1994
216.0000 5.1994
217.0000 5.1994
218.0000 5.1994
219.0000 5.1994
220.0000 5.1994
221.0000 5.1994
222.0000 5.1994
223.0000 5.1994
224.0000 5.1994
225.0000 5.1994
226.0000 5.1994
227.0000 5.1994
228.0000 5.1994
229.0000 5.1994
230.0000 5.1994
231.0000 5.1994
232.0000 5.1994
233.0000 5.1994
234.0000 5.1994
235.0000 5.1994
236.0000 5.1994
237.0000 5.1994
238.0000 5.1994
239.0000 5.1994
240.0000 5.1994
241.0000 5.1994
242.0000 5.1994
243.0000 5.1994
244.0000 5.1994
245.0000 5.1994
246.0000 5.1994
247.0000 5.1994
248.0000 5.1994
249.0000 5.1994
250.0000 5.1994
