1.0000 41.3700
2.0000 41.3700
3.0000 41.3700
4.0000 41.3700
5.0000 41.3700
6.0000 41.3700
7.0000 41.3700
8.0000 41.4300
9.0000 41.4300
10.0000 41.4300
11.0000 41.4300
12.0000 41.4300
13.0000 41.4300
14.0000 41.4300
15.0000 41.4300
16.0000 41.4300
17.0000 41.4300
18.0000 41.4300
19.0000 41.4300
20.0000 41.4300
21.0000 41.4300
22.0000 41.4300
23.0000 41.4300
24.0000 41.4300
25.0000 41.4300
26.0000 41.4300
27.0000 41.4300
28.0000 41.4300
29.0000 41.4300
30.0000 41.5000
31.0000 41.4300
32.0000 41.5000
33.0000 41.4300
34.0000 41.4300
35.0000 41.4300
36.0000 41.4300
37.0000 41.5000
38.0000 41.4300
39.0000 41.5000
40.0000 41.5000
41.0000 41.5000
42.0000 41.5000
43.0000 41.5000
44.0000 41.5000
45.0000 41.5000
46.0000 41.5000
47.0000 41.5000
48.0000 41.5000
49.0000 41.5000
50.0000 41.5000
51.0000 41.5000
52.0000 41.5000
53.0000 41.5000
54.0000 41.5000
55.0000 41.5000
56.0000 41.4300
57.0000 41.4300
58.0000 41.4300
59.0000 41.4300
60.0000 41.4300
61.0000 41.4300
62.0000 41.4300
63.0000 41.4300
64.0000 41.4300
65.0000 41.4300
66.0000 41.4300
67.0000 41.4300
68.0000 41.4300
69.0000 41.4300
70.0000 41.4300
71.0000 41.4300
72.0000 41.4300
73.0000 41.4300
74.0000 41.4300
75.0000 41.4300
76.0000 41.4300
77.0000 41.4300
78.0000 41.4300
79.0000 41.4300
80.0000 41.4300
81.0000 41.4300
82.0000 41.4300
83.0000 41.4300
84.0000 41.4300
85.0000 41.4300
86.0000 41.4300
87.0000 41.4300
88.0000 41.5000
89.0000 41.5000
90.0000 41.5000
91.0000 41.5000
92.0000 41.5000
93.0000 41.5000
94.0000 41.5600
95.0000 41.5600
96.0000 41.5600
97.0000 41.6200
98.0000 41.6200
99.0000 41.6200
100.0000 41.6200
101.0000 41.6200
102.0000 41.6200
103.0000 41.6200
104.0000 41.6200
105.0000 41.6200
106.0000 41.6200
107.0000 41.6200
108.0000 41.6200
109.0000 41.6200
110.0000 41.6200
111.0000 41.6200
112.0000 41.6200
113.0000 41.6200
114.0000 41.6200
115.0000 41.6200
116.0000 41.6200
117.0000 41.6200
118.0000 41.6200
119.0000 41.6200
120.0000 41.6200
121.0000 41.6200
122.0000 41.6200
123.0000 41.6200
124.0000 41.6200
125.0000 41.6200
126.0000 41.6200
127.0000 41.6200
128.0000 41.6200
129.0000 41.6200
130.0000 41.6200
131.0000 41.6200
132.0000 41.6200
133.0000 41.6200
134.0000 41.6200
135.0000 41.6200
136.0000 41.6200
137.0000 41.6200
138.0000 41.6200
139.0000 41.6200
140.0000 41.6200
141.0000 41.6200
142.0000 41.6200
143.0000 41.6200
144.0000 41.6200
145.0000 41.6200
146.0000 41.6200
147.0000 41.6800
148.0000 41.6800
149.0000 41.6800
150.0000 41.6800
151.0000 41.6800
152.0000 41.6800
153.0000 41.6800
154.0000 41.6800
155.0000 41.6800
156.0000 41.6800
157.0000 41.6800
158.0000 41.6800
159.0000 41.6800
160.0000 41.7500
161.0000 41.6800
162.0000 41.6800
163.0000 41.6800
164.0000 41.6800
165.0000 41.6800
166.0000 41.6800
167.0000 41.6800
168.0000 41.6800
169.0000 41.6800
170.0000 41.6800
171.0000 41.6800
172.0000 41.6800
173.0000 41.6800
174.0000 41.6800
175.0000 41.6800
176.0000 41.6800
177.0000 41.6800
178.0000 41.6800
179.0000 41.6800
180.0000 41.6800
181.0000 41.6800
182.0000 41.6800
183.0000 41.6800
184.0000 41.6800
185.0000 41.6800
186.0000 41.6800
187.0000 41.6800
188.0000 41.6800
189.0000 41.6800
190.0000 41.6800
191.0000 41.7500
192.0000 41.7500
193.0000 41.7500
194.0000 41.7500
195.0000 41.7500
196.0000 41.7500
197.0000 41.7500
198.0000 41.7500
199.0000 41.7500
200.0000 41.7500
201.0000 41.7500
202.0000 41.7500
203.0000 41.7500
204.0000 41.7500
205.0000 41.7500
206.0000 41.7500
207.0000 41.8100
208.0000 41.8100
209.0000 41.8100
210.0000 41.8100
211.0000 41.8100
212.0000 41.8100
213.0000 41.8100
214.0000 41.8700
215.0000 41.8100
216.0000 41.8700
217.0000 41.8100
218.0000 41.8100
219.0000 41.8700
220.0000 41.8100
221.0000 41.8700
222.0000 41.8100
223.0000 41.8700
224.0000 41.8700
225.0000 41.8700
226.0000 41.8100
227.0000 41.8700
228.0000 41.8100
229.0000 41.8100
230.0000 41.8100
231.0000 41.8100
232.0000 41.8700
233.0000 41.8700
234.0000 41.8700
235.0000 41.8700
236.0000 41.8700
237.0000 41.8700
238.0000 41.8700
239.0000 41.8100
240.0000 41.8100
241.0000 41.8100
242.0000 41.8100
243.0000 41.8100
244.0000 41.8100
245.0000 41.8100
246.0000 41.8100
247.0000 41.8100
248.0000 41.8100
249.0000 41.8100
250.0000 41.8100
251.0000 41.8100
252.0000 41.8100
253.0000 41.8100
254.0000 41.8100
255.0000 41.8100
256.0000 41.8100
257.0000 41.8700
258.0000 41.8700
259.0000 41.8700
260.0000 41.8700
261.0000 41.8700
262.0000 41.8700
263.0000 41.8700
264.0000 41.8700
265.0000 41.8700
266.0000 41.8700
267.0000 41.8700
268.0000 41.8700
269.0000 41.8700
270.0000 41.8700
271.0000 41.8700
272.0000 41.8700
273.0000 41.8700
274.0000 41.8700
275.0000 41.8700
276.0000 41.8700
277.0000 41.8700
278.0000 41.8700
279.0000 41.8700
280.0000 41.8700
281.0000 41.8700
282.0000 41.8700
283.0000 41.8700
284.0000 41.8700
285.0000 41.8700
286.0000 41.8700
287.0000 41.8700
288.0000 41.8700
289.0000 41.8700
290.0000 41.8700
291.0000 41.8700
292.0000 41.8700
293.0000 41.8700
294.0000 41.8700
295.0000 41.8700
296.0000 41.8700
297.0000 41.8700
298.0000 41.8700
299.0000 41.8700
300.0000 41.8700
301.0000 41.8700
302.0000 41.8700
303.0000 41.8700
304.0000 41.8700
305.0000 41.8700
306.0000 41.8700
307.0000 41.8700
308.0000 41.8700
309.0000 41.8700
310.0000 41.8700
