1.0000 42.1200
2.0000 42.1200
3.0000 42.0600
4.0000 42.1200
5.0000 42.1200
6.0000 42.1200
7.0000 42.1200
8.0000 42.0600
9.0000 42.0600
10.0000 42.0600
11.0000 42.0600
12.0000 42.0600
13.0000 42.0600
14.0000 42.0600
15.0000 42.0000
16.0000 42.0000
17.0000 42.0000
18.0000 42.0000
19.0000 42.0000
20.0000 42.0000
21.0000 42.0000
22.0000 42.0000
23.0000 42.0000
24.0000 42.0000
25.0000 42.0000
26.0000 42.0000
27.0000 41.9300
28.0000 41.9300
29.0000 42.0000
30.0000 42.0000
31.0000 42.0000
32.0000 42.0000
33.0000 42.0000
34.0000 42.0000
35.0000 42.0000
36.0000 42.0000
37.0000 42.0000
38.0000 42.0000
39.0000 42.0000
40.0000 42.0000
41.0000 42.0000
42.0000 42.0000
43.0000 42.0000
44.0000 42.0000
45.0000 42.0000
46.0000 42.0000
47.0000 42.0000
48.0000 42.0000
49.0000 42.0000
50.0000 42.0000
51.0000 42.0600
52.0000 42.0600
53.0000 42.0600
54.0000 42.0600
55.0000 42.0600
56.0000 42.0600
57.0000 42.0600
58.0000 42.0600
59.0000 42.0600
60.0000 42.1200
61.0000 42.1200
62.0000 42.1200
63.0000 42.1200
64.0000 42.1800
65.0000 42.1800
66.0000 42.2500
67.0000 42.2500
68.0000 42.2500
69.0000 42.3100
70.0000 42.3100
71.0000 42.3100
72.0000 42.3100
73.0000 42.3700
74.0000 42.3700
75.0000 42.3700
76.0000 42.3700
77.0000 42.3700
78.0000 42.4300
79.0000 42.4300
80.0000 42.4300
81.0000 42.4300
82.0000 42.4300
83.0000 42.4300
84.0000 42.4300
85.0000 42.4300
86.0000 42.4300
87.0000 42.4300
88.0000 42.4300
89.0000 42.4300
90.0000 42.4300
91.0000 42.5000
92.0000 42.4300
93.0000 42.5000
94.0000 42.5000
95.0000 42.5000
96.0000 42.5000
97.0000 42.5000
98.0000 42.5600
99.0000 42.5600
100.0000 42.5600
101.0000 42.5600
102.0000 42.5600
103.0000 42.5600
104.0000 42.5600
105.0000 42.5600
106.0000 42.5600
107.0000 42.5600
108.0000 42.5600
109.0000 42.5600
110.0000 42.5600
111.0000 42.5600
112.0000 42.5600
113.0000 42.5600
114.0000 42.6200
115.0000 42.6200
116.0000 42.6200
117.0000 42.6200
118.0000 42.6800
119.0000 42.6800
120.0000 42.6800
121.0000 42.6800
122.0000 42.7500
123.0000 42.7500
124.0000 42.7500
125.0000 42.7500
126.0000 42.7500
127.0000 42.7500
128.0000 42.7500
129.0000 42.7500
130.0000 42.7500
131.0000 42.7500
132.0000 42.7500
133.0000 42.7500
134.0000 42.7500
135.0000 42.7500
136.0000 42.8100
137.0000 42.8100
138.0000 42.8100
139.0000 42.8100
140.0000 42.8100
141.0000 42.8100
142.0000 42.8100
143.0000 42.8100
144.0000 42.7500
145.0000 42.8100
146.0000 42.8100
147.0000 42.8100
148.0000 42.8100
149.0000 42.8100
150.0000 42.8100
151.0000 42.8100
152.0000 42.8100
153.0000 42.8700
154.0000 42.8700
155.0000 42.8700
156.0000 42.8700
157.0000 42.8700
158.0000 42.9300
159.0000 42.9300
160.0000 42.9300
161.0000 42.9300
162.0000 42.9300
163.0000 42.9300
164.0000 42.9300
165.0000 42.9300
166.0000 42.9300
167.0000 42.9300
168.0000 42.9300
169.0000 42.9300
170.0000 42.9300
171.0000 42.9300
172.0000 42.9300
173.0000 42.9300
174.0000 42.9300
175.0000 42.9300
176.0000 42.9300
177.0000 42.9300
178.0000 43.0000
179.0000 42.9300
180.0000 43.0000
181.0000 43.0000
182.0000 43.0000
183.0000 43.0000
184.0000 43.0000
185.0000 43.0000
186.0000 43.0000
187.0000 43.0000
188.0000 43.0000
189.0000 43.0000
190.0000 43.0000
191.0000 43.0000
192.0000 43.0000
193.0000 43.0000
194.0000 43.0000
195.0000 43.0000
196.0000 43.0000
197.0000 43.0600
198.0000 43.0600
199.0000 43.0600
200.0000 43.0600
201.0000 43.0600
202.0000 43.0600
203.0000 43.0600
204.0000 43.1200
205.0000 43.1200
206.0000 43.1200
207.0000 43.1200
208.0000 43.1200
209.0000 43.1200
210.0000 43.1200
211.0000 43.1800
212.0000 43.1800
213.0000 43.1800
214.0000 43.1800
215.0000 43.1800
216.0000 43.1800
217.0000 43.1800
218.0000 43.1800
219.0000 43.1800
220.0000 43.1800
221.0000 43.2500
222.0000 43.1800
223.0000 43.1800
224.0000 43.1800
225.0000 43.2500
226.0000 43.2500
227.0000 43.2500
228.0000 43.2500
229.0000 43.2500
230.0000 43.2500
231.0000 43.2500
232.0000 43.2500
233.0000 43.2500
234.0000 43.2500
235.0000 43.2500
236.0000 43.2500
237.0000 43.3100
238.0000 43.3100
239.0000 43.3100
240.0000 43.3100
241.0000 43.3100
242.0000 43.3100
243.0000 43.3100
244.0000 43.3100
245.0000 43.3100
246.0000 43.3100
247.0000 43.3100
248.0000 43.3100
249.0000 43.3100
250.0000 43.3100
251.0000 43.2500
252.0000 43.2500
253.0000 43.2500
254.0000 43.2500
255.0000 43.2500
256.0000 43.2500
257.0000 43.2500
258.0000 43.2500
259.0000 43.2500
260.0000 43.2500
261.0000 43.2500
262.0000 43.2500
263.0000 43.2500
264.0000 43.2500
265.0000 43.3100
266.0000 43.3100
267.0000 43.2500
268.0000 43.3100
269.0000 43.3100
270.0000 43.2500
271.0000 43.2500
272.0000 43.2500
273.0000 43.2500
274.0000 43.2500
275.0000 43.2500
276.0000 43.3100
277.0000 43.3100
278.0000 43.3100
279.0000 43.3100
280.0000 43.3100
281.0000 43.3700
282.0000 43.3100
283.0000 43.3100
284.0000 43.3100
285.0000 43.3700
286.0000 43.3100
287.0000 43.3100
288.0000 43.3100
289.0000 43.3100
290.0000 43.3100
291.0000 43.2500
292.0000 43.2500
293.0000 43.2500
294.0000 43.2500
295.0000 43.2500
296.0000 43.2500
297.0000 43.2500
298.0000 43.2500
299.0000 43.2500
300.0000 43.2500
301.0000 43.2500
302.0000 43.2500
303.0000 43.2500
304.0000 43.3100
305.0000 43.3100
306.0000 43.3100
307.0000 43.3100
308.0000 43.3100
309.0000 43.2500
310.0000 43.2500
