1.0000 42.0600
2.0000 42.0600
3.0000 42.0600
4.0000 42.0600
5.0000 42.0600
6.0000 42.0600
7.0000 42.0600
8.0000 42.0600
9.0000 42.0600
10.0000 42.2500
11.0000 42.2500
12.0000 42.2500
13.0000 42.2500
14.0000 42.2500
15.0000 42.2500
16.0000 42.3100
17.0000 42.3100
18.0000 42.3100
19.0000 42.3100
20.0000 42.3100
21.0000 42.3100
22.0000 42.3100
23.0000 42.3100
24.0000 42.3100
25.0000 42.3100
26.0000 42.3100
27.0000 42.2500
28.0000 42.2500
29.0000 42.2500
30.0000 42.2500
31.0000 42.2500
32.0000 42.2500
33.0000 42.2500
34.0000 42.2500
35.0000 42.2500
36.0000 42.3100
37.0000 42.3100
38.0000 42.3100
39.0000 42.3100
40.0000 42.3100
41.0000 42.3100
42.0000 42.2500
43.0000 42.2500
44.0000 42.2500
45.0000 42.2500
46.0000 42.2500
47.0000 42.2500
48.0000 42.2500
49.0000 42.2500
50.0000 42.2500
51.0000 42.1800
52.0000 42.1800
53.0000 42.1800
54.0000 42.1800
55.0000 42.1800
56.0000 42.2500
57.0000 42.2500
58.0000 42.2500
59.0000 42.2500
60.0000 42.2500
61.0000 42.2500
62.0000 42.2500
63.0000 42.2500
64.0000 42.1800
65.0000 42.1800
66.0000 42.2500
67.0000 42.1800
68.0000 42.2500
69.0000 42.2500
70.0000 42.1800
71.0000 42.2500
72.0000 42.1800
73.0000 42.1800
74.0000 42.1800
75.0000 42.1800
76.0000 42.1800
77.0000 42.1800
78.0000 42.1800
79.0000 42.1200
80.0000 42.1200
81.0000 42.1200
82.0000 42.1200
83.0000 42.1200
84.0000 42.0600
85.0000 42.0600
86.0000 42.0600
87.0000 42.0600
88.0000 42.0000
89.0000 42.0000
90.0000 42.0000
91.0000 42.0000
92.0000 42.0000
93.0000 42.0000
94.0000 41.9300
95.0000 41.9300
96.0000 41.9300
97.0000 41.9300
98.0000 41.9300
99.0000 41.9300
100.0000 41.9300
101.0000 41.9300
102.0000 41.9300
103.0000 41.9300
104.0000 41.9300
105.0000 41.9300
106.0000 41.9300
107.0000 41.9300
108.0000 41.9300
109.0000 41.9300
110.0000 41.8700
111.0000 41.9300
112.0000 41.9300
113.0000 41.9300
114.0000 41.8700
115.0000 41.8700
116.0000 41.9300
117.0000 41.9300
118.0000 41.9300
119.0000 41.9300
120.0000 41.9300
121.0000 41.9300
122.0000 41.9300
123.0000 41.9300
124.0000 41.9300
125.0000 41.9300
126.0000 41.9300
127.0000 41.9300
128.0000 41.9300
129.0000 41.9300
130.0000 41.9300
131.0000 41.9300
132.0000 41.9300
133.0000 41.9300
134.0000 41.9300
135.0000 41.9300
136.0000 41.9300
137.0000 41.9300
138.0000 41.9300
139.0000 41.9300
140.0000 41.9300
141.0000 41.9300
142.0000 41.9300
143.0000 41.9300
144.0000 41.9300
145.0000 41.9300
146.0000 41.9300
147.0000 41.9300
148.0000 41.9300
149.0000 41.9300
150.0000 41.9300
151.0000 41.9300
152.0000 41.9300
153.0000 41.9300
154.0000 41.9300
155.0000 41.9300
156.0000 41.9300
157.0000 41.9300
158.0000 41.9300
159.0000 41.9300
160.0000 41.8700
161.0000 41.8700
162.0000 41.8700
163.0000 41.8700
164.0000 41.8700
165.0000 41.8700
166.0000 41.8700
167.0000 41.8700
168.0000 41.8700
169.0000 41.8700
170.0000 41.8700
171.0000 41.8700
172.0000 41.8700
173.0000 41.8700
174.0000 41.8100
175.0000 41.8100
176.0000 41.8100
177.0000 41.8100
178.0000 41.8100
179.0000 41.8100
180.0000 41.8700
181.0000 41.8700
182.0000 41.8700
183.0000 41.8700
184.0000 41.8700
185.0000 41.8700
186.0000 41.8700
187.0000 41.9300
188.0000 41.9300
189.0000 41.9300
190.0000 41.9300
191.0000 41.9300
192.0000 41.9300
193.0000 41.9300
194.0000 41.9300
195.0000 42.0000
196.0000 42.0000
197.0000 42.0000
198.0000 42.0000
199.0000 42.0000
200.0000 42.0000
201.0000 42.0600
202.0000 42.0600
203.0000 42.0600
204.0000 42.0600
205.0000 42.0600
206.0000 42.0600
207.0000 42.0600
208.0000 42.0600
209.0000 42.0600
210.0000 42.1200
211.0000 42.1200
212.0000 42.1200
213.0000 42.1200
214.0000 42.1200
215.0000 42.1200
216.0000 42.1200
217.0000 42.1200
218.0000 42.0600
219.0000 42.0600
220.0000 42.1200
221.0000 42.1200
222.0000 42.1200
223.0000 42.1200
224.0000 42.1200
225.0000 42.0600
226.0000 42.0600
227.0000 42.0600
228.0000 42.0600
229.0000 42.0600
230.0000 42.0600
231.0000 42.0600
232.0000 42.0600
233.0000 42.0600
234.0000 42.0600
235.0000 42.0600
236.0000 42.0600
237.0000 42.0600
238.0000 42.0600
239.0000 42.0600
240.0000 42.0000
241.0000 42.0600
242.0000 42.0600
243.0000 42.0000
244.0000 42.0000
245.0000 42.0000
246.0000 42.0000
247.0000 42.0000
248.0000 42.0000
249.0000 42.0000
250.0000 42.0000
251.0000 42.0000
252.0000 42.0000
253.0000 42.0000
254.0000 42.0000
255.0000 42.0000
256.0000 42.0000
257.0000 42.0000
258.0000 42.0000
259.0000 42.0000
260.0000 42.0000
261.0000 42.0000
262.0000 41.9300
263.0000 41.9300
264.0000 41.9300
265.0000 42.0000
266.0000 42.0000
267.0000 41.9300
268.0000 42.0000
269.0000 41.9300
270.0000 41.9300
271.0000 41.9300
272.0000 41.9300
273.0000 41.9300
274.0000 42.0000
275.0000 41.9300
276.0000 41.9300
277.0000 41.9300
278.0000 41.9300
279.0000 41.9300
280.0000 41.9300
281.0000 41.9300
282.0000 41.9300
283.0000 41.9300
284.0000 41.9300
285.0000 41.9300
286.0000 42.0000
287.0000 42.0000
288.0000 42.0000
289.0000 42.0000
290.0000 42.0000
291.0000 42.0000
292.0000 42.0000
293.0000 42.0000
294.0000 42.0600
295.0000 42.0600
296.0000 42.0600
297.0000 42.0600
298.0000 42.0600
299.0000 42.0600
300.0000 42.0600
301.0000 42.0600
302.0000 42.0600
303.0000 42.0600
304.0000 42.0600
305.0000 42.0600
306.0000 42.1200
307.0000 42.1200
308.0000 42.1200
309.0000 42.1800
310.0000 42.1800
311.0000 42.1800
312.0000 42.1800
313.0000 42.1800
314.0000 42.1800
315.0000 42.2500
316.0000 42.2500
317.0000 42.2500
318.0000 42.2500
319.0000 42.2500
320.0000 42.2500
321.0000 42.2500
322.0000 42.2500
323.0000 42.3100
324.0000 42.3100
325.0000 42.3100
326.0000 42.3100
327.0000 42.3700
328.0000 42.3700
329.0000 42.4300
330.0000 42.4300
331.0000 42.5000
332.0000 42.5600
333.0000 42.5600
334.0000 42.6200
335.0000 42.6800
336.0000 42.7500
337.0000 42.8100
338.0000 42.8700
339.0000 42.9300
340.0000 43.0000
341.0000 43.0600
342.0000 43.1200
343.0000 43.1800
344.0000 43.3100
345.0000 43.3700
346.0000 43.4300
347.0000 43.5000
348.0000 43.5600
349.0000 43.6200
350.0000 43.6800
351.0000 43.8100
352.0000 43.8700
353.0000 43.9300
354.0000 44.0000
355.0000 44.0600
356.0000 44.1200
357.0000 44.1800
358.0000 44.2500
359.0000 44.3100
360.0000 44.3700
361.0000 44.4300
362.0000 44.5000
363.0000 44.5600
364.0000 44.6200
365.0000 44.6800
366.0000 44.6800
367.0000 44.7500
368.0000 44.8100
369.0000 44.8700
370.0000 44.9300
371.0000 44.9300
372.0000 45.0000
373.0000 45.0600
374.0000 45.0600
375.0000 45.0600
376.0000 45.1200
377.0000 45.1200
378.0000 45.1800
379.0000 45.1800
380.0000 45.2500
381.0000 45.2500
382.0000 45.2500
383.0000 45.2500
384.0000 45.3100
385.0000 45.3100
386.0000 45.3100
387.0000 45.3100
388.0000 45.3100
389.0000 45.3100
390.0000 45.3100
391.0000 45.3100
392.0000 45.3100
393.0000 45.3100
394.0000 45.3100
395.0000 45.3100
396.0000 45.3100
397.0000 45.2500
398.0000 45.2500
399.0000 45.2500
400.0000 45.2500
401.0000 45.2500
402.0000 45.1800
403.0000 45.1800
404.0000 45.1800
405.0000 45.1800
406.0000 45.1800
407.0000 45.1800
408.0000 45.1800
409.0000 45.1800
410.0000 45.1800
411.0000 45.1200
412.0000 45.1200
413.0000 45.1200
414.0000 45.1200
415.0000 45.0600
416.0000 45.0600
417.0000 45.0600
418.0000 45.0600
419.0000 45.0600
420.0000 45.0600
421.0000 45.0600
422.0000 45.0600
423.0000 45.0600
424.0000 45.0600
425.0000 45.0600
426.0000 45.0600
427.0000 45.0000
428.0000 45.0000
429.0000 45.0000
430.0000 45.0000
431.0000 45.0000
432.0000 45.0000
433.0000 45.0000
434.0000 45.0000
435.0000 45.0000
436.0000 45.0000
437.0000 45.0000
438.0000 44.9300
439.0000 44.9300
440.0000 44.9300
441.0000 44.9300
442.0000 44.9300
443.0000 44.9300
444.0000 45.0000
445.0000 45.0000
446.0000 45.0000
447.0000 45.0000
448.0000 45.0600
449.0000 45.0600
450.0000 45.0600
451.0000 45.0600
452.0000 45.1200
453.0000 45.1200
454.0000 45.1200
455.0000 45.1200
456.0000 45.1200
457.0000 45.1200
458.0000 45.0600
459.0000 45.0600
460.0000 45.0600
461.0000 45.1200
462.0000 45.1200
463.0000 45.1200
464.0000 45.1200
465.0000 45.1200
466.0000 45.1200
467.0000 45.1200
468.0000 45.1200
469.0000 45.1200
470.0000 45.1200
471.0000 45.1200
472.0000 45.1200
473.0000 45.1200
474.0000 45.1200
475.0000 45.0600
476.0000 45.0600
477.0000 45.0600
478.0000 45.0600
479.0000 45.0600
480.0000 45.0600
481.0000 45.0600
482.0000 45.0600
483.0000 45.0000
484.0000 45.0000
485.0000 45.0000
486.0000 45.0000
487.0000 45.0000
488.0000 45.0000
489.0000 44.9300
490.0000 44.9300
491.0000 44.9300
492.0000 44.9300
493.0000 44.9300
494.0000 44.9300
495.0000 44.9300
496.0000 44.9300
497.0000 44.9300
498.0000 44.9300
499.0000 44.9300
500.0000 44.9300
501.0000 44.9300
502.0000 44.9300
503.0000 44.9300
504.0000 44.9300
505.0000 44.9300
506.0000 44.9300
507.0000 44.9300
508.0000 44.9300
509.0000 44.9300
510.0000 44.9300
511.0000 44.9300
512.0000 44.9300
513.0000 44.9300
514.0000 44.9300
515.0000 45.0000
516.0000 45.0000
517.0000 45.0000
518.0000 45.0000
519.0000 45.0000
520.0000 45.0000
521.0000 45.0000
522.0000 45.0600
523.0000 45.0600
524.0000 45.0600
525.0000 45.0600
526.0000 45.0600
527.0000 45.0600
528.0000 45.0600
529.0000 45.0600
530.0000 45.0600
531.0000 45.0600
532.0000 45.0600
533.0000 45.0600
534.0000 45.0600
535.0000 45.0600
536.0000 45.0600
537.0000 45.0600
538.0000 45.1200
539.0000 45.0600
540.0000 45.0600
541.0000 45.0600
542.0000 45.0600
543.0000 45.0600
544.0000 45.0600
545.0000 45.0600
546.0000 45.0600
547.0000 45.0600
548.0000 45.0600
549.0000 45.0600
550.0000 45.0600
551.0000 45.0600
552.0000 45.0600
553.0000 45.0600
554.0000 45.0600
555.0000 45.0600
556.0000 45.0600
557.0000 45.0600
558.0000 45.0600
559.0000 45.0600
560.0000 45.0600
561.0000 45.0600
562.0000 45.0600
563.0000 45.0600
564.0000 45.0600
565.0000 45.0000
566.0000 45.0000
567.0000 45.0000
568.0000 45.0000
569.0000 45.0600
570.0000 45.0600
571.0000 45.0000
572.0000 45.0000
573.0000 45.0600
574.0000 45.0000
575.0000 45.0600
576.0000 45.0600
577.0000 45.0600
578.0000 45.0600
579.0000 45.1200
580.0000 45.1200
581.0000 45.1200
582.0000 45.1200
583.0000 45.1200
584.0000 45.1200
585.0000 45.1200
586.0000 45.1200
587.0000 45.1200
588.0000 45.1200
589.0000 45.1200
590.0000 45.1200
591.0000 45.1800
592.0000 45.1800
593.0000 45.1800
594.0000 45.2500
595.0000 45.1800
596.0000 45.2500
597.0000 45.2500
598.0000 45.2500
599.0000 45.2500
600.0000 45.3100
601.0000 45.3100
602.0000 45.3100
603.0000 45.3100
604.0000 45.2500
605.0000 45.2500
606.0000 45.2500
607.0000 45.2500
608.0000 45.2500
609.0000 45.2500
610.0000 45.1800
611.0000 45.1800
612.0000 45.1800
613.0000 45.1800
614.0000 45.1800
615.0000 45.1800
616.0000 45.1800
617.0000 45.1200
618.0000 45.1200
619.0000 45.1200
620.0000 45.1200
621.0000 45.1200
622.0000 45.1200
623.0000 45.1200
624.0000 45.1200
625.0000 45.1200
626.0000 45.1200
627.0000 45.1200
628.0000 45.1200
629.0000 45.1200
630.0000 45.1200
631.0000 45.1200
632.0000 45.1200
633.0000 45.1200
634.0000 45.1200
635.0000 45.1200
636.0000 45.1200
637.0000 45.1800
638.0000 45.1800
639.0000 45.1800
640.0000 45.1200
641.0000 45.1800
642.0000 45.1800
643.0000 45.1200
644.0000 45.1200
645.0000 45.1200
646.0000 45.1200
647.0000 45.1200
648.0000 45.1200
649.0000 45.0600
650.0000 45.0600
651.0000 45.0600
652.0000 45.0600
653.0000 45.0600
654.0000 45.0600
655.0000 45.0600
656.0000 45.0600
657.0000 45.0600
658.0000 45.0600
659.0000 45.1200
660.0000 45.0600
661.0000 45.0600
662.0000 45.0600
663.0000 45.0600
664.0000 45.1200
665.0000 45.1200
666.0000 45.1200
667.0000 45.1200
668.0000 45.1200
669.0000 45.1800
670.0000 45.1800
671.0000 45.1800
672.0000 45.1800
673.0000 45.2500
674.0000 45.2500
675.0000 45.2500
676.0000 45.3100
677.0000 45.3100
678.0000 45.3100
679.0000 45.3100
680.0000 45.3700
681.0000 45.3700
682.0000 45.3700
683.0000 45.3700
684.0000 45.3700
685.0000 45.3700
686.0000 45.3700
687.0000 45.3700
688.0000 45.3700
689.0000 45.3100
690.0000 45.3100
691.0000 45.3100
692.0000 45.3100
693.0000 45.2500
694.0000 45.2500
695.0000 45.2500
696.0000 45.2500
697.0000 45.1800
698.0000 45.1800
699.0000 45.1800
700.0000 45.1800
701.0000 45.1200
702.0000 45.1200
703.0000 45.1200
704.0000 45.1200
705.0000 45.1200
706.0000 45.0600
707.0000 45.0600
708.0000 45.0600
709.0000 45.0600
710.0000 45.0600
711.0000 45.0000
712.0000 45.0000
713.0000 45.0000
714.0000 45.0000
715.0000 44.9300
716.0000 45.0000
717.0000 44.9300
718.0000 45.0000
719.0000 45.0000
720.0000 45.0000
721.0000 45.0000
722.0000 45.0000
723.0000 45.0000
724.0000 45.0000
725.0000 45.0000
726.0000 45.0000
727.0000 45.0000
728.0000 45.0000
729.0000 45.0000
730.0000 45.0000
731.0000 45.0000
732.0000 45.0000
733.0000 45.0000
734.0000 45.0000
735.0000 45.0000
736.0000 44.9300
737.0000 44.9300
738.0000 44.9300
739.0000 44.9300
740.0000 44.9300
741.0000 44.9300
742.0000 44.9300
743.0000 44.9300
744.0000 44.9300
745.0000 44.9300
746.0000 44.9300
747.0000 44.9300
748.0000 44.9300
749.0000 44.9300
750.0000 44.9300
751.0000 44.9300
752.0000 44.9300
753.0000 44.8700
754.0000 44.8700
755.0000 44.8700
756.0000 44.8700
757.0000 44.8700
758.0000 44.8700
759.0000 44.9300
760.0000 44.8700
761.0000 44.9300
762.0000 44.9300
763.0000 44.9300
764.0000 44.9300
765.0000 44.9300
766.0000 44.9300
767.0000 44.9300
768.0000 44.9300
769.0000 44.9300
770.0000 44.9300
771.0000 44.9300
772.0000 44.9300
773.0000 44.9300
774.0000 44.9300
775.0000 44.9300
776.0000 44.9300
777.0000 44.9300
778.0000 45.0000
779.0000 45.0000
780.0000 45.0000
781.0000 45.0000
782.0000 45.0000
783.0000 45.0000
784.0000 45.0000
785.0000 45.0000
786.0000 45.0000
787.0000 45.0000
788.0000 45.0000
789.0000 45.0600
790.0000 45.0600
791.0000 45.0600
792.0000 45.0600
793.0000 45.0600
794.0000 45.0600
795.0000 45.0600
796.0000 45.0600
797.0000 45.0600
798.0000 45.0600
799.0000 45.1200
800.0000 45.0600
801.0000 45.0600
802.0000 45.1200
803.0000 45.1200
804.0000 45.1200
805.0000 45.1200
806.0000 45.1200
807.0000 45.1200
808.0000 45.1200
809.0000 45.1200
810.0000 45.1200
811.0000 45.1200
812.0000 45.1200
813.0000 45.1200
814.0000 45.0600
815.0000 45.0600
816.0000 45.0600
817.0000 45.1200
818.0000 45.1200
819.0000 45.1200
820.0000 45.1200
821.0000 45.1200
822.0000 45.1200
823.0000 45.1200
824.0000 45.1200
825.0000 45.1200
826.0000 45.1200
827.0000 45.1200
828.0000 45.1200
829.0000 45.1200
830.0000 45.0600
831.0000 45.0600
832.0000 45.0600
833.0000 45.0600
834.0000 45.0600
835.0000 45.0600
836.0000 45.0600
837.0000 45.0600
838.0000 45.0600
839.0000 45.0600
840.0000 45.0000
841.0000 45.0600
842.0000 45.0600
843.0000 45.0600
844.0000 45.0600
845.0000 45.0600
846.0000 45.0000
847.0000 45.0000
848.0000 45.0000
849.0000 45.0000
850.0000 45.0000
851.0000 45.0000
852.0000 45.0000
853.0000 45.0000
854.0000 45.0000
855.0000 45.0000
856.0000 45.0000
857.0000 45.0000
858.0000 45.0000
859.0000 45.0000
860.0000 45.0600
861.0000 45.0600
862.0000 45.0600
863.0000 45.0600
864.0000 45.0600
865.0000 45.0600
866.0000 45.0600
867.0000 45.0600
868.0000 45.0600
869.0000 45.0600
870.0000 45.1200
871.0000 45.1200
872.0000 45.1200
873.0000 45.1200
874.0000 45.1200
875.0000 45.1200
876.0000 45.1200
877.0000 45.1200
878.0000 45.1200
879.0000 45.1200
880.0000 45.1200
881.0000 45.1200
882.0000 45.1200
883.0000 45.1200
884.0000 45.1200
885.0000 45.1200
886.0000 45.1200
887.0000 45.1200
888.0000 45.1200
889.0000 45.1200
890.0000 45.1200
891.0000 45.1200
892.0000 45.1200
893.0000 45.1200
894.0000 45.1200
895.0000 45.1200
896.0000 45.1200
897.0000 45.1200
898.0000 45.1200
899.0000 45.1200
900.0000 45.1200
901.0000 45.0600
902.0000 45.0600
903.0000 45.0600
904.0000 45.0600
905.0000 45.0600
906.0000 45.0600
907.0000 45.0600
908.0000 45.0600
909.0000 45.0600
910.0000 45.0600
911.0000 45.0600
912.0000 45.0600
913.0000 45.0600
914.0000 45.0600
915.0000 45.0000
916.0000 45.0000
917.0000 45.0000
918.0000 45.0000
919.0000 45.0000
920.0000 45.0000
921.0000 45.0000
922.0000 45.0600
923.0000 45.0000
924.0000 45.0000
925.0000 45.0000
926.0000 45.0000
927.0000 45.0000
928.0000 44.9300
929.0000 44.9300
930.0000 44.9300
931.0000 44.8700
932.0000 44.8700
933.0000 44.8100
934.0000 44.8100
935.0000 44.7500
936.0000 44.7500
937.0000 44.6800
938.0000 44.6800
939.0000 44.6200
940.0000 44.5600
941.0000 44.5000
942.0000 44.5000
943.0000 44.4300
944.0000 44.3700
945.0000 44.3100
946.0000 44.2500
947.0000 44.2500
948.0000 44.1800
949.0000 44.1200
950.0000 44.0600
951.0000 44.0000
952.0000 43.9300
953.0000 43.8700
954.0000 43.8700
955.0000 43.8100
956.0000 43.7500
957.0000 43.6800
958.0000 43.6200
959.0000 43.5600
960.0000 43.5000
961.0000 43.4300
962.0000 43.4300
963.0000 43.3700
964.0000 43.3700
965.0000 43.3100
966.0000 43.2500
967.0000 43.2500
968.0000 43.1800
969.0000 43.1800
970.0000 43.1800
971.0000 43.1800
972.0000 43.1200
973.0000 43.1200
974.0000 43.1200
975.0000 43.1200
976.0000 43.1200
977.0000 43.0600
978.0000 43.0600
979.0000 43.0600
980.0000 43.0600
981.0000 43.0000
982.0000 43.0000
983.0000 43.0000
984.0000 43.0000
985.0000 43.0000
986.0000 42.9300
987.0000 42.9300
988.0000 42.9300
989.0000 42.9300
990.0000 42.9300
991.0000 42.9300
992.0000 42.9300
993.0000 42.9300
994.0000 42.9300
995.0000 42.9300
996.0000 42.9300
997.0000 42.9300
998.0000 42.9300
999.0000 43.0000
1000.0000 43.0000
1001.0000 43.0000
1002.0000 43.0000
1003.0000 43.0000
1004.0000 43.0000
1005.0000 43.0000
1006.0000 43.0000
1007.0000 43.0000
1008.0000 43.0000
1009.0000 43.0000
1010.0000 43.0000
1011.0000 43.0000
1012.0000 43.0000
1013.0000 43.0000
1014.0000 43.0000
1015.0000 43.0000
1016.0000 43.0000
1017.0000 43.0000
1018.0000 43.0000
1019.0000 43.0000
1020.0000 43.0000
1021.0000 43.0000
1022.0000 43.0000
1023.0000 43.0000
1024.0000 43.0000
1025.0000 43.0000
1026.0000 43.0000
1027.0000 43.0000
1028.0000 43.0000
1029.0000 43.0000
1030.0000 43.0600
1031.0000 43.0600
1032.0000 43.0600
1033.0000 43.0600
1034.0000 43.0600
1035.0000 43.0600
1036.0000 43.0600
1037.0000 43.0600
1038.0000 43.0600
1039.0000 43.0600
1040.0000 43.0600
1041.0000 43.1200
1042.0000 43.0600
1043.0000 43.1200
1044.0000 43.1200
1045.0000 43.1200
1046.0000 43.1200
1047.0000 43.1200
1048.0000 43.1200
1049.0000 43.1200
1050.0000 43.1200
1051.0000 43.1200
1052.0000 43.1200
1053.0000 43.1200
1054.0000 43.1200
1055.0000 43.1200
1056.0000 43.1200
1057.0000 43.1200
1058.0000 43.1200
1059.0000 43.1200
1060.0000 43.1200
1061.0000 43.1200
1062.0000 43.1200
1063.0000 43.1200
1064.0000 43.1200
1065.0000 43.1200
1066.0000 43.1200
1067.0000 43.1200
1068.0000 43.0600
1069.0000 43.0600
1070.0000 43.0600
1071.0000 43.0600
1072.0000 43.0600
1073.0000 43.0600
1074.0000 43.0600
1075.0000 43.0600
1076.0000 43.0600
1077.0000 43.0600
1078.0000 43.0600
1079.0000 43.0600
1080.0000 43.0600
1081.0000 43.0600
1082.0000 43.0600
1083.0000 43.0600
1084.0000 43.0000
1085.0000 43.0000
1086.0000 43.0000
1087.0000 43.0600
1088.0000 43.0600
1089.0000 43.0600
1090.0000 43.0600
1091.0000 43.0000
1092.0000 43.0000
1093.0000 43.0000
1094.0000 43.0000
1095.0000 43.0000
1096.0000 43.0000
1097.0000 43.0000
1098.0000 43.0000
1099.0000 43.0600
1100.0000 43.0600
1101.0000 43.0600
1102.0000 43.0600
1103.0000 43.0600
1104.0000 43.0600
1105.0000 43.0600
1106.0000 43.0600
1107.0000 43.0600
1108.0000 43.0600
1109.0000 43.0600
1110.0000 43.0600
1111.0000 43.0600
1112.0000 43.0600
1113.0000 43.0600
1114.0000 43.0600
1115.0000 43.0600
1116.0000 43.0600
1117.0000 43.0600
1118.0000 43.0000
1119.0000 43.0000
1120.0000 43.0600
1121.0000 43.0600
1122.0000 43.0600
1123.0000 43.0600
1124.0000 43.0600
1125.0000 43.0600
1126.0000 43.0000
1127.0000 43.0000
1128.0000 43.0000
1129.0000 43.0000
1130.0000 43.0000
1131.0000 43.0000
1132.0000 43.0000
1133.0000 43.0000
1134.0000 43.0000
1135.0000 43.0000
1136.0000 43.0000
1137.0000 43.0000
1138.0000 43.0000
1139.0000 43.0000
1140.0000 43.0000
1141.0000 43.0000
1142.0000 43.0000
1143.0000 43.0000
1144.0000 43.0000
1145.0000 43.0000
1146.0000 42.9300
1147.0000 43.0000
1148.0000 43.0000
1149.0000 43.0000
1150.0000 43.0000
1151.0000 43.0000
1152.0000 43.0000
1153.0000 43.0000
1154.0000 43.0000
1155.0000 43.0000
1156.0000 43.0600
1157.0000 43.0600
1158.0000 43.0600
1159.0000 43.0600
1160.0000 43.0600
1161.0000 43.0600
1162.0000 43.0600
1163.0000 43.0600
1164.0000 43.0600
1165.0000 43.0600
1166.0000 43.0600
1167.0000 43.0600
1168.0000 43.0600
1169.0000 43.0600
1170.0000 43.0600
1171.0000 43.0600
1172.0000 43.0600
1173.0000 43.0600
1174.0000 43.0600
1175.0000 43.0600
1176.0000 43.0000
1177.0000 43.0600
1178.0000 43.0000
1179.0000 43.0000
1180.0000 43.0000
1181.0000 43.0000
1182.0000 43.0000
1183.0000 43.0000
1184.0000 43.0000
1185.0000 43.0000
1186.0000 43.0000
1187.0000 43.0000
1188.0000 43.0000
1189.0000 43.0000
1190.0000 43.0000
1191.0000 43.0000
1192.0000 43.0000
1193.0000 43.0000
1194.0000 43.0000
1195.0000 43.0000
1196.0000 43.0000
1197.0000 43.0000
1198.0000 43.0000
1199.0000 43.0000
1200.0000 43.0000
1201.0000 43.0000
1202.0000 43.0000
1203.0000 43.0000
1204.0000 43.0600
1205.0000 43.0600
1206.0000 43.0600
1207.0000 43.0600
1208.0000 43.0600
1209.0000 43.0600
1210.0000 43.0600
1211.0000 43.0600
1212.0000 43.0600
1213.0000 43.0600
1214.0000 43.1200
1215.0000 43.0600
1216.0000 43.0600
1217.0000 43.0600
1218.0000 43.1200
1219.0000 43.1200
1220.0000 43.1200
1221.0000 43.1200
1222.0000 43.1200
1223.0000 43.1200
1224.0000 43.1200
1225.0000 43.1200
1226.0000 43.1200
1227.0000 43.1200
1228.0000 43.1200
1229.0000 43.1200
1230.0000 43.1200
1231.0000 43.1200
1232.0000 43.1200
1233.0000 43.1200
1234.0000 43.1200
1235.0000 43.1200
1236.0000 43.1200
1237.0000 43.1800
1238.0000 43.1800
1239.0000 43.1800
1240.0000 43.1800
1241.0000 43.1200
1242.0000 43.1200
1243.0000 43.1200
1244.0000 43.1200
1245.0000 43.1200
1246.0000 43.1200
1247.0000 43.1200
1248.0000 43.1200
1249.0000 43.1200
1250.0000 43.1200
1251.0000 43.1200
1252.0000 43.1800
1253.0000 43.1200
1254.0000 43.1200
1255.0000 43.1200
1256.0000 43.1200
1257.0000 43.1200
1258.0000 43.1200
1259.0000 43.1200
1260.0000 43.1200
1261.0000 43.0600
1262.0000 43.0600
1263.0000 43.0600
1264.0000 43.0600
1265.0000 43.0600
1266.0000 43.0600
1267.0000 43.0600
1268.0000 43.0600
1269.0000 43.0600
1270.0000 43.0600
1271.0000 43.0000
1272.0000 43.0000
1273.0000 43.0000
1274.0000 43.0000
1275.0000 43.0000
1276.0000 43.0000
1277.0000 43.0000
1278.0000 43.0000
1279.0000 43.0000
1280.0000 43.0000
1281.0000 43.0000
1282.0000 43.0000
1283.0000 43.0000
1284.0000 43.0000
1285.0000 43.0000
1286.0000 43.0000
1287.0000 43.0000
1288.0000 43.0000
1289.0000 43.0000
1290.0000 43.0600
1291.0000 43.0600
1292.0000 43.0600
1293.0000 43.0600
1294.0000 43.0600
1295.0000 43.0600
1296.0000 43.0600
1297.0000 43.1200
1298.0000 43.1200
1299.0000 43.1200
1300.0000 43.1200
1301.0000 43.1200
1302.0000 43.1200
1303.0000 43.1200
1304.0000 43.1200
1305.0000 43.1200
1306.0000 43.1200
1307.0000 43.0600
1308.0000 43.0600
1309.0000 43.0600
1310.0000 43.0600
1311.0000 43.0600
1312.0000 43.0600
1313.0000 43.0600
1314.0000 43.0600
1315.0000 43.0600
1316.0000 43.0600
1317.0000 43.0600
1318.0000 43.0600
1319.0000 43.0600
1320.0000 43.0600
1321.0000 43.0600
1322.0000 43.0600
1323.0000 43.0600
1324.0000 43.0600
1325.0000 43.0600
1326.0000 43.0600
1327.0000 43.0600
1328.0000 43.0600
1329.0000 43.0600
1330.0000 43.0600
1331.0000 43.0600
1332.0000 43.0600
1333.0000 43.0600
1334.0000 43.0600
1335.0000 43.0600
1336.0000 43.0600
1337.0000 43.0600
1338.0000 43.0600
1339.0000 43.0600
1340.0000 43.0600
1341.0000 43.0600
1342.0000 43.0600
1343.0000 43.0600
1344.0000 43.0600
1345.0000 43.0600
1346.0000 43.0600
1347.0000 43.0600
1348.0000 43.0600
1349.0000 43.0600
1350.0000 43.0600
1351.0000 43.0600
1352.0000 43.0600
1353.0000 43.0600
1354.0000 43.0600
1355.0000 43.0600
1356.0000 43.0600
1357.0000 43.0600
1358.0000 43.0600
1359.0000 43.0000
1360.0000 43.0600
1361.0000 43.0600
1362.0000 43.0600
1363.0000 43.0600
1364.0000 43.0600
1365.0000 43.0600
1366.0000 43.0600
1367.0000 43.0600
1368.0000 43.0600
1369.0000 43.0600
1370.0000 43.0600
1371.0000 43.0600
1372.0000 43.1200
1373.0000 43.1200
1374.0000 43.1200
1375.0000 43.1200
1376.0000 43.1200
1377.0000 43.1200
1378.0000 43.1200
1379.0000 43.0600
1380.0000 43.0600
1381.0000 43.0600
1382.0000 43.0600
1383.0000 43.0000
1384.0000 43.0600
1385.0000 43.0600
1386.0000 43.0000
1387.0000 43.0000
1388.0000 43.0000
1389.0000 43.0600
1390.0000 43.0600
1391.0000 43.0600
1392.0000 43.0600
1393.0000 43.0600
1394.0000 43.0600
1395.0000 43.0600
1396.0000 43.0600
1397.0000 43.0600
1398.0000 43.1200
1399.0000 43.1200
1400.0000 43.1200
1401.0000 43.1200
1402.0000 43.1200
1403.0000 43.1200
1404.0000 43.0600
1405.0000 43.0600
1406.0000 43.0600
1407.0000 43.0600
1408.0000 43.0600
1409.0000 43.0600
1410.0000 43.0600
1411.0000 43.1200
1412.0000 43.0600
1413.0000 43.1200
1414.0000 43.1200
1415.0000 43.0600
1416.0000 43.0600
1417.0000 43.0600
1418.0000 43.0600
1419.0000 43.0600
1420.0000 43.0600
1421.0000 43.0600
1422.0000 43.0600
1423.0000 43.0600
1424.0000 43.0600
1425.0000 43.0600
1426.0000 43.0600
1427.0000 43.0600
1428.0000 43.0600
1429.0000 43.0600
1430.0000 43.0600
1431.0000 43.0600
1432.0000 43.0600
1433.0000 43.0600
1434.0000 43.0600
1435.0000 43.0600
1436.0000 43.0600
1437.0000 43.0600
1438.0000 43.0600
1439.0000 43.0600
1440.0000 43.0600
1441.0000 43.0600
1442.0000 43.0600
1443.0000 43.0600
1444.0000 43.0600
1445.0000 43.0600
1446.0000 43.0600
1447.0000 43.0600
1448.0000 43.0000
1449.0000 43.0600
1450.0000 43.0600
1451.0000 43.0600
1452.0000 43.0600
1453.0000 43.0600
1454.0000 43.0600
1455.0000 43.0600
1456.0000 43.0600
1457.0000 43.0600
1458.0000 43.0600
1459.0000 43.0600
1460.0000 43.0600
1461.0000 43.0600
1462.0000 43.0600
1463.0000 43.0600
1464.0000 43.0600
1465.0000 43.0600
1466.0000 43.0600
1467.0000 43.0600
1468.0000 43.0600
1469.0000 43.0600
1470.0000 43.0600
1471.0000 43.0600
1472.0000 43.0600
1473.0000 43.0600
1474.0000 43.0600
1475.0000 43.0600
1476.0000 43.0600
1477.0000 43.1200
1478.0000 43.1200
1479.0000 43.1200
1480.0000 43.1200
1481.0000 43.1200
1482.0000 43.1200
1483.0000 43.1200
1484.0000 43.0600
1485.0000 43.0600
1486.0000 43.0600
1487.0000 43.0600
1488.0000 43.0600
1489.0000 43.0600
1490.0000 43.0600
1491.0000 43.0600
1492.0000 43.0600
1493.0000 43.0600
1494.0000 43.1200
1495.0000 43.1200
1496.0000 43.1200
1497.0000 43.0600
1498.0000 43.0600
1499.0000 43.0600
1500.0000 43.0600
1501.0000 43.0600
1502.0000 43.0600
1503.0000 43.0600
1504.0000 43.0600
1505.0000 43.0600
1506.0000 43.0600
1507.0000 43.0600
1508.0000 43.0600
1509.0000 43.0600
1510.0000 43.0600
1511.0000 43.0600
1512.0000 43.0600
1513.0000 43.0600
1514.0000 43.0600
1515.0000 43.1200
1516.0000 43.0600
1517.0000 43.0600
1518.0000 43.0600
1519.0000 43.1200
1520.0000 43.0600
1521.0000 43.1200
1522.0000 43.0600
1523.0000 43.0600
1524.0000 43.0600
1525.0000 43.1200
1526.0000 43.1200
1527.0000 43.1200
1528.0000 43.1200
1529.0000 43.1800
1530.0000 43.1800
1531.0000 43.1800
1532.0000 43.1800
1533.0000 43.2500
1534.0000 43.2500
1535.0000 43.2500
1536.0000 43.3100
1537.0000 43.3100
1538.0000 43.3700
1539.0000 43.3700
1540.0000 43.3700
1541.0000 43.4300
1542.0000 43.4300
1543.0000 43.4300
1544.0000 43.5000
1545.0000 43.5000
1546.0000 43.5000
1547.0000 43.5600
1548.0000 43.6200
1549.0000 43.6200
1550.0000 43.6200
1551.0000 43.6800
1552.0000 43.6800
1553.0000 43.6800
1554.0000 43.7500
1555.0000 43.7500
1556.0000 43.8100
1557.0000 43.8100
1558.0000 43.8700
1559.0000 43.8700
1560.0000 43.9300
1561.0000 43.9300
1562.0000 44.0000
1563.0000 44.0000
1564.0000 44.0000
1565.0000 44.0000
1566.0000 44.0600
1567.0000 44.0600
1568.0000 44.0600
1569.0000 44.0600
1570.0000 44.0600
1571.0000 44.1200
1572.0000 44.1200
1573.0000 44.1200
1574.0000 44.1800
1575.0000 44.1800
1576.0000 44.1800
1577.0000 44.2500
1578.0000 44.2500
1579.0000 44.2500
1580.0000 44.2500
1581.0000 44.2500
1582.0000 44.2500
1583.0000 44.2500
1584.0000 44.2500
1585.0000 44.2500
1586.0000 44.2500
1587.0000 44.2500
1588.0000 44.2500
1589.0000 44.2500
1590.0000 44.1800
1591.0000 44.1800
1592.0000 44.1800
1593.0000 44.1800
1594.0000 44.1800
1595.0000 44.1800
1596.0000 44.1800
1597.0000 44.1800
1598.0000 44.1200
1599.0000 44.1200
1600.0000 44.1200
1601.0000 44.1200
1602.0000 44.1200
1603.0000 44.1200
1604.0000 44.0600
1605.0000 44.0600
1606.0000 44.0600
1607.0000 44.1200
1608.0000 44.1200
1609.0000 44.1200
1610.0000 44.1200
1611.0000 44.1200
1612.0000 44.1200
1613.0000 44.1200
1614.0000 44.0600
1615.0000 44.0600
1616.0000 44.0600
1617.0000 44.1200
1618.0000 44.1200
1619.0000 44.1200
1620.0000 44.0600
1621.0000 44.0600
1622.0000 44.0600
1623.0000 44.0600
1624.0000 44.0600
1625.0000 44.0600
1626.0000 44.0000
1627.0000 44.0000
1628.0000 44.0000
1629.0000 44.0000
1630.0000 44.0000
1631.0000 44.0000
1632.0000 44.0000
1633.0000 44.0000
1634.0000 44.0000
1635.0000 44.0000
1636.0000 44.0000
1637.0000 44.0000
1638.0000 44.0000
1639.0000 44.0600
1640.0000 44.0600
1641.0000 44.0600
1642.0000 44.0600
1643.0000 44.0600
1644.0000 44.0600
1645.0000 44.0600
1646.0000 44.0600
1647.0000 44.0600
1648.0000 44.0600
1649.0000 44.1200
1650.0000 44.1200
1651.0000 44.1200
1652.0000 44.1200
1653.0000 44.1200
1654.0000 44.1200
1655.0000 44.1800
1656.0000 44.1800
1657.0000 44.1800
1658.0000 44.1200
1659.0000 44.1200
1660.0000 44.1200
1661.0000 44.1200
1662.0000 44.1200
1663.0000 44.1200
1664.0000 44.1800
1665.0000 44.1800
1666.0000 44.1800
1667.0000 44.1800
1668.0000 44.1800
1669.0000 44.1800
1670.0000 44.1800
1671.0000 44.1800
1672.0000 44.1800
1673.0000 44.1800
1674.0000 44.2500
1675.0000 44.2500
1676.0000 44.2500
1677.0000 44.2500
1678.0000 44.2500
1679.0000 44.2500
1680.0000 44.2500
1681.0000 44.2500
1682.0000 44.2500
1683.0000 44.2500
1684.0000 44.2500
1685.0000 44.2500
1686.0000 44.2500
1687.0000 44.2500
1688.0000 44.2500
1689.0000 44.2500
1690.0000 44.2500
1691.0000 44.2500
1692.0000 44.1800
1693.0000 44.1800
1694.0000 44.1800
1695.0000 44.1800
1696.0000 44.1800
1697.0000 44.1800
1698.0000 44.1800
1699.0000 44.1200
1700.0000 44.1200
1701.0000 44.1200
1702.0000 44.1200
1703.0000 44.1200
1704.0000 44.1200
1705.0000 44.1200
1706.0000 44.1200
1707.0000 44.0600
1708.0000 44.0600
1709.0000 44.0600
1710.0000 44.0600
1711.0000 44.0600
1712.0000 44.0600
1713.0000 44.0600
1714.0000 44.0600
1715.0000 44.0600
1716.0000 44.0000
1717.0000 44.0000
1718.0000 44.0000
1719.0000 44.0000
1720.0000 44.0000
1721.0000 44.0000
1722.0000 44.0000
1723.0000 44.0000
1724.0000 44.0000
1725.0000 44.0000
1726.0000 44.0000
1727.0000 44.0000
1728.0000 44.0000
1729.0000 44.0000
1730.0000 44.0000
1731.0000 44.0000
1732.0000 44.0000
1733.0000 44.0000
1734.0000 44.0000
1735.0000 44.0000
1736.0000 44.0000
1737.0000 44.0000
1738.0000 44.0000
1739.0000 44.0000
1740.0000 44.0000
1741.0000 44.0000
1742.0000 44.0000
1743.0000 44.0000
1744.0000 44.0000
1745.0000 44.0000
1746.0000 44.0000
1747.0000 44.0000
1748.0000 44.0000
1749.0000 44.0000
1750.0000 44.0000
1751.0000 44.0600
1752.0000 44.0600
1753.0000 44.0600
1754.0000 44.0600
1755.0000 44.0600
1756.0000 44.0600
1757.0000 44.0600
1758.0000 44.0600
1759.0000 44.0600
1760.0000 44.0600
1761.0000 44.0600
1762.0000 44.0600
1763.0000 44.0600
1764.0000 44.1200
1765.0000 44.1200
1766.0000 44.1200
1767.0000 44.1200
1768.0000 44.1200
1769.0000 44.1200
1770.0000 44.1200
1771.0000 44.1200
1772.0000 44.1200
1773.0000 44.1200
1774.0000 44.1200
1775.0000 44.1200
1776.0000 44.1200
1777.0000 44.1200
1778.0000 44.1200
1779.0000 44.1200
1780.0000 44.0600
1781.0000 44.0600
1782.0000 44.0600
1783.0000 44.0600
1784.0000 44.0600
1785.0000 44.0600
1786.0000 44.0600
1787.0000 44.0600
1788.0000 44.0600
1789.0000 44.0600
1790.0000 44.1200
1791.0000 44.1200
1792.0000 44.1200
1793.0000 44.1200
1794.0000 44.1200
1795.0000 44.1200
1796.0000 44.1200
1797.0000 44.1200
1798.0000 44.1200
1799.0000 44.1200
1800.0000 44.1200
1801.0000 44.1200
1802.0000 44.1200
1803.0000 44.1200
1804.0000 44.1200
1805.0000 44.1200
1806.0000 44.1200
1807.0000 44.1200
1808.0000 44.1200
1809.0000 44.1200
1810.0000 44.0600
