1.0000 39.6200
2.0000 39.6200
3.0000 39.6200
4.0000 39.6200
5.0000 39.6200
6.0000 39.6200
7.0000 39.6200
8.0000 39.6200
9.0000 39.6200
10.0000 40.2500
11.0000 40.2500
12.0000 40.2500
13.0000 40.2500
14.0000 40.2500
15.0000 40.2500
16.0000 40.3100
17.0000 40.3100
18.0000 40.3100
19.0000 40.3100
20.0000 40.3100
21.0000 40.3100
22.0000 40.3100
23.0000 40.3100
24.0000 40.3700
25.0000 40.3700
26.0000 40.3700
27.0000 40.4300
28.0000 40.4300
29.0000 40.5000
30.0000 40.5600
31.0000 40.5600
32.0000 40.6200
33.0000 40.6800
34.0000 40.6800
35.0000 40.7500
36.0000 40.8100
37.0000 40.8700
38.0000 40.9300
39.0000 41.0000
40.0000 41.0600
41.0000 41.0600
42.0000 41.1800
43.0000 41.2500
44.0000 41.3100
45.0000 41.3700
46.0000 41.4300
47.0000 41.5000
48.0000 41.6200
49.0000 41.6800
50.0000 41.7500
51.0000 41.8100
52.0000 41.8700
53.0000 41.9300
54.0000 42.0000
55.0000 42.0600
56.0000 42.1200
57.0000 42.1800
58.0000 42.2500
59.0000 42.3100
60.0000 42.3100
61.0000 42.3700
62.0000 42.3700
63.0000 42.3700
64.0000 42.4300
65.0000 42.4300
66.0000 42.5000
67.0000 42.5000
68.0000 42.5600
69.0000 42.5600
70.0000 42.5600
71.0000 42.6200
72.0000 42.6200
73.0000 42.6200
74.0000 42.6200
75.0000 42.6200
76.0000 42.6200
77.0000 42.6200
78.0000 42.6200
79.0000 42.6200
80.0000 42.6200
81.0000 42.6200
82.0000 42.6200
83.0000 42.6200
84.0000 42.6200
85.0000 42.6200
86.0000 42.5600
87.0000 42.6200
88.0000 42.5600
89.0000 42.5600
90.0000 42.5600
91.0000 42.5600
92.0000 42.5600
93.0000 42.5600
94.0000 42.5600
95.0000 42.5600
96.0000 42.5600
97.0000 42.5600
98.0000 42.5600
99.0000 42.5600
100.0000 42.5600
101.0000 42.5600
102.0000 42.5600
103.0000 42.5600
104.0000 42.5600
105.0000 42.5600
106.0000 42.5000
107.0000 42.5600
108.0000 42.5600
109.0000 42.5600
110.0000 42.5600
111.0000 42.5000
112.0000 42.5000
113.0000 42.5000
114.0000 42.5000
115.0000 42.5000
116.0000 42.5000
117.0000 42.5000
118.0000 42.5000
119.0000 42.5000
120.0000 42.5000
121.0000 42.5000
122.0000 42.5000
123.0000 42.5000
124.0000 42.5000
125.0000 42.5000
126.0000 42.5000
127.0000 42.5000
128.0000 42.5000
129.0000 42.5000
130.0000 42.5000
131.0000 42.5000
132.0000 42.5000
133.0000 42.5000
134.0000 42.5000
135.0000 42.5600
136.0000 42.5600
137.0000 42.5600
138.0000 42.5600
139.0000 42.5600
140.0000 42.5600
141.0000 42.5600
142.0000 42.5600
143.0000 42.5600
144.0000 42.6200
145.0000 42.6200
146.0000 42.5600
147.0000 42.6200
148.0000 42.6200
149.0000 42.6200
150.0000 42.5600
151.0000 42.5600
152.0000 42.5600
153.0000 42.5600
154.0000 42.5600
155.0000 42.5600
156.0000 42.5600
157.0000 42.5600
158.0000 42.5600
159.0000 42.5600
160.0000 42.5600
161.0000 42.5600
162.0000 42.5600
163.0000 42.6200
164.0000 42.6200
165.0000 42.6200
166.0000 42.6200
167.0000 42.6200
168.0000 42.6200
169.0000 42.5600
170.0000 42.5600
171.0000 42.5600
172.0000 42.5600
173.0000 42.5600
174.0000 42.6200
175.0000 42.6200
176.0000 42.5600
177.0000 42.5600
178.0000 42.5600
179.0000 42.5600
180.0000 42.6200
181.0000 42.6200
182.0000 42.5600
183.0000 42.5600
184.0000 42.6200
185.0000 42.6200
186.0000 42.6200
187.0000 42.6200
188.0000 42.6200
189.0000 42.6200
190.0000 42.5600
191.0000 42.5600
192.0000 42.5600
193.0000 42.5000
194.0000 42.5000
195.0000 42.5000
196.0000 42.5000
197.0000 42.5000
198.0000 42.5000
199.0000 42.5600
200.0000 42.5600
201.0000 42.5600
202.0000 42.5600
203.0000 42.5600
204.0000 42.6200
205.0000 42.6200
206.0000 42.6200
207.0000 42.6200
208.0000 42.6200
209.0000 42.6200
210.0000 42.6200
211.0000 42.6200
212.0000 42.5600
213.0000 42.5600
214.0000 42.5600
215.0000 42.5600
216.0000 42.5600
217.0000 42.5600
218.0000 42.5600
219.0000 42.5600
220.0000 42.5000
221.0000 42.5600
222.0000 42.5600
223.0000 42.5000
224.0000 42.5000
225.0000 42.5000
226.0000 42.5000
227.0000 42.5000
228.0000 42.5000
229.0000 42.4300
230.0000 42.4300
231.0000 42.4300
232.0000 42.4300
233.0000 42.4300
234.0000 42.4300
235.0000 42.4300
236.0000 42.5000
237.0000 42.5000
238.0000 42.5000
239.0000 42.5000
240.0000 42.5000
241.0000 42.5000
242.0000 42.5000
243.0000 42.5600
244.0000 42.5600
245.0000 42.5600
246.0000 42.5600
247.0000 42.5600
248.0000 42.5600
249.0000 42.6200
250.0000 42.5600
251.0000 42.6200
252.0000 42.6200
253.0000 42.6200
254.0000 42.6200
255.0000 42.6200
256.0000 42.6800
257.0000 42.6800
258.0000 42.6800
259.0000 42.6800
260.0000 42.6800
261.0000 42.6800
262.0000 42.6800
263.0000 42.6800
264.0000 42.6800
265.0000 42.6800
266.0000 42.6800
267.0000 42.6800
268.0000 42.6800
269.0000 42.6800
270.0000 42.6800
271.0000 42.6800
272.0000 42.6800
273.0000 42.6800
274.0000 42.6800
275.0000 42.6200
276.0000 42.6200
277.0000 42.6200
278.0000 42.6200
279.0000 42.6200
280.0000 42.6200
281.0000 42.6200
282.0000 42.6200
283.0000 42.6200
284.0000 42.6200
285.0000 42.6200
286.0000 42.6200
287.0000 42.6200
288.0000 42.6200
289.0000 42.6200
290.0000 42.6200
291.0000 42.6200
292.0000 42.6200
293.0000 42.6200
294.0000 42.6200
295.0000 42.6200
296.0000 42.6200
297.0000 42.6200
298.0000 42.6200
299.0000 42.6200
300.0000 42.6200
301.0000 42.6200
302.0000 42.6200
303.0000 42.6200
304.0000 42.6800
305.0000 42.6800
306.0000 42.6800
307.0000 42.6800
308.0000 42.6800
309.0000 42.6800
310.0000 42.6800
311.0000 42.6800
312.0000 42.6200
313.0000 42.6200
314.0000 42.6200
315.0000 42.6200
316.0000 42.6200
317.0000 42.6200
318.0000 42.5600
319.0000 42.5600
320.0000 42.5600
321.0000 42.5600
322.0000 42.5600
323.0000 42.5600
324.0000 42.5600
325.0000 42.5600
326.0000 42.5600
327.0000 42.5600
328.0000 42.5600
329.0000 42.5600
330.0000 42.5600
331.0000 42.5600
332.0000 42.5600
333.0000 42.5600
334.0000 42.5600
335.0000 42.5600
336.0000 42.5600
337.0000 42.5600
338.0000 42.5600
339.0000 42.5600
340.0000 42.5600
341.0000 42.5600
342.0000 42.5600
343.0000 42.5600
344.0000 42.5600
345.0000 42.5600
346.0000 42.5600
347.0000 42.5600
348.0000 42.5600
349.0000 42.5600
350.0000 42.5600
351.0000 42.5600
352.0000 42.5600
353.0000 42.5600
354.0000 42.5600
355.0000 42.6200
356.0000 42.6200
357.0000 42.6200
358.0000 42.6200
359.0000 42.6200
360.0000 42.6200
361.0000 42.6200
362.0000 42.6200
363.0000 42.6200
364.0000 42.6200
365.0000 42.6200
366.0000 42.6200
367.0000 42.6200
368.0000 42.6200
369.0000 42.6200
370.0000 42.6200
371.0000 42.6200
372.0000 42.6200
373.0000 42.6800
374.0000 42.6800
375.0000 42.6800
376.0000 42.6800
377.0000 42.6200
378.0000 42.6200
379.0000 42.6200
380.0000 42.6200
381.0000 42.6800
382.0000 42.6200
383.0000 42.6200
384.0000 42.6200
385.0000 42.6200
386.0000 42.6200
387.0000 42.5600
388.0000 42.5600
389.0000 42.5600
390.0000 42.5600
391.0000 42.5600
392.0000 42.5600
393.0000 42.5600
394.0000 42.5600
395.0000 42.5600
396.0000 42.5600
397.0000 42.5600
398.0000 42.5600
399.0000 42.5600
400.0000 42.6200
401.0000 42.6200
402.0000 42.6200
403.0000 42.6200
404.0000 42.6800
405.0000 42.6800
406.0000 42.6800
407.0000 42.6800
408.0000 42.6800
409.0000 42.6800
410.0000 42.6800
411.0000 42.6200
412.0000 42.6200
413.0000 42.6200
414.0000 42.6200
415.0000 42.6200
416.0000 42.6200
417.0000 42.6200
418.0000 42.6200
419.0000 42.6200
420.0000 42.6200
421.0000 42.6200
422.0000 42.6200
423.0000 42.6200
424.0000 42.6200
425.0000 42.6200
426.0000 42.6200
427.0000 42.6200
428.0000 42.5600
429.0000 42.5600
430.0000 42.5000
431.0000 42.5000
432.0000 42.5000
433.0000 42.5000
434.0000 42.5000
435.0000 42.5000
436.0000 42.5000
437.0000 42.5000
438.0000 42.5000
439.0000 42.5000
440.0000 42.5000
441.0000 42.5000
442.0000 42.5000
443.0000 42.5000
444.0000 42.5000
445.0000 42.5000
446.0000 42.5000
447.0000 42.5000
448.0000 42.5000
449.0000 42.5600
450.0000 42.5600
451.0000 42.5600
452.0000 42.5600
453.0000 42.5600
454.0000 42.5600
455.0000 42.5600
456.0000 42.5000
457.0000 42.5000
458.0000 42.5000
459.0000 42.5000
460.0000 42.5000
461.0000 42.5600
462.0000 42.5600
463.0000 42.5600
464.0000 42.5600
465.0000 42.6200
466.0000 42.6200
467.0000 42.6200
468.0000 42.6200
469.0000 42.6200
470.0000 42.6200
471.0000 42.6800
472.0000 42.6800
473.0000 42.6800
474.0000 42.6800
475.0000 42.6800
476.0000 42.6800
477.0000 42.6800
478.0000 42.6800
479.0000 42.6800
480.0000 42.6800
481.0000 42.6800
482.0000 42.6800
483.0000 42.6800
484.0000 42.6800
485.0000 42.6800
486.0000 42.6800
487.0000 42.6800
488.0000 42.6200
489.0000 42.6200
490.0000 42.6200
491.0000 42.6200
492.0000 42.6200
493.0000 42.6200
494.0000 42.6200
495.0000 42.6200
496.0000 42.6200
497.0000 42.5600
498.0000 42.5600
499.0000 42.5600
500.0000 42.5600
501.0000 42.6200
502.0000 42.6200
503.0000 42.6200
504.0000 42.6200
505.0000 42.6200
506.0000 42.6200
507.0000 42.6200
508.0000 42.6200
509.0000 42.6200
510.0000 42.5600
511.0000 42.5600
512.0000 42.5600
513.0000 42.5600
514.0000 42.5600
515.0000 42.5600
516.0000 42.5600
517.0000 42.5600
518.0000 42.5600
519.0000 42.5600
520.0000 42.5600
521.0000 42.5600
522.0000 42.5000
523.0000 42.5000
524.0000 42.5000
525.0000 42.5000
526.0000 42.5000
527.0000 42.5000
528.0000 42.5000
529.0000 42.5000
530.0000 42.5000
531.0000 42.5000
532.0000 42.5000
533.0000 42.5000
534.0000 42.5000
535.0000 42.5600
536.0000 42.5000
537.0000 42.5600
538.0000 42.5600
539.0000 42.5600
540.0000 42.5600
541.0000 42.5600
542.0000 42.5600
543.0000 42.5600
544.0000 42.5600
545.0000 42.5600
546.0000 42.5600
547.0000 42.5600
548.0000 42.5600
549.0000 42.5600
550.0000 42.5600
551.0000 42.5600
552.0000 42.6200
553.0000 42.6200
554.0000 42.6200
555.0000 42.6200
556.0000 42.6200
557.0000 42.6200
558.0000 42.6200
559.0000 42.6200
560.0000 42.6200
561.0000 42.6200
562.0000 42.6200
563.0000 42.6200
564.0000 42.6200
565.0000 42.6200
566.0000 42.6200
567.0000 42.6200
568.0000 42.6200
569.0000 42.6200
570.0000 42.6200
571.0000 42.6200
572.0000 42.6800
573.0000 42.6800
574.0000 42.6800
575.0000 42.6800
576.0000 42.6800
577.0000 42.6800
578.0000 42.6800
579.0000 42.6800
580.0000 42.6200
581.0000 42.6200
582.0000 42.6200
583.0000 42.6200
584.0000 42.6200
585.0000 42.6200
586.0000 42.6200
587.0000 42.6800
588.0000 42.6800
589.0000 42.6200
590.0000 42.6800
591.0000 42.6800
592.0000 42.6800
593.0000 42.6800
594.0000 42.6800
595.0000 42.6800
596.0000 42.6800
597.0000 42.6800
598.0000 42.6800
599.0000 42.6800
600.0000 42.6800
601.0000 42.6800
602.0000 42.6800
603.0000 42.6800
604.0000 42.6800
605.0000 42.6800
606.0000 42.6800
607.0000 42.6800
608.0000 42.6800
609.0000 42.6800
610.0000 42.6800
611.0000 42.6800
612.0000 42.6800
613.0000 42.6800
614.0000 42.6800
615.0000 42.6800
616.0000 42.6800
617.0000 42.6200
618.0000 42.6800
619.0000 42.6200
620.0000 42.6200
621.0000 42.6200
622.0000 42.6200
623.0000 42.6200
624.0000 42.6200
625.0000 42.5600
626.0000 42.5600
627.0000 42.5000
628.0000 42.5000
629.0000 42.4300
630.0000 42.3700
631.0000 42.3700
632.0000 42.3100
633.0000 42.2500
634.0000 42.1800
635.0000 42.1200
636.0000 42.0600
637.0000 42.0000
638.0000 41.8700
639.0000 41.8100
640.0000 41.7500
641.0000 41.7500
642.0000 41.6800
643.0000 41.6200
644.0000 41.5600
645.0000 41.5000
646.0000 41.4300
647.0000 41.3700
648.0000 41.3100
649.0000 41.2500
650.0000 41.1800
651.0000 41.1800
652.0000 41.1200
653.0000 41.0600
654.0000 41.0000
655.0000 41.0000
656.0000 40.9300
657.0000 40.9300
658.0000 40.8700
659.0000 40.8700
660.0000 40.8100
661.0000 40.8100
662.0000 40.8100
663.0000 40.7500
664.0000 40.7500
665.0000 40.7500
666.0000 40.6800
667.0000 40.6800
668.0000 40.6800
669.0000 40.6800
670.0000 40.6800
671.0000 40.6200
672.0000 40.6800
673.0000 40.6800
674.0000 40.6800
675.0000 40.6800
676.0000 40.6800
677.0000 40.6800
678.0000 40.6800
679.0000 40.6800
680.0000 40.6800
681.0000 40.6800
682.0000 40.6800
683.0000 40.6800
684.0000 40.6800
685.0000 40.6800
686.0000 40.6800
687.0000 40.6800
688.0000 40.6800
689.0000 40.6800
690.0000 40.6800
691.0000 40.6800
692.0000 40.6200
693.0000 40.6200
694.0000 40.6200
695.0000 40.6200
696.0000 40.6200
697.0000 40.6200
698.0000 40.6200
699.0000 40.6200
700.0000 40.6200
701.0000 40.6800
702.0000 40.6800
703.0000 40.6800
704.0000 40.6800
705.0000 40.6800
706.0000 40.6200
707.0000 40.6800
708.0000 40.6200
709.0000 40.6200
710.0000 40.6200
711.0000 40.6200
712.0000 40.6200
713.0000 40.6200
714.0000 40.6200
715.0000 40.6200
716.0000 40.6200
717.0000 40.6200
718.0000 40.6200
719.0000 40.6200
720.0000 40.6200
721.0000 40.6800
722.0000 40.6800
723.0000 40.6200
724.0000 40.6200
725.0000 40.6800
726.0000 40.6800
727.0000 40.6800
728.0000 40.6200
729.0000 40.6200
730.0000 40.6800
731.0000 40.6800
732.0000 40.6800
733.0000 40.6800
734.0000 40.6200
735.0000 40.6200
736.0000 40.6200
737.0000 40.6200
738.0000 40.6800
739.0000 40.6200
740.0000 40.6200
741.0000 40.6200
742.0000 40.6200
743.0000 40.6200
744.0000 40.6200
745.0000 40.6200
746.0000 40.6200
747.0000 40.6200
748.0000 40.6200
749.0000 40.6200
750.0000 40.6200
751.0000 40.6200
752.0000 40.6800
753.0000 40.6800
754.0000 40.6200
755.0000 40.6200
756.0000 40.6200
757.0000 40.6200
758.0000 40.6800
759.0000 40.6800
760.0000 40.6800
761.0000 40.6800
762.0000 40.6800
763.0000 40.6800
764.0000 40.6800
765.0000 40.6800
766.0000 40.7500
767.0000 40.6800
768.0000 40.7500
769.0000 40.7500
770.0000 40.7500
771.0000 40.7500
772.0000 40.7500
773.0000 40.7500
774.0000 40.7500
775.0000 40.7500
776.0000 40.7500
777.0000 40.7500
778.0000 40.7500
779.0000 40.6800
780.0000 40.6800
781.0000 40.6800
782.0000 40.6800
783.0000 40.6800
784.0000 40.6800
785.0000 40.6800
786.0000 40.6200
787.0000 40.6200
788.0000 40.6200
789.0000 40.6200
790.0000 40.6200
791.0000 40.6200
792.0000 40.6200
793.0000 40.6200
794.0000 40.6200
795.0000 40.5600
796.0000 40.5600
797.0000 40.5600
798.0000 40.5600
799.0000 40.5600
800.0000 40.5600
801.0000 40.5600
802.0000 40.5600
803.0000 40.5600
804.0000 40.5600
805.0000 40.5600
806.0000 40.5600
807.0000 40.5600
808.0000 40.5600
809.0000 40.5600
810.0000 40.5600
811.0000 40.5600
812.0000 40.5600
813.0000 40.5600
814.0000 40.6200
815.0000 40.6200
816.0000 40.6200
817.0000 40.6200
818.0000 40.6200
819.0000 40.6200
820.0000 40.6200
821.0000 40.6200
822.0000 40.6200
823.0000 40.6200
824.0000 40.6200
825.0000 40.6200
826.0000 40.6200
827.0000 40.6200
828.0000 40.6200
829.0000 40.6200
830.0000 40.6200
831.0000 40.6800
832.0000 40.6800
833.0000 40.6800
834.0000 40.6800
835.0000 40.6800
836.0000 40.6800
837.0000 40.6800
838.0000 40.6800
839.0000 40.6800
840.0000 40.6800
841.0000 40.6200
842.0000 40.6200
843.0000 40.6200
844.0000 40.6200
845.0000 40.6200
846.0000 40.6200
847.0000 40.6200
848.0000 40.6200
849.0000 40.6200
850.0000 40.6200
851.0000 40.6200
852.0000 40.6200
853.0000 40.6200
854.0000 40.6200
855.0000 40.6200
856.0000 40.6200
857.0000 40.6200
858.0000 40.6200
859.0000 40.6200
860.0000 40.6200
861.0000 40.6200
862.0000 40.6200
863.0000 40.6200
864.0000 40.5600
865.0000 40.5600
866.0000 40.5600
867.0000 40.5600
868.0000 40.5600
869.0000 40.5600
870.0000 40.5600
871.0000 40.5600
872.0000 40.5600
873.0000 40.5600
874.0000 40.5600
875.0000 40.5600
876.0000 40.6200
877.0000 40.6200
878.0000 40.6200
879.0000 40.6200
880.0000 40.6800
881.0000 40.6800
882.0000 40.6800
883.0000 40.6800
884.0000 40.7500
885.0000 40.7500
886.0000 40.6800
887.0000 40.6800
888.0000 40.6800
889.0000 40.6800
890.0000 40.7500
891.0000 40.6800
892.0000 40.7500
893.0000 40.7500
894.0000 40.6800
895.0000 40.7500
896.0000 40.7500
897.0000 40.7500
898.0000 40.7500
899.0000 40.7500
900.0000 40.7500
901.0000 40.7500
902.0000 40.7500
903.0000 40.6800
904.0000 40.6800
905.0000 40.6800
906.0000 40.6800
907.0000 40.6800
908.0000 40.6800
909.0000 40.6800
910.0000 40.6800
911.0000 40.6800
912.0000 40.6800
913.0000 40.6800
914.0000 40.6800
915.0000 40.6800
916.0000 40.6800
917.0000 40.6800
918.0000 40.6800
919.0000 40.6800
920.0000 40.6800
921.0000 40.6800
922.0000 40.6800
923.0000 40.6800
924.0000 40.7500
925.0000 40.6800
926.0000 40.6800
927.0000 40.6800
928.0000 40.6800
929.0000 40.6800
930.0000 40.6800
931.0000 40.6800
932.0000 40.6200
933.0000 40.6200
934.0000 40.5600
935.0000 40.5600
936.0000 40.5600
937.0000 40.5600
938.0000 40.5600
939.0000 40.5600
940.0000 40.5600
941.0000 40.5600
942.0000 40.5600
943.0000 40.5600
944.0000 40.5600
945.0000 40.5600
946.0000 40.5600
947.0000 40.5600
948.0000 40.5600
949.0000 40.5600
950.0000 40.5600
951.0000 40.5600
952.0000 40.5600
953.0000 40.5600
954.0000 40.5600
955.0000 40.5600
956.0000 40.5600
957.0000 40.5600
958.0000 40.5600
959.0000 40.5600
960.0000 40.5600
961.0000 40.5600
962.0000 40.5600
963.0000 40.5600
964.0000 40.5600
965.0000 40.6200
966.0000 40.6200
967.0000 40.6200
968.0000 40.6200
969.0000 40.6200
970.0000 40.6200
971.0000 40.6200
972.0000 40.6200
973.0000 40.6200
974.0000 40.6200
975.0000 40.6200
976.0000 40.6200
977.0000 40.6200
978.0000 40.6200
979.0000 40.6200
980.0000 40.5600
981.0000 40.5600
982.0000 40.5600
983.0000 40.5600
984.0000 40.5600
985.0000 40.5600
986.0000 40.5600
987.0000 40.5600
988.0000 40.5600
989.0000 40.5000
990.0000 40.5000
991.0000 40.5000
992.0000 40.5000
993.0000 40.5000
994.0000 40.5000
995.0000 40.5000
996.0000 40.5000
997.0000 40.5000
998.0000 40.5000
999.0000 40.5000
1000.0000 40.5000
1001.0000 40.5600
1002.0000 40.5600
1003.0000 40.5600
1004.0000 40.5600
1005.0000 40.5600
1006.0000 40.5600
1007.0000 40.5600
1008.0000 40.5600
1009.0000 40.6200
1010.0000 40.5600
1011.0000 40.5600
1012.0000 40.5600
1013.0000 40.5600
1014.0000 40.5600
1015.0000 40.5600
1016.0000 40.5600
1017.0000 40.5600
1018.0000 40.5000
1019.0000 40.5000
1020.0000 40.5000
1021.0000 40.5000
1022.0000 40.5000
1023.0000 40.5000
1024.0000 40.5000
1025.0000 40.5000
1026.0000 40.5000
1027.0000 40.5600
1028.0000 40.5600
1029.0000 40.5600
1030.0000 40.5600
1031.0000 40.5600
1032.0000 40.5600
1033.0000 40.5600
1034.0000 40.5600
1035.0000 40.5600
1036.0000 40.5600
1037.0000 40.5600
1038.0000 40.5600
1039.0000 40.5600
1040.0000 40.5600
1041.0000 40.5600
1042.0000 40.5600
1043.0000 40.5600
1044.0000 40.5600
1045.0000 40.5600
1046.0000 40.5600
1047.0000 40.5600
1048.0000 40.5600
1049.0000 40.5600
1050.0000 40.5600
1051.0000 40.5600
1052.0000 40.5600
1053.0000 40.6200
1054.0000 40.6200
1055.0000 40.6200
1056.0000 40.6200
1057.0000 40.6200
1058.0000 40.5600
1059.0000 40.6200
1060.0000 40.6200
1061.0000 40.5600
1062.0000 40.5600
1063.0000 40.5600
1064.0000 40.5600
1065.0000 40.5600
1066.0000 40.5600
1067.0000 40.5600
1068.0000 40.5600
1069.0000 40.5600
1070.0000 40.6200
1071.0000 40.6200
1072.0000 40.6200
1073.0000 40.6200
1074.0000 40.6200
1075.0000 40.6800
1076.0000 40.6800
1077.0000 40.6800
1078.0000 40.6800
1079.0000 40.6800
1080.0000 40.6800
1081.0000 40.6800
1082.0000 40.6800
1083.0000 40.6800
1084.0000 40.6800
1085.0000 40.6800
1086.0000 40.6800
1087.0000 40.6800
1088.0000 40.6200
1089.0000 40.6200
1090.0000 40.6200
1091.0000 40.6200
1092.0000 40.6200
1093.0000 40.6200
1094.0000 40.6200
1095.0000 40.6200
1096.0000 40.6200
1097.0000 40.6800
1098.0000 40.6800
1099.0000 40.6800
1100.0000 40.6200
1101.0000 40.6200
1102.0000 40.5600
1103.0000 40.5600
1104.0000 40.5600
1105.0000 40.6200
1106.0000 40.6200
1107.0000 40.6200
1108.0000 40.6200
1109.0000 40.6200
1110.0000 40.6200
1111.0000 40.6200
1112.0000 40.6200
1113.0000 40.6200
1114.0000 40.6800
1115.0000 40.6200
1116.0000 40.6200
1117.0000 40.6800
1118.0000 40.6800
1119.0000 40.6800
1120.0000 40.6800
1121.0000 40.6800
1122.0000 40.6800
1123.0000 40.6800
1124.0000 40.6800
1125.0000 40.7500
1126.0000 40.7500
1127.0000 40.7500
1128.0000 40.7500
1129.0000 40.7500
1130.0000 40.7500
1131.0000 40.7500
1132.0000 40.7500
1133.0000 40.7500
1134.0000 40.7500
1135.0000 40.7500
1136.0000 40.7500
1137.0000 40.7500
1138.0000 40.7500
1139.0000 40.7500
1140.0000 40.7500
1141.0000 40.8100
1142.0000 40.7500
1143.0000 40.7500
1144.0000 40.8100
1145.0000 40.7500
1146.0000 40.7500
1147.0000 40.7500
1148.0000 40.6800
1149.0000 40.6800
1150.0000 40.6800
1151.0000 40.6800
1152.0000 40.6200
1153.0000 40.6200
1154.0000 40.6200
1155.0000 40.5600
1156.0000 40.6200
1157.0000 40.6200
1158.0000 40.6200
1159.0000 40.5600
1160.0000 40.6200
1161.0000 40.6200
1162.0000 40.6200
1163.0000 40.6200
1164.0000 40.6200
1165.0000 40.5600
1166.0000 40.5600
1167.0000 40.5600
1168.0000 40.5600
1169.0000 40.5600
1170.0000 40.5600
1171.0000 40.5000
1172.0000 40.5600
1173.0000 40.5600
1174.0000 40.5000
1175.0000 40.5000
1176.0000 40.5000
1177.0000 40.5000
1178.0000 40.5000
1179.0000 40.5000
1180.0000 40.5000
1181.0000 40.5000
1182.0000 40.5000
1183.0000 40.5000
1184.0000 40.5600
1185.0000 40.5600
1186.0000 40.5600
1187.0000 40.5600
1188.0000 40.5600
1189.0000 40.6200
1190.0000 40.6200
1191.0000 40.6200
1192.0000 40.6800
1193.0000 40.6800
1194.0000 40.6800
1195.0000 40.6800
1196.0000 40.6800
1197.0000 40.6800
1198.0000 40.6800
1199.0000 40.6800
1200.0000 40.6800
1201.0000 40.6800
1202.0000 40.6200
1203.0000 40.6200
1204.0000 40.6200
1205.0000 40.6200
1206.0000 40.6200
1207.0000 40.6200
1208.0000 40.6200
1209.0000 40.6200
1210.0000 40.6200
1211.0000 40.6200
1212.0000 40.6200
1213.0000 40.6200
1214.0000 40.6200
1215.0000 40.6200
1216.0000 40.6200
1217.0000 40.6200
1218.0000 40.6200
1219.0000 40.6200
1220.0000 40.6200
1221.0000 40.6200
1222.0000 40.6800
1223.0000 40.6800
1224.0000 40.6800
1225.0000 40.6800
1226.0000 40.6800
1227.0000 40.6800
1228.0000 40.6800
1229.0000 40.6800
1230.0000 40.7500
1231.0000 40.7500
1232.0000 40.7500
1233.0000 40.7500
1234.0000 40.8100
1235.0000 40.8100
1236.0000 40.8100
1237.0000 40.8700
1238.0000 40.9300
1239.0000 40.9300
1240.0000 41.0000
1241.0000 41.0600
1242.0000 41.0600
1243.0000 41.1200
1244.0000 41.1200
1245.0000 41.1800
1246.0000 41.1800
1247.0000 41.1800
1248.0000 41.2500
1249.0000 41.3100
1250.0000 41.3100
1251.0000 41.3700
1252.0000 41.3700
1253.0000 41.4300
1254.0000 41.4300
1255.0000 41.5000
1256.0000 41.5000
1257.0000 41.5000
1258.0000 41.5000
1259.0000 41.5600
1260.0000 41.5600
1261.0000 41.5600
1262.0000 41.5600
1263.0000 41.6200
1264.0000 41.6200
1265.0000 41.6200
1266.0000 41.6200
1267.0000 41.6200
1268.0000 41.6200
1269.0000 41.6200
1270.0000 41.6200
1271.0000 41.6800
1272.0000 41.6800
1273.0000 41.6800
1274.0000 41.6800
1275.0000 41.6800
1276.0000 41.6800
1277.0000 41.7500
1278.0000 41.7500
1279.0000 41.6800
1280.0000 41.7500
1281.0000 41.6800
1282.0000 41.6800
1283.0000 41.6800
1284.0000 41.6800
1285.0000 41.6200
1286.0000 41.6200
1287.0000 41.6200
1288.0000 41.6200
1289.0000 41.6200
1290.0000 41.6200
1291.0000 41.6200
1292.0000 41.6200
1293.0000 41.6200
1294.0000 41.6200
1295.0000 41.6200
1296.0000 41.6200
1297.0000 41.6200
1298.0000 41.6200
1299.0000 41.6200
1300.0000 41.6200
1301.0000 41.6200
1302.0000 41.5600
1303.0000 41.5600
1304.0000 41.5600
1305.0000 41.5600
1306.0000 41.5600
1307.0000 41.5600
1308.0000 41.5600
1309.0000 41.5600
1310.0000 41.5600
1311.0000 41.5600
1312.0000 41.6200
1313.0000 41.6200
1314.0000 41.5600
1315.0000 41.5600
1316.0000 41.5600
1317.0000 41.5600
1318.0000 41.5600
1319.0000 41.5600
1320.0000 41.5600
1321.0000 41.5600
1322.0000 41.5600
1323.0000 41.5600
1324.0000 41.5600
1325.0000 41.5600
1326.0000 41.5600
1327.0000 41.5600
1328.0000 41.5600
1329.0000 41.5600
1330.0000 41.5600
1331.0000 41.5600
1332.0000 41.5600
1333.0000 41.5600
1334.0000 41.5600
1335.0000 41.5600
1336.0000 41.5600
1337.0000 41.5600
1338.0000 41.5600
1339.0000 41.5000
1340.0000 41.5600
1341.0000 41.5000
1342.0000 41.5600
1343.0000 41.5600
1344.0000 41.5600
1345.0000 41.5600
1346.0000 41.5600
1347.0000 41.5600
1348.0000 41.6200
1349.0000 41.6200
1350.0000 41.6200
1351.0000 41.6200
1352.0000 41.6200
1353.0000 41.6200
1354.0000 41.6200
1355.0000 41.6200
1356.0000 41.6200
1357.0000 41.6200
1358.0000 41.6200
1359.0000 41.6200
1360.0000 41.6200
1361.0000 41.6200
1362.0000 41.6200
1363.0000 41.6200
1364.0000 41.6200
1365.0000 41.6200
1366.0000 41.6200
1367.0000 41.6200
1368.0000 41.6200
1369.0000 41.6200
1370.0000 41.6200
1371.0000 41.6200
1372.0000 41.6200
1373.0000 41.6200
1374.0000 41.6200
1375.0000 41.6200
1376.0000 41.6200
1377.0000 41.6200
1378.0000 41.6200
1379.0000 41.6200
1380.0000 41.6200
1381.0000 41.6200
1382.0000 41.5600
1383.0000 41.5600
1384.0000 41.5600
1385.0000 41.5600
1386.0000 41.5600
1387.0000 41.6200
1388.0000 41.6200
1389.0000 41.6200
1390.0000 41.6200
1391.0000 41.6200
1392.0000 41.6200
1393.0000 41.6200
1394.0000 41.6200
1395.0000 41.6200
1396.0000 41.6200
1397.0000 41.6200
1398.0000 41.6200
1399.0000 41.6200
1400.0000 41.6200
1401.0000 41.6800
1402.0000 41.6800
1403.0000 41.6800
1404.0000 41.6800
1405.0000 41.6800
1406.0000 41.6800
1407.0000 41.6200
1408.0000 41.6800
1409.0000 41.6200
1410.0000 41.6200
1411.0000 41.6200
1412.0000 41.5600
1413.0000 41.5600
1414.0000 41.6200
1415.0000 41.6200
1416.0000 41.6200
1417.0000 41.6200
1418.0000 41.6200
1419.0000 41.6200
1420.0000 41.6200
1421.0000 41.6200
1422.0000 41.6200
1423.0000 41.6200
1424.0000 41.6200
1425.0000 41.6200
1426.0000 41.6200
1427.0000 41.6200
1428.0000 41.6200
1429.0000 41.5600
1430.0000 41.5600
1431.0000 41.5600
1432.0000 41.5600
1433.0000 41.5600
1434.0000 41.5600
1435.0000 41.5600
1436.0000 41.5600
1437.0000 41.5600
1438.0000 41.5600
1439.0000 41.5600
1440.0000 41.5000
1441.0000 41.5000
1442.0000 41.5600
1443.0000 41.5000
1444.0000 41.5600
1445.0000 41.5600
1446.0000 41.5000
1447.0000 41.5000
1448.0000 41.5000
1449.0000 41.5000
1450.0000 41.5000
1451.0000 41.5600
1452.0000 41.5000
1453.0000 41.5000
1454.0000 41.5000
1455.0000 41.5000
1456.0000 41.5000
1457.0000 41.5000
1458.0000 41.5000
1459.0000 41.5000
1460.0000 41.5000
1461.0000 41.4300
1462.0000 41.4300
1463.0000 41.5000
1464.0000 41.5000
1465.0000 41.5000
1466.0000 41.5000
1467.0000 41.5600
1468.0000 41.5600
1469.0000 41.5600
1470.0000 41.5600
1471.0000 41.5600
1472.0000 41.5600
1473.0000 41.6200
1474.0000 41.6200
1475.0000 41.6200
1476.0000 41.5600
1477.0000 41.5600
1478.0000 41.5600
1479.0000 41.5600
1480.0000 41.5600
1481.0000 41.5600
1482.0000 41.5600
1483.0000 41.5600
1484.0000 41.5600
1485.0000 41.6200
1486.0000 41.6200
1487.0000 41.6200
1488.0000 41.6800
1489.0000 41.6800
1490.0000 41.6800
1491.0000 41.6800
1492.0000 41.6800
1493.0000 41.6800
1494.0000 41.6800
1495.0000 41.6200
1496.0000 41.6800
1497.0000 41.6800
1498.0000 41.6800
1499.0000 41.6800
1500.0000 41.6800
1501.0000 41.6800
1502.0000 41.6800
1503.0000 41.6800
1504.0000 41.6800
1505.0000 41.6800
1506.0000 41.6800
1507.0000 41.6200
1508.0000 41.6200
1509.0000 41.6200
1510.0000 41.6200
1511.0000 41.6200
1512.0000 41.6200
1513.0000 41.6200
1514.0000 41.6200
1515.0000 41.5600
1516.0000 41.5600
1517.0000 41.5600
1518.0000 41.5600
1519.0000 41.5600
1520.0000 41.6200
1521.0000 41.6200
1522.0000 41.6200
1523.0000 41.6200
1524.0000 41.6200
1525.0000 41.6200
1526.0000 41.6200
1527.0000 41.6200
1528.0000 41.6200
1529.0000 41.6200
1530.0000 41.6800
1531.0000 41.6200
1532.0000 41.6200
1533.0000 41.6200
1534.0000 41.6200
1535.0000 41.6200
1536.0000 41.6200
1537.0000 41.6200
1538.0000 41.6200
1539.0000 41.6200
1540.0000 41.6800
1541.0000 41.6200
1542.0000 41.6800
1543.0000 41.6800
1544.0000 41.6800
1545.0000 41.6800
1546.0000 41.6800
1547.0000 41.6800
1548.0000 41.6800
1549.0000 41.6800
1550.0000 41.6800
1551.0000 41.6800
1552.0000 41.6800
1553.0000 41.6800
1554.0000 41.6800
1555.0000 41.6800
1556.0000 41.6800
1557.0000 41.6800
1558.0000 41.6800
1559.0000 41.6800
1560.0000 41.6800
1561.0000 41.6800
1562.0000 41.6800
1563.0000 41.6800
1564.0000 41.6800
1565.0000 41.6800
1566.0000 41.6800
1567.0000 41.6800
1568.0000 41.6800
1569.0000 41.6800
1570.0000 41.6800
1571.0000 41.6800
1572.0000 41.6200
1573.0000 41.6200
1574.0000 41.6200
1575.0000 41.6200
1576.0000 41.6200
1577.0000 41.6200
1578.0000 41.6200
1579.0000 41.6200
1580.0000 41.6200
1581.0000 41.6200
1582.0000 41.6200
1583.0000 41.6200
1584.0000 41.6200
1585.0000 41.6200
1586.0000 41.5600
1587.0000 41.5600
1588.0000 41.5600
1589.0000 41.5600
1590.0000 41.5600
1591.0000 41.5600
1592.0000 41.5600
1593.0000 41.5600
1594.0000 41.5600
1595.0000 41.5600
1596.0000 41.5600
1597.0000 41.5600
1598.0000 41.5600
1599.0000 41.5600
1600.0000 41.6200
1601.0000 41.6200
1602.0000 41.6200
1603.0000 41.6200
1604.0000 41.6200
1605.0000 41.6200
1606.0000 41.6200
1607.0000 41.6200
1608.0000 41.6200
1609.0000 41.6200
1610.0000 41.6200
1611.0000 41.6200
1612.0000 41.5600
1613.0000 41.5600
1614.0000 41.5600
1615.0000 41.5600
1616.0000 41.5600
1617.0000 41.5600
1618.0000 41.5600
1619.0000 41.5600
1620.0000 41.5600
1621.0000 41.5600
1622.0000 41.5600
1623.0000 41.5600
1624.0000 41.5600
1625.0000 41.5600
1626.0000 41.5600
1627.0000 41.6200
1628.0000 41.6200
1629.0000 41.6200
1630.0000 41.6200
1631.0000 41.6800
1632.0000 41.6800
1633.0000 41.6800
1634.0000 41.6800
1635.0000 41.6800
1636.0000 41.6800
1637.0000 41.6800
1638.0000 41.6800
1639.0000 41.6800
1640.0000 41.6800
1641.0000 41.6800
1642.0000 41.6800
1643.0000 41.6800
1644.0000 41.6800
1645.0000 41.6800
1646.0000 41.6800
1647.0000 41.6800
1648.0000 41.6200
1649.0000 41.6200
1650.0000 41.5600
1651.0000 41.5600
1652.0000 41.5600
1653.0000 41.5000
1654.0000 41.5000
1655.0000 41.5000
1656.0000 41.5000
1657.0000 41.5000
1658.0000 41.5600
1659.0000 41.5600
1660.0000 41.5600
1661.0000 41.5600
1662.0000 41.5600
1663.0000 41.5600
1664.0000 41.5600
1665.0000 41.5600
1666.0000 41.5600
1667.0000 41.5600
1668.0000 41.5600
1669.0000 41.5600
1670.0000 41.5600
1671.0000 41.5600
1672.0000 41.5600
1673.0000 41.5600
1674.0000 41.6200
1675.0000 41.6200
1676.0000 41.6200
1677.0000 41.6200
1678.0000 41.6200
1679.0000 41.6200
1680.0000 41.6200
1681.0000 41.6200
1682.0000 41.6200
1683.0000 41.6200
1684.0000 41.6800
1685.0000 41.6800
1686.0000 41.6800
1687.0000 41.6800
1688.0000 41.6800
1689.0000 41.6800
1690.0000 41.6800
1691.0000 41.6800
1692.0000 41.6800
1693.0000 41.6800
1694.0000 41.6800
1695.0000 41.6800
1696.0000 41.6800
1697.0000 41.6800
1698.0000 41.6800
1699.0000 41.6800
1700.0000 41.6800
1701.0000 41.6800
1702.0000 41.7500
1703.0000 41.6800
1704.0000 41.6800
1705.0000 41.6800
1706.0000 41.6800
1707.0000 41.6800
1708.0000 41.6800
1709.0000 41.6800
1710.0000 41.6800
1711.0000 41.7500
1712.0000 41.7500
1713.0000 41.6800
1714.0000 41.6800
1715.0000 41.6800
1716.0000 41.6800
1717.0000 41.6800
1718.0000 41.6800
1719.0000 41.6200
1720.0000 41.6200
1721.0000 41.6200
1722.0000 41.6200
1723.0000 41.6800
1724.0000 41.6800
1725.0000 41.6800
1726.0000 41.7500
1727.0000 41.7500
1728.0000 41.7500
1729.0000 41.8100
1730.0000 41.8100
1731.0000 41.8100
1732.0000 41.8100
1733.0000 41.8100
1734.0000 41.8100
1735.0000 41.8100
1736.0000 41.8100
1737.0000 41.7500
1738.0000 41.7500
1739.0000 41.7500
1740.0000 41.6800
1741.0000 41.6800
1742.0000 41.6200
1743.0000 41.6200
1744.0000 41.6200
1745.0000 41.6200
1746.0000 41.6200
1747.0000 41.6200
1748.0000 41.6200
1749.0000 41.6200
1750.0000 41.6200
1751.0000 41.5600
1752.0000 41.5600
1753.0000 41.5600
1754.0000 41.5600
1755.0000 41.5600
1756.0000 41.5600
1757.0000 41.5600
1758.0000 41.5000
1759.0000 41.5000
1760.0000 41.5000
1761.0000 41.5000
1762.0000 41.5000
1763.0000 41.5000
1764.0000 41.5000
1765.0000 41.5000
1766.0000 41.5000
1767.0000 41.4300
1768.0000 41.4300
1769.0000 41.4300
1770.0000 41.4300
1771.0000 41.4300
1772.0000 41.4300
1773.0000 41.4300
1774.0000 41.5000
1775.0000 41.5000
1776.0000 41.5000
1777.0000 41.5000
1778.0000 41.5000
1779.0000 41.5000
1780.0000 41.5000
1781.0000 41.5000
1782.0000 41.5000
1783.0000 41.5000
1784.0000 41.5000
1785.0000 41.5000
1786.0000 41.5000
1787.0000 41.5000
1788.0000 41.5000
1789.0000 41.5000
1790.0000 41.5000
1791.0000 41.5000
1792.0000 41.5000
1793.0000 41.4300
1794.0000 41.4300
1795.0000 41.4300
1796.0000 41.4300
1797.0000 41.5000
1798.0000 41.5000
1799.0000 41.5000
1800.0000 41.5600
1801.0000 41.5600
1802.0000 41.5600
1803.0000 41.5600
1804.0000 41.5600
1805.0000 41.5600
1806.0000 41.5600
1807.0000 41.5600
1808.0000 41.5600
1809.0000 41.5600
1810.0000 41.5600
