1.0000 42.0600
2.0000 42.0600
3.0000 42.0600
4.0000 42.0600
5.0000 42.0600
6.0000 42.0600
7.0000 42.0600
8.0000 42.0600
9.0000 42.0600
10.0000 42.3700
11.0000 42.3700
12.0000 42.3700
13.0000 42.4300
14.0000 42.4300
15.0000 42.5000
16.0000 42.5000
17.0000 42.5600
18.0000 42.5600
19.0000 42.5600
20.0000 42.5600
21.0000 42.6200
22.0000 42.6800
23.0000 42.6800
24.0000 42.6800
25.0000 42.6800
26.0000 42.6800
27.0000 42.6800
28.0000 42.7500
29.0000 42.7500
30.0000 42.7500
31.0000 42.7500
32.0000 42.7500
33.0000 42.7500
34.0000 42.7500
35.0000 42.7500
36.0000 42.7500
37.0000 42.7500
38.0000 42.7500
39.0000 42.7500
40.0000 42.7500
41.0000 42.7500
42.0000 42.6800
43.0000 42.6800
44.0000 42.6800
45.0000 42.6800
46.0000 42.6200
47.0000 42.6200
48.0000 42.6200
49.0000 42.5600
50.0000 42.5600
51.0000 42.5600
52.0000 42.5600
53.0000 42.5000
54.0000 42.5000
55.0000 42.4300
56.0000 42.4300
57.0000 42.3700
58.0000 42.3700
59.0000 42.3100
60.0000 42.3100
61.0000 42.2500
62.0000 42.2500
63.0000 42.1800
64.0000 42.1800
65.0000 42.1200
66.0000 42.1200
67.0000 42.1200
68.0000 42.1200
69.0000 42.0600
70.0000 42.0600
71.0000 42.0600
72.0000 42.0000
73.0000 42.0000
74.0000 41.9300
75.0000 41.9300
76.0000 41.9300
77.0000 41.8700
78.0000 41.8700
79.0000 41.8700
80.0000 41.8700
81.0000 41.8700
82.0000 41.8700
83.0000 41.8700
84.0000 41.8700
85.0000 41.8100
86.0000 41.8100
87.0000 41.8100
88.0000 41.8100
89.0000 41.8100
90.0000 41.8100
91.0000 41.8100
92.0000 41.8100
93.0000 41.8100
94.0000 41.8100
95.0000 41.8100
96.0000 41.8100
97.0000 41.8100
98.0000 41.8100
99.0000 41.8100
100.0000 41.8100
101.0000 41.8700
102.0000 41.8700
103.0000 41.8700
104.0000 41.8700
105.0000 41.8700
106.0000 41.8700
107.0000 41.8700
108.0000 41.9300
109.0000 41.9300
110.0000 41.9300
111.0000 41.9300
112.0000 41.9300
113.0000 41.9300
114.0000 41.9300
115.0000 41.9300
116.0000 41.9300
117.0000 41.9300
118.0000 41.9300
119.0000 41.9300
120.0000 42.0000
121.0000 42.0000
122.0000 42.0000
123.0000 42.0000
124.0000 42.0000
125.0000 42.0000
126.0000 42.0000
127.0000 42.0000
128.0000 42.0000
129.0000 42.0600
130.0000 42.0600
131.0000 42.0600
132.0000 42.0600
133.0000 42.0600
134.0000 42.0600
135.0000 42.0600
136.0000 42.0600
137.0000 42.0600
138.0000 42.0600
139.0000 42.1200
140.0000 42.0600
141.0000 42.0600
142.0000 42.0600
143.0000 42.0600
144.0000 42.0600
145.0000 42.0600
146.0000 42.0600
147.0000 42.0600
148.0000 42.0600
149.0000 42.0600
150.0000 42.0600
151.0000 42.0600
152.0000 42.0600
153.0000 42.0600
154.0000 42.0600
155.0000 42.0600
156.0000 42.0600
157.0000 42.0600
158.0000 42.0600
159.0000 42.0600
160.0000 42.0600
161.0000 42.0600
162.0000 42.0600
163.0000 42.0600
164.0000 42.0600
165.0000 42.0600
166.0000 42.0600
167.0000 42.0600
168.0000 42.0600
169.0000 42.0600
170.0000 42.0600
171.0000 42.0600
172.0000 42.0600
173.0000 42.0600
174.0000 42.0600
175.0000 42.0000
176.0000 42.0000
177.0000 42.0000
178.0000 42.0000
179.0000 42.0000
180.0000 42.0000
181.0000 42.0000
182.0000 42.0000
183.0000 42.0000
184.0000 42.0000
185.0000 42.0000
186.0000 41.9300
187.0000 42.0000
188.0000 42.0000
189.0000 42.0000
190.0000 41.9300
191.0000 41.9300
192.0000 41.9300
193.0000 41.9300
194.0000 41.9300
195.0000 41.9300
196.0000 41.9300
197.0000 41.9300
198.0000 41.9300
199.0000 41.9300
200.0000 41.9300
201.0000 41.8700
202.0000 41.8700
203.0000 41.8700
204.0000 41.8700
205.0000 41.8700
206.0000 41.8700
207.0000 41.8700
208.0000 41.8700
209.0000 41.8700
210.0000 41.8700
211.0000 41.8700
212.0000 41.8700
213.0000 41.8700
214.0000 41.8700
215.0000 41.8700
216.0000 41.8700
217.0000 41.8700
218.0000 41.8700
219.0000 41.8700
220.0000 41.8700
221.0000 41.8700
222.0000 41.9300
223.0000 41.9300
224.0000 41.9300
225.0000 41.9300
226.0000 41.9300
227.0000 42.0000
228.0000 42.0000
229.0000 42.0000
230.0000 42.0000
231.0000 42.0000
232.0000 42.0000
233.0000 42.0000
234.0000 42.0000
235.0000 42.0000
236.0000 42.0000
237.0000 42.0000
238.0000 42.0000
239.0000 42.0000
240.0000 42.0000
241.0000 42.0000
242.0000 42.0000
243.0000 42.0000
244.0000 42.0000
245.0000 42.0000
246.0000 42.0000
247.0000 42.0000
248.0000 42.0000
249.0000 42.0000
250.0000 42.0000
251.0000 42.0000
252.0000 42.0000
253.0000 42.0000
254.0000 42.0000
255.0000 42.0000
256.0000 42.0000
257.0000 42.0000
258.0000 42.0000
259.0000 42.0000
260.0000 42.0000
261.0000 42.0600
262.0000 42.0000
263.0000 42.0000
264.0000 42.0000
265.0000 42.0000
266.0000 42.0000
267.0000 42.0000
268.0000 42.0000
269.0000 42.0000
270.0000 42.0000
271.0000 42.0000
272.0000 42.0000
273.0000 42.0000
274.0000 42.0000
275.0000 42.0000
276.0000 42.0000
277.0000 42.0000
278.0000 42.0000
279.0000 42.0000
280.0000 42.0000
281.0000 42.0000
282.0000 42.0000
283.0000 42.0000
284.0000 41.9300
285.0000 41.9300
286.0000 41.9300
287.0000 42.0000
288.0000 42.0000
289.0000 42.0000
290.0000 42.0000
291.0000 42.0000
292.0000 42.0000
293.0000 42.0000
294.0000 42.0000
295.0000 42.0000
296.0000 42.0000
297.0000 42.0000
298.0000 42.0000
299.0000 42.0000
300.0000 42.0000
301.0000 42.0000
302.0000 42.0600
303.0000 42.0600
304.0000 42.0600
305.0000 42.0600
306.0000 42.1200
307.0000 42.1200
308.0000 42.1200
309.0000 42.1200
310.0000 42.1200
311.0000 42.1200
312.0000 42.1200
313.0000 42.1200
314.0000 42.1200
315.0000 42.1200
316.0000 42.1200
317.0000 42.1200
318.0000 42.1200
319.0000 42.1200
320.0000 42.1200
321.0000 42.1800
322.0000 42.1800
323.0000 42.1800
324.0000 42.2500
325.0000 42.2500
326.0000 42.2500
327.0000 42.3100
328.0000 42.3700
329.0000 42.4300
330.0000 42.5000
331.0000 42.5600
332.0000 42.6200
333.0000 42.6800
334.0000 42.7500
335.0000 42.8700
336.0000 42.9300
337.0000 43.0600
338.0000 43.1200
339.0000 43.2500
340.0000 43.3100
341.0000 43.4300
342.0000 43.5000
343.0000 43.6200
344.0000 43.7500
345.0000 43.8100
346.0000 43.9300
347.0000 44.0000
348.0000 44.0600
349.0000 44.1200
350.0000 44.2500
351.0000 44.3100
352.0000 44.3700
353.0000 44.4300
354.0000 44.5000
355.0000 44.5600
356.0000 44.6200
357.0000 44.6800
358.0000 44.7500
359.0000 44.8100
360.0000 44.8100
361.0000 44.8700
362.0000 44.9300
363.0000 44.9300
364.0000 45.0000
365.0000 45.0000
366.0000 45.0600
367.0000 45.0600
368.0000 45.1200
369.0000 45.1200
370.0000 45.1200
371.0000 45.1200
372.0000 45.1800
373.0000 45.1800
374.0000 45.1800
375.0000 45.1800
376.0000 45.1800
377.0000 45.1800
378.0000 45.1800
379.0000 45.1800
380.0000 45.1800
381.0000 45.2500
382.0000 45.1800
383.0000 45.1800
384.0000 45.1800
385.0000 45.1800
386.0000 45.1800
387.0000 45.1800
388.0000 45.1800
389.0000 45.1800
390.0000 45.1800
391.0000 45.1800
392.0000 45.1800
393.0000 45.1800
394.0000 45.1800
395.0000 45.1800
396.0000 45.1800
397.0000 45.1800
398.0000 45.1200
399.0000 45.1200
400.0000 45.1200
401.0000 45.0600
402.0000 45.0600
403.0000 45.0600
404.0000 45.0600
405.0000 45.0600
406.0000 45.0600
407.0000 45.0600
408.0000 45.0600
409.0000 45.0000
410.0000 45.0000
411.0000 45.0000
412.0000 45.0000
413.0000 45.0000
414.0000 44.9300
415.0000 44.9300
416.0000 44.9300
417.0000 44.9300
418.0000 44.9300
419.0000 44.9300
420.0000 44.9300
421.0000 44.9300
422.0000 44.9300
423.0000 44.9300
424.0000 44.9300
425.0000 45.0000
426.0000 45.0000
427.0000 45.0000
428.0000 45.0000
429.0000 45.0000
430.0000 45.0000
431.0000 45.0000
432.0000 45.0000
433.0000 45.0000
434.0000 45.0000
435.0000 45.0000
436.0000 45.0000
437.0000 45.0000
438.0000 45.0000
439.0000 45.0000
440.0000 45.0000
441.0000 45.0000
442.0000 45.0000
443.0000 45.0000
444.0000 45.0000
445.0000 45.0000
446.0000 45.0000
447.0000 45.0000
448.0000 45.0000
449.0000 45.0000
450.0000 45.0000
451.0000 45.0000
452.0000 45.0000
453.0000 45.0000
454.0000 45.0000
455.0000 44.9300
456.0000 44.9300
457.0000 44.9300
458.0000 44.9300
459.0000 44.9300
460.0000 45.0000
461.0000 45.0000
462.0000 45.0000
463.0000 45.0000
464.0000 45.0600
465.0000 45.0600
466.0000 45.0600
467.0000 45.0600
468.0000 45.1200
469.0000 45.1200
470.0000 45.1800
471.0000 45.1800
472.0000 45.2500
473.0000 45.2500
474.0000 45.2500
475.0000 45.2500
476.0000 45.3100
477.0000 45.3100
478.0000 45.3100
479.0000 45.3100
480.0000 45.3100
481.0000 45.2500
482.0000 45.2500
483.0000 45.2500
484.0000 45.2500
485.0000 45.2500
486.0000 45.1800
487.0000 45.1800
488.0000 45.1800
489.0000 45.1200
490.0000 45.1200
491.0000 45.1200
492.0000 45.1800
493.0000 45.1200
494.0000 45.1200
495.0000 45.1800
496.0000 45.1200
497.0000 45.1200
498.0000 45.1200
499.0000 45.1200
500.0000 45.1200
501.0000 45.1200
502.0000 45.1200
503.0000 45.1200
504.0000 45.1200
505.0000 45.1200
506.0000 45.1200
507.0000 45.1200
508.0000 45.1200
509.0000 45.1200
510.0000 45.1200
511.0000 45.1200
512.0000 45.1200
513.0000 45.0600
514.0000 45.0600
515.0000 45.0600
516.0000 45.0600
517.0000 45.0600
518.0000 45.0600
519.0000 45.0600
520.0000 45.0000
521.0000 45.0000
522.0000 45.0000
523.0000 45.0000
524.0000 45.0000
525.0000 45.0000
526.0000 45.0000
527.0000 45.0000
528.0000 45.0000
529.0000 45.0000
530.0000 45.0000
531.0000 45.0000
532.0000 45.0000
533.0000 45.0000
534.0000 45.0000
535.0000 45.0000
536.0000 45.0000
537.0000 45.0000
538.0000 45.0000
539.0000 45.0000
540.0000 44.9300
541.0000 44.9300
542.0000 44.9300
543.0000 44.9300
544.0000 44.9300
545.0000 44.9300
546.0000 44.9300
547.0000 45.0000
548.0000 45.0000
549.0000 45.0000
550.0000 45.0000
551.0000 45.0000
552.0000 45.0000
553.0000 45.0000
554.0000 45.0000
555.0000 45.0000
556.0000 45.0000
557.0000 45.0000
558.0000 45.0600
559.0000 45.0600
560.0000 45.0600
561.0000 45.0600
562.0000 45.0600
563.0000 45.1200
564.0000 45.1200
565.0000 45.1200
566.0000 45.1200
567.0000 45.1200
568.0000 45.1200
569.0000 45.0600
570.0000 45.0600
571.0000 45.0600
572.0000 45.0600
573.0000 45.0600
574.0000 45.0600
575.0000 45.0600
576.0000 45.0600
577.0000 45.0600
578.0000 45.0000
579.0000 45.0000
580.0000 45.0000
581.0000 45.0000
582.0000 45.0000
583.0000 45.0000
584.0000 45.0000
585.0000 44.9300
586.0000 44.9300
587.0000 44.9300
588.0000 44.9300
589.0000 44.9300
590.0000 44.9300
591.0000 44.9300
592.0000 45.0000
593.0000 45.0000
594.0000 45.0000
595.0000 45.0000
596.0000 45.0000
597.0000 45.0000
598.0000 45.0000
599.0000 45.0000
600.0000 45.0000
601.0000 45.0000
602.0000 45.0000
603.0000 45.0000
604.0000 45.0000
605.0000 45.0000
606.0000 45.0000
607.0000 45.0000
608.0000 45.0000
609.0000 45.0000
610.0000 45.0000
611.0000 45.0000
612.0000 45.0000
613.0000 45.0000
614.0000 45.0000
615.0000 45.0000
616.0000 45.0000
617.0000 45.0000
618.0000 45.0000
619.0000 45.0000
620.0000 45.0000
621.0000 45.0600
622.0000 45.0600
623.0000 45.0600
624.0000 45.0600
625.0000 45.0600
626.0000 45.0600
627.0000 45.0600
628.0000 45.0600
629.0000 45.0600
630.0000 45.0600
631.0000 45.0600
632.0000 45.0600
633.0000 45.0600
634.0000 45.0600
635.0000 45.0600
636.0000 45.0600
637.0000 45.0600
638.0000 45.0600
639.0000 45.0600
640.0000 45.0600
641.0000 45.0600
642.0000 45.0600
643.0000 45.1200
644.0000 45.1200
645.0000 45.0600
646.0000 45.0600
647.0000 45.0600
648.0000 45.0600
649.0000 45.1200
650.0000 45.1200
651.0000 45.1200
652.0000 45.1200
653.0000 45.1800
654.0000 45.1800
655.0000 45.1800
656.0000 45.1800
657.0000 45.1800
658.0000 45.1800
659.0000 45.1800
660.0000 45.1800
661.0000 45.1800
662.0000 45.1800
663.0000 45.1200
664.0000 45.1200
665.0000 45.1200
666.0000 45.1200
667.0000 45.1200
668.0000 45.1200
669.0000 45.1200
670.0000 45.1200
671.0000 45.0600
672.0000 45.0600
673.0000 45.0600
674.0000 45.0600
675.0000 45.0600
676.0000 45.0600
677.0000 45.0600
678.0000 45.0600
679.0000 45.0000
680.0000 45.0000
681.0000 45.0000
682.0000 45.0000
683.0000 45.0000
684.0000 45.0000
685.0000 45.0000
686.0000 45.0000
687.0000 45.0000
688.0000 44.9300
689.0000 44.9300
690.0000 44.9300
691.0000 44.9300
692.0000 45.0000
693.0000 45.0000
694.0000 45.0000
695.0000 45.0000
696.0000 45.0000
697.0000 45.0000
698.0000 45.0000
699.0000 45.0000
700.0000 45.0000
701.0000 45.0000
702.0000 45.0000
703.0000 45.0600
704.0000 45.0600
705.0000 45.0600
706.0000 45.0600
707.0000 45.0600
708.0000 45.0600
709.0000 45.0600
710.0000 45.0600
711.0000 45.0600
712.0000 45.0600
713.0000 45.0600
714.0000 45.0600
715.0000 45.0600
716.0000 45.0600
717.0000 45.0600
718.0000 45.1200
719.0000 45.1200
720.0000 45.1200
721.0000 45.1200
722.0000 45.1200
723.0000 45.1800
724.0000 45.1800
725.0000 45.1800
726.0000 45.1800
727.0000 45.1800
728.0000 45.1800
729.0000 45.1800
730.0000 45.2500
731.0000 45.2500
732.0000 45.2500
733.0000 45.2500
734.0000 45.2500
735.0000 45.2500
736.0000 45.2500
737.0000 45.2500
738.0000 45.2500
739.0000 45.2500
740.0000 45.2500
741.0000 45.2500
742.0000 45.2500
743.0000 45.2500
744.0000 45.2500
745.0000 45.2500
746.0000 45.1800
747.0000 45.1800
748.0000 45.1800
749.0000 45.1800
750.0000 45.1200
751.0000 45.1200
752.0000 45.1200
753.0000 45.1200
754.0000 45.0600
755.0000 45.0600
756.0000 45.0600
757.0000 45.0600
758.0000 45.0600
759.0000 45.0600
760.0000 45.0600
761.0000 45.0600
762.0000 45.0600
763.0000 45.0600
764.0000 45.0600
765.0000 45.0600
766.0000 45.0600
767.0000 45.0600
768.0000 45.0600
769.0000 45.0600
770.0000 45.0600
771.0000 45.0600
772.0000 45.0600
773.0000 45.0600
774.0000 45.0600
775.0000 45.0600
776.0000 45.0000
777.0000 45.0000
778.0000 45.0000
779.0000 45.0000
780.0000 45.0000
781.0000 45.0000
782.0000 45.0000
783.0000 45.0000
784.0000 45.0000
785.0000 45.0000
786.0000 45.0000
787.0000 45.0000
788.0000 45.0000
789.0000 45.0000
790.0000 45.0000
791.0000 45.0000
792.0000 45.0000
793.0000 45.0000
794.0000 45.0000
795.0000 45.0000
796.0000 45.0000
797.0000 45.0000
798.0000 45.0000
799.0000 45.0000
800.0000 45.0000
801.0000 45.0000
802.0000 45.0000
803.0000 45.0600
804.0000 45.0000
805.0000 45.0600
806.0000 45.0600
807.0000 45.0000
808.0000 45.0600
809.0000 45.0600
810.0000 45.0600
811.0000 45.0600
812.0000 45.0600
813.0000 45.0600
814.0000 45.0600
815.0000 45.0600
816.0000 45.0600
817.0000 45.0600
818.0000 45.1200
819.0000 45.0600
820.0000 45.0600
821.0000 45.0600
822.0000 45.1200
823.0000 45.0600
824.0000 45.1200
825.0000 45.0600
826.0000 45.0600
827.0000 45.0600
828.0000 45.0600
829.0000 45.0600
830.0000 45.0600
831.0000 45.0600
832.0000 45.0600
833.0000 45.0600
834.0000 45.0600
835.0000 45.0600
836.0000 45.0600
837.0000 45.0600
838.0000 45.0600
839.0000 45.0600
840.0000 45.0600
841.0000 45.0600
842.0000 45.0600
843.0000 45.0000
844.0000 45.0000
845.0000 45.0000
846.0000 45.0000
847.0000 45.0000
848.0000 45.0000
849.0000 45.0000
850.0000 45.0000
851.0000 45.0000
852.0000 45.0000
853.0000 45.0000
854.0000 45.0000
855.0000 45.0000
856.0000 45.0000
857.0000 45.0000
858.0000 45.0000
859.0000 45.0600
860.0000 45.0600
861.0000 45.0600
862.0000 45.0600
863.0000 45.0600
864.0000 45.0600
865.0000 45.0600
866.0000 45.0600
867.0000 45.0600
868.0000 45.0600
869.0000 45.0600
870.0000 45.0600
871.0000 45.0600
872.0000 45.1200
873.0000 45.1200
874.0000 45.1200
875.0000 45.0600
876.0000 45.0600
877.0000 45.0600
878.0000 45.0600
879.0000 45.0600
880.0000 45.0600
881.0000 45.0600
882.0000 45.0600
883.0000 45.0600
884.0000 45.0600
885.0000 45.0600
886.0000 45.0600
887.0000 45.0600
888.0000 45.0600
889.0000 45.0600
890.0000 45.1200
891.0000 45.1200
892.0000 45.1200
893.0000 45.1200
894.0000 45.1200
895.0000 45.1200
896.0000 45.1200
897.0000 45.1200
898.0000 45.1200
899.0000 45.0600
900.0000 45.0600
901.0000 45.0600
902.0000 45.0600
903.0000 45.0600
904.0000 45.0600
905.0000 45.0000
906.0000 45.0000
907.0000 45.0600
908.0000 45.0000
909.0000 45.0000
910.0000 45.0000
911.0000 45.0000
912.0000 45.0000
913.0000 45.0000
914.0000 45.0000
915.0000 45.0000
916.0000 45.0000
917.0000 45.0000
918.0000 45.0000
919.0000 45.0000
920.0000 45.0600
921.0000 45.0000
922.0000 45.0000
923.0000 45.0000
924.0000 45.0000
925.0000 45.0000
926.0000 45.0000
927.0000 45.0000
928.0000 44.9300
929.0000 44.9300
930.0000 44.8700
931.0000 44.8700
932.0000 44.8100
933.0000 44.7500
934.0000 44.6800
935.0000 44.6200
936.0000 44.6200
937.0000 44.5600
938.0000 44.5000
939.0000 44.4300
940.0000 44.3700
941.0000 44.3100
942.0000 44.2500
943.0000 44.1800
944.0000 44.1200
945.0000 44.0600
946.0000 44.0000
947.0000 43.9300
948.0000 43.9300
949.0000 43.8700
950.0000 43.8100
951.0000 43.7500
952.0000 43.6800
953.0000 43.6200
954.0000 43.5600
955.0000 43.5000
956.0000 43.5000
957.0000 43.4300
958.0000 43.4300
959.0000 43.3700
960.0000 43.3100
961.0000 43.2500
962.0000 43.2500
963.0000 43.1800
964.0000 43.1800
965.0000 43.1200
966.0000 43.1200
967.0000 43.0600
968.0000 43.0000
969.0000 43.0000
970.0000 43.0000
971.0000 43.0000
972.0000 43.0000
973.0000 43.0000
974.0000 43.0000
975.0000 43.0000
976.0000 43.0000
977.0000 42.9300
978.0000 43.0000
979.0000 42.9300
980.0000 42.9300
981.0000 42.9300
982.0000 42.9300
983.0000 42.9300
984.0000 42.9300
985.0000 42.9300
986.0000 42.9300
987.0000 42.9300
988.0000 42.9300
989.0000 42.9300
990.0000 42.9300
991.0000 42.9300
992.0000 42.9300
993.0000 42.9300
994.0000 42.9300
995.0000 42.9300
996.0000 42.9300
997.0000 42.9300
998.0000 42.9300
999.0000 42.9300
1000.0000 42.9300
1001.0000 42.9300
1002.0000 42.9300
1003.0000 43.0000
1004.0000 43.0000
1005.0000 43.0000
1006.0000 43.0000
1007.0000 43.0000
1008.0000 43.0000
1009.0000 43.0600
1010.0000 43.0600
1011.0000 43.0600
1012.0000 43.0600
1013.0000 43.0600
1014.0000 43.0600
1015.0000 43.0600
1016.0000 43.0600
1017.0000 43.0000
1018.0000 43.0000
1019.0000 43.0000
1020.0000 43.0000
1021.0000 43.0000
1022.0000 43.0000
1023.0000 43.0000
1024.0000 43.0000
1025.0000 42.9300
1026.0000 42.9300
1027.0000 42.9300
1028.0000 43.0000
1029.0000 42.9300
1030.0000 42.9300
1031.0000 43.0000
1032.0000 42.9300
1033.0000 42.9300
1034.0000 43.0000
1035.0000 43.0000
1036.0000 43.0000
1037.0000 43.0000
1038.0000 43.0000
1039.0000 43.0000
1040.0000 43.0000
1041.0000 43.0600
1042.0000 43.0000
1043.0000 43.0000
1044.0000 43.0000
1045.0000 43.0000
1046.0000 43.0000
1047.0000 43.0000
1048.0000 43.0000
1049.0000 43.0000
1050.0000 43.0000
1051.0000 43.0000
1052.0000 43.0000
1053.0000 43.0600
1054.0000 43.0600
1055.0000 43.0000
1056.0000 43.0600
1057.0000 43.0600
1058.0000 43.0600
1059.0000 43.0600
1060.0000 43.0600
1061.0000 43.0600
1062.0000 43.0600
1063.0000 43.0600
1064.0000 43.0600
1065.0000 43.0600
1066.0000 43.0600
1067.0000 43.0000
1068.0000 43.0000
1069.0000 43.0000
1070.0000 43.0000
1071.0000 43.0000
1072.0000 43.0000
1073.0000 43.0000
1074.0000 43.0000
1075.0000 43.0000
1076.0000 43.0000
1077.0000 42.9300
1078.0000 42.9300
1079.0000 43.0000
1080.0000 43.0000
1081.0000 43.0000
1082.0000 43.0000
1083.0000 43.0600
1084.0000 43.0600
1085.0000 43.0600
1086.0000 43.0600
1087.0000 43.0600
1088.0000 43.0600
1089.0000 43.0600
1090.0000 43.0600
1091.0000 43.0000
1092.0000 43.0000
1093.0000 43.0000
1094.0000 43.0000
1095.0000 43.0000
1096.0000 43.0600
1097.0000 43.0600
1098.0000 43.0600
1099.0000 43.0600
1100.0000 43.0600
1101.0000 43.0600
1102.0000 43.0000
1103.0000 43.0000
1104.0000 43.0000
1105.0000 43.0000
1106.0000 43.0000
1107.0000 43.0000
1108.0000 43.0000
1109.0000 43.0000
1110.0000 42.9300
1111.0000 42.9300
1112.0000 43.0000
1113.0000 43.0000
1114.0000 43.0000
1115.0000 43.0000
1116.0000 43.0000
1117.0000 43.0000
1118.0000 43.0000
1119.0000 43.0000
1120.0000 43.0000
1121.0000 43.0000
1122.0000 43.0000
1123.0000 43.0000
1124.0000 43.0000
1125.0000 43.0000
1126.0000 43.0000
1127.0000 43.0000
1128.0000 43.0000
1129.0000 43.0000
1130.0000 43.0000
1131.0000 43.0600
1132.0000 43.0000
1133.0000 43.0000
1134.0000 43.0000
1135.0000 43.0000
1136.0000 43.0000
1137.0000 43.0600
1138.0000 43.0600
1139.0000 43.0000
1140.0000 43.0600
1141.0000 43.0600
1142.0000 43.0600
1143.0000 43.0600
1144.0000 43.0600
1145.0000 43.0600
1146.0000 43.0600
1147.0000 43.0600
1148.0000 43.0600
1149.0000 43.0600
1150.0000 43.0600
1151.0000 43.1200
1152.0000 43.1200
1153.0000 43.1200
1154.0000 43.1200
1155.0000 43.1200
1156.0000 43.1200
1157.0000 43.1200
1158.0000 43.0600
1159.0000 43.1200
1160.0000 43.1200
1161.0000 43.1200
1162.0000 43.1200
1163.0000 43.1200
1164.0000 43.1200
1165.0000 43.1200
1166.0000 43.1200
1167.0000 43.1200
1168.0000 43.1200
1169.0000 43.1800
1170.0000 43.1800
1171.0000 43.1200
1172.0000 43.1200
1173.0000 43.1200
1174.0000 43.1200
1175.0000 43.1200
1176.0000 43.1200
1177.0000 43.1200
1178.0000 43.1200
1179.0000 43.1200
1180.0000 43.1200
1181.0000 43.0600
1182.0000 43.1200
1183.0000 43.0600
1184.0000 43.1200
1185.0000 43.0600
1186.0000 43.0600
1187.0000 43.0600
1188.0000 43.0600
1189.0000 43.0600
1190.0000 43.0600
1191.0000 43.0600
1192.0000 43.0600
1193.0000 43.0600
1194.0000 43.0600
1195.0000 43.0600
1196.0000 43.0600
1197.0000 43.0600
1198.0000 43.1200
1199.0000 43.1200
1200.0000 43.1200
1201.0000 43.1200
1202.0000 43.1200
1203.0000 43.1200
1204.0000 43.1200
1205.0000 43.1200
1206.0000 43.1200
1207.0000 43.1200
1208.0000 43.1200
1209.0000 43.1200
1210.0000 43.1200
1211.0000 43.1200
1212.0000 43.1200
1213.0000 43.1200
1214.0000 43.1200
1215.0000 43.0600
1216.0000 43.0600
1217.0000 43.0600
1218.0000 43.0600
1219.0000 43.0600
1220.0000 43.0600
1221.0000 43.0600
1222.0000 43.0600
1223.0000 43.0600
1224.0000 43.0600
1225.0000 43.0600
1226.0000 43.0600
1227.0000 43.0600
1228.0000 43.0600
1229.0000 43.0600
1230.0000 43.0600
1231.0000 43.0600
1232.0000 43.0600
1233.0000 43.0600
1234.0000 43.0600
1235.0000 43.0600
1236.0000 43.0600
1237.0000 43.0600
1238.0000 43.0000
1239.0000 43.0000
1240.0000 43.0000
1241.0000 43.0000
1242.0000 43.0000
1243.0000 43.0000
1244.0000 42.9300
1245.0000 42.9300
1246.0000 42.9300
1247.0000 42.9300
1248.0000 42.9300
1249.0000 42.9300
1250.0000 42.9300
1251.0000 42.9300
1252.0000 42.9300
1253.0000 42.9300
1254.0000 42.9300
1255.0000 42.9300
1256.0000 43.0000
1257.0000 43.0000
1258.0000 43.0000
1259.0000 43.0000
1260.0000 43.0000
1261.0000 43.0000
1262.0000 43.0000
1263.0000 43.0000
1264.0000 43.0000
1265.0000 43.0600
1266.0000 43.0000
1267.0000 43.0000
1268.0000 43.0600
1269.0000 43.0600
1270.0000 43.0600
1271.0000 43.0600
1272.0000 43.0600
1273.0000 43.0600
1274.0000 43.0600
1275.0000 43.0600
1276.0000 43.0600
1277.0000 43.0600
1278.0000 43.0600
1279.0000 43.0600
1280.0000 43.0600
1281.0000 43.0600
1282.0000 43.0600
1283.0000 43.0600
1284.0000 43.0600
1285.0000 43.0600
1286.0000 43.0600
1287.0000 43.0600
1288.0000 43.0600
1289.0000 43.0600
1290.0000 43.0000
1291.0000 43.0000
1292.0000 43.0000
1293.0000 43.0000
1294.0000 43.0000
1295.0000 43.0000
1296.0000 43.0000
1297.0000 42.9300
1298.0000 43.0000
1299.0000 42.9300
1300.0000 42.9300
1301.0000 42.9300
1302.0000 42.9300
1303.0000 42.9300
1304.0000 42.9300
1305.0000 43.0000
1306.0000 43.0000
1307.0000 43.0000
1308.0000 43.0000
1309.0000 43.0000
1310.0000 43.0000
1311.0000 43.0000
1312.0000 43.0000
1313.0000 43.0000
1314.0000 43.0000
1315.0000 43.0000
1316.0000 43.0000
1317.0000 43.0000
1318.0000 43.0000
1319.0000 43.0000
1320.0000 43.0000
1321.0000 43.0000
1322.0000 43.0000
1323.0000 43.0000
1324.0000 43.0000
1325.0000 43.0000
1326.0000 43.0000
1327.0000 43.0000
1328.0000 43.0000
1329.0000 43.0000
1330.0000 43.0000
1331.0000 43.0000
1332.0000 43.0000
1333.0000 43.0000
1334.0000 43.0000
1335.0000 43.0000
1336.0000 43.0000
1337.0000 43.0000
1338.0000 43.0000
1339.0000 43.0000
1340.0000 43.0000
1341.0000 43.0000
1342.0000 43.0000
1343.0000 43.0000
1344.0000 43.0000
1345.0000 43.0000
1346.0000 43.0000
1347.0000 43.0000
1348.0000 43.0000
1349.0000 43.0000
1350.0000 43.0000
1351.0000 43.0000
1352.0000 43.0000
1353.0000 43.0000
1354.0000 43.0000
1355.0000 43.0600
1356.0000 43.0600
1357.0000 43.0600
1358.0000 43.0600
1359.0000 43.1200
1360.0000 43.1200
1361.0000 43.1200
1362.0000 43.1200
1363.0000 43.1200
1364.0000 43.1200
1365.0000 43.1200
1366.0000 43.1200
1367.0000 43.1200
1368.0000 43.0600
1369.0000 43.0600
1370.0000 43.0600
1371.0000 43.0600
1372.0000 43.0600
1373.0000 43.0600
1374.0000 43.0600
1375.0000 43.0600
1376.0000 43.0600
1377.0000 43.0600
1378.0000 43.0600
1379.0000 43.0600
1380.0000 43.0600
1381.0000 43.0600
1382.0000 43.0600
1383.0000 43.0000
1384.0000 43.0000
1385.0000 43.0000
1386.0000 43.0000
1387.0000 43.0000
1388.0000 43.0000
1389.0000 43.0000
1390.0000 43.0000
1391.0000 43.0000
1392.0000 43.0000
1393.0000 43.0000
1394.0000 43.0000
1395.0000 43.0000
1396.0000 43.0000
1397.0000 43.0000
1398.0000 43.0000
1399.0000 43.0000
1400.0000 43.0000
1401.0000 43.0000
1402.0000 43.0000
1403.0000 43.0000
1404.0000 43.0000
1405.0000 43.0000
1406.0000 43.0000
1407.0000 43.0000
1408.0000 43.0000
1409.0000 43.0000
1410.0000 43.0000
1411.0000 43.0000
1412.0000 43.0000
1413.0000 43.0000
1414.0000 43.0000
1415.0000 43.0000
1416.0000 43.0000
1417.0000 43.0000
1418.0000 43.0000
1419.0000 43.0000
1420.0000 43.0000
1421.0000 43.0000
1422.0000 43.0000
1423.0000 43.0000
1424.0000 43.0000
1425.0000 43.0000
1426.0000 43.0000
1427.0000 43.0000
1428.0000 43.0000
1429.0000 43.0000
1430.0000 43.0000
1431.0000 43.0000
1432.0000 43.0000
1433.0000 43.0000
1434.0000 43.0000
1435.0000 43.0600
1436.0000 43.0600
1437.0000 43.0600
1438.0000 43.0600
1439.0000 43.0600
1440.0000 43.0600
1441.0000 43.0600
1442.0000 43.0600
1443.0000 43.0600
1444.0000 43.0600
1445.0000 43.0600
1446.0000 43.0600
1447.0000 43.0600
1448.0000 43.0600
1449.0000 43.0600
1450.0000 43.0600
1451.0000 43.0000
1452.0000 43.0000
1453.0000 43.0000
1454.0000 43.0000
1455.0000 43.0000
1456.0000 43.0000
1457.0000 43.0000
1458.0000 43.0000
1459.0000 43.0000
1460.0000 43.0000
1461.0000 43.0000
1462.0000 43.0000
1463.0000 43.0000
1464.0000 43.0000
1465.0000 43.0000
1466.0000 43.0000
1467.0000 43.0000
1468.0000 43.0000
1469.0000 43.0000
1470.0000 43.0000
1471.0000 43.0000
1472.0000 43.0000
1473.0000 43.0000
1474.0000 43.0000
1475.0000 43.0000
1476.0000 43.0000
1477.0000 43.0000
1478.0000 43.0000
1479.0000 43.0000
1480.0000 43.0000
1481.0000 43.0000
1482.0000 43.0000
1483.0000 43.0000
1484.0000 43.0000
1485.0000 43.0000
1486.0000 43.0000
1487.0000 43.0000
1488.0000 43.0000
1489.0000 43.0600
1490.0000 43.0600
1491.0000 43.0600
1492.0000 43.0600
1493.0000 43.0600
1494.0000 43.0600
1495.0000 43.0600
1496.0000 43.0600
1497.0000 43.0600
1498.0000 43.0600
1499.0000 43.0600
1500.0000 43.0600
1501.0000 43.0600
1502.0000 43.0600
1503.0000 43.0600
1504.0000 43.0600
1505.0000 43.0600
1506.0000 43.0600
1507.0000 43.0000
1508.0000 43.0000
1509.0000 43.0600
1510.0000 43.0600
1511.0000 43.0600
1512.0000 43.0600
1513.0000 43.0600
1514.0000 43.0600
1515.0000 43.0600
1516.0000 43.0600
1517.0000 43.0600
1518.0000 43.0600
1519.0000 43.0600
1520.0000 43.0600
1521.0000 43.0600
1522.0000 43.0600
1523.0000 43.0600
1524.0000 43.0600
1525.0000 43.1200
1526.0000 43.1200
1527.0000 43.1200
1528.0000 43.1800
1529.0000 43.1800
1530.0000 43.2500
1531.0000 43.2500
1532.0000 43.2500
1533.0000 43.3100
1534.0000 43.3100
1535.0000 43.3100
1536.0000 43.3700
1537.0000 43.3700
1538.0000 43.3700
1539.0000 43.4300
1540.0000 43.5000
1541.0000 43.5000
1542.0000 43.5600
1543.0000 43.6200
1544.0000 43.6200
1545.0000 43.6800
1546.0000 43.6800
1547.0000 43.7500
1548.0000 43.7500
1549.0000 43.7500
1550.0000 43.7500
1551.0000 43.8100
1552.0000 43.8100
1553.0000 43.8100
1554.0000 43.8700
1555.0000 43.8700
1556.0000 43.8700
1557.0000 43.8700
1558.0000 43.9300
1559.0000 43.9300
1560.0000 43.9300
1561.0000 44.0000
1562.0000 44.0000
1563.0000 44.0000
1564.0000 44.0000
1565.0000 44.0600
1566.0000 44.0600
1567.0000 44.0600
1568.0000 44.1200
1569.0000 44.1200
1570.0000 44.1200
1571.0000 44.1800
1572.0000 44.1800
1573.0000 44.1800
1574.0000 44.1800
1575.0000 44.1800
1576.0000 44.1800
1577.0000 44.1800
1578.0000 44.1800
1579.0000 44.1800
1580.0000 44.1800
1581.0000 44.2500
1582.0000 44.2500
1583.0000 44.2500
1584.0000 44.2500
1585.0000 44.3100
1586.0000 44.3100
1587.0000 44.3100
1588.0000 44.3700
1589.0000 44.3700
1590.0000 44.3700
1591.0000 44.3700
1592.0000 44.3700
1593.0000 44.3700
1594.0000 44.3700
1595.0000 44.3700
1596.0000 44.3700
1597.0000 44.3700
1598.0000 44.3700
1599.0000 44.3700
1600.0000 44.3700
1601.0000 44.3700
1602.0000 44.3700
1603.0000 44.3700
1604.0000 44.3700
1605.0000 44.3700
1606.0000 44.3700
1607.0000 44.3700
1608.0000 44.3700
1609.0000 44.3100
1610.0000 44.3100
1611.0000 44.3100
1612.0000 44.3100
1613.0000 44.3100
1614.0000 44.3100
1615.0000 44.2500
1616.0000 44.2500
1617.0000 44.2500
1618.0000 44.2500
1619.0000 44.2500
1620.0000 44.1800
1621.0000 44.1800
1622.0000 44.1800
1623.0000 44.1800
1624.0000 44.1200
1625.0000 44.1200
1626.0000 44.1200
1627.0000 44.1200
1628.0000 44.0600
1629.0000 44.0600
1630.0000 44.0600
1631.0000 44.0600
1632.0000 44.0000
1633.0000 44.0000
1634.0000 44.0000
1635.0000 44.0000
1636.0000 44.0000
1637.0000 44.0000
1638.0000 43.9300
1639.0000 43.9300
1640.0000 43.9300
1641.0000 43.9300
1642.0000 43.9300
1643.0000 43.9300
1644.0000 43.9300
1645.0000 43.9300
1646.0000 43.9300
1647.0000 43.9300
1648.0000 43.9300
1649.0000 43.9300
1650.0000 43.9300
1651.0000 43.9300
1652.0000 43.9300
1653.0000 43.9300
1654.0000 43.9300
1655.0000 43.9300
1656.0000 43.9300
1657.0000 43.9300
1658.0000 43.9300
1659.0000 43.8700
1660.0000 43.9300
1661.0000 43.9300
1662.0000 43.9300
1663.0000 43.9300
1664.0000 43.9300
1665.0000 43.9300
1666.0000 43.9300
1667.0000 43.9300
1668.0000 43.9300
1669.0000 43.9300
1670.0000 43.9300
1671.0000 43.9300
1672.0000 43.9300
1673.0000 43.9300
1674.0000 43.9300
1675.0000 43.9300
1676.0000 43.9300
1677.0000 43.9300
1678.0000 43.9300
1679.0000 43.9300
1680.0000 43.9300
1681.0000 44.0000
1682.0000 43.9300
1683.0000 44.0000
1684.0000 44.0000
1685.0000 44.0000
1686.0000 44.0000
1687.0000 44.0000
1688.0000 44.0600
1689.0000 44.0600
1690.0000 44.0600
1691.0000 44.0600
1692.0000 44.0600
1693.0000 44.0600
1694.0000 44.0600
1695.0000 44.0600
1696.0000 44.0600
1697.0000 44.1200
1698.0000 44.1200
1699.0000 44.1200
1700.0000 44.1200
1701.0000 44.1200
1702.0000 44.1200
1703.0000 44.1200
1704.0000 44.1200
1705.0000 44.1200
1706.0000 44.1200
1707.0000 44.1200
1708.0000 44.0600
1709.0000 44.1200
1710.0000 44.0600
1711.0000 44.0600
1712.0000 44.0600
1713.0000 44.0600
1714.0000 44.0600
1715.0000 44.0600
1716.0000 44.0600
1717.0000 44.0600
1718.0000 44.0600
1719.0000 44.0600
1720.0000 44.0600
1721.0000 44.0600
1722.0000 44.0600
1723.0000 44.0600
1724.0000 44.0000
1725.0000 44.0000
1726.0000 44.0000
1727.0000 44.0000
1728.0000 44.0000
1729.0000 44.0000
1730.0000 44.0000
1731.0000 44.0000
1732.0000 44.0000
1733.0000 44.0000
1734.0000 44.0000
1735.0000 44.0000
1736.0000 44.0000
1737.0000 44.0000
1738.0000 44.0000
1739.0000 44.0000
1740.0000 44.0000
1741.0000 44.0000
1742.0000 44.0000
1743.0000 44.0600
1744.0000 44.0000
1745.0000 44.0000
1746.0000 44.0000
1747.0000 44.0000
1748.0000 44.0000
1749.0000 44.0000
1750.0000 44.0000
1751.0000 44.0000
1752.0000 44.0000
1753.0000 44.0000
1754.0000 44.0000
1755.0000 44.0000
1756.0000 44.0000
1757.0000 44.0000
1758.0000 44.0000
1759.0000 44.0000
1760.0000 44.0000
1761.0000 44.0000
1762.0000 44.0600
1763.0000 44.0600
1764.0000 44.0600
1765.0000 44.0000
1766.0000 44.0000
1767.0000 44.0000
1768.0000 44.0000
1769.0000 44.0000
1770.0000 44.0000
1771.0000 44.0000
1772.0000 44.0000
1773.0000 44.0000
1774.0000 44.0000
1775.0000 44.0600
1776.0000 44.0600
1777.0000 44.0600
1778.0000 44.0600
1779.0000 44.0600
1780.0000 44.0600
1781.0000 44.0600
1782.0000 44.0600
1783.0000 44.0600
1784.0000 44.0600
1785.0000 44.0600
1786.0000 44.0600
1787.0000 44.0600
1788.0000 44.0600
1789.0000 44.0600
1790.0000 44.0600
1791.0000 44.0600
1792.0000 44.0600
1793.0000 44.0600
1794.0000 44.0600
1795.0000 44.0600
1796.0000 44.0600
1797.0000 44.0600
1798.0000 44.0600
1799.0000 44.0600
1800.0000 44.0600
1801.0000 44.0600
1802.0000 44.0600
1803.0000 44.0600
1804.0000 44.0600
1805.0000 44.0600
1806.0000 44.0600
1807.0000 44.0600
1808.0000 44.0600
1809.0000 44.0600
1810.0000 44.0600
