1.0000 42.0600
2.0000 42.0600
3.0000 42.0600
4.0000 42.0600
5.0000 42.0600
6.0000 42.0600
7.0000 42.0600
8.0000 42.0600
9.0000 42.0600
10.0000 41.0600
11.0000 41.0600
12.0000 41.0600
13.0000 41.1200
14.0000 41.1200
15.0000 41.1200
16.0000 41.1800
17.0000 41.1800
18.0000 41.1800
19.0000 41.2500
20.0000 41.2500
21.0000 41.2500
22.0000 41.2500
23.0000 41.2500
24.0000 41.2500
25.0000 41.3100
26.0000 41.3100
27.0000 41.3100
28.0000 41.3100
29.0000 41.3700
30.0000 41.3700
31.0000 41.3700
32.0000 41.3700
33.0000 41.3700
34.0000 41.4300
35.0000 41.4300
36.0000 41.4300
37.0000 41.5000
38.0000 41.5000
39.0000 41.5600
40.0000 41.5600
41.0000 41.5600
42.0000 41.6200
43.0000 41.6200
44.0000 41.6800
45.0000 41.6800
46.0000 41.6800
47.0000 41.6800
48.0000 41.7500
49.0000 41.7500
50.0000 41.8100
51.0000 41.8100
52.0000 41.8100
53.0000 41.8700
54.0000 41.8700
55.0000 41.9300
56.0000 41.9300
57.0000 41.9300
58.0000 41.9300
59.0000 41.9300
60.0000 42.0000
61.0000 42.0000
62.0000 42.0000
63.0000 42.0600
64.0000 42.0600
65.0000 42.0600
66.0000 42.1200
67.0000 42.1200
68.0000 42.1200
69.0000 42.1200
70.0000 42.1200
71.0000 42.1200
72.0000 42.1200
73.0000 42.1200
74.0000 42.1200
75.0000 42.1200
76.0000 42.1200
77.0000 42.1200
78.0000 42.1200
79.0000 42.1200
80.0000 42.1200
81.0000 42.1200
82.0000 42.1200
83.0000 42.1200
84.0000 42.1200
85.0000 42.1200
86.0000 42.1200
87.0000 42.1200
88.0000 42.1200
89.0000 42.1200
90.0000 42.1200
91.0000 42.1200
92.0000 42.1200
93.0000 42.1200
94.0000 42.1200
95.0000 42.1200
96.0000 42.1200
97.0000 42.1200
98.0000 42.1200
99.0000 42.0600
100.0000 42.0600
101.0000 42.0600
102.0000 42.0600
103.0000 42.0600
104.0000 42.0600
105.0000 42.0600
106.0000 42.0000
107.0000 42.0000
108.0000 42.0000
109.0000 42.0000
110.0000 42.0000
111.0000 42.0000
112.0000 42.0000
113.0000 42.0000
114.0000 42.0000
115.0000 42.0000
116.0000 42.0000
117.0000 42.0000
118.0000 42.0000
119.0000 42.0000
120.0000 42.0000
121.0000 42.0000
122.0000 42.0000
123.0000 42.0000
124.0000 41.9300
125.0000 41.9300
126.0000 41.9300
127.0000 41.9300
128.0000 41.9300
129.0000 41.9300
130.0000 41.9300
131.0000 41.9300
132.0000 41.9300
133.0000 41.9300
134.0000 41.9300
135.0000 41.9300
136.0000 41.9300
137.0000 41.9300
138.0000 41.9300
139.0000 42.0000
140.0000 42.0000
141.0000 42.0000
142.0000 42.0000
143.0000 42.0000
144.0000 42.0000
145.0000 42.0000
146.0000 42.0000
147.0000 42.0600
148.0000 42.0600
149.0000 42.0600
150.0000 42.0600
151.0000 42.1200
152.0000 42.1200
153.0000 42.1200
154.0000 42.1200
155.0000 42.1200
156.0000 42.1200
157.0000 42.1200
158.0000 42.1200
159.0000 42.1200
160.0000 42.1200
161.0000 42.1200
162.0000 42.1200
163.0000 42.1200
164.0000 42.1200
165.0000 42.1200
166.0000 42.1200
167.0000 42.1200
168.0000 42.1200
169.0000 42.1200
170.0000 42.1200
171.0000 42.0600
172.0000 42.1200
173.0000 42.1200
174.0000 42.1200
175.0000 42.1200
176.0000 42.1200
177.0000 42.1200
178.0000 42.1200
179.0000 42.0600
180.0000 42.1200
181.0000 42.1200
182.0000 42.0600
183.0000 42.1200
184.0000 42.1200
185.0000 42.1200
186.0000 42.1200
187.0000 42.1200
188.0000 42.1200
189.0000 42.1200
190.0000 42.1200
191.0000 42.1200
192.0000 42.1200
193.0000 42.1200
194.0000 42.1200
195.0000 42.0600
196.0000 42.0600
197.0000 42.0600
198.0000 42.0600
199.0000 42.0600
200.0000 42.0600
201.0000 42.0600
202.0000 42.0600
203.0000 42.0600
204.0000 42.0600
205.0000 42.0600
206.0000 42.0600
207.0000 42.0600
208.0000 42.0000
209.0000 42.0000
210.0000 42.0000
211.0000 42.0000
212.0000 42.0000
213.0000 42.0000
214.0000 42.0000
215.0000 42.0000
216.0000 42.0000
217.0000 42.0000
218.0000 42.0000
219.0000 42.0000
220.0000 42.0000
221.0000 41.9300
222.0000 41.9300
223.0000 41.9300
224.0000 41.9300
225.0000 41.9300
226.0000 41.9300
227.0000 42.0000
228.0000 42.0000
229.0000 42.0000
230.0000 42.0000
231.0000 42.0000
232.0000 42.0600
233.0000 42.0600
234.0000 42.0600
235.0000 42.0600
236.0000 42.1200
237.0000 42.1200
238.0000 42.1200
239.0000 42.1200
240.0000 42.1200
241.0000 42.1200
242.0000 42.1200
243.0000 42.1200
244.0000 42.1200
245.0000 42.1200
246.0000 42.1200
247.0000 42.1200
248.0000 42.1200
249.0000 42.1200
250.0000 42.1200
251.0000 42.1200
252.0000 42.1200
253.0000 42.1200
254.0000 42.1200
255.0000 42.1200
256.0000 42.1200
257.0000 42.1200
258.0000 42.1200
259.0000 42.1200
260.0000 42.1800
261.0000 42.1200
262.0000 42.1200
263.0000 42.1200
264.0000 42.1200
265.0000 42.1200
266.0000 42.1200
267.0000 42.1200
268.0000 42.1200
269.0000 42.1200
270.0000 42.1200
271.0000 42.0600
272.0000 42.0600
273.0000 42.0600
274.0000 42.0600
275.0000 42.0600
276.0000 42.0600
277.0000 42.0600
278.0000 42.0600
279.0000 42.0600
280.0000 42.0600
281.0000 42.0600
282.0000 42.0600
283.0000 42.0600
284.0000 42.0000
285.0000 42.0600
286.0000 42.0600
287.0000 42.0000
288.0000 42.0000
289.0000 42.0000
290.0000 42.0000
291.0000 42.0000
292.0000 42.0600
293.0000 42.0600
294.0000 42.0600
295.0000 42.0600
296.0000 42.0000
297.0000 42.0000
298.0000 42.0000
299.0000 42.0000
300.0000 42.0000
301.0000 42.0000
302.0000 42.0000
303.0000 41.9300
304.0000 41.9300
305.0000 41.9300
306.0000 41.9300
307.0000 41.9300
308.0000 41.9300
309.0000 41.9300
310.0000 41.9300
311.0000 41.9300
312.0000 41.9300
313.0000 41.9300
314.0000 41.9300
315.0000 41.9300
316.0000 41.9300
317.0000 41.9300
318.0000 41.9300
319.0000 41.9300
320.0000 41.9300
321.0000 41.9300
322.0000 41.9300
323.0000 42.0000
324.0000 42.0600
325.0000 42.0600
326.0000 42.1200
327.0000 42.1800
328.0000 42.1800
329.0000 42.2500
330.0000 42.3100
331.0000 42.3700
332.0000 42.4300
333.0000 42.5000
334.0000 42.5600
335.0000 42.6800
336.0000 42.7500
337.0000 42.8100
338.0000 42.9300
339.0000 43.0600
340.0000 43.1200
341.0000 43.2500
342.0000 43.3100
343.0000 43.4300
344.0000 43.5000
345.0000 43.6200
346.0000 43.6800
347.0000 43.8100
348.0000 43.8700
349.0000 44.0000
350.0000 44.0600
351.0000 44.1200
352.0000 44.2500
353.0000 44.3100
354.0000 44.3700
355.0000 44.4300
356.0000 44.5000
357.0000 44.5600
358.0000 44.6200
359.0000 44.6800
360.0000 44.7500
361.0000 44.8100
362.0000 44.8700
363.0000 44.9300
364.0000 44.9300
365.0000 45.0000
366.0000 45.0000
367.0000 45.0600
368.0000 45.0600
369.0000 45.1200
370.0000 45.1200
371.0000 45.1200
372.0000 45.1800
373.0000 45.1800
374.0000 45.1800
375.0000 45.1800
376.0000 45.2500
377.0000 45.2500
378.0000 45.2500
379.0000 45.2500
380.0000 45.2500
381.0000 45.2500
382.0000 45.2500
383.0000 45.2500
384.0000 45.2500
385.0000 45.2500
386.0000 45.2500
387.0000 45.2500
388.0000 45.2500
389.0000 45.2500
390.0000 45.2500
391.0000 45.2500
392.0000 45.2500
393.0000 45.1800
394.0000 45.1800
395.0000 45.1800
396.0000 45.1800
397.0000 45.1800
398.0000 45.1800
399.0000 45.1800
400.0000 45.1800
401.0000 45.1800
402.0000 45.1800
403.0000 45.1800
404.0000 45.1800
405.0000 45.1800
406.0000 45.1800
407.0000 45.1800
408.0000 45.1800
409.0000 45.1200
410.0000 45.1200
411.0000 45.1200
412.0000 45.1200
413.0000 45.1200
414.0000 45.1200
415.0000 45.1200
416.0000 45.1200
417.0000 45.1200
418.0000 45.1200
419.0000 45.0600
420.0000 45.0600
421.0000 45.0600
422.0000 45.0600
423.0000 45.0000
424.0000 45.0000
425.0000 45.0000
426.0000 45.0000
427.0000 45.0000
428.0000 44.9300
429.0000 44.9300
430.0000 44.9300
431.0000 44.9300
432.0000 44.9300
433.0000 44.9300
434.0000 44.9300
435.0000 44.8700
436.0000 44.8700
437.0000 44.8700
438.0000 44.9300
439.0000 44.8700
440.0000 44.8700
441.0000 44.8700
442.0000 44.9300
443.0000 44.9300
444.0000 44.9300
445.0000 44.9300
446.0000 44.9300
447.0000 44.9300
448.0000 44.9300
449.0000 45.0000
450.0000 45.0000
451.0000 45.0000
452.0000 45.0000
453.0000 45.0000
454.0000 45.0000
455.0000 45.0000
456.0000 45.0000
457.0000 45.0000
458.0000 45.0000
459.0000 45.0000
460.0000 45.0000
461.0000 45.0000
462.0000 45.0000
463.0000 45.0000
464.0000 45.0600
465.0000 45.0600
466.0000 45.0600
467.0000 45.0600
468.0000 45.0600
469.0000 45.0600
470.0000 45.0600
471.0000 45.0600
472.0000 45.0600
473.0000 45.0600
474.0000 45.0600
475.0000 45.0600
476.0000 45.0600
477.0000 45.1200
478.0000 45.0600
479.0000 45.0600
480.0000 45.1200
481.0000 45.1200
482.0000 45.0600
483.0000 45.0600
484.0000 45.0600
485.0000 45.0600
486.0000 45.0600
487.0000 45.0600
488.0000 45.0600
489.0000 45.0600
490.0000 45.0600
491.0000 45.0600
492.0000 45.0600
493.0000 45.0600
494.0000 45.0600
495.0000 45.0600
496.0000 45.0600
497.0000 45.0600
498.0000 45.0600
499.0000 45.0600
500.0000 45.0600
501.0000 45.0600
502.0000 45.0600
503.0000 45.0600
504.0000 45.0600
505.0000 45.0600
506.0000 45.0600
507.0000 45.0600
508.0000 45.0600
509.0000 45.0600
510.0000 45.0600
511.0000 45.0600
512.0000 45.0600
513.0000 45.0600
514.0000 45.0600
515.0000 45.0600
516.0000 45.0600
517.0000 45.0600
518.0000 45.0600
519.0000 45.0600
520.0000 45.0600
521.0000 45.0600
522.0000 45.0600
523.0000 45.0600
524.0000 45.1200
525.0000 45.1200
526.0000 45.1200
527.0000 45.1200
528.0000 45.1200
529.0000 45.1200
530.0000 45.1200
531.0000 45.1200
532.0000 45.1200
533.0000 45.1200
534.0000 45.1200
535.0000 45.1200
536.0000 45.1200
537.0000 45.1200
538.0000 45.1200
539.0000 45.1200
540.0000 45.1200
541.0000 45.1200
542.0000 45.1200
543.0000 45.1200
544.0000 45.1200
545.0000 45.1200
546.0000 45.1200
547.0000 45.1200
548.0000 45.1200
549.0000 45.1200
550.0000 45.1200
551.0000 45.1200
552.0000 45.1200
553.0000 45.1200
554.0000 45.1200
555.0000 45.1200
556.0000 45.1200
557.0000 45.1200
558.0000 45.1200
559.0000 45.0600
560.0000 45.0600
561.0000 45.0600
562.0000 45.0600
563.0000 45.0600
564.0000 45.0600
565.0000 45.0600
566.0000 45.0600
567.0000 45.0600
568.0000 45.0600
569.0000 45.0600
570.0000 45.0600
571.0000 45.0600
572.0000 45.0600
573.0000 45.0600
574.0000 45.0600
575.0000 45.0600
576.0000 45.0600
577.0000 45.0600
578.0000 45.0600
579.0000 45.0600
580.0000 45.0600
581.0000 45.0600
582.0000 45.0600
583.0000 45.0000
584.0000 45.0000
585.0000 45.0000
586.0000 45.0000
587.0000 45.0000
588.0000 45.0000
589.0000 45.0000
590.0000 45.0000
591.0000 45.0000
592.0000 45.0600
593.0000 45.0000
594.0000 45.0000
595.0000 45.0000
596.0000 45.0000
597.0000 45.0000
598.0000 45.0000
599.0000 45.0000
600.0000 45.0600
601.0000 45.0600
602.0000 45.0600
603.0000 45.0600
604.0000 45.0600
605.0000 45.0600
606.0000 45.0600
607.0000 45.0600
608.0000 45.0600
609.0000 45.0600
610.0000 45.0600
611.0000 45.0600
612.0000 45.0600
613.0000 45.0600
614.0000 45.0600
615.0000 45.0600
616.0000 45.0600
617.0000 45.0600
618.0000 45.0600
619.0000 45.0600
620.0000 45.0600
621.0000 45.0600
622.0000 45.1200
623.0000 45.1200
624.0000 45.1200
625.0000 45.1200
626.0000 45.1200
627.0000 45.1800
628.0000 45.1800
629.0000 45.1800
630.0000 45.1800
631.0000 45.1800
632.0000 45.1800
633.0000 45.1800
634.0000 45.2500
635.0000 45.2500
636.0000 45.2500
637.0000 45.2500
638.0000 45.2500
639.0000 45.2500
640.0000 45.2500
641.0000 45.2500
642.0000 45.2500
643.0000 45.1800
644.0000 45.1800
645.0000 45.1800
646.0000 45.1800
647.0000 45.1800
648.0000 45.1800
649.0000 45.1800
650.0000 45.1800
651.0000 45.1800
652.0000 45.1800
653.0000 45.1800
654.0000 45.1200
655.0000 45.1800
656.0000 45.1200
657.0000 45.1200
658.0000 45.1200
659.0000 45.1200
660.0000 45.1200
661.0000 45.1200
662.0000 45.1200
663.0000 45.1200
664.0000 45.1200
665.0000 45.1200
666.0000 45.1200
667.0000 45.1200
668.0000 45.1200
669.0000 45.1200
670.0000 45.1200
671.0000 45.1200
672.0000 45.1200
673.0000 45.1200
674.0000 45.0600
675.0000 45.0600
676.0000 45.0600
677.0000 45.0600
678.0000 45.1200
679.0000 45.1200
680.0000 45.1200
681.0000 45.1200
682.0000 45.1200
683.0000 45.1200
684.0000 45.1200
685.0000 45.1200
686.0000 45.1200
687.0000 45.1200
688.0000 45.1200
689.0000 45.1200
690.0000 45.0600
691.0000 45.0600
692.0000 45.0600
693.0000 45.0600
694.0000 45.0600
695.0000 45.0600
696.0000 45.0600
697.0000 45.0600
698.0000 45.0600
699.0000 45.0600
700.0000 45.0600
701.0000 45.0600
702.0000 45.0600
703.0000 45.0600
704.0000 45.0600
705.0000 45.0600
706.0000 45.0600
707.0000 45.0600
708.0000 45.0600
709.0000 45.0600
710.0000 45.0600
711.0000 45.0600
712.0000 45.0600
713.0000 45.0600
714.0000 45.0600
715.0000 45.0600
716.0000 45.0600
717.0000 45.0600
718.0000 45.0600
719.0000 45.0600
720.0000 45.0600
721.0000 45.0600
722.0000 45.0600
723.0000 45.0600
724.0000 45.0600
725.0000 45.0600
726.0000 45.0600
727.0000 45.0600
728.0000 45.0600
729.0000 45.0600
730.0000 45.0600
731.0000 45.0600
732.0000 45.0600
733.0000 45.0600
734.0000 45.0600
735.0000 45.0000
736.0000 45.0600
737.0000 45.0000
738.0000 45.0600
739.0000 45.0600
740.0000 45.0600
741.0000 45.0600
742.0000 45.0600
743.0000 45.0600
744.0000 45.0600
745.0000 45.0000
746.0000 45.0000
747.0000 45.0000
748.0000 45.0000
749.0000 45.0000
750.0000 45.0000
751.0000 45.0000
752.0000 45.0000
753.0000 45.0000
754.0000 45.0000
755.0000 45.0000
756.0000 45.0000
757.0000 45.0000
758.0000 45.0000
759.0000 45.0000
760.0000 45.0000
761.0000 45.0000
762.0000 45.0000
763.0000 45.0600
764.0000 45.0600
765.0000 45.0000
766.0000 45.0600
767.0000 45.0600
768.0000 45.0600
769.0000 45.0600
770.0000 45.0600
771.0000 45.0600
772.0000 45.0600
773.0000 45.0600
774.0000 45.0600
775.0000 45.0600
776.0000 45.0600
777.0000 45.0600
778.0000 45.0600
779.0000 45.0600
780.0000 45.0600
781.0000 45.0600
782.0000 45.0600
783.0000 45.0600
784.0000 45.0600
785.0000 45.0600
786.0000 45.0600
787.0000 45.0600
788.0000 45.1200
789.0000 45.1200
790.0000 45.1200
791.0000 45.1200
792.0000 45.1800
793.0000 45.1800
794.0000 45.1800
795.0000 45.1800
796.0000 45.1800
797.0000 45.1800
798.0000 45.1200
799.0000 45.1200
800.0000 45.1200
801.0000 45.1200
802.0000 45.1200
803.0000 45.1200
804.0000 45.1200
805.0000 45.1200
806.0000 45.1200
807.0000 45.1800
808.0000 45.1200
809.0000 45.1200
810.0000 45.1800
811.0000 45.1800
812.0000 45.1800
813.0000 45.1800
814.0000 45.1800
815.0000 45.1800
816.0000 45.1800
817.0000 45.1800
818.0000 45.1800
819.0000 45.1200
820.0000 45.1200
821.0000 45.1200
822.0000 45.1800
823.0000 45.1800
824.0000 45.1800
825.0000 45.1800
826.0000 45.1200
827.0000 45.1800
828.0000 45.1800
829.0000 45.1200
830.0000 45.1200
831.0000 45.1200
832.0000 45.1200
833.0000 45.1200
834.0000 45.1200
835.0000 45.1200
836.0000 45.1200
837.0000 45.1200
838.0000 45.1200
839.0000 45.1200
840.0000 45.1200
841.0000 45.1200
842.0000 45.0600
843.0000 45.1200
844.0000 45.1200
845.0000 45.1200
846.0000 45.1200
847.0000 45.1200
848.0000 45.1200
849.0000 45.1200
850.0000 45.1200
851.0000 45.1200
852.0000 45.1200
853.0000 45.1200
854.0000 45.1200
855.0000 45.1200
856.0000 45.0600
857.0000 45.0600
858.0000 45.1200
859.0000 45.1200
860.0000 45.1200
861.0000 45.1200
862.0000 45.0600
863.0000 45.0600
864.0000 45.0600
865.0000 45.0600
866.0000 45.0600
867.0000 45.0600
868.0000 45.0600
869.0000 45.0600
870.0000 45.0600
871.0000 45.0600
872.0000 45.0600
873.0000 45.0600
874.0000 45.0600
875.0000 45.0600
876.0000 45.0600
877.0000 45.0600
878.0000 45.0600
879.0000 45.0600
880.0000 45.0600
881.0000 45.0600
882.0000 45.0600
883.0000 45.0600
884.0000 45.0600
885.0000 45.0600
886.0000 45.0600
887.0000 45.0600
888.0000 45.0600
889.0000 45.0600
890.0000 45.0600
891.0000 45.0600
892.0000 45.0600
893.0000 45.0600
894.0000 45.1200
895.0000 45.1200
896.0000 45.1200
897.0000 45.1200
898.0000 45.1200
899.0000 45.1200
900.0000 45.1200
901.0000 45.1200
902.0000 45.1200
903.0000 45.1200
904.0000 45.1200
905.0000 45.1200
906.0000 45.1200
907.0000 45.1200
908.0000 45.1200
909.0000 45.1200
910.0000 45.1200
911.0000 45.1200
912.0000 45.1200
913.0000 45.1200
914.0000 45.1200
915.0000 45.1200
916.0000 45.1200
917.0000 45.0600
918.0000 45.0600
919.0000 45.0600
920.0000 45.0600
921.0000 45.0600
922.0000 45.0600
923.0000 45.0600
924.0000 45.0000
925.0000 45.0000
926.0000 44.9300
927.0000 44.9300
928.0000 44.8700
929.0000 44.8700
930.0000 44.8100
931.0000 44.8100
932.0000 44.7500
933.0000 44.7500
934.0000 44.6800
935.0000 44.6800
936.0000 44.6200
937.0000 44.6200
938.0000 44.5600
939.0000 44.5000
940.0000 44.4300
941.0000 44.3700
942.0000 44.3100
943.0000 44.3100
944.0000 44.2500
945.0000 44.1800
946.0000 44.1200
947.0000 44.0600
948.0000 44.0000
949.0000 43.9300
950.0000 43.8700
951.0000 43.8700
952.0000 43.8100
953.0000 43.7500
954.0000 43.7500
955.0000 43.6800
956.0000 43.6200
957.0000 43.5600
958.0000 43.5000
959.0000 43.5000
960.0000 43.4300
961.0000 43.4300
962.0000 43.3700
963.0000 43.3700
964.0000 43.3100
965.0000 43.3100
966.0000 43.2500
967.0000 43.2500
968.0000 43.2500
969.0000 43.1800
970.0000 43.1800
971.0000 43.1200
972.0000 43.1200
973.0000 43.0600
974.0000 43.0600
975.0000 43.0600
976.0000 43.0600
977.0000 43.0600
978.0000 43.0000
979.0000 43.0000
980.0000 43.0000
981.0000 43.0000
982.0000 43.0000
983.0000 43.0000
984.0000 43.0000
985.0000 43.0000
986.0000 43.0000
987.0000 43.0000
988.0000 43.0000
989.0000 43.0000
990.0000 43.0000
991.0000 43.0000
992.0000 43.0000
993.0000 43.0000
994.0000 43.0000
995.0000 43.0000
996.0000 43.0000
997.0000 43.0000
998.0000 43.0000
999.0000 43.0000
1000.0000 43.0000
1001.0000 43.0000
1002.0000 43.0000
1003.0000 43.0000
1004.0000 43.0000
1005.0000 43.0000
1006.0000 43.0000
1007.0000 43.0000
1008.0000 43.0000
1009.0000 43.0000
1010.0000 43.0000
1011.0000 42.9300
1012.0000 43.0000
1013.0000 43.0000
1014.0000 42.9300
1015.0000 42.9300
1016.0000 42.9300
1017.0000 42.9300
1018.0000 42.9300
1019.0000 42.9300
1020.0000 42.9300
1021.0000 42.9300
1022.0000 42.9300
1023.0000 42.9300
1024.0000 42.9300
1025.0000 42.9300
1026.0000 43.0000
1027.0000 43.0000
1028.0000 43.0000
1029.0000 43.0000
1030.0000 43.0000
1031.0000 43.0000
1032.0000 43.0000
1033.0000 43.0000
1034.0000 43.0000
1035.0000 43.0000
1036.0000 43.0000
1037.0000 43.0000
1038.0000 43.0000
1039.0000 43.0000
1040.0000 43.0000
1041.0000 43.0000
1042.0000 43.0000
1043.0000 43.0000
1044.0000 43.0000
1045.0000 43.0000
1046.0000 43.0600
1047.0000 43.0600
1048.0000 43.0600
1049.0000 43.0600
1050.0000 43.0600
1051.0000 43.0600
1052.0000 43.0600
1053.0000 43.0600
1054.0000 43.0600
1055.0000 43.0600
1056.0000 43.0600
1057.0000 43.0600
1058.0000 43.0600
1059.0000 43.0600
1060.0000 43.0600
1061.0000 43.0600
1062.0000 43.0600
1063.0000 43.1200
1064.0000 43.0600
1065.0000 43.1200
1066.0000 43.1200
1067.0000 43.1200
1068.0000 43.1200
1069.0000 43.1200
1070.0000 43.1200
1071.0000 43.1200
1072.0000 43.1200
1073.0000 43.1200
1074.0000 43.1200
1075.0000 43.1200
1076.0000 43.1200
1077.0000 43.1200
1078.0000 43.1200
1079.0000 43.1200
1080.0000 43.0600
1081.0000 43.1200
1082.0000 43.0600
1083.0000 43.0600
1084.0000 43.0600
1085.0000 43.0600
1086.0000 43.0600
1087.0000 43.0600
1088.0000 43.0600
1089.0000 43.0600
1090.0000 43.0000
1091.0000 43.0000
1092.0000 43.0000
1093.0000 43.0000
1094.0000 43.0000
1095.0000 43.0000
1096.0000 43.0600
1097.0000 43.0600
1098.0000 43.0600
1099.0000 43.0600
1100.0000 43.0600
1101.0000 43.1200
1102.0000 43.1200
1103.0000 43.1200
1104.0000 43.1200
1105.0000 43.1200
1106.0000 43.1200
1107.0000 43.1200
1108.0000 43.1200
1109.0000 43.1200
1110.0000 43.1200
1111.0000 43.1200
1112.0000 43.1200
1113.0000 43.1200
1114.0000 43.1200
1115.0000 43.1200
1116.0000 43.1200
1117.0000 43.1200
1118.0000 43.1200
1119.0000 43.1200
1120.0000 43.1200
1121.0000 43.1200
1122.0000 43.1200
1123.0000 43.1200
1124.0000 43.1200
1125.0000 43.1200
1126.0000 43.1200
1127.0000 43.1200
1128.0000 43.1200
1129.0000 43.0600
1130.0000 43.0600
1131.0000 43.0600
1132.0000 43.0600
1133.0000 43.0600
1134.0000 43.1200
1135.0000 43.1200
1136.0000 43.0600
1137.0000 43.0600
1138.0000 43.0600
1139.0000 43.0600
1140.0000 43.1200
1141.0000 43.1200
1142.0000 43.0600
1143.0000 43.0600
1144.0000 43.0600
1145.0000 43.0600
1146.0000 43.0600
1147.0000 43.0600
1148.0000 43.0600
1149.0000 43.0600
1150.0000 43.0000
1151.0000 43.0000
1152.0000 43.0000
1153.0000 43.0000
1154.0000 43.0000
1155.0000 43.0000
1156.0000 43.0000
1157.0000 43.0000
1158.0000 43.0000
1159.0000 43.0000
1160.0000 43.0000
1161.0000 43.0000
1162.0000 43.0000
1163.0000 43.0000
1164.0000 43.0000
1165.0000 43.0000
1166.0000 43.0000
1167.0000 43.0000
1168.0000 43.0000
1169.0000 43.0000
1170.0000 43.0000
1171.0000 43.0600
1172.0000 43.0600
1173.0000 43.0600
1174.0000 43.0600
1175.0000 43.0600
1176.0000 43.0600
1177.0000 43.0600
1178.0000 43.0600
1179.0000 43.0600
1180.0000 43.0600
1181.0000 43.0600
1182.0000 43.0600
1183.0000 43.0600
1184.0000 43.0600
1185.0000 43.0600
1186.0000 43.0600
1187.0000 43.1200
1188.0000 43.0600
1189.0000 43.0600
1190.0000 43.0600
1191.0000 43.0600
1192.0000 43.0600
1193.0000 43.0600
1194.0000 43.0600
1195.0000 43.0600
1196.0000 43.0600
1197.0000 43.0600
1198.0000 43.0600
1199.0000 43.0600
1200.0000 43.0600
1201.0000 43.0600
1202.0000 43.0600
1203.0000 43.0000
1204.0000 43.0000
1205.0000 43.0600
1206.0000 43.0600
1207.0000 43.0000
1208.0000 43.0600
1209.0000 43.0600
1210.0000 43.0600
1211.0000 43.0600
1212.0000 43.0600
1213.0000 43.0600
1214.0000 43.0600
1215.0000 43.0600
1216.0000 43.0600
1217.0000 43.0600
1218.0000 43.0600
1219.0000 43.0600
1220.0000 43.0600
1221.0000 43.0600
1222.0000 43.0600
1223.0000 43.0600
1224.0000 43.0600
1225.0000 43.0600
1226.0000 43.0600
1227.0000 43.0600
1228.0000 43.0600
1229.0000 43.0600
1230.0000 43.0600
1231.0000 43.0600
1232.0000 43.0600
1233.0000 43.0600
1234.0000 43.0600
1235.0000 43.0600
1236.0000 43.0600
1237.0000 43.0600
1238.0000 43.0600
1239.0000 43.1200
1240.0000 43.1200
1241.0000 43.0600
1242.0000 43.0600
1243.0000 43.1200
1244.0000 43.0600
1245.0000 43.0600
1246.0000 43.0600
1247.0000 43.0600
1248.0000 43.0600
1249.0000 43.0600
1250.0000 43.0600
1251.0000 43.0600
1252.0000 43.0600
1253.0000 43.0600
1254.0000 43.0600
1255.0000 43.0600
1256.0000 43.1200
1257.0000 43.1200
1258.0000 43.1200
1259.0000 43.1200
1260.0000 43.1200
1261.0000 43.1200
1262.0000 43.0600
1263.0000 43.0600
1264.0000 43.0600
1265.0000 43.0600
1266.0000 43.0600
1267.0000 43.0600
1268.0000 43.0600
1269.0000 43.1200
1270.0000 43.0600
1271.0000 43.0600
1272.0000 43.0600
1273.0000 43.0600
1274.0000 43.0600
1275.0000 43.0600
1276.0000 43.0600
1277.0000 43.0600
1278.0000 43.0600
1279.0000 43.0600
1280.0000 43.0600
1281.0000 43.0600
1282.0000 43.0600
1283.0000 43.0600
1284.0000 43.0600
1285.0000 43.0600
1286.0000 43.0600
1287.0000 43.0600
1288.0000 43.0600
1289.0000 43.0600
1290.0000 43.0600
1291.0000 43.0600
1292.0000 43.0600
1293.0000 43.0600
1294.0000 43.0600
1295.0000 43.0600
1296.0000 43.0600
1297.0000 43.0600
1298.0000 43.0600
1299.0000 43.0600
1300.0000 43.0000
1301.0000 43.0000
1302.0000 43.0000
1303.0000 43.0600
1304.0000 43.0000
1305.0000 43.0600
1306.0000 43.0600
1307.0000 43.0600
1308.0000 43.1200
1309.0000 43.1200
1310.0000 43.1200
1311.0000 43.1200
1312.0000 43.1200
1313.0000 43.1800
1314.0000 43.1800
1315.0000 43.1800
1316.0000 43.1800
1317.0000 43.1800
1318.0000 43.1800
1319.0000 43.1800
1320.0000 43.1800
1321.0000 43.1800
1322.0000 43.1200
1323.0000 43.1200
1324.0000 43.1200
1325.0000 43.1200
1326.0000 43.1200
1327.0000 43.1200
1328.0000 43.1200
1329.0000 43.1200
1330.0000 43.0600
1331.0000 43.1200
1332.0000 43.0600
1333.0000 43.0600
1334.0000 43.0600
1335.0000 43.0600
1336.0000 43.0600
1337.0000 43.0600
1338.0000 43.0600
1339.0000 43.0000
1340.0000 43.0000
1341.0000 43.0600
1342.0000 43.0600
1343.0000 43.0000
1344.0000 43.0600
1345.0000 43.0000
1346.0000 43.0600
1347.0000 43.0600
1348.0000 43.0000
1349.0000 43.0000
1350.0000 43.0000
1351.0000 43.0000
1352.0000 43.0000
1353.0000 43.0000
1354.0000 43.0600
1355.0000 43.0600
1356.0000 43.0000
1357.0000 43.0600
1358.0000 43.0600
1359.0000 43.0000
1360.0000 43.0600
1361.0000 43.0600
1362.0000 43.0000
1363.0000 43.0000
1364.0000 43.0000
1365.0000 43.0000
1366.0000 43.0000
1367.0000 43.0000
1368.0000 43.0000
1369.0000 43.0000
1370.0000 43.0000
1371.0000 43.0000
1372.0000 43.0000
1373.0000 43.0600
1374.0000 43.0600
1375.0000 43.0600
1376.0000 43.0000
1377.0000 43.0000
1378.0000 43.0000
1379.0000 43.0000
1380.0000 43.0000
1381.0000 43.0000
1382.0000 43.0000
1383.0000 43.0000
1384.0000 43.0000
1385.0000 43.0600
1386.0000 43.0600
1387.0000 43.0600
1388.0000 43.0600
1389.0000 43.0600
1390.0000 43.0000
1391.0000 43.0600
1392.0000 43.0000
1393.0000 43.0600
1394.0000 43.0000
1395.0000 43.0000
1396.0000 43.0000
1397.0000 43.0000
1398.0000 43.0000
1399.0000 43.0000
1400.0000 43.0000
1401.0000 43.0000
1402.0000 43.0000
1403.0000 43.0000
1404.0000 43.0600
1405.0000 43.0600
1406.0000 43.0600
1407.0000 43.0600
1408.0000 43.0600
1409.0000 43.0600
1410.0000 43.0600
1411.0000 43.0600
1412.0000 43.0600
1413.0000 43.1200
1414.0000 43.1200
1415.0000 43.1200
1416.0000 43.1200
1417.0000 43.1200
1418.0000 43.1200
1419.0000 43.1800
1420.0000 43.1800
1421.0000 43.1800
1422.0000 43.2500
1423.0000 43.2500
1424.0000 43.2500
1425.0000 43.2500
1426.0000 43.2500
1427.0000 43.2500
1428.0000 43.2500
1429.0000 43.2500
1430.0000 43.2500
1431.0000 43.2500
1432.0000 43.2500
1433.0000 43.2500
1434.0000 43.2500
1435.0000 43.2500
1436.0000 43.2500
1437.0000 43.2500
1438.0000 43.2500
1439.0000 43.2500
1440.0000 43.2500
1441.0000 43.2500
1442.0000 43.2500
1443.0000 43.2500
1444.0000 43.2500
1445.0000 43.2500
1446.0000 43.1800
1447.0000 43.1800
1448.0000 43.1800
1449.0000 43.1800
1450.0000 43.1800
1451.0000 43.1800
1452.0000 43.1800
1453.0000 43.1800
1454.0000 43.1800
1455.0000 43.1800
1456.0000 43.1800
1457.0000 43.1800
1458.0000 43.1800
1459.0000 43.1800
1460.0000 43.1800
1461.0000 43.1200
1462.0000 43.1200
1463.0000 43.1200
1464.0000 43.0600
1465.0000 43.0600
1466.0000 43.0600
1467.0000 43.0600
1468.0000 43.0600
1469.0000 43.0600
1470.0000 43.0600
1471.0000 43.0000
1472.0000 43.0000
1473.0000 43.0000
1474.0000 43.0000
1475.0000 43.0000
1476.0000 43.0000
1477.0000 43.0000
1478.0000 43.0000
1479.0000 43.0000
1480.0000 43.0000
1481.0000 43.0000
1482.0000 42.9300
1483.0000 42.9300
1484.0000 42.9300
1485.0000 42.9300
1486.0000 42.9300
1487.0000 42.9300
1488.0000 42.9300
1489.0000 42.9300
1490.0000 42.9300
1491.0000 42.9300
1492.0000 42.9300
1493.0000 42.9300
1494.0000 42.9300
1495.0000 42.9300
1496.0000 42.9300
1497.0000 42.9300
1498.0000 42.9300
1499.0000 42.9300
1500.0000 42.9300
1501.0000 42.9300
1502.0000 42.9300
1503.0000 42.9300
1504.0000 42.9300
1505.0000 42.9300
1506.0000 42.9300
1507.0000 42.9300
1508.0000 42.9300
1509.0000 42.9300
1510.0000 42.9300
1511.0000 43.0000
1512.0000 43.0000
1513.0000 43.0000
1514.0000 43.0000
1515.0000 43.0000
1516.0000 43.0000
1517.0000 43.0600
1518.0000 43.0600
1519.0000 43.0600
1520.0000 43.0600
1521.0000 43.0600
1522.0000 43.0600
1523.0000 43.0600
1524.0000 43.0600
1525.0000 43.0600
1526.0000 43.1200
1527.0000 43.1200
1528.0000 43.1200
1529.0000 43.1200
1530.0000 43.1200
1531.0000 43.1200
1532.0000 43.1200
1533.0000 43.1800
1534.0000 43.1800
1535.0000 43.2500
1536.0000 43.2500
1537.0000 43.2500
1538.0000 43.3100
1539.0000 43.3100
1540.0000 43.3700
1541.0000 43.3700
1542.0000 43.4300
1543.0000 43.4300
1544.0000 43.5000
1545.0000 43.5000
1546.0000 43.5600
1547.0000 43.5600
1548.0000 43.6200
1549.0000 43.6800
1550.0000 43.6800
1551.0000 43.6800
1552.0000 43.7500
1553.0000 43.7500
1554.0000 43.8100
1555.0000 43.8100
1556.0000 43.8100
1557.0000 43.8700
1558.0000 43.8700
1559.0000 43.8700
1560.0000 43.9300
1561.0000 43.9300
1562.0000 43.9300
1563.0000 44.0000
1564.0000 44.0000
1565.0000 44.0000
1566.0000 44.0000
1567.0000 44.0000
1568.0000 44.0000
1569.0000 44.0600
1570.0000 44.0600
1571.0000 44.0600
1572.0000 44.0600
1573.0000 44.0600
1574.0000 44.0600
1575.0000 44.1200
1576.0000 44.1200
1577.0000 44.1200
1578.0000 44.1800
1579.0000 44.1800
1580.0000 44.1800
1581.0000 44.1800
1582.0000 44.2500
1583.0000 44.2500
1584.0000 44.2500
1585.0000 44.2500
1586.0000 44.2500
1587.0000 44.2500
1588.0000 44.2500
1589.0000 44.1800
1590.0000 44.1800
1591.0000 44.1800
1592.0000 44.1800
1593.0000 44.1800
1594.0000 44.1800
1595.0000 44.1800
1596.0000 44.1800
1597.0000 44.1800
1598.0000 44.1200
1599.0000 44.1200
1600.0000 44.1200
1601.0000 44.1200
1602.0000 44.1200
1603.0000 44.1800
1604.0000 44.1200
1605.0000 44.1200
1606.0000 44.1200
1607.0000 44.1200
1608.0000 44.1200
1609.0000 44.1200
1610.0000 44.1200
1611.0000 44.1200
1612.0000 44.1200
1613.0000 44.1200
1614.0000 44.1200
1615.0000 44.1200
1616.0000 44.1200
1617.0000 44.1200
1618.0000 44.1200
1619.0000 44.1200
1620.0000 44.1200
1621.0000 44.1200
1622.0000 44.0600
1623.0000 44.0600
1624.0000 44.0600
1625.0000 44.0600
1626.0000 44.1200
1627.0000 44.0600
1628.0000 44.0600
1629.0000 44.0600
1630.0000 44.0600
1631.0000 44.0600
1632.0000 44.0600
1633.0000 44.0600
1634.0000 44.0600
1635.0000 44.0600
1636.0000 44.0600
1637.0000 44.0600
1638.0000 44.0600
1639.0000 44.0600
1640.0000 44.0600
1641.0000 44.0000
1642.0000 44.0000
1643.0000 44.0000
1644.0000 44.0000
1645.0000 44.0000
1646.0000 44.0000
1647.0000 44.0000
1648.0000 44.0000
1649.0000 44.0000
1650.0000 44.0000
1651.0000 44.0000
1652.0000 44.0000
1653.0000 44.0000
1654.0000 44.0000
1655.0000 44.0000
1656.0000 44.0000
1657.0000 44.0000
1658.0000 44.0000
1659.0000 44.0000
1660.0000 44.0000
1661.0000 44.0000
1662.0000 44.0000
1663.0000 44.0000
1664.0000 44.0000
1665.0000 44.0000
1666.0000 44.0000
1667.0000 44.0000
1668.0000 44.0000
1669.0000 44.0000
1670.0000 44.0000
1671.0000 44.0000
1672.0000 44.0600
1673.0000 44.0600
1674.0000 44.0600
1675.0000 44.0600
1676.0000 44.0600
1677.0000 44.0600
1678.0000 44.0600
1679.0000 44.0000
1680.0000 44.0600
1681.0000 44.0600
1682.0000 44.0600
1683.0000 44.0600
1684.0000 44.0600
1685.0000 44.0600
1686.0000 44.0600
1687.0000 44.0600
1688.0000 44.0600
1689.0000 44.0600
1690.0000 44.0600
1691.0000 44.0600
1692.0000 44.0600
1693.0000 44.0600
1694.0000 44.0600
1695.0000 44.0600
1696.0000 44.0600
1697.0000 44.0600
1698.0000 44.0600
1699.0000 44.0600
1700.0000 44.0000
1701.0000 44.0000
1702.0000 44.0000
1703.0000 44.0000
1704.0000 44.0000
1705.0000 44.0000
1706.0000 44.0000
1707.0000 44.0000
1708.0000 44.0000
1709.0000 44.0000
1710.0000 44.0000
1711.0000 44.0000
1712.0000 44.0000
1713.0000 43.9300
1714.0000 44.0000
1715.0000 44.0000
1716.0000 44.0000
1717.0000 44.0000
1718.0000 44.0000
1719.0000 44.0000
1720.0000 44.0000
1721.0000 44.0000
1722.0000 44.0000
1723.0000 44.0000
1724.0000 44.0000
1725.0000 44.0000
1726.0000 44.0000
1727.0000 44.0000
1728.0000 44.0600
1729.0000 44.1200
1730.0000 44.1200
1731.0000 44.1200
1732.0000 44.1200
1733.0000 44.1200
1734.0000 44.1800
1735.0000 44.1800
1736.0000 44.1800
1737.0000 44.1800
1738.0000 44.1800
1739.0000 44.1800
1740.0000 44.1800
1741.0000 44.1800
1742.0000 44.1800
1743.0000 44.1800
1744.0000 44.1800
1745.0000 44.2500
1746.0000 44.2500
1747.0000 44.2500
1748.0000 44.2500
1749.0000 44.2500
1750.0000 44.3100
1751.0000 44.3100
1752.0000 44.2500
1753.0000 44.2500
1754.0000 44.2500
1755.0000 44.2500
1756.0000 44.2500
1757.0000 44.2500
1758.0000 44.2500
1759.0000 44.1800
1760.0000 44.1800
1761.0000 44.1800
1762.0000 44.1800
1763.0000 44.1800
1764.0000 44.1800
1765.0000 44.1800
1766.0000 44.1800
1767.0000 44.1200
1768.0000 44.1800
1769.0000 44.1800
1770.0000 44.1800
1771.0000 44.1200
1772.0000 44.1200
1773.0000 44.1200
1774.0000 44.1200
1775.0000 44.1200
1776.0000 44.1200
1777.0000 44.0600
1778.0000 44.0600
1779.0000 44.0600
1780.0000 44.0600
1781.0000 44.0600
1782.0000 44.0600
1783.0000 44.0600
1784.0000 44.0600
1785.0000 44.0600
1786.0000 44.0600
1787.0000 44.0600
1788.0000 44.0600
1789.0000 44.0600
1790.0000 44.0600
1791.0000 44.0600
1792.0000 44.0600
1793.0000 44.0600
1794.0000 44.0600
1795.0000 44.0600
1796.0000 44.0600
1797.0000 44.0600
1798.0000 44.0600
1799.0000 44.0600
1800.0000 44.0600
1801.0000 44.0600
1802.0000 44.0600
1803.0000 44.0600
1804.0000 44.0000
1805.0000 44.0000
1806.0000 44.0000
1807.0000 44.0000
1808.0000 44.0000
1809.0000 44.0000
1810.0000 44.0000
