1.0000 39.6200
2.0000 39.6200
3.0000 39.6200
4.0000 39.6200
5.0000 39.6200
6.0000 39.6200
7.0000 39.6200
8.0000 39.6200
9.0000 39.6200
10.0000 42.6200
11.0000 42.6200
12.0000 42.6200
13.0000 42.6200
14.0000 42.6200
15.0000 42.6200
16.0000 42.6200
17.0000 42.6200
18.0000 42.6200
19.0000 42.6200
20.0000 42.6200
21.0000 42.6200
22.0000 42.6200
23.0000 42.6200
24.0000 42.6200
25.0000 42.6200
26.0000 42.6200
27.0000 42.6200
28.0000 42.6200
29.0000 42.6200
30.0000 42.6200
31.0000 42.6200
32.0000 42.6200
33.0000 42.6200
34.0000 42.6200
35.0000 42.6200
36.0000 42.6200
37.0000 42.6200
38.0000 42.6200
39.0000 42.6200
40.0000 42.6200
41.0000 42.6200
42.0000 42.6200
43.0000 42.6200
44.0000 42.6200
45.0000 42.6200
46.0000 42.6200
47.0000 42.6200
48.0000 42.6200
49.0000 42.6200
50.0000 42.6200
51.0000 42.6200
52.0000 42.6200
53.0000 42.6200
54.0000 42.6200
55.0000 42.6200
56.0000 42.6200
57.0000 42.6200
58.0000 42.6200
59.0000 42.6200
60.0000 42.6200
61.0000 42.6200
62.0000 42.6200
63.0000 42.6200
64.0000 42.6200
65.0000 42.6200
66.0000 42.6200
67.0000 42.6200
68.0000 42.6200
69.0000 42.6200
70.0000 42.6200
71.0000 42.6200
72.0000 42.6200
73.0000 42.6200
74.0000 42.6200
75.0000 42.6200
76.0000 42.6200
77.0000 42.6200
78.0000 42.6200
79.0000 42.6200
80.0000 42.6200
81.0000 42.6200
82.0000 42.6200
83.0000 42.6200
84.0000 42.6200
85.0000 42.6200
86.0000 42.6200
87.0000 42.6200
88.0000 42.6200
89.0000 42.6200
90.0000 42.6200
91.0000 42.6200
92.0000 42.6200
93.0000 42.6200
94.0000 42.6200
95.0000 42.6200
96.0000 42.6200
97.0000 42.6200
98.0000 42.6200
99.0000 42.6200
100.0000 42.6200
101.0000 42.6200
102.0000 42.6200
103.0000 42.6200
104.0000 42.6200
105.0000 42.6200
106.0000 42.6200
107.0000 42.6200
108.0000 42.6200
109.0000 42.6200
110.0000 42.6200
111.0000 42.6200
112.0000 42.6200
113.0000 42.6200
114.0000 42.6200
115.0000 42.6200
116.0000 42.6200
117.0000 42.6200
118.0000 42.6200
119.0000 42.6200
120.0000 42.6200
121.0000 42.6200
122.0000 42.6200
123.0000 42.6200
124.0000 42.6200
125.0000 42.6200
126.0000 42.6200
127.0000 42.6200
128.0000 42.6200
129.0000 42.6200
130.0000 42.6200
131.0000 42.6200
132.0000 42.6200
133.0000 42.6200
134.0000 42.6200
135.0000 42.6200
136.0000 42.6200
137.0000 42.6200
138.0000 42.6200
139.0000 42.6200
140.0000 42.6200
141.0000 42.6200
142.0000 42.6200
143.0000 42.6200
144.0000 42.6200
145.0000 42.6200
146.0000 42.6200
147.0000 42.6200
148.0000 42.6200
149.0000 42.6200
150.0000 42.6200
151.0000 42.6200
152.0000 42.6200
153.0000 42.6200
154.0000 42.6200
155.0000 42.6200
156.0000 42.6200
157.0000 42.6200
158.0000 42.6200
159.0000 42.6200
160.0000 42.6200
161.0000 42.6200
162.0000 42.6200
163.0000 42.6200
164.0000 42.6200
165.0000 42.6200
166.0000 42.6200
167.0000 42.6200
168.0000 42.6200
169.0000 42.6200
170.0000 42.6200
171.0000 42.6200
172.0000 42.6200
173.0000 42.6200
174.0000 42.6200
175.0000 42.6200
176.0000 42.6200
177.0000 42.6200
178.0000 42.6200
179.0000 42.6200
180.0000 42.6200
181.0000 42.6200
182.0000 42.6200
183.0000 42.6200
184.0000 42.6200
185.0000 42.6200
186.0000 42.6200
187.0000 42.6200
188.0000 42.6200
189.0000 42.6200
190.0000 42.6200
191.0000 42.6200
192.0000 42.6200
193.0000 42.6200
194.0000 42.6200
195.0000 42.6200
196.0000 42.6200
197.0000 42.6200
198.0000 42.6200
199.0000 42.6200
200.0000 42.6200
201.0000 42.6200
202.0000 42.6200
203.0000 42.6200
204.0000 42.6200
205.0000 42.6200
206.0000 42.6200
207.0000 42.6200
208.0000 42.6200
209.0000 42.6200
210.0000 42.6200
211.0000 42.6200
212.0000 42.6200
213.0000 42.6200
214.0000 42.6200
215.0000 42.6200
216.0000 42.6200
217.0000 42.6200
218.0000 42.6200
219.0000 42.6200
220.0000 42.6200
221.0000 42.6200
222.0000 42.6200
223.0000 42.6200
224.0000 42.6200
225.0000 42.6200
226.0000 42.6200
227.0000 42.6200
228.0000 42.6200
229.0000 42.6200
230.0000 42.6200
231.0000 42.6200
232.0000 42.6200
233.0000 42.6200
234.0000 42.6200
235.0000 42.6200
236.0000 42.6200
237.0000 42.6200
238.0000 42.6200
239.0000 42.6200
240.0000 42.6200
241.0000 42.6200
242.0000 42.6200
243.0000 42.6200
244.0000 42.6200
245.0000 42.6200
246.0000 42.6200
247.0000 42.6200
248.0000 42.6200
249.0000 42.6200
250.0000 42.6200
251.0000 42.6200
252.0000 42.6200
253.0000 42.6200
254.0000 42.6200
255.0000 42.6200
256.0000 42.6200
257.0000 42.6200
258.0000 42.6200
259.0000 42.6200
260.0000 42.6200
261.0000 42.6200
262.0000 42.6200
263.0000 42.6200
264.0000 42.6200
265.0000 42.6200
266.0000 42.6200
267.0000 42.6200
268.0000 42.6200
269.0000 42.6200
270.0000 42.6200
271.0000 42.6200
272.0000 42.6200
273.0000 42.6200
274.0000 42.6200
275.0000 42.6200
276.0000 42.6200
277.0000 42.6200
278.0000 42.6200
279.0000 42.6200
280.0000 42.6200
281.0000 42.6200
282.0000 42.6200
283.0000 42.6200
284.0000 42.6200
285.0000 42.6200
286.0000 42.6200
287.0000 42.6200
288.0000 42.6200
289.0000 42.6200
290.0000 42.6200
291.0000 42.6200
292.0000 42.6200
293.0000 42.6200
294.0000 42.6200
295.0000 42.6200
296.0000 42.6200
297.0000 42.6200
298.0000 42.6200
299.0000 42.6200
300.0000 42.6200
301.0000 42.6200
302.0000 42.6200
303.0000 42.6200
304.0000 42.6200
305.0000 42.6200
306.0000 42.6200
307.0000 42.6200
308.0000 42.6200
309.0000 42.6200
310.0000 40.6200
311.0000 40.6200
312.0000 40.6200
313.0000 40.6200
314.0000 40.6200
315.0000 40.6200
316.0000 40.6200
317.0000 40.6200
318.0000 40.6200
319.0000 40.6200
320.0000 40.6200
321.0000 40.6200
322.0000 40.6200
323.0000 40.6200
324.0000 40.6200
325.0000 40.6200
326.0000 40.6200
327.0000 40.6200
328.0000 40.6200
329.0000 40.6200
330.0000 40.6200
331.0000 40.6200
332.0000 40.6200
333.0000 40.6200
334.0000 40.6200
335.0000 40.6200
336.0000 40.6200
337.0000 40.6200
338.0000 40.6200
339.0000 40.6200
340.0000 40.6200
341.0000 40.6200
342.0000 40.6200
343.0000 40.6200
344.0000 40.6200
345.0000 40.6200
346.0000 40.6200
347.0000 40.6200
348.0000 40.6200
349.0000 40.6200
350.0000 40.6200
351.0000 40.6200
352.0000 40.6200
353.0000 40.6200
354.0000 40.6200
355.0000 40.6200
356.0000 40.6200
357.0000 40.6200
358.0000 40.6200
359.0000 40.6200
360.0000 40.6200
361.0000 40.6200
362.0000 40.6200
363.0000 40.6200
364.0000 40.6200
365.0000 40.6200
366.0000 40.6200
367.0000 40.6200
368.0000 40.6200
369.0000 40.6200
370.0000 40.6200
371.0000 40.6200
372.0000 40.6200
373.0000 40.6200
374.0000 40.6200
375.0000 40.6200
376.0000 40.6200
377.0000 40.6200
378.0000 40.6200
379.0000 40.6200
380.0000 40.6200
381.0000 40.6200
382.0000 40.6200
383.0000 40.6200
384.0000 40.6200
385.0000 40.6200
386.0000 40.6200
387.0000 40.6200
388.0000 40.6200
389.0000 40.6200
390.0000 40.6200
391.0000 40.6200
392.0000 40.6200
393.0000 40.6200
394.0000 40.6200
395.0000 40.6200
396.0000 40.6200
397.0000 40.6200
398.0000 40.6200
399.0000 40.6200
400.0000 40.6200
401.0000 40.6200
402.0000 40.6200
403.0000 40.6200
404.0000 40.6200
405.0000 40.6200
406.0000 40.6200
407.0000 40.6200
408.0000 40.6200
409.0000 40.6200
410.0000 40.6200
411.0000 40.6200
412.0000 40.6200
413.0000 40.6200
414.0000 40.6200
415.0000 40.6200
416.0000 40.6200
417.0000 40.6200
418.0000 40.6200
419.0000 40.6200
420.0000 40.6200
421.0000 40.6200
422.0000 40.6200
423.0000 40.6200
424.0000 40.6200
425.0000 40.6200
426.0000 40.6200
427.0000 40.6200
428.0000 40.6200
429.0000 40.6200
430.0000 40.6200
431.0000 40.6200
432.0000 40.6200
433.0000 40.6200
434.0000 40.6200
435.0000 40.6200
436.0000 40.6200
437.0000 40.6200
438.0000 40.6200
439.0000 40.6200
440.0000 40.6200
441.0000 40.6200
442.0000 40.6200
443.0000 40.6200
444.0000 40.6200
445.0000 40.6200
446.0000 40.6200
447.0000 40.6200
448.0000 40.6200
449.0000 40.6200
450.0000 40.6200
451.0000 40.6200
452.0000 40.6200
453.0000 40.6200
454.0000 40.6200
455.0000 40.6200
456.0000 40.6200
457.0000 40.6200
458.0000 40.6200
459.0000 40.6200
460.0000 40.6200
461.0000 40.6200
462.0000 40.6200
463.0000 40.6200
464.0000 40.6200
465.0000 40.6200
466.0000 40.6200
467.0000 40.6200
468.0000 40.6200
469.0000 40.6200
470.0000 40.6200
471.0000 40.6200
472.0000 40.6200
473.0000 40.6200
474.0000 40.6200
475.0000 40.6200
476.0000 40.6200
477.0000 40.6200
478.0000 40.6200
479.0000 40.6200
480.0000 40.6200
481.0000 40.6200
482.0000 40.6200
483.0000 40.6200
484.0000 40.6200
485.0000 40.6200
486.0000 40.6200
487.0000 40.6200
488.0000 40.6200
489.0000 40.6200
490.0000 40.6200
491.0000 40.6200
492.0000 40.6200
493.0000 40.6200
494.0000 40.6200
495.0000 40.6200
496.0000 40.6200
497.0000 40.6200
498.0000 40.6200
499.0000 40.6200
500.0000 40.6200
501.0000 40.6200
502.0000 40.6200
503.0000 40.6200
504.0000 40.6200
505.0000 40.6200
506.0000 40.6200
507.0000 40.6200
508.0000 40.6200
509.0000 40.6200
510.0000 40.6200
511.0000 40.6200
512.0000 40.6200
513.0000 40.6200
514.0000 40.6200
515.0000 40.6200
516.0000 40.6200
517.0000 40.6200
518.0000 40.6200
519.0000 40.6200
520.0000 40.6200
521.0000 40.6200
522.0000 40.6200
523.0000 40.6200
524.0000 40.6200
525.0000 40.6200
526.0000 40.6200
527.0000 40.6200
528.0000 40.6200
529.0000 40.6200
530.0000 40.6200
531.0000 40.6200
532.0000 40.6200
533.0000 40.6200
534.0000 40.6200
535.0000 40.6200
536.0000 40.6200
537.0000 40.6200
538.0000 40.6200
539.0000 40.6200
540.0000 40.6200
541.0000 40.6200
542.0000 40.6200
543.0000 40.6200
544.0000 40.6200
545.0000 40.6200
546.0000 40.6200
547.0000 40.6200
548.0000 40.6200
549.0000 40.6200
550.0000 40.6200
551.0000 40.6200
552.0000 40.6200
553.0000 40.6200
554.0000 40.6200
555.0000 40.6200
556.0000 40.6200
557.0000 40.6200
558.0000 40.6200
559.0000 40.6200
560.0000 40.6200
561.0000 40.6200
562.0000 40.6200
563.0000 40.6200
564.0000 40.6200
565.0000 40.6200
566.0000 40.6200
567.0000 40.6200
568.0000 40.6200
569.0000 40.6200
570.0000 40.6200
571.0000 40.6200
572.0000 40.6200
573.0000 40.6200
574.0000 40.6200
575.0000 40.6200
576.0000 40.6200
577.0000 40.6200
578.0000 40.6200
579.0000 40.6200
580.0000 40.6200
581.0000 40.6200
582.0000 40.6200
583.0000 40.6200
584.0000 40.6200
585.0000 40.6200
586.0000 40.6200
587.0000 40.6200
588.0000 40.6200
589.0000 40.6200
590.0000 40.6200
591.0000 40.6200
592.0000 40.6200
593.0000 40.6200
594.0000 40.6200
595.0000 40.6200
596.0000 40.6200
597.0000 40.6200
598.0000 40.6200
599.0000 40.6200
600.0000 40.6200
601.0000 40.6200
602.0000 40.6200
603.0000 40.6200
604.0000 40.6200
605.0000 40.6200
606.0000 40.6200
607.0000 40.6200
608.0000 40.6200
609.0000 40.6200
610.0000 41.6200
611.0000 41.6200
612.0000 41.6200
613.0000 41.6200
614.0000 41.6200
615.0000 41.6200
616.0000 41.6200
617.0000 41.6200
618.0000 41.6200
619.0000 41.6200
620.0000 41.6200
621.0000 41.6200
622.0000 41.6200
623.0000 41.6200
624.0000 41.6200
625.0000 41.6200
626.0000 41.6200
627.0000 41.6200
628.0000 41.6200
629.0000 41.6200
630.0000 41.6200
631.0000 41.6200
632.0000 41.6200
633.0000 41.6200
634.0000 41.6200
635.0000 41.6200
636.0000 41.6200
637.0000 41.6200
638.0000 41.6200
639.0000 41.6200
640.0000 41.6200
641.0000 41.6200
642.0000 41.6200
643.0000 41.6200
644.0000 41.6200
645.0000 41.6200
646.0000 41.6200
647.0000 41.6200
648.0000 41.6200
649.0000 41.6200
650.0000 41.6200
651.0000 41.6200
652.0000 41.6200
653.0000 41.6200
654.0000 41.6200
655.0000 41.6200
656.0000 41.6200
657.0000 41.6200
658.0000 41.6200
659.0000 41.6200
660.0000 41.6200
661.0000 41.6200
662.0000 41.6200
663.0000 41.6200
664.0000 41.6200
665.0000 41.6200
666.0000 41.6200
667.0000 41.6200
668.0000 41.6200
669.0000 41.6200
670.0000 41.6200
671.0000 41.6200
672.0000 41.6200
673.0000 41.6200
674.0000 41.6200
675.0000 41.6200
676.0000 41.6200
677.0000 41.6200
678.0000 41.6200
679.0000 41.6200
680.0000 41.6200
681.0000 41.6200
682.0000 41.6200
683.0000 41.6200
684.0000 41.6200
685.0000 41.6200
686.0000 41.6200
687.0000 41.6200
688.0000 41.6200
689.0000 41.6200
690.0000 41.6200
691.0000 41.6200
692.0000 41.6200
693.0000 41.6200
694.0000 41.6200
695.0000 41.6200
696.0000 41.6200
697.0000 41.6200
698.0000 41.6200
699.0000 41.6200
700.0000 41.6200
701.0000 41.6200
702.0000 41.6200
703.0000 41.6200
704.0000 41.6200
705.0000 41.6200
706.0000 41.6200
707.0000 41.6200
708.0000 41.6200
709.0000 41.6200
710.0000 41.6200
711.0000 41.6200
712.0000 41.6200
713.0000 41.6200
714.0000 41.6200
715.0000 41.6200
716.0000 41.6200
717.0000 41.6200
718.0000 41.6200
719.0000 41.6200
720.0000 41.6200
721.0000 41.6200
722.0000 41.6200
723.0000 41.6200
724.0000 41.6200
725.0000 41.6200
726.0000 41.6200
727.0000 41.6200
728.0000 41.6200
729.0000 41.6200
730.0000 41.6200
731.0000 41.6200
732.0000 41.6200
733.0000 41.6200
734.0000 41.6200
735.0000 41.6200
736.0000 41.6200
737.0000 41.6200
738.0000 41.6200
739.0000 41.6200
740.0000 41.6200
741.0000 41.6200
742.0000 41.6200
743.0000 41.6200
744.0000 41.6200
745.0000 41.6200
746.0000 41.6200
747.0000 41.6200
748.0000 41.6200
749.0000 41.6200
750.0000 41.6200
751.0000 41.6200
752.0000 41.6200
753.0000 41.6200
754.0000 41.6200
755.0000 41.6200
756.0000 41.6200
757.0000 41.6200
758.0000 41.6200
759.0000 41.6200
760.0000 41.6200
761.0000 41.6200
762.0000 41.6200
763.0000 41.6200
764.0000 41.6200
765.0000 41.6200
766.0000 41.6200
767.0000 41.6200
768.0000 41.6200
769.0000 41.6200
770.0000 41.6200
771.0000 41.6200
772.0000 41.6200
773.0000 41.6200
774.0000 41.6200
775.0000 41.6200
776.0000 41.6200
777.0000 41.6200
778.0000 41.6200
779.0000 41.6200
780.0000 41.6200
781.0000 41.6200
782.0000 41.6200
783.0000 41.6200
784.0000 41.6200
785.0000 41.6200
786.0000 41.6200
787.0000 41.6200
788.0000 41.6200
789.0000 41.6200
790.0000 41.6200
791.0000 41.6200
792.0000 41.6200
793.0000 41.6200
794.0000 41.6200
795.0000 41.6200
796.0000 41.6200
797.0000 41.6200
798.0000 41.6200
799.0000 41.6200
800.0000 41.6200
801.0000 41.6200
802.0000 41.6200
803.0000 41.6200
804.0000 41.6200
805.0000 41.6200
806.0000 41.6200
807.0000 41.6200
808.0000 41.6200
809.0000 41.6200
810.0000 41.6200
811.0000 41.6200
812.0000 41.6200
813.0000 41.6200
814.0000 41.6200
815.0000 41.6200
816.0000 41.6200
817.0000 41.6200
818.0000 41.6200
819.0000 41.6200
820.0000 41.6200
821.0000 41.6200
822.0000 41.6200
823.0000 41.6200
824.0000 41.6200
825.0000 41.6200
826.0000 41.6200
827.0000 41.6200
828.0000 41.6200
829.0000 41.6200
830.0000 41.6200
831.0000 41.6200
832.0000 41.6200
833.0000 41.6200
834.0000 41.6200
835.0000 41.6200
836.0000 41.6200
837.0000 41.6200
838.0000 41.6200
839.0000 41.6200
840.0000 41.6200
841.0000 41.6200
842.0000 41.6200
843.0000 41.6200
844.0000 41.6200
845.0000 41.6200
846.0000 41.6200
847.0000 41.6200
848.0000 41.6200
849.0000 41.6200
850.0000 41.6200
851.0000 41.6200
852.0000 41.6200
853.0000 41.6200
854.0000 41.6200
855.0000 41.6200
856.0000 41.6200
857.0000 41.6200
858.0000 41.6200
859.0000 41.6200
860.0000 41.6200
861.0000 41.6200
862.0000 41.6200
863.0000 41.6200
864.0000 41.6200
865.0000 41.6200
866.0000 41.6200
867.0000 41.6200
868.0000 41.6200
869.0000 41.6200
870.0000 41.6200
871.0000 41.6200
872.0000 41.6200
873.0000 41.6200
874.0000 41.6200
875.0000 41.6200
876.0000 41.6200
877.0000 41.6200
878.0000 41.6200
879.0000 41.6200
880.0000 41.6200
881.0000 41.6200
882.0000 41.6200
883.0000 41.6200
884.0000 41.6200
885.0000 41.6200
886.0000 41.6200
887.0000 41.6200
888.0000 41.6200
889.0000 41.6200
890.0000 41.6200
891.0000 41.6200
892.0000 41.6200
893.0000 41.6200
894.0000 41.6200
895.0000 41.6200
896.0000 41.6200
897.0000 41.6200
898.0000 41.6200
899.0000 41.6200
900.0000 41.6200
901.0000 41.6200
902.0000 41.6200
903.0000 41.6200
904.0000 41.6200
905.0000 41.6200
906.0000 41.6200
907.0000 41.6200
908.0000 41.6200
909.0000 41.6200
910.0000 41.6200
