1.0000 36.0000
2.0000 36.0000
3.0000 36.0000
4.0000 36.0000
5.0000 36.0000
6.0000 36.0000
7.0000 36.0000
8.0000 36.0000
9.0000 36.0000
10.0000 83.1135
11.0000 47.9805
12.0000 48.1275
13.0000 48.2745
14.0000 48.4215
15.0000 48.5685
16.0000 48.7155
17.0000 48.8625
18.0000 49.0095
19.0000 49.1565
20.0000 49.3035
21.0000 49.4505
22.0000 49.5975
23.0000 48.6227
24.0000 49.6062
25.0000 49.7497
26.0000 48.9317
27.0000 49.7922
28.0000 49.9327
29.0000 49.1117
30.0000 49.0077
31.0000 49.8622
32.0000 48.8750
33.0000 49.8460
34.0000 49.9770
35.0000 49.1465
36.0000 49.9945
37.0000 50.1225
38.0000 49.2890
39.0000 50.1340
40.0000 49.2975
41.0000 49.0177
42.0000 49.0147
43.0000 48.8887
44.0000 49.7212
45.0000 48.8722
46.0000 49.7017
47.0000 48.6895
48.0000 48.6740
49.0000 49.4970
50.0000 48.6385
51.0000 48.4970
52.0000 49.3140
53.0000 48.2892
54.0000 48.2612
55.0000 48.1102
56.0000 48.9177
57.0000 48.0437
58.0000 47.7265
59.0000 48.6475
60.0000 47.7670
61.0000 48.5650
62.0000 48.6430
63.0000 47.7595
64.0000 48.5545
65.0000 47.6680
66.0000 48.4600
67.0000 48.5320
68.0000 47.4822
69.0000 48.3907
70.0000 48.4592
71.0000 47.5662
72.0000 48.3517
73.0000 47.4557
74.0000 48.2382
75.0000 47.3392
76.0000 48.1187
77.0000 47.0565
78.0000 47.9525
79.0000 47.0470
80.0000 47.8200
81.0000 47.8730
82.0000 46.9645
83.0000 47.7345
84.0000 46.8230
85.0000 47.5900
86.0000 47.6370
87.0000 47.6840
88.0000 46.6092
89.0000 47.4927
90.0000 47.5362
91.0000 47.5797
92.0000 46.6617
93.0000 47.4222
94.0000 47.4627
95.0000 47.5032
96.0000 47.5437
97.0000 46.6227
98.0000 47.3802
99.0000 46.4562
100.0000 47.2107
101.0000 47.2452
102.0000 47.2797
103.0000 46.1925
104.0000 47.0635
105.0000 47.0945
106.0000 47.1255
107.0000 47.1565
108.0000 47.1875
109.0000 47.2185
110.0000 47.2495
111.0000 46.3190
112.0000 47.0670
113.0000 47.0950
114.0000 47.1230
115.0000 47.1510
116.0000 47.1790
117.0000 47.2070
118.0000 47.2350
119.0000 47.2630
120.0000 47.2910
121.0000 47.3190
122.0000 46.3855
123.0000 47.1305
124.0000 47.1555
125.0000 47.1805
126.0000 46.2440
127.0000 47.9475
128.0000 46.2910
129.0000 47.0330
130.0000 47.0550
131.0000 47.0770
132.0000 47.0990
133.0000 45.9992
134.0000 46.8577
135.0000 46.8762
136.0000 46.8947
137.0000 46.9132
138.0000 46.9317
139.0000 46.9502
140.0000 46.9687
141.0000 46.9872
142.0000 47.0057
143.0000 47.0242
144.0000 47.0427
145.0000 47.0612
146.0000 47.0797
147.0000 47.0982
148.0000 48.2385
149.0000 47.4205
150.0000 46.3207
151.0000 47.1792
152.0000 47.1977
153.0000 47.2162
154.0000 47.2347
155.0000 47.2532
156.0000 47.2717
157.0000 47.2902
158.0000 48.4305
159.0000 47.6125
160.0000 47.6345
161.0000 48.6180
162.0000 47.9230
163.0000 48.9095
164.0000 48.2175
165.0000 48.2455
166.0000 47.3120
167.0000 48.0570
168.0000 47.1205
169.0000 47.8625
170.0000 47.8845
171.0000 46.7847
172.0000 47.6432
173.0000 47.6617
174.0000 47.6802
175.0000 47.6987
176.0000 47.7172
177.0000 47.7357
178.0000 47.7542
179.0000 47.7727
180.0000 47.7912
181.0000 47.8097
182.0000 46.8667
183.0000 47.6022
184.0000 47.6177
185.0000 47.6332
186.0000 46.6872
187.0000 47.4197
188.0000 47.4322
189.0000 46.4832
190.0000 47.2127
191.0000 46.1005
192.0000 46.9465
193.0000 46.9525
194.0000 46.9585
195.0000 46.9645
196.0000 46.9705
197.0000 46.0150
198.0000 46.7380
199.0000 46.7410
200.0000 46.7440
201.0000 46.7470
202.0000 46.7500
203.0000 45.7915
204.0000 46.5115
205.0000 46.5115
206.0000 46.5115
207.0000 46.5115
208.0000 46.5115
209.0000 46.5115
210.0000 46.5115
211.0000 46.5115
212.0000 47.4730
213.0000 46.7560
214.0000 46.7590
215.0000 47.7235
216.0000 47.0095
217.0000 47.0155
218.0000 47.0215
219.0000 47.0275
220.0000 47.0335
221.0000 47.0395
222.0000 47.0455
223.0000 47.0515
224.0000 46.0960
225.0000 47.7805
226.0000 47.0665
227.0000 46.1110
228.0000 46.8340
229.0000 46.8370
230.0000 46.8400
231.0000 46.8430
232.0000 46.8460
233.0000 46.8490
234.0000 46.8520
235.0000 46.8550
236.0000 46.8580
237.0000 46.8610
238.0000 46.8640
239.0000 46.8670
240.0000 46.8700
241.0000 46.8730
242.0000 46.8760
243.0000 46.8790
244.0000 47.8435
245.0000 47.1295
246.0000 47.1355
247.0000 47.1415
248.0000 47.1475
249.0000 47.1535
250.0000 47.1595
251.0000 47.1655
252.0000 47.1715
253.0000 47.1775
254.0000 47.1835
255.0000 47.1895
256.0000 47.1955
257.0000 47.2015
258.0000 47.2075
259.0000 48.3352
260.0000 47.5047
261.0000 47.5142
262.0000 47.5237
263.0000 47.5332
264.0000 47.5427
265.0000 47.5522
266.0000 47.5617
267.0000 47.5712
268.0000 47.5807
269.0000 46.4685
270.0000 47.3145
271.0000 47.3205
272.0000 47.3265
273.0000 47.3325
274.0000 47.3385
275.0000 47.3445
276.0000 47.3505
277.0000 46.3950
278.0000 48.0795
279.0000 47.3655
280.0000 47.3715
281.0000 48.4992
282.0000 47.6687
283.0000 47.6782
284.0000 47.6877
285.0000 47.6972
286.0000 47.7067
287.0000 47.7162
288.0000 47.7257
289.0000 47.7352
290.0000 47.7447
291.0000 46.6325
292.0000 47.4785
293.0000 47.4845
294.0000 47.4905
295.0000 47.4965
296.0000 47.5025
297.0000 46.5470
298.0000 47.2700
299.0000 47.2730
300.0000 47.2760
301.0000 47.2790
302.0000 47.2820
303.0000 47.2850
304.0000 47.2880
305.0000 47.2910
306.0000 46.3325
307.0000 47.0525
308.0000 47.0525
309.0000 47.0525
310.0000 15.0025
311.0000 38.9025
312.0000 38.8025
313.0000 38.7025
314.0000 38.6025
315.0000 38.5025
316.0000 38.4025
317.0000 38.3025
318.0000 38.2025
319.0000 39.0640
320.0000 38.2470
321.0000 39.1115
322.0000 38.2975
323.0000 38.2035
324.0000 38.1095
325.0000 39.1372
326.0000 38.2067
327.0000 38.1162
328.0000 38.0257
329.0000 36.8135
330.0000 38.6812
331.0000 37.7507
332.0000 38.6217
333.0000 37.8142
334.0000 38.6882
335.0000 37.8837
336.0000 37.7992
337.0000 38.6762
338.0000 37.8747
339.0000 38.9150
340.0000 37.9970
341.0000 38.8805
342.0000 38.0855
343.0000 38.9720
344.0000 39.1415
345.0000 38.3525
346.0000 38.2835
347.0000 39.3362
348.0000 39.3922
349.0000 38.6097
350.0000 39.5087
351.0000 38.7292
352.0000 39.6312
353.0000 38.8547
354.0000 39.9200
355.0000 39.0270
356.0000 39.9355
357.0000 39.1655
358.0000 39.1155
359.0000 40.0270
360.0000 39.2600
361.0000 40.1745
362.0000 39.4105
363.0000 39.3665
364.0000 40.4442
365.0000 39.5637
366.0000 40.4847
367.0000 39.7272
368.0000 40.6512
369.0000 39.8967
370.0000 39.8622
371.0000 40.7892
372.0000 40.0377
373.0000 40.0062
374.0000 41.0965
375.0000 41.1900
376.0000 40.4450
377.0000 40.4200
378.0000 40.3950
379.0000 41.3315
380.0000 40.5895
381.0000 40.5675
382.0000 40.5455
383.0000 41.4850
384.0000 40.7460
385.0000 40.7270
386.0000 40.7080
387.0000 40.6890
388.0000 40.6700
389.0000 40.6510
390.0000 40.6320
391.0000 40.6130
392.0000 40.5940
393.0000 40.5750
394.0000 40.5560
395.0000 40.5370
396.0000 41.6397
397.0000 40.7842
398.0000 40.7687
399.0000 40.7532
400.0000 40.7377
401.0000 40.7222
402.0000 40.7067
403.0000 40.6912
404.0000 40.6757
405.0000 40.6602
406.0000 40.6447
407.0000 40.6292
408.0000 40.6137
409.0000 41.5597
410.0000 40.8272
411.0000 40.8147
412.0000 40.8022
413.0000 40.7897
414.0000 40.7772
415.0000 40.7647
416.0000 40.7522
417.0000 40.7397
418.0000 40.7272
419.0000 40.7147
420.0000 40.7022
421.0000 40.6897
422.0000 40.6772
423.0000 40.6647
424.0000 40.6522
425.0000 40.6397
426.0000 40.6272
427.0000 40.6147
428.0000 40.6022
429.0000 40.5897
430.0000 40.5772
431.0000 40.5647
432.0000 40.5522
433.0000 40.5397
434.0000 40.5272
435.0000 40.5147
436.0000 40.5022
437.0000 40.4897
438.0000 40.4772
439.0000 40.4647
440.0000 40.4522
441.0000 41.4012
442.0000 40.6717
443.0000 40.6622
444.0000 40.6527
445.0000 40.6432
446.0000 40.6337
447.0000 40.6242
448.0000 40.6147
449.0000 40.6052
450.0000 40.5957
451.0000 40.5862
452.0000 40.5767
453.0000 40.5672
454.0000 41.5192
455.0000 40.7927
456.0000 40.7862
457.0000 40.7797
458.0000 40.7732
459.0000 40.7667
460.0000 40.7602
461.0000 40.7537
462.0000 40.7472
463.0000 40.7407
464.0000 40.7342
465.0000 40.7277
466.0000 40.7212
467.0000 40.7147
468.0000 40.7082
469.0000 40.7017
470.0000 40.6952
471.0000 40.6887
472.0000 40.6822
473.0000 39.7142
474.0000 40.4247
475.0000 41.3767
476.0000 40.6502
477.0000 40.6437
478.0000 40.6372
479.0000 40.6307
480.0000 41.7460
481.0000 40.9030
482.0000 40.9000
483.0000 40.8970
484.0000 40.8940
485.0000 39.7692
486.0000 40.6027
487.0000 40.5962
488.0000 40.5897
489.0000 40.5832
490.0000 40.5767
491.0000 40.5702
492.0000 40.5637
493.0000 40.5572
494.0000 40.5507
495.0000 39.5827
496.0000 40.2932
497.0000 40.2837
498.0000 40.2742
499.0000 41.2262
500.0000 40.4997
501.0000 40.4932
502.0000 40.4867
503.0000 40.4802
504.0000 40.4737
505.0000 39.5057
506.0000 40.2162
507.0000 40.2067
508.0000 40.1972
509.0000 41.1492
510.0000 40.4227
511.0000 39.4547
512.0000 41.1267
513.0000 40.4002
514.0000 40.3937
515.0000 40.3872
516.0000 40.3807
517.0000 40.3742
518.0000 41.4895
519.0000 40.6465
520.0000 39.5217
521.0000 40.3552
522.0000 40.3487
523.0000 41.4640
524.0000 40.6210
525.0000 40.6180
526.0000 40.6150
527.0000 40.6120
528.0000 40.6090
529.0000 40.6060
530.0000 39.4812
531.0000 40.3147
532.0000 41.4300
533.0000 40.5870
534.0000 40.5840
535.0000 40.5810
536.0000 40.5780
537.0000 39.4532
538.0000 40.2867
539.0000 40.2802
540.0000 41.3955
541.0000 39.4307
542.0000 40.2642
543.0000 40.2577
544.0000 41.3730
545.0000 39.4082
546.0000 40.2417
547.0000 40.2352
548.0000 40.2287
549.0000 40.2222
550.0000 40.2157
551.0000 40.2092
552.0000 40.2027
553.0000 40.1962
554.0000 40.1897
555.0000 40.1832
556.0000 40.1767
557.0000 40.1702
558.0000 40.1637
559.0000 40.1572
560.0000 40.1507
561.0000 40.1442
562.0000 40.1377
563.0000 40.1312
564.0000 40.1247
565.0000 40.1182
566.0000 40.1117
567.0000 40.1052
568.0000 40.0987
569.0000 40.0922
570.0000 40.0857
571.0000 40.0792
572.0000 41.1945
573.0000 39.2297
574.0000 41.1850
575.0000 40.3420
576.0000 40.3390
577.0000 40.3360
578.0000 40.3330
579.0000 40.3300
580.0000 40.3270
581.0000 40.3240
582.0000 40.3210
583.0000 40.3180
584.0000 40.3150
585.0000 40.3120
586.0000 40.3090
587.0000 40.3060
588.0000 40.3030
589.0000 40.3000
590.0000 40.2970
591.0000 39.1722
592.0000 40.0057
593.0000 39.9992
594.0000 39.9927
595.0000 41.1080
596.0000 39.1432
597.0000 41.0985
598.0000 40.2555
599.0000 40.2525
600.0000 40.2495
601.0000 40.2465
602.0000 40.2435
603.0000 40.2405
604.0000 40.2375
605.0000 40.2345
606.0000 40.2315
607.0000 40.2285
608.0000 40.2255
609.0000 40.2225
610.0000 56.2445
611.0000 44.2915
612.0000 44.3385
613.0000 44.3855
614.0000 44.4325
615.0000 44.4795
616.0000 44.5265
617.0000 44.5735
618.0000 43.4987
619.0000 44.3822
620.0000 44.4257
621.0000 44.4692
622.0000 44.5127
623.0000 44.5562
624.0000 44.5997
625.0000 44.6432
626.0000 44.6867
627.0000 44.7302
628.0000 43.8122
629.0000 44.5727
630.0000 44.6132
631.0000 44.6537
632.0000 43.7327
633.0000 44.4902
634.0000 44.5277
635.0000 44.5652
636.0000 43.6412
637.0000 44.3957
638.0000 44.4302
639.0000 44.4647
640.0000 44.4992
641.0000 43.4120
642.0000 44.2830
643.0000 44.3140
644.0000 44.3450
645.0000 44.3760
646.0000 44.4070
647.0000 44.4380
648.0000 44.4690
649.0000 44.5000
650.0000 44.5310
651.0000 43.6005
652.0000 44.3485
653.0000 44.3765
654.0000 44.4045
655.0000 44.4325
656.0000 44.4605
657.0000 43.5270
658.0000 44.2720
659.0000 44.2970
660.0000 44.3220
661.0000 44.3470
662.0000 44.3720
663.0000 44.3970
664.0000 43.4605
665.0000 44.2025
666.0000 44.2245
667.0000 44.2465
668.0000 44.2685
669.0000 44.2905
670.0000 44.3125
671.0000 44.3345
672.0000 44.3565
673.0000 44.3785
674.0000 44.4005
675.0000 44.4225
676.0000 44.4445
677.0000 44.4665
678.0000 44.4885
679.0000 43.3887
680.0000 45.3690
681.0000 43.4292
682.0000 44.2877
683.0000 44.3062
684.0000 44.3247
685.0000 44.3432
686.0000 44.3617
687.0000 44.3802
688.0000 44.3987
689.0000 44.4172
690.0000 44.4357
691.0000 44.4542
692.0000 44.4727
693.0000 45.6130
694.0000 44.7950
695.0000 44.8170
696.0000 44.8390
697.0000 44.8610
698.0000 44.8830
699.0000 44.9050
700.0000 44.9270
701.0000 44.9490
702.0000 43.8492
703.0000 44.7077
704.0000 43.7647
705.0000 44.5002
706.0000 44.5157
707.0000 44.5312
708.0000 43.5852
709.0000 44.3177
710.0000 44.3302
711.0000 44.3427
712.0000 44.3552
713.0000 44.3677
714.0000 43.4187
715.0000 44.1482
716.0000 44.1577
717.0000 44.1672
718.0000 44.1767
719.0000 44.1862
720.0000 44.1957
721.0000 44.2052
722.0000 44.2147
723.0000 43.1025
724.0000 43.9485
725.0000 43.9545
726.0000 43.9605
727.0000 43.9665
728.0000 43.9725
729.0000 43.9785
730.0000 43.0230
731.0000 43.7460
732.0000 43.7490
733.0000 43.7520
734.0000 43.7550
735.0000 43.7580
736.0000 43.7610
737.0000 43.7640
738.0000 43.7670
739.0000 43.7700
740.0000 44.7345
741.0000 44.0205
742.0000 44.0265
743.0000 44.0325
744.0000 44.0385
745.0000 45.1662
746.0000 44.3357
747.0000 44.3452
748.0000 44.3547
749.0000 44.3642
750.0000 44.3737
751.0000 44.3832
752.0000 44.3927
753.0000 45.3637
754.0000 44.6562
755.0000 44.6687
756.0000 43.7197
757.0000 45.4107
758.0000 43.7417
759.0000 44.4712
760.0000 44.4807
761.0000 44.4902
762.0000 44.4997
763.0000 44.5092
764.0000 44.5187
765.0000 44.5282
766.0000 44.5377
767.0000 44.5472
768.0000 43.4350
769.0000 44.2810
770.0000 44.2870
771.0000 44.2930
772.0000 44.2990
773.0000 44.3050
774.0000 43.3495
775.0000 44.0725
776.0000 44.0755
777.0000 44.0785
778.0000 44.0815
779.0000 44.0845
780.0000 44.0875
781.0000 44.0905
782.0000 44.0935
783.0000 44.0965
784.0000 44.0995
785.0000 44.1025
786.0000 44.1055
787.0000 44.1085
788.0000 44.1115
789.0000 44.1145
790.0000 44.1175
791.0000 44.1205
792.0000 44.1235
793.0000 44.1265
794.0000 44.1295
795.0000 44.1325
796.0000 44.1355
797.0000 44.1385
798.0000 44.1415
799.0000 44.1445
800.0000 44.1475
801.0000 44.1505
802.0000 44.1535
803.0000 43.1950
804.0000 43.9150
805.0000 43.9150
806.0000 43.9150
807.0000 43.9150
808.0000 43.9150
809.0000 42.9535
810.0000 43.6705
811.0000 44.6290
812.0000 43.9090
813.0000 43.9090
814.0000 44.8705
815.0000 44.1535
816.0000 44.1565
817.0000 44.1595
818.0000 44.1625
819.0000 44.1655
820.0000 44.1685
821.0000 44.1715
822.0000 44.1745
823.0000 44.1775
824.0000 44.1805
825.0000 44.1835
826.0000 44.1865
827.0000 44.1895
828.0000 44.1925
829.0000 44.1955
830.0000 44.1985
831.0000 43.2400
832.0000 43.9600
833.0000 43.9600
834.0000 43.9600
835.0000 43.9600
836.0000 43.9600
837.0000 43.9600
838.0000 44.9215
839.0000 44.2045
840.0000 44.2075
841.0000 44.2105
842.0000 44.2135
843.0000 44.2165
844.0000 44.2195
845.0000 44.2225
846.0000 44.2255
847.0000 44.2285
848.0000 44.2315
849.0000 44.2345
850.0000 44.2375
851.0000 44.2405
852.0000 44.2435
853.0000 44.2465
854.0000 44.2495
855.0000 44.2525
856.0000 44.2555
857.0000 44.2585
858.0000 44.2615
859.0000 45.2260
860.0000 44.5120
861.0000 44.5180
862.0000 44.5240
863.0000 44.5300
864.0000 44.5360
865.0000 44.5420
866.0000 44.5480
867.0000 44.5540
868.0000 44.5600
869.0000 44.5660
870.0000 44.5720
871.0000 44.5780
872.0000 44.5840
873.0000 44.5900
874.0000 44.5960
875.0000 44.6020
876.0000 43.6465
877.0000 44.3695
878.0000 44.3725
879.0000 44.3755
880.0000 44.3785
881.0000 44.3815
882.0000 44.3845
883.0000 44.3875
884.0000 44.3905
885.0000 44.3935
886.0000 44.3965
887.0000 44.3995
888.0000 44.4025
889.0000 44.4055
890.0000 44.4085
891.0000 44.4115
892.0000 43.4530
893.0000 44.1730
894.0000 44.1730
895.0000 44.1730
896.0000 44.1730
897.0000 44.1730
898.0000 44.1730
899.0000 44.1730
900.0000 44.1730
901.0000 44.1730
902.0000 43.2115
903.0000 43.9285
904.0000 43.9255
905.0000 43.9225
906.0000 43.9195
907.0000 43.9165
908.0000 43.9135
909.0000 43.9105
910.0000 43.9075
