1.0000 0.0000
2.0000 0.0000
3.0000 0.0000
4.0000 0.0000
5.0000 0.0000
6.0000 0.0000
7.0000 0.0000
8.0000 0.0000
9.0000 0.0000
10.0000 0.0862
11.0000 0.0149
12.0000 -0.0969
13.0000 -0.2016
14.0000 -0.2836
15.0000 -0.3398
16.0000 -0.3718
17.0000 -0.3838
18.0000 -0.3804
19.0000 -0.3667
20.0000 -0.3470
21.0000 -0.3246
22.0000 -0.3020
23.0000 -0.2811
24.0000 -0.2625
25.0000 -0.2467
26.0000 -0.2333
27.0000 -0.2223
28.0000 -0.2132
29.0000 -0.2054
30.0000 -0.1988
31.0000 -0.1928
32.0000 -0.1874
33.0000 -0.1823
34.0000 -0.1774
35.0000 -0.1727
36.0000 -0.1681
37.0000 -0.1636
38.0000 -0.1593
39.0000 -0.1552
40.0000 -0.1512
41.0000 -0.1473
42.0000 -0.1436
43.0000 -0.1401
44.0000 -0.1367
45.0000 -0.1335
46.0000 -0.1304
47.0000 -0.1274
48.0000 -0.1245
49.0000 -0.1217
50.0000 -0.1189
51.0000 -0.1162
52.0000 -0.1137
53.0000 -0.1112
54.0000 -0.1088
55.0000 -0.1066
56.0000 -0.1043
57.0000 -0.1022
58.0000 -0.1000
59.0000 -0.0979
60.0000 -0.0959
61.0000 -0.0939
62.0000 -0.0921
63.0000 -0.0902
64.0000 -0.0883
65.0000 -0.0866
66.0000 -0.0848
67.0000 -0.0832
68.0000 -0.0815
69.0000 -0.0800
70.0000 -0.0784
71.0000 -0.0769
72.0000 -0.0755
73.0000 -0.0740
74.0000 -0.0726
75.0000 -0.0713
76.0000 -0.0700
77.0000 -0.0686
78.0000 -0.0674
79.0000 -0.0662
80.0000 -0.0650
81.0000 -0.0638
82.0000 -0.0626
83.0000 -0.0615
84.0000 -0.0604
85.0000 -0.0594
86.0000 -0.0584
87.0000 -0.0573
88.0000 -0.0564
89.0000 -0.0555
90.0000 -0.0545
91.0000 -0.0535
92.0000 -0.0527
93.0000 -0.0519
94.0000 -0.0509
95.0000 -0.0501
96.0000 -0.0494
97.0000 -0.0486
98.0000 -0.0479
99.0000 -0.0471
100.0000 -0.0463
101.0000 -0.0457
102.0000 -0.0449
103.0000 -0.0442
104.0000 -0.0437
105.0000 -0.0430
106.0000 -0.0423
107.0000 -0.0417
108.0000 -0.0412
109.0000 -0.0406
110.0000 0.4543
111.0000 0.0674
112.0000 -0.1576
113.0000 -0.2420
114.0000 -0.2820
115.0000 -0.3056
116.0000 -0.3142
117.0000 -0.3092
118.0000 -0.2937
119.0000 -0.2721
120.0000 -0.2478
121.0000 -0.2237
122.0000 -0.2013
123.0000 -0.1816
124.0000 -0.1645
125.0000 -0.1502
126.0000 -0.1385
127.0000 -0.1286
128.0000 -0.1202
129.0000 -0.1130
130.0000 -0.1065
131.0000 -0.1008
132.0000 -0.0952
133.0000 -0.0900
134.0000 -0.0848
135.0000 -0.0800
136.0000 -0.0755
137.0000 -0.0709
138.0000 -0.0666
139.0000 -0.0624
140.0000 -0.0583
141.0000 -0.0544
142.0000 -0.0508
143.0000 -0.0473
144.0000 -0.0440
145.0000 -0.0407
146.0000 -0.0379
147.0000 -0.0347
148.0000 -0.0320
149.0000 -0.0294
150.0000 -0.0266
151.0000 -0.0241
152.0000 -0.0215
153.0000 -0.0191
154.0000 -0.0169
155.0000 -0.0146
156.0000 -0.0125
157.0000 -0.0103
158.0000 -0.0082
159.0000 -0.0063
160.0000 -0.0045
161.0000 -0.0026
162.0000 -0.0009
163.0000 0.0007
164.0000 0.0024
165.0000 0.0040
166.0000 0.0055
167.0000 0.0072
168.0000 0.0087
169.0000 0.0100
170.0000 0.0115
171.0000 0.0129
172.0000 0.0143
173.0000 0.0156
174.0000 0.0167
175.0000 0.0178
176.0000 0.0190
177.0000 0.0201
178.0000 0.0213
179.0000 0.0223
180.0000 0.0233
181.0000 0.0244
182.0000 0.0254
183.0000 0.0264
184.0000 0.0272
185.0000 0.0281
186.0000 0.0289
187.0000 0.0298
188.0000 0.0306
189.0000 0.0314
190.0000 0.0323
191.0000 0.0331
192.0000 0.0337
193.0000 0.0344
194.0000 0.0352
195.0000 0.0357
196.0000 0.0364
197.0000 0.0370
198.0000 0.0375
199.0000 0.0380
200.0000 0.0386
201.0000 0.0392
202.0000 0.0397
203.0000 0.0402
204.0000 0.0407
205.0000 0.0411
206.0000 0.0415
207.0000 0.0419
208.0000 0.0423
209.0000 0.0426
210.0000 0.3785
211.0000 0.5759
212.0000 0.7555
213.0000 0.9078
214.0000 1.0130
215.0000 1.0667
216.0000 1.0748
217.0000 1.0492
218.0000 1.0019
219.0000 0.9433
220.0000 0.8820
221.0000 0.8234
222.0000 0.7709
223.0000 0.7258
224.0000 0.6883
225.0000 0.6575
226.0000 0.6325
227.0000 0.6120
228.0000 0.5947
229.0000 0.5800
230.0000 0.5669
231.0000 0.5549
232.0000 0.5437
233.0000 0.5327
234.0000 0.5222
235.0000 0.5120
236.0000 0.5022
237.0000 0.4926
238.0000 0.4835
239.0000 0.4748
240.0000 0.4665
241.0000 0.4585
242.0000 0.4509
243.0000 0.4437
244.0000 0.4369
245.0000 0.4302
246.0000 0.4238
247.0000 0.4178
248.0000 0.4119
249.0000 0.4064
250.0000 0.4009
251.0000 0.3957
252.0000 0.3907
253.0000 0.3858
254.0000 0.3812
255.0000 0.3767
256.0000 0.3723
257.0000 0.3681
258.0000 0.3638
259.0000 0.3598
260.0000 0.3560
261.0000 0.3523
262.0000 0.3485
263.0000 0.3451
264.0000 0.3416
265.0000 0.3382
266.0000 0.3350
267.0000 0.3317
268.0000 0.3287
269.0000 0.3257
270.0000 0.3229
271.0000 0.3200
272.0000 0.3173
273.0000 0.3147
274.0000 0.3121
275.0000 0.3097
276.0000 0.3072
277.0000 0.3047
278.0000 0.3025
279.0000 0.3003
280.0000 0.2981
281.0000 0.2959
282.0000 0.2939
283.0000 0.2917
284.0000 0.2898
285.0000 0.2880
286.0000 0.2861
287.0000 0.2842
288.0000 0.2826
289.0000 0.2810
290.0000 0.2791
291.0000 0.2775
292.0000 0.2760
293.0000 0.2745
294.0000 0.2730
295.0000 0.2717
296.0000 0.2702
297.0000 0.2688
298.0000 0.2675
299.0000 0.2662
300.0000 0.2648
301.0000 0.2636
302.0000 0.2624
303.0000 0.2612
304.0000 0.2600
305.0000 0.2588
306.0000 0.2578
307.0000 0.2567
308.0000 0.2556
309.0000 0.2546
310.0000 0.0814
311.0000 0.2230
312.0000 0.4456
313.0000 0.6542
314.0000 0.8174
315.0000 0.9288
316.0000 0.9920
317.0000 1.0151
318.0000 1.0076
319.0000 0.9794
320.0000 0.9392
321.0000 0.8937
322.0000 0.8478
323.0000 0.8052
324.0000 0.7674
325.0000 0.7352
326.0000 0.7079
327.0000 0.6853
328.0000 0.6664
329.0000 0.6503
330.0000 0.6366
331.0000 0.6241
332.0000 0.6126
333.0000 0.6018
334.0000 0.5915
335.0000 0.5817
336.0000 0.5721
337.0000 0.5627
338.0000 0.5536
339.0000 0.5450
340.0000 0.5364
341.0000 0.5283
342.0000 0.5205
343.0000 0.5130
344.0000 0.5058
345.0000 0.4991
346.0000 0.4925
347.0000 0.4862
348.0000 0.4802
349.0000 0.4742
350.0000 0.4684
351.0000 0.4627
352.0000 0.4574
353.0000 0.4521
354.0000 0.4470
355.0000 0.4421
356.0000 0.4373
357.0000 0.4327
358.0000 0.4282
359.0000 0.4237
360.0000 0.4194
361.0000 0.4153
362.0000 0.4114
363.0000 0.4075
364.0000 0.4037
365.0000 0.4001
366.0000 0.3962
367.0000 0.3929
368.0000 0.3893
369.0000 0.3860
370.0000 0.3827
371.0000 0.3796
372.0000 0.3765
373.0000 0.3733
374.0000 0.3703
375.0000 0.3675
376.0000 0.3649
377.0000 0.3621
378.0000 0.3596
379.0000 0.3569
380.0000 0.3544
381.0000 0.3518
382.0000 0.3494
383.0000 0.3470
384.0000 0.3448
385.0000 0.3427
386.0000 0.3406
387.0000 0.3384
388.0000 0.3364
389.0000 0.3344
390.0000 0.3325
391.0000 0.3304
392.0000 0.3285
393.0000 0.3268
394.0000 0.3249
395.0000 0.3232
396.0000 0.3216
397.0000 0.3201
398.0000 0.3186
399.0000 0.3170
400.0000 0.3155
401.0000 0.3142
402.0000 0.3126
403.0000 0.3114
404.0000 0.3103
405.0000 0.3090
406.0000 0.3077
407.0000 0.3066
408.0000 0.3055
409.0000 0.3044
410.0000 -0.6855
411.0000 0.0883
412.0000 0.5384
413.0000 0.7073
414.0000 0.7873
415.0000 0.8345
416.0000 0.8518
417.0000 0.8418
418.0000 0.8110
419.0000 0.7677
420.0000 0.7193
421.0000 0.6711
422.0000 0.6264
423.0000 0.5869
424.0000 0.5527
425.0000 0.5242
426.0000 0.5008
427.0000 0.4810
428.0000 0.4643
429.0000 0.4498
430.0000 0.4369
431.0000 0.4255
432.0000 0.4142
433.0000 0.4039
434.0000 0.3936
435.0000 0.3840
436.0000 0.3750
437.0000 0.3658
438.0000 0.3572
439.0000 0.3488
440.0000 0.3405
441.0000 0.3329
442.0000 0.3256
443.0000 0.3187
444.0000 0.3120
445.0000 0.3055
446.0000 0.2998
447.0000 0.2935
448.0000 0.2880
449.0000 0.2829
450.0000 0.2773
451.0000 0.2723
452.0000 0.2671
453.0000 0.2623
454.0000 0.2579
455.0000 0.2533
456.0000 0.2490
457.0000 0.2447
458.0000 0.2405
459.0000 0.2367
460.0000 0.2330
461.0000 0.2293
462.0000 0.2258
463.0000 0.2226
464.0000 0.2193
465.0000 0.2160
466.0000 0.2130
467.0000 0.2097
468.0000 0.2067
469.0000 0.2040
470.0000 0.2011
471.0000 0.1982
472.0000 0.1954
473.0000 0.1929
474.0000 0.1905
475.0000 0.1884
476.0000 0.1860
477.0000 0.1838
478.0000 0.1814
479.0000 0.1793
480.0000 0.1773
481.0000 0.1752
482.0000 0.1732
483.0000 0.1712
484.0000 0.1695
485.0000 0.1676
486.0000 0.1661
487.0000 0.1643
488.0000 0.1627
489.0000 0.1612
490.0000 0.1593
491.0000 0.1577
492.0000 0.1565
493.0000 0.1550
494.0000 0.1535
495.0000 0.1525
496.0000 0.1510
497.0000 0.1499
498.0000 0.1488
499.0000 0.1478
500.0000 0.1466
501.0000 0.1455
502.0000 0.1444
503.0000 0.1434
504.0000 0.1425
505.0000 0.1416
506.0000 0.1408
507.0000 0.1400
508.0000 0.1392
509.0000 0.1385
510.0000 -0.5331
511.0000 -0.9281
512.0000 -1.2873
513.0000 -1.5918
514.0000 -1.8023
515.0000 -1.9096
516.0000 -1.9257
517.0000 -1.8746
518.0000 -1.7800
519.0000 -1.6629
520.0000 -1.5403
521.0000 -1.4230
522.0000 -1.3181
523.0000 -1.2279
524.0000 -1.1528
525.0000 -1.0912
526.0000 -1.0412
527.0000 -1.0002
528.0000 -0.9657
529.0000 -0.9362
530.0000 -0.9101
531.0000 -0.8860
532.0000 -0.8636
533.0000 -0.8417
534.0000 -0.8207
535.0000 -0.8004
536.0000 -0.7807
537.0000 -0.7615
538.0000 -0.7432
539.0000 -0.7259
540.0000 -0.7093
541.0000 -0.6932
542.0000 -0.6782
543.0000 -0.6638
544.0000 -0.6500
545.0000 -0.6366
546.0000 -0.6240
547.0000 -0.6120
548.0000 -0.6002
549.0000 -0.5891
550.0000 -0.5781
551.0000 -0.5678
552.0000 -0.5577
553.0000 -0.5479
554.0000 -0.5387
555.0000 -0.5297
556.0000 -0.5209
557.0000 -0.5125
558.0000 -0.5040
559.0000 -0.4960
560.0000 -0.4883
561.0000 -0.4809
562.0000 -0.4733
563.0000 -0.4666
564.0000 -0.4596
565.0000 -0.4528
566.0000 -0.4463
567.0000 -0.4398
568.0000 -0.4338
569.0000 -0.4278
570.0000 -0.4221
571.0000 -0.4165
572.0000 -0.4110
573.0000 -0.4058
574.0000 -0.4005
575.0000 -0.3957
576.0000 -0.3908
577.0000 -0.3859
578.0000 -0.3814
579.0000 -0.3769
580.0000 -0.3725
581.0000 -0.3681
582.0000 -0.3641
583.0000 -0.3599
584.0000 -0.3560
585.0000 -0.3524
586.0000 -0.3485
587.0000 -0.3449
588.0000 -0.3417
589.0000 -0.3384
590.0000 -0.3346
591.0000 -0.3314
592.0000 -0.3283
593.0000 -0.3255
594.0000 -0.3225
595.0000 -0.3197
596.0000 -0.3168
597.0000 -0.3141
598.0000 -0.3115
599.0000 -0.3088
600.0000 -0.3061
601.0000 -0.3036
602.0000 -0.3013
603.0000 -0.2989
604.0000 -0.2963
605.0000 -0.2941
606.0000 -0.2920
607.0000 -0.2898
608.0000 -0.2876
609.0000 -0.2856
610.0000 -0.0254
611.0000 -0.2373
612.0000 -0.5708
613.0000 -0.8832
614.0000 -1.1276
615.0000 -1.2942
616.0000 -1.3886
617.0000 -1.4228
618.0000 -1.4111
619.0000 -1.3685
620.0000 -1.3077
621.0000 -1.2391
622.0000 -1.1700
623.0000 -1.1058
624.0000 -1.0488
625.0000 -1.0002
626.0000 -0.9588
627.0000 -0.9247
628.0000 -0.8960
629.0000 -0.8716
630.0000 -0.8509
631.0000 -0.8318
632.0000 -0.8143
633.0000 -0.7978
634.0000 -0.7821
635.0000 -0.7672
636.0000 -0.7525
637.0000 -0.7382
638.0000 -0.7243
639.0000 -0.7112
640.0000 -0.6981
641.0000 -0.6857
642.0000 -0.6737
643.0000 -0.6623
644.0000 -0.6513
645.0000 -0.6412
646.0000 -0.6311
647.0000 -0.6215
648.0000 -0.6123
649.0000 -0.6031
650.0000 -0.5943
651.0000 -0.5855
652.0000 -0.5775
653.0000 -0.5693
654.0000 -0.5617
655.0000 -0.5540
656.0000 -0.5467
657.0000 -0.5397
658.0000 -0.5327
659.0000 -0.5259
660.0000 -0.5193
661.0000 -0.5132
662.0000 -0.5072
663.0000 -0.5012
664.0000 -0.4955
665.0000 -0.4900
666.0000 -0.4841
667.0000 -0.4790
668.0000 -0.4735
669.0000 -0.4685
670.0000 -0.4634
671.0000 -0.4587
672.0000 -0.4539
673.0000 -0.4490
674.0000 -0.4444
675.0000 -0.4402
676.0000 -0.4363
677.0000 -0.4320
678.0000 -0.4282
679.0000 -0.4240
680.0000 -0.4203
681.0000 -0.4163
682.0000 -0.4127
683.0000 -0.4090
684.0000 -0.4056
685.0000 -0.4025
686.0000 -0.3992
687.0000 -0.3959
688.0000 -0.3928
689.0000 -0.3898
690.0000 -0.3869
691.0000 -0.3837
692.0000 -0.3809
693.0000 -0.3782
694.0000 -0.3753
695.0000 -0.3727
696.0000 -0.3703
697.0000 -0.3681
698.0000 -0.3657
699.0000 -0.3633
700.0000 -0.3611
701.0000 -0.3592
702.0000 -0.3567
703.0000 -0.3550
704.0000 -0.3533
705.0000 -0.3514
706.0000 -0.3494
707.0000 -0.3479
708.0000 -0.3462
709.0000 -0.3445
710.0000 1.1403
711.0000 -0.0204
712.0000 -0.6957
713.0000 -0.9490
714.0000 -1.0690
715.0000 -1.1398
716.0000 -1.1658
717.0000 -1.1509
718.0000 -1.1047
719.0000 -1.0398
720.0000 -0.9671
721.0000 -0.8949
722.0000 -0.8279
723.0000 -0.7687
724.0000 -0.7174
725.0000 -0.6747
726.0000 -0.6396
727.0000 -0.6098
728.0000 -0.5848
729.0000 -0.5630
730.0000 -0.5437
731.0000 -0.5266
732.0000 -0.5097
733.0000 -0.4943
734.0000 -0.4788
735.0000 -0.4644
736.0000 -0.4509
737.0000 -0.4371
738.0000 -0.4242
739.0000 -0.4116
740.0000 -0.3992
741.0000 -0.3878
742.0000 -0.3769
743.0000 -0.3665
744.0000 -0.3564
745.0000 -0.3467
746.0000 -0.3381
747.0000 -0.3287
748.0000 -0.3205
749.0000 -0.3127
750.0000 -0.3043
751.0000 -0.2969
752.0000 -0.2890
753.0000 -0.2819
754.0000 -0.2753
755.0000 -0.2684
756.0000 -0.2619
757.0000 -0.2555
758.0000 -0.2492
759.0000 -0.2435
760.0000 -0.2380
761.0000 -0.2323
762.0000 -0.2272
763.0000 -0.2223
764.0000 -0.2174
765.0000 -0.2125
766.0000 -0.2080
767.0000 -0.2030
768.0000 -0.1984
769.0000 -0.1945
770.0000 -0.1901
771.0000 -0.1857
772.0000 -0.1815
773.0000 -0.1777
774.0000 -0.1742
775.0000 -0.1711
776.0000 -0.1674
777.0000 -0.1641
778.0000 -0.1605
779.0000 -0.1574
780.0000 -0.1544
781.0000 -0.1512
782.0000 -0.1482
783.0000 -0.1452
784.0000 -0.1426
785.0000 -0.1399
786.0000 -0.1376
787.0000 -0.1349
788.0000 -0.1324
789.0000 -0.1302
790.0000 -0.1273
791.0000 -0.1250
792.0000 -0.1231
793.0000 -0.1209
794.0000 -0.1187
795.0000 -0.1171
796.0000 -0.1149
797.0000 -0.1132
798.0000 -0.1116
799.0000 -0.1101
800.0000 -0.1083
801.0000 -0.1066
802.0000 -0.1050
803.0000 -0.1034
804.0000 -0.1020
805.0000 -0.1007
806.0000 -0.0995
807.0000 -0.0984
808.0000 -0.0972
809.0000 -0.0961
810.0000 0.9114
811.0000 1.5037
812.0000 2.0426
813.0000 2.4993
814.0000 2.8151
815.0000 2.9760
816.0000 3.0003
817.0000 2.9236
818.0000 2.7816
819.0000 2.6061
820.0000 2.4221
821.0000 2.2462
822.0000 2.0888
823.0000 1.9536
824.0000 1.8408
825.0000 1.7485
826.0000 1.6735
827.0000 1.6120
828.0000 1.5603
829.0000 1.5161
830.0000 1.4768
831.0000 1.4408
832.0000 1.4071
833.0000 1.3742
834.0000 1.3428
835.0000 1.3123
836.0000 1.2827
837.0000 1.2539
838.0000 1.2266
839.0000 1.2006
840.0000 1.1757
841.0000 1.1515
842.0000 1.1290
843.0000 1.1074
844.0000 1.0868
845.0000 1.0667
846.0000 1.0477
847.0000 1.0297
848.0000 1.0120
849.0000 0.9954
850.0000 0.9789
851.0000 0.9634
852.0000 0.9483
853.0000 0.9336
854.0000 0.9197
855.0000 0.9064
856.0000 0.8931
857.0000 0.8805
858.0000 0.8678
859.0000 0.8558
860.0000 0.8442
861.0000 0.8331
862.0000 0.8217
863.0000 0.8117
864.0000 0.8012
865.0000 0.7910
866.0000 0.7813
867.0000 0.7714
868.0000 0.7625
869.0000 0.7534
870.0000 0.7449
871.0000 0.7365
872.0000 0.7282
873.0000 0.7204
874.0000 0.7126
875.0000 0.7053
876.0000 0.6979
877.0000 0.6906
878.0000 0.6839
879.0000 0.6771
880.0000 0.6706
881.0000 0.6639
882.0000 0.6579
883.0000 0.6516
884.0000 0.6458
885.0000 0.6404
886.0000 0.6345
887.0000 0.6291
888.0000 0.6243
889.0000 0.6193
890.0000 0.6137
891.0000 0.6088
892.0000 0.6043
893.0000 0.6000
894.0000 0.5955
895.0000 0.5913
896.0000 0.5870
897.0000 0.5829
898.0000 0.5790
899.0000 0.5750
900.0000 0.5709
901.0000 0.5671
902.0000 0.5637
903.0000 0.5601
904.0000 0.5562
905.0000 0.5529
906.0000 0.5498
907.0000 0.5464
908.0000 0.5431
909.0000 0.5401
910.0000 0.5376
