1.0000 0.0000
2.0000 0.0000
3.0000 0.0000
4.0000 0.0000
5.0000 0.0000
6.0000 0.0000
7.0000 0.0000
8.0000 0.0000
9.0000 0.0000
10.0000 0.5020
11.0000 0.3935
12.0000 0.1749
13.0000 0.0147
14.0000 -0.0725
15.0000 -0.1132
16.0000 -0.1317
17.0000 -0.1417
18.0000 -0.1493
19.0000 -0.1569
20.0000 -0.1653
21.0000 -0.1749
22.0000 -0.1855
23.0000 -0.1968
24.0000 -0.2085
25.0000 -0.2202
26.0000 -0.2316
27.0000 -0.2424
28.0000 -0.2528
29.0000 -0.2623
30.0000 -0.2710
31.0000 -0.2789
32.0000 -0.2863
33.0000 -0.2933
34.0000 -0.2997
35.0000 -0.3056
36.0000 -0.3113
37.0000 -0.3167
38.0000 -0.3218
39.0000 -0.3269
40.0000 -0.3317
41.0000 -0.3363
42.0000 -0.3406
43.0000 -0.3450
44.0000 -0.3492
45.0000 -0.3533
46.0000 -0.3573
47.0000 -0.3610
48.0000 -0.3646
49.0000 -0.3682
50.0000 -0.3718
51.0000 -0.3754
52.0000 -0.3786
53.0000 -0.3819
54.0000 -0.3852
55.0000 -0.3882
56.0000 -0.3912
57.0000 -0.3942
58.0000 -0.3971
59.0000 -0.3998
60.0000 -0.4026
61.0000 -0.4053
62.0000 -0.4081
63.0000 -0.4106
64.0000 -0.4130
65.0000 -0.4154
66.0000 -0.4178
67.0000 -0.4203
68.0000 -0.4227
69.0000 -0.4250
70.0000 -0.4272
71.0000 -0.4293
72.0000 -0.4314
73.0000 -0.4334
74.0000 -0.4355
75.0000 -0.4374
76.0000 -0.4395
77.0000 -0.4413
78.0000 -0.4432
79.0000 -0.4450
80.0000 -0.4468
81.0000 -0.4484
82.0000 -0.4502
83.0000 -0.4519
84.0000 -0.4535
85.0000 -0.4552
86.0000 -0.4567
87.0000 -0.4582
88.0000 -0.4597
89.0000 -0.4611
90.0000 -0.4625
91.0000 -0.4639
92.0000 -0.4653
93.0000 -0.4666
94.0000 -0.4679
95.0000 -0.4692
96.0000 -0.4705
97.0000 -0.4717
98.0000 -0.4728
99.0000 -0.4739
100.0000 -0.4750
101.0000 -0.4761
102.0000 -0.4773
103.0000 -0.4784
104.0000 -0.4794
105.0000 -0.4803
106.0000 -0.4813
107.0000 -0.4823
108.0000 -0.4832
109.0000 -0.4841
110.0000 -0.9882
111.0000 -1.2280
112.0000 -1.2649
113.0000 -1.2594
114.0000 -1.2689
115.0000 -1.2914
116.0000 -1.3168
117.0000 -1.3395
118.0000 -1.3596
119.0000 -1.3788
120.0000 -1.3981
121.0000 -1.4177
122.0000 -1.4383
123.0000 -1.4582
124.0000 -1.4777
125.0000 -1.4969
126.0000 -1.5149
127.0000 -1.5319
128.0000 -1.5479
129.0000 -1.5627
130.0000 -1.5766
131.0000 -1.5897
132.0000 -1.6018
133.0000 -1.6131
134.0000 -1.6239
135.0000 -1.6343
136.0000 -1.6443
137.0000 -1.6537
138.0000 -1.6627
139.0000 -1.6711
140.0000 -1.6795
141.0000 -1.6879
142.0000 -1.6955
143.0000 -1.7027
144.0000 -1.7104
145.0000 -1.7175
146.0000 -1.7239
147.0000 -1.7306
148.0000 -1.7372
149.0000 -1.7432
150.0000 -1.7489
151.0000 -1.7548
152.0000 -1.7607
153.0000 -1.7660
154.0000 -1.7713
155.0000 -1.7764
156.0000 -1.7816
157.0000 -1.7865
158.0000 -1.7911
159.0000 -1.7960
160.0000 -1.8006
161.0000 -1.8047
162.0000 -1.8092
163.0000 -1.8135
164.0000 -1.8174
165.0000 -1.8211
166.0000 -1.8250
167.0000 -1.8286
168.0000 -1.8323
169.0000 -1.8362
170.0000 -1.8394
171.0000 -1.8426
172.0000 -1.8459
173.0000 -1.8492
174.0000 -1.8526
175.0000 -1.8557
176.0000 -1.8587
177.0000 -1.8615
178.0000 -1.8640
179.0000 -1.8668
180.0000 -1.8697
181.0000 -1.8723
182.0000 -1.8748
183.0000 -1.8774
184.0000 -1.8796
185.0000 -1.8819
186.0000 -1.8845
187.0000 -1.8867
188.0000 -1.8885
189.0000 -1.8908
190.0000 -1.8926
191.0000 -1.8949
192.0000 -1.8970
193.0000 -1.8986
194.0000 -1.9006
195.0000 -1.9026
196.0000 -1.9040
197.0000 -1.9059
198.0000 -1.9076
199.0000 -1.9092
200.0000 -1.9108
201.0000 -1.9121
202.0000 -1.9136
203.0000 -1.9151
204.0000 -1.9167
205.0000 -1.9180
206.0000 -1.9193
207.0000 -1.9206
208.0000 -1.9219
209.0000 -1.9230
210.0000 -0.7616
211.0000 -0.5596
212.0000 -0.5963
213.0000 -0.6342
214.0000 -0.6385
215.0000 -0.6254
216.0000 -0.6087
217.0000 -0.5926
218.0000 -0.5762
219.0000 -0.5572
220.0000 -0.5347
221.0000 -0.5089
222.0000 -0.4807
223.0000 -0.4511
224.0000 -0.4218
225.0000 -0.3933
226.0000 -0.3665
227.0000 -0.3409
228.0000 -0.3175
229.0000 -0.2961
230.0000 -0.2765
231.0000 -0.2582
232.0000 -0.2416
233.0000 -0.2257
234.0000 -0.2111
235.0000 -0.1972
236.0000 -0.1841
237.0000 -0.1716
238.0000 -0.1594
239.0000 -0.1476
240.0000 -0.1362
241.0000 -0.1253
242.0000 -0.1150
243.0000 -0.1048
244.0000 -0.0950
245.0000 -0.0856
246.0000 -0.0764
247.0000 -0.0674
248.0000 -0.0586
249.0000 -0.0504
250.0000 -0.0421
251.0000 -0.0339
252.0000 -0.0263
253.0000 -0.0189
254.0000 -0.0115
255.0000 -0.0042
256.0000 0.0029
257.0000 0.0095
258.0000 0.0160
259.0000 0.0225
260.0000 0.0286
261.0000 0.0349
262.0000 0.0411
263.0000 0.0469
264.0000 0.0525
265.0000 0.0579
266.0000 0.0633
267.0000 0.0688
268.0000 0.0741
269.0000 0.0792
270.0000 0.0841
271.0000 0.0891
272.0000 0.0937
273.0000 0.0983
274.0000 0.1029
275.0000 0.1072
276.0000 0.1114
277.0000 0.1156
278.0000 0.1199
279.0000 0.1238
280.0000 0.1277
281.0000 0.1313
282.0000 0.1351
283.0000 0.1388
284.0000 0.1424
285.0000 0.1459
286.0000 0.1493
287.0000 0.1524
288.0000 0.1558
289.0000 0.1587
290.0000 0.1619
291.0000 0.1648
292.0000 0.1678
293.0000 0.1707
294.0000 0.1734
295.0000 0.1762
296.0000 0.1788
297.0000 0.1813
298.0000 0.1839
299.0000 0.1862
300.0000 0.1884
301.0000 0.1908
302.0000 0.1933
303.0000 0.1956
304.0000 0.1977
305.0000 0.1997
306.0000 0.2018
307.0000 0.2038
308.0000 0.2057
309.0000 0.2077
310.0000 -0.7942
311.0000 -0.5754
312.0000 -0.1367
313.0000 0.1853
314.0000 0.3615
315.0000 0.4444
316.0000 0.4829
317.0000 0.5046
318.0000 0.5212
319.0000 0.5378
320.0000 0.5560
321.0000 0.5765
322.0000 0.5992
323.0000 0.6232
324.0000 0.6477
325.0000 0.6724
326.0000 0.6965
327.0000 0.7192
328.0000 0.7410
329.0000 0.7613
330.0000 0.7797
331.0000 0.7966
332.0000 0.8123
333.0000 0.8272
334.0000 0.8411
335.0000 0.8539
336.0000 0.8662
337.0000 0.8779
338.0000 0.8891
339.0000 0.9000
340.0000 0.9103
341.0000 0.9202
342.0000 0.9298
343.0000 0.9393
344.0000 0.9487
345.0000 0.9576
346.0000 0.9663
347.0000 0.9745
348.0000 0.9824
349.0000 0.9901
350.0000 0.9978
351.0000 1.0055
352.0000 1.0126
353.0000 1.0197
354.0000 1.0268
355.0000 1.0335
356.0000 1.0399
357.0000 1.0465
358.0000 1.0528
359.0000 1.0589
360.0000 1.0650
361.0000 1.0709
362.0000 1.0768
363.0000 1.0824
364.0000 1.0876
365.0000 1.0928
366.0000 1.0980
367.0000 1.1032
368.0000 1.1084
369.0000 1.1133
370.0000 1.1182
371.0000 1.1227
372.0000 1.1271
373.0000 1.1315
374.0000 1.1361
375.0000 1.1405
376.0000 1.1449
377.0000 1.1489
378.0000 1.1530
379.0000 1.1568
380.0000 1.1606
381.0000 1.1643
382.0000 1.1679
383.0000 1.1716
384.0000 1.1752
385.0000 1.1787
386.0000 1.1820
387.0000 1.1852
388.0000 1.1885
389.0000 1.1916
390.0000 1.1945
391.0000 1.1974
392.0000 1.2004
393.0000 1.2033
394.0000 1.2061
395.0000 1.2090
396.0000 1.2116
397.0000 1.2144
398.0000 1.2168
399.0000 1.2192
400.0000 1.2214
401.0000 1.2239
402.0000 1.2262
403.0000 1.2286
404.0000 1.2307
405.0000 1.2327
406.0000 1.2347
407.0000 1.2369
408.0000 1.2387
409.0000 1.2406
410.0000 2.2489
411.0000 2.7287
412.0000 2.8025
413.0000 2.7918
414.0000 2.8109
415.0000 2.8560
416.0000 2.9071
417.0000 2.9526
418.0000 2.9930
419.0000 3.0316
420.0000 3.0703
421.0000 3.1097
422.0000 3.1509
423.0000 3.1910
424.0000 3.2301
425.0000 3.2686
426.0000 3.3048
427.0000 3.3389
428.0000 3.3711
429.0000 3.4008
430.0000 3.4287
431.0000 3.4551
432.0000 3.4793
433.0000 3.5022
434.0000 3.5240
435.0000 3.5448
436.0000 3.5650
437.0000 3.5838
438.0000 3.6019
439.0000 3.6189
440.0000 3.6357
441.0000 3.6527
442.0000 3.6680
443.0000 3.6825
444.0000 3.6980
445.0000 3.7124
446.0000 3.7253
447.0000 3.7387
448.0000 3.7520
449.0000 3.7641
450.0000 3.7757
451.0000 3.7875
452.0000 3.7993
453.0000 3.8101
454.0000 3.8209
455.0000 3.8312
456.0000 3.8417
457.0000 3.8514
458.0000 3.8608
459.0000 3.8705
460.0000 3.8798
461.0000 3.8882
462.0000 3.8973
463.0000 3.9059
464.0000 3.9139
465.0000 3.9214
466.0000 3.9291
467.0000 3.9365
468.0000 3.9438
469.0000 3.9518
470.0000 3.9583
471.0000 3.9647
472.0000 3.9714
473.0000 3.9780
474.0000 3.9848
475.0000 3.9911
476.0000 3.9971
477.0000 4.0027
478.0000 4.0079
479.0000 4.0135
480.0000 4.0194
481.0000 4.0245
482.0000 4.0297
483.0000 4.0349
484.0000 4.0393
485.0000 4.0439
486.0000 4.0493
487.0000 4.0536
488.0000 4.0573
489.0000 4.0619
490.0000 4.0657
491.0000 4.0703
492.0000 4.0745
493.0000 4.0778
494.0000 4.0818
495.0000 4.0859
496.0000 4.0886
497.0000 4.0925
498.0000 4.0960
499.0000 4.0992
500.0000 4.1024
501.0000 4.1050
502.0000 4.1080
503.0000 4.1111
504.0000 4.1143
505.0000 4.1170
506.0000 4.1195
507.0000 4.1222
508.0000 4.1248
509.0000 4.1271
510.0000 1.8043
511.0000 1.4003
512.0000 1.4736
513.0000 1.5496
514.0000 1.5582
515.0000 1.5319
516.0000 1.4987
517.0000 1.4664
518.0000 1.4338
519.0000 1.3957
520.0000 1.3507
521.0000 1.2992
522.0000 1.2427
523.0000 1.1836
524.0000 1.1250
525.0000 1.0681
526.0000 1.0144
527.0000 0.9633
528.0000 0.9164
529.0000 0.8736
530.0000 0.8345
531.0000 0.7980
532.0000 0.7647
533.0000 0.7330
534.0000 0.7037
535.0000 0.6761
536.0000 0.6497
537.0000 0.6247
538.0000 0.6004
539.0000 0.5769
540.0000 0.5540
541.0000 0.5323
542.0000 0.5118
543.0000 0.4913
544.0000 0.4717
545.0000 0.4530
546.0000 0.4345
547.0000 0.4165
548.0000 0.3989
549.0000 0.3825
550.0000 0.3660
551.0000 0.3495
552.0000 0.3344
553.0000 0.3196
554.0000 0.3049
555.0000 0.2902
556.0000 0.2760
557.0000 0.2629
558.0000 0.2498
559.0000 0.2369
560.0000 0.2247
561.0000 0.2121
562.0000 0.1998
563.0000 0.1881
564.0000 0.1768
565.0000 0.1661
566.0000 0.1553
567.0000 0.1443
568.0000 0.1337
569.0000 0.1236
570.0000 0.1138
571.0000 0.1038
572.0000 0.0946
573.0000 0.0853
574.0000 0.0763
575.0000 0.0675
576.0000 0.0591
577.0000 0.0507
578.0000 0.0421
579.0000 0.0344
580.0000 0.0266
581.0000 0.0194
582.0000 0.0117
583.0000 0.0045
584.0000 -0.0028
585.0000 -0.0098
586.0000 -0.0166
587.0000 -0.0228
588.0000 -0.0295
589.0000 -0.0353
590.0000 -0.0418
591.0000 -0.0476
592.0000 -0.0535
593.0000 -0.0593
594.0000 -0.0647
595.0000 -0.0703
596.0000 -0.0755
597.0000 -0.0805
598.0000 -0.0857
599.0000 -0.0902
600.0000 -0.0947
601.0000 -0.0994
602.0000 -0.1045
603.0000 -0.1092
604.0000 -0.1133
605.0000 -0.1173
606.0000 -0.1215
607.0000 -0.1255
608.0000 -0.1293
609.0000 -0.1333
610.0000 1.3684
611.0000 1.0395
612.0000 0.3807
613.0000 -0.1033
614.0000 -0.3683
615.0000 -0.4935
616.0000 -0.5519
617.0000 -0.5853
618.0000 -0.6110
619.0000 -0.6365
620.0000 -0.6645
621.0000 -0.6959
622.0000 -0.7307
623.0000 -0.7674
624.0000 -0.8048
625.0000 -0.8425
626.0000 -0.8793
627.0000 -0.9139
628.0000 -0.9471
629.0000 -0.9781
630.0000 -1.0062
631.0000 -1.0321
632.0000 -1.0561
633.0000 -1.0789
634.0000 -1.1002
635.0000 -1.1199
636.0000 -1.1389
637.0000 -1.1569
638.0000 -1.1741
639.0000 -1.1909
640.0000 -1.2067
641.0000 -1.2221
642.0000 -1.2368
643.0000 -1.2516
644.0000 -1.2660
645.0000 -1.2797
646.0000 -1.2932
647.0000 -1.3058
648.0000 -1.3179
649.0000 -1.3298
650.0000 -1.3417
651.0000 -1.3536
652.0000 -1.3644
653.0000 -1.3753
654.0000 -1.3862
655.0000 -1.3965
656.0000 -1.4064
657.0000 -1.4167
658.0000 -1.4263
659.0000 -1.4358
660.0000 -1.4453
661.0000 -1.4543
662.0000 -1.4634
663.0000 -1.4720
664.0000 -1.4801
665.0000 -1.4880
666.0000 -1.4960
667.0000 -1.5039
668.0000 -1.5118
669.0000 -1.5195
670.0000 -1.5270
671.0000 -1.5338
672.0000 -1.5406
673.0000 -1.5473
674.0000 -1.5545
675.0000 -1.5614
676.0000 -1.5682
677.0000 -1.5743
678.0000 -1.5806
679.0000 -1.5863
680.0000 -1.5922
681.0000 -1.5979
682.0000 -1.6033
683.0000 -1.6092
684.0000 -1.6147
685.0000 -1.6200
686.0000 -1.6252
687.0000 -1.6301
688.0000 -1.6351
689.0000 -1.6398
690.0000 -1.6442
691.0000 -1.6487
692.0000 -1.6533
693.0000 -1.6578
694.0000 -1.6622
695.0000 -1.6666
696.0000 -1.6706
697.0000 -1.6749
698.0000 -1.6785
699.0000 -1.6822
700.0000 -1.6856
701.0000 -1.6894
702.0000 -1.6930
703.0000 -1.6966
704.0000 -1.6999
705.0000 -1.7028
706.0000 -1.7058
707.0000 -1.7092
708.0000 -1.7119
709.0000 -1.7148
710.0000 -3.2273
711.0000 -3.9471
712.0000 -4.0579
713.0000 -4.0419
714.0000 -4.0707
715.0000 -4.1385
716.0000 -4.2152
717.0000 -4.2835
718.0000 -4.3443
719.0000 -4.4022
720.0000 -4.4603
721.0000 -4.5195
722.0000 -4.5814
723.0000 -4.6415
724.0000 -4.7003
725.0000 -4.7582
726.0000 -4.8125
727.0000 -4.8638
728.0000 -4.9121
729.0000 -4.9567
730.0000 -4.9986
731.0000 -5.0383
732.0000 -5.0747
733.0000 -5.1090
734.0000 -5.1418
735.0000 -5.1731
736.0000 -5.2034
737.0000 -5.2317
738.0000 -5.2590
739.0000 -5.2845
740.0000 -5.3098
741.0000 -5.3353
742.0000 -5.3583
743.0000 -5.3801
744.0000 -5.4034
745.0000 -5.4251
746.0000 -5.4445
747.0000 -5.4646
748.0000 -5.4846
749.0000 -5.5028
750.0000 -5.5203
751.0000 -5.5380
752.0000 -5.5558
753.0000 -5.5720
754.0000 -5.5882
755.0000 -5.6037
756.0000 -5.6195
757.0000 -5.6342
758.0000 -5.6483
759.0000 -5.6629
760.0000 -5.6769
761.0000 -5.6895
762.0000 -5.7032
763.0000 -5.7161
764.0000 -5.7281
765.0000 -5.7394
766.0000 -5.7509
767.0000 -5.7621
768.0000 -5.7731
769.0000 -5.7851
770.0000 -5.7949
771.0000 -5.8045
772.0000 -5.8146
773.0000 -5.8246
774.0000 -5.8348
775.0000 -5.8443
776.0000 -5.8534
777.0000 -5.8617
778.0000 -5.8696
779.0000 -5.8780
780.0000 -5.8868
781.0000 -5.8946
782.0000 -5.9024
783.0000 -5.9101
784.0000 -5.9168
785.0000 -5.9238
786.0000 -5.9319
787.0000 -5.9384
788.0000 -5.9439
789.0000 -5.9508
790.0000 -5.9565
791.0000 -5.9635
792.0000 -5.9698
793.0000 -5.9748
794.0000 -5.9808
795.0000 -5.9869
796.0000 -5.9910
797.0000 -5.9968
798.0000 -6.0021
799.0000 -6.0069
800.0000 -6.0118
801.0000 -6.0157
802.0000 -6.0202
803.0000 -6.0248
804.0000 -6.0297
805.0000 -6.0337
806.0000 -6.0375
807.0000 -6.0416
808.0000 -6.0455
809.0000 -6.0489
810.0000 -2.5647
811.0000 -1.9587
812.0000 -2.0688
813.0000 -2.1828
814.0000 -2.1956
815.0000 -2.1563
816.0000 -2.1065
817.0000 -2.0580
818.0000 -2.0091
819.0000 -1.9520
820.0000 -1.8845
821.0000 -1.8073
822.0000 -1.7225
823.0000 -1.6339
824.0000 -1.5460
825.0000 -1.4606
826.0000 -1.3800
827.0000 -1.3034
828.0000 -1.2331
829.0000 -1.1690
830.0000 -1.1103
831.0000 -1.0556
832.0000 -1.0055
833.0000 -0.9581
834.0000 -0.9141
835.0000 -0.8727
836.0000 -0.8332
837.0000 -0.7957
838.0000 -0.7592
839.0000 -0.7240
840.0000 -0.6896
841.0000 -0.6570
842.0000 -0.6263
843.0000 -0.5956
844.0000 -0.5662
845.0000 -0.5381
846.0000 -0.5104
847.0000 -0.4835
848.0000 -0.4570
849.0000 -0.4324
850.0000 -0.4077
851.0000 -0.3830
852.0000 -0.3603
853.0000 -0.3381
854.0000 -0.3160
855.0000 -0.2940
856.0000 -0.2727
857.0000 -0.2531
858.0000 -0.2334
859.0000 -0.2140
860.0000 -0.1958
861.0000 -0.1769
862.0000 -0.1584
863.0000 -0.1409
864.0000 -0.1240
865.0000 -0.1079
866.0000 -0.0917
867.0000 -0.0752
868.0000 -0.0594
869.0000 -0.0442
870.0000 -0.0294
871.0000 -0.0145
872.0000 -0.0006
873.0000 0.0133
874.0000 0.0268
875.0000 0.0399
876.0000 0.0526
877.0000 0.0652
878.0000 0.0780
879.0000 0.0897
880.0000 0.1013
881.0000 0.1121
882.0000 0.1236
883.0000 0.1345
884.0000 0.1454
885.0000 0.1559
886.0000 0.1661
887.0000 0.1754
888.0000 0.1855
889.0000 0.1942
890.0000 0.2039
891.0000 0.2125
892.0000 0.2214
893.0000 0.2301
894.0000 0.2383
895.0000 0.2467
896.0000 0.2544
897.0000 0.2619
898.0000 0.2697
899.0000 0.2765
900.0000 0.2832
901.0000 0.2903
902.0000 0.2979
903.0000 0.3049
904.0000 0.3111
905.0000 0.3171
906.0000 0.3234
907.0000 0.3294
908.0000 0.3352
909.0000 0.3411
910.0000 0.3476
