1.0000 0.0000
2.0000 0.0000
3.0000 0.0000
4.0000 0.0000
5.0000 0.0000
6.0000 0.0000
7.0000 0.0000
8.0000 0.0000
9.0000 0.0000
10.0000 0.0000
11.0000 0.3750
12.0000 0.6530
13.0000 0.7948
14.0000 0.8617
15.0000 0.9013
16.0000 0.9330
17.0000 0.9603
18.0000 0.9821
19.0000 0.9975
20.0000 1.0068
21.0000 1.0112
22.0000 1.0121
23.0000 1.0109
24.0000 1.0087
25.0000 1.0062
26.0000 1.0038
27.0000 1.0019
28.0000 1.0005
29.0000 0.9995
30.0000 0.9990
31.0000 0.9988
32.0000 0.9988
33.0000 0.9990
34.0000 0.9992
35.0000 0.9993
36.0000 0.9995
37.0000 0.9997
38.0000 0.9998
39.0000 0.9999
40.0000 0.9999
41.0000 0.9999
42.0000 0.9999
43.0000 0.9999
44.0000 0.9999
45.0000 0.9999
46.0000 0.9999
47.0000 0.9999
48.0000 0.9999
49.0000 1.0000
50.0000 1.0000
51.0000 1.0000
52.0000 0.9999
53.0000 1.0000
54.0000 1.0000
55.0000 0.9999
56.0000 0.9999
57.0000 1.0000
58.0000 1.0000
59.0000 1.0000
60.0000 1.0000
61.0000 1.0000
62.0000 1.0000
63.0000 0.9999
64.0000 0.9999
65.0000 1.0000
66.0000 1.0000
67.0000 1.0000
68.0000 1.0000
69.0000 1.0000
70.0000 0.9999
71.0000 0.9999
72.0000 0.9999
73.0000 1.0000
74.0000 1.0000
75.0000 1.0000
76.0000 1.0000
77.0000 1.0000
78.0000 1.0000
79.0000 1.0000
80.0000 1.0000
81.0000 1.0000
82.0000 1.0000
83.0000 1.0000
84.0000 1.0000
85.0000 1.0000
86.0000 1.0000
87.0000 1.0000
88.0000 1.0000
89.0000 1.0000
90.0000 1.0000
91.0000 1.0000
92.0000 1.0000
93.0000 1.0000
94.0000 1.0000
95.0000 1.0000
96.0000 1.0000
97.0000 1.0000
98.0000 1.0000
99.0000 1.0000
100.0000 1.0000
101.0000 1.0000
102.0000 1.0000
103.0000 1.0000
104.0000 1.0000
105.0000 1.0000
106.0000 1.0000
107.0000 1.0000
108.0000 1.0000
109.0000 1.0000
110.0000 1.0000
111.0000 0.9227
112.0000 0.8268
113.0000 0.8059
114.0000 0.8431
115.0000 0.8963
116.0000 0.9418
117.0000 0.9733
118.0000 0.9930
119.0000 1.0041
120.0000 1.0095
121.0000 1.0110
122.0000 1.0103
123.0000 1.0083
124.0000 1.0059
125.0000 1.0038
126.0000 1.0018
127.0000 1.0004
128.0000 0.9995
129.0000 0.9989
130.0000 0.9988
131.0000 0.9988
132.0000 0.9989
133.0000 0.9991
134.0000 0.9993
135.0000 0.9995
136.0000 0.9997
137.0000 0.9997
138.0000 0.9998
139.0000 0.9998
140.0000 0.9999
141.0000 1.0000
142.0000 0.9999
143.0000 0.9999
144.0000 1.0000
145.0000 0.9999
146.0000 0.9999
147.0000 1.0000
148.0000 1.0000
149.0000 1.0000
150.0000 0.9999
151.0000 1.0000
152.0000 1.0000
153.0000 1.0000
154.0000 1.0000
155.0000 1.0000
156.0000 1.0000
157.0000 1.0000
158.0000 0.9999
159.0000 1.0000
160.0000 1.0000
161.0000 1.0000
162.0000 1.0001
163.0000 1.0000
164.0000 0.9999
165.0000 0.9999
166.0000 1.0000
167.0000 1.0001
168.0000 1.0001
169.0000 1.0001
170.0000 0.9999
171.0000 0.9999
172.0000 1.0000
173.0000 1.0000
174.0000 1.0001
175.0000 1.0000
176.0000 0.9999
177.0000 0.9999
178.0000 0.9999
179.0000 1.0001
180.0000 1.0001
181.0000 1.0000
182.0000 1.0000
183.0000 1.0000
184.0000 0.9999
185.0000 1.0000
186.0000 1.0001
187.0000 1.0000
188.0000 0.9999
189.0000 1.0001
190.0000 1.0000
191.0000 1.0001
192.0000 1.0000
193.0000 0.9999
194.0000 1.0000
195.0000 1.0000
196.0000 0.9999
197.0000 1.0001
198.0000 1.0000
199.0000 1.0000
200.0000 1.0000
201.0000 1.0000
202.0000 1.0000
203.0000 1.0001
204.0000 1.0001
205.0000 1.0000
206.0000 1.0000
207.0000 1.0000
208.0000 1.0000
209.0000 1.0000
210.0000 1.0000
211.0000 1.3708
212.0000 1.5264
213.0000 1.4788
214.0000 1.3482
215.0000 1.2157
216.0000 1.1128
217.0000 1.0436
218.0000 1.0019
219.0000 0.9798
220.0000 0.9710
221.0000 0.9705
222.0000 0.9745
223.0000 0.9806
224.0000 0.9871
225.0000 0.9928
226.0000 0.9973
227.0000 1.0003
228.0000 1.0023
229.0000 1.0033
230.0000 1.0035
231.0000 1.0031
232.0000 1.0026
233.0000 1.0020
234.0000 1.0014
235.0000 1.0010
236.0000 1.0006
237.0000 1.0004
238.0000 1.0001
239.0000 1.0000
240.0000 1.0000
241.0000 1.0001
242.0000 1.0001
243.0000 1.0001
244.0000 1.0001
245.0000 1.0002
246.0000 1.0001
247.0000 1.0000
248.0000 1.0000
249.0000 1.0001
250.0000 1.0000
251.0000 1.0000
252.0000 1.0002
253.0000 1.0001
254.0000 1.0000
255.0000 0.9999
256.0000 1.0000
257.0000 1.0001
258.0000 1.0000
259.0000 1.0000
260.0000 1.0000
261.0000 0.9999
262.0000 0.9999
263.0000 1.0000
264.0000 1.0001
265.0000 1.0001
266.0000 1.0000
267.0000 0.9999
268.0000 1.0000
269.0000 1.0000
270.0000 1.0001
271.0000 1.0001
272.0000 1.0001
273.0000 1.0000
274.0000 1.0000
275.0000 0.9999
276.0000 1.0000
277.0000 0.9999
278.0000 0.9999
279.0000 1.0000
280.0000 1.0000
281.0000 1.0000
282.0000 0.9999
283.0000 0.9999
284.0000 1.0000
285.0000 1.0000
286.0000 1.0000
287.0000 1.0000
288.0000 1.0000
289.0000 1.0000
290.0000 1.0000
291.0000 1.0000
292.0000 1.0000
293.0000 0.9999
294.0000 1.0000
295.0000 1.0000
296.0000 1.0000
297.0000 1.0000
298.0000 1.0000
299.0000 1.0000
300.0000 1.0000
301.0000 0.9999
302.0000 0.9999
303.0000 1.0000
304.0000 1.0001
305.0000 1.0001
306.0000 1.0000
307.0000 1.0000
308.0000 1.0000
309.0000 0.9999
310.0000 0.9999
311.0000 0.2500
312.0000 -0.3060
313.0000 -0.5896
314.0000 -0.7235
315.0000 -0.8026
316.0000 -0.8660
317.0000 -0.9207
318.0000 -0.9643
319.0000 -0.9951
320.0000 -1.0137
321.0000 -1.0225
322.0000 -1.0244
323.0000 -1.0219
324.0000 -1.0175
325.0000 -1.0125
326.0000 -1.0077
327.0000 -1.0038
328.0000 -1.0010
329.0000 -0.9991
330.0000 -0.9980
331.0000 -0.9976
332.0000 -0.9977
333.0000 -0.9980
334.0000 -0.9984
335.0000 -0.9987
336.0000 -0.9991
337.0000 -0.9994
338.0000 -0.9996
339.0000 -0.9998
340.0000 -0.9998
341.0000 -0.9998
342.0000 -0.9998
343.0000 -0.9999
344.0000 -0.9999
345.0000 -0.9999
346.0000 -0.9998
347.0000 -0.9998
348.0000 -0.9999
349.0000 -1.0000
350.0000 -1.0000
351.0000 -1.0000
352.0000 -0.9999
353.0000 -1.0000
354.0000 -1.0000
355.0000 -0.9999
356.0000 -0.9999
357.0000 -1.0000
358.0000 -1.0000
359.0000 -1.0000
360.0000 -1.0000
361.0000 -1.0000
362.0000 -1.0000
363.0000 -0.9999
364.0000 -0.9999
365.0000 -1.0000
366.0000 -1.0001
367.0000 -1.0001
368.0000 -1.0001
369.0000 -1.0000
370.0000 -0.9999
371.0000 -0.9998
372.0000 -0.9999
373.0000 -1.0000
374.0000 -1.0001
375.0000 -1.0000
376.0000 -1.0000
377.0000 -0.9999
378.0000 -0.9999
379.0000 -0.9999
380.0000 -1.0000
381.0000 -1.0000
382.0000 -1.0001
383.0000 -1.0001
384.0000 -1.0001
385.0000 -1.0000
386.0000 -1.0000
387.0000 -1.0000
388.0000 -1.0000
389.0000 -1.0000
390.0000 -1.0000
391.0000 -1.0000
392.0000 -1.0000
393.0000 -1.0000
394.0000 -1.0000
395.0000 -1.0000
396.0000 -1.0000
397.0000 -1.0000
398.0000 -0.9999
399.0000 -1.0000
400.0000 -1.0000
401.0000 -1.0001
402.0000 -1.0001
403.0000 -1.0000
404.0000 -1.0000
405.0000 -0.9999
406.0000 -1.0000
407.0000 -1.0000
408.0000 -1.0000
409.0000 -1.0000
410.0000 -1.0000
411.0000 -0.8454
412.0000 -0.6536
413.0000 -0.6117
414.0000 -0.6861
415.0000 -0.7925
416.0000 -0.8834
417.0000 -0.9465
418.0000 -0.9859
419.0000 -1.0081
420.0000 -1.0188
421.0000 -1.0219
422.0000 -1.0206
423.0000 -1.0164
424.0000 -1.0117
425.0000 -1.0074
426.0000 -1.0035
427.0000 -1.0007
428.0000 -0.9989
429.0000 -0.9978
430.0000 -0.9975
431.0000 -0.9975
432.0000 -0.9977
433.0000 -0.9981
434.0000 -0.9986
435.0000 -0.9990
436.0000 -0.9993
437.0000 -0.9994
438.0000 -0.9995
439.0000 -0.9996
440.0000 -0.9998
441.0000 -1.0000
442.0000 -0.9998
443.0000 -0.9997
444.0000 -1.0000
445.0000 -0.9998
446.0000 -0.9997
447.0000 -0.9999
448.0000 -1.0000
449.0000 -0.9998
450.0000 -0.9998
451.0000 -1.0000
452.0000 -1.0000
453.0000 -0.9999
454.0000 -0.9999
455.0000 -0.9999
456.0000 -1.0000
457.0000 -0.9999
458.0000 -0.9998
459.0000 -1.0000
460.0000 -1.0000
461.0000 -0.9999
462.0000 -1.0001
463.0000 -1.0000
464.0000 -0.9998
465.0000 -0.9998
466.0000 -1.0000
467.0000 -1.0001
468.0000 -1.0002
469.0000 -1.0002
470.0000 -0.9998
471.0000 -0.9997
472.0000 -0.9999
473.0000 -1.0000
474.0000 -1.0001
475.0000 -1.0000
476.0000 -0.9998
477.0000 -0.9998
478.0000 -0.9998
479.0000 -1.0001
480.0000 -1.0002
481.0000 -1.0000
482.0000 -1.0000
483.0000 -0.9999
484.0000 -0.9998
485.0000 -1.0000
486.0000 -1.0002
487.0000 -0.9999
488.0000 -0.9999
489.0000 -1.0001
490.0000 -1.0000
491.0000 -1.0002
492.0000 -1.0000
493.0000 -0.9999
494.0000 -1.0000
495.0000 -1.0000
496.0000 -0.9998
497.0000 -1.0001
498.0000 -1.0001
499.0000 -1.0000
500.0000 -1.0000
501.0000 -0.9999
502.0000 -1.0001
503.0000 -1.0001
504.0000 -1.0001
505.0000 -1.0000
506.0000 -0.9999
507.0000 -0.9999
508.0000 -0.9999
509.0000 -0.9999
510.0000 -1.0000
511.0000 -1.7416
512.0000 -2.0528
513.0000 -1.9575
514.0000 -1.6964
515.0000 -1.4314
516.0000 -1.2257
517.0000 -1.0871
518.0000 -1.0037
519.0000 -0.9596
520.0000 -0.9420
521.0000 -0.9409
522.0000 -0.9490
523.0000 -0.9612
524.0000 -0.9741
525.0000 -0.9856
526.0000 -0.9945
527.0000 -1.0006
528.0000 -1.0046
529.0000 -1.0066
530.0000 -1.0070
531.0000 -1.0062
532.0000 -1.0052
533.0000 -1.0039
534.0000 -1.0029
535.0000 -1.0020
536.0000 -1.0013
537.0000 -1.0007
538.0000 -1.0002
539.0000 -1.0000
540.0000 -1.0000
541.0000 -1.0002
542.0000 -1.0003
543.0000 -1.0002
544.0000 -1.0003
545.0000 -1.0003
546.0000 -1.0002
547.0000 -1.0001
548.0000 -1.0001
549.0000 -1.0002
550.0000 -1.0001
551.0000 -1.0001
552.0000 -1.0003
553.0000 -1.0002
554.0000 -1.0000
555.0000 -0.9999
556.0000 -1.0000
557.0000 -1.0001
558.0000 -1.0001
559.0000 -1.0000
560.0000 -1.0000
561.0000 -0.9998
562.0000 -0.9999
563.0000 -1.0000
564.0000 -1.0001
565.0000 -1.0002
566.0000 -1.0000
567.0000 -0.9999
568.0000 -0.9999
569.0000 -1.0001
570.0000 -1.0001
571.0000 -1.0002
572.0000 -1.0002
573.0000 -1.0001
574.0000 -0.9999
575.0000 -0.9999
576.0000 -0.9999
577.0000 -0.9998
578.0000 -0.9998
579.0000 -1.0000
580.0000 -1.0000
581.0000 -1.0000
582.0000 -0.9998
583.0000 -0.9999
584.0000 -0.9999
585.0000 -1.0000
586.0000 -1.0001
587.0000 -1.0001
588.0000 -0.9999
589.0000 -1.0000
590.0000 -0.9999
591.0000 -1.0000
592.0000 -0.9999
593.0000 -0.9999
594.0000 -0.9999
595.0000 -0.9999
596.0000 -1.0000
597.0000 -1.0000
598.0000 -1.0000
599.0000 -1.0001
600.0000 -1.0001
601.0000 -0.9999
602.0000 -0.9998
603.0000 -1.0000
604.0000 -1.0002
605.0000 -1.0001
606.0000 -0.9999
607.0000 -0.9999
608.0000 -0.9999
609.0000 -0.9998
610.0000 -0.9998
611.0000 0.1250
612.0000 0.9590
613.0000 1.3844
614.0000 1.5853
615.0000 1.7040
616.0000 1.7991
617.0000 1.8812
618.0000 1.9466
619.0000 1.9927
620.0000 2.0206
621.0000 2.0338
622.0000 2.0366
623.0000 2.0329
624.0000 2.0262
625.0000 2.0187
626.0000 2.0115
627.0000 2.0057
628.0000 2.0015
629.0000 1.9987
630.0000 1.9970
631.0000 1.9964
632.0000 1.9965
633.0000 1.9971
634.0000 1.9976
635.0000 1.9981
636.0000 1.9986
637.0000 1.9991
638.0000 1.9994
639.0000 1.9996
640.0000 1.9996
641.0000 1.9997
642.0000 1.9998
643.0000 1.9999
644.0000 1.9999
645.0000 1.9998
646.0000 1.9998
647.0000 1.9997
648.0000 1.9998
649.0000 2.0000
650.0000 2.0001
651.0000 2.0001
652.0000 1.9999
653.0000 1.9999
654.0000 2.0000
655.0000 1.9999
656.0000 1.9999
657.0000 2.0001
658.0000 2.0000
659.0000 2.0000
660.0000 2.0000
661.0000 2.0000
662.0000 2.0000
663.0000 1.9998
664.0000 1.9999
665.0000 2.0000
666.0000 2.0001
667.0000 2.0002
668.0000 2.0002
669.0000 2.0000
670.0000 1.9998
671.0000 1.9997
672.0000 1.9998
673.0000 1.9999
674.0000 2.0001
675.0000 2.0001
676.0000 2.0000
677.0000 1.9998
678.0000 1.9999
679.0000 1.9999
680.0000 2.0000
681.0000 2.0000
682.0000 2.0001
683.0000 2.0002
684.0000 2.0001
685.0000 2.0001
686.0000 2.0000
687.0000 2.0000
688.0000 2.0000
689.0000 2.0000
690.0000 2.0000
691.0000 2.0000
692.0000 2.0001
693.0000 2.0000
694.0000 2.0000
695.0000 2.0000
696.0000 1.9999
697.0000 2.0000
698.0000 1.9999
699.0000 1.9999
700.0000 2.0000
701.0000 2.0001
702.0000 2.0001
703.0000 2.0001
704.0000 2.0000
705.0000 1.9999
706.0000 2.0000
707.0000 2.0001
708.0000 2.0000
709.0000 2.0000
710.0000 2.0000
711.0000 1.7680
712.0000 1.4804
713.0000 1.4174
714.0000 1.5291
715.0000 1.6887
716.0000 1.8251
717.0000 1.9197
718.0000 1.9788
719.0000 2.0121
720.0000 2.0281
721.0000 2.0328
722.0000 2.0308
723.0000 2.0246
724.0000 2.0175
725.0000 2.0110
726.0000 2.0052
727.0000 2.0010
728.0000 1.9983
729.0000 1.9966
730.0000 1.9961
731.0000 1.9963
732.0000 1.9965
733.0000 1.9971
734.0000 1.9978
735.0000 1.9985
736.0000 1.9990
737.0000 1.9990
738.0000 1.9992
739.0000 1.9994
740.0000 1.9997
741.0000 1.9999
742.0000 1.9996
743.0000 1.9996
744.0000 2.0000
745.0000 1.9997
746.0000 1.9995
747.0000 1.9998
748.0000 1.9999
749.0000 1.9997
750.0000 1.9997
751.0000 1.9999
752.0000 1.9999
753.0000 1.9998
754.0000 1.9998
755.0000 1.9999
756.0000 1.9999
757.0000 1.9998
758.0000 1.9997
759.0000 2.0000
760.0000 1.9999
761.0000 1.9998
762.0000 2.0001
763.0000 2.0000
764.0000 1.9997
765.0000 1.9997
766.0000 2.0001
767.0000 2.0002
768.0000 2.0002
769.0000 2.0003
770.0000 1.9997
771.0000 1.9995
772.0000 1.9998
773.0000 2.0000
774.0000 2.0001
775.0000 1.9999
776.0000 1.9997
777.0000 1.9996
778.0000 1.9997
779.0000 2.0001
780.0000 2.0003
781.0000 2.0000
782.0000 2.0000
783.0000 1.9999
784.0000 1.9997
785.0000 2.0000
786.0000 2.0002
787.0000 1.9999
788.0000 1.9998
789.0000 2.0001
790.0000 2.0001
791.0000 2.0003
792.0000 2.0000
793.0000 1.9998
794.0000 2.0000
795.0000 2.0000
796.0000 1.9998
797.0000 2.0002
798.0000 2.0001
799.0000 2.0000
800.0000 2.0000
801.0000 1.9999
802.0000 2.0001
803.0000 2.0002
804.0000 2.0001
805.0000 1.9999
806.0000 1.9998
807.0000 1.9999
808.0000 1.9999
809.0000 1.9998
810.0000 2.0000
811.0000 3.1123
812.0000 3.5791
813.0000 3.4362
814.0000 3.0445
815.0000 2.6471
816.0000 2.3385
817.0000 2.1307
818.0000 2.0056
819.0000 1.9394
820.0000 1.9130
821.0000 1.9113
822.0000 1.9234
823.0000 1.9417
824.0000 1.9612
825.0000 1.9783
826.0000 1.9918
827.0000 2.0010
828.0000 2.0069
829.0000 2.0099
830.0000 2.0105
831.0000 2.0094
832.0000 2.0078
833.0000 2.0059
834.0000 2.0043
835.0000 2.0030
836.0000 2.0019
837.0000 2.0011
838.0000 2.0003
839.0000 2.0000
840.0000 2.0000
841.0000 2.0002
842.0000 2.0004
843.0000 2.0003
844.0000 2.0004
845.0000 2.0005
846.0000 2.0003
847.0000 2.0001
848.0000 2.0001
849.0000 2.0003
850.0000 2.0001
851.0000 2.0001
852.0000 2.0005
853.0000 2.0004
854.0000 2.0000
855.0000 1.9998
856.0000 2.0000
857.0000 2.0002
858.0000 2.0001
859.0000 2.0000
860.0000 2.0000
861.0000 1.9997
862.0000 1.9998
863.0000 2.0000
864.0000 2.0002
865.0000 2.0003
866.0000 2.0000
867.0000 1.9998
868.0000 1.9999
869.0000 2.0001
870.0000 2.0002
871.0000 2.0002
872.0000 2.0003
873.0000 2.0001
874.0000 1.9999
875.0000 1.9998
876.0000 1.9999
877.0000 1.9997
878.0000 1.9997
879.0000 2.0000
880.0000 2.0000
881.0000 2.0000
882.0000 1.9998
883.0000 1.9998
884.0000 1.9999
885.0000 2.0000
886.0000 2.0001
887.0000 2.0001
888.0000 1.9999
889.0000 2.0000
890.0000 1.9999
891.0000 2.0000
892.0000 1.9999
893.0000 1.9998
894.0000 1.9999
895.0000 1.9999
896.0000 2.0000
897.0000 2.0001
898.0000 2.0000
899.0000 2.0001
900.0000 2.0001
901.0000 1.9998
902.0000 1.9997
903.0000 2.0000
904.0000 2.0003
905.0000 2.0002
906.0000 1.9999
907.0000 1.9999
908.0000 1.9999
909.0000 1.9998
910.0000 1.9997
