1.0000 0.0000
2.0000 0.0000
3.0000 0.0000
4.0000 0.0000
5.0000 0.0000
6.0000 0.0000
7.0000 0.0000
8.0000 0.0000
9.0000 0.0000
10.0000 0.0000
11.0000 0.0000
12.0000 0.0000
13.0000 0.0000
14.0000 0.0000
15.0000 0.0000
16.0000 0.0000
17.0000 0.0000
18.0000 0.0000
19.0000 0.0000
20.0000 0.0000
21.0000 0.0000
22.0000 0.0000
23.0000 0.0000
24.0000 0.0000
25.0000 0.0000
26.0000 0.0000
27.0000 0.0000
28.0000 0.0000
29.0000 0.0000
30.0000 0.0000
31.0000 0.0000
32.0000 0.0000
33.0000 0.0000
34.0000 0.0000
35.0000 0.0000
36.0000 0.0000
37.0000 0.0000
38.0000 0.0000
39.0000 0.0000
40.0000 0.0000
41.0000 0.0000
42.0000 0.0000
43.0000 0.0000
44.0000 0.0000
45.0000 0.0000
46.0000 0.0000
47.0000 0.0000
48.0000 0.0000
49.0000 0.0000
50.0000 0.0000
51.0000 0.0000
52.0000 0.0000
53.0000 0.0000
54.0000 0.0000
55.0000 0.0000
56.0000 0.0000
57.0000 0.0000
58.0000 0.0000
59.0000 0.0000
60.0000 0.0000
61.0000 0.0000
62.0000 0.0000
63.0000 0.0000
64.0000 0.0000
65.0000 0.0000
66.0000 0.0000
67.0000 0.0000
68.0000 0.0000
69.0000 0.0000
70.0000 0.0000
71.0000 0.0000
72.0000 0.0000
73.0000 0.0000
74.0000 0.0000
75.0000 0.0000
76.0000 0.0000
77.0000 0.0000
78.0000 0.0000
79.0000 0.0000
80.0000 0.0000
81.0000 0.0000
82.0000 0.0000
83.0000 0.0000
84.0000 0.0000
85.0000 0.0000
86.0000 0.0000
87.0000 0.0000
88.0000 0.0000
89.0000 0.0000
90.0000 0.0000
91.0000 0.0000
92.0000 0.0000
93.0000 0.0000
94.0000 0.0000
95.0000 0.0000
96.0000 0.0000
97.0000 0.0000
98.0000 0.0000
99.0000 0.0000
100.0000 0.0000
101.0000 0.0000
102.0000 0.0000
103.0000 0.0000
104.0000 0.0000
105.0000 0.0000
106.0000 0.0000
107.0000 0.0000
108.0000 0.0000
109.0000 0.0000
110.0000 0.0000
111.0000 0.0494
112.0000 0.0588
113.0000 0.0678
114.0000 0.0765
115.0000 0.0849
116.0000 0.0930
117.0000 0.1009
118.0000 0.1085
119.0000 0.1159
120.0000 0.1230
121.0000 0.1299
122.0000 0.1366
123.0000 0.1430
124.0000 0.1493
125.0000 0.1553
126.0000 0.1612
127.0000 0.1668
128.0000 0.1723
129.0000 0.1775
130.0000 0.1826
131.0000 0.1876
132.0000 0.1924
133.0000 0.1970
134.0000 0.2015
135.0000 0.2058
136.0000 0.2100
137.0000 0.2140
138.0000 0.2179
139.0000 0.2217
140.0000 0.2254
141.0000 0.2289
142.0000 0.2323
143.0000 0.2356
144.0000 0.2388
145.0000 0.2419
146.0000 0.2449
147.0000 0.2478
148.0000 0.2506
149.0000 0.2533
150.0000 0.2560
151.0000 0.2585
152.0000 0.2610
153.0000 0.2633
154.0000 0.2656
155.0000 0.2678
156.0000 0.2700
157.0000 0.2721
158.0000 0.2741
159.0000 0.2760
160.0000 0.2779
161.0000 0.2797
162.0000 0.2815
163.0000 0.2832
164.0000 0.2848
165.0000 0.2864
166.0000 0.2879
167.0000 0.2894
168.0000 0.2909
169.0000 0.2923
170.0000 0.2936
171.0000 0.2949
172.0000 0.2962
173.0000 0.2974
174.0000 0.2986
175.0000 0.2997
176.0000 0.3008
177.0000 0.3019
178.0000 0.3029
179.0000 0.3039
180.0000 0.3049
181.0000 0.3058
182.0000 0.3067
183.0000 0.3076
184.0000 0.3084
185.0000 0.3092
186.0000 0.3100
187.0000 0.3108
188.0000 0.3115
189.0000 0.3122
190.0000 0.3129
191.0000 0.3136
192.0000 0.3143
193.0000 0.3149
194.0000 0.3155
195.0000 0.3161
196.0000 0.3166
197.0000 0.3172
198.0000 0.3177
199.0000 0.3182
200.0000 0.3187
201.0000 0.3192
202.0000 0.3197
203.0000 0.3201
204.0000 0.3205
205.0000 0.3210
206.0000 0.3214
207.0000 0.3218
208.0000 0.3221
209.0000 0.3225
210.0000 0.3229
211.0000 0.3232
212.0000 0.3235
213.0000 0.3239
214.0000 0.3242
215.0000 0.3245
216.0000 0.3248
217.0000 0.3250
218.0000 0.3253
219.0000 0.3256
220.0000 0.3258
221.0000 0.3261
222.0000 0.3263
223.0000 0.3265
224.0000 0.3268
225.0000 0.3270
226.0000 0.3272
227.0000 0.3274
228.0000 0.3276
229.0000 0.3278
230.0000 0.3280
231.0000 0.3281
232.0000 0.3283
233.0000 0.3285
234.0000 0.3286
235.0000 0.3288
236.0000 0.3289
237.0000 0.3291
238.0000 0.3292
239.0000 0.3294
240.0000 0.3295
241.0000 0.3296
242.0000 0.3297
243.0000 0.3298
244.0000 0.3300
245.0000 0.3301
246.0000 0.3302
247.0000 0.3303
248.0000 0.3304
249.0000 0.3305
250.0000 0.3306
251.0000 0.3307
252.0000 0.3308
253.0000 0.3308
254.0000 0.3309
255.0000 0.3310
256.0000 0.3311
257.0000 0.3311
258.0000 0.3312
259.0000 0.3313
260.0000 0.3314
261.0000 0.3314
262.0000 0.3315
263.0000 0.3315
264.0000 0.3316
265.0000 0.3317
266.0000 0.3317
267.0000 0.3318
268.0000 0.3318
269.0000 0.3319
270.0000 0.3319
271.0000 0.3320
272.0000 0.3320
273.0000 0.3321
274.0000 0.3321
275.0000 0.3321
276.0000 0.3322
277.0000 0.3322
278.0000 0.3322
279.0000 0.3323
280.0000 0.3323
281.0000 0.3324
282.0000 0.3324
283.0000 0.3324
284.0000 0.3324
285.0000 0.3325
286.0000 0.3325
287.0000 0.3325
288.0000 0.3326
289.0000 0.3326
290.0000 0.3326
291.0000 0.3326
292.0000 0.3327
293.0000 0.3327
294.0000 0.3327
295.0000 0.3327
296.0000 0.3327
297.0000 0.3328
298.0000 0.3328
299.0000 0.3328
300.0000 0.3328
301.0000 0.3328
302.0000 0.3328
303.0000 0.3329
304.0000 0.3329
305.0000 0.3329
306.0000 0.3329
307.0000 0.3329
308.0000 0.3329
309.0000 0.3329
310.0000 0.3330
311.0000 0.3330
312.0000 0.3330
313.0000 0.3330
314.0000 0.3330
315.0000 0.3330
316.0000 0.3330
317.0000 0.3330
318.0000 0.3330
319.0000 0.3331
320.0000 0.3331
321.0000 0.3331
322.0000 0.3331
323.0000 0.3331
324.0000 0.3331
325.0000 0.3331
326.0000 0.3331
327.0000 0.3331
328.0000 0.3331
329.0000 0.3331
330.0000 0.3331
331.0000 0.3331
332.0000 0.3332
333.0000 0.3332
334.0000 0.3332
335.0000 0.3332
336.0000 0.3332
337.0000 0.3332
338.0000 0.3332
339.0000 0.3332
340.0000 0.3332
341.0000 0.3332
342.0000 0.3332
343.0000 0.3332
344.0000 0.3332
345.0000 0.3332
346.0000 0.3332
347.0000 0.3332
348.0000 0.3332
349.0000 0.3332
350.0000 0.3332
351.0000 0.3332
352.0000 0.3332
353.0000 0.3332
354.0000 0.3332
355.0000 0.3332
356.0000 0.3333
357.0000 0.3333
358.0000 0.3333
359.0000 0.3333
360.0000 0.3333
361.0000 0.3333
362.0000 0.3333
363.0000 0.3333
364.0000 0.3333
365.0000 0.3333
366.0000 0.3333
367.0000 0.3333
368.0000 0.3333
369.0000 0.3333
370.0000 0.3333
371.0000 0.3333
372.0000 0.3333
373.0000 0.3333
374.0000 0.3333
375.0000 0.3333
376.0000 0.3333
377.0000 0.3333
378.0000 0.3333
379.0000 0.3333
380.0000 0.3333
381.0000 0.3333
382.0000 0.3333
383.0000 0.3333
384.0000 0.3333
385.0000 0.3333
386.0000 0.3333
387.0000 0.3333
388.0000 0.3333
389.0000 0.3333
390.0000 0.3333
391.0000 0.3333
392.0000 0.3333
393.0000 0.3333
394.0000 0.3333
395.0000 0.3333
396.0000 0.3333
397.0000 0.3333
398.0000 0.3333
399.0000 0.3333
400.0000 0.3333
401.0000 0.3333
402.0000 0.3333
403.0000 0.3333
404.0000 0.3333
405.0000 0.3333
406.0000 0.3333
407.0000 0.3333
408.0000 0.3333
409.0000 0.3333
410.0000 0.3333
411.0000 0.2345
412.0000 0.2158
413.0000 0.1978
414.0000 0.1804
415.0000 0.1635
416.0000 0.1472
417.0000 0.1315
418.0000 0.1162
419.0000 0.1015
420.0000 0.0873
421.0000 0.0735
422.0000 0.0601
423.0000 0.0472
424.0000 0.0348
425.0000 0.0227
426.0000 0.0110
427.0000 -0.0003
428.0000 -0.0112
429.0000 -0.0218
430.0000 -0.0320
431.0000 -0.0419
432.0000 -0.0514
433.0000 -0.0606
434.0000 -0.0696
435.0000 -0.0782
436.0000 -0.0866
437.0000 -0.0947
438.0000 -0.1025
439.0000 -0.1101
440.0000 -0.1174
441.0000 -0.1245
442.0000 -0.1313
443.0000 -0.1379
444.0000 -0.1444
445.0000 -0.1505
446.0000 -0.1565
447.0000 -0.1623
448.0000 -0.1679
449.0000 -0.1734
450.0000 -0.1786
451.0000 -0.1837
452.0000 -0.1886
453.0000 -0.1933
454.0000 -0.1979
455.0000 -0.2024
456.0000 -0.2067
457.0000 -0.2108
458.0000 -0.2148
459.0000 -0.2187
460.0000 -0.2225
461.0000 -0.2261
462.0000 -0.2296
463.0000 -0.2330
464.0000 -0.2363
465.0000 -0.2395
466.0000 -0.2426
467.0000 -0.2455
468.0000 -0.2484
469.0000 -0.2512
470.0000 -0.2539
471.0000 -0.2565
472.0000 -0.2590
473.0000 -0.2615
474.0000 -0.2638
475.0000 -0.2661
476.0000 -0.2683
477.0000 -0.2704
478.0000 -0.2725
479.0000 -0.2745
480.0000 -0.2764
481.0000 -0.2783
482.0000 -0.2801
483.0000 -0.2818
484.0000 -0.2835
485.0000 -0.2852
486.0000 -0.2867
487.0000 -0.2883
488.0000 -0.2897
489.0000 -0.2912
490.0000 -0.2925
491.0000 -0.2939
492.0000 -0.2952
493.0000 -0.2964
494.0000 -0.2976
495.0000 -0.2988
496.0000 -0.2999
497.0000 -0.3010
498.0000 -0.3021
499.0000 -0.3031
500.0000 -0.3041
501.0000 -0.3051
502.0000 -0.3060
503.0000 -0.3069
504.0000 -0.3078
505.0000 -0.3086
506.0000 -0.3094
507.0000 -0.3102
508.0000 -0.3110
509.0000 -0.3117
510.0000 -0.3124
511.0000 -0.3131
512.0000 -0.3137
513.0000 -0.3144
514.0000 -0.3150
515.0000 -0.3156
516.0000 -0.3162
517.0000 -0.3168
518.0000 -0.3173
519.0000 -0.3178
520.0000 -0.3183
521.0000 -0.3188
522.0000 -0.3193
523.0000 -0.3198
524.0000 -0.3202
525.0000 -0.3206
526.0000 -0.3210
527.0000 -0.3215
528.0000 -0.3218
529.0000 -0.3222
530.0000 -0.3226
531.0000 -0.3229
532.0000 -0.3233
533.0000 -0.3236
534.0000 -0.3239
535.0000 -0.3242
536.0000 -0.3245
537.0000 -0.3248
538.0000 -0.3251
539.0000 -0.3254
540.0000 -0.3256
541.0000 -0.3259
542.0000 -0.3261
543.0000 -0.3264
544.0000 -0.3266
545.0000 -0.3268
546.0000 -0.3270
547.0000 -0.3272
548.0000 -0.3274
549.0000 -0.3276
550.0000 -0.3278
551.0000 -0.3280
552.0000 -0.3282
553.0000 -0.3283
554.0000 -0.3285
555.0000 -0.3287
556.0000 -0.3288
557.0000 -0.3290
558.0000 -0.3291
559.0000 -0.3292
560.0000 -0.3294
561.0000 -0.3295
562.0000 -0.3296
563.0000 -0.3298
564.0000 -0.3299
565.0000 -0.3300
566.0000 -0.3301
567.0000 -0.3302
568.0000 -0.3303
569.0000 -0.3304
570.0000 -0.3305
571.0000 -0.3306
572.0000 -0.3307
573.0000 -0.3308
574.0000 -0.3309
575.0000 -0.3309
576.0000 -0.3310
577.0000 -0.3311
578.0000 -0.3312
579.0000 -0.3312
580.0000 -0.3313
581.0000 -0.3314
582.0000 -0.3314
583.0000 -0.3315
584.0000 -0.3316
585.0000 -0.3316
586.0000 -0.3317
587.0000 -0.3317
588.0000 -0.3318
589.0000 -0.3318
590.0000 -0.3319
591.0000 -0.3319
592.0000 -0.3320
593.0000 -0.3320
594.0000 -0.3321
595.0000 -0.3321
596.0000 -0.3321
597.0000 -0.3322
598.0000 -0.3322
599.0000 -0.3323
600.0000 -0.3323
601.0000 -0.3323
602.0000 -0.3324
603.0000 -0.3324
604.0000 -0.3324
605.0000 -0.3325
606.0000 -0.3325
607.0000 -0.3325
608.0000 -0.3325
609.0000 -0.3326
610.0000 -0.3326
611.0000 -0.3326
612.0000 -0.3326
613.0000 -0.3327
614.0000 -0.3327
615.0000 -0.3327
616.0000 -0.3327
617.0000 -0.3327
618.0000 -0.3328
619.0000 -0.3328
620.0000 -0.3328
621.0000 -0.3328
622.0000 -0.3328
623.0000 -0.3328
624.0000 -0.3329
625.0000 -0.3329
626.0000 -0.3329
627.0000 -0.3329
628.0000 -0.3329
629.0000 -0.3329
630.0000 -0.3329
631.0000 -0.3330
632.0000 -0.3330
633.0000 -0.3330
634.0000 -0.3330
635.0000 -0.3330
636.0000 -0.3330
637.0000 -0.3330
638.0000 -0.3330
639.0000 -0.3330
640.0000 -0.3331
641.0000 -0.3331
642.0000 -0.3331
643.0000 -0.3331
644.0000 -0.3331
645.0000 -0.3331
646.0000 -0.3331
647.0000 -0.3331
648.0000 -0.3331
649.0000 -0.3331
650.0000 -0.3331
651.0000 -0.3331
652.0000 -0.3331
653.0000 -0.3332
654.0000 -0.3332
655.0000 -0.3332
656.0000 -0.3332
657.0000 -0.3332
658.0000 -0.3332
659.0000 -0.3332
660.0000 -0.3332
661.0000 -0.3332
662.0000 -0.3332
663.0000 -0.3332
664.0000 -0.3332
665.0000 -0.3332
666.0000 -0.3332
667.0000 -0.3332
668.0000 -0.3332
669.0000 -0.3332
670.0000 -0.3332
671.0000 -0.3332
672.0000 -0.3332
673.0000 -0.3332
674.0000 -0.3332
675.0000 -0.3332
676.0000 -0.3333
677.0000 -0.3333
678.0000 -0.3333
679.0000 -0.3333
680.0000 -0.3333
681.0000 -0.3333
682.0000 -0.3333
683.0000 -0.3333
684.0000 -0.3333
685.0000 -0.3333
686.0000 -0.3333
687.0000 -0.3333
688.0000 -0.3333
689.0000 -0.3333
690.0000 -0.3333
691.0000 -0.3333
692.0000 -0.3333
693.0000 -0.3333
694.0000 -0.3333
695.0000 -0.3333
696.0000 -0.3333
697.0000 -0.3333
698.0000 -0.3333
699.0000 -0.3333
700.0000 -0.3333
701.0000 -0.3333
702.0000 -0.3333
703.0000 -0.3333
704.0000 -0.3333
705.0000 -0.3333
706.0000 -0.3333
707.0000 -0.3333
708.0000 -0.3333
709.0000 -0.3333
710.0000 -0.3333
711.0000 -0.1850
712.0000 -0.1570
713.0000 -0.1300
714.0000 -0.1039
715.0000 -0.0786
716.0000 -0.0542
717.0000 -0.0306
718.0000 -0.0077
719.0000 0.0144
720.0000 0.0358
721.0000 0.0565
722.0000 0.0765
723.0000 0.0958
724.0000 0.1145
725.0000 0.1326
726.0000 0.1502
727.0000 0.1671
728.0000 0.1835
729.0000 0.1993
730.0000 0.2146
731.0000 0.2294
732.0000 0.2438
733.0000 0.2576
734.0000 0.2711
735.0000 0.2840
736.0000 0.2966
737.0000 0.3087
738.0000 0.3204
739.0000 0.3318
740.0000 0.3428
741.0000 0.3534
742.0000 0.3637
743.0000 0.3736
744.0000 0.3832
745.0000 0.3925
746.0000 0.4015
747.0000 0.4102
748.0000 0.4186
749.0000 0.4267
750.0000 0.4346
751.0000 0.4422
752.0000 0.4495
753.0000 0.4567
754.0000 0.4636
755.0000 0.4702
756.0000 0.4767
757.0000 0.4829
758.0000 0.4889
759.0000 0.4947
760.0000 0.5004
761.0000 0.5058
762.0000 0.5111
763.0000 0.5162
764.0000 0.5211
765.0000 0.5259
766.0000 0.5305
767.0000 0.5350
768.0000 0.5393
769.0000 0.5435
770.0000 0.5475
771.0000 0.5514
772.0000 0.5552
773.0000 0.5588
774.0000 0.5624
775.0000 0.5658
776.0000 0.5691
777.0000 0.5723
778.0000 0.5754
779.0000 0.5784
780.0000 0.5813
781.0000 0.5841
782.0000 0.5868
783.0000 0.5894
784.0000 0.5919
785.0000 0.5944
786.0000 0.5968
787.0000 0.5991
788.0000 0.6013
789.0000 0.6034
790.0000 0.6055
791.0000 0.6075
792.0000 0.6094
793.0000 0.6113
794.0000 0.6131
795.0000 0.6149
796.0000 0.6166
797.0000 0.6182
798.0000 0.6198
799.0000 0.6213
800.0000 0.6228
801.0000 0.6243
802.0000 0.6257
803.0000 0.6270
804.0000 0.6283
805.0000 0.6296
806.0000 0.6308
807.0000 0.6320
808.0000 0.6331
809.0000 0.6342
810.0000 0.6353
811.0000 0.6363
812.0000 0.6373
813.0000 0.6382
814.0000 0.6392
815.0000 0.6401
816.0000 0.6410
817.0000 0.6418
818.0000 0.6426
819.0000 0.6434
820.0000 0.6442
821.0000 0.6449
822.0000 0.6456
823.0000 0.6463
824.0000 0.6470
825.0000 0.6476
826.0000 0.6482
827.0000 0.6488
828.0000 0.6494
829.0000 0.6500
830.0000 0.6505
831.0000 0.6511
832.0000 0.6516
833.0000 0.6521
834.0000 0.6526
835.0000 0.6530
836.0000 0.6535
837.0000 0.6539
838.0000 0.6543
839.0000 0.6547
840.0000 0.6551
841.0000 0.6555
842.0000 0.6559
843.0000 0.6562
844.0000 0.6566
845.0000 0.6569
846.0000 0.6572
847.0000 0.6575
848.0000 0.6578
849.0000 0.6581
850.0000 0.6584
851.0000 0.6587
852.0000 0.6589
853.0000 0.6592
854.0000 0.6594
855.0000 0.6597
856.0000 0.6599
857.0000 0.6601
858.0000 0.6603
859.0000 0.6605
860.0000 0.6607
861.0000 0.6609
862.0000 0.6611
863.0000 0.6613
864.0000 0.6615
865.0000 0.6616
866.0000 0.6618
867.0000 0.6620
868.0000 0.6621
869.0000 0.6623
870.0000 0.6624
871.0000 0.6626
872.0000 0.6627
873.0000 0.6628
874.0000 0.6629
875.0000 0.6631
876.0000 0.6632
877.0000 0.6633
878.0000 0.6634
879.0000 0.6635
880.0000 0.6636
881.0000 0.6637
882.0000 0.6638
883.0000 0.6639
884.0000 0.6640
885.0000 0.6641
886.0000 0.6642
887.0000 0.6643
888.0000 0.6643
889.0000 0.6644
890.0000 0.6645
891.0000 0.6646
892.0000 0.6646
893.0000 0.6647
894.0000 0.6648
895.0000 0.6648
896.0000 0.6649
897.0000 0.6649
898.0000 0.6650
899.0000 0.6650
900.0000 0.6651
901.0000 0.6652
902.0000 0.6652
903.0000 0.6653
904.0000 0.6653
905.0000 0.6653
906.0000 0.6654
907.0000 0.6654
908.0000 0.6655
909.0000 0.6655
910.0000 0.6655
