1.0000 0.0000
2.0000 0.0000
3.0000 0.0000
4.0000 0.0000
5.0000 0.0000
6.0000 0.0000
7.0000 0.0000
8.0000 0.0000
9.0000 0.0000
10.0000 0.0000
11.0000 0.0000
12.0000 0.0000
13.0000 0.0000
14.0000 0.0000
15.0000 0.0000
16.0000 0.0000
17.0000 0.0000
18.0000 0.0000
19.0000 0.0000
20.0000 0.0000
21.0000 0.0000
22.0000 0.0000
23.0000 0.0000
24.0000 0.0000
25.0000 0.0000
26.0000 0.0000
27.0000 0.0000
28.0000 0.0000
29.0000 0.0000
30.0000 0.0000
31.0000 0.0000
32.0000 0.0000
33.0000 0.0000
34.0000 0.0000
35.0000 0.0000
36.0000 0.0000
37.0000 0.0000
38.0000 0.0000
39.0000 0.0000
40.0000 0.0000
41.0000 0.0000
42.0000 0.0000
43.0000 0.0000
44.0000 0.0000
45.0000 0.0000
46.0000 0.0000
47.0000 0.0000
48.0000 0.0000
49.0000 0.0000
50.0000 0.0000
51.0000 0.0000
52.0000 0.0000
53.0000 0.0000
54.0000 0.0000
55.0000 0.0000
56.0000 0.0000
57.0000 0.0000
58.0000 0.0000
59.0000 0.0000
60.0000 0.0000
61.0000 0.0000
62.0000 0.0000
63.0000 0.0000
64.0000 0.0000
65.0000 0.0000
66.0000 0.0000
67.0000 0.0000
68.0000 0.0000
69.0000 0.0000
70.0000 0.0000
71.0000 0.0000
72.0000 0.0000
73.0000 0.0000
74.0000 0.0000
75.0000 0.0000
76.0000 0.0000
77.0000 0.0000
78.0000 0.0000
79.0000 0.0000
80.0000 0.0000
81.0000 0.0000
82.0000 0.0000
83.0000 0.0000
84.0000 0.0000
85.0000 0.0000
86.0000 0.0000
87.0000 0.0000
88.0000 0.0000
89.0000 0.0000
90.0000 0.0000
91.0000 0.0000
92.0000 0.0000
93.0000 0.0000
94.0000 0.0000
95.0000 0.0000
96.0000 0.0000
97.0000 0.0000
98.0000 0.0000
99.0000 0.0000
100.0000 0.0000
101.0000 0.0000
102.0000 0.0000
103.0000 0.0000
104.0000 0.0000
105.0000 0.0000
106.0000 0.0000
107.0000 0.0000
108.0000 0.0000
109.0000 0.0000
110.0000 0.0000
111.0000 0.0450
112.0000 0.0497
113.0000 0.0579
114.0000 0.0656
115.0000 0.0731
116.0000 0.0804
117.0000 0.0875
118.0000 0.0944
119.0000 0.1011
120.0000 0.1077
121.0000 0.1141
122.0000 0.1203
123.0000 0.1263
124.0000 0.1322
125.0000 0.1380
126.0000 0.1435
127.0000 0.1490
128.0000 0.1543
129.0000 0.1594
130.0000 0.1644
131.0000 0.1693
132.0000 0.1740
133.0000 0.1786
134.0000 0.1831
135.0000 0.1875
136.0000 0.1917
137.0000 0.1959
138.0000 0.1999
139.0000 0.2038
140.0000 0.2075
141.0000 0.2112
142.0000 0.2148
143.0000 0.2183
144.0000 0.2217
145.0000 0.2250
146.0000 0.2282
147.0000 0.2313
148.0000 0.2343
149.0000 0.2372
150.0000 0.2401
151.0000 0.2428
152.0000 0.2455
153.0000 0.2481
154.0000 0.2507
155.0000 0.2531
156.0000 0.2555
157.0000 0.2579
158.0000 0.2601
159.0000 0.2623
160.0000 0.2644
161.0000 0.2665
162.0000 0.2685
163.0000 0.2705
164.0000 0.2723
165.0000 0.2742
166.0000 0.2760
167.0000 0.2777
168.0000 0.2794
169.0000 0.2810
170.0000 0.2826
171.0000 0.2841
172.0000 0.2856
173.0000 0.2871
174.0000 0.2885
175.0000 0.2898
176.0000 0.2912
177.0000 0.2924
178.0000 0.2937
179.0000 0.2949
180.0000 0.2961
181.0000 0.2972
182.0000 0.2983
183.0000 0.2994
184.0000 0.3004
185.0000 0.3014
186.0000 0.3024
187.0000 0.3034
188.0000 0.3043
189.0000 0.3052
190.0000 0.3060
191.0000 0.3069
192.0000 0.3077
193.0000 0.3085
194.0000 0.3093
195.0000 0.3100
196.0000 0.3107
197.0000 0.3114
198.0000 0.3121
199.0000 0.3127
200.0000 0.3134
201.0000 0.3140
202.0000 0.3146
203.0000 0.3152
204.0000 0.3157
205.0000 0.3163
206.0000 0.3168
207.0000 0.3173
208.0000 0.3178
209.0000 0.3183
210.0000 0.3188
211.0000 0.3192
212.0000 0.3197
213.0000 0.3201
214.0000 0.3205
215.0000 0.3209
216.0000 0.3213
217.0000 0.3217
218.0000 0.3220
219.0000 0.3224
220.0000 0.3227
221.0000 0.3231
222.0000 0.3234
223.0000 0.3237
224.0000 0.3240
225.0000 0.3243
226.0000 0.3246
227.0000 0.3249
228.0000 0.3251
229.0000 0.3254
230.0000 0.3256
231.0000 0.3259
232.0000 0.3261
233.0000 0.3263
234.0000 0.3266
235.0000 0.3268
236.0000 0.3270
237.0000 0.3272
238.0000 0.3274
239.0000 0.3276
240.0000 0.3277
241.0000 0.3279
242.0000 0.3281
243.0000 0.3282
244.0000 0.3284
245.0000 0.3286
246.0000 0.3287
247.0000 0.3289
248.0000 0.3290
249.0000 0.3291
250.0000 0.3293
251.0000 0.3294
252.0000 0.3295
253.0000 0.3296
254.0000 0.3298
255.0000 0.3299
256.0000 0.3300
257.0000 0.3301
258.0000 0.3302
259.0000 0.3303
260.0000 0.3304
261.0000 0.3305
262.0000 0.3306
263.0000 0.3307
264.0000 0.3307
265.0000 0.3308
266.0000 0.3309
267.0000 0.3310
268.0000 0.3311
269.0000 0.3311
270.0000 0.3312
271.0000 0.3313
272.0000 0.3313
273.0000 0.3314
274.0000 0.3315
275.0000 0.3315
276.0000 0.3316
277.0000 0.3316
278.0000 0.3317
279.0000 0.3317
280.0000 0.3318
281.0000 0.3318
282.0000 0.3319
283.0000 0.3319
284.0000 0.3320
285.0000 0.3320
286.0000 0.3321
287.0000 0.3321
288.0000 0.3321
289.0000 0.3322
290.0000 0.3322
291.0000 0.3323
292.0000 0.3323
293.0000 0.3323
294.0000 0.3324
295.0000 0.3324
296.0000 0.3324
297.0000 0.3324
298.0000 0.3325
299.0000 0.3325
300.0000 0.3325
301.0000 0.3326
302.0000 0.3326
303.0000 0.3326
304.0000 0.3326
305.0000 0.3327
306.0000 0.3327
307.0000 0.3327
308.0000 0.3327
309.0000 0.3327
310.0000 0.3328
311.0000 0.3328
312.0000 0.3328
313.0000 0.3328
314.0000 0.3328
315.0000 0.3328
316.0000 0.3329
317.0000 0.3329
318.0000 0.3329
319.0000 0.3329
320.0000 0.3329
321.0000 0.3329
322.0000 0.3329
323.0000 0.3330
324.0000 0.3330
325.0000 0.3330
326.0000 0.3330
327.0000 0.3330
328.0000 0.3330
329.0000 0.3330
330.0000 0.3330
331.0000 0.3330
332.0000 0.3331
333.0000 0.3331
334.0000 0.3331
335.0000 0.3331
336.0000 0.3331
337.0000 0.3331
338.0000 0.3331
339.0000 0.3331
340.0000 0.3331
341.0000 0.3331
342.0000 0.3331
343.0000 0.3331
344.0000 0.3331
345.0000 0.3331
346.0000 0.3332
347.0000 0.3332
348.0000 0.3332
349.0000 0.3332
350.0000 0.3332
351.0000 0.3332
352.0000 0.3332
353.0000 0.3332
354.0000 0.3332
355.0000 0.3332
356.0000 0.3332
357.0000 0.3332
358.0000 0.3332
359.0000 0.3332
360.0000 0.3332
361.0000 0.3332
362.0000 0.3332
363.0000 0.3332
364.0000 0.3332
365.0000 0.3332
366.0000 0.3332
367.0000 0.3332
368.0000 0.3332
369.0000 0.3332
370.0000 0.3333
371.0000 0.3333
372.0000 0.3333
373.0000 0.3333
374.0000 0.3333
375.0000 0.3333
376.0000 0.3333
377.0000 0.3333
378.0000 0.3333
379.0000 0.3333
380.0000 0.3333
381.0000 0.3333
382.0000 0.3333
383.0000 0.3333
384.0000 0.3333
385.0000 0.3333
386.0000 0.3333
387.0000 0.3333
388.0000 0.3333
389.0000 0.3333
390.0000 0.3333
391.0000 0.3333
392.0000 0.3333
393.0000 0.3333
394.0000 0.3333
395.0000 0.3333
396.0000 0.3333
397.0000 0.3333
398.0000 0.3333
399.0000 0.3333
400.0000 0.3333
401.0000 0.3333
402.0000 0.3333
403.0000 0.3333
404.0000 0.3333
405.0000 0.3333
406.0000 0.3333
407.0000 0.3333
408.0000 0.3333
409.0000 0.3333
410.0000 0.3333
411.0000 0.2432
412.0000 0.2338
413.0000 0.2175
414.0000 0.2022
415.0000 0.1872
416.0000 0.1726
417.0000 0.1584
418.0000 0.1446
419.0000 0.1311
420.0000 0.1180
421.0000 0.1052
422.0000 0.0928
423.0000 0.0807
424.0000 0.0689
425.0000 0.0574
426.0000 0.0462
427.0000 0.0354
428.0000 0.0248
429.0000 0.0145
430.0000 0.0045
431.0000 -0.0053
432.0000 -0.0147
433.0000 -0.0240
434.0000 -0.0329
435.0000 -0.0417
436.0000 -0.0501
437.0000 -0.0584
438.0000 -0.0664
439.0000 -0.0742
440.0000 -0.0818
441.0000 -0.0891
442.0000 -0.0963
443.0000 -0.1033
444.0000 -0.1100
445.0000 -0.1166
446.0000 -0.1230
447.0000 -0.1292
448.0000 -0.1352
449.0000 -0.1411
450.0000 -0.1468
451.0000 -0.1523
452.0000 -0.1577
453.0000 -0.1629
454.0000 -0.1680
455.0000 -0.1729
456.0000 -0.1777
457.0000 -0.1824
458.0000 -0.1869
459.0000 -0.1913
460.0000 -0.1955
461.0000 -0.1997
462.0000 -0.2037
463.0000 -0.2076
464.0000 -0.2114
465.0000 -0.2150
466.0000 -0.2186
467.0000 -0.2221
468.0000 -0.2254
469.0000 -0.2287
470.0000 -0.2319
471.0000 -0.2349
472.0000 -0.2379
473.0000 -0.2408
474.0000 -0.2436
475.0000 -0.2463
476.0000 -0.2490
477.0000 -0.2516
478.0000 -0.2541
479.0000 -0.2565
480.0000 -0.2588
481.0000 -0.2611
482.0000 -0.2633
483.0000 -0.2654
484.0000 -0.2675
485.0000 -0.2695
486.0000 -0.2715
487.0000 -0.2734
488.0000 -0.2752
489.0000 -0.2770
490.0000 -0.2788
491.0000 -0.2804
492.0000 -0.2821
493.0000 -0.2836
494.0000 -0.2852
495.0000 -0.2867
496.0000 -0.2881
497.0000 -0.2895
498.0000 -0.2909
499.0000 -0.2922
500.0000 -0.2934
501.0000 -0.2947
502.0000 -0.2959
503.0000 -0.2970
504.0000 -0.2982
505.0000 -0.2993
506.0000 -0.3003
507.0000 -0.3013
508.0000 -0.3023
509.0000 -0.3033
510.0000 -0.3042
511.0000 -0.3051
512.0000 -0.3060
513.0000 -0.3069
514.0000 -0.3077
515.0000 -0.3085
516.0000 -0.3093
517.0000 -0.3100
518.0000 -0.3107
519.0000 -0.3115
520.0000 -0.3121
521.0000 -0.3128
522.0000 -0.3134
523.0000 -0.3141
524.0000 -0.3147
525.0000 -0.3153
526.0000 -0.3158
527.0000 -0.3164
528.0000 -0.3169
529.0000 -0.3174
530.0000 -0.3179
531.0000 -0.3184
532.0000 -0.3189
533.0000 -0.3193
534.0000 -0.3198
535.0000 -0.3202
536.0000 -0.3206
537.0000 -0.3210
538.0000 -0.3214
539.0000 -0.3218
540.0000 -0.3221
541.0000 -0.3225
542.0000 -0.3228
543.0000 -0.3232
544.0000 -0.3235
545.0000 -0.3238
546.0000 -0.3241
547.0000 -0.3244
548.0000 -0.3247
549.0000 -0.3249
550.0000 -0.3252
551.0000 -0.3255
552.0000 -0.3257
553.0000 -0.3260
554.0000 -0.3262
555.0000 -0.3264
556.0000 -0.3266
557.0000 -0.3269
558.0000 -0.3271
559.0000 -0.3273
560.0000 -0.3275
561.0000 -0.3276
562.0000 -0.3278
563.0000 -0.3280
564.0000 -0.3282
565.0000 -0.3283
566.0000 -0.3285
567.0000 -0.3286
568.0000 -0.3288
569.0000 -0.3289
570.0000 -0.3291
571.0000 -0.3292
572.0000 -0.3293
573.0000 -0.3295
574.0000 -0.3296
575.0000 -0.3297
576.0000 -0.3298
577.0000 -0.3299
578.0000 -0.3300
579.0000 -0.3302
580.0000 -0.3303
581.0000 -0.3304
582.0000 -0.3304
583.0000 -0.3305
584.0000 -0.3306
585.0000 -0.3307
586.0000 -0.3308
587.0000 -0.3309
588.0000 -0.3310
589.0000 -0.3310
590.0000 -0.3311
591.0000 -0.3312
592.0000 -0.3312
593.0000 -0.3313
594.0000 -0.3314
595.0000 -0.3314
596.0000 -0.3315
597.0000 -0.3316
598.0000 -0.3316
599.0000 -0.3317
600.0000 -0.3317
601.0000 -0.3318
602.0000 -0.3318
603.0000 -0.3319
604.0000 -0.3319
605.0000 -0.3320
606.0000 -0.3320
607.0000 -0.3321
608.0000 -0.3321
609.0000 -0.3321
610.0000 -0.3322
611.0000 -0.3322
612.0000 -0.3322
613.0000 -0.3323
614.0000 -0.3323
615.0000 -0.3323
616.0000 -0.3324
617.0000 -0.3324
618.0000 -0.3324
619.0000 -0.3325
620.0000 -0.3325
621.0000 -0.3325
622.0000 -0.3326
623.0000 -0.3326
624.0000 -0.3326
625.0000 -0.3326
626.0000 -0.3326
627.0000 -0.3327
628.0000 -0.3327
629.0000 -0.3327
630.0000 -0.3327
631.0000 -0.3328
632.0000 -0.3328
633.0000 -0.3328
634.0000 -0.3328
635.0000 -0.3328
636.0000 -0.3328
637.0000 -0.3329
638.0000 -0.3329
639.0000 -0.3329
640.0000 -0.3329
641.0000 -0.3329
642.0000 -0.3329
643.0000 -0.3329
644.0000 -0.3330
645.0000 -0.3330
646.0000 -0.3330
647.0000 -0.3330
648.0000 -0.3330
649.0000 -0.3330
650.0000 -0.3330
651.0000 -0.3330
652.0000 -0.3330
653.0000 -0.3331
654.0000 -0.3331
655.0000 -0.3331
656.0000 -0.3331
657.0000 -0.3331
658.0000 -0.3331
659.0000 -0.3331
660.0000 -0.3331
661.0000 -0.3331
662.0000 -0.3331
663.0000 -0.3331
664.0000 -0.3331
665.0000 -0.3331
666.0000 -0.3331
667.0000 -0.3332
668.0000 -0.3332
669.0000 -0.3332
670.0000 -0.3332
671.0000 -0.3332
672.0000 -0.3332
673.0000 -0.3332
674.0000 -0.3332
675.0000 -0.3332
676.0000 -0.3332
677.0000 -0.3332
678.0000 -0.3332
679.0000 -0.3332
680.0000 -0.3332
681.0000 -0.3332
682.0000 -0.3332
683.0000 -0.3332
684.0000 -0.3332
685.0000 -0.3332
686.0000 -0.3332
687.0000 -0.3332
688.0000 -0.3332
689.0000 -0.3332
690.0000 -0.3332
691.0000 -0.3333
692.0000 -0.3333
693.0000 -0.3333
694.0000 -0.3333
695.0000 -0.3333
696.0000 -0.3333
697.0000 -0.3333
698.0000 -0.3333
699.0000 -0.3333
700.0000 -0.3333
701.0000 -0.3333
702.0000 -0.3333
703.0000 -0.3333
704.0000 -0.3333
705.0000 -0.3333
706.0000 -0.3333
707.0000 -0.3333
708.0000 -0.3333
709.0000 -0.3333
710.0000 -0.3333
711.0000 -0.1982
712.0000 -0.1841
713.0000 -0.1595
714.0000 -0.1366
715.0000 -0.1141
716.0000 -0.0922
717.0000 -0.0709
718.0000 -0.0502
719.0000 -0.0300
720.0000 -0.0103
721.0000 0.0089
722.0000 0.0275
723.0000 0.0457
724.0000 0.0634
725.0000 0.0806
726.0000 0.0973
727.0000 0.1136
728.0000 0.1295
729.0000 0.1449
730.0000 0.1600
731.0000 0.1746
732.0000 0.1888
733.0000 0.2026
734.0000 0.2161
735.0000 0.2291
736.0000 0.2419
737.0000 0.2542
738.0000 0.2663
739.0000 0.2780
740.0000 0.2893
741.0000 0.3004
742.0000 0.3111
743.0000 0.3216
744.0000 0.3317
745.0000 0.3416
746.0000 0.3512
747.0000 0.3605
748.0000 0.3695
749.0000 0.3783
750.0000 0.3869
751.0000 0.3952
752.0000 0.4032
753.0000 0.4111
754.0000 0.4187
755.0000 0.4261
756.0000 0.4333
757.0000 0.4402
758.0000 0.4470
759.0000 0.4536
760.0000 0.4600
761.0000 0.4662
762.0000 0.4722
763.0000 0.4780
764.0000 0.4837
765.0000 0.4892
766.0000 0.4946
767.0000 0.4998
768.0000 0.5048
769.0000 0.5097
770.0000 0.5145
771.0000 0.5191
772.0000 0.5235
773.0000 0.5279
774.0000 0.5321
775.0000 0.5362
776.0000 0.5402
777.0000 0.5440
778.0000 0.5478
779.0000 0.5514
780.0000 0.5549
781.0000 0.5583
782.0000 0.5616
783.0000 0.5648
784.0000 0.5680
785.0000 0.5710
786.0000 0.5739
787.0000 0.5768
788.0000 0.5795
789.0000 0.5822
790.0000 0.5848
791.0000 0.5873
792.0000 0.5898
793.0000 0.5921
794.0000 0.5944
795.0000 0.5967
796.0000 0.5988
797.0000 0.6009
798.0000 0.6029
799.0000 0.6049
800.0000 0.6068
801.0000 0.6087
802.0000 0.6105
803.0000 0.6122
804.0000 0.6139
805.0000 0.6155
806.0000 0.6171
807.0000 0.6187
808.0000 0.6202
809.0000 0.6216
810.0000 0.6230
811.0000 0.6244
812.0000 0.6257
813.0000 0.6270
814.0000 0.6282
815.0000 0.6294
816.0000 0.6306
817.0000 0.6317
818.0000 0.6328
819.0000 0.6338
820.0000 0.6349
821.0000 0.6359
822.0000 0.6368
823.0000 0.6378
824.0000 0.6387
825.0000 0.6395
826.0000 0.6404
827.0000 0.6412
828.0000 0.6420
829.0000 0.6428
830.0000 0.6435
831.0000 0.6443
832.0000 0.6450
833.0000 0.6457
834.0000 0.6463
835.0000 0.6470
836.0000 0.6476
837.0000 0.6482
838.0000 0.6488
839.0000 0.6493
840.0000 0.6499
841.0000 0.6504
842.0000 0.6509
843.0000 0.6514
844.0000 0.6519
845.0000 0.6524
846.0000 0.6528
847.0000 0.6533
848.0000 0.6537
849.0000 0.6541
850.0000 0.6545
851.0000 0.6549
852.0000 0.6552
853.0000 0.6556
854.0000 0.6560
855.0000 0.6563
856.0000 0.6566
857.0000 0.6569
858.0000 0.6573
859.0000 0.6576
860.0000 0.6578
861.0000 0.6581
862.0000 0.6584
863.0000 0.6587
864.0000 0.6589
865.0000 0.6592
866.0000 0.6594
867.0000 0.6596
868.0000 0.6599
869.0000 0.6601
870.0000 0.6603
871.0000 0.6605
872.0000 0.6607
873.0000 0.6609
874.0000 0.6611
875.0000 0.6612
876.0000 0.6614
877.0000 0.6616
878.0000 0.6617
879.0000 0.6619
880.0000 0.6620
881.0000 0.6622
882.0000 0.6623
883.0000 0.6625
884.0000 0.6626
885.0000 0.6627
886.0000 0.6629
887.0000 0.6630
888.0000 0.6631
889.0000 0.6632
890.0000 0.6633
891.0000 0.6634
892.0000 0.6635
893.0000 0.6636
894.0000 0.6637
895.0000 0.6638
896.0000 0.6639
897.0000 0.6640
898.0000 0.6641
899.0000 0.6642
900.0000 0.6643
901.0000 0.6643
902.0000 0.6644
903.0000 0.6645
904.0000 0.6646
905.0000 0.6646
906.0000 0.6647
907.0000 0.6647
908.0000 0.6648
909.0000 0.6649
910.0000 0.6649
