1.0000 0.0000
2.0000 0.0000
3.0000 0.0000
4.0000 0.0000
5.0000 0.0000
6.0000 0.0000
7.0000 0.0000
8.0000 0.0000
9.0000 0.0000
10.0000 0.0000
11.0000 0.0000
12.0000 0.0000
13.0000 0.0000
14.0000 0.0000
15.0000 0.0000
16.0000 0.0000
17.0000 0.0000
18.0000 0.0000
19.0000 0.0000
20.0000 0.0000
21.0000 0.0000
22.0000 0.0000
23.0000 0.0000
24.0000 0.0000
25.0000 0.0000
26.0000 0.0000
27.0000 0.0000
28.0000 0.0000
29.0000 0.0000
30.0000 0.0000
31.0000 0.0000
32.0000 0.0000
33.0000 0.0000
34.0000 0.0000
35.0000 0.0000
36.0000 0.0000
37.0000 0.0000
38.0000 0.0000
39.0000 0.0000
40.0000 0.0000
41.0000 0.0000
42.0000 0.0000
43.0000 0.0000
44.0000 0.0000
45.0000 0.0000
46.0000 0.0000
47.0000 0.0000
48.0000 0.0000
49.0000 0.0000
50.0000 0.0000
51.0000 0.0000
52.0000 0.0000
53.0000 0.0000
54.0000 0.0000
55.0000 0.0000
56.0000 0.0000
57.0000 0.0000
58.0000 0.0000
59.0000 0.0000
60.0000 0.0000
61.0000 0.0000
62.0000 0.0000
63.0000 0.0000
64.0000 0.0000
65.0000 0.0000
66.0000 0.0000
67.0000 0.0000
68.0000 0.0000
69.0000 0.0000
70.0000 0.0000
71.0000 0.0000
72.0000 0.0000
73.0000 0.0000
74.0000 0.0000
75.0000 0.0000
76.0000 0.0000
77.0000 0.0000
78.0000 0.0000
79.0000 0.0000
80.0000 0.0000
81.0000 0.0000
82.0000 0.0000
83.0000 0.0000
84.0000 0.0000
85.0000 0.0000
86.0000 0.0000
87.0000 0.0000
88.0000 0.0000
89.0000 0.0000
90.0000 0.0000
91.0000 0.0000
92.0000 0.0000
93.0000 0.0000
94.0000 0.0000
95.0000 0.0000
96.0000 0.0000
97.0000 0.0000
98.0000 0.0000
99.0000 0.0000
100.0000 0.0000
101.0000 0.0000
102.0000 0.0000
103.0000 0.0000
104.0000 0.0000
105.0000 0.0000
106.0000 0.0000
107.0000 0.0000
108.0000 0.0000
109.0000 0.0000
110.0000 0.0000
111.0000 0.9117
112.0000 0.8350
113.0000 0.8491
114.0000 0.8546
115.0000 0.8606
116.0000 0.8662
117.0000 0.8717
118.0000 0.8769
119.0000 0.8819
120.0000 0.8867
121.0000 0.8913
122.0000 0.8958
123.0000 0.9000
124.0000 0.9041
125.0000 0.9080
126.0000 0.9117
127.0000 0.9153
128.0000 0.9188
129.0000 0.9221
130.0000 0.9253
131.0000 0.9283
132.0000 0.9312
133.0000 0.9340
134.0000 0.9367
135.0000 0.9393
136.0000 0.9418
137.0000 0.9441
138.0000 0.9464
139.0000 0.9486
140.0000 0.9507
141.0000 0.9527
142.0000 0.9546
143.0000 0.9565
144.0000 0.9582
145.0000 0.9599
146.0000 0.9616
147.0000 0.9631
148.0000 0.9646
149.0000 0.9661
150.0000 0.9675
151.0000 0.9688
152.0000 0.9701
153.0000 0.9713
154.0000 0.9724
155.0000 0.9736
156.0000 0.9746
157.0000 0.9757
158.0000 0.9767
159.0000 0.9776
160.0000 0.9785
161.0000 0.9794
162.0000 0.9802
163.0000 0.9810
164.0000 0.9818
165.0000 0.9826
166.0000 0.9833
167.0000 0.9839
168.0000 0.9846
169.0000 0.9852
170.0000 0.9858
171.0000 0.9864
172.0000 0.9870
173.0000 0.9875
174.0000 0.9880
175.0000 0.9885
176.0000 0.9890
177.0000 0.9894
178.0000 0.9898
179.0000 0.9903
180.0000 0.9906
181.0000 0.9910
182.0000 0.9914
183.0000 0.9917
184.0000 0.9921
185.0000 0.9924
186.0000 0.9927
187.0000 0.9930
188.0000 0.9933
189.0000 0.9936
190.0000 0.9938
191.0000 0.9941
192.0000 0.9943
193.0000 0.9946
194.0000 0.9948
195.0000 0.9950
196.0000 0.9952
197.0000 0.9954
198.0000 0.9956
199.0000 0.9958
200.0000 0.9959
201.0000 0.9961
202.0000 0.9963
203.0000 0.9964
204.0000 0.9966
205.0000 0.9967
206.0000 0.9968
207.0000 0.9970
208.0000 0.9971
209.0000 0.9972
210.0000 0.9973
211.0000 0.9974
212.0000 0.9975
213.0000 0.9976
214.0000 0.9977
215.0000 0.9978
216.0000 0.9979
217.0000 0.9980
218.0000 0.9981
219.0000 0.9982
220.0000 0.9982
221.0000 0.9983
222.0000 0.9984
223.0000 0.9984
224.0000 0.9985
225.0000 0.9986
226.0000 0.9986
227.0000 0.9987
228.0000 0.9987
229.0000 0.9988
230.0000 0.9988
231.0000 0.9989
232.0000 0.9989
233.0000 0.9990
234.0000 0.9990
235.0000 0.9990
236.0000 0.9991
237.0000 0.9991
238.0000 0.9992
239.0000 0.9992
240.0000 0.9992
241.0000 0.9993
242.0000 0.9993
243.0000 0.9993
244.0000 0.9993
245.0000 0.9994
246.0000 0.9994
247.0000 0.9994
248.0000 0.9994
249.0000 0.9995
250.0000 0.9995
251.0000 0.9995
252.0000 0.9995
253.0000 0.9996
254.0000 0.9996
255.0000 0.9996
256.0000 0.9996
257.0000 0.9996
258.0000 0.9996
259.0000 0.9996
260.0000 0.9997
261.0000 0.9997
262.0000 0.9997
263.0000 0.9997
264.0000 0.9997
265.0000 0.9997
266.0000 0.9997
267.0000 0.9997
268.0000 0.9998
269.0000 0.9998
270.0000 0.9998
271.0000 0.9998
272.0000 0.9998
273.0000 0.9998
274.0000 0.9998
275.0000 0.9998
276.0000 0.9998
277.0000 0.9998
278.0000 0.9998
279.0000 0.9998
280.0000 0.9999
281.0000 0.9999
282.0000 0.9999
283.0000 0.9999
284.0000 0.9999
285.0000 0.9999
286.0000 0.9999
287.0000 0.9999
288.0000 0.9999
289.0000 0.9999
290.0000 0.9999
291.0000 0.9999
292.0000 0.9999
293.0000 0.9999
294.0000 0.9999
295.0000 0.9999
296.0000 0.9999
297.0000 0.9999
298.0000 0.9999
299.0000 0.9999
300.0000 0.9999
301.0000 0.9999
302.0000 0.9999
303.0000 0.9999
304.0000 0.9999
305.0000 0.9999
306.0000 1.0000
307.0000 1.0000
308.0000 1.0000
309.0000 1.0000
310.0000 1.0000
311.0000 1.0000
312.0000 1.0000
313.0000 1.0000
314.0000 1.0000
315.0000 1.0000
316.0000 1.0000
317.0000 1.0000
318.0000 1.0000
319.0000 1.0000
320.0000 1.0000
321.0000 1.0000
322.0000 1.0000
323.0000 1.0000
324.0000 1.0000
325.0000 1.0000
326.0000 1.0000
327.0000 1.0000
328.0000 1.0000
329.0000 1.0000
330.0000 1.0000
331.0000 1.0000
332.0000 1.0000
333.0000 1.0000
334.0000 1.0000
335.0000 1.0000
336.0000 1.0000
337.0000 1.0000
338.0000 1.0000
339.0000 1.0000
340.0000 1.0000
341.0000 1.0000
342.0000 1.0000
343.0000 1.0000
344.0000 1.0000
345.0000 1.0000
346.0000 1.0000
347.0000 1.0000
348.0000 1.0000
349.0000 1.0000
350.0000 1.0000
351.0000 1.0000
352.0000 1.0000
353.0000 1.0000
354.0000 1.0000
355.0000 1.0000
356.0000 1.0000
357.0000 1.0000
358.0000 1.0000
359.0000 1.0000
360.0000 1.0000
361.0000 1.0000
362.0000 1.0000
363.0000 1.0000
364.0000 1.0000
365.0000 1.0000
366.0000 1.0000
367.0000 1.0000
368.0000 1.0000
369.0000 1.0000
370.0000 1.0000
371.0000 1.0000
372.0000 1.0000
373.0000 1.0000
374.0000 1.0000
375.0000 1.0000
376.0000 1.0000
377.0000 1.0000
378.0000 1.0000
379.0000 1.0000
380.0000 1.0000
381.0000 1.0000
382.0000 1.0000
383.0000 1.0000
384.0000 1.0000
385.0000 1.0000
386.0000 1.0000
387.0000 1.0000
388.0000 1.0000
389.0000 1.0000
390.0000 1.0000
391.0000 1.0000
392.0000 1.0000
393.0000 1.0000
394.0000 1.0000
395.0000 1.0000
396.0000 1.0000
397.0000 1.0000
398.0000 1.0000
399.0000 1.0000
400.0000 1.0000
401.0000 1.0000
402.0000 1.0000
403.0000 1.0000
404.0000 1.0000
405.0000 1.0000
406.0000 1.0000
407.0000 1.0000
408.0000 1.0000
409.0000 1.0000
410.0000 1.0000
411.0000 -0.8233
412.0000 -0.6700
413.0000 -0.6982
414.0000 -0.7092
415.0000 -0.7211
416.0000 -0.7325
417.0000 -0.7434
418.0000 -0.7538
419.0000 -0.7638
420.0000 -0.7735
421.0000 -0.7827
422.0000 -0.7915
423.0000 -0.8000
424.0000 -0.8082
425.0000 -0.8160
426.0000 -0.8235
427.0000 -0.8307
428.0000 -0.8376
429.0000 -0.8442
430.0000 -0.8505
431.0000 -0.8566
432.0000 -0.8624
433.0000 -0.8680
434.0000 -0.8734
435.0000 -0.8786
436.0000 -0.8835
437.0000 -0.8883
438.0000 -0.8928
439.0000 -0.8972
440.0000 -0.9014
441.0000 -0.9054
442.0000 -0.9092
443.0000 -0.9129
444.0000 -0.9165
445.0000 -0.9199
446.0000 -0.9231
447.0000 -0.9263
448.0000 -0.9293
449.0000 -0.9321
450.0000 -0.9349
451.0000 -0.9376
452.0000 -0.9401
453.0000 -0.9425
454.0000 -0.9449
455.0000 -0.9471
456.0000 -0.9493
457.0000 -0.9513
458.0000 -0.9533
459.0000 -0.9552
460.0000 -0.9570
461.0000 -0.9588
462.0000 -0.9605
463.0000 -0.9621
464.0000 -0.9636
465.0000 -0.9651
466.0000 -0.9665
467.0000 -0.9679
468.0000 -0.9692
469.0000 -0.9705
470.0000 -0.9717
471.0000 -0.9728
472.0000 -0.9739
473.0000 -0.9750
474.0000 -0.9760
475.0000 -0.9770
476.0000 -0.9779
477.0000 -0.9788
478.0000 -0.9797
479.0000 -0.9805
480.0000 -0.9813
481.0000 -0.9821
482.0000 -0.9828
483.0000 -0.9835
484.0000 -0.9842
485.0000 -0.9848
486.0000 -0.9854
487.0000 -0.9860
488.0000 -0.9866
489.0000 -0.9871
490.0000 -0.9877
491.0000 -0.9882
492.0000 -0.9886
493.0000 -0.9891
494.0000 -0.9895
495.0000 -0.9900
496.0000 -0.9904
497.0000 -0.9908
498.0000 -0.9912
499.0000 -0.9915
500.0000 -0.9919
501.0000 -0.9922
502.0000 -0.9925
503.0000 -0.9928
504.0000 -0.9931
505.0000 -0.9934
506.0000 -0.9937
507.0000 -0.9939
508.0000 -0.9942
509.0000 -0.9944
510.0000 -0.9946
511.0000 -0.9948
512.0000 -0.9951
513.0000 -0.9953
514.0000 -0.9954
515.0000 -0.9956
516.0000 -0.9958
517.0000 -0.9960
518.0000 -0.9961
519.0000 -0.9963
520.0000 -0.9965
521.0000 -0.9966
522.0000 -0.9967
523.0000 -0.9969
524.0000 -0.9970
525.0000 -0.9971
526.0000 -0.9972
527.0000 -0.9973
528.0000 -0.9975
529.0000 -0.9976
530.0000 -0.9977
531.0000 -0.9978
532.0000 -0.9978
533.0000 -0.9979
534.0000 -0.9980
535.0000 -0.9981
536.0000 -0.9982
537.0000 -0.9983
538.0000 -0.9983
539.0000 -0.9984
540.0000 -0.9985
541.0000 -0.9985
542.0000 -0.9986
543.0000 -0.9986
544.0000 -0.9987
545.0000 -0.9987
546.0000 -0.9988
547.0000 -0.9988
548.0000 -0.9989
549.0000 -0.9989
550.0000 -0.9990
551.0000 -0.9990
552.0000 -0.9991
553.0000 -0.9991
554.0000 -0.9991
555.0000 -0.9992
556.0000 -0.9992
557.0000 -0.9992
558.0000 -0.9993
559.0000 -0.9993
560.0000 -0.9993
561.0000 -0.9994
562.0000 -0.9994
563.0000 -0.9994
564.0000 -0.9994
565.0000 -0.9995
566.0000 -0.9995
567.0000 -0.9995
568.0000 -0.9995
569.0000 -0.9995
570.0000 -0.9996
571.0000 -0.9996
572.0000 -0.9996
573.0000 -0.9996
574.0000 -0.9996
575.0000 -0.9996
576.0000 -0.9997
577.0000 -0.9997
578.0000 -0.9997
579.0000 -0.9997
580.0000 -0.9997
581.0000 -0.9997
582.0000 -0.9997
583.0000 -0.9997
584.0000 -0.9998
585.0000 -0.9998
586.0000 -0.9998
587.0000 -0.9998
588.0000 -0.9998
589.0000 -0.9998
590.0000 -0.9998
591.0000 -0.9998
592.0000 -0.9998
593.0000 -0.9998
594.0000 -0.9998
595.0000 -0.9998
596.0000 -0.9998
597.0000 -0.9999
598.0000 -0.9999
599.0000 -0.9999
600.0000 -0.9999
601.0000 -0.9999
602.0000 -0.9999
603.0000 -0.9999
604.0000 -0.9999
605.0000 -0.9999
606.0000 -0.9999
607.0000 -0.9999
608.0000 -0.9999
609.0000 -0.9999
610.0000 -0.9999
611.0000 -0.9999
612.0000 -0.9999
613.0000 -0.9999
614.0000 -0.9999
615.0000 -0.9999
616.0000 -0.9999
617.0000 -0.9999
618.0000 -0.9999
619.0000 -0.9999
620.0000 -0.9999
621.0000 -0.9999
622.0000 -0.9999
623.0000 -1.0000
624.0000 -1.0000
625.0000 -1.0000
626.0000 -1.0000
627.0000 -1.0000
628.0000 -1.0000
629.0000 -1.0000
630.0000 -1.0000
631.0000 -1.0000
632.0000 -1.0000
633.0000 -1.0000
634.0000 -1.0000
635.0000 -1.0000
636.0000 -1.0000
637.0000 -1.0000
638.0000 -1.0000
639.0000 -1.0000
640.0000 -1.0000
641.0000 -1.0000
642.0000 -1.0000
643.0000 -1.0000
644.0000 -1.0000
645.0000 -1.0000
646.0000 -1.0000
647.0000 -1.0000
648.0000 -1.0000
649.0000 -1.0000
650.0000 -1.0000
651.0000 -1.0000
652.0000 -1.0000
653.0000 -1.0000
654.0000 -1.0000
655.0000 -1.0000
656.0000 -1.0000
657.0000 -1.0000
658.0000 -1.0000
659.0000 -1.0000
660.0000 -1.0000
661.0000 -1.0000
662.0000 -1.0000
663.0000 -1.0000
664.0000 -1.0000
665.0000 -1.0000
666.0000 -1.0000
667.0000 -1.0000
668.0000 -1.0000
669.0000 -1.0000
670.0000 -1.0000
671.0000 -1.0000
672.0000 -1.0000
673.0000 -1.0000
674.0000 -1.0000
675.0000 -1.0000
676.0000 -1.0000
677.0000 -1.0000
678.0000 -1.0000
679.0000 -1.0000
680.0000 -1.0000
681.0000 -1.0000
682.0000 -1.0000
683.0000 -1.0000
684.0000 -1.0000
685.0000 -1.0000
686.0000 -1.0000
687.0000 -1.0000
688.0000 -1.0000
689.0000 -1.0000
690.0000 -1.0000
691.0000 -1.0000
692.0000 -1.0000
693.0000 -1.0000
694.0000 -1.0000
695.0000 -1.0000
696.0000 -1.0000
697.0000 -1.0000
698.0000 -1.0000
699.0000 -1.0000
700.0000 -1.0000
701.0000 -1.0000
702.0000 -1.0000
703.0000 -1.0000
704.0000 -1.0000
705.0000 -1.0000
706.0000 -1.0000
707.0000 -1.0000
708.0000 -1.0000
709.0000 -1.0000
710.0000 -1.0000
711.0000 1.7350
712.0000 1.5050
713.0000 1.5474
714.0000 1.5637
715.0000 1.5817
716.0000 1.5987
717.0000 1.6151
718.0000 1.6307
719.0000 1.6458
720.0000 1.6602
721.0000 1.6740
722.0000 1.6873
723.0000 1.7000
724.0000 1.7123
725.0000 1.7240
726.0000 1.7352
727.0000 1.7460
728.0000 1.7563
729.0000 1.7663
730.0000 1.7758
731.0000 1.7849
732.0000 1.7937
733.0000 1.8021
734.0000 1.8101
735.0000 1.8179
736.0000 1.8253
737.0000 1.8324
738.0000 1.8392
739.0000 1.8458
740.0000 1.8520
741.0000 1.8581
742.0000 1.8638
743.0000 1.8694
744.0000 1.8747
745.0000 1.8798
746.0000 1.8847
747.0000 1.8894
748.0000 1.8939
749.0000 1.8982
750.0000 1.9024
751.0000 1.9063
752.0000 1.9102
753.0000 1.9138
754.0000 1.9173
755.0000 1.9207
756.0000 1.9239
757.0000 1.9270
758.0000 1.9300
759.0000 1.9328
760.0000 1.9356
761.0000 1.9382
762.0000 1.9407
763.0000 1.9431
764.0000 1.9454
765.0000 1.9477
766.0000 1.9498
767.0000 1.9518
768.0000 1.9538
769.0000 1.9557
770.0000 1.9575
771.0000 1.9592
772.0000 1.9609
773.0000 1.9625
774.0000 1.9640
775.0000 1.9655
776.0000 1.9669
777.0000 1.9682
778.0000 1.9695
779.0000 1.9708
780.0000 1.9719
781.0000 1.9731
782.0000 1.9742
783.0000 1.9752
784.0000 1.9762
785.0000 1.9772
786.0000 1.9781
787.0000 1.9790
788.0000 1.9799
789.0000 1.9807
790.0000 1.9815
791.0000 1.9822
792.0000 1.9830
793.0000 1.9837
794.0000 1.9843
795.0000 1.9850
796.0000 1.9856
797.0000 1.9862
798.0000 1.9867
799.0000 1.9873
800.0000 1.9878
801.0000 1.9883
802.0000 1.9888
803.0000 1.9892
804.0000 1.9897
805.0000 1.9901
806.0000 1.9905
807.0000 1.9909
808.0000 1.9912
809.0000 1.9916
810.0000 1.9919
811.0000 1.9923
812.0000 1.9926
813.0000 1.9929
814.0000 1.9932
815.0000 1.9935
816.0000 1.9937
817.0000 1.9940
818.0000 1.9942
819.0000 1.9945
820.0000 1.9947
821.0000 1.9949
822.0000 1.9951
823.0000 1.9953
824.0000 1.9955
825.0000 1.9957
826.0000 1.9959
827.0000 1.9960
828.0000 1.9962
829.0000 1.9963
830.0000 1.9965
831.0000 1.9966
832.0000 1.9968
833.0000 1.9969
834.0000 1.9970
835.0000 1.9971
836.0000 1.9973
837.0000 1.9974
838.0000 1.9975
839.0000 1.9976
840.0000 1.9977
841.0000 1.9978
842.0000 1.9979
843.0000 1.9980
844.0000 1.9980
845.0000 1.9981
846.0000 1.9982
847.0000 1.9983
848.0000 1.9983
849.0000 1.9984
850.0000 1.9985
851.0000 1.9985
852.0000 1.9986
853.0000 1.9987
854.0000 1.9987
855.0000 1.9988
856.0000 1.9988
857.0000 1.9989
858.0000 1.9989
859.0000 1.9989
860.0000 1.9990
861.0000 1.9990
862.0000 1.9991
863.0000 1.9991
864.0000 1.9991
865.0000 1.9992
866.0000 1.9992
867.0000 1.9992
868.0000 1.9993
869.0000 1.9993
870.0000 1.9993
871.0000 1.9994
872.0000 1.9994
873.0000 1.9994
874.0000 1.9994
875.0000 1.9995
876.0000 1.9995
877.0000 1.9995
878.0000 1.9995
879.0000 1.9995
880.0000 1.9996
881.0000 1.9996
882.0000 1.9996
883.0000 1.9996
884.0000 1.9996
885.0000 1.9996
886.0000 1.9997
887.0000 1.9997
888.0000 1.9997
889.0000 1.9997
890.0000 1.9997
891.0000 1.9997
892.0000 1.9997
893.0000 1.9997
894.0000 1.9998
895.0000 1.9998
896.0000 1.9998
897.0000 1.9998
898.0000 1.9998
899.0000 1.9998
900.0000 1.9998
901.0000 1.9998
902.0000 1.9998
903.0000 1.9998
904.0000 1.9998
905.0000 1.9998
906.0000 1.9999
907.0000 1.9999
908.0000 1.9999
909.0000 1.9999
910.0000 1.9999
