1.0000 0.0000
2.0000 0.0000
3.0000 0.0000
4.0000 0.0000
5.0000 0.0000
6.0000 0.0000
7.0000 0.0000
8.0000 0.0000
9.0000 0.0000
10.0000 0.0000
11.0000 0.0000
12.0000 0.0000
13.0000 0.0000
14.0000 0.0000
15.0000 0.0000
16.0000 0.0000
17.0000 0.0000
18.0000 0.0000
19.0000 0.0000
20.0000 0.0000
21.0000 0.0000
22.0000 0.0000
23.0000 0.0000
24.0000 0.0000
25.0000 0.0000
26.0000 0.0000
27.0000 0.0000
28.0000 0.0000
29.0000 0.0000
30.0000 0.0000
31.0000 0.0000
32.0000 0.0000
33.0000 0.0000
34.0000 0.0000
35.0000 0.0000
36.0000 0.0000
37.0000 0.0000
38.0000 0.0000
39.0000 0.0000
40.0000 0.0000
41.0000 0.0000
42.0000 0.0000
43.0000 0.0000
44.0000 0.0000
45.0000 0.0000
46.0000 0.0000
47.0000 0.0000
48.0000 0.0000
49.0000 0.0000
50.0000 0.0000
51.0000 0.0000
52.0000 0.0000
53.0000 0.0000
54.0000 0.0000
55.0000 0.0000
56.0000 0.0000
57.0000 0.0000
58.0000 0.0000
59.0000 0.0000
60.0000 0.0000
61.0000 0.0000
62.0000 0.0000
63.0000 0.0000
64.0000 0.0000
65.0000 0.0000
66.0000 0.0000
67.0000 0.0000
68.0000 0.0000
69.0000 0.0000
70.0000 0.0000
71.0000 0.0000
72.0000 0.0000
73.0000 0.0000
74.0000 0.0000
75.0000 0.0000
76.0000 0.0000
77.0000 0.0000
78.0000 0.0000
79.0000 0.0000
80.0000 0.0000
81.0000 0.0000
82.0000 0.0000
83.0000 0.0000
84.0000 0.0000
85.0000 0.0000
86.0000 0.0000
87.0000 0.0000
88.0000 0.0000
89.0000 0.0000
90.0000 0.0000
91.0000 0.0000
92.0000 0.0000
93.0000 0.0000
94.0000 0.0000
95.0000 0.0000
96.0000 0.0000
97.0000 0.0000
98.0000 0.0000
99.0000 0.0000
100.0000 0.0000
101.0000 0.0000
102.0000 0.0000
103.0000 0.0000
104.0000 0.0000
105.0000 0.0000
106.0000 0.0000
107.0000 0.0000
108.0000 0.0000
109.0000 0.0000
110.0000 0.0000
111.0000 0.3399
112.0000 0.3542
113.0000 0.3946
114.0000 0.4291
115.0000 0.4610
116.0000 0.4902
117.0000 0.5170
118.0000 0.5417
119.0000 0.5643
120.0000 0.5851
121.0000 0.6043
122.0000 0.6220
123.0000 0.6382
124.0000 0.6532
125.0000 0.6671
126.0000 0.6799
127.0000 0.6917
128.0000 0.7027
129.0000 0.7128
130.0000 0.7222
131.0000 0.7309
132.0000 0.7390
133.0000 0.7465
134.0000 0.7535
135.0000 0.7600
136.0000 0.7661
137.0000 0.7718
138.0000 0.7770
139.0000 0.7820
140.0000 0.7866
141.0000 0.7909
142.0000 0.7949
143.0000 0.7987
144.0000 0.8022
145.0000 0.8055
146.0000 0.8087
147.0000 0.8116
148.0000 0.8143
149.0000 0.8169
150.0000 0.8194
151.0000 0.8217
152.0000 0.8239
153.0000 0.8259
154.0000 0.8279
155.0000 0.8297
156.0000 0.8315
157.0000 0.8331
158.0000 0.8347
159.0000 0.8361
160.0000 0.8375
161.0000 0.8389
162.0000 0.8401
163.0000 0.8413
164.0000 0.8425
165.0000 0.8435
166.0000 0.8446
167.0000 0.8455
168.0000 0.8465
169.0000 0.8474
170.0000 0.8482
171.0000 0.8490
172.0000 0.8498
173.0000 0.8505
174.0000 0.8512
175.0000 0.8519
176.0000 0.8525
177.0000 0.8531
178.0000 0.8537
179.0000 0.8542
180.0000 0.8548
181.0000 0.8553
182.0000 0.8557
183.0000 0.8562
184.0000 0.8566
185.0000 0.8571
186.0000 0.8575
187.0000 0.8579
188.0000 0.8582
189.0000 0.8586
190.0000 0.8589
191.0000 0.8592
192.0000 0.8595
193.0000 0.8598
194.0000 0.8601
195.0000 0.8604
196.0000 0.8607
197.0000 0.8609
198.0000 0.8611
199.0000 0.8614
200.0000 0.8616
201.0000 0.8618
202.0000 0.8620
203.0000 0.8622
204.0000 0.8624
205.0000 0.8625
206.0000 0.8627
207.0000 0.8629
208.0000 0.8630
209.0000 0.8632
210.0000 0.8633
211.0000 0.8635
212.0000 0.8636
213.0000 0.8637
214.0000 0.8638
215.0000 0.8640
216.0000 0.8641
217.0000 0.8642
218.0000 0.8643
219.0000 0.8644
220.0000 0.8645
221.0000 0.8646
222.0000 0.8646
223.0000 0.8647
224.0000 0.8648
225.0000 0.8649
226.0000 0.8650
227.0000 0.8650
228.0000 0.8651
229.0000 0.8652
230.0000 0.8652
231.0000 0.8653
232.0000 0.8653
233.0000 0.8654
234.0000 0.8654
235.0000 0.8655
236.0000 0.8655
237.0000 0.8656
238.0000 0.8656
239.0000 0.8657
240.0000 0.8657
241.0000 0.8658
242.0000 0.8658
243.0000 0.8658
244.0000 0.8659
245.0000 0.8659
246.0000 0.8659
247.0000 0.8660
248.0000 0.8660
249.0000 0.8660
250.0000 0.8660
251.0000 0.8661
252.0000 0.8661
253.0000 0.8661
254.0000 0.8661
255.0000 0.8662
256.0000 0.8662
257.0000 0.8662
258.0000 0.8662
259.0000 0.8662
260.0000 0.8663
261.0000 0.8663
262.0000 0.8663
263.0000 0.8663
264.0000 0.8663
265.0000 0.8663
266.0000 0.8663
267.0000 0.8664
268.0000 0.8664
269.0000 0.8664
270.0000 0.8664
271.0000 0.8664
272.0000 0.8664
273.0000 0.8664
274.0000 0.8664
275.0000 0.8664
276.0000 0.8665
277.0000 0.8665
278.0000 0.8665
279.0000 0.8665
280.0000 0.8665
281.0000 0.8665
282.0000 0.8665
283.0000 0.8665
284.0000 0.8665
285.0000 0.8665
286.0000 0.8665
287.0000 0.8665
288.0000 0.8665
289.0000 0.8665
290.0000 0.8665
291.0000 0.8666
292.0000 0.8666
293.0000 0.8666
294.0000 0.8666
295.0000 0.8666
296.0000 0.8666
297.0000 0.8666
298.0000 0.8666
299.0000 0.8666
300.0000 0.8666
301.0000 0.8666
302.0000 0.8666
303.0000 0.8666
304.0000 0.8666
305.0000 0.8666
306.0000 0.8666
307.0000 0.8666
308.0000 0.8666
309.0000 0.8666
310.0000 0.8666
311.0000 0.8666
312.0000 0.8666
313.0000 0.8666
314.0000 0.8666
315.0000 0.8666
316.0000 0.8666
317.0000 0.8666
318.0000 0.8666
319.0000 0.8666
320.0000 0.8666
321.0000 0.8666
322.0000 0.8666
323.0000 0.8666
324.0000 0.8666
325.0000 0.8666
326.0000 0.8666
327.0000 0.8666
328.0000 0.8666
329.0000 0.8666
330.0000 0.8666
331.0000 0.8666
332.0000 0.8666
333.0000 0.8666
334.0000 0.8666
335.0000 0.8666
336.0000 0.8666
337.0000 0.8666
338.0000 0.8667
339.0000 0.8667
340.0000 0.8667
341.0000 0.8667
342.0000 0.8667
343.0000 0.8667
344.0000 0.8667
345.0000 0.8667
346.0000 0.8667
347.0000 0.8667
348.0000 0.8667
349.0000 0.8667
350.0000 0.8667
351.0000 0.8667
352.0000 0.8667
353.0000 0.8667
354.0000 0.8667
355.0000 0.8667
356.0000 0.8667
357.0000 0.8667
358.0000 0.8667
359.0000 0.8667
360.0000 0.8667
361.0000 0.8667
362.0000 0.8667
363.0000 0.8667
364.0000 0.8667
365.0000 0.8667
366.0000 0.8667
367.0000 0.8667
368.0000 0.8667
369.0000 0.8667
370.0000 0.8667
371.0000 0.8667
372.0000 0.8667
373.0000 0.8667
374.0000 0.8667
375.0000 0.8667
376.0000 0.8667
377.0000 0.8667
378.0000 0.8667
379.0000 0.8667
380.0000 0.8667
381.0000 0.8667
382.0000 0.8667
383.0000 0.8667
384.0000 0.8667
385.0000 0.8667
386.0000 0.8667
387.0000 0.8667
388.0000 0.8667
389.0000 0.8667
390.0000 0.8667
391.0000 0.8667
392.0000 0.8667
393.0000 0.8667
394.0000 0.8667
395.0000 0.8667
396.0000 0.8667
397.0000 0.8667
398.0000 0.8667
399.0000 0.8667
400.0000 0.8667
401.0000 0.8667
402.0000 0.8667
403.0000 0.8667
404.0000 0.8667
405.0000 0.8667
406.0000 0.8667
407.0000 0.8667
408.0000 0.8667
409.0000 0.8667
410.0000 0.8667
411.0000 0.1868
412.0000 0.1583
413.0000 0.0775
414.0000 0.0084
415.0000 -0.0553
416.0000 -0.1138
417.0000 -0.1674
418.0000 -0.2167
419.0000 -0.2620
420.0000 -0.3036
421.0000 -0.3420
422.0000 -0.3773
423.0000 -0.4098
424.0000 -0.4398
425.0000 -0.4675
426.0000 -0.4931
427.0000 -0.5168
428.0000 -0.5387
429.0000 -0.5590
430.0000 -0.5778
431.0000 -0.5952
432.0000 -0.6114
433.0000 -0.6264
434.0000 -0.6404
435.0000 -0.6534
436.0000 -0.6655
437.0000 -0.6768
438.0000 -0.6874
439.0000 -0.6972
440.0000 -0.7064
441.0000 -0.7151
442.0000 -0.7231
443.0000 -0.7307
444.0000 -0.7377
445.0000 -0.7444
446.0000 -0.7506
447.0000 -0.7565
448.0000 -0.7620
449.0000 -0.7672
450.0000 -0.7721
451.0000 -0.7767
452.0000 -0.7811
453.0000 -0.7852
454.0000 -0.7891
455.0000 -0.7928
456.0000 -0.7962
457.0000 -0.7995
458.0000 -0.8026
459.0000 -0.8056
460.0000 -0.8084
461.0000 -0.8111
462.0000 -0.8136
463.0000 -0.8160
464.0000 -0.8182
465.0000 -0.8204
466.0000 -0.8225
467.0000 -0.8244
468.0000 -0.8263
469.0000 -0.8280
470.0000 -0.8297
471.0000 -0.8313
472.0000 -0.8329
473.0000 -0.8343
474.0000 -0.8357
475.0000 -0.8371
476.0000 -0.8383
477.0000 -0.8395
478.0000 -0.8407
479.0000 -0.8418
480.0000 -0.8428
481.0000 -0.8439
482.0000 -0.8448
483.0000 -0.8457
484.0000 -0.8466
485.0000 -0.8475
486.0000 -0.8483
487.0000 -0.8490
488.0000 -0.8498
489.0000 -0.8505
490.0000 -0.8512
491.0000 -0.8518
492.0000 -0.8524
493.0000 -0.8530
494.0000 -0.8536
495.0000 -0.8541
496.0000 -0.8546
497.0000 -0.8551
498.0000 -0.8556
499.0000 -0.8561
500.0000 -0.8565
501.0000 -0.8569
502.0000 -0.8573
503.0000 -0.8577
504.0000 -0.8581
505.0000 -0.8584
506.0000 -0.8588
507.0000 -0.8591
508.0000 -0.8594
509.0000 -0.8597
510.0000 -0.8600
511.0000 -0.8603
512.0000 -0.8605
513.0000 -0.8608
514.0000 -0.8610
515.0000 -0.8613
516.0000 -0.8615
517.0000 -0.8617
518.0000 -0.8619
519.0000 -0.8621
520.0000 -0.8623
521.0000 -0.8625
522.0000 -0.8626
523.0000 -0.8628
524.0000 -0.8629
525.0000 -0.8631
526.0000 -0.8632
527.0000 -0.8634
528.0000 -0.8635
529.0000 -0.8636
530.0000 -0.8638
531.0000 -0.8639
532.0000 -0.8640
533.0000 -0.8641
534.0000 -0.8642
535.0000 -0.8643
536.0000 -0.8644
537.0000 -0.8645
538.0000 -0.8646
539.0000 -0.8647
540.0000 -0.8648
541.0000 -0.8648
542.0000 -0.8649
543.0000 -0.8650
544.0000 -0.8650
545.0000 -0.8651
546.0000 -0.8652
547.0000 -0.8652
548.0000 -0.8653
549.0000 -0.8654
550.0000 -0.8654
551.0000 -0.8655
552.0000 -0.8655
553.0000 -0.8656
554.0000 -0.8656
555.0000 -0.8656
556.0000 -0.8657
557.0000 -0.8657
558.0000 -0.8658
559.0000 -0.8658
560.0000 -0.8658
561.0000 -0.8659
562.0000 -0.8659
563.0000 -0.8659
564.0000 -0.8660
565.0000 -0.8660
566.0000 -0.8660
567.0000 -0.8660
568.0000 -0.8661
569.0000 -0.8661
570.0000 -0.8661
571.0000 -0.8661
572.0000 -0.8662
573.0000 -0.8662
574.0000 -0.8662
575.0000 -0.8662
576.0000 -0.8662
577.0000 -0.8663
578.0000 -0.8663
579.0000 -0.8663
580.0000 -0.8663
581.0000 -0.8663
582.0000 -0.8663
583.0000 -0.8663
584.0000 -0.8664
585.0000 -0.8664
586.0000 -0.8664
587.0000 -0.8664
588.0000 -0.8664
589.0000 -0.8664
590.0000 -0.8664
591.0000 -0.8664
592.0000 -0.8664
593.0000 -0.8665
594.0000 -0.8665
595.0000 -0.8665
596.0000 -0.8665
597.0000 -0.8665
598.0000 -0.8665
599.0000 -0.8665
600.0000 -0.8665
601.0000 -0.8665
602.0000 -0.8665
603.0000 -0.8665
604.0000 -0.8665
605.0000 -0.8665
606.0000 -0.8665
607.0000 -0.8665
608.0000 -0.8666
609.0000 -0.8666
610.0000 -0.8666
611.0000 -0.8666
612.0000 -0.8666
613.0000 -0.8666
614.0000 -0.8666
615.0000 -0.8666
616.0000 -0.8666
617.0000 -0.8666
618.0000 -0.8666
619.0000 -0.8666
620.0000 -0.8666
621.0000 -0.8666
622.0000 -0.8666
623.0000 -0.8666
624.0000 -0.8666
625.0000 -0.8666
626.0000 -0.8666
627.0000 -0.8666
628.0000 -0.8666
629.0000 -0.8666
630.0000 -0.8666
631.0000 -0.8666
632.0000 -0.8666
633.0000 -0.8666
634.0000 -0.8666
635.0000 -0.8666
636.0000 -0.8666
637.0000 -0.8666
638.0000 -0.8666
639.0000 -0.8666
640.0000 -0.8666
641.0000 -0.8666
642.0000 -0.8666
643.0000 -0.8666
644.0000 -0.8666
645.0000 -0.8666
646.0000 -0.8666
647.0000 -0.8666
648.0000 -0.8666
649.0000 -0.8666
650.0000 -0.8666
651.0000 -0.8666
652.0000 -0.8666
653.0000 -0.8666
654.0000 -0.8666
655.0000 -0.8667
656.0000 -0.8667
657.0000 -0.8667
658.0000 -0.8667
659.0000 -0.8667
660.0000 -0.8667
661.0000 -0.8667
662.0000 -0.8667
663.0000 -0.8667
664.0000 -0.8667
665.0000 -0.8667
666.0000 -0.8667
667.0000 -0.8667
668.0000 -0.8667
669.0000 -0.8667
670.0000 -0.8667
671.0000 -0.8667
672.0000 -0.8667
673.0000 -0.8667
674.0000 -0.8667
675.0000 -0.8667
676.0000 -0.8667
677.0000 -0.8667
678.0000 -0.8667
679.0000 -0.8667
680.0000 -0.8667
681.0000 -0.8667
682.0000 -0.8667
683.0000 -0.8667
684.0000 -0.8667
685.0000 -0.8667
686.0000 -0.8667
687.0000 -0.8667
688.0000 -0.8667
689.0000 -0.8667
690.0000 -0.8667
691.0000 -0.8667
692.0000 -0.8667
693.0000 -0.8667
694.0000 -0.8667
695.0000 -0.8667
696.0000 -0.8667
697.0000 -0.8667
698.0000 -0.8667
699.0000 -0.8667
700.0000 -0.8667
701.0000 -0.8667
702.0000 -0.8667
703.0000 -0.8667
704.0000 -0.8667
705.0000 -0.8667
706.0000 -0.8667
707.0000 -0.8667
708.0000 -0.8667
709.0000 -0.8667
710.0000 -0.8667
711.0000 0.1531
712.0000 0.1959
713.0000 0.3171
714.0000 0.4207
715.0000 0.5163
716.0000 0.6040
717.0000 0.6844
718.0000 0.7584
719.0000 0.8263
720.0000 0.8888
721.0000 0.9463
722.0000 0.9992
723.0000 1.0481
724.0000 1.0931
725.0000 1.1346
726.0000 1.1730
727.0000 1.2085
728.0000 1.2414
729.0000 1.2718
730.0000 1.3000
731.0000 1.3261
732.0000 1.3504
733.0000 1.3730
734.0000 1.3939
735.0000 1.4135
736.0000 1.4317
737.0000 1.4486
738.0000 1.4644
739.0000 1.4792
740.0000 1.4930
741.0000 1.5059
742.0000 1.5180
743.0000 1.5293
744.0000 1.5400
745.0000 1.5499
746.0000 1.5593
747.0000 1.5681
748.0000 1.5764
749.0000 1.5842
750.0000 1.5915
751.0000 1.5984
752.0000 1.6050
753.0000 1.6111
754.0000 1.6170
755.0000 1.6225
756.0000 1.6277
757.0000 1.6326
758.0000 1.6373
759.0000 1.6417
760.0000 1.6459
761.0000 1.6499
762.0000 1.6537
763.0000 1.6573
764.0000 1.6607
765.0000 1.6639
766.0000 1.6670
767.0000 1.6699
768.0000 1.6727
769.0000 1.6754
770.0000 1.6779
771.0000 1.6803
772.0000 1.6826
773.0000 1.6848
774.0000 1.6869
775.0000 1.6889
776.0000 1.6908
777.0000 1.6926
778.0000 1.6944
779.0000 1.6960
780.0000 1.6976
781.0000 1.6991
782.0000 1.7006
783.0000 1.7019
784.0000 1.7033
785.0000 1.7045
786.0000 1.7057
787.0000 1.7069
788.0000 1.7080
789.0000 1.7091
790.0000 1.7101
791.0000 1.7110
792.0000 1.7120
793.0000 1.7128
794.0000 1.7137
795.0000 1.7145
796.0000 1.7153
797.0000 1.7160
798.0000 1.7168
799.0000 1.7174
800.0000 1.7181
801.0000 1.7187
802.0000 1.7193
803.0000 1.7199
804.0000 1.7205
805.0000 1.7210
806.0000 1.7215
807.0000 1.7220
808.0000 1.7224
809.0000 1.7229
810.0000 1.7233
811.0000 1.7237
812.0000 1.7241
813.0000 1.7245
814.0000 1.7249
815.0000 1.7252
816.0000 1.7255
817.0000 1.7259
818.0000 1.7262
819.0000 1.7265
820.0000 1.7267
821.0000 1.7270
822.0000 1.7273
823.0000 1.7275
824.0000 1.7278
825.0000 1.7280
826.0000 1.7282
827.0000 1.7284
828.0000 1.7286
829.0000 1.7288
830.0000 1.7290
831.0000 1.7292
832.0000 1.7293
833.0000 1.7295
834.0000 1.7297
835.0000 1.7298
836.0000 1.7299
837.0000 1.7301
838.0000 1.7302
839.0000 1.7303
840.0000 1.7305
841.0000 1.7306
842.0000 1.7307
843.0000 1.7308
844.0000 1.7309
845.0000 1.7310
846.0000 1.7311
847.0000 1.7312
848.0000 1.7313
849.0000 1.7314
850.0000 1.7314
851.0000 1.7315
852.0000 1.7316
853.0000 1.7317
854.0000 1.7317
855.0000 1.7318
856.0000 1.7319
857.0000 1.7319
858.0000 1.7320
859.0000 1.7320
860.0000 1.7321
861.0000 1.7321
862.0000 1.7322
863.0000 1.7322
864.0000 1.7323
865.0000 1.7323
866.0000 1.7324
867.0000 1.7324
868.0000 1.7324
869.0000 1.7325
870.0000 1.7325
871.0000 1.7325
872.0000 1.7326
873.0000 1.7326
874.0000 1.7326
875.0000 1.7327
876.0000 1.7327
877.0000 1.7327
878.0000 1.7327
879.0000 1.7328
880.0000 1.7328
881.0000 1.7328
882.0000 1.7328
883.0000 1.7329
884.0000 1.7329
885.0000 1.7329
886.0000 1.7329
887.0000 1.7329
888.0000 1.7329
889.0000 1.7330
890.0000 1.7330
891.0000 1.7330
892.0000 1.7330
893.0000 1.7330
894.0000 1.7330
895.0000 1.7330
896.0000 1.7331
897.0000 1.7331
898.0000 1.7331
899.0000 1.7331
900.0000 1.7331
901.0000 1.7331
902.0000 1.7331
903.0000 1.7331
904.0000 1.7331
905.0000 1.7331
906.0000 1.7331
907.0000 1.7332
908.0000 1.7332
909.0000 1.7332
910.0000 1.7332
