16.0000 0.0000
17.0000 0.0000
18.0000 0.0000
19.0000 0.0000
20.0000 0.0000
21.0000 0.0000
22.0000 0.0000
23.0000 0.0000
24.0000 0.0000
25.0000 0.0000
26.0000 0.0000
27.0000 0.0000
28.0000 0.0000
29.0000 0.0044
30.0000 0.0090
31.0000 0.0134
32.0000 0.0178
33.0000 0.0222
34.0000 0.0265
35.0000 0.0307
36.0000 0.0349
37.0000 0.0390
38.0000 0.0431
39.0000 0.0471
40.0000 0.0511
41.0000 0.0550
42.0000 0.0589
43.0000 0.0627
44.0000 0.0665
45.0000 0.0702
46.0000 0.0739
47.0000 0.0776
48.0000 0.0811
49.0000 0.0847
50.0000 0.0882
51.0000 0.0916
52.0000 0.0950
53.0000 0.0984
54.0000 0.1017
55.0000 0.1050
56.0000 0.1082
57.0000 0.1114
58.0000 0.1146
59.0000 0.1177
60.0000 0.1208
61.0000 0.1238
62.0000 0.1268
63.0000 0.1297
64.0000 0.1327
65.0000 0.1355
66.0000 0.1384
67.0000 0.1412
68.0000 0.1440
69.0000 0.1467
70.0000 0.1494
71.0000 0.1521
72.0000 0.1547
73.0000 0.1573
74.0000 0.1599
75.0000 0.1624
76.0000 0.1649
77.0000 0.1674
78.0000 0.1698
79.0000 0.1722
80.0000 0.1746
81.0000 0.1769
82.0000 0.1792
83.0000 0.1815
84.0000 0.1838
85.0000 0.1860
86.0000 0.1882
87.0000 0.1904
88.0000 0.1925
89.0000 0.1946
90.0000 0.1967
91.0000 0.1988
92.0000 0.2008
93.0000 0.2028
94.0000 0.2048
95.0000 0.2068
96.0000 0.2087
97.0000 0.2106
98.0000 0.2125
99.0000 0.2143
100.0000 0.2162
101.0000 0.2180
102.0000 0.2198
103.0000 0.2215
104.0000 0.2233
105.0000 0.2250
106.0000 0.2267
107.0000 0.2284
108.0000 0.2300
109.0000 0.2317
110.0000 0.2333
111.0000 0.2349
112.0000 0.2365
113.0000 0.2380
114.0000 0.2395
115.0000 0.2410
116.0000 0.2425
117.0000 0.2440
118.0000 0.2455
119.0000 0.2469
120.0000 0.2483
121.0000 0.2497
122.0000 0.2511
123.0000 0.2525
124.0000 0.2538
125.0000 0.2552
126.0000 0.2565
127.0000 0.2578
128.0000 0.2590
129.0000 0.2603
130.0000 0.2616
131.0000 0.2628
132.0000 0.2640
133.0000 0.2652
134.0000 0.2664
135.0000 0.2675
136.0000 0.2687
137.0000 0.2698
138.0000 0.2710
139.0000 0.2721
140.0000 0.2732
141.0000 0.2743
142.0000 0.2753
143.0000 0.2764
144.0000 0.2774
145.0000 0.2784
146.0000 0.2795
147.0000 0.2805
148.0000 0.2815
149.0000 0.2824
150.0000 0.2834
151.0000 0.2843
152.0000 0.2853
153.0000 0.2862
154.0000 0.2871
155.0000 0.2880
156.0000 0.2889
157.0000 0.2898
158.0000 0.2907
159.0000 0.2915
160.0000 0.2924
161.0000 0.2932
162.0000 0.2940
163.0000 0.2949
164.0000 0.2957
165.0000 0.2965
166.0000 0.2972
167.0000 0.2980
168.0000 0.2988
169.0000 0.2995
170.0000 0.3003
171.0000 0.3010
172.0000 0.3017
173.0000 0.3025
174.0000 0.3032
175.0000 0.3039
176.0000 0.3046
177.0000 0.3052
178.0000 0.3059
179.0000 0.3066
180.0000 0.3072
181.0000 0.3079
182.0000 0.3085
183.0000 0.3091
184.0000 0.3098
185.0000 0.3104
186.0000 0.3110
187.0000 0.3116
188.0000 0.3122
189.0000 0.3128
190.0000 0.3133
191.0000 0.3139
192.0000 0.3145
193.0000 0.3150
194.0000 0.3156
195.0000 0.3161
196.0000 0.3166
197.0000 0.3172
198.0000 0.3177
199.0000 0.3182
200.0000 0.3187
201.0000 0.3192
202.0000 0.3197
203.0000 0.3202
204.0000 0.3207
205.0000 0.3211
206.0000 0.3216
207.0000 0.3221
208.0000 0.3225
209.0000 0.3230
210.0000 0.3234
211.0000 0.3239
212.0000 0.3243
213.0000 0.3247
214.0000 0.3251
215.0000 0.3256
216.0000 0.3260
217.0000 0.3264
218.0000 0.3268
219.0000 0.3272
220.0000 0.3276
221.0000 0.3279
222.0000 0.3283
223.0000 0.3287
224.0000 0.3291
225.0000 0.3294
226.0000 0.3298
227.0000 0.3302
228.0000 0.3305
229.0000 0.3309
230.0000 0.3312
231.0000 0.3315
232.0000 0.3319
233.0000 0.3322
234.0000 0.3325
235.0000 0.3329
236.0000 0.3332
237.0000 0.3335
238.0000 0.3338
239.0000 0.3341
240.0000 0.3344
241.0000 0.3347
242.0000 0.3350
243.0000 0.3353
244.0000 0.3356
245.0000 0.3359
246.0000 0.3361
247.0000 0.3364
248.0000 0.3367
249.0000 0.3370
250.0000 0.3372
251.0000 0.3375
252.0000 0.3378
253.0000 0.3380
254.0000 0.3383
255.0000 0.3385
256.0000 0.3388
257.0000 0.3390
258.0000 0.3392
259.0000 0.3395
260.0000 0.3397
261.0000 0.3399
262.0000 0.3402
263.0000 0.3404
264.0000 0.3406
265.0000 0.3408
266.0000 0.3410
267.0000 0.3413
268.0000 0.3415
269.0000 0.3417
270.0000 0.3419
271.0000 0.3421
272.0000 0.3423
273.0000 0.3425
274.0000 0.3427
275.0000 0.3429
276.0000 0.3431
277.0000 0.3433
278.0000 0.3434
279.0000 0.3436
280.0000 0.3438
281.0000 0.3440
282.0000 0.3442
283.0000 0.3443
284.0000 0.3445
285.0000 0.3447
286.0000 0.3448
287.0000 0.3450
288.0000 0.3452
289.0000 0.3453
290.0000 0.3455
291.0000 0.3456
292.0000 0.3458
293.0000 0.3460
294.0000 0.3461
295.0000 0.3462
296.0000 0.3464
297.0000 0.3465
298.0000 0.3467
299.0000 0.3468
300.0000 0.3470
301.0000 0.3471
302.0000 0.3472
303.0000 0.3474
304.0000 0.3475
305.0000 0.3476
306.0000 0.3478
307.0000 0.3479
308.0000 0.3480
309.0000 0.3481
310.0000 0.3483
311.0000 0.3484
312.0000 0.3485
313.0000 0.3486
314.0000 0.3487
315.0000 0.3489
316.0000 0.3490
317.0000 0.3491
318.0000 0.3492
319.0000 0.3493
320.0000 0.3494
321.0000 0.3495
322.0000 0.3496
323.0000 0.3497
324.0000 0.3498
325.0000 0.3499
326.0000 0.3500
327.0000 0.3501
328.0000 0.3502
329.0000 0.3503
330.0000 0.3504
331.0000 0.3505
332.0000 0.3506
333.0000 0.3507
334.0000 0.3508
335.0000 0.3509
336.0000 0.3510
337.0000 0.3510
338.0000 0.3511
339.0000 0.3512
340.0000 0.3513
341.0000 0.3514
342.0000 0.3515
343.0000 0.3515
344.0000 0.3516
345.0000 0.3517
346.0000 0.3518
347.0000 0.3519
348.0000 0.3519
349.0000 0.3520
350.0000 0.3521
351.0000 0.3522
352.0000 0.3522
353.0000 0.3523
354.0000 0.3524
355.0000 0.3524
