1.0000 0.0000
2.0000 0.0000
3.0000 0.0000
4.0000 0.0000
5.0000 0.0000
6.0000 0.0000
7.0000 0.0000
8.0000 0.0000
9.0000 0.0000
10.0000 0.0000
11.0000 0.0000
12.0000 0.0000
13.0000 0.0000
14.0000 0.0000
15.0000 0.0000
16.0000 0.0000
17.0000 0.0000
18.0000 0.0120
19.0000 0.0120
20.0000 0.0120
21.0000 0.0120
22.0000 0.0240
23.0000 0.0240
24.0000 0.0240
25.0000 0.0240
26.0000 0.0240
27.0000 0.0240
28.0000 0.0240
29.0000 0.0240
30.0000 0.0240
31.0000 0.0240
32.0000 0.0240
33.0000 0.0240
34.0000 0.0360
35.0000 0.0360
36.0000 0.0500
37.0000 0.0500
38.0000 0.0500
39.0000 0.0500
40.0000 0.0500
41.0000 0.0500
42.0000 0.0500
43.0000 0.0620
44.0000 0.0620
45.0000 0.0620
46.0000 0.0740
47.0000 0.0740
48.0000 0.0740
49.0000 0.0740
50.0000 0.0740
51.0000 0.0860
52.0000 0.0860
53.0000 0.0860
54.0000 0.0860
55.0000 0.0860
56.0000 0.1000
57.0000 0.1000
58.0000 0.1000
59.0000 0.1000
60.0000 0.1120
61.0000 0.1120
62.0000 0.1240
63.0000 0.1360
64.0000 0.1360
65.0000 0.1500
66.0000 0.1620
67.0000 0.1620
68.0000 0.1620
69.0000 0.1620
70.0000 0.1620
71.0000 0.1620
72.0000 0.1740
73.0000 0.1740
74.0000 0.1740
75.0000 0.1860
76.0000 0.1860
77.0000 0.1860
78.0000 0.1860
79.0000 0.2000
80.0000 0.2000
81.0000 0.2000
82.0000 0.2000
83.0000 0.2000
84.0000 0.2000
85.0000 0.2120
86.0000 0.2120
87.0000 0.2240
88.0000 0.2360
89.0000 0.2360
90.0000 0.2360
91.0000 0.2360
92.0000 0.2360
93.0000 0.2360
94.0000 0.2360
95.0000 0.2360
96.0000 0.2360
97.0000 0.2360
98.0000 0.2360
99.0000 0.2360
100.0000 0.2500
101.0000 0.2500
102.0000 0.2500
103.0000 0.2620
104.0000 0.2620
105.0000 0.2500
106.0000 0.2620
107.0000 0.2620
108.0000 0.2500
109.0000 0.2500
110.0000 0.2500
111.0000 0.2500
112.0000 0.2500
113.0000 0.2360
114.0000 0.2360
115.0000 0.2360
116.0000 0.2360
117.0000 0.2360
118.0000 0.2360
119.0000 0.2360
120.0000 0.2360
121.0000 0.2360
122.0000 0.2500
123.0000 0.2360
124.0000 0.2360
125.0000 0.2500
126.0000 0.2500
127.0000 0.2500
128.0000 0.2500
129.0000 0.2500
130.0000 0.2500
131.0000 0.2500
132.0000 0.2500
133.0000 0.2500
134.0000 0.2500
135.0000 0.2500
136.0000 0.2500
137.0000 0.2620
138.0000 0.2620
139.0000 0.2620
140.0000 0.2620
141.0000 0.2620
142.0000 0.2620
143.0000 0.2620
144.0000 0.2740
145.0000 0.2740
146.0000 0.2740
147.0000 0.2740
148.0000 0.2740
149.0000 0.2860
150.0000 0.2860
151.0000 0.2860
152.0000 0.2860
153.0000 0.2860
154.0000 0.2860
155.0000 0.2860
156.0000 0.2860
157.0000 0.2860
158.0000 0.2860
159.0000 0.3000
160.0000 0.3000
161.0000 0.3120
162.0000 0.3120
163.0000 0.3120
164.0000 0.3120
165.0000 0.3120
166.0000 0.3120
167.0000 0.3120
168.0000 0.3120
169.0000 0.3000
170.0000 0.3000
171.0000 0.3000
172.0000 0.3000
173.0000 0.3000
174.0000 0.3000
175.0000 0.3000
176.0000 0.3000
177.0000 0.3000
178.0000 0.3000
179.0000 0.3120
180.0000 0.3120
181.0000 0.3120
182.0000 0.3120
183.0000 0.3120
184.0000 0.3120
185.0000 0.3240
186.0000 0.3240
187.0000 0.3240
188.0000 0.3360
189.0000 0.3360
190.0000 0.3360
191.0000 0.3500
192.0000 0.3620
193.0000 0.3620
194.0000 0.3740
195.0000 0.3740
196.0000 0.3740
197.0000 0.3740
198.0000 0.3740
199.0000 0.3740
200.0000 0.3620
201.0000 0.3620
202.0000 0.3620
203.0000 0.3620
204.0000 0.3500
205.0000 0.3500
206.0000 0.3500
207.0000 0.3500
208.0000 0.3500
209.0000 0.3500
210.0000 0.3500
211.0000 0.3500
212.0000 0.3500
213.0000 0.3500
214.0000 0.3360
215.0000 0.3360
216.0000 0.3360
217.0000 0.3360
218.0000 0.3360
219.0000 0.3360
220.0000 0.3500
221.0000 0.3500
222.0000 0.3360
223.0000 0.3360
224.0000 0.3360
225.0000 0.3360
226.0000 0.3360
227.0000 0.3360
228.0000 0.3240
229.0000 0.3240
230.0000 0.3360
231.0000 0.3360
232.0000 0.3360
233.0000 0.3360
234.0000 0.3360
235.0000 0.3360
236.0000 0.3500
237.0000 0.3500
238.0000 0.3500
239.0000 0.3620
240.0000 0.3620
241.0000 0.3620
242.0000 0.3620
243.0000 0.3740
244.0000 0.3740
245.0000 0.3740
246.0000 0.3740
247.0000 0.3740
248.0000 0.3740
249.0000 0.3740
250.0000 0.3740
251.0000 0.3740
252.0000 0.3740
253.0000 0.3740
254.0000 0.3740
255.0000 0.3860
256.0000 0.3860
257.0000 0.3860
258.0000 0.3860
259.0000 0.3860
260.0000 0.3860
261.0000 0.3860
262.0000 0.4000
263.0000 0.4000
264.0000 0.4000
265.0000 0.4000
266.0000 0.4000
267.0000 0.3860
268.0000 0.3860
269.0000 0.3860
270.0000 0.3860
271.0000 0.3860
272.0000 0.3860
273.0000 0.3860
274.0000 0.3860
275.0000 0.3860
276.0000 0.3740
277.0000 0.3740
278.0000 0.3740
279.0000 0.3740
280.0000 0.3740
281.0000 0.3620
282.0000 0.3620
283.0000 0.3740
284.0000 0.3740
285.0000 0.3740
286.0000 0.3740
287.0000 0.3740
288.0000 0.3740
289.0000 0.3740
290.0000 0.3740
291.0000 0.3740
292.0000 0.3740
293.0000 0.3860
294.0000 0.3740
295.0000 0.3740
296.0000 0.3740
297.0000 0.3740
298.0000 0.3740
299.0000 0.3740
300.0000 0.3740
301.0000 0.3740
302.0000 0.3740
303.0000 0.3740
304.0000 0.3740
305.0000 0.3860
306.0000 0.3860
307.0000 0.3860
308.0000 0.3860
309.0000 0.3860
310.0000 0.3860
311.0000 0.3860
312.0000 0.3860
313.0000 0.3860
314.0000 0.3860
315.0000 0.3860
316.0000 0.3860
317.0000 0.3740
318.0000 0.3740
319.0000 0.3740
320.0000 0.3740
321.0000 0.3740
322.0000 0.3740
323.0000 0.3740
324.0000 0.3740
325.0000 0.3740
326.0000 0.3740
327.0000 0.3860
328.0000 0.3860
329.0000 0.3860
330.0000 0.3860
331.0000 0.3860
332.0000 0.4000
333.0000 0.4000
334.0000 0.4000
335.0000 0.4000
336.0000 0.4000
337.0000 0.4000
338.0000 0.4000
339.0000 0.4000
340.0000 0.4000
