1.0000 0.0000
2.0000 0.0000
3.0000 0.0000
4.0000 0.0000
5.0000 0.0060
6.0000 0.0060
7.0000 0.0120
8.0000 0.0120
9.0000 0.0180
10.0000 0.0180
11.0000 0.0180
12.0000 0.0250
13.0000 0.0250
14.0000 0.0250
15.0000 0.0310
16.0000 0.0310
17.0000 0.0310
18.0000 0.0310
19.0000 0.0310
20.0000 0.0370
21.0000 0.0370
22.0000 0.0370
23.0000 0.0370
24.0000 0.0430
25.0000 0.0500
26.0000 0.0500
27.0000 0.0560
28.0000 0.0620
29.0000 0.0680
30.0000 0.0680
31.0000 0.0750
32.0000 0.0750
33.0000 0.0810
34.0000 0.0870
35.0000 0.0870
36.0000 0.0870
37.0000 0.0930
38.0000 0.0930
39.0000 0.1000
40.0000 0.1000
41.0000 0.1000
42.0000 0.1060
43.0000 0.1060
44.0000 0.1120
45.0000 0.1120
46.0000 0.1180
47.0000 0.1180
48.0000 0.1250
49.0000 0.1250
50.0000 0.1310
51.0000 0.1310
52.0000 0.1370
53.0000 0.1430
54.0000 0.1500
55.0000 0.1560
56.0000 0.1620
57.0000 0.1620
58.0000 0.1680
59.0000 0.1750
60.0000 0.1810
61.0000 0.1810
62.0000 0.1870
63.0000 0.1870
64.0000 0.1870
65.0000 0.1930
66.0000 0.1930
67.0000 0.1930
68.0000 0.2000
69.0000 0.2000
70.0000 0.2000
71.0000 0.2060
72.0000 0.2060
73.0000 0.2060
74.0000 0.2120
75.0000 0.2120
76.0000 0.2120
77.0000 0.2180
78.0000 0.2180
79.0000 0.2180
80.0000 0.2180
81.0000 0.2180
82.0000 0.2180
83.0000 0.2180
84.0000 0.2180
85.0000 0.2250
86.0000 0.2250
87.0000 0.2250
88.0000 0.2250
89.0000 0.2250
90.0000 0.2250
91.0000 0.2250
92.0000 0.2250
93.0000 0.2250
94.0000 0.2310
95.0000 0.2310
96.0000 0.2310
97.0000 0.2370
98.0000 0.2370
99.0000 0.2370
100.0000 0.2430
101.0000 0.2430
102.0000 0.2430
103.0000 0.2430
104.0000 0.2430
105.0000 0.2430
106.0000 0.2430
107.0000 0.2500
108.0000 0.2500
109.0000 0.2500
110.0000 0.2560
111.0000 0.2560
112.0000 0.2560
113.0000 0.2560
114.0000 0.2560
115.0000 0.2620
116.0000 0.2620
117.0000 0.2620
118.0000 0.2680
119.0000 0.2680
120.0000 0.2680
121.0000 0.2680
122.0000 0.2680
123.0000 0.2680
124.0000 0.2680
125.0000 0.2680
126.0000 0.2680
127.0000 0.2680
128.0000 0.2680
129.0000 0.2680
130.0000 0.2680
131.0000 0.2680
132.0000 0.2620
133.0000 0.2680
134.0000 0.2680
135.0000 0.2680
136.0000 0.2750
137.0000 0.2750
138.0000 0.2810
139.0000 0.2810
140.0000 0.2810
141.0000 0.2870
142.0000 0.2870
143.0000 0.2870
144.0000 0.2870
145.0000 0.2870
146.0000 0.2930
147.0000 0.2930
148.0000 0.2930
149.0000 0.2930
150.0000 0.2930
151.0000 0.2930
152.0000 0.3000
153.0000 0.3000
154.0000 0.3000
155.0000 0.3000
156.0000 0.2930
157.0000 0.2930
158.0000 0.2930
159.0000 0.2930
160.0000 0.2930
161.0000 0.2930
162.0000 0.2930
163.0000 0.2930
164.0000 0.2930
165.0000 0.2930
166.0000 0.2930
167.0000 0.2930
168.0000 0.2930
169.0000 0.2930
170.0000 0.2930
171.0000 0.2930
172.0000 0.2930
173.0000 0.2930
174.0000 0.2930
175.0000 0.2930
176.0000 0.2930
177.0000 0.3000
178.0000 0.3000
179.0000 0.3000
180.0000 0.3000
181.0000 0.3000
182.0000 0.3060
183.0000 0.3060
184.0000 0.3120
185.0000 0.3120
186.0000 0.3180
187.0000 0.3180
188.0000 0.3180
189.0000 0.3250
190.0000 0.3250
191.0000 0.3250
192.0000 0.3250
193.0000 0.3250
194.0000 0.3250
195.0000 0.3250
196.0000 0.3310
197.0000 0.3310
198.0000 0.3310
199.0000 0.3370
200.0000 0.3310
201.0000 0.3310
202.0000 0.3310
203.0000 0.3250
204.0000 0.3250
205.0000 0.3250
206.0000 0.3250
207.0000 0.3250
208.0000 0.3250
209.0000 0.3250
210.0000 0.3310
211.0000 0.3370
212.0000 0.3370
213.0000 0.3430
214.0000 0.3430
215.0000 0.3430
216.0000 0.3430
217.0000 0.3430
218.0000 0.3430
219.0000 0.3430
220.0000 0.3370
221.0000 0.3370
222.0000 0.3370
223.0000 0.3370
224.0000 0.3370
225.0000 0.3370
226.0000 0.3370
227.0000 0.3370
228.0000 0.3370
229.0000 0.3370
230.0000 0.3370
231.0000 0.3310
232.0000 0.3310
233.0000 0.3310
234.0000 0.3310
235.0000 0.3310
236.0000 0.3310
237.0000 0.3310
238.0000 0.3310
239.0000 0.3310
240.0000 0.3370
241.0000 0.3370
242.0000 0.3370
243.0000 0.3370
244.0000 0.3430
245.0000 0.3430
246.0000 0.3430
247.0000 0.3430
248.0000 0.3430
249.0000 0.3430
250.0000 0.3430
251.0000 0.3430
252.0000 0.3500
253.0000 0.3500
254.0000 0.3500
255.0000 0.3500
256.0000 0.3500
257.0000 0.3500
258.0000 0.3500
259.0000 0.3500
260.0000 0.3430
261.0000 0.3430
262.0000 0.3500
263.0000 0.3500
264.0000 0.3500
265.0000 0.3500
266.0000 0.3500
267.0000 0.3500
268.0000 0.3500
269.0000 0.3560
270.0000 0.3560
271.0000 0.3620
272.0000 0.3620
273.0000 0.3620
274.0000 0.3620
275.0000 0.3620
276.0000 0.3560
277.0000 0.3560
278.0000 0.3560
279.0000 0.3560
280.0000 0.3560
281.0000 0.3560
282.0000 0.3560
283.0000 0.3560
284.0000 0.3560
285.0000 0.3560
286.0000 0.3500
287.0000 0.3500
288.0000 0.3500
289.0000 0.3500
290.0000 0.3500
291.0000 0.3500
292.0000 0.3500
293.0000 0.3500
294.0000 0.3500
295.0000 0.3560
296.0000 0.3560
297.0000 0.3560
298.0000 0.3620
299.0000 0.3620
300.0000 0.3620
301.0000 0.3620
302.0000 0.3620
303.0000 0.3620
304.0000 0.3620
305.0000 0.3560
306.0000 0.3620
307.0000 0.3560
308.0000 0.3560
309.0000 0.3560
310.0000 0.3560
311.0000 0.3560
312.0000 0.3560
313.0000 0.3560
314.0000 0.3560
315.0000 0.3560
316.0000 0.3560
317.0000 0.3560
318.0000 0.3560
319.0000 0.3500
320.0000 0.3500
321.0000 0.3500
322.0000 0.3500
323.0000 0.3430
324.0000 0.3430
325.0000 0.3430
326.0000 0.3430
327.0000 0.3430
328.0000 0.3430
329.0000 0.3370
330.0000 0.3370
331.0000 0.3370
332.0000 0.3370
333.0000 0.3310
334.0000 0.3310
335.0000 0.3310
336.0000 0.3310
337.0000 0.3310
338.0000 0.3310
339.0000 0.3310
340.0000 0.3370
