1.0000 0.0000
2.0000 0.0000
3.0000 0.0000
4.0000 0.0000
5.0000 0.0000
6.0000 0.0000
7.0000 0.0000
8.0000 0.0000
9.0000 0.0000
10.0000 0.0000
11.0000 -0.1612
12.0000 -0.0116
13.0000 -0.0670
14.0000 -0.0508
15.0000 -0.0711
16.0000 -0.0746
17.0000 -0.0848
18.0000 -0.0914
19.0000 -0.0992
20.0000 -0.1061
21.0000 -0.1133
22.0000 -0.1202
23.0000 -0.1270
24.0000 -0.1337
25.0000 -0.1402
26.0000 -0.1465
27.0000 -0.1526
28.0000 -0.1586
29.0000 -0.1644
30.0000 -0.1700
31.0000 -0.1755
32.0000 -0.1807
33.0000 -0.1858
34.0000 -0.1907
35.0000 -0.1954
36.0000 -0.2000
37.0000 -0.2043
38.0000 -0.2086
39.0000 -0.2126
40.0000 -0.2165
41.0000 -0.2202
42.0000 -0.2237
43.0000 -0.2271
44.0000 -0.2304
45.0000 -0.2335
46.0000 -0.2365
47.0000 -0.2393
48.0000 -0.2420
49.0000 -0.2445
50.0000 -0.2470
51.0000 -0.2493
52.0000 -0.2515
53.0000 -0.2536
54.0000 -0.2556
55.0000 -0.2575
56.0000 -0.2593
57.0000 -0.2610
58.0000 -0.2626
59.0000 -0.2642
60.0000 -0.2656
61.0000 -0.2670
62.0000 -0.2683
63.0000 -0.2695
64.0000 -0.2706
65.0000 -0.2717
66.0000 -0.2727
67.0000 -0.2737
68.0000 -0.2746
69.0000 -0.2754
70.0000 -0.2762
71.0000 -0.2770
72.0000 -0.2777
73.0000 -0.2784
74.0000 -0.2790
75.0000 -0.2796
76.0000 -0.2801
77.0000 -0.2807
78.0000 -0.2812
79.0000 -0.2816
80.0000 -0.2820
81.0000 -0.2824
82.0000 -0.2828
83.0000 -0.2832
84.0000 -0.2835
85.0000 -0.2838
86.0000 -0.2841
87.0000 -0.2843
88.0000 -0.2846
89.0000 -0.2848
90.0000 -0.2850
91.0000 -0.2852
92.0000 -0.2854
93.0000 -0.2856
94.0000 -0.2858
95.0000 -0.2859
96.0000 -0.2861
97.0000 -0.2862
98.0000 -0.2863
99.0000 -0.2865
100.0000 -0.2866
101.0000 -0.2867
102.0000 -0.2868
103.0000 -0.2869
104.0000 -0.2869
105.0000 -0.2870
106.0000 -0.2871
107.0000 -0.2872
108.0000 -0.2872
109.0000 -0.2873
110.0000 -0.2874
111.0000 -0.9400
112.0000 -0.6465
113.0000 -0.7857
114.0000 -0.7271
115.0000 -0.7526
116.0000 -0.7360
117.0000 -0.7353
118.0000 -0.7252
119.0000 -0.7177
120.0000 -0.7079
121.0000 -0.6983
122.0000 -0.6881
123.0000 -0.6777
124.0000 -0.6672
125.0000 -0.6565
126.0000 -0.6459
127.0000 -0.6352
128.0000 -0.6245
129.0000 -0.6139
130.0000 -0.6033
131.0000 -0.5928
132.0000 -0.5824
133.0000 -0.5721
134.0000 -0.5619
135.0000 -0.5518
136.0000 -0.5419
137.0000 -0.5322
138.0000 -0.5226
139.0000 -0.5132
140.0000 -0.5040
141.0000 -0.4950
142.0000 -0.4862
143.0000 -0.4776
144.0000 -0.4692
145.0000 -0.4611
146.0000 -0.4531
147.0000 -0.4454
148.0000 -0.4379
149.0000 -0.4307
150.0000 -0.4237
151.0000 -0.4169
152.0000 -0.4104
153.0000 -0.4040
154.0000 -0.3979
155.0000 -0.3921
156.0000 -0.3864
157.0000 -0.3810
158.0000 -0.3758
159.0000 -0.3708
160.0000 -0.3660
161.0000 -0.3614
162.0000 -0.3570
163.0000 -0.3528
164.0000 -0.3487
165.0000 -0.3449
166.0000 -0.3412
167.0000 -0.3377
168.0000 -0.3343
169.0000 -0.3311
170.0000 -0.3281
171.0000 -0.3252
172.0000 -0.3224
173.0000 -0.3198
174.0000 -0.3173
175.0000 -0.3150
176.0000 -0.3127
177.0000 -0.3106
178.0000 -0.3086
179.0000 -0.3067
180.0000 -0.3048
181.0000 -0.3031
182.0000 -0.3015
183.0000 -0.3000
184.0000 -0.2985
185.0000 -0.2971
186.0000 -0.2958
187.0000 -0.2946
188.0000 -0.2934
189.0000 -0.2923
190.0000 -0.2913
191.0000 -0.2903
192.0000 -0.2894
193.0000 -0.2885
194.0000 -0.2877
195.0000 -0.2870
196.0000 -0.2862
197.0000 -0.2856
198.0000 -0.2849
199.0000 -0.2843
200.0000 -0.2838
201.0000 -0.2832
202.0000 -0.2827
203.0000 -0.2823
204.0000 -0.2818
205.0000 -0.2814
206.0000 -0.2810
207.0000 -0.2807
208.0000 -0.2803
209.0000 -0.2800
210.0000 2.0684
211.0000 -0.0762
212.0000 0.9465
213.0000 0.5529
214.0000 0.7937
215.0000 0.7412
216.0000 0.8126
217.0000 0.8207
218.0000 0.8508
219.0000 0.8654
220.0000 0.8819
221.0000 0.8931
222.0000 0.9027
223.0000 0.9095
224.0000 0.9145
225.0000 0.9174
226.0000 0.9188
227.0000 0.9186
228.0000 0.9172
229.0000 0.9145
230.0000 0.9108
231.0000 0.9063
232.0000 0.9009
233.0000 0.8948
234.0000 0.8881
235.0000 0.8810
236.0000 0.8733
237.0000 0.8654
238.0000 0.8571
239.0000 0.8487
240.0000 0.8400
241.0000 0.8313
242.0000 0.8224
243.0000 0.8136
244.0000 0.8047
245.0000 0.7960
246.0000 0.7872
247.0000 0.7786
248.0000 0.7701
249.0000 0.7618
250.0000 0.7536
251.0000 0.7457
252.0000 0.7379
253.0000 0.7303
254.0000 0.7229
255.0000 0.7158
256.0000 0.7089
257.0000 0.7022
258.0000 0.6958
259.0000 0.6896
260.0000 0.6836
261.0000 0.6779
262.0000 0.6724
263.0000 0.6672
264.0000 0.6621
265.0000 0.6573
266.0000 0.6528
267.0000 0.6484
268.0000 0.6442
269.0000 0.6403
270.0000 0.6366
271.0000 0.6330
272.0000 0.6297
273.0000 0.6265
274.0000 0.6235
275.0000 0.6206
276.0000 0.6180
277.0000 0.6154
278.0000 0.6131
279.0000 0.6109
280.0000 0.6088
281.0000 0.6068
282.0000 0.6050
283.0000 0.6033
284.0000 0.6017
285.0000 0.6002
286.0000 0.5988
287.0000 0.5975
288.0000 0.5963
289.0000 0.5952
290.0000 0.5942
291.0000 0.5933
292.0000 0.5924
293.0000 0.5916
294.0000 0.5908
295.0000 0.5902
296.0000 0.5895
297.0000 0.5890
298.0000 0.5885
299.0000 0.5880
300.0000 0.5876
301.0000 0.5872
302.0000 0.5869
303.0000 0.5866
304.0000 0.5863
305.0000 0.5861
306.0000 0.5858
307.0000 0.5857
308.0000 0.5855
309.0000 0.5854
310.0000 0.5853
311.0000 0.9076
312.0000 0.6083
313.0000 0.7190
314.0000 0.6866
315.0000 0.7271
316.0000 0.7342
317.0000 0.7546
318.0000 0.7677
319.0000 0.7833
320.0000 0.7973
321.0000 0.8117
322.0000 0.8255
323.0000 0.8392
324.0000 0.8525
325.0000 0.8656
326.0000 0.8783
327.0000 0.8906
328.0000 0.9027
329.0000 0.9143
330.0000 0.9256
331.0000 0.9366
332.0000 0.9472
333.0000 0.9574
334.0000 0.9673
335.0000 0.9768
336.0000 0.9860
337.0000 0.9948
338.0000 1.0033
339.0000 1.0115
340.0000 1.0193
341.0000 1.0268
342.0000 1.0340
343.0000 1.0408
344.0000 1.0474
345.0000 1.0537
346.0000 1.0597
347.0000 1.0654
348.0000 1.0709
349.0000 1.0761
350.0000 1.0811
351.0000 1.0858
352.0000 1.0903
353.0000 1.0946
354.0000 1.0986
355.0000 1.1024
356.0000 1.1061
357.0000 1.1096
358.0000 1.1128
359.0000 1.1159
360.0000 1.1189
361.0000 1.1216
362.0000 1.1243
363.0000 1.1267
364.0000 1.1291
365.0000 1.1313
366.0000 1.1334
367.0000 1.1353
368.0000 1.1372
369.0000 1.1389
370.0000 1.1406
371.0000 1.1421
372.0000 1.1436
373.0000 1.1450
374.0000 1.1462
375.0000 1.1474
376.0000 1.1486
377.0000 1.1496
378.0000 1.1506
379.0000 1.1516
380.0000 1.1524
381.0000 1.1533
382.0000 1.1540
383.0000 1.1548
384.0000 1.1554
385.0000 1.1561
386.0000 1.1567
387.0000 1.1572
388.0000 1.1577
389.0000 1.1582
390.0000 1.1587
391.0000 1.1591
392.0000 1.1595
393.0000 1.1598
394.0000 1.1602
395.0000 1.1605
396.0000 1.1608
397.0000 1.1611
398.0000 1.1614
399.0000 1.1616
400.0000 1.1618
401.0000 1.1620
402.0000 1.1622
403.0000 1.1624
404.0000 1.1626
405.0000 1.1628
406.0000 1.1629
407.0000 1.1631
408.0000 1.1632
409.0000 1.1633
410.0000 1.1635
411.0000 2.4688
412.0000 1.8817
413.0000 2.1602
414.0000 2.0429
415.0000 2.0940
416.0000 2.0609
417.0000 2.0594
418.0000 2.0391
419.0000 2.0242
420.0000 2.0045
421.0000 1.9854
422.0000 1.9649
423.0000 1.9443
424.0000 1.9231
425.0000 1.9019
426.0000 1.8805
427.0000 1.8591
428.0000 1.8378
429.0000 1.8165
430.0000 1.7954
431.0000 1.7744
432.0000 1.7535
433.0000 1.7329
434.0000 1.7126
435.0000 1.6925
436.0000 1.6727
437.0000 1.6532
438.0000 1.6340
439.0000 1.6153
440.0000 1.5968
441.0000 1.5788
442.0000 1.5612
443.0000 1.5440
444.0000 1.5272
445.0000 1.5109
446.0000 1.4951
447.0000 1.4796
448.0000 1.4647
449.0000 1.4502
450.0000 1.4362
451.0000 1.4226
452.0000 1.4095
453.0000 1.3969
454.0000 1.3847
455.0000 1.3730
456.0000 1.3617
457.0000 1.3508
458.0000 1.3404
459.0000 1.3304
460.0000 1.3208
461.0000 1.3116
462.0000 1.3028
463.0000 1.2943
464.0000 1.2863
465.0000 1.2786
466.0000 1.2712
467.0000 1.2642
468.0000 1.2575
469.0000 1.2511
470.0000 1.2450
471.0000 1.2392
472.0000 1.2337
473.0000 1.2285
474.0000 1.2235
475.0000 1.2188
476.0000 1.2143
477.0000 1.2100
478.0000 1.2060
479.0000 1.2021
480.0000 1.1985
481.0000 1.1951
482.0000 1.1918
483.0000 1.1887
484.0000 1.1858
485.0000 1.1831
486.0000 1.1805
487.0000 1.1780
488.0000 1.1757
489.0000 1.1735
490.0000 1.1714
491.0000 1.1695
492.0000 1.1676
493.0000 1.1659
494.0000 1.1643
495.0000 1.1628
496.0000 1.1613
497.0000 1.1600
498.0000 1.1587
499.0000 1.1575
500.0000 1.1563
501.0000 1.1553
502.0000 1.1543
503.0000 1.1534
504.0000 1.1525
505.0000 1.1517
506.0000 1.1509
507.0000 1.1502
508.0000 1.1495
509.0000 1.1489
510.0000 -3.5479
511.0000 0.7412
512.0000 -1.3042
513.0000 -0.5170
514.0000 -0.9986
515.0000 -0.8935
516.0000 -1.0363
517.0000 -1.0526
518.0000 -1.1128
519.0000 -1.1419
520.0000 -1.1750
521.0000 -1.1973
522.0000 -1.2166
523.0000 -1.2302
524.0000 -1.2401
525.0000 -1.2460
526.0000 -1.2487
527.0000 -1.2484
528.0000 -1.2455
529.0000 -1.2402
530.0000 -1.2329
531.0000 -1.2237
532.0000 -1.2129
533.0000 -1.2008
534.0000 -1.1874
535.0000 -1.1731
536.0000 -1.1579
537.0000 -1.1419
538.0000 -1.1254
539.0000 -1.1085
540.0000 -1.0912
541.0000 -1.0737
542.0000 -1.0561
543.0000 -1.0384
544.0000 -1.0207
545.0000 -1.0031
546.0000 -0.9857
547.0000 -0.9684
548.0000 -0.9515
549.0000 -0.9348
550.0000 -0.9185
551.0000 -0.9025
552.0000 -0.8869
553.0000 -0.8718
554.0000 -0.8571
555.0000 -0.8428
556.0000 -0.8290
557.0000 -0.8156
558.0000 -0.8028
559.0000 -0.7904
560.0000 -0.7784
561.0000 -0.7670
562.0000 -0.7560
563.0000 -0.7455
564.0000 -0.7354
565.0000 -0.7258
566.0000 -0.7167
567.0000 -0.7080
568.0000 -0.6997
569.0000 -0.6918
570.0000 -0.6843
571.0000 -0.6772
572.0000 -0.6705
573.0000 -0.6641
574.0000 -0.6581
575.0000 -0.6524
576.0000 -0.6471
577.0000 -0.6421
578.0000 -0.6373
579.0000 -0.6329
580.0000 -0.6287
581.0000 -0.6248
582.0000 -0.6212
583.0000 -0.6177
584.0000 -0.6146
585.0000 -0.6116
586.0000 -0.6088
587.0000 -0.6062
588.0000 -0.6038
589.0000 -0.6016
590.0000 -0.5996
591.0000 -0.5977
592.0000 -0.5959
593.0000 -0.5943
594.0000 -0.5929
595.0000 -0.5915
596.0000 -0.5903
597.0000 -0.5891
598.0000 -0.5881
599.0000 -0.5872
600.0000 -0.5863
601.0000 -0.5856
602.0000 -0.5849
603.0000 -0.5843
604.0000 -0.5838
605.0000 -0.5833
606.0000 -0.5829
607.0000 -0.5825
608.0000 -0.5822
609.0000 -0.5819
610.0000 -0.5817
611.0000 -1.0651
612.0000 -0.6162
613.0000 -0.7823
614.0000 -0.7335
615.0000 -0.7944
616.0000 -0.8050
617.0000 -0.8355
618.0000 -0.8552
619.0000 -0.8786
620.0000 -0.8996
621.0000 -0.9212
622.0000 -0.9420
623.0000 -0.9625
624.0000 -0.9826
625.0000 -1.0022
626.0000 -1.0212
627.0000 -1.0398
628.0000 -1.0579
629.0000 -1.0754
630.0000 -1.0924
631.0000 -1.1089
632.0000 -1.1248
633.0000 -1.1402
634.0000 -1.1551
635.0000 -1.1694
636.0000 -1.1832
637.0000 -1.1965
638.0000 -1.2092
639.0000 -1.2215
640.0000 -1.2333
641.0000 -1.2446
642.0000 -1.2554
643.0000 -1.2657
644.0000 -1.2756
645.0000 -1.2851
646.0000 -1.2942
647.0000 -1.3028
648.0000 -1.3110
649.0000 -1.3189
650.0000 -1.3263
651.0000 -1.3334
652.0000 -1.3402
653.0000 -1.3466
654.0000 -1.3527
655.0000 -1.3585
656.0000 -1.3640
657.0000 -1.3693
658.0000 -1.3742
659.0000 -1.3789
660.0000 -1.3833
661.0000 -1.3875
662.0000 -1.3915
663.0000 -1.3952
664.0000 -1.3987
665.0000 -1.4021
666.0000 -1.4052
667.0000 -1.4082
668.0000 -1.4110
669.0000 -1.4136
670.0000 -1.4161
671.0000 -1.4184
672.0000 -1.4206
673.0000 -1.4227
674.0000 -1.4246
675.0000 -1.4265
676.0000 -1.4282
677.0000 -1.4298
678.0000 -1.4313
679.0000 -1.4327
680.0000 -1.4340
681.0000 -1.4353
682.0000 -1.4364
683.0000 -1.4375
684.0000 -1.4386
685.0000 -1.4395
686.0000 -1.4404
687.0000 -1.4412
688.0000 -1.4420
689.0000 -1.4428
690.0000 -1.4434
691.0000 -1.4441
692.0000 -1.4447
693.0000 -1.4452
694.0000 -1.4458
695.0000 -1.4463
696.0000 -1.4467
697.0000 -1.4471
698.0000 -1.4475
699.0000 -1.4479
700.0000 -1.4483
701.0000 -1.4486
702.0000 -1.4489
703.0000 -1.4492
704.0000 -1.4495
705.0000 -1.4497
706.0000 -1.4499
707.0000 -1.4502
708.0000 -1.4504
709.0000 -1.4506
710.0000 -1.4508
711.0000 -3.4087
712.0000 -2.5281
713.0000 -2.9459
714.0000 -2.7699
715.0000 -2.8466
716.0000 -2.7969
717.0000 -2.7946
718.0000 -2.7643
719.0000 -2.7418
720.0000 -2.7124
721.0000 -2.6837
722.0000 -2.6530
723.0000 -2.6220
724.0000 -2.5903
725.0000 -2.5584
726.0000 -2.5264
727.0000 -2.4943
728.0000 -2.4623
729.0000 -2.4304
730.0000 -2.3986
731.0000 -2.3671
732.0000 -2.3359
733.0000 -2.3050
734.0000 -2.2745
735.0000 -2.2443
736.0000 -2.2146
737.0000 -2.1854
738.0000 -2.1567
739.0000 -2.1285
740.0000 -2.1008
741.0000 -2.0738
742.0000 -2.0474
743.0000 -2.0216
744.0000 -1.9965
745.0000 -1.9720
746.0000 -1.9482
747.0000 -1.9251
748.0000 -1.9026
749.0000 -1.8809
750.0000 -1.8599
751.0000 -1.8395
752.0000 -1.8199
753.0000 -1.8009
754.0000 -1.7826
755.0000 -1.7650
756.0000 -1.7481
757.0000 -1.7318
758.0000 -1.7162
759.0000 -1.7011
760.0000 -1.6867
761.0000 -1.6729
762.0000 -1.6597
763.0000 -1.6471
764.0000 -1.6350
765.0000 -1.6234
766.0000 -1.6124
767.0000 -1.6019
768.0000 -1.5918
769.0000 -1.5822
770.0000 -1.5731
771.0000 -1.5644
772.0000 -1.5562
773.0000 -1.5483
774.0000 -1.5408
775.0000 -1.5337
776.0000 -1.5270
777.0000 -1.5206
778.0000 -1.5145
779.0000 -1.5088
780.0000 -1.5033
781.0000 -1.4982
782.0000 -1.4933
783.0000 -1.4887
784.0000 -1.4843
785.0000 -1.4802
786.0000 -1.4763
787.0000 -1.4726
788.0000 -1.4691
789.0000 -1.4658
790.0000 -1.4627
791.0000 -1.4598
792.0000 -1.4571
793.0000 -1.4545
794.0000 -1.4520
795.0000 -1.4497
796.0000 -1.4476
797.0000 -1.4455
798.0000 -1.4436
799.0000 -1.4418
800.0000 -1.4401
801.0000 -1.4385
802.0000 -1.4370
803.0000 -1.4356
804.0000 -1.4343
805.0000 -1.4331
806.0000 -1.4319
807.0000 -1.4308
808.0000 -1.4298
809.0000 -1.4289
810.0000 5.6163
811.0000 -0.8174
812.0000 2.2506
813.0000 1.0698
814.0000 1.7924
815.0000 1.6346
816.0000 1.8489
817.0000 1.8733
818.0000 1.9637
819.0000 2.0072
820.0000 2.0568
821.0000 2.0904
822.0000 2.1193
823.0000 2.1398
824.0000 2.1546
825.0000 2.1635
826.0000 2.1675
827.0000 2.1671
828.0000 2.1627
829.0000 2.1548
830.0000 2.1437
831.0000 2.1300
832.0000 2.1138
833.0000 2.0956
834.0000 2.0756
835.0000 2.0540
836.0000 2.0312
837.0000 2.0073
838.0000 1.9826
839.0000 1.9572
840.0000 1.9312
841.0000 1.9050
842.0000 1.8785
843.0000 1.8519
844.0000 1.8254
845.0000 1.7990
846.0000 1.7729
847.0000 1.7471
848.0000 1.7216
849.0000 1.6966
850.0000 1.6721
851.0000 1.6482
852.0000 1.6248
853.0000 1.6021
854.0000 1.5800
855.0000 1.5586
856.0000 1.5379
857.0000 1.5178
858.0000 1.4985
859.0000 1.4799
860.0000 1.4621
861.0000 1.4449
862.0000 1.4284
863.0000 1.4127
864.0000 1.3976
865.0000 1.3832
866.0000 1.3694
867.0000 1.3564
868.0000 1.3439
869.0000 1.3321
870.0000 1.3209
871.0000 1.3102
872.0000 1.3001
873.0000 1.2906
874.0000 1.2816
875.0000 1.2731
876.0000 1.2651
877.0000 1.2575
878.0000 1.2504
879.0000 1.2438
880.0000 1.2375
881.0000 1.2316
882.0000 1.2262
883.0000 1.2210
884.0000 1.2162
885.0000 1.2118
886.0000 1.2076
887.0000 1.2038
888.0000 1.2002
889.0000 1.1969
890.0000 1.1938
891.0000 1.1909
892.0000 1.1883
893.0000 1.1859
894.0000 1.1837
895.0000 1.1817
896.0000 1.1798
897.0000 1.1781
898.0000 1.1766
899.0000 1.1752
900.0000 1.1739
901.0000 1.1728
902.0000 1.1718
903.0000 1.1709
904.0000 1.1701
905.0000 1.1693
906.0000 1.1687
907.0000 1.1682
908.0000 1.1677
909.0000 1.1673
910.0000 1.1670
