1.0000 0.0000
2.0000 0.0000
3.0000 0.0000
4.0000 0.0000
5.0000 0.0000
6.0000 0.0000
7.0000 0.0000
8.0000 0.0000
9.0000 0.0000
10.0000 0.0000
11.0000 0.0686
12.0000 0.0477
13.0000 0.0560
14.0000 0.0527
15.0000 0.0574
16.0000 0.0602
17.0000 0.0644
18.0000 0.0678
19.0000 0.0711
20.0000 0.0739
21.0000 0.0764
22.0000 0.0785
23.0000 0.0802
24.0000 0.0815
25.0000 0.0824
26.0000 0.0830
27.0000 0.0833
28.0000 0.0833
29.0000 0.0831
30.0000 0.0826
31.0000 0.0819
32.0000 0.0809
33.0000 0.0799
34.0000 0.0786
35.0000 0.0772
36.0000 0.0757
37.0000 0.0741
38.0000 0.0724
39.0000 0.0707
40.0000 0.0688
41.0000 0.0670
42.0000 0.0650
43.0000 0.0631
44.0000 0.0612
45.0000 0.0592
46.0000 0.0572
47.0000 0.0553
48.0000 0.0533
49.0000 0.0514
50.0000 0.0495
51.0000 0.0476
52.0000 0.0457
53.0000 0.0439
54.0000 0.0421
55.0000 0.0404
56.0000 0.0387
57.0000 0.0370
58.0000 0.0354
59.0000 0.0338
60.0000 0.0323
61.0000 0.0308
62.0000 0.0294
63.0000 0.0280
64.0000 0.0267
65.0000 0.0254
66.0000 0.0241
67.0000 0.0229
68.0000 0.0218
69.0000 0.0207
70.0000 0.0196
71.0000 0.0186
72.0000 0.0176
73.0000 0.0167
74.0000 0.0158
75.0000 0.0150
76.0000 0.0141
77.0000 0.0134
78.0000 0.0126
79.0000 0.0119
80.0000 0.0112
81.0000 0.0106
82.0000 0.0100
83.0000 0.0094
84.0000 0.0089
85.0000 0.0084
86.0000 0.0079
87.0000 0.0074
88.0000 0.0069
89.0000 0.0065
90.0000 0.0061
91.0000 0.0058
92.0000 0.0054
93.0000 0.0051
94.0000 0.0048
95.0000 0.0045
96.0000 0.0042
97.0000 0.0039
98.0000 0.0037
99.0000 0.0034
100.0000 0.0032
101.0000 0.0030
102.0000 0.0028
103.0000 0.0027
104.0000 0.0025
105.0000 0.0023
106.0000 0.0022
107.0000 0.0020
108.0000 0.0019
109.0000 0.0018
110.0000 0.0017
111.0000 0.2795
112.0000 0.3275
113.0000 0.4075
114.0000 0.4217
115.0000 0.4280
116.0000 0.4111
117.0000 0.3862
118.0000 0.3529
119.0000 0.3163
120.0000 0.2777
121.0000 0.2393
122.0000 0.2018
123.0000 0.1663
124.0000 0.1330
125.0000 0.1023
126.0000 0.0743
127.0000 0.0489
128.0000 0.0261
129.0000 0.0058
130.0000 -0.0122
131.0000 -0.0281
132.0000 -0.0421
133.0000 -0.0542
134.0000 -0.0647
135.0000 -0.0738
136.0000 -0.0815
137.0000 -0.0881
138.0000 -0.0936
139.0000 -0.0981
140.0000 -0.1018
141.0000 -0.1047
142.0000 -0.1069
143.0000 -0.1085
144.0000 -0.1096
145.0000 -0.1102
146.0000 -0.1103
147.0000 -0.1101
148.0000 -0.1095
149.0000 -0.1086
150.0000 -0.1075
151.0000 -0.1061
152.0000 -0.1045
153.0000 -0.1027
154.0000 -0.1007
155.0000 -0.0987
156.0000 -0.0965
157.0000 -0.0942
158.0000 -0.0918
159.0000 -0.0894
160.0000 -0.0869
161.0000 -0.0844
162.0000 -0.0818
163.0000 -0.0793
164.0000 -0.0767
165.0000 -0.0742
166.0000 -0.0716
167.0000 -0.0691
168.0000 -0.0666
169.0000 -0.0642
170.0000 -0.0618
171.0000 -0.0594
172.0000 -0.0570
173.0000 -0.0548
174.0000 -0.0525
175.0000 -0.0503
176.0000 -0.0482
177.0000 -0.0462
178.0000 -0.0441
179.0000 -0.0422
180.0000 -0.0403
181.0000 -0.0385
182.0000 -0.0367
183.0000 -0.0350
184.0000 -0.0334
185.0000 -0.0318
186.0000 -0.0302
187.0000 -0.0288
188.0000 -0.0274
189.0000 -0.0260
190.0000 -0.0247
191.0000 -0.0235
192.0000 -0.0223
193.0000 -0.0211
194.0000 -0.0200
195.0000 -0.0190
196.0000 -0.0180
197.0000 -0.0170
198.0000 -0.0161
199.0000 -0.0152
200.0000 -0.0144
201.0000 -0.0136
202.0000 -0.0128
203.0000 -0.0121
204.0000 -0.0114
205.0000 -0.0108
206.0000 -0.0102
207.0000 -0.0096
208.0000 -0.0091
209.0000 -0.0085
210.0000 -0.0080
211.0000 0.2829
212.0000 0.0617
213.0000 0.1150
214.0000 0.0764
215.0000 0.1038
216.0000 0.1207
217.0000 0.1572
218.0000 0.1959
219.0000 0.2414
220.0000 0.2892
221.0000 0.3390
222.0000 0.3892
223.0000 0.4393
224.0000 0.4884
225.0000 0.5361
226.0000 0.5820
227.0000 0.6259
228.0000 0.6676
229.0000 0.7069
230.0000 0.7439
231.0000 0.7785
232.0000 0.8107
233.0000 0.8407
234.0000 0.8684
235.0000 0.8939
236.0000 0.9174
237.0000 0.9388
238.0000 0.9585
239.0000 0.9763
240.0000 0.9924
241.0000 1.0070
242.0000 1.0201
243.0000 1.0318
244.0000 1.0422
245.0000 1.0513
246.0000 1.0594
247.0000 1.0664
248.0000 1.0724
249.0000 1.0775
250.0000 1.0818
251.0000 1.0853
252.0000 1.0882
253.0000 1.0904
254.0000 1.0920
255.0000 1.0931
256.0000 1.0937
257.0000 1.0938
258.0000 1.0936
259.0000 1.0930
260.0000 1.0921
261.0000 1.0910
262.0000 1.0896
263.0000 1.0879
264.0000 1.0861
265.0000 1.0842
266.0000 1.0821
267.0000 1.0799
268.0000 1.0776
269.0000 1.0752
270.0000 1.0728
271.0000 1.0703
272.0000 1.0678
273.0000 1.0653
274.0000 1.0628
275.0000 1.0603
276.0000 1.0578
277.0000 1.0554
278.0000 1.0530
279.0000 1.0506
280.0000 1.0483
281.0000 1.0460
282.0000 1.0438
283.0000 1.0416
284.0000 1.0395
285.0000 1.0375
286.0000 1.0355
287.0000 1.0336
288.0000 1.0317
289.0000 1.0299
290.0000 1.0282
291.0000 1.0266
292.0000 1.0250
293.0000 1.0235
294.0000 1.0220
295.0000 1.0207
296.0000 1.0193
297.0000 1.0181
298.0000 1.0169
299.0000 1.0157
300.0000 1.0147
301.0000 1.0136
302.0000 1.0126
303.0000 1.0117
304.0000 1.0108
305.0000 1.0100
306.0000 1.0092
307.0000 1.0085
308.0000 1.0078
309.0000 1.0071
310.0000 1.0065
311.0000 0.8686
312.0000 0.9100
313.0000 0.8929
314.0000 0.8990
315.0000 0.8891
316.0000 0.8832
317.0000 0.8745
318.0000 0.8673
319.0000 0.8603
320.0000 0.8543
321.0000 0.8490
322.0000 0.8446
323.0000 0.8410
324.0000 0.8382
325.0000 0.8361
326.0000 0.8347
327.0000 0.8339
328.0000 0.8337
329.0000 0.8341
330.0000 0.8349
331.0000 0.8362
332.0000 0.8380
333.0000 0.8400
334.0000 0.8424
335.0000 0.8451
336.0000 0.8481
337.0000 0.8512
338.0000 0.8545
339.0000 0.8580
340.0000 0.8616
341.0000 0.8653
342.0000 0.8691
343.0000 0.8730
344.0000 0.8768
345.0000 0.8808
346.0000 0.8847
347.0000 0.8886
348.0000 0.8925
349.0000 0.8963
350.0000 0.9001
351.0000 0.9039
352.0000 0.9076
353.0000 0.9113
354.0000 0.9148
355.0000 0.9183
356.0000 0.9217
357.0000 0.9251
358.0000 0.9283
359.0000 0.9315
360.0000 0.9346
361.0000 0.9375
362.0000 0.9404
363.0000 0.9432
364.0000 0.9459
365.0000 0.9485
366.0000 0.9510
367.0000 0.9534
368.0000 0.9557
369.0000 0.9580
370.0000 0.9601
371.0000 0.9622
372.0000 0.9641
373.0000 0.9660
374.0000 0.9678
375.0000 0.9695
376.0000 0.9712
377.0000 0.9728
378.0000 0.9743
379.0000 0.9757
380.0000 0.9770
381.0000 0.9783
382.0000 0.9796
383.0000 0.9807
384.0000 0.9819
385.0000 0.9829
386.0000 0.9839
387.0000 0.9849
388.0000 0.9858
389.0000 0.9866
390.0000 0.9874
391.0000 0.9882
392.0000 0.9889
393.0000 0.9896
394.0000 0.9902
395.0000 0.9908
396.0000 0.9914
397.0000 0.9919
398.0000 0.9924
399.0000 0.9929
400.0000 0.9933
401.0000 0.9938
402.0000 0.9942
403.0000 0.9945
404.0000 0.9949
405.0000 0.9952
406.0000 0.9955
407.0000 0.9958
408.0000 0.9960
409.0000 0.9963
410.0000 0.9965
411.0000 0.4409
412.0000 0.3449
413.0000 0.1848
414.0000 0.1565
415.0000 0.1439
416.0000 0.1778
417.0000 0.2276
418.0000 0.2942
419.0000 0.3674
420.0000 0.4445
421.0000 0.5214
422.0000 0.5962
423.0000 0.6674
424.0000 0.7339
425.0000 0.7953
426.0000 0.8514
427.0000 0.9021
428.0000 0.9477
429.0000 0.9884
430.0000 1.0244
431.0000 1.0562
432.0000 1.0841
433.0000 1.1084
434.0000 1.1294
435.0000 1.1475
436.0000 1.1630
437.0000 1.1761
438.0000 1.1871
439.0000 1.1961
440.0000 1.2035
441.0000 1.2093
442.0000 1.2138
443.0000 1.2170
444.0000 1.2192
445.0000 1.2203
446.0000 1.2206
447.0000 1.2202
448.0000 1.2190
449.0000 1.2172
450.0000 1.2149
451.0000 1.2121
452.0000 1.2089
453.0000 1.2054
454.0000 1.2015
455.0000 1.1973
456.0000 1.1929
457.0000 1.1884
458.0000 1.1836
459.0000 1.1788
460.0000 1.1738
461.0000 1.1688
462.0000 1.1637
463.0000 1.1586
464.0000 1.1535
465.0000 1.1484
466.0000 1.1433
467.0000 1.1383
468.0000 1.1333
469.0000 1.1284
470.0000 1.1235
471.0000 1.1187
472.0000 1.1141
473.0000 1.1095
474.0000 1.1050
475.0000 1.1007
476.0000 1.0964
477.0000 1.0923
478.0000 1.0883
479.0000 1.0844
480.0000 1.0806
481.0000 1.0770
482.0000 1.0734
483.0000 1.0700
484.0000 1.0667
485.0000 1.0636
486.0000 1.0605
487.0000 1.0576
488.0000 1.0547
489.0000 1.0520
490.0000 1.0494
491.0000 1.0469
492.0000 1.0445
493.0000 1.0422
494.0000 1.0400
495.0000 1.0379
496.0000 1.0359
497.0000 1.0340
498.0000 1.0322
499.0000 1.0304
500.0000 1.0288
501.0000 1.0272
502.0000 1.0257
503.0000 1.0243
504.0000 1.0229
505.0000 1.0216
506.0000 1.0204
507.0000 1.0192
508.0000 1.0181
509.0000 1.0171
510.0000 1.0161
511.0000 0.4342
512.0000 0.8766
513.0000 0.7700
514.0000 0.8471
515.0000 0.7924
516.0000 0.7586
517.0000 0.6857
518.0000 0.6082
519.0000 0.5171
520.0000 0.4217
521.0000 0.3220
522.0000 0.2216
523.0000 0.1214
524.0000 0.0232
525.0000 -0.0722
526.0000 -0.1641
527.0000 -0.2518
528.0000 -0.3352
529.0000 -0.4138
530.0000 -0.4878
531.0000 -0.5570
532.0000 -0.6215
533.0000 -0.6813
534.0000 -0.7367
535.0000 -0.7878
536.0000 -0.8347
537.0000 -0.8777
538.0000 -0.9169
539.0000 -0.9526
540.0000 -0.9849
541.0000 -1.0140
542.0000 -1.0402
543.0000 -1.0635
544.0000 -1.0843
545.0000 -1.1027
546.0000 -1.1187
547.0000 -1.1327
548.0000 -1.1448
549.0000 -1.1550
550.0000 -1.1636
551.0000 -1.1707
552.0000 -1.1764
553.0000 -1.1808
554.0000 -1.1840
555.0000 -1.1861
556.0000 -1.1873
557.0000 -1.1877
558.0000 -1.1872
559.0000 -1.1860
560.0000 -1.1843
561.0000 -1.1819
562.0000 -1.1791
563.0000 -1.1759
564.0000 -1.1723
565.0000 -1.1683
566.0000 -1.1641
567.0000 -1.1597
568.0000 -1.1551
569.0000 -1.1504
570.0000 -1.1455
571.0000 -1.1406
572.0000 -1.1356
573.0000 -1.1306
574.0000 -1.1256
575.0000 -1.1206
576.0000 -1.1157
577.0000 -1.1108
578.0000 -1.1059
579.0000 -1.1012
580.0000 -1.0965
581.0000 -1.0920
582.0000 -1.0875
583.0000 -1.0832
584.0000 -1.0790
585.0000 -1.0749
586.0000 -1.0710
587.0000 -1.0671
588.0000 -1.0635
589.0000 -1.0599
590.0000 -1.0565
591.0000 -1.0532
592.0000 -1.0500
593.0000 -1.0470
594.0000 -1.0441
595.0000 -1.0413
596.0000 -1.0387
597.0000 -1.0362
598.0000 -1.0338
599.0000 -1.0315
600.0000 -1.0293
601.0000 -1.0272
602.0000 -1.0253
603.0000 -1.0234
604.0000 -1.0217
605.0000 -1.0200
606.0000 -1.0185
607.0000 -1.0170
608.0000 -1.0156
609.0000 -1.0143
610.0000 -1.0130
611.0000 -0.8059
612.0000 -0.8677
613.0000 -0.8418
614.0000 -0.8507
615.0000 -0.8356
616.0000 -0.8265
617.0000 -0.8133
618.0000 -0.8023
619.0000 -0.7917
620.0000 -0.7825
621.0000 -0.7745
622.0000 -0.7678
623.0000 -0.7622
624.0000 -0.7578
625.0000 -0.7546
626.0000 -0.7523
627.0000 -0.7511
628.0000 -0.7507
629.0000 -0.7512
630.0000 -0.7524
631.0000 -0.7543
632.0000 -0.7569
633.0000 -0.7599
634.0000 -0.7635
635.0000 -0.7675
636.0000 -0.7718
637.0000 -0.7765
638.0000 -0.7815
639.0000 -0.7867
640.0000 -0.7921
641.0000 -0.7976
642.0000 -0.8033
643.0000 -0.8090
644.0000 -0.8148
645.0000 -0.8207
646.0000 -0.8266
647.0000 -0.8324
648.0000 -0.8382
649.0000 -0.8440
650.0000 -0.8498
651.0000 -0.8554
652.0000 -0.8610
653.0000 -0.8664
654.0000 -0.8718
655.0000 -0.8771
656.0000 -0.8822
657.0000 -0.8872
658.0000 -0.8921
659.0000 -0.8968
660.0000 -0.9014
661.0000 -0.9059
662.0000 -0.9102
663.0000 -0.9144
664.0000 -0.9185
665.0000 -0.9224
666.0000 -0.9261
667.0000 -0.9298
668.0000 -0.9333
669.0000 -0.9366
670.0000 -0.9398
671.0000 -0.9429
672.0000 -0.9459
673.0000 -0.9487
674.0000 -0.9514
675.0000 -0.9540
676.0000 -0.9565
677.0000 -0.9589
678.0000 -0.9611
679.0000 -0.9633
680.0000 -0.9653
681.0000 -0.9673
682.0000 -0.9691
683.0000 -0.9709
684.0000 -0.9726
685.0000 -0.9742
686.0000 -0.9757
687.0000 -0.9771
688.0000 -0.9785
689.0000 -0.9798
690.0000 -0.9810
691.0000 -0.9821
692.0000 -0.9832
693.0000 -0.9842
694.0000 -0.9852
695.0000 -0.9861
696.0000 -0.9869
697.0000 -0.9878
698.0000 -0.9885
699.0000 -0.9892
700.0000 -0.9899
701.0000 -0.9905
702.0000 -0.9911
703.0000 -0.9917
704.0000 -0.9922
705.0000 -0.9927
706.0000 -0.9932
707.0000 -0.9936
708.0000 -0.9940
709.0000 -0.9944
710.0000 -0.9947
711.0000 -0.1613
712.0000 -0.0173
713.0000 0.2228
714.0000 0.2652
715.0000 0.2843
716.0000 0.2334
717.0000 0.1587
718.0000 0.0588
719.0000 -0.0510
720.0000 -0.1667
721.0000 -0.2821
722.0000 -0.3943
723.0000 -0.5010
724.0000 -0.6008
725.0000 -0.6929
726.0000 -0.7771
727.0000 -0.8532
728.0000 -0.9216
729.0000 -0.9826
730.0000 -1.0366
731.0000 -1.0843
732.0000 -1.1261
733.0000 -1.1626
734.0000 -1.1941
735.0000 -1.2213
736.0000 -1.2445
737.0000 -1.2642
738.0000 -1.2806
739.0000 -1.2942
740.0000 -1.3052
741.0000 -1.3140
742.0000 -1.3207
743.0000 -1.3255
744.0000 -1.3288
745.0000 -1.3305
746.0000 -1.3310
747.0000 -1.3303
748.0000 -1.3285
749.0000 -1.3258
750.0000 -1.3224
751.0000 -1.3182
752.0000 -1.3134
753.0000 -1.3080
754.0000 -1.3022
755.0000 -1.2960
756.0000 -1.2894
757.0000 -1.2825
758.0000 -1.2754
759.0000 -1.2681
760.0000 -1.2607
761.0000 -1.2532
762.0000 -1.2455
763.0000 -1.2379
764.0000 -1.2302
765.0000 -1.2225
766.0000 -1.2149
767.0000 -1.2074
768.0000 -1.1999
769.0000 -1.1925
770.0000 -1.1853
771.0000 -1.1781
772.0000 -1.1711
773.0000 -1.1643
774.0000 -1.1576
775.0000 -1.1510
776.0000 -1.1447
777.0000 -1.1385
778.0000 -1.1324
779.0000 -1.1266
780.0000 -1.1209
781.0000 -1.1155
782.0000 -1.1102
783.0000 -1.1050
784.0000 -1.1001
785.0000 -1.0953
786.0000 -1.0907
787.0000 -1.0863
788.0000 -1.0821
789.0000 -1.0780
790.0000 -1.0741
791.0000 -1.0704
792.0000 -1.0668
793.0000 -1.0633
794.0000 -1.0600
795.0000 -1.0569
796.0000 -1.0539
797.0000 -1.0510
798.0000 -1.0483
799.0000 -1.0457
800.0000 -1.0432
801.0000 -1.0408
802.0000 -1.0385
803.0000 -1.0364
804.0000 -1.0344
805.0000 -1.0324
806.0000 -1.0306
807.0000 -1.0288
808.0000 -1.0272
809.0000 -1.0256
810.0000 -1.0241
811.0000 -0.1512
812.0000 -0.8149
813.0000 -0.6549
814.0000 -0.7707
815.0000 -0.6886
816.0000 -0.6379
817.0000 -0.5285
818.0000 -0.4124
819.0000 -0.2757
820.0000 -0.1325
821.0000 0.0169
822.0000 0.1676
823.0000 0.3179
824.0000 0.4652
825.0000 0.6083
826.0000 0.7461
827.0000 0.8777
828.0000 1.0027
829.0000 1.1208
830.0000 1.2317
831.0000 1.3355
832.0000 1.4322
833.0000 1.5220
834.0000 1.6051
835.0000 1.6817
836.0000 1.7521
837.0000 1.8165
838.0000 1.8754
839.0000 1.9288
840.0000 1.9773
841.0000 2.0210
842.0000 2.0602
843.0000 2.0953
844.0000 2.1265
845.0000 2.1540
846.0000 2.1781
847.0000 2.1991
848.0000 2.2172
849.0000 2.2325
850.0000 2.2454
851.0000 2.2560
852.0000 2.2645
853.0000 2.2711
854.0000 2.2760
855.0000 2.2792
856.0000 2.2810
857.0000 2.2815
858.0000 2.2808
859.0000 2.2791
860.0000 2.2764
861.0000 2.2729
862.0000 2.2687
863.0000 2.2638
864.0000 2.2584
865.0000 2.2525
866.0000 2.2462
867.0000 2.2396
868.0000 2.2327
869.0000 2.2255
870.0000 2.2183
871.0000 2.2109
872.0000 2.2034
873.0000 2.1959
874.0000 2.1884
875.0000 2.1809
876.0000 2.1735
877.0000 2.1661
878.0000 2.1589
879.0000 2.1518
880.0000 2.1448
881.0000 2.1380
882.0000 2.1313
883.0000 2.1248
884.0000 2.1185
885.0000 2.1124
886.0000 2.1065
887.0000 2.1007
888.0000 2.0952
889.0000 2.0898
890.0000 2.0847
891.0000 2.0798
892.0000 2.0750
893.0000 2.0705
894.0000 2.0662
895.0000 2.0620
896.0000 2.0580
897.0000 2.0542
898.0000 2.0506
899.0000 2.0472
900.0000 2.0440
901.0000 2.0409
902.0000 2.0379
903.0000 2.0351
904.0000 2.0325
905.0000 2.0300
906.0000 2.0277
907.0000 2.0255
908.0000 2.0234
909.0000 2.0214
910.0000 2.0196
