1.0000 0.0000
2.0000 0.0000
3.0000 0.0000
4.0000 0.0000
5.0000 0.0000
6.0000 0.0000
7.0000 0.0000
8.0000 0.0000
9.0000 0.0000
10.0000 13.3642
11.0000 -11.3126
12.0000 13.3643
13.0000 -11.3126
14.0000 13.3643
15.0000 -11.3127
16.0000 13.3644
17.0000 -11.3128
18.0000 13.3644
19.0000 -11.3128
20.0000 13.3645
21.0000 -11.3129
22.0000 13.3645
23.0000 -11.3129
24.0000 13.3646
25.0000 -11.3130
26.0000 13.3647
27.0000 -11.3130
28.0000 13.3647
29.0000 -11.3131
30.0000 13.3648
31.0000 -11.3132
32.0000 13.3648
33.0000 -11.3132
34.0000 13.3649
35.0000 -11.3133
36.0000 13.3649
37.0000 -11.3133
38.0000 13.3650
39.0000 -11.3134
40.0000 13.3651
41.0000 -11.3134
42.0000 13.3651
43.0000 -11.3135
44.0000 13.3652
45.0000 -11.3136
46.0000 13.3652
47.0000 -11.3136
48.0000 13.3653
49.0000 -11.3137
50.0000 13.3653
51.0000 -11.3137
52.0000 13.3654
53.0000 -11.3138
54.0000 13.3655
55.0000 -11.3138
56.0000 13.3655
57.0000 -11.3139
58.0000 13.3656
59.0000 -11.3140
60.0000 13.3656
61.0000 -11.3140
62.0000 13.3657
63.0000 -11.3141
64.0000 13.3657
65.0000 -11.3141
66.0000 13.3658
67.0000 -11.3142
68.0000 13.3659
69.0000 -11.3142
70.0000 13.3659
71.0000 -11.3143
72.0000 13.3660
73.0000 -11.3144
74.0000 13.3660
75.0000 -11.3144
76.0000 13.3661
77.0000 -11.3145
78.0000 13.3661
79.0000 -11.3145
80.0000 13.3662
81.0000 -11.3146
82.0000 13.3663
83.0000 -11.3146
84.0000 13.3663
85.0000 -11.3147
86.0000 13.3664
87.0000 -11.3148
88.0000 13.3664
89.0000 -11.3148
90.0000 13.3665
91.0000 -11.3149
92.0000 13.3665
93.0000 -11.3149
94.0000 13.3666
95.0000 -11.3150
96.0000 13.3667
97.0000 -11.3150
98.0000 13.3667
99.0000 -11.3151
100.0000 13.3668
101.0000 -11.3152
102.0000 13.3668
103.0000 -11.3152
104.0000 13.3669
105.0000 -11.3153
106.0000 13.3669
107.0000 -11.3153
108.0000 13.3670
109.0000 -11.3154
110.0000 13.3671
111.0000 -11.3154
112.0000 13.3671
113.0000 -11.3155
114.0000 13.3672
115.0000 -11.3156
116.0000 13.3672
117.0000 -11.3156
118.0000 13.3673
119.0000 -11.3157
120.0000 13.3673
121.0000 -11.3157
122.0000 13.3674
123.0000 -11.3158
124.0000 13.3675
125.0000 -11.3158
126.0000 13.3675
127.0000 -11.3159
128.0000 13.3676
129.0000 -11.3160
130.0000 13.3676
131.0000 -11.3160
132.0000 13.3677
133.0000 -11.3161
134.0000 13.3677
135.0000 -11.3161
136.0000 13.3678
137.0000 -11.3162
138.0000 13.3679
139.0000 -11.3162
140.0000 13.3679
141.0000 -11.3163
142.0000 13.3680
143.0000 -11.3164
144.0000 13.3680
145.0000 -11.3164
146.0000 13.3681
147.0000 -11.3165
148.0000 13.3681
149.0000 -11.3165
150.0000 13.3682
151.0000 -11.3166
152.0000 13.3683
153.0000 -11.3166
154.0000 13.3683
155.0000 -11.3167
156.0000 13.3684
157.0000 -11.3168
158.0000 13.3684
159.0000 -11.3168
160.0000 13.3685
161.0000 -11.3169
162.0000 13.3685
163.0000 -11.3169
164.0000 13.3686
165.0000 -11.3170
166.0000 13.3687
167.0000 -11.3170
168.0000 13.3687
169.0000 -11.3171
170.0000 13.3688
171.0000 -11.3172
172.0000 13.3688
173.0000 -11.3172
174.0000 13.3689
175.0000 -11.3173
176.0000 13.3689
177.0000 -11.3173
178.0000 13.3690
179.0000 -11.3174
180.0000 13.3691
181.0000 -11.3174
182.0000 13.3691
183.0000 -11.3175
184.0000 13.3692
185.0000 -11.3176
186.0000 13.3692
187.0000 -11.3176
188.0000 13.3693
189.0000 -11.3177
190.0000 13.3693
191.0000 -11.3177
192.0000 13.3694
193.0000 -11.3178
194.0000 13.3695
195.0000 -11.3178
196.0000 13.3695
197.0000 -11.3179
198.0000 13.3696
199.0000 -11.3180
200.0000 13.3696
201.0000 -11.3180
202.0000 13.3697
203.0000 -11.3181
204.0000 13.3697
205.0000 -11.3181
206.0000 13.3698
207.0000 -11.3182
208.0000 13.3699
209.0000 -11.3182
210.0000 13.3699
211.0000 -11.3183
212.0000 13.3700
213.0000 -11.3184
214.0000 13.3700
215.0000 -11.3184
216.0000 13.3701
217.0000 -11.3185
218.0000 13.3701
219.0000 -11.3185
220.0000 13.3702
221.0000 -11.3186
222.0000 13.3703
223.0000 -11.3186
224.0000 13.3703
225.0000 -11.3187
226.0000 13.3704
227.0000 -11.3188
228.0000 13.3704
229.0000 -11.3188
230.0000 13.3705
231.0000 -11.3189
232.0000 13.3705
233.0000 -11.3189
234.0000 13.3706
235.0000 -11.3190
236.0000 13.3707
237.0000 -11.3190
238.0000 13.3707
239.0000 -11.3191
240.0000 13.3708
241.0000 -11.3192
242.0000 13.3708
243.0000 -11.3192
244.0000 13.3709
245.0000 -11.3193
246.0000 13.3709
247.0000 -11.3193
248.0000 13.3710
249.0000 -11.3194
250.0000 13.3711
251.0000 -11.3194
252.0000 13.3711
253.0000 -11.3195
254.0000 13.3712
255.0000 -11.3196
256.0000 13.3712
257.0000 -11.3196
258.0000 13.3713
259.0000 -11.3197
260.0000 13.3713
261.0000 -11.3197
262.0000 13.3714
263.0000 -11.3198
264.0000 13.3715
265.0000 -11.3198
266.0000 13.3715
267.0000 -11.3199
268.0000 13.3716
269.0000 -11.3200
270.0000 13.3716
271.0000 -11.3200
272.0000 13.3717
273.0000 -11.3201
274.0000 13.3717
275.0000 -11.3201
276.0000 13.3718
277.0000 -11.3202
278.0000 13.3719
279.0000 -11.3202
280.0000 13.3719
281.0000 -11.3203
282.0000 13.3720
283.0000 -11.3204
284.0000 13.3720
285.0000 -11.3204
286.0000 13.3721
287.0000 -11.3205
288.0000 13.3721
289.0000 -11.3205
290.0000 13.3722
291.0000 -11.3206
292.0000 13.3723
293.0000 -11.3206
294.0000 13.3723
295.0000 -11.3207
296.0000 13.3724
297.0000 -11.3208
298.0000 13.3724
299.0000 -11.3208
300.0000 13.3725
301.0000 -11.3209
302.0000 13.3725
303.0000 -11.3209
304.0000 13.3726
305.0000 -11.3210
306.0000 13.3727
307.0000 -11.3210
308.0000 13.3727
309.0000 -11.3211
310.0000 -13.3556
311.0000 11.3040
312.0000 -13.3557
313.0000 11.3041
314.0000 -13.3557
315.0000 11.3041
316.0000 -13.3558
317.0000 11.3042
318.0000 -13.3559
319.0000 11.3042
320.0000 -13.3559
321.0000 11.3043
322.0000 -13.3560
323.0000 11.3044
324.0000 -13.3560
325.0000 11.3044
326.0000 -13.3561
327.0000 11.3045
328.0000 -13.3561
329.0000 11.3045
330.0000 -13.3562
331.0000 11.3046
332.0000 -13.3563
333.0000 11.3046
334.0000 -13.3563
335.0000 11.3047
336.0000 -13.3564
337.0000 11.3048
338.0000 -13.3564
339.0000 11.3048
340.0000 -13.3565
341.0000 11.3049
342.0000 -13.3565
343.0000 11.3049
344.0000 -13.3566
345.0000 11.3050
346.0000 -13.3567
347.0000 11.3050
348.0000 -13.3567
349.0000 11.3051
350.0000 -13.3568
351.0000 11.3052
352.0000 -13.3568
353.0000 11.3052
354.0000 -13.3569
355.0000 11.3053
356.0000 -13.3569
357.0000 11.3053
358.0000 -13.3570
359.0000 11.3054
360.0000 -13.3571
361.0000 11.3054
362.0000 -13.3571
363.0000 11.3055
364.0000 -13.3572
365.0000 11.3056
366.0000 -13.3572
367.0000 11.3056
368.0000 -13.3573
369.0000 11.3057
370.0000 -13.3573
371.0000 11.3057
372.0000 -13.3574
373.0000 11.3058
374.0000 -13.3575
375.0000 11.3058
376.0000 -13.3575
377.0000 11.3059
378.0000 -13.3576
379.0000 11.3060
380.0000 -13.3576
381.0000 11.3060
382.0000 -13.3577
383.0000 11.3061
384.0000 -13.3577
385.0000 11.3061
386.0000 -13.3578
387.0000 11.3062
388.0000 -13.3579
389.0000 11.3062
390.0000 -13.3579
391.0000 11.3063
392.0000 -13.3580
393.0000 11.3064
394.0000 -13.3580
395.0000 11.3064
396.0000 -13.3581
397.0000 11.3065
398.0000 -13.3581
399.0000 11.3065
400.0000 -13.3582
401.0000 11.3066
402.0000 -13.3583
403.0000 11.3066
404.0000 -13.3583
405.0000 11.3067
406.0000 -13.3584
407.0000 11.3068
408.0000 -13.3584
409.0000 11.3068
410.0000 -13.3585
411.0000 11.3069
412.0000 -13.3585
413.0000 11.3069
414.0000 -13.3586
415.0000 11.3070
416.0000 -13.3587
417.0000 11.3070
418.0000 -13.3587
419.0000 11.3071
420.0000 -13.3588
421.0000 11.3072
422.0000 -13.3588
423.0000 11.3072
424.0000 -13.3589
425.0000 11.3073
426.0000 -13.3589
427.0000 11.3073
428.0000 -13.3590
429.0000 11.3074
430.0000 -13.3591
431.0000 11.3074
432.0000 -13.3591
433.0000 11.3075
434.0000 -13.3592
435.0000 11.3076
436.0000 -13.3592
437.0000 11.3076
438.0000 -13.3593
439.0000 11.3077
440.0000 -13.3593
441.0000 11.3077
442.0000 -13.3594
443.0000 11.3078
444.0000 -13.3595
445.0000 11.3078
446.0000 -13.3595
447.0000 11.3079
448.0000 -13.3596
449.0000 11.3080
450.0000 -13.3596
451.0000 11.3080
452.0000 -13.3597
453.0000 11.3081
454.0000 -13.3597
455.0000 11.3081
456.0000 -13.3598
457.0000 11.3082
458.0000 -13.3599
459.0000 11.3082
460.0000 -13.3599
461.0000 11.3083
462.0000 -13.3600
463.0000 11.3084
464.0000 -13.3600
465.0000 11.3084
466.0000 -13.3601
467.0000 11.3085
468.0000 -13.3601
469.0000 11.3085
470.0000 -13.3602
471.0000 11.3086
472.0000 -13.3603
473.0000 11.3086
474.0000 -13.3603
475.0000 11.3087
476.0000 -13.3604
477.0000 11.3088
478.0000 -13.3604
479.0000 11.3088
480.0000 -13.3605
481.0000 11.3089
482.0000 -13.3605
483.0000 11.3089
484.0000 -13.3606
485.0000 11.3090
486.0000 -13.3607
487.0000 11.3090
488.0000 -13.3607
489.0000 11.3091
490.0000 -13.3608
491.0000 11.3092
492.0000 -13.3608
493.0000 11.3092
494.0000 -13.3609
495.0000 11.3093
496.0000 -13.3609
497.0000 11.3093
498.0000 -13.3610
499.0000 11.3094
500.0000 -13.3611
501.0000 11.3094
502.0000 -13.3611
503.0000 11.3095
504.0000 -13.3612
505.0000 11.3095
506.0000 -13.3612
507.0000 11.3096
508.0000 -13.3613
509.0000 11.3097
510.0000 -13.3613
511.0000 11.3097
512.0000 -13.3614
513.0000 11.3098
514.0000 -13.3615
515.0000 11.3098
516.0000 -13.3615
517.0000 11.3099
518.0000 -13.3616
519.0000 11.3099
520.0000 -13.3616
521.0000 11.3100
522.0000 -13.3617
523.0000 11.3101
524.0000 -13.3617
525.0000 11.3101
526.0000 -13.3618
527.0000 11.3102
528.0000 -13.3619
529.0000 11.3102
530.0000 -13.3619
531.0000 11.3103
532.0000 -13.3620
533.0000 11.3103
534.0000 -13.3620
535.0000 11.3104
536.0000 -13.3621
537.0000 11.3105
538.0000 -13.3621
539.0000 11.3105
540.0000 -13.3622
541.0000 11.3106
542.0000 -13.3623
543.0000 11.3106
544.0000 -13.3623
545.0000 11.3107
546.0000 -13.3624
547.0000 11.3107
548.0000 -13.3624
549.0000 11.3108
550.0000 -13.3625
551.0000 11.3109
552.0000 -13.3625
553.0000 11.3109
554.0000 -13.3626
555.0000 11.3110
556.0000 -13.3627
557.0000 11.3110
558.0000 -13.3627
559.0000 11.3111
560.0000 -13.3628
561.0000 11.3111
562.0000 -13.3628
563.0000 11.3112
564.0000 -13.3629
565.0000 11.3113
566.0000 -13.3629
567.0000 11.3113
568.0000 -13.3630
569.0000 11.3114
570.0000 -13.3631
571.0000 11.3114
572.0000 -13.3631
573.0000 11.3115
574.0000 -13.3632
575.0000 11.3115
576.0000 -13.3632
577.0000 11.3116
578.0000 -13.3633
579.0000 11.3117
580.0000 -13.3633
581.0000 11.3117
582.0000 -13.3634
583.0000 11.3118
584.0000 -13.3635
585.0000 11.3118
586.0000 -13.3635
587.0000 11.3119
588.0000 -13.3636
589.0000 11.3119
590.0000 -13.3636
591.0000 11.3120
592.0000 -13.3637
593.0000 11.3121
594.0000 -13.3637
595.0000 11.3121
596.0000 -13.3638
597.0000 11.3122
598.0000 -13.3639
599.0000 11.3122
600.0000 -13.3639
601.0000 11.3123
602.0000 -13.3640
603.0000 11.3123
604.0000 -13.3640
605.0000 11.3124
606.0000 -13.3641
607.0000 11.3125
608.0000 -13.3641
609.0000 11.3125
610.0000 26.7284
611.0000 -22.6252
612.0000 26.7285
613.0000 -22.6253
614.0000 26.7286
615.0000 -22.6254
616.0000 26.7287
617.0000 -22.6255
618.0000 26.7289
619.0000 -22.6256
620.0000 26.7290
621.0000 -22.6257
622.0000 26.7291
623.0000 -22.6259
624.0000 26.7292
625.0000 -22.6260
626.0000 26.7293
627.0000 -22.6261
628.0000 26.7294
629.0000 -22.6262
630.0000 26.7295
631.0000 -22.6263
632.0000 26.7297
633.0000 -22.6264
634.0000 26.7298
635.0000 -22.6265
636.0000 26.7299
637.0000 -22.6267
638.0000 26.7300
639.0000 -22.6268
640.0000 26.7301
641.0000 -22.6269
642.0000 26.7302
643.0000 -22.6270
644.0000 26.7303
645.0000 -22.6271
646.0000 26.7305
647.0000 -22.6272
648.0000 26.7306
649.0000 -22.6273
650.0000 26.7307
651.0000 -22.6275
652.0000 26.7308
653.0000 -22.6276
654.0000 26.7309
655.0000 -22.6277
656.0000 26.7310
657.0000 -22.6278
658.0000 26.7311
659.0000 -22.6279
660.0000 26.7313
661.0000 -22.6280
662.0000 26.7314
663.0000 -22.6281
664.0000 26.7315
665.0000 -22.6283
666.0000 26.7316
667.0000 -22.6284
668.0000 26.7317
669.0000 -22.6285
670.0000 26.7318
671.0000 -22.6286
672.0000 26.7319
673.0000 -22.6287
674.0000 26.7321
675.0000 -22.6288
676.0000 26.7322
677.0000 -22.6289
678.0000 26.7323
679.0000 -22.6291
680.0000 26.7324
681.0000 -22.6292
682.0000 26.7325
683.0000 -22.6293
684.0000 26.7326
685.0000 -22.6294
686.0000 26.7327
687.0000 -22.6295
688.0000 26.7329
689.0000 -22.6296
690.0000 26.7330
691.0000 -22.6297
692.0000 26.7331
693.0000 -22.6299
694.0000 26.7332
695.0000 -22.6300
696.0000 26.7333
697.0000 -22.6301
698.0000 26.7334
699.0000 -22.6302
700.0000 26.7335
701.0000 -22.6303
702.0000 26.7337
703.0000 -22.6304
704.0000 26.7338
705.0000 -22.6305
706.0000 26.7339
707.0000 -22.6307
708.0000 26.7340
709.0000 -22.6308
710.0000 26.7341
711.0000 -22.6309
712.0000 26.7342
713.0000 -22.6310
714.0000 26.7343
715.0000 -22.6311
716.0000 26.7345
717.0000 -22.6312
718.0000 26.7346
719.0000 -22.6313
720.0000 26.7347
721.0000 -22.6315
722.0000 26.7348
723.0000 -22.6316
724.0000 26.7349
725.0000 -22.6317
726.0000 26.7350
727.0000 -22.6318
728.0000 26.7351
729.0000 -22.6319
730.0000 26.7353
731.0000 -22.6320
732.0000 26.7354
733.0000 -22.6321
734.0000 26.7355
735.0000 -22.6323
736.0000 26.7356
737.0000 -22.6324
738.0000 26.7357
739.0000 -22.6325
740.0000 26.7358
741.0000 -22.6326
742.0000 26.7359
743.0000 -22.6327
744.0000 26.7361
745.0000 -22.6328
746.0000 26.7362
747.0000 -22.6329
748.0000 26.7363
749.0000 -22.6331
750.0000 26.7364
751.0000 -22.6332
752.0000 26.7365
753.0000 -22.6333
754.0000 26.7366
755.0000 -22.6334
756.0000 26.7367
757.0000 -22.6335
758.0000 26.7369
759.0000 -22.6336
760.0000 26.7370
761.0000 -22.6337
762.0000 26.7371
763.0000 -22.6339
764.0000 26.7372
765.0000 -22.6340
766.0000 26.7373
767.0000 -22.6341
768.0000 26.7374
769.0000 -22.6342
770.0000 26.7375
771.0000 -22.6343
772.0000 26.7377
773.0000 -22.6344
774.0000 26.7378
775.0000 -22.6345
776.0000 26.7379
777.0000 -22.6347
778.0000 26.7380
779.0000 -22.6348
780.0000 26.7381
781.0000 -22.6349
782.0000 26.7382
783.0000 -22.6350
784.0000 26.7383
785.0000 -22.6351
786.0000 26.7385
787.0000 -22.6352
788.0000 26.7386
789.0000 -22.6353
790.0000 26.7387
791.0000 -22.6355
792.0000 26.7388
793.0000 -22.6356
794.0000 26.7389
795.0000 -22.6357
796.0000 26.7390
797.0000 -22.6358
798.0000 26.7391
799.0000 -22.6359
800.0000 26.7393
801.0000 -22.6360
802.0000 26.7394
803.0000 -22.6361
804.0000 26.7395
805.0000 -22.6363
806.0000 26.7396
807.0000 -22.6364
808.0000 26.7397
809.0000 -22.6365
810.0000 26.7398
811.0000 -22.6366
812.0000 26.7399
813.0000 -22.6367
814.0000 26.7401
815.0000 -22.6368
816.0000 26.7402
817.0000 -22.6369
818.0000 26.7403
819.0000 -22.6371
820.0000 26.7404
821.0000 -22.6372
822.0000 26.7405
823.0000 -22.6373
824.0000 26.7406
825.0000 -22.6374
826.0000 26.7407
827.0000 -22.6375
828.0000 26.7409
829.0000 -22.6376
830.0000 26.7410
831.0000 -22.6377
832.0000 26.7411
833.0000 -22.6379
834.0000 26.7412
835.0000 -22.6380
836.0000 26.7413
837.0000 -22.6381
838.0000 26.7414
839.0000 -22.6382
840.0000 26.7415
841.0000 -22.6383
842.0000 26.7417
843.0000 -22.6384
844.0000 26.7418
845.0000 -22.6385
846.0000 26.7419
847.0000 -22.6387
848.0000 26.7420
849.0000 -22.6388
850.0000 26.7421
851.0000 -22.6389
852.0000 26.7422
853.0000 -22.6390
854.0000 26.7423
855.0000 -22.6391
856.0000 26.7425
857.0000 -22.6392
858.0000 26.7426
859.0000 -22.6393
860.0000 26.7427
861.0000 -22.6395
862.0000 26.7428
863.0000 -22.6396
864.0000 26.7429
865.0000 -22.6397
866.0000 26.7430
867.0000 -22.6398
868.0000 26.7431
869.0000 -22.6399
870.0000 26.7433
871.0000 -22.6400
872.0000 26.7434
873.0000 -22.6401
874.0000 26.7435
875.0000 -22.6403
876.0000 26.7436
877.0000 -22.6404
878.0000 26.7437
879.0000 -22.6405
880.0000 26.7438
881.0000 -22.6406
882.0000 26.7439
883.0000 -22.6407
884.0000 26.7441
885.0000 -22.6408
886.0000 26.7442
887.0000 -22.6409
888.0000 26.7443
889.0000 -22.6411
890.0000 26.7444
891.0000 -22.6412
892.0000 26.7445
893.0000 -22.6413
894.0000 26.7446
895.0000 -22.6414
896.0000 26.7447
897.0000 -22.6415
898.0000 26.7449
899.0000 -22.6416
900.0000 26.7450
901.0000 -22.6417
902.0000 26.7451
903.0000 -22.6419
904.0000 26.7452
905.0000 -22.6420
906.0000 26.7453
907.0000 -22.6421
908.0000 26.7454
909.0000 -22.6422
910.0000 26.7455
