1.0000 0.0000
2.0000 0.0000
3.0000 0.0000
4.0000 0.0000
5.0000 0.0000
6.0000 0.0000
7.0000 0.0000
8.0000 0.0000
9.0000 0.0000
10.0000 7.2389
11.0000 1.1124
12.0000 2.2810
13.0000 0.8023
14.0000 1.4030
15.0000 1.0605
16.0000 1.2846
17.0000 1.1951
18.0000 1.2699
19.0000 1.2469
20.0000 1.2737
21.0000 1.2706
22.0000 1.2828
23.0000 1.2860
24.0000 1.2938
25.0000 1.2989
26.0000 1.3053
27.0000 1.3109
28.0000 1.3169
29.0000 1.3227
30.0000 1.3285
31.0000 1.3342
32.0000 1.3399
33.0000 1.3455
34.0000 1.3512
35.0000 1.3567
36.0000 1.3622
37.0000 1.3677
38.0000 1.3731
39.0000 1.3785
40.0000 1.3838
41.0000 1.3890
42.0000 1.3942
43.0000 1.3994
44.0000 1.4045
45.0000 1.4095
46.0000 1.4145
47.0000 1.4194
48.0000 1.4243
49.0000 1.4291
50.0000 1.4338
51.0000 1.4385
52.0000 1.4432
53.0000 1.4477
54.0000 1.4523
55.0000 1.4567
56.0000 1.4611
57.0000 1.4655
58.0000 1.4698
59.0000 1.4740
60.0000 1.4782
61.0000 1.4823
62.0000 1.4864
63.0000 1.4904
64.0000 1.4944
65.0000 1.4983
66.0000 1.5021
67.0000 1.5059
68.0000 1.5097
69.0000 1.5134
70.0000 1.5170
71.0000 1.5206
72.0000 1.5241
73.0000 1.5276
74.0000 1.5310
75.0000 1.5344
76.0000 1.5378
77.0000 1.5411
78.0000 1.5443
79.0000 1.5475
80.0000 1.5506
81.0000 1.5537
82.0000 1.5568
83.0000 1.5598
84.0000 1.5628
85.0000 1.5657
86.0000 1.5686
87.0000 1.5714
88.0000 1.5742
89.0000 1.5769
90.0000 1.5796
91.0000 1.5823
92.0000 1.5849
93.0000 1.5875
94.0000 1.5901
95.0000 1.5926
96.0000 1.5950
97.0000 1.5975
98.0000 1.5999
99.0000 1.6022
100.0000 1.6045
101.0000 1.6068
102.0000 1.6091
103.0000 1.6113
104.0000 1.6135
105.0000 1.6156
106.0000 1.6177
107.0000 1.6198
108.0000 1.6219
109.0000 1.6239
110.0000 1.6259
111.0000 1.2700
112.0000 8.7313
113.0000 1.7208
114.0000 3.4739
115.0000 1.7831
116.0000 2.6515
117.0000 2.2936
118.0000 2.6211
119.0000 2.5364
120.0000 2.6479
121.0000 2.6303
122.0000 2.6719
123.0000 2.6739
124.0000 2.6938
125.0000 2.7016
126.0000 2.7147
127.0000 2.7239
128.0000 2.7346
129.0000 2.7439
130.0000 2.7535
131.0000 2.7624
132.0000 2.7714
133.0000 2.7800
134.0000 2.7884
135.0000 2.7967
136.0000 2.8047
137.0000 2.8126
138.0000 2.8203
139.0000 2.8278
140.0000 2.8352
141.0000 2.8424
142.0000 2.8495
143.0000 2.8565
144.0000 2.8633
145.0000 2.8700
146.0000 2.8765
147.0000 2.8829
148.0000 2.8893
149.0000 2.8955
150.0000 2.9015
151.0000 2.9075
152.0000 2.9134
153.0000 2.9191
154.0000 2.9248
155.0000 2.9304
156.0000 2.9358
157.0000 2.9412
158.0000 2.9465
159.0000 2.9517
160.0000 2.9568
161.0000 2.9618
162.0000 2.9667
163.0000 2.9716
164.0000 2.9763
165.0000 2.9810
166.0000 2.9856
167.0000 2.9901
168.0000 2.9946
169.0000 2.9989
170.0000 3.0032
171.0000 3.0075
172.0000 3.0116
173.0000 3.0157
174.0000 3.0197
175.0000 3.0237
176.0000 3.0276
177.0000 3.0314
178.0000 3.0352
179.0000 3.0388
180.0000 3.0425
181.0000 3.0461
182.0000 3.0496
183.0000 3.0530
184.0000 3.0564
185.0000 3.0598
186.0000 3.0630
187.0000 3.0663
188.0000 3.0695
189.0000 3.0726
190.0000 3.0757
191.0000 3.0787
192.0000 3.0817
193.0000 3.0846
194.0000 3.0875
195.0000 3.0903
196.0000 3.0931
197.0000 3.0958
198.0000 3.0985
199.0000 3.1011
200.0000 3.1037
201.0000 3.1063
202.0000 3.1088
203.0000 3.1113
204.0000 3.1137
205.0000 3.1161
206.0000 3.1184
207.0000 3.1208
208.0000 3.1230
209.0000 3.1253
210.0000 3.1275
211.0000 -16.2341
212.0000 4.8370
213.0000 -0.1690
214.0000 4.5081
215.0000 1.8198
216.0000 2.7324
217.0000 1.7283
218.0000 1.9495
219.0000 1.6264
220.0000 1.6865
221.0000 1.5817
222.0000 1.5930
223.0000 1.5535
224.0000 1.5491
225.0000 1.5291
226.0000 1.5198
227.0000 1.5059
228.0000 1.4953
229.0000 1.4835
230.0000 1.4728
231.0000 1.4618
232.0000 1.4513
233.0000 1.4408
234.0000 1.4306
235.0000 1.4206
236.0000 1.4107
237.0000 1.4010
238.0000 1.3915
239.0000 1.3821
240.0000 1.3729
241.0000 1.3639
242.0000 1.3550
243.0000 1.3463
244.0000 1.3377
245.0000 1.3293
246.0000 1.3210
247.0000 1.3129
248.0000 1.3050
249.0000 1.2971
250.0000 1.2894
251.0000 1.2819
252.0000 1.2744
253.0000 1.2671
254.0000 1.2600
255.0000 1.2529
256.0000 1.2460
257.0000 1.2392
258.0000 1.2325
259.0000 1.2259
260.0000 1.2195
261.0000 1.2132
262.0000 1.2069
263.0000 1.2008
264.0000 1.1948
265.0000 1.1889
266.0000 1.1831
267.0000 1.1774
268.0000 1.1718
269.0000 1.1663
270.0000 1.1609
271.0000 1.1556
272.0000 1.1504
273.0000 1.1452
274.0000 1.1402
275.0000 1.1352
276.0000 1.1304
277.0000 1.1256
278.0000 1.1209
279.0000 1.1162
280.0000 1.1117
281.0000 1.1072
282.0000 1.1028
283.0000 1.0985
284.0000 1.0943
285.0000 1.0901
286.0000 1.0860
287.0000 1.0820
288.0000 1.0780
289.0000 1.0742
290.0000 1.0703
291.0000 1.0666
292.0000 1.0629
293.0000 1.0592
294.0000 1.0557
295.0000 1.0522
296.0000 1.0487
297.0000 1.0453
298.0000 1.0420
299.0000 1.0387
300.0000 1.0355
301.0000 1.0323
302.0000 1.0292
303.0000 1.0261
304.0000 1.0231
305.0000 1.0201
306.0000 1.0172
307.0000 1.0144
308.0000 1.0116
309.0000 1.0088
310.0000 -13.4718
311.0000 -1.2214
312.0000 -3.5612
313.0000 -0.6063
314.0000 -1.8104
315.0000 -1.1278
316.0000 -1.5786
317.0000 -1.4019
318.0000 -1.5539
319.0000 -1.5103
320.0000 -1.5661
321.0000 -1.5623
322.0000 -1.5889
323.0000 -1.5974
324.0000 -1.6152
325.0000 -1.6274
326.0000 -1.6424
327.0000 -1.6557
328.0000 -1.6697
329.0000 -1.6831
330.0000 -1.6967
331.0000 -1.7101
332.0000 -1.7234
333.0000 -1.7365
334.0000 -1.7495
335.0000 -1.7624
336.0000 -1.7752
337.0000 -1.7879
338.0000 -1.8004
339.0000 -1.8128
340.0000 -1.8251
341.0000 -1.8372
342.0000 -1.8492
343.0000 -1.8611
344.0000 -1.8728
345.0000 -1.8844
346.0000 -1.8958
347.0000 -1.9071
348.0000 -1.9183
349.0000 -1.9293
350.0000 -1.9402
351.0000 -1.9510
352.0000 -1.9616
353.0000 -1.9721
354.0000 -1.9825
355.0000 -1.9927
356.0000 -2.0028
357.0000 -2.0127
358.0000 -2.0225
359.0000 -2.0322
360.0000 -2.0417
361.0000 -2.0511
362.0000 -2.0604
363.0000 -2.0696
364.0000 -2.0786
365.0000 -2.0875
366.0000 -2.0963
367.0000 -2.1049
368.0000 -2.1134
369.0000 -2.1218
370.0000 -2.1301
371.0000 -2.1383
372.0000 -2.1463
373.0000 -2.1542
374.0000 -2.1620
375.0000 -2.1697
376.0000 -2.1773
377.0000 -2.1848
378.0000 -2.1921
379.0000 -2.1994
380.0000 -2.2065
381.0000 -2.2136
382.0000 -2.2205
383.0000 -2.2273
384.0000 -2.2340
385.0000 -2.2407
386.0000 -2.2472
387.0000 -2.2536
388.0000 -2.2599
389.0000 -2.2662
390.0000 -2.2723
391.0000 -2.2783
392.0000 -2.2843
393.0000 -2.2901
394.0000 -2.2959
395.0000 -2.3016
396.0000 -2.3072
397.0000 -2.3127
398.0000 -2.3181
399.0000 -2.3234
400.0000 -2.3287
401.0000 -2.3339
402.0000 -2.3389
403.0000 -2.3440
404.0000 -2.3489
405.0000 -2.3538
406.0000 -2.3585
407.0000 -2.3632
408.0000 -2.3679
409.0000 -2.3724
410.0000 -2.3769
411.0000 -1.6657
412.0000 -16.5888
413.0000 -2.5682
414.0000 -6.0749
415.0000 -2.6939
416.0000 -4.4312
417.0000 -3.7158
418.0000 -4.3712
419.0000 -4.2022
420.0000 -4.4258
421.0000 -4.3910
422.0000 -4.4745
423.0000 -4.4789
424.0000 -4.5193
425.0000 -4.5353
426.0000 -4.5619
427.0000 -4.5807
428.0000 -4.6024
429.0000 -4.6213
430.0000 -4.6408
431.0000 -4.6592
432.0000 -4.6774
433.0000 -4.6950
434.0000 -4.7123
435.0000 -4.7291
436.0000 -4.7455
437.0000 -4.7616
438.0000 -4.7773
439.0000 -4.7927
440.0000 -4.8078
441.0000 -4.8225
442.0000 -4.8370
443.0000 -4.8512
444.0000 -4.8651
445.0000 -4.8788
446.0000 -4.8922
447.0000 -4.9053
448.0000 -4.9182
449.0000 -4.9309
450.0000 -4.9433
451.0000 -4.9555
452.0000 -4.9675
453.0000 -4.9793
454.0000 -4.9909
455.0000 -5.0023
456.0000 -5.0134
457.0000 -5.0244
458.0000 -5.0352
459.0000 -5.0458
460.0000 -5.0562
461.0000 -5.0665
462.0000 -5.0766
463.0000 -5.0865
464.0000 -5.0962
465.0000 -5.1058
466.0000 -5.1152
467.0000 -5.1244
468.0000 -5.1335
469.0000 -5.1425
470.0000 -5.1513
471.0000 -5.1599
472.0000 -5.1684
473.0000 -5.1768
474.0000 -5.1850
475.0000 -5.1931
476.0000 -5.2010
477.0000 -5.2088
478.0000 -5.2165
479.0000 -5.2241
480.0000 -5.2315
481.0000 -5.2388
482.0000 -5.2460
483.0000 -5.2531
484.0000 -5.2600
485.0000 -5.2669
486.0000 -5.2736
487.0000 -5.2802
488.0000 -5.2867
489.0000 -5.2931
490.0000 -5.2994
491.0000 -5.3055
492.0000 -5.3116
493.0000 -5.3176
494.0000 -5.3235
495.0000 -5.3293
496.0000 -5.3349
497.0000 -5.3405
498.0000 -5.3460
499.0000 -5.3514
500.0000 -5.3568
501.0000 -5.3620
502.0000 -5.3671
503.0000 -5.3722
504.0000 -5.3772
505.0000 -5.3821
506.0000 -5.3869
507.0000 -5.3916
508.0000 -5.3963
509.0000 -5.4008
510.0000 -5.4054
511.0000 33.3177
512.0000 -8.8246
513.0000 1.1873
514.0000 -8.1670
515.0000 -2.7904
516.0000 -4.6158
517.0000 -2.6076
518.0000 -3.0502
519.0000 -2.4040
520.0000 -2.5244
521.0000 -2.3147
522.0000 -2.3375
523.0000 -2.2585
524.0000 -2.2498
525.0000 -2.2099
526.0000 -2.1914
527.0000 -2.1636
528.0000 -2.1426
529.0000 -2.1189
530.0000 -2.0976
531.0000 -2.0757
532.0000 -2.0548
533.0000 -2.0339
534.0000 -2.0136
535.0000 -1.9935
536.0000 -1.9739
537.0000 -1.9546
538.0000 -1.9356
539.0000 -1.9169
540.0000 -1.8986
541.0000 -1.8806
542.0000 -1.8629
543.0000 -1.8455
544.0000 -1.8284
545.0000 -1.8117
546.0000 -1.7952
547.0000 -1.7790
548.0000 -1.7631
549.0000 -1.7475
550.0000 -1.7321
551.0000 -1.7171
552.0000 -1.7023
553.0000 -1.6877
554.0000 -1.6734
555.0000 -1.6594
556.0000 -1.6456
557.0000 -1.6320
558.0000 -1.6187
559.0000 -1.6056
560.0000 -1.5928
561.0000 -1.5802
562.0000 -1.5678
563.0000 -1.5556
564.0000 -1.5436
565.0000 -1.5318
566.0000 -1.5203
567.0000 -1.5089
568.0000 -1.4977
569.0000 -1.4868
570.0000 -1.4760
571.0000 -1.4654
572.0000 -1.4550
573.0000 -1.4448
574.0000 -1.4347
575.0000 -1.4248
576.0000 -1.4151
577.0000 -1.4056
578.0000 -1.3962
579.0000 -1.3870
580.0000 -1.3779
581.0000 -1.3690
582.0000 -1.3603
583.0000 -1.3517
584.0000 -1.3432
585.0000 -1.3349
586.0000 -1.3268
587.0000 -1.3187
588.0000 -1.3109
589.0000 -1.3031
590.0000 -1.2955
591.0000 -1.2880
592.0000 -1.2806
593.0000 -1.2734
594.0000 -1.2663
595.0000 -1.2593
596.0000 -1.2524
597.0000 -1.2456
598.0000 -1.2390
599.0000 -1.2324
600.0000 -1.2260
601.0000 -1.2197
602.0000 -1.2135
603.0000 -1.2074
604.0000 -1.2014
605.0000 -1.1955
606.0000 -1.1897
607.0000 -1.1840
608.0000 -1.1784
609.0000 -1.1728
610.0000 20.5494
611.0000 2.1751
612.0000 5.6862
613.0000 1.2551
614.0000 3.0624
615.0000 2.0397
616.0000 2.7171
617.0000 2.4533
618.0000 2.6825
619.0000 2.6182
620.0000 2.7030
621.0000 2.6984
622.0000 2.7395
623.0000 2.7533
624.0000 2.7811
625.0000 2.8005
626.0000 2.8240
627.0000 2.8449
628.0000 2.8669
629.0000 2.8880
630.0000 2.9094
631.0000 2.9303
632.0000 2.9512
633.0000 2.9718
634.0000 2.9923
635.0000 3.0125
636.0000 3.0325
637.0000 3.0524
638.0000 3.0720
639.0000 3.0914
640.0000 3.1106
641.0000 3.1296
642.0000 3.1484
643.0000 3.1670
644.0000 3.1853
645.0000 3.2035
646.0000 3.2214
647.0000 3.2391
648.0000 3.2565
649.0000 3.2738
650.0000 3.2908
651.0000 3.3076
652.0000 3.3242
653.0000 3.3406
654.0000 3.3568
655.0000 3.3727
656.0000 3.3885
657.0000 3.4040
658.0000 3.4193
659.0000 3.4344
660.0000 3.4493
661.0000 3.4640
662.0000 3.4785
663.0000 3.4928
664.0000 3.5068
665.0000 3.5207
666.0000 3.5344
667.0000 3.5479
668.0000 3.5612
669.0000 3.5743
670.0000 3.5872
671.0000 3.5999
672.0000 3.6125
673.0000 3.6248
674.0000 3.6370
675.0000 3.6490
676.0000 3.6608
677.0000 3.6725
678.0000 3.6839
679.0000 3.6952
680.0000 3.7064
681.0000 3.7173
682.0000 3.7281
683.0000 3.7387
684.0000 3.7492
685.0000 3.7595
686.0000 3.7697
687.0000 3.7797
688.0000 3.7896
689.0000 3.7993
690.0000 3.8088
691.0000 3.8182
692.0000 3.8275
693.0000 3.8366
694.0000 3.8456
695.0000 3.8544
696.0000 3.8631
697.0000 3.8717
698.0000 3.8802
699.0000 3.8885
700.0000 3.8967
701.0000 3.9047
702.0000 3.9126
703.0000 3.9204
704.0000 3.9281
705.0000 3.9357
706.0000 3.9431
707.0000 3.9505
708.0000 3.9577
709.0000 3.9648
710.0000 3.9718
711.0000 2.9051
712.0000 25.2900
713.0000 4.2594
714.0000 9.5198
715.0000 4.4484
716.0000 7.0546
717.0000 5.9818
718.0000 6.9651
719.0000 6.7119
720.0000 7.0474
721.0000 6.9955
722.0000 7.1209
723.0000 7.1278
724.0000 7.1885
725.0000 7.2126
726.0000 7.2527
727.0000 7.2811
728.0000 7.3139
729.0000 7.3425
730.0000 7.3720
731.0000 7.3997
732.0000 7.4272
733.0000 7.4537
734.0000 7.4798
735.0000 7.5051
736.0000 7.5300
737.0000 7.5542
738.0000 7.5780
739.0000 7.6013
740.0000 7.6240
741.0000 7.6463
742.0000 7.6682
743.0000 7.6896
744.0000 7.7107
745.0000 7.7313
746.0000 7.7515
747.0000 7.7714
748.0000 7.7908
749.0000 7.8100
750.0000 7.8288
751.0000 7.8472
752.0000 7.8653
753.0000 7.8831
754.0000 7.9006
755.0000 7.9178
756.0000 7.9347
757.0000 7.9513
758.0000 7.9676
759.0000 7.9836
760.0000 7.9994
761.0000 8.0148
762.0000 8.0301
763.0000 8.0450
764.0000 8.0597
765.0000 8.0742
766.0000 8.0884
767.0000 8.1024
768.0000 8.1161
769.0000 8.1296
770.0000 8.1429
771.0000 8.1560
772.0000 8.1688
773.0000 8.1815
774.0000 8.1939
775.0000 8.2061
776.0000 8.2181
777.0000 8.2299
778.0000 8.2415
779.0000 8.2529
780.0000 8.2642
781.0000 8.2752
782.0000 8.2861
783.0000 8.2967
784.0000 8.3072
785.0000 8.3176
786.0000 8.3277
787.0000 8.3377
788.0000 8.3475
789.0000 8.3572
790.0000 8.3667
791.0000 8.3760
792.0000 8.3852
793.0000 8.3942
794.0000 8.4031
795.0000 8.4119
796.0000 8.4204
797.0000 8.4289
798.0000 8.4372
799.0000 8.4454
800.0000 8.4534
801.0000 8.4613
802.0000 8.4691
803.0000 8.4767
804.0000 8.4843
805.0000 8.4917
806.0000 8.4989
807.0000 8.5061
808.0000 8.5131
809.0000 8.5200
810.0000 8.5268
811.0000 -49.5577
812.0000 13.6558
813.0000 -1.3620
814.0000 12.6695
815.0000 4.6046
816.0000 7.3428
817.0000 4.3305
818.0000 4.9945
819.0000 4.0253
820.0000 4.2058
821.0000 3.8914
822.0000 3.9256
823.0000 3.8072
824.0000 3.7941
825.0000 3.7343
826.0000 3.7066
827.0000 3.6650
828.0000 3.6335
829.0000 3.5980
830.0000 3.5660
831.0000 3.5332
832.0000 3.5019
833.0000 3.4706
834.0000 3.4402
835.0000 3.4101
836.0000 3.3807
837.0000 3.3517
838.0000 3.3233
839.0000 3.2953
840.0000 3.2678
841.0000 3.2409
842.0000 3.2144
843.0000 3.1883
844.0000 3.1627
845.0000 3.1376
846.0000 3.1129
847.0000 3.0887
848.0000 3.0648
849.0000 3.0414
850.0000 3.0184
851.0000 2.9959
852.0000 2.9737
853.0000 2.9519
854.0000 2.9305
855.0000 2.9094
856.0000 2.8888
857.0000 2.8684
858.0000 2.8485
859.0000 2.8289
860.0000 2.8096
861.0000 2.7907
862.0000 2.7721
863.0000 2.7539
864.0000 2.7359
865.0000 2.7183
866.0000 2.7010
867.0000 2.6840
868.0000 2.6672
869.0000 2.6508
870.0000 2.6346
871.0000 2.6188
872.0000 2.6032
873.0000 2.5879
874.0000 2.5728
875.0000 2.5580
876.0000 2.5435
877.0000 2.5292
878.0000 2.5151
879.0000 2.5013
880.0000 2.4877
881.0000 2.4744
882.0000 2.4613
883.0000 2.4484
884.0000 2.4358
885.0000 2.4233
886.0000 2.4111
887.0000 2.3990
888.0000 2.3872
889.0000 2.3756
890.0000 2.3642
891.0000 2.3530
892.0000 2.3419
893.0000 2.3311
894.0000 2.3204
895.0000 2.3099
896.0000 2.2996
897.0000 2.2895
898.0000 2.2795
899.0000 2.2697
900.0000 2.2601
901.0000 2.2507
902.0000 2.2413
903.0000 2.2322
904.0000 2.2232
905.0000 2.2144
906.0000 2.2057
907.0000 2.1971
908.0000 2.1887
909.0000 2.1804
910.0000 2.1723
