1.0000 0.0000
2.0000 0.0000
3.0000 0.0000
4.0000 0.0000
5.0000 0.0000
6.0000 0.0000
7.0000 0.0000
8.0000 0.0000
9.0000 0.0000
10.0000 0.0000
11.0000 -0.3371
12.0000 0.0111
13.0000 -0.1287
14.0000 -0.0419
15.0000 -0.0937
16.0000 -0.0720
17.0000 -0.0910
18.0000 -0.0872
19.0000 -0.0957
20.0000 -0.0973
21.0000 -0.1026
22.0000 -0.1058
23.0000 -0.1102
24.0000 -0.1140
25.0000 -0.1181
26.0000 -0.1220
27.0000 -0.1260
28.0000 -0.1300
29.0000 -0.1340
30.0000 -0.1380
31.0000 -0.1420
32.0000 -0.1459
33.0000 -0.1499
34.0000 -0.1538
35.0000 -0.1578
36.0000 -0.1617
37.0000 -0.1656
38.0000 -0.1695
39.0000 -0.1733
40.0000 -0.1772
41.0000 -0.1810
42.0000 -0.1848
43.0000 -0.1885
44.0000 -0.1923
45.0000 -0.1960
46.0000 -0.1997
47.0000 -0.2034
48.0000 -0.2070
49.0000 -0.2106
50.0000 -0.2142
51.0000 -0.2178
52.0000 -0.2213
53.0000 -0.2248
54.0000 -0.2282
55.0000 -0.2316
56.0000 -0.2350
57.0000 -0.2384
58.0000 -0.2417
59.0000 -0.2450
60.0000 -0.2483
61.0000 -0.2515
62.0000 -0.2547
63.0000 -0.2579
64.0000 -0.2610
65.0000 -0.2641
66.0000 -0.2672
67.0000 -0.2702
68.0000 -0.2732
69.0000 -0.2762
70.0000 -0.2791
71.0000 -0.2820
72.0000 -0.2849
73.0000 -0.2877
74.0000 -0.2905
75.0000 -0.2933
76.0000 -0.2960
77.0000 -0.2987
78.0000 -0.3014
79.0000 -0.3040
80.0000 -0.3066
81.0000 -0.3092
82.0000 -0.3117
83.0000 -0.3143
84.0000 -0.3167
85.0000 -0.3192
86.0000 -0.3216
87.0000 -0.3240
88.0000 -0.3264
89.0000 -0.3287
90.0000 -0.3310
91.0000 -0.3333
92.0000 -0.3355
93.0000 -0.3377
94.0000 -0.3399
95.0000 -0.3421
96.0000 -0.3442
97.0000 -0.3463
98.0000 -0.3484
99.0000 -0.3504
100.0000 -0.3525
101.0000 -0.3545
102.0000 -0.3564
103.0000 -0.3584
104.0000 -0.3603
105.0000 -0.3622
106.0000 -0.3641
107.0000 -0.3659
108.0000 -0.3677
109.0000 -0.3695
110.0000 -0.3713
111.0000 -2.4866
112.0000 -0.9502
113.0000 -1.3984
114.0000 -0.9818
115.0000 -1.1798
116.0000 -1.0917
117.0000 -1.1761
118.0000 -1.1662
119.0000 -1.2060
120.0000 -1.2158
121.0000 -1.2401
122.0000 -1.2548
123.0000 -1.2735
124.0000 -1.2889
125.0000 -1.3052
126.0000 -1.3201
127.0000 -1.3349
128.0000 -1.3491
129.0000 -1.3629
130.0000 -1.3763
131.0000 -1.3893
132.0000 -1.4019
133.0000 -1.4143
134.0000 -1.4262
135.0000 -1.4379
136.0000 -1.4493
137.0000 -1.4605
138.0000 -1.4713
139.0000 -1.4819
140.0000 -1.4923
141.0000 -1.5024
142.0000 -1.5124
143.0000 -1.5221
144.0000 -1.5316
145.0000 -1.5409
146.0000 -1.5500
147.0000 -1.5590
148.0000 -1.5677
149.0000 -1.5763
150.0000 -1.5847
151.0000 -1.5930
152.0000 -1.6011
153.0000 -1.6090
154.0000 -1.6168
155.0000 -1.6244
156.0000 -1.6319
157.0000 -1.6393
158.0000 -1.6465
159.0000 -1.6536
160.0000 -1.6606
161.0000 -1.6674
162.0000 -1.6742
163.0000 -1.6808
164.0000 -1.6872
165.0000 -1.6936
166.0000 -1.6998
167.0000 -1.7060
168.0000 -1.7120
169.0000 -1.7179
170.0000 -1.7237
171.0000 -1.7294
172.0000 -1.7350
173.0000 -1.7406
174.0000 -1.7460
175.0000 -1.7513
176.0000 -1.7565
177.0000 -1.7616
178.0000 -1.7667
179.0000 -1.7716
180.0000 -1.7765
181.0000 -1.7813
182.0000 -1.7860
183.0000 -1.7906
184.0000 -1.7951
185.0000 -1.7996
186.0000 -1.8040
187.0000 -1.8083
188.0000 -1.8125
189.0000 -1.8166
190.0000 -1.8207
191.0000 -1.8247
192.0000 -1.8287
193.0000 -1.8325
194.0000 -1.8364
195.0000 -1.8401
196.0000 -1.8438
197.0000 -1.8474
198.0000 -1.8509
199.0000 -1.8544
200.0000 -1.8578
201.0000 -1.8612
202.0000 -1.8645
203.0000 -1.8678
204.0000 -1.8709
205.0000 -1.8741
206.0000 -1.8772
207.0000 -1.8802
208.0000 -1.8832
209.0000 -1.8861
210.0000 3.7763
211.0000 -1.0213
212.0000 0.0965
213.0000 -1.1890
214.0000 -0.6735
215.0000 -0.9747
216.0000 -0.7779
217.0000 -0.8522
218.0000 -0.7823
219.0000 -0.7975
220.0000 -0.7692
221.0000 -0.7669
222.0000 -0.7514
223.0000 -0.7438
224.0000 -0.7323
225.0000 -0.7232
226.0000 -0.7130
227.0000 -0.7037
228.0000 -0.6940
229.0000 -0.6847
230.0000 -0.6754
231.0000 -0.6663
232.0000 -0.6572
233.0000 -0.6483
234.0000 -0.6395
235.0000 -0.6308
236.0000 -0.6222
237.0000 -0.6137
238.0000 -0.6054
239.0000 -0.5971
240.0000 -0.5890
241.0000 -0.5810
242.0000 -0.5730
243.0000 -0.5652
244.0000 -0.5575
245.0000 -0.5499
246.0000 -0.5425
247.0000 -0.5351
248.0000 -0.5278
249.0000 -0.5206
250.0000 -0.5136
251.0000 -0.5066
252.0000 -0.4998
253.0000 -0.4930
254.0000 -0.4863
255.0000 -0.4798
256.0000 -0.4733
257.0000 -0.4669
258.0000 -0.4607
259.0000 -0.4545
260.0000 -0.4484
261.0000 -0.4424
262.0000 -0.4365
263.0000 -0.4306
264.0000 -0.4249
265.0000 -0.4193
266.0000 -0.4137
267.0000 -0.4082
268.0000 -0.4028
269.0000 -0.3975
270.0000 -0.3923
271.0000 -0.3871
272.0000 -0.3820
273.0000 -0.3770
274.0000 -0.3721
275.0000 -0.3672
276.0000 -0.3625
277.0000 -0.3577
278.0000 -0.3531
279.0000 -0.3485
280.0000 -0.3441
281.0000 -0.3396
282.0000 -0.3353
283.0000 -0.3310
284.0000 -0.3268
285.0000 -0.3226
286.0000 -0.3185
287.0000 -0.3145
288.0000 -0.3105
289.0000 -0.3066
290.0000 -0.3027
291.0000 -0.2989
292.0000 -0.2952
293.0000 -0.2915
294.0000 -0.2879
295.0000 -0.2843
296.0000 -0.2808
297.0000 -0.2774
298.0000 -0.2740
299.0000 -0.2706
300.0000 -0.2673
301.0000 -0.2641
302.0000 -0.2609
303.0000 -0.2578
304.0000 -0.2547
305.0000 -0.2516
306.0000 -0.2486
307.0000 -0.2457
308.0000 -0.2427
309.0000 -0.2399
310.0000 -0.2371
311.0000 0.4398
312.0000 -0.2538
313.0000 0.0285
314.0000 -0.1424
315.0000 -0.0363
316.0000 -0.0771
317.0000 -0.0365
318.0000 -0.0417
319.0000 -0.0222
320.0000 -0.0166
321.0000 -0.0036
322.0000 0.0052
323.0000 0.0163
324.0000 0.0260
325.0000 0.0365
326.0000 0.0465
327.0000 0.0567
328.0000 0.0668
329.0000 0.0769
330.0000 0.0869
331.0000 0.0969
332.0000 0.1068
333.0000 0.1167
334.0000 0.1265
335.0000 0.1363
336.0000 0.1460
337.0000 0.1556
338.0000 0.1652
339.0000 0.1747
340.0000 0.1842
341.0000 0.1935
342.0000 0.2028
343.0000 0.2120
344.0000 0.2212
345.0000 0.2303
346.0000 0.2392
347.0000 0.2481
348.0000 0.2570
349.0000 0.2657
350.0000 0.2744
351.0000 0.2829
352.0000 0.2914
353.0000 0.2998
354.0000 0.3082
355.0000 0.3164
356.0000 0.3246
357.0000 0.3326
358.0000 0.3406
359.0000 0.3485
360.0000 0.3563
361.0000 0.3640
362.0000 0.3716
363.0000 0.3792
364.0000 0.3867
365.0000 0.3940
366.0000 0.4013
367.0000 0.4085
368.0000 0.4157
369.0000 0.4227
370.0000 0.4296
371.0000 0.4365
372.0000 0.4433
373.0000 0.4500
374.0000 0.4566
375.0000 0.4632
376.0000 0.4696
377.0000 0.4760
378.0000 0.4823
379.0000 0.4886
380.0000 0.4947
381.0000 0.5008
382.0000 0.5068
383.0000 0.5127
384.0000 0.5185
385.0000 0.5243
386.0000 0.5300
387.0000 0.5356
388.0000 0.5411
389.0000 0.5466
390.0000 0.5520
391.0000 0.5573
392.0000 0.5626
393.0000 0.5678
394.0000 0.5729
395.0000 0.5779
396.0000 0.5829
397.0000 0.5878
398.0000 0.5927
399.0000 0.5975
400.0000 0.6022
401.0000 0.6069
402.0000 0.6115
403.0000 0.6160
404.0000 0.6205
405.0000 0.6249
406.0000 0.6292
407.0000 0.6335
408.0000 0.6377
409.0000 0.6419
410.0000 0.6460
411.0000 4.8772
412.0000 1.8049
413.0000 2.7020
414.0000 1.8692
415.0000 2.2657
416.0000 2.0902
417.0000 2.2594
418.0000 2.2402
419.0000 2.3202
420.0000 2.3404
421.0000 2.3895
422.0000 2.4193
423.0000 2.4572
424.0000 2.4884
425.0000 2.5214
426.0000 2.5517
427.0000 2.5818
428.0000 2.6105
429.0000 2.6386
430.0000 2.6658
431.0000 2.6922
432.0000 2.7179
433.0000 2.7429
434.0000 2.7673
435.0000 2.7910
436.0000 2.8142
437.0000 2.8368
438.0000 2.8589
439.0000 2.8805
440.0000 2.9016
441.0000 2.9223
442.0000 2.9424
443.0000 2.9622
444.0000 2.9815
445.0000 3.0005
446.0000 3.0191
447.0000 3.0372
448.0000 3.0551
449.0000 3.0725
450.0000 3.0897
451.0000 3.1065
452.0000 3.1230
453.0000 3.1391
454.0000 3.1550
455.0000 3.1706
456.0000 3.1859
457.0000 3.2009
458.0000 3.2156
459.0000 3.2300
460.0000 3.2442
461.0000 3.2582
462.0000 3.2718
463.0000 3.2853
464.0000 3.2985
465.0000 3.3114
466.0000 3.3241
467.0000 3.3366
468.0000 3.3489
469.0000 3.3610
470.0000 3.3728
471.0000 3.3845
472.0000 3.3959
473.0000 3.4071
474.0000 3.4181
475.0000 3.4290
476.0000 3.4396
477.0000 3.4501
478.0000 3.4604
479.0000 3.4705
480.0000 3.4804
481.0000 3.4901
482.0000 3.4997
483.0000 3.5091
484.0000 3.5183
485.0000 3.5274
486.0000 3.5363
487.0000 3.5451
488.0000 3.5537
489.0000 3.5622
490.0000 3.5705
491.0000 3.5787
492.0000 3.5867
493.0000 3.5946
494.0000 3.6024
495.0000 3.6100
496.0000 3.6175
497.0000 3.6248
498.0000 3.6321
499.0000 3.6392
500.0000 3.6462
501.0000 3.6530
502.0000 3.6598
503.0000 3.6664
504.0000 3.6729
505.0000 3.6793
506.0000 3.6856
507.0000 3.6918
508.0000 3.6979
509.0000 3.7038
510.0000 -7.6209
511.0000 1.9744
512.0000 -0.2610
513.0000 2.3101
514.0000 1.2792
515.0000 1.8817
516.0000 1.4882
517.0000 1.6368
518.0000 1.4973
519.0000 1.5276
520.0000 1.4711
521.0000 1.4666
522.0000 1.4357
523.0000 1.4207
524.0000 1.3977
525.0000 1.3797
526.0000 1.3594
527.0000 1.3407
528.0000 1.3216
529.0000 1.3030
530.0000 1.2845
531.0000 1.2663
532.0000 1.2483
533.0000 1.2305
534.0000 1.2130
535.0000 1.1956
536.0000 1.1785
537.0000 1.1617
538.0000 1.1450
539.0000 1.1286
540.0000 1.1124
541.0000 1.0964
542.0000 1.0806
543.0000 1.0651
544.0000 1.0497
545.0000 1.0346
546.0000 1.0197
547.0000 1.0050
548.0000 0.9906
549.0000 0.9763
550.0000 0.9622
551.0000 0.9484
552.0000 0.9347
553.0000 0.9212
554.0000 0.9080
555.0000 0.8949
556.0000 0.8820
557.0000 0.8693
558.0000 0.8568
559.0000 0.8445
560.0000 0.8324
561.0000 0.8204
562.0000 0.8086
563.0000 0.7970
564.0000 0.7856
565.0000 0.7744
566.0000 0.7633
567.0000 0.7523
568.0000 0.7416
569.0000 0.7310
570.0000 0.7206
571.0000 0.7103
572.0000 0.7002
573.0000 0.6902
574.0000 0.6804
575.0000 0.6707
576.0000 0.6612
577.0000 0.6518
578.0000 0.6426
579.0000 0.6335
580.0000 0.6246
581.0000 0.6157
582.0000 0.6071
583.0000 0.5985
584.0000 0.5901
585.0000 0.5818
586.0000 0.5736
587.0000 0.5656
588.0000 0.5577
589.0000 0.5499
590.0000 0.5422
591.0000 0.5347
592.0000 0.5273
593.0000 0.5199
594.0000 0.5127
595.0000 0.5056
596.0000 0.4986
597.0000 0.4918
598.0000 0.4850
599.0000 0.4783
600.0000 0.4717
601.0000 0.4653
602.0000 0.4589
603.0000 0.4527
604.0000 0.4465
605.0000 0.4404
606.0000 0.4344
607.0000 0.4285
608.0000 0.4227
609.0000 0.4170
610.0000 0.4114
611.0000 -0.6053
612.0000 0.4338
613.0000 0.0091
614.0000 0.2641
615.0000 0.1036
616.0000 0.1636
617.0000 0.1015
618.0000 0.1080
619.0000 0.0775
620.0000 0.0681
621.0000 0.0473
622.0000 0.0330
623.0000 0.0152
624.0000 -0.0005
625.0000 -0.0173
626.0000 -0.0334
627.0000 -0.0498
628.0000 -0.0659
629.0000 -0.0821
630.0000 -0.0981
631.0000 -0.1141
632.0000 -0.1300
633.0000 -0.1458
634.0000 -0.1615
635.0000 -0.1770
636.0000 -0.1925
637.0000 -0.2079
638.0000 -0.2232
639.0000 -0.2383
640.0000 -0.2533
641.0000 -0.2682
642.0000 -0.2830
643.0000 -0.2977
644.0000 -0.3122
645.0000 -0.3266
646.0000 -0.3409
647.0000 -0.3550
648.0000 -0.3690
649.0000 -0.3829
650.0000 -0.3966
651.0000 -0.4102
652.0000 -0.4236
653.0000 -0.4370
654.0000 -0.4501
655.0000 -0.4632
656.0000 -0.4761
657.0000 -0.4888
658.0000 -0.5014
659.0000 -0.5139
660.0000 -0.5263
661.0000 -0.5385
662.0000 -0.5505
663.0000 -0.5624
664.0000 -0.5742
665.0000 -0.5859
666.0000 -0.5974
667.0000 -0.6087
668.0000 -0.6200
669.0000 -0.6311
670.0000 -0.6421
671.0000 -0.6529
672.0000 -0.6636
673.0000 -0.6742
674.0000 -0.6846
675.0000 -0.6949
676.0000 -0.7051
677.0000 -0.7152
678.0000 -0.7251
679.0000 -0.7349
680.0000 -0.7446
681.0000 -0.7541
682.0000 -0.7635
683.0000 -0.7729
684.0000 -0.7820
685.0000 -0.7911
686.0000 -0.8001
687.0000 -0.8089
688.0000 -0.8176
689.0000 -0.8262
690.0000 -0.8347
691.0000 -0.8431
692.0000 -0.8513
693.0000 -0.8595
694.0000 -0.8675
695.0000 -0.8755
696.0000 -0.8833
697.0000 -0.8910
698.0000 -0.8987
699.0000 -0.9062
700.0000 -0.9136
701.0000 -0.9209
702.0000 -0.9281
703.0000 -0.9352
704.0000 -0.9423
705.0000 -0.9492
706.0000 -0.9560
707.0000 -0.9627
708.0000 -0.9694
709.0000 -0.9759
710.0000 -0.9824
711.0000 -7.3295
712.0000 -2.7212
713.0000 -4.0671
714.0000 -2.8182
715.0000 -3.4132
716.0000 -3.1502
717.0000 -3.4043
718.0000 -3.3757
719.0000 -3.4960
720.0000 -3.5265
721.0000 -3.6003
722.0000 -3.6454
723.0000 -3.7024
724.0000 -3.7495
725.0000 -3.7992
726.0000 -3.8448
727.0000 -3.8902
728.0000 -3.9335
729.0000 -3.9758
730.0000 -4.0168
731.0000 -4.0566
732.0000 -4.0954
733.0000 -4.1331
734.0000 -4.1699
735.0000 -4.2057
736.0000 -4.2406
737.0000 -4.2747
738.0000 -4.3081
739.0000 -4.3406
740.0000 -4.3724
741.0000 -4.4036
742.0000 -4.4340
743.0000 -4.4638
744.0000 -4.4930
745.0000 -4.5216
746.0000 -4.5496
747.0000 -4.5770
748.0000 -4.6039
749.0000 -4.6303
750.0000 -4.6561
751.0000 -4.6815
752.0000 -4.7064
753.0000 -4.7308
754.0000 -4.7547
755.0000 -4.7782
756.0000 -4.8012
757.0000 -4.8239
758.0000 -4.8461
759.0000 -4.8679
760.0000 -4.8893
761.0000 -4.9103
762.0000 -4.9310
763.0000 -4.9512
764.0000 -4.9711
765.0000 -4.9907
766.0000 -5.0099
767.0000 -5.0288
768.0000 -5.0473
769.0000 -5.0655
770.0000 -5.0834
771.0000 -5.1009
772.0000 -5.1182
773.0000 -5.1351
774.0000 -5.1518
775.0000 -5.1681
776.0000 -5.1842
777.0000 -5.2000
778.0000 -5.2155
779.0000 -5.2307
780.0000 -5.2457
781.0000 -5.2604
782.0000 -5.2748
783.0000 -5.2890
784.0000 -5.3030
785.0000 -5.3167
786.0000 -5.3302
787.0000 -5.3434
788.0000 -5.3564
789.0000 -5.3692
790.0000 -5.3817
791.0000 -5.3941
792.0000 -5.4062
793.0000 -5.4181
794.0000 -5.4298
795.0000 -5.4413
796.0000 -5.4526
797.0000 -5.4637
798.0000 -5.4746
799.0000 -5.4854
800.0000 -5.4959
801.0000 -5.5063
802.0000 -5.5164
803.0000 -5.5264
804.0000 -5.5363
805.0000 -5.5459
806.0000 -5.5554
807.0000 -5.5648
808.0000 -5.5739
809.0000 -5.5829
810.0000 11.4041
811.0000 -2.9889
812.0000 0.3641
813.0000 -3.4926
814.0000 -1.9463
815.0000 -2.8501
816.0000 -2.2599
817.0000 -2.4829
818.0000 -2.2736
819.0000 -2.3191
820.0000 -2.2345
821.0000 -2.2277
822.0000 -2.1814
823.0000 -2.1589
824.0000 -2.1245
825.0000 -2.0975
826.0000 -2.0671
827.0000 -2.0392
828.0000 -2.0105
829.0000 -1.9827
830.0000 -1.9550
831.0000 -1.9277
832.0000 -1.9007
833.0000 -1.8741
834.0000 -1.8478
835.0000 -1.8219
836.0000 -1.7963
837.0000 -1.7710
838.0000 -1.7460
839.0000 -1.7214
840.0000 -1.6972
841.0000 -1.6732
842.0000 -1.6496
843.0000 -1.6263
844.0000 -1.6033
845.0000 -1.5807
846.0000 -1.5584
847.0000 -1.5364
848.0000 -1.5147
849.0000 -1.4933
850.0000 -1.4722
851.0000 -1.4515
852.0000 -1.4310
853.0000 -1.4108
854.0000 -1.3910
855.0000 -1.3714
856.0000 -1.3521
857.0000 -1.3331
858.0000 -1.3143
859.0000 -1.2959
860.0000 -1.2777
861.0000 -1.2598
862.0000 -1.2422
863.0000 -1.2248
864.0000 -1.2077
865.0000 -1.1908
866.0000 -1.1742
867.0000 -1.1578
868.0000 -1.1417
869.0000 -1.1259
870.0000 -1.1102
871.0000 -1.0948
872.0000 -1.0797
873.0000 -1.0648
874.0000 -1.0501
875.0000 -1.0356
876.0000 -1.0213
877.0000 -1.0073
878.0000 -0.9934
879.0000 -0.9798
880.0000 -0.9664
881.0000 -0.9532
882.0000 -0.9402
883.0000 -0.9274
884.0000 -0.9148
885.0000 -0.9024
886.0000 -0.8902
887.0000 -0.8781
888.0000 -0.8663
889.0000 -0.8546
890.0000 -0.8431
891.0000 -0.8318
892.0000 -0.8207
893.0000 -0.8097
894.0000 -0.7989
895.0000 -0.7883
896.0000 -0.7778
897.0000 -0.7675
898.0000 -0.7573
899.0000 -0.7473
900.0000 -0.7375
901.0000 -0.7278
902.0000 -0.7183
903.0000 -0.7089
904.0000 -0.6997
905.0000 -0.6906
906.0000 -0.6816
907.0000 -0.6728
908.0000 -0.6641
909.0000 -0.6556
910.0000 -0.6472
