1.0000 0.0000
2.0000 0.0000
3.0000 0.0000
4.0000 0.0000
5.0000 0.0000
6.0000 0.0000
7.0000 0.0000
8.0000 0.0000
9.0000 0.0000
10.0000 0.0000
11.0000 0.0000
12.0000 0.0000
13.0000 0.0000
14.0000 0.0000
15.0000 0.0000
16.0000 0.0000
17.0000 0.0000
18.0000 0.0000
19.0000 0.0000
20.0000 0.0000
21.0000 0.0000
22.0000 0.0000
23.0000 0.0000
24.0000 0.0000
25.0000 0.0000
26.0000 0.0000
27.0000 0.0000
28.0000 0.0000
29.0000 0.0000
30.0000 0.0000
31.0000 0.0000
32.0000 0.0000
33.0000 0.0000
34.0000 0.0000
35.0000 0.0000
36.0000 0.0000
37.0000 0.0000
38.0000 0.0000
39.0000 0.0000
40.0000 0.0000
41.0000 0.0000
42.0000 0.0000
43.0000 0.0000
44.0000 0.0000
45.0000 0.0000
46.0000 0.0000
47.0000 0.0000
48.0000 0.0000
49.0000 0.0000
50.0000 0.0000
51.0000 0.0000
52.0000 0.0000
53.0000 0.0000
54.0000 0.0000
55.0000 0.0000
56.0000 0.0000
57.0000 0.0000
58.0000 0.0000
59.0000 0.0000
60.0000 0.0000
61.0000 0.0000
62.0000 0.0000
63.0000 0.0000
64.0000 0.0000
65.0000 0.0000
66.0000 0.0000
67.0000 0.0000
68.0000 0.0000
69.0000 0.0000
70.0000 0.0000
71.0000 0.0000
72.0000 0.0000
73.0000 0.0000
74.0000 0.0000
75.0000 0.0000
76.0000 0.0000
77.0000 0.0000
78.0000 0.0000
79.0000 0.0000
80.0000 0.0000
81.0000 0.0000
82.0000 0.0000
83.0000 0.0000
84.0000 0.0000
85.0000 0.0000
86.0000 0.0000
87.0000 0.0000
88.0000 0.0000
89.0000 0.0000
90.0000 0.0000
91.0000 0.0000
92.0000 0.0000
93.0000 0.0000
94.0000 0.0000
95.0000 0.0000
96.0000 0.0000
97.0000 0.0000
98.0000 0.0000
99.0000 0.0000
100.0000 0.0000
101.0000 0.0000
102.0000 0.0000
103.0000 0.0000
104.0000 0.0000
105.0000 0.0000
106.0000 0.0000
107.0000 0.0000
108.0000 0.0000
109.0000 0.0000
110.0000 0.0000
111.0000 0.6660
112.0000 0.6762
113.0000 0.7014
114.0000 0.7248
115.0000 0.7469
116.0000 0.7679
117.0000 0.7877
118.0000 0.8064
119.0000 0.8241
120.0000 0.8409
121.0000 0.8567
122.0000 0.8717
123.0000 0.8859
124.0000 0.8993
125.0000 0.9120
126.0000 0.9240
127.0000 0.9354
128.0000 0.9461
129.0000 0.9563
130.0000 0.9659
131.0000 0.9750
132.0000 0.9836
133.0000 0.9918
134.0000 0.9995
135.0000 1.0068
136.0000 1.0137
137.0000 1.0202
138.0000 1.0264
139.0000 1.0322
140.0000 1.0378
141.0000 1.0430
142.0000 1.0479
143.0000 1.0526
144.0000 1.0571
145.0000 1.0613
146.0000 1.0653
147.0000 1.0690
148.0000 1.0726
149.0000 1.0760
150.0000 1.0791
151.0000 1.0822
152.0000 1.0850
153.0000 1.0877
154.0000 1.0903
155.0000 1.0927
156.0000 1.0950
157.0000 1.0972
158.0000 1.0993
159.0000 1.1012
160.0000 1.1031
161.0000 1.1048
162.0000 1.1065
163.0000 1.1080
164.0000 1.1095
165.0000 1.1109
166.0000 1.1123
167.0000 1.1135
168.0000 1.1147
169.0000 1.1158
170.0000 1.1169
171.0000 1.1179
172.0000 1.1189
173.0000 1.1198
174.0000 1.1207
175.0000 1.1215
176.0000 1.1223
177.0000 1.1230
178.0000 1.1237
179.0000 1.1244
180.0000 1.1250
181.0000 1.1256
182.0000 1.1261
183.0000 1.1267
184.0000 1.1272
185.0000 1.1276
186.0000 1.1281
187.0000 1.1285
188.0000 1.1289
189.0000 1.1293
190.0000 1.1297
191.0000 1.1300
192.0000 1.1303
193.0000 1.1307
194.0000 1.1310
195.0000 1.1312
196.0000 1.1315
197.0000 1.1317
198.0000 1.1320
199.0000 1.1322
200.0000 1.1324
201.0000 1.1326
202.0000 1.1328
203.0000 1.1330
204.0000 1.1332
205.0000 1.1333
206.0000 1.1335
207.0000 1.1336
208.0000 1.1338
209.0000 1.1339
210.0000 1.1340
211.0000 1.1342
212.0000 1.1343
213.0000 1.1344
214.0000 1.1345
215.0000 1.1346
216.0000 1.1347
217.0000 1.1347
218.0000 1.1348
219.0000 1.1349
220.0000 1.1350
221.0000 1.1351
222.0000 1.1351
223.0000 1.1352
224.0000 1.1352
225.0000 1.1353
226.0000 1.1354
227.0000 1.1354
228.0000 1.1355
229.0000 1.1355
230.0000 1.1355
231.0000 1.1356
232.0000 1.1356
233.0000 1.1357
234.0000 1.1357
235.0000 1.1357
236.0000 1.1358
237.0000 1.1358
238.0000 1.1358
239.0000 1.1358
240.0000 1.1359
241.0000 1.1359
242.0000 1.1359
243.0000 1.1359
244.0000 1.1360
245.0000 1.1360
246.0000 1.1360
247.0000 1.1360
248.0000 1.1360
249.0000 1.1361
250.0000 1.1361
251.0000 1.1361
252.0000 1.1361
253.0000 1.1361
254.0000 1.1361
255.0000 1.1361
256.0000 1.1361
257.0000 1.1362
258.0000 1.1362
259.0000 1.1362
260.0000 1.1362
261.0000 1.1362
262.0000 1.1362
263.0000 1.1362
264.0000 1.1362
265.0000 1.1362
266.0000 1.1362
267.0000 1.1362
268.0000 1.1362
269.0000 1.1363
270.0000 1.1363
271.0000 1.1363
272.0000 1.1363
273.0000 1.1363
274.0000 1.1363
275.0000 1.1363
276.0000 1.1363
277.0000 1.1363
278.0000 1.1363
279.0000 1.1363
280.0000 1.1363
281.0000 1.1363
282.0000 1.1363
283.0000 1.1363
284.0000 1.1363
285.0000 1.1363
286.0000 1.1363
287.0000 1.1363
288.0000 1.1363
289.0000 1.1363
290.0000 1.1363
291.0000 1.1363
292.0000 1.1363
293.0000 1.1363
294.0000 1.1363
295.0000 1.1363
296.0000 1.1363
297.0000 1.1363
298.0000 1.1363
299.0000 1.1363
300.0000 1.1363
301.0000 1.1363
302.0000 1.1363
303.0000 1.1363
304.0000 1.1363
305.0000 1.1363
306.0000 1.1363
307.0000 1.1363
308.0000 1.1363
309.0000 1.1363
310.0000 1.1363
311.0000 1.1364
312.0000 1.1364
313.0000 1.1364
314.0000 1.1364
315.0000 1.1364
316.0000 1.1364
317.0000 1.1364
318.0000 1.1364
319.0000 1.1364
320.0000 1.1364
321.0000 1.1364
322.0000 1.1364
323.0000 1.1364
324.0000 1.1364
325.0000 1.1364
326.0000 1.1364
327.0000 1.1364
328.0000 1.1364
329.0000 1.1364
330.0000 1.1364
331.0000 1.1364
332.0000 1.1364
333.0000 1.1364
334.0000 1.1364
335.0000 1.1364
336.0000 1.1364
337.0000 1.1364
338.0000 1.1364
339.0000 1.1364
340.0000 1.1364
341.0000 1.1364
342.0000 1.1364
343.0000 1.1364
344.0000 1.1364
345.0000 1.1364
346.0000 1.1364
347.0000 1.1364
348.0000 1.1364
349.0000 1.1364
350.0000 1.1364
351.0000 1.1364
352.0000 1.1364
353.0000 1.1364
354.0000 1.1364
355.0000 1.1364
356.0000 1.1364
357.0000 1.1364
358.0000 1.1364
359.0000 1.1364
360.0000 1.1364
361.0000 1.1364
362.0000 1.1364
363.0000 1.1364
364.0000 1.1364
365.0000 1.1364
366.0000 1.1364
367.0000 1.1364
368.0000 1.1364
369.0000 1.1364
370.0000 1.1364
371.0000 1.1364
372.0000 1.1364
373.0000 1.1364
374.0000 1.1364
375.0000 1.1364
376.0000 1.1364
377.0000 1.1364
378.0000 1.1364
379.0000 1.1364
380.0000 1.1364
381.0000 1.1364
382.0000 1.1364
383.0000 1.1364
384.0000 1.1364
385.0000 1.1364
386.0000 1.1364
387.0000 1.1364
388.0000 1.1364
389.0000 1.1364
390.0000 1.1364
391.0000 1.1364
392.0000 1.1364
393.0000 1.1364
394.0000 1.1364
395.0000 1.1364
396.0000 1.1364
397.0000 1.1364
398.0000 1.1364
399.0000 1.1364
400.0000 1.1364
401.0000 1.1364
402.0000 1.1364
403.0000 1.1364
404.0000 1.1364
405.0000 1.1364
406.0000 1.1364
407.0000 1.1364
408.0000 1.1364
409.0000 1.1364
410.0000 1.1364
411.0000 -0.1955
412.0000 -0.2161
413.0000 -0.2664
414.0000 -0.3132
415.0000 -0.3575
416.0000 -0.3994
417.0000 -0.4390
418.0000 -0.4765
419.0000 -0.5119
420.0000 -0.5454
421.0000 -0.5771
422.0000 -0.6071
423.0000 -0.6355
424.0000 -0.6623
425.0000 -0.6877
426.0000 -0.7117
427.0000 -0.7344
428.0000 -0.7559
429.0000 -0.7762
430.0000 -0.7955
431.0000 -0.8137
432.0000 -0.8309
433.0000 -0.8472
434.0000 -0.8626
435.0000 -0.8772
436.0000 -0.8910
437.0000 -0.9040
438.0000 -0.9164
439.0000 -0.9281
440.0000 -0.9392
441.0000 -0.9496
442.0000 -0.9595
443.0000 -0.9689
444.0000 -0.9778
445.0000 -0.9862
446.0000 -0.9941
447.0000 -1.0017
448.0000 -1.0088
449.0000 -1.0155
450.0000 -1.0219
451.0000 -1.0280
452.0000 -1.0337
453.0000 -1.0391
454.0000 -1.0442
455.0000 -1.0491
456.0000 -1.0537
457.0000 -1.0580
458.0000 -1.0622
459.0000 -1.0661
460.0000 -1.0698
461.0000 -1.0733
462.0000 -1.0766
463.0000 -1.0797
464.0000 -1.0827
465.0000 -1.0855
466.0000 -1.0882
467.0000 -1.0907
468.0000 -1.0931
469.0000 -1.0953
470.0000 -1.0975
471.0000 -1.0995
472.0000 -1.1014
473.0000 -1.1033
474.0000 -1.1050
475.0000 -1.1066
476.0000 -1.1082
477.0000 -1.1096
478.0000 -1.1110
479.0000 -1.1123
480.0000 -1.1136
481.0000 -1.1148
482.0000 -1.1159
483.0000 -1.1170
484.0000 -1.1180
485.0000 -1.1189
486.0000 -1.1198
487.0000 -1.1207
488.0000 -1.1215
489.0000 -1.1223
490.0000 -1.1230
491.0000 -1.1237
492.0000 -1.1243
493.0000 -1.1250
494.0000 -1.1255
495.0000 -1.1261
496.0000 -1.1266
497.0000 -1.1271
498.0000 -1.1276
499.0000 -1.1281
500.0000 -1.1285
501.0000 -1.1289
502.0000 -1.1293
503.0000 -1.1296
504.0000 -1.1300
505.0000 -1.1303
506.0000 -1.1306
507.0000 -1.1309
508.0000 -1.1312
509.0000 -1.1315
510.0000 -1.1317
511.0000 -1.1319
512.0000 -1.1322
513.0000 -1.1324
514.0000 -1.1326
515.0000 -1.1328
516.0000 -1.1330
517.0000 -1.1331
518.0000 -1.1333
519.0000 -1.1335
520.0000 -1.1336
521.0000 -1.1337
522.0000 -1.1339
523.0000 -1.1340
524.0000 -1.1341
525.0000 -1.1342
526.0000 -1.1343
527.0000 -1.1344
528.0000 -1.1345
529.0000 -1.1346
530.0000 -1.1347
531.0000 -1.1348
532.0000 -1.1349
533.0000 -1.1350
534.0000 -1.1350
535.0000 -1.1351
536.0000 -1.1352
537.0000 -1.1352
538.0000 -1.1353
539.0000 -1.1353
540.0000 -1.1354
541.0000 -1.1354
542.0000 -1.1355
543.0000 -1.1355
544.0000 -1.1356
545.0000 -1.1356
546.0000 -1.1356
547.0000 -1.1357
548.0000 -1.1357
549.0000 -1.1357
550.0000 -1.1358
551.0000 -1.1358
552.0000 -1.1358
553.0000 -1.1359
554.0000 -1.1359
555.0000 -1.1359
556.0000 -1.1359
557.0000 -1.1360
558.0000 -1.1360
559.0000 -1.1360
560.0000 -1.1360
561.0000 -1.1360
562.0000 -1.1360
563.0000 -1.1361
564.0000 -1.1361
565.0000 -1.1361
566.0000 -1.1361
567.0000 -1.1361
568.0000 -1.1361
569.0000 -1.1361
570.0000 -1.1362
571.0000 -1.1362
572.0000 -1.1362
573.0000 -1.1362
574.0000 -1.1362
575.0000 -1.1362
576.0000 -1.1362
577.0000 -1.1362
578.0000 -1.1362
579.0000 -1.1362
580.0000 -1.1362
581.0000 -1.1362
582.0000 -1.1362
583.0000 -1.1363
584.0000 -1.1363
585.0000 -1.1363
586.0000 -1.1363
587.0000 -1.1363
588.0000 -1.1363
589.0000 -1.1363
590.0000 -1.1363
591.0000 -1.1363
592.0000 -1.1363
593.0000 -1.1363
594.0000 -1.1363
595.0000 -1.1363
596.0000 -1.1363
597.0000 -1.1363
598.0000 -1.1363
599.0000 -1.1363
600.0000 -1.1363
601.0000 -1.1363
602.0000 -1.1363
603.0000 -1.1363
604.0000 -1.1363
605.0000 -1.1363
606.0000 -1.1363
607.0000 -1.1363
608.0000 -1.1363
609.0000 -1.1363
610.0000 -1.1363
611.0000 -1.1363
612.0000 -1.1363
613.0000 -1.1363
614.0000 -1.1363
615.0000 -1.1363
616.0000 -1.1363
617.0000 -1.1363
618.0000 -1.1363
619.0000 -1.1363
620.0000 -1.1363
621.0000 -1.1363
622.0000 -1.1363
623.0000 -1.1363
624.0000 -1.1363
625.0000 -1.1364
626.0000 -1.1364
627.0000 -1.1364
628.0000 -1.1364
629.0000 -1.1364
630.0000 -1.1364
631.0000 -1.1364
632.0000 -1.1364
633.0000 -1.1364
634.0000 -1.1364
635.0000 -1.1364
636.0000 -1.1364
637.0000 -1.1364
638.0000 -1.1364
639.0000 -1.1364
640.0000 -1.1364
641.0000 -1.1364
642.0000 -1.1364
643.0000 -1.1364
644.0000 -1.1364
645.0000 -1.1364
646.0000 -1.1364
647.0000 -1.1364
648.0000 -1.1364
649.0000 -1.1364
650.0000 -1.1364
651.0000 -1.1364
652.0000 -1.1364
653.0000 -1.1364
654.0000 -1.1364
655.0000 -1.1364
656.0000 -1.1364
657.0000 -1.1364
658.0000 -1.1364
659.0000 -1.1364
660.0000 -1.1364
661.0000 -1.1364
662.0000 -1.1364
663.0000 -1.1364
664.0000 -1.1364
665.0000 -1.1364
666.0000 -1.1364
667.0000 -1.1364
668.0000 -1.1364
669.0000 -1.1364
670.0000 -1.1364
671.0000 -1.1364
672.0000 -1.1364
673.0000 -1.1364
674.0000 -1.1364
675.0000 -1.1364
676.0000 -1.1364
677.0000 -1.1364
678.0000 -1.1364
679.0000 -1.1364
680.0000 -1.1364
681.0000 -1.1364
682.0000 -1.1364
683.0000 -1.1364
684.0000 -1.1364
685.0000 -1.1364
686.0000 -1.1364
687.0000 -1.1364
688.0000 -1.1364
689.0000 -1.1364
690.0000 -1.1364
691.0000 -1.1364
692.0000 -1.1364
693.0000 -1.1364
694.0000 -1.1364
695.0000 -1.1364
696.0000 -1.1364
697.0000 -1.1364
698.0000 -1.1364
699.0000 -1.1364
700.0000 -1.1364
701.0000 -1.1364
702.0000 -1.1364
703.0000 -1.1364
704.0000 -1.1364
705.0000 -1.1364
706.0000 -1.1364
707.0000 -1.1364
708.0000 -1.1364
709.0000 -1.1364
710.0000 -1.1364
711.0000 0.8615
712.0000 0.8923
713.0000 0.9678
714.0000 1.0380
715.0000 1.1044
716.0000 1.1673
717.0000 1.2267
718.0000 1.2829
719.0000 1.3360
720.0000 1.3863
721.0000 1.4339
722.0000 1.4789
723.0000 1.5214
724.0000 1.5617
725.0000 1.5997
726.0000 1.6357
727.0000 1.6698
728.0000 1.7021
729.0000 1.7325
730.0000 1.7614
731.0000 1.7887
732.0000 1.8145
733.0000 1.8390
734.0000 1.8621
735.0000 1.8839
736.0000 1.9046
737.0000 1.9242
738.0000 1.9428
739.0000 1.9603
740.0000 1.9769
741.0000 1.9926
742.0000 2.0075
743.0000 2.0216
744.0000 2.0349
745.0000 2.0475
746.0000 2.0594
747.0000 2.0707
748.0000 2.0814
749.0000 2.0915
750.0000 2.1011
751.0000 2.1101
752.0000 2.1187
753.0000 2.1269
754.0000 2.1345
755.0000 2.1418
756.0000 2.1487
757.0000 2.1553
758.0000 2.1614
759.0000 2.1673
760.0000 2.1728
761.0000 2.1781
762.0000 2.1830
763.0000 2.1877
764.0000 2.1922
765.0000 2.1964
766.0000 2.2004
767.0000 2.2042
768.0000 2.2078
769.0000 2.2112
770.0000 2.2144
771.0000 2.2174
772.0000 2.2203
773.0000 2.2231
774.0000 2.2257
775.0000 2.2281
776.0000 2.2304
777.0000 2.2326
778.0000 2.2347
779.0000 2.2367
780.0000 2.2386
781.0000 2.2403
782.0000 2.2420
783.0000 2.2436
784.0000 2.2451
785.0000 2.2466
786.0000 2.2479
787.0000 2.2492
788.0000 2.2504
789.0000 2.2516
790.0000 2.2527
791.0000 2.2537
792.0000 2.2547
793.0000 2.2556
794.0000 2.2565
795.0000 2.2573
796.0000 2.2581
797.0000 2.2589
798.0000 2.2596
799.0000 2.2603
800.0000 2.2609
801.0000 2.2615
802.0000 2.2621
803.0000 2.2626
804.0000 2.2631
805.0000 2.2636
806.0000 2.2641
807.0000 2.2645
808.0000 2.2650
809.0000 2.2654
810.0000 2.2657
811.0000 2.2661
812.0000 2.2664
813.0000 2.2668
814.0000 2.2671
815.0000 2.2673
816.0000 2.2676
817.0000 2.2679
818.0000 2.2681
819.0000 2.2684
820.0000 2.2686
821.0000 2.2688
822.0000 2.2690
823.0000 2.2692
824.0000 2.2694
825.0000 2.2695
826.0000 2.2697
827.0000 2.2698
828.0000 2.2700
829.0000 2.2701
830.0000 2.2703
831.0000 2.2704
832.0000 2.2705
833.0000 2.2706
834.0000 2.2707
835.0000 2.2708
836.0000 2.2709
837.0000 2.2710
838.0000 2.2711
839.0000 2.2712
840.0000 2.2713
841.0000 2.2713
842.0000 2.2714
843.0000 2.2715
844.0000 2.2715
845.0000 2.2716
846.0000 2.2716
847.0000 2.2717
848.0000 2.2718
849.0000 2.2718
850.0000 2.2718
851.0000 2.2719
852.0000 2.2719
853.0000 2.2720
854.0000 2.2720
855.0000 2.2720
856.0000 2.2721
857.0000 2.2721
858.0000 2.2721
859.0000 2.2722
860.0000 2.2722
861.0000 2.2722
862.0000 2.2723
863.0000 2.2723
864.0000 2.2723
865.0000 2.2723
866.0000 2.2723
867.0000 2.2724
868.0000 2.2724
869.0000 2.2724
870.0000 2.2724
871.0000 2.2724
872.0000 2.2724
873.0000 2.2725
874.0000 2.2725
875.0000 2.2725
876.0000 2.2725
877.0000 2.2725
878.0000 2.2725
879.0000 2.2725
880.0000 2.2725
881.0000 2.2725
882.0000 2.2726
883.0000 2.2726
884.0000 2.2726
885.0000 2.2726
886.0000 2.2726
887.0000 2.2726
888.0000 2.2726
889.0000 2.2726
890.0000 2.2726
891.0000 2.2726
892.0000 2.2726
893.0000 2.2726
894.0000 2.2726
895.0000 2.2726
896.0000 2.2726
897.0000 2.2726
898.0000 2.2726
899.0000 2.2727
900.0000 2.2727
901.0000 2.2727
902.0000 2.2727
903.0000 2.2727
904.0000 2.2727
905.0000 2.2727
906.0000 2.2727
907.0000 2.2727
908.0000 2.2727
909.0000 2.2727
910.0000 2.2727
