1.0000 0.0000
2.0000 0.0000
3.0000 0.0000
4.0000 0.0000
5.0000 0.0000
6.0000 0.0000
7.0000 0.0000
8.0000 0.0000
9.0000 0.0000
10.0000 6.8492
11.0000 0.7017
12.0000 1.0506
13.0000 1.0347
14.0000 1.0391
15.0000 1.0422
16.0000 1.0452
17.0000 1.0481
18.0000 1.0508
19.0000 1.0535
20.0000 1.0560
21.0000 1.0584
22.0000 1.0607
23.0000 1.0629
24.0000 1.0650
25.0000 1.0670
26.0000 1.0689
27.0000 1.0708
28.0000 1.0726
29.0000 1.0742
30.0000 1.0758
31.0000 1.0774
32.0000 1.0789
33.0000 1.0803
34.0000 1.0816
35.0000 1.0829
36.0000 1.0841
37.0000 1.0853
38.0000 1.0864
39.0000 1.0875
40.0000 1.0886
41.0000 1.0895
42.0000 1.0905
43.0000 1.0914
44.0000 1.0922
45.0000 1.0931
46.0000 1.0939
47.0000 1.0946
48.0000 1.0953
49.0000 1.0960
50.0000 1.0967
51.0000 1.0973
52.0000 1.0979
53.0000 1.0985
54.0000 1.0990
55.0000 1.0996
56.0000 1.1001
57.0000 1.1006
58.0000 1.1010
59.0000 1.1015
60.0000 1.1019
61.0000 1.1023
62.0000 1.1027
63.0000 1.1030
64.0000 1.1034
65.0000 1.1037
66.0000 1.1041
67.0000 1.1044
68.0000 1.1047
69.0000 1.1049
70.0000 1.1052
71.0000 1.1055
72.0000 1.1057
73.0000 1.1060
74.0000 1.1062
75.0000 1.1064
76.0000 1.1066
77.0000 1.1068
78.0000 1.1070
79.0000 1.1072
80.0000 1.1073
81.0000 1.1075
82.0000 1.1077
83.0000 1.1078
84.0000 1.1080
85.0000 1.1081
86.0000 1.1082
87.0000 1.1084
88.0000 1.1085
89.0000 1.1086
90.0000 1.1087
91.0000 1.1088
92.0000 1.1089
93.0000 1.1090
94.0000 1.1091
95.0000 1.1092
96.0000 1.1093
97.0000 1.1093
98.0000 1.1094
99.0000 1.1095
100.0000 1.1096
101.0000 1.1096
102.0000 1.1097
103.0000 1.1098
104.0000 1.1098
105.0000 1.1099
106.0000 1.1099
107.0000 1.1100
108.0000 1.1100
109.0000 1.1101
110.0000 1.1101
111.0000 1.1102
112.0000 1.1102
113.0000 1.1102
114.0000 1.1103
115.0000 1.1103
116.0000 1.1104
117.0000 1.1104
118.0000 1.1104
119.0000 1.1105
120.0000 1.1105
121.0000 1.1105
122.0000 1.1105
123.0000 1.1106
124.0000 1.1106
125.0000 1.1106
126.0000 1.1106
127.0000 1.1106
128.0000 1.1107
129.0000 1.1107
130.0000 1.1107
131.0000 1.1107
132.0000 1.1107
133.0000 1.1108
134.0000 1.1108
135.0000 1.1108
136.0000 1.1108
137.0000 1.1108
138.0000 1.1108
139.0000 1.1108
140.0000 1.1109
141.0000 1.1109
142.0000 1.1109
143.0000 1.1109
144.0000 1.1109
145.0000 1.1109
146.0000 1.1109
147.0000 1.1109
148.0000 1.1109
149.0000 1.1109
150.0000 1.1109
151.0000 1.1110
152.0000 1.1110
153.0000 1.1110
154.0000 1.1110
155.0000 1.1110
156.0000 1.1110
157.0000 1.1110
158.0000 1.1110
159.0000 1.1110
160.0000 1.1110
161.0000 1.1110
162.0000 1.1110
163.0000 1.1110
164.0000 1.1110
165.0000 1.1110
166.0000 1.1110
167.0000 1.1110
168.0000 1.1110
169.0000 1.1110
170.0000 1.1110
171.0000 1.1110
172.0000 1.1110
173.0000 1.1111
174.0000 1.1111
175.0000 1.1111
176.0000 1.1111
177.0000 1.1111
178.0000 1.1111
179.0000 1.1111
180.0000 1.1111
181.0000 1.1111
182.0000 1.1111
183.0000 1.1111
184.0000 1.1111
185.0000 1.1111
186.0000 1.1111
187.0000 1.1111
188.0000 1.1111
189.0000 1.1111
190.0000 1.1111
191.0000 1.1111
192.0000 1.1111
193.0000 1.1111
194.0000 1.1111
195.0000 1.1111
196.0000 1.1111
197.0000 1.1111
198.0000 1.1111
199.0000 1.1111
200.0000 1.1111
201.0000 1.1111
202.0000 1.1111
203.0000 1.1111
204.0000 1.1111
205.0000 1.1111
206.0000 1.1111
207.0000 1.1111
208.0000 1.1111
209.0000 1.1111
210.0000 1.1111
211.0000 1.1111
212.0000 1.1111
213.0000 1.1111
214.0000 1.1111
215.0000 1.1111
216.0000 1.1111
217.0000 1.1111
218.0000 1.1111
219.0000 1.1111
220.0000 1.1111
221.0000 1.1111
222.0000 1.1111
223.0000 1.1111
224.0000 1.1111
225.0000 1.1111
226.0000 1.1111
227.0000 1.1111
228.0000 1.1111
229.0000 1.1111
230.0000 1.1111
231.0000 1.1111
232.0000 1.1111
233.0000 1.1111
234.0000 1.1111
235.0000 1.1111
236.0000 1.1111
237.0000 1.1111
238.0000 1.1111
239.0000 1.1111
240.0000 1.1111
241.0000 1.1111
242.0000 1.1111
243.0000 1.1111
244.0000 1.1111
245.0000 1.1111
246.0000 1.1111
247.0000 1.1111
248.0000 1.1111
249.0000 1.1111
250.0000 1.1111
251.0000 1.1111
252.0000 1.1111
253.0000 1.1111
254.0000 1.1111
255.0000 1.1111
256.0000 1.1111
257.0000 1.1111
258.0000 1.1111
259.0000 1.1111
260.0000 1.1111
261.0000 1.1111
262.0000 1.1111
263.0000 1.1111
264.0000 1.1111
265.0000 1.1111
266.0000 1.1111
267.0000 1.1111
268.0000 1.1111
269.0000 1.1111
270.0000 1.1111
271.0000 1.1111
272.0000 1.1111
273.0000 1.1111
274.0000 1.1111
275.0000 1.1111
276.0000 1.1111
277.0000 1.1111
278.0000 1.1111
279.0000 1.1111
280.0000 1.1111
281.0000 1.1111
282.0000 1.1111
283.0000 1.1111
284.0000 1.1111
285.0000 1.1111
286.0000 1.1111
287.0000 1.1111
288.0000 1.1111
289.0000 1.1111
290.0000 1.1111
291.0000 1.1111
292.0000 1.1111
293.0000 1.1111
294.0000 1.1111
295.0000 1.1111
296.0000 1.1111
297.0000 1.1111
298.0000 1.1111
299.0000 1.1111
300.0000 1.1111
301.0000 1.1111
302.0000 1.1111
303.0000 1.1111
304.0000 1.1111
305.0000 1.1111
306.0000 1.1111
307.0000 1.1111
308.0000 1.1111
309.0000 1.1111
310.0000 -12.5872
311.0000 -0.2924
312.0000 -0.9902
313.0000 -0.9583
314.0000 -0.9670
315.0000 -0.9732
316.0000 -0.9793
317.0000 -0.9850
318.0000 -0.9905
319.0000 -0.9958
320.0000 -1.0008
321.0000 -1.0057
322.0000 -1.0103
323.0000 -1.0147
324.0000 -1.0189
325.0000 -1.0229
326.0000 -1.0268
327.0000 -1.0305
328.0000 -1.0340
329.0000 -1.0374
330.0000 -1.0406
331.0000 -1.0437
332.0000 -1.0466
333.0000 -1.0494
334.0000 -1.0521
335.0000 -1.0547
336.0000 -1.0572
337.0000 -1.0595
338.0000 -1.0618
339.0000 -1.0639
340.0000 -1.0660
341.0000 -1.0680
342.0000 -1.0699
343.0000 -1.0717
344.0000 -1.0734
345.0000 -1.0750
346.0000 -1.0766
347.0000 -1.0781
348.0000 -1.0796
349.0000 -1.0809
350.0000 -1.0823
351.0000 -1.0835
352.0000 -1.0847
353.0000 -1.0859
354.0000 -1.0870
355.0000 -1.0880
356.0000 -1.0890
357.0000 -1.0900
358.0000 -1.0909
359.0000 -1.0918
360.0000 -1.0927
361.0000 -1.0935
362.0000 -1.0942
363.0000 -1.0950
364.0000 -1.0957
365.0000 -1.0964
366.0000 -1.0970
367.0000 -1.0976
368.0000 -1.0982
369.0000 -1.0988
370.0000 -1.0993
371.0000 -1.0998
372.0000 -1.1003
373.0000 -1.1008
374.0000 -1.1012
375.0000 -1.1017
376.0000 -1.1021
377.0000 -1.1025
378.0000 -1.1029
379.0000 -1.1032
380.0000 -1.1036
381.0000 -1.1039
382.0000 -1.1042
383.0000 -1.1045
384.0000 -1.1048
385.0000 -1.1051
386.0000 -1.1053
387.0000 -1.1056
388.0000 -1.1058
389.0000 -1.1061
390.0000 -1.1063
391.0000 -1.1065
392.0000 -1.1067
393.0000 -1.1069
394.0000 -1.1071
395.0000 -1.1072
396.0000 -1.1074
397.0000 -1.1076
398.0000 -1.1077
399.0000 -1.1079
400.0000 -1.1080
401.0000 -1.1082
402.0000 -1.1083
403.0000 -1.1084
404.0000 -1.1085
405.0000 -1.1086
406.0000 -1.1087
407.0000 -1.1089
408.0000 -1.1090
409.0000 -1.1090
410.0000 -1.1091
411.0000 -1.1092
412.0000 -1.1093
413.0000 -1.1094
414.0000 -1.1095
415.0000 -1.1095
416.0000 -1.1096
417.0000 -1.1097
418.0000 -1.1097
419.0000 -1.1098
420.0000 -1.1098
421.0000 -1.1099
422.0000 -1.1100
423.0000 -1.1100
424.0000 -1.1101
425.0000 -1.1101
426.0000 -1.1101
427.0000 -1.1102
428.0000 -1.1102
429.0000 -1.1103
430.0000 -1.1103
431.0000 -1.1103
432.0000 -1.1104
433.0000 -1.1104
434.0000 -1.1104
435.0000 -1.1105
436.0000 -1.1105
437.0000 -1.1105
438.0000 -1.1105
439.0000 -1.1106
440.0000 -1.1106
441.0000 -1.1106
442.0000 -1.1106
443.0000 -1.1107
444.0000 -1.1107
445.0000 -1.1107
446.0000 -1.1107
447.0000 -1.1107
448.0000 -1.1107
449.0000 -1.1108
450.0000 -1.1108
451.0000 -1.1108
452.0000 -1.1108
453.0000 -1.1108
454.0000 -1.1108
455.0000 -1.1108
456.0000 -1.1109
457.0000 -1.1109
458.0000 -1.1109
459.0000 -1.1109
460.0000 -1.1109
461.0000 -1.1109
462.0000 -1.1109
463.0000 -1.1109
464.0000 -1.1109
465.0000 -1.1109
466.0000 -1.1109
467.0000 -1.1110
468.0000 -1.1110
469.0000 -1.1110
470.0000 -1.1110
471.0000 -1.1110
472.0000 -1.1110
473.0000 -1.1110
474.0000 -1.1110
475.0000 -1.1110
476.0000 -1.1110
477.0000 -1.1110
478.0000 -1.1110
479.0000 -1.1110
480.0000 -1.1110
481.0000 -1.1110
482.0000 -1.1110
483.0000 -1.1110
484.0000 -1.1110
485.0000 -1.1110
486.0000 -1.1110
487.0000 -1.1110
488.0000 -1.1111
489.0000 -1.1111
490.0000 -1.1111
491.0000 -1.1111
492.0000 -1.1111
493.0000 -1.1111
494.0000 -1.1111
495.0000 -1.1111
496.0000 -1.1111
497.0000 -1.1111
498.0000 -1.1111
499.0000 -1.1111
500.0000 -1.1111
501.0000 -1.1111
502.0000 -1.1111
503.0000 -1.1111
504.0000 -1.1111
505.0000 -1.1111
506.0000 -1.1111
507.0000 -1.1111
508.0000 -1.1111
509.0000 -1.1111
510.0000 -1.1111
511.0000 -1.1111
512.0000 -1.1111
513.0000 -1.1111
514.0000 -1.1111
515.0000 -1.1111
516.0000 -1.1111
517.0000 -1.1111
518.0000 -1.1111
519.0000 -1.1111
520.0000 -1.1111
521.0000 -1.1111
522.0000 -1.1111
523.0000 -1.1111
524.0000 -1.1111
525.0000 -1.1111
526.0000 -1.1111
527.0000 -1.1111
528.0000 -1.1111
529.0000 -1.1111
530.0000 -1.1111
531.0000 -1.1111
532.0000 -1.1111
533.0000 -1.1111
534.0000 -1.1111
535.0000 -1.1111
536.0000 -1.1111
537.0000 -1.1111
538.0000 -1.1111
539.0000 -1.1111
540.0000 -1.1111
541.0000 -1.1111
542.0000 -1.1111
543.0000 -1.1111
544.0000 -1.1111
545.0000 -1.1111
546.0000 -1.1111
547.0000 -1.1111
548.0000 -1.1111
549.0000 -1.1111
550.0000 -1.1111
551.0000 -1.1111
552.0000 -1.1111
553.0000 -1.1111
554.0000 -1.1111
555.0000 -1.1111
556.0000 -1.1111
557.0000 -1.1111
558.0000 -1.1111
559.0000 -1.1111
560.0000 -1.1111
561.0000 -1.1111
562.0000 -1.1111
563.0000 -1.1111
564.0000 -1.1111
565.0000 -1.1111
566.0000 -1.1111
567.0000 -1.1111
568.0000 -1.1111
569.0000 -1.1111
570.0000 -1.1111
571.0000 -1.1111
572.0000 -1.1111
573.0000 -1.1111
574.0000 -1.1111
575.0000 -1.1111
576.0000 -1.1111
577.0000 -1.1111
578.0000 -1.1111
579.0000 -1.1111
580.0000 -1.1111
581.0000 -1.1111
582.0000 -1.1111
583.0000 -1.1111
584.0000 -1.1111
585.0000 -1.1111
586.0000 -1.1111
587.0000 -1.1111
588.0000 -1.1111
589.0000 -1.1111
590.0000 -1.1111
591.0000 -1.1111
592.0000 -1.1111
593.0000 -1.1111
594.0000 -1.1111
595.0000 -1.1111
596.0000 -1.1111
597.0000 -1.1111
598.0000 -1.1111
599.0000 -1.1111
600.0000 -1.1111
601.0000 -1.1111
602.0000 -1.1111
603.0000 -1.1111
604.0000 -1.1111
605.0000 -1.1111
606.0000 -1.1111
607.0000 -1.1111
608.0000 -1.1111
609.0000 -1.1111
610.0000 19.4363
611.0000 0.9941
612.0000 2.0408
613.0000 1.9930
614.0000 2.0061
615.0000 2.0154
616.0000 2.0244
617.0000 2.0331
618.0000 2.0414
619.0000 2.0493
620.0000 2.0568
621.0000 2.0641
622.0000 2.0710
623.0000 2.0776
624.0000 2.0839
625.0000 2.0899
626.0000 2.0957
627.0000 2.1013
628.0000 2.1065
629.0000 2.1116
630.0000 2.1164
631.0000 2.1211
632.0000 2.1255
633.0000 2.1297
634.0000 2.1338
635.0000 2.1376
636.0000 2.1413
637.0000 2.1449
638.0000 2.1482
639.0000 2.1515
640.0000 2.1546
641.0000 2.1575
642.0000 2.1603
643.0000 2.1631
644.0000 2.1656
645.0000 2.1681
646.0000 2.1705
647.0000 2.1727
648.0000 2.1749
649.0000 2.1770
650.0000 2.1789
651.0000 2.1808
652.0000 2.1826
653.0000 2.1844
654.0000 2.1860
655.0000 2.1876
656.0000 2.1891
657.0000 2.1906
658.0000 2.1920
659.0000 2.1933
660.0000 2.1945
661.0000 2.1958
662.0000 2.1969
663.0000 2.1980
664.0000 2.1991
665.0000 2.2001
666.0000 2.2011
667.0000 2.2020
668.0000 2.2029
669.0000 2.2037
670.0000 2.2045
671.0000 2.2053
672.0000 2.2060
673.0000 2.2067
674.0000 2.2074
675.0000 2.2081
676.0000 2.2087
677.0000 2.2093
678.0000 2.2098
679.0000 2.2104
680.0000 2.2109
681.0000 2.2114
682.0000 2.2119
683.0000 2.2123
684.0000 2.2128
685.0000 2.2132
686.0000 2.2136
687.0000 2.2139
688.0000 2.2143
689.0000 2.2146
690.0000 2.2150
691.0000 2.2153
692.0000 2.2156
693.0000 2.2159
694.0000 2.2162
695.0000 2.2164
696.0000 2.2167
697.0000 2.2169
698.0000 2.2172
699.0000 2.2174
700.0000 2.2176
701.0000 2.2178
702.0000 2.2180
703.0000 2.2182
704.0000 2.2183
705.0000 2.2185
706.0000 2.2187
707.0000 2.2188
708.0000 2.2190
709.0000 2.2191
710.0000 2.2193
711.0000 2.2194
712.0000 2.2195
713.0000 2.2196
714.0000 2.2197
715.0000 2.2199
716.0000 2.2200
717.0000 2.2201
718.0000 2.2202
719.0000 2.2202
720.0000 2.2203
721.0000 2.2204
722.0000 2.2205
723.0000 2.2206
724.0000 2.2206
725.0000 2.2207
726.0000 2.2208
727.0000 2.2208
728.0000 2.2209
729.0000 2.2210
730.0000 2.2210
731.0000 2.2211
732.0000 2.2211
733.0000 2.2212
734.0000 2.2212
735.0000 2.2213
736.0000 2.2213
737.0000 2.2213
738.0000 2.2214
739.0000 2.2214
740.0000 2.2214
741.0000 2.2215
742.0000 2.2215
743.0000 2.2215
744.0000 2.2216
745.0000 2.2216
746.0000 2.2216
747.0000 2.2217
748.0000 2.2217
749.0000 2.2217
750.0000 2.2217
751.0000 2.2217
752.0000 2.2218
753.0000 2.2218
754.0000 2.2218
755.0000 2.2218
756.0000 2.2218
757.0000 2.2219
758.0000 2.2219
759.0000 2.2219
760.0000 2.2219
761.0000 2.2219
762.0000 2.2219
763.0000 2.2219
764.0000 2.2220
765.0000 2.2220
766.0000 2.2220
767.0000 2.2220
768.0000 2.2220
769.0000 2.2220
770.0000 2.2220
771.0000 2.2220
772.0000 2.2220
773.0000 2.2220
774.0000 2.2221
775.0000 2.2221
776.0000 2.2221
777.0000 2.2221
778.0000 2.2221
779.0000 2.2221
780.0000 2.2221
781.0000 2.2221
782.0000 2.2221
783.0000 2.2221
784.0000 2.2221
785.0000 2.2221
786.0000 2.2221
787.0000 2.2221
788.0000 2.2221
789.0000 2.2221
790.0000 2.2221
791.0000 2.2221
792.0000 2.2221
793.0000 2.2221
794.0000 2.2222
795.0000 2.2222
796.0000 2.2222
797.0000 2.2222
798.0000 2.2222
799.0000 2.2222
800.0000 2.2222
801.0000 2.2222
802.0000 2.2222
803.0000 2.2222
804.0000 2.2222
805.0000 2.2222
806.0000 2.2222
807.0000 2.2222
808.0000 2.2222
809.0000 2.2222
810.0000 2.2222
811.0000 2.2222
812.0000 2.2222
813.0000 2.2222
814.0000 2.2222
815.0000 2.2222
816.0000 2.2222
817.0000 2.2222
818.0000 2.2222
819.0000 2.2222
820.0000 2.2222
821.0000 2.2222
822.0000 2.2222
823.0000 2.2222
824.0000 2.2222
825.0000 2.2222
826.0000 2.2222
827.0000 2.2222
828.0000 2.2222
829.0000 2.2222
830.0000 2.2222
831.0000 2.2222
832.0000 2.2222
833.0000 2.2222
834.0000 2.2222
835.0000 2.2222
836.0000 2.2222
837.0000 2.2222
838.0000 2.2222
839.0000 2.2222
840.0000 2.2222
841.0000 2.2222
842.0000 2.2222
843.0000 2.2222
844.0000 2.2222
845.0000 2.2222
846.0000 2.2222
847.0000 2.2222
848.0000 2.2222
849.0000 2.2222
850.0000 2.2222
851.0000 2.2222
852.0000 2.2222
853.0000 2.2222
854.0000 2.2222
855.0000 2.2222
856.0000 2.2222
857.0000 2.2222
858.0000 2.2222
859.0000 2.2222
860.0000 2.2222
861.0000 2.2222
862.0000 2.2222
863.0000 2.2222
864.0000 2.2222
865.0000 2.2222
866.0000 2.2222
867.0000 2.2222
868.0000 2.2222
869.0000 2.2222
870.0000 2.2222
871.0000 2.2222
872.0000 2.2222
873.0000 2.2222
874.0000 2.2222
875.0000 2.2222
876.0000 2.2222
877.0000 2.2222
878.0000 2.2222
879.0000 2.2222
880.0000 2.2222
881.0000 2.2222
882.0000 2.2222
883.0000 2.2222
884.0000 2.2222
885.0000 2.2222
886.0000 2.2222
887.0000 2.2222
888.0000 2.2222
889.0000 2.2222
890.0000 2.2222
891.0000 2.2222
892.0000 2.2222
893.0000 2.2222
894.0000 2.2222
895.0000 2.2222
896.0000 2.2222
897.0000 2.2222
898.0000 2.2222
899.0000 2.2222
900.0000 2.2222
901.0000 2.2222
902.0000 2.2222
903.0000 2.2222
904.0000 2.2222
905.0000 2.2222
906.0000 2.2222
907.0000 2.2222
908.0000 2.2222
909.0000 2.2222
910.0000 2.2222
