1.0000 0.0000
2.0000 0.0000
3.0000 0.0000
4.0000 0.0000
5.0000 0.0000
6.0000 0.0000
7.0000 0.0000
8.0000 0.0000
9.0000 0.0000
10.0000 0.0000
11.0000 0.9463
12.0000 0.8980
13.0000 0.9053
14.0000 0.9093
15.0000 0.9133
16.0000 0.9170
17.0000 0.9207
18.0000 0.9241
19.0000 0.9275
20.0000 0.9306
21.0000 0.9337
22.0000 0.9366
23.0000 0.9393
24.0000 0.9420
25.0000 0.9445
26.0000 0.9469
27.0000 0.9493
28.0000 0.9515
29.0000 0.9536
30.0000 0.9556
31.0000 0.9576
32.0000 0.9594
33.0000 0.9612
34.0000 0.9629
35.0000 0.9645
36.0000 0.9661
37.0000 0.9676
38.0000 0.9690
39.0000 0.9703
40.0000 0.9716
41.0000 0.9729
42.0000 0.9740
43.0000 0.9752
44.0000 0.9763
45.0000 0.9773
46.0000 0.9783
47.0000 0.9792
48.0000 0.9802
49.0000 0.9810
50.0000 0.9818
51.0000 0.9826
52.0000 0.9834
53.0000 0.9841
54.0000 0.9848
55.0000 0.9855
56.0000 0.9861
57.0000 0.9867
58.0000 0.9873
59.0000 0.9879
60.0000 0.9884
61.0000 0.9889
62.0000 0.9894
63.0000 0.9898
64.0000 0.9903
65.0000 0.9907
66.0000 0.9911
67.0000 0.9915
68.0000 0.9919
69.0000 0.9922
70.0000 0.9926
71.0000 0.9929
72.0000 0.9932
73.0000 0.9935
74.0000 0.9938
75.0000 0.9941
76.0000 0.9943
77.0000 0.9946
78.0000 0.9948
79.0000 0.9950
80.0000 0.9953
81.0000 0.9955
82.0000 0.9957
83.0000 0.9958
84.0000 0.9960
85.0000 0.9962
86.0000 0.9964
87.0000 0.9965
88.0000 0.9967
89.0000 0.9968
90.0000 0.9970
91.0000 0.9971
92.0000 0.9972
93.0000 0.9973
94.0000 0.9975
95.0000 0.9976
96.0000 0.9977
97.0000 0.9978
98.0000 0.9979
99.0000 0.9980
100.0000 0.9981
101.0000 0.9981
102.0000 0.9982
103.0000 0.9983
104.0000 0.9984
105.0000 0.9984
106.0000 0.9985
107.0000 0.9986
108.0000 0.9986
109.0000 0.9987
110.0000 0.9988
111.0000 0.9988
112.0000 0.9989
113.0000 0.9989
114.0000 0.9990
115.0000 0.9990
116.0000 0.9990
117.0000 0.9991
118.0000 0.9991
119.0000 0.9992
120.0000 0.9992
121.0000 0.9992
122.0000 0.9993
123.0000 0.9993
124.0000 0.9993
125.0000 0.9994
126.0000 0.9994
127.0000 0.9994
128.0000 0.9994
129.0000 0.9995
130.0000 0.9995
131.0000 0.9995
132.0000 0.9995
133.0000 0.9996
134.0000 0.9996
135.0000 0.9996
136.0000 0.9996
137.0000 0.9996
138.0000 0.9996
139.0000 0.9997
140.0000 0.9997
141.0000 0.9997
142.0000 0.9997
143.0000 0.9997
144.0000 0.9997
145.0000 0.9997
146.0000 0.9998
147.0000 0.9998
148.0000 0.9998
149.0000 0.9998
150.0000 0.9998
151.0000 0.9998
152.0000 0.9998
153.0000 0.9998
154.0000 0.9998
155.0000 0.9998
156.0000 0.9998
157.0000 0.9998
158.0000 0.9999
159.0000 0.9999
160.0000 0.9999
161.0000 0.9999
162.0000 0.9999
163.0000 0.9999
164.0000 0.9999
165.0000 0.9999
166.0000 0.9999
167.0000 0.9999
168.0000 0.9999
169.0000 0.9999
170.0000 0.9999
171.0000 0.9999
172.0000 0.9999
173.0000 0.9999
174.0000 0.9999
175.0000 0.9999
176.0000 0.9999
177.0000 0.9999
178.0000 0.9999
179.0000 0.9999
180.0000 0.9999
181.0000 0.9999
182.0000 1.0000
183.0000 1.0000
184.0000 1.0000
185.0000 1.0000
186.0000 1.0000
187.0000 1.0000
188.0000 1.0000
189.0000 1.0000
190.0000 1.0000
191.0000 1.0000
192.0000 1.0000
193.0000 1.0000
194.0000 1.0000
195.0000 1.0000
196.0000 1.0000
197.0000 1.0000
198.0000 1.0000
199.0000 1.0000
200.0000 1.0000
201.0000 1.0000
202.0000 1.0000
203.0000 1.0000
204.0000 1.0000
205.0000 1.0000
206.0000 1.0000
207.0000 1.0000
208.0000 1.0000
209.0000 1.0000
210.0000 1.0000
211.0000 1.0000
212.0000 1.0000
213.0000 1.0000
214.0000 1.0000
215.0000 1.0000
216.0000 1.0000
217.0000 1.0000
218.0000 1.0000
219.0000 1.0000
220.0000 1.0000
221.0000 1.0000
222.0000 1.0000
223.0000 1.0000
224.0000 1.0000
225.0000 1.0000
226.0000 1.0000
227.0000 1.0000
228.0000 1.0000
229.0000 1.0000
230.0000 1.0000
231.0000 1.0000
232.0000 1.0000
233.0000 1.0000
234.0000 1.0000
235.0000 1.0000
236.0000 1.0000
237.0000 1.0000
238.0000 1.0000
239.0000 1.0000
240.0000 1.0000
241.0000 1.0000
242.0000 1.0000
243.0000 1.0000
244.0000 1.0000
245.0000 1.0000
246.0000 1.0000
247.0000 1.0000
248.0000 1.0000
249.0000 1.0000
250.0000 1.0000
251.0000 1.0000
252.0000 1.0000
253.0000 1.0000
254.0000 1.0000
255.0000 1.0000
256.0000 1.0000
257.0000 1.0000
258.0000 1.0000
259.0000 1.0000
260.0000 1.0000
261.0000 1.0000
262.0000 1.0000
263.0000 1.0000
264.0000 1.0000
265.0000 1.0000
266.0000 1.0000
267.0000 1.0000
268.0000 1.0000
269.0000 1.0000
270.0000 1.0000
271.0000 1.0000
272.0000 1.0000
273.0000 1.0000
274.0000 1.0000
275.0000 1.0000
276.0000 1.0000
277.0000 1.0000
278.0000 1.0000
279.0000 1.0000
280.0000 1.0000
281.0000 1.0000
282.0000 1.0000
283.0000 1.0000
284.0000 1.0000
285.0000 1.0000
286.0000 1.0000
287.0000 1.0000
288.0000 1.0000
289.0000 1.0000
290.0000 1.0000
291.0000 1.0000
292.0000 1.0000
293.0000 1.0000
294.0000 1.0000
295.0000 1.0000
296.0000 1.0000
297.0000 1.0000
298.0000 1.0000
299.0000 1.0000
300.0000 1.0000
301.0000 1.0000
302.0000 1.0000
303.0000 1.0000
304.0000 1.0000
305.0000 1.0000
306.0000 1.0000
307.0000 1.0000
308.0000 1.0000
309.0000 1.0000
310.0000 1.0000
311.0000 -0.8926
312.0000 -0.7960
313.0000 -0.8106
314.0000 -0.8186
315.0000 -0.8265
316.0000 -0.8341
317.0000 -0.8414
318.0000 -0.8483
319.0000 -0.8549
320.0000 -0.8613
321.0000 -0.8673
322.0000 -0.8731
323.0000 -0.8787
324.0000 -0.8840
325.0000 -0.8890
326.0000 -0.8939
327.0000 -0.8985
328.0000 -0.9030
329.0000 -0.9072
330.0000 -0.9113
331.0000 -0.9151
332.0000 -0.9188
333.0000 -0.9224
334.0000 -0.9258
335.0000 -0.9290
336.0000 -0.9321
337.0000 -0.9351
338.0000 -0.9379
339.0000 -0.9406
340.0000 -0.9432
341.0000 -0.9457
342.0000 -0.9481
343.0000 -0.9504
344.0000 -0.9525
345.0000 -0.9546
346.0000 -0.9566
347.0000 -0.9585
348.0000 -0.9603
349.0000 -0.9620
350.0000 -0.9637
351.0000 -0.9653
352.0000 -0.9668
353.0000 -0.9683
354.0000 -0.9696
355.0000 -0.9710
356.0000 -0.9722
357.0000 -0.9735
358.0000 -0.9746
359.0000 -0.9757
360.0000 -0.9768
361.0000 -0.9778
362.0000 -0.9788
363.0000 -0.9797
364.0000 -0.9806
365.0000 -0.9814
366.0000 -0.9822
367.0000 -0.9830
368.0000 -0.9838
369.0000 -0.9845
370.0000 -0.9852
371.0000 -0.9858
372.0000 -0.9864
373.0000 -0.9870
374.0000 -0.9876
375.0000 -0.9881
376.0000 -0.9886
377.0000 -0.9891
378.0000 -0.9896
379.0000 -0.9901
380.0000 -0.9905
381.0000 -0.9909
382.0000 -0.9913
383.0000 -0.9917
384.0000 -0.9921
385.0000 -0.9924
386.0000 -0.9927
387.0000 -0.9931
388.0000 -0.9934
389.0000 -0.9936
390.0000 -0.9939
391.0000 -0.9942
392.0000 -0.9944
393.0000 -0.9947
394.0000 -0.9949
395.0000 -0.9951
396.0000 -0.9954
397.0000 -0.9956
398.0000 -0.9958
399.0000 -0.9959
400.0000 -0.9961
401.0000 -0.9963
402.0000 -0.9964
403.0000 -0.9966
404.0000 -0.9968
405.0000 -0.9969
406.0000 -0.9970
407.0000 -0.9972
408.0000 -0.9973
409.0000 -0.9974
410.0000 -0.9975
411.0000 -0.9976
412.0000 -0.9977
413.0000 -0.9978
414.0000 -0.9979
415.0000 -0.9980
416.0000 -0.9981
417.0000 -0.9982
418.0000 -0.9983
419.0000 -0.9983
420.0000 -0.9984
421.0000 -0.9985
422.0000 -0.9985
423.0000 -0.9986
424.0000 -0.9987
425.0000 -0.9987
426.0000 -0.9988
427.0000 -0.9988
428.0000 -0.9989
429.0000 -0.9989
430.0000 -0.9990
431.0000 -0.9990
432.0000 -0.9991
433.0000 -0.9991
434.0000 -0.9991
435.0000 -0.9992
436.0000 -0.9992
437.0000 -0.9993
438.0000 -0.9993
439.0000 -0.9993
440.0000 -0.9993
441.0000 -0.9994
442.0000 -0.9994
443.0000 -0.9994
444.0000 -0.9995
445.0000 -0.9995
446.0000 -0.9995
447.0000 -0.9995
448.0000 -0.9995
449.0000 -0.9996
450.0000 -0.9996
451.0000 -0.9996
452.0000 -0.9996
453.0000 -0.9996
454.0000 -0.9997
455.0000 -0.9997
456.0000 -0.9997
457.0000 -0.9997
458.0000 -0.9997
459.0000 -0.9997
460.0000 -0.9997
461.0000 -0.9997
462.0000 -0.9998
463.0000 -0.9998
464.0000 -0.9998
465.0000 -0.9998
466.0000 -0.9998
467.0000 -0.9998
468.0000 -0.9998
469.0000 -0.9998
470.0000 -0.9998
471.0000 -0.9998
472.0000 -0.9998
473.0000 -0.9999
474.0000 -0.9999
475.0000 -0.9999
476.0000 -0.9999
477.0000 -0.9999
478.0000 -0.9999
479.0000 -0.9999
480.0000 -0.9999
481.0000 -0.9999
482.0000 -0.9999
483.0000 -0.9999
484.0000 -0.9999
485.0000 -0.9999
486.0000 -0.9999
487.0000 -0.9999
488.0000 -0.9999
489.0000 -0.9999
490.0000 -0.9999
491.0000 -0.9999
492.0000 -0.9999
493.0000 -0.9999
494.0000 -0.9999
495.0000 -0.9999
496.0000 -0.9999
497.0000 -0.9999
498.0000 -1.0000
499.0000 -1.0000
500.0000 -1.0000
501.0000 -1.0000
502.0000 -1.0000
503.0000 -1.0000
504.0000 -1.0000
505.0000 -1.0000
506.0000 -1.0000
507.0000 -1.0000
508.0000 -1.0000
509.0000 -1.0000
510.0000 -1.0000
511.0000 -1.0000
512.0000 -1.0000
513.0000 -1.0000
514.0000 -1.0000
515.0000 -1.0000
516.0000 -1.0000
517.0000 -1.0000
518.0000 -1.0000
519.0000 -1.0000
520.0000 -1.0000
521.0000 -1.0000
522.0000 -1.0000
523.0000 -1.0000
524.0000 -1.0000
525.0000 -1.0000
526.0000 -1.0000
527.0000 -1.0000
528.0000 -1.0000
529.0000 -1.0000
530.0000 -1.0000
531.0000 -1.0000
532.0000 -1.0000
533.0000 -1.0000
534.0000 -1.0000
535.0000 -1.0000
536.0000 -1.0000
537.0000 -1.0000
538.0000 -1.0000
539.0000 -1.0000
540.0000 -1.0000
541.0000 -1.0000
542.0000 -1.0000
543.0000 -1.0000
544.0000 -1.0000
545.0000 -1.0000
546.0000 -1.0000
547.0000 -1.0000
548.0000 -1.0000
549.0000 -1.0000
550.0000 -1.0000
551.0000 -1.0000
552.0000 -1.0000
553.0000 -1.0000
554.0000 -1.0000
555.0000 -1.0000
556.0000 -1.0000
557.0000 -1.0000
558.0000 -1.0000
559.0000 -1.0000
560.0000 -1.0000
561.0000 -1.0000
562.0000 -1.0000
563.0000 -1.0000
564.0000 -1.0000
565.0000 -1.0000
566.0000 -1.0000
567.0000 -1.0000
568.0000 -1.0000
569.0000 -1.0000
570.0000 -1.0000
571.0000 -1.0000
572.0000 -1.0000
573.0000 -1.0000
574.0000 -1.0000
575.0000 -1.0000
576.0000 -1.0000
577.0000 -1.0000
578.0000 -1.0000
579.0000 -1.0000
580.0000 -1.0000
581.0000 -1.0000
582.0000 -1.0000
583.0000 -1.0000
584.0000 -1.0000
585.0000 -1.0000
586.0000 -1.0000
587.0000 -1.0000
588.0000 -1.0000
589.0000 -1.0000
590.0000 -1.0000
591.0000 -1.0000
592.0000 -1.0000
593.0000 -1.0000
594.0000 -1.0000
595.0000 -1.0000
596.0000 -1.0000
597.0000 -1.0000
598.0000 -1.0000
599.0000 -1.0000
600.0000 -1.0000
601.0000 -1.0000
602.0000 -1.0000
603.0000 -1.0000
604.0000 -1.0000
605.0000 -1.0000
606.0000 -1.0000
607.0000 -1.0000
608.0000 -1.0000
609.0000 -1.0000
610.0000 -1.0000
611.0000 1.8390
612.0000 1.6940
613.0000 1.7159
614.0000 1.7279
615.0000 1.7398
616.0000 1.7511
617.0000 1.7620
618.0000 1.7724
619.0000 1.7824
620.0000 1.7919
621.0000 1.8010
622.0000 1.8097
623.0000 1.8180
624.0000 1.8260
625.0000 1.8336
626.0000 1.8408
627.0000 1.8478
628.0000 1.8544
629.0000 1.8608
630.0000 1.8669
631.0000 1.8727
632.0000 1.8783
633.0000 1.8836
634.0000 1.8887
635.0000 1.8935
636.0000 1.8982
637.0000 1.9027
638.0000 1.9069
639.0000 1.9110
640.0000 1.9149
641.0000 1.9186
642.0000 1.9221
643.0000 1.9255
644.0000 1.9288
645.0000 1.9319
646.0000 1.9349
647.0000 1.9377
648.0000 1.9405
649.0000 1.9431
650.0000 1.9455
651.0000 1.9479
652.0000 1.9502
653.0000 1.9524
654.0000 1.9545
655.0000 1.9565
656.0000 1.9584
657.0000 1.9602
658.0000 1.9619
659.0000 1.9636
660.0000 1.9652
661.0000 1.9667
662.0000 1.9682
663.0000 1.9695
664.0000 1.9709
665.0000 1.9721
666.0000 1.9734
667.0000 1.9745
668.0000 1.9756
669.0000 1.9767
670.0000 1.9777
671.0000 1.9787
672.0000 1.9796
673.0000 1.9805
674.0000 1.9814
675.0000 1.9822
676.0000 1.9830
677.0000 1.9837
678.0000 1.9844
679.0000 1.9851
680.0000 1.9858
681.0000 1.9864
682.0000 1.9870
683.0000 1.9875
684.0000 1.9881
685.0000 1.9886
686.0000 1.9891
687.0000 1.9896
688.0000 1.9900
689.0000 1.9905
690.0000 1.9909
691.0000 1.9913
692.0000 1.9917
693.0000 1.9920
694.0000 1.9924
695.0000 1.9927
696.0000 1.9930
697.0000 1.9933
698.0000 1.9936
699.0000 1.9939
700.0000 1.9942
701.0000 1.9944
702.0000 1.9947
703.0000 1.9949
704.0000 1.9951
705.0000 1.9953
706.0000 1.9955
707.0000 1.9957
708.0000 1.9959
709.0000 1.9961
710.0000 1.9963
711.0000 1.9964
712.0000 1.9966
713.0000 1.9967
714.0000 1.9969
715.0000 1.9970
716.0000 1.9971
717.0000 1.9973
718.0000 1.9974
719.0000 1.9975
720.0000 1.9976
721.0000 1.9977
722.0000 1.9978
723.0000 1.9979
724.0000 1.9980
725.0000 1.9981
726.0000 1.9982
727.0000 1.9983
728.0000 1.9983
729.0000 1.9984
730.0000 1.9985
731.0000 1.9985
732.0000 1.9986
733.0000 1.9987
734.0000 1.9987
735.0000 1.9988
736.0000 1.9988
737.0000 1.9989
738.0000 1.9989
739.0000 1.9990
740.0000 1.9990
741.0000 1.9991
742.0000 1.9991
743.0000 1.9991
744.0000 1.9992
745.0000 1.9992
746.0000 1.9993
747.0000 1.9993
748.0000 1.9993
749.0000 1.9993
750.0000 1.9994
751.0000 1.9994
752.0000 1.9994
753.0000 1.9995
754.0000 1.9995
755.0000 1.9995
756.0000 1.9995
757.0000 1.9995
758.0000 1.9996
759.0000 1.9996
760.0000 1.9996
761.0000 1.9996
762.0000 1.9996
763.0000 1.9997
764.0000 1.9997
765.0000 1.9997
766.0000 1.9997
767.0000 1.9997
768.0000 1.9997
769.0000 1.9997
770.0000 1.9997
771.0000 1.9998
772.0000 1.9998
773.0000 1.9998
774.0000 1.9998
775.0000 1.9998
776.0000 1.9998
777.0000 1.9998
778.0000 1.9998
779.0000 1.9998
780.0000 1.9998
781.0000 1.9998
782.0000 1.9999
783.0000 1.9999
784.0000 1.9999
785.0000 1.9999
786.0000 1.9999
787.0000 1.9999
788.0000 1.9999
789.0000 1.9999
790.0000 1.9999
791.0000 1.9999
792.0000 1.9999
793.0000 1.9999
794.0000 1.9999
795.0000 1.9999
796.0000 1.9999
797.0000 1.9999
798.0000 1.9999
799.0000 1.9999
800.0000 1.9999
801.0000 1.9999
802.0000 1.9999
803.0000 1.9999
804.0000 1.9999
805.0000 1.9999
806.0000 1.9999
807.0000 2.0000
808.0000 2.0000
809.0000 2.0000
810.0000 2.0000
811.0000 2.0000
812.0000 2.0000
813.0000 2.0000
814.0000 2.0000
815.0000 2.0000
816.0000 2.0000
817.0000 2.0000
818.0000 2.0000
819.0000 2.0000
820.0000 2.0000
821.0000 2.0000
822.0000 2.0000
823.0000 2.0000
824.0000 2.0000
825.0000 2.0000
826.0000 2.0000
827.0000 2.0000
828.0000 2.0000
829.0000 2.0000
830.0000 2.0000
831.0000 2.0000
832.0000 2.0000
833.0000 2.0000
834.0000 2.0000
835.0000 2.0000
836.0000 2.0000
837.0000 2.0000
838.0000 2.0000
839.0000 2.0000
840.0000 2.0000
841.0000 2.0000
842.0000 2.0000
843.0000 2.0000
844.0000 2.0000
845.0000 2.0000
846.0000 2.0000
847.0000 2.0000
848.0000 2.0000
849.0000 2.0000
850.0000 2.0000
851.0000 2.0000
852.0000 2.0000
853.0000 2.0000
854.0000 2.0000
855.0000 2.0000
856.0000 2.0000
857.0000 2.0000
858.0000 2.0000
859.0000 2.0000
860.0000 2.0000
861.0000 2.0000
862.0000 2.0000
863.0000 2.0000
864.0000 2.0000
865.0000 2.0000
866.0000 2.0000
867.0000 2.0000
868.0000 2.0000
869.0000 2.0000
870.0000 2.0000
871.0000 2.0000
872.0000 2.0000
873.0000 2.0000
874.0000 2.0000
875.0000 2.0000
876.0000 2.0000
877.0000 2.0000
878.0000 2.0000
879.0000 2.0000
880.0000 2.0000
881.0000 2.0000
882.0000 2.0000
883.0000 2.0000
884.0000 2.0000
885.0000 2.0000
886.0000 2.0000
887.0000 2.0000
888.0000 2.0000
889.0000 2.0000
890.0000 2.0000
891.0000 2.0000
892.0000 2.0000
893.0000 2.0000
894.0000 2.0000
895.0000 2.0000
896.0000 2.0000
897.0000 2.0000
898.0000 2.0000
899.0000 2.0000
900.0000 2.0000
901.0000 2.0000
902.0000 2.0000
903.0000 2.0000
904.0000 2.0000
905.0000 2.0000
906.0000 2.0000
907.0000 2.0000
908.0000 2.0000
909.0000 2.0000
910.0000 2.0000
