1.0000 0.0000
2.0000 0.0000
3.0000 0.0000
4.0000 0.0000
5.0000 0.0000
6.0000 0.0000
7.0000 0.0000
8.0000 0.0000
9.0000 0.0000
10.0000 0.0000
11.0000 0.0472
12.0000 0.0488
13.0000 0.0527
14.0000 0.0562
15.0000 0.0595
16.0000 0.0626
17.0000 0.0654
18.0000 0.0682
19.0000 0.0707
20.0000 0.0731
21.0000 0.0753
22.0000 0.0774
23.0000 0.0794
24.0000 0.0813
25.0000 0.0830
26.0000 0.0846
27.0000 0.0862
28.0000 0.0876
29.0000 0.0890
30.0000 0.0902
31.0000 0.0914
32.0000 0.0926
33.0000 0.0936
34.0000 0.0946
35.0000 0.0955
36.0000 0.0964
37.0000 0.0972
38.0000 0.0980
39.0000 0.0988
40.0000 0.0994
41.0000 0.1001
42.0000 0.1007
43.0000 0.1013
44.0000 0.1018
45.0000 0.1023
46.0000 0.1028
47.0000 0.1033
48.0000 0.1037
49.0000 0.1041
50.0000 0.1045
51.0000 0.1048
52.0000 0.1052
53.0000 0.1055
54.0000 0.1058
55.0000 0.1061
56.0000 0.1063
57.0000 0.1066
58.0000 0.1068
59.0000 0.1071
60.0000 0.1073
61.0000 0.1075
62.0000 0.1077
63.0000 0.1078
64.0000 0.1080
65.0000 0.1082
66.0000 0.1083
67.0000 0.1085
68.0000 0.1086
69.0000 0.1087
70.0000 0.1089
71.0000 0.1090
72.0000 0.1091
73.0000 0.1092
74.0000 0.1093
75.0000 0.1094
76.0000 0.1095
77.0000 0.1095
78.0000 0.1096
79.0000 0.1097
80.0000 0.1098
81.0000 0.1098
82.0000 0.1099
83.0000 0.1100
84.0000 0.1100
85.0000 0.1101
86.0000 0.1101
87.0000 0.1102
88.0000 0.1102
89.0000 0.1103
90.0000 0.1103
91.0000 0.1103
92.0000 0.1104
93.0000 0.1104
94.0000 0.1104
95.0000 0.1105
96.0000 0.1105
97.0000 0.1105
98.0000 0.1106
99.0000 0.1106
100.0000 0.1106
101.0000 0.1106
102.0000 0.1107
103.0000 0.1107
104.0000 0.1107
105.0000 0.1107
106.0000 0.1107
107.0000 0.1108
108.0000 0.1108
109.0000 0.1108
110.0000 0.1108
111.0000 0.1108
112.0000 0.1108
113.0000 0.1108
114.0000 0.1109
115.0000 0.1109
116.0000 0.1109
117.0000 0.1109
118.0000 0.1109
119.0000 0.1109
120.0000 0.1109
121.0000 0.1109
122.0000 0.1109
123.0000 0.1109
124.0000 0.1110
125.0000 0.1110
126.0000 0.1110
127.0000 0.1110
128.0000 0.1110
129.0000 0.1110
130.0000 0.1110
131.0000 0.1110
132.0000 0.1110
133.0000 0.1110
134.0000 0.1110
135.0000 0.1110
136.0000 0.1110
137.0000 0.1110
138.0000 0.1110
139.0000 0.1110
140.0000 0.1110
141.0000 0.1110
142.0000 0.1110
143.0000 0.1110
144.0000 0.1110
145.0000 0.1111
146.0000 0.1111
147.0000 0.1111
148.0000 0.1111
149.0000 0.1111
150.0000 0.1111
151.0000 0.1111
152.0000 0.1111
153.0000 0.1111
154.0000 0.1111
155.0000 0.1111
156.0000 0.1111
157.0000 0.1111
158.0000 0.1111
159.0000 0.1111
160.0000 0.1111
161.0000 0.1111
162.0000 0.1111
163.0000 0.1111
164.0000 0.1111
165.0000 0.1111
166.0000 0.1111
167.0000 0.1111
168.0000 0.1111
169.0000 0.1111
170.0000 0.1111
171.0000 0.1111
172.0000 0.1111
173.0000 0.1111
174.0000 0.1111
175.0000 0.1111
176.0000 0.1111
177.0000 0.1111
178.0000 0.1111
179.0000 0.1111
180.0000 0.1111
181.0000 0.1111
182.0000 0.1111
183.0000 0.1111
184.0000 0.1111
185.0000 0.1111
186.0000 0.1111
187.0000 0.1111
188.0000 0.1111
189.0000 0.1111
190.0000 0.1111
191.0000 0.1111
192.0000 0.1111
193.0000 0.1111
194.0000 0.1111
195.0000 0.1111
196.0000 0.1111
197.0000 0.1111
198.0000 0.1111
199.0000 0.1111
200.0000 0.1111
201.0000 0.1111
202.0000 0.1111
203.0000 0.1111
204.0000 0.1111
205.0000 0.1111
206.0000 0.1111
207.0000 0.1111
208.0000 0.1111
209.0000 0.1111
210.0000 0.1111
211.0000 0.1111
212.0000 0.1111
213.0000 0.1111
214.0000 0.1111
215.0000 0.1111
216.0000 0.1111
217.0000 0.1111
218.0000 0.1111
219.0000 0.1111
220.0000 0.1111
221.0000 0.1111
222.0000 0.1111
223.0000 0.1111
224.0000 0.1111
225.0000 0.1111
226.0000 0.1111
227.0000 0.1111
228.0000 0.1111
229.0000 0.1111
230.0000 0.1111
231.0000 0.1111
232.0000 0.1111
233.0000 0.1111
234.0000 0.1111
235.0000 0.1111
236.0000 0.1111
237.0000 0.1111
238.0000 0.1111
239.0000 0.1111
240.0000 0.1111
241.0000 0.1111
242.0000 0.1111
243.0000 0.1111
244.0000 0.1111
245.0000 0.1111
246.0000 0.1111
247.0000 0.1111
248.0000 0.1111
249.0000 0.1111
250.0000 0.1111
251.0000 0.1111
252.0000 0.1111
253.0000 0.1111
254.0000 0.1111
255.0000 0.1111
256.0000 0.1111
257.0000 0.1111
258.0000 0.1111
259.0000 0.1111
260.0000 0.1111
261.0000 0.1111
262.0000 0.1111
263.0000 0.1111
264.0000 0.1111
265.0000 0.1111
266.0000 0.1111
267.0000 0.1111
268.0000 0.1111
269.0000 0.1111
270.0000 0.1111
271.0000 0.1111
272.0000 0.1111
273.0000 0.1111
274.0000 0.1111
275.0000 0.1111
276.0000 0.1111
277.0000 0.1111
278.0000 0.1111
279.0000 0.1111
280.0000 0.1111
281.0000 0.1111
282.0000 0.1111
283.0000 0.1111
284.0000 0.1111
285.0000 0.1111
286.0000 0.1111
287.0000 0.1111
288.0000 0.1111
289.0000 0.1111
290.0000 0.1111
291.0000 0.1111
292.0000 0.1111
293.0000 0.1111
294.0000 0.1111
295.0000 0.1111
296.0000 0.1111
297.0000 0.1111
298.0000 0.1111
299.0000 0.1111
300.0000 0.1111
301.0000 0.1111
302.0000 0.1111
303.0000 0.1111
304.0000 0.1111
305.0000 0.1111
306.0000 0.1111
307.0000 0.1111
308.0000 0.1111
309.0000 0.1111
310.0000 0.1111
311.0000 0.0167
312.0000 0.0135
313.0000 0.0058
314.0000 -0.0012
315.0000 -0.0078
316.0000 -0.0140
317.0000 -0.0198
318.0000 -0.0252
319.0000 -0.0303
320.0000 -0.0351
321.0000 -0.0396
322.0000 -0.0438
323.0000 -0.0477
324.0000 -0.0514
325.0000 -0.0549
326.0000 -0.0582
327.0000 -0.0612
328.0000 -0.0641
329.0000 -0.0668
330.0000 -0.0694
331.0000 -0.0718
332.0000 -0.0740
333.0000 -0.0761
334.0000 -0.0781
335.0000 -0.0800
336.0000 -0.0817
337.0000 -0.0834
338.0000 -0.0849
339.0000 -0.0864
340.0000 -0.0878
341.0000 -0.0891
342.0000 -0.0903
343.0000 -0.0915
344.0000 -0.0925
345.0000 -0.0936
346.0000 -0.0945
347.0000 -0.0954
348.0000 -0.0963
349.0000 -0.0971
350.0000 -0.0978
351.0000 -0.0986
352.0000 -0.0992
353.0000 -0.0999
354.0000 -0.1005
355.0000 -0.1010
356.0000 -0.1016
357.0000 -0.1021
358.0000 -0.1026
359.0000 -0.1030
360.0000 -0.1034
361.0000 -0.1038
362.0000 -0.1042
363.0000 -0.1046
364.0000 -0.1049
365.0000 -0.1052
366.0000 -0.1055
367.0000 -0.1058
368.0000 -0.1061
369.0000 -0.1064
370.0000 -0.1066
371.0000 -0.1068
372.0000 -0.1070
373.0000 -0.1072
374.0000 -0.1074
375.0000 -0.1076
376.0000 -0.1078
377.0000 -0.1080
378.0000 -0.1081
379.0000 -0.1083
380.0000 -0.1084
381.0000 -0.1086
382.0000 -0.1087
383.0000 -0.1088
384.0000 -0.1089
385.0000 -0.1090
386.0000 -0.1091
387.0000 -0.1092
388.0000 -0.1093
389.0000 -0.1094
390.0000 -0.1095
391.0000 -0.1096
392.0000 -0.1096
393.0000 -0.1097
394.0000 -0.1098
395.0000 -0.1098
396.0000 -0.1099
397.0000 -0.1100
398.0000 -0.1100
399.0000 -0.1101
400.0000 -0.1101
401.0000 -0.1102
402.0000 -0.1102
403.0000 -0.1103
404.0000 -0.1103
405.0000 -0.1103
406.0000 -0.1104
407.0000 -0.1104
408.0000 -0.1104
409.0000 -0.1105
410.0000 -0.1105
411.0000 -0.1105
412.0000 -0.1106
413.0000 -0.1106
414.0000 -0.1106
415.0000 -0.1106
416.0000 -0.1107
417.0000 -0.1107
418.0000 -0.1107
419.0000 -0.1107
420.0000 -0.1107
421.0000 -0.1107
422.0000 -0.1108
423.0000 -0.1108
424.0000 -0.1108
425.0000 -0.1108
426.0000 -0.1108
427.0000 -0.1108
428.0000 -0.1108
429.0000 -0.1109
430.0000 -0.1109
431.0000 -0.1109
432.0000 -0.1109
433.0000 -0.1109
434.0000 -0.1109
435.0000 -0.1109
436.0000 -0.1109
437.0000 -0.1109
438.0000 -0.1109
439.0000 -0.1110
440.0000 -0.1110
441.0000 -0.1110
442.0000 -0.1110
443.0000 -0.1110
444.0000 -0.1110
445.0000 -0.1110
446.0000 -0.1110
447.0000 -0.1110
448.0000 -0.1110
449.0000 -0.1110
450.0000 -0.1110
451.0000 -0.1110
452.0000 -0.1110
453.0000 -0.1110
454.0000 -0.1110
455.0000 -0.1110
456.0000 -0.1110
457.0000 -0.1110
458.0000 -0.1110
459.0000 -0.1110
460.0000 -0.1111
461.0000 -0.1111
462.0000 -0.1111
463.0000 -0.1111
464.0000 -0.1111
465.0000 -0.1111
466.0000 -0.1111
467.0000 -0.1111
468.0000 -0.1111
469.0000 -0.1111
470.0000 -0.1111
471.0000 -0.1111
472.0000 -0.1111
473.0000 -0.1111
474.0000 -0.1111
475.0000 -0.1111
476.0000 -0.1111
477.0000 -0.1111
478.0000 -0.1111
479.0000 -0.1111
480.0000 -0.1111
481.0000 -0.1111
482.0000 -0.1111
483.0000 -0.1111
484.0000 -0.1111
485.0000 -0.1111
486.0000 -0.1111
487.0000 -0.1111
488.0000 -0.1111
489.0000 -0.1111
490.0000 -0.1111
491.0000 -0.1111
492.0000 -0.1111
493.0000 -0.1111
494.0000 -0.1111
495.0000 -0.1111
496.0000 -0.1111
497.0000 -0.1111
498.0000 -0.1111
499.0000 -0.1111
500.0000 -0.1111
501.0000 -0.1111
502.0000 -0.1111
503.0000 -0.1111
504.0000 -0.1111
505.0000 -0.1111
506.0000 -0.1111
507.0000 -0.1111
508.0000 -0.1111
509.0000 -0.1111
510.0000 -0.1111
511.0000 -0.1111
512.0000 -0.1111
513.0000 -0.1111
514.0000 -0.1111
515.0000 -0.1111
516.0000 -0.1111
517.0000 -0.1111
518.0000 -0.1111
519.0000 -0.1111
520.0000 -0.1111
521.0000 -0.1111
522.0000 -0.1111
523.0000 -0.1111
524.0000 -0.1111
525.0000 -0.1111
526.0000 -0.1111
527.0000 -0.1111
528.0000 -0.1111
529.0000 -0.1111
530.0000 -0.1111
531.0000 -0.1111
532.0000 -0.1111
533.0000 -0.1111
534.0000 -0.1111
535.0000 -0.1111
536.0000 -0.1111
537.0000 -0.1111
538.0000 -0.1111
539.0000 -0.1111
540.0000 -0.1111
541.0000 -0.1111
542.0000 -0.1111
543.0000 -0.1111
544.0000 -0.1111
545.0000 -0.1111
546.0000 -0.1111
547.0000 -0.1111
548.0000 -0.1111
549.0000 -0.1111
550.0000 -0.1111
551.0000 -0.1111
552.0000 -0.1111
553.0000 -0.1111
554.0000 -0.1111
555.0000 -0.1111
556.0000 -0.1111
557.0000 -0.1111
558.0000 -0.1111
559.0000 -0.1111
560.0000 -0.1111
561.0000 -0.1111
562.0000 -0.1111
563.0000 -0.1111
564.0000 -0.1111
565.0000 -0.1111
566.0000 -0.1111
567.0000 -0.1111
568.0000 -0.1111
569.0000 -0.1111
570.0000 -0.1111
571.0000 -0.1111
572.0000 -0.1111
573.0000 -0.1111
574.0000 -0.1111
575.0000 -0.1111
576.0000 -0.1111
577.0000 -0.1111
578.0000 -0.1111
579.0000 -0.1111
580.0000 -0.1111
581.0000 -0.1111
582.0000 -0.1111
583.0000 -0.1111
584.0000 -0.1111
585.0000 -0.1111
586.0000 -0.1111
587.0000 -0.1111
588.0000 -0.1111
589.0000 -0.1111
590.0000 -0.1111
591.0000 -0.1111
592.0000 -0.1111
593.0000 -0.1111
594.0000 -0.1111
595.0000 -0.1111
596.0000 -0.1111
597.0000 -0.1111
598.0000 -0.1111
599.0000 -0.1111
600.0000 -0.1111
601.0000 -0.1111
602.0000 -0.1111
603.0000 -0.1111
604.0000 -0.1111
605.0000 -0.1111
606.0000 -0.1111
607.0000 -0.1111
608.0000 -0.1111
609.0000 -0.1111
610.0000 -0.1111
611.0000 0.0305
612.0000 0.0353
613.0000 0.0469
614.0000 0.0574
615.0000 0.0673
616.0000 0.0766
617.0000 0.0852
618.0000 0.0934
619.0000 0.1010
620.0000 0.1082
621.0000 0.1149
622.0000 0.1212
623.0000 0.1271
624.0000 0.1327
625.0000 0.1379
626.0000 0.1428
627.0000 0.1474
628.0000 0.1517
629.0000 0.1558
630.0000 0.1596
631.0000 0.1632
632.0000 0.1666
633.0000 0.1697
634.0000 0.1727
635.0000 0.1755
636.0000 0.1782
637.0000 0.1806
638.0000 0.1830
639.0000 0.1852
640.0000 0.1872
641.0000 0.1892
642.0000 0.1910
643.0000 0.1927
644.0000 0.1944
645.0000 0.1959
646.0000 0.1973
647.0000 0.1987
648.0000 0.2000
649.0000 0.2012
650.0000 0.2023
651.0000 0.2034
652.0000 0.2044
653.0000 0.2054
654.0000 0.2063
655.0000 0.2071
656.0000 0.2079
657.0000 0.2087
658.0000 0.2094
659.0000 0.2101
660.0000 0.2107
661.0000 0.2113
662.0000 0.2119
663.0000 0.2124
664.0000 0.2129
665.0000 0.2134
666.0000 0.2139
667.0000 0.2143
668.0000 0.2147
669.0000 0.2151
670.0000 0.2154
671.0000 0.2158
672.0000 0.2161
673.0000 0.2164
674.0000 0.2167
675.0000 0.2170
676.0000 0.2173
677.0000 0.2175
678.0000 0.2177
679.0000 0.2180
680.0000 0.2182
681.0000 0.2184
682.0000 0.2186
683.0000 0.2188
684.0000 0.2189
685.0000 0.2191
686.0000 0.2192
687.0000 0.2194
688.0000 0.2195
689.0000 0.2197
690.0000 0.2198
691.0000 0.2199
692.0000 0.2200
693.0000 0.2201
694.0000 0.2202
695.0000 0.2203
696.0000 0.2204
697.0000 0.2205
698.0000 0.2206
699.0000 0.2207
700.0000 0.2207
701.0000 0.2208
702.0000 0.2209
703.0000 0.2209
704.0000 0.2210
705.0000 0.2211
706.0000 0.2211
707.0000 0.2212
708.0000 0.2212
709.0000 0.2213
710.0000 0.2213
711.0000 0.2213
712.0000 0.2214
713.0000 0.2214
714.0000 0.2215
715.0000 0.2215
716.0000 0.2215
717.0000 0.2216
718.0000 0.2216
719.0000 0.2216
720.0000 0.2217
721.0000 0.2217
722.0000 0.2217
723.0000 0.2217
724.0000 0.2217
725.0000 0.2218
726.0000 0.2218
727.0000 0.2218
728.0000 0.2218
729.0000 0.2218
730.0000 0.2219
731.0000 0.2219
732.0000 0.2219
733.0000 0.2219
734.0000 0.2219
735.0000 0.2219
736.0000 0.2220
737.0000 0.2220
738.0000 0.2220
739.0000 0.2220
740.0000 0.2220
741.0000 0.2220
742.0000 0.2220
743.0000 0.2220
744.0000 0.2220
745.0000 0.2220
746.0000 0.2221
747.0000 0.2221
748.0000 0.2221
749.0000 0.2221
750.0000 0.2221
751.0000 0.2221
752.0000 0.2221
753.0000 0.2221
754.0000 0.2221
755.0000 0.2221
756.0000 0.2221
757.0000 0.2221
758.0000 0.2221
759.0000 0.2221
760.0000 0.2221
761.0000 0.2221
762.0000 0.2221
763.0000 0.2221
764.0000 0.2221
765.0000 0.2222
766.0000 0.2222
767.0000 0.2222
768.0000 0.2222
769.0000 0.2222
770.0000 0.2222
771.0000 0.2222
772.0000 0.2222
773.0000 0.2222
774.0000 0.2222
775.0000 0.2222
776.0000 0.2222
777.0000 0.2222
778.0000 0.2222
779.0000 0.2222
780.0000 0.2222
781.0000 0.2222
782.0000 0.2222
783.0000 0.2222
784.0000 0.2222
785.0000 0.2222
786.0000 0.2222
787.0000 0.2222
788.0000 0.2222
789.0000 0.2222
790.0000 0.2222
791.0000 0.2222
792.0000 0.2222
793.0000 0.2222
794.0000 0.2222
795.0000 0.2222
796.0000 0.2222
797.0000 0.2222
798.0000 0.2222
799.0000 0.2222
800.0000 0.2222
801.0000 0.2222
802.0000 0.2222
803.0000 0.2222
804.0000 0.2222
805.0000 0.2222
806.0000 0.2222
807.0000 0.2222
808.0000 0.2222
809.0000 0.2222
810.0000 0.2222
811.0000 0.2222
812.0000 0.2222
813.0000 0.2222
814.0000 0.2222
815.0000 0.2222
816.0000 0.2222
817.0000 0.2222
818.0000 0.2222
819.0000 0.2222
820.0000 0.2222
821.0000 0.2222
822.0000 0.2222
823.0000 0.2222
824.0000 0.2222
825.0000 0.2222
826.0000 0.2222
827.0000 0.2222
828.0000 0.2222
829.0000 0.2222
830.0000 0.2222
831.0000 0.2222
832.0000 0.2222
833.0000 0.2222
834.0000 0.2222
835.0000 0.2222
836.0000 0.2222
837.0000 0.2222
838.0000 0.2222
839.0000 0.2222
840.0000 0.2222
841.0000 0.2222
842.0000 0.2222
843.0000 0.2222
844.0000 0.2222
845.0000 0.2222
846.0000 0.2222
847.0000 0.2222
848.0000 0.2222
849.0000 0.2222
850.0000 0.2222
851.0000 0.2222
852.0000 0.2222
853.0000 0.2222
854.0000 0.2222
855.0000 0.2222
856.0000 0.2222
857.0000 0.2222
858.0000 0.2222
859.0000 0.2222
860.0000 0.2222
861.0000 0.2222
862.0000 0.2222
863.0000 0.2222
864.0000 0.2222
865.0000 0.2222
866.0000 0.2222
867.0000 0.2222
868.0000 0.2222
869.0000 0.2222
870.0000 0.2222
871.0000 0.2222
872.0000 0.2222
873.0000 0.2222
874.0000 0.2222
875.0000 0.2222
876.0000 0.2222
877.0000 0.2222
878.0000 0.2222
879.0000 0.2222
880.0000 0.2222
881.0000 0.2222
882.0000 0.2222
883.0000 0.2222
884.0000 0.2222
885.0000 0.2222
886.0000 0.2222
887.0000 0.2222
888.0000 0.2222
889.0000 0.2222
890.0000 0.2222
891.0000 0.2222
892.0000 0.2222
893.0000 0.2222
894.0000 0.2222
895.0000 0.2222
896.0000 0.2222
897.0000 0.2222
898.0000 0.2222
899.0000 0.2222
900.0000 0.2222
901.0000 0.2222
902.0000 0.2222
903.0000 0.2222
904.0000 0.2222
905.0000 0.2222
906.0000 0.2222
907.0000 0.2222
908.0000 0.2222
909.0000 0.2222
910.0000 0.2222
