1.0000 0.0000
2.0000 0.0000
3.0000 0.0000
4.0000 0.0000
5.0000 0.0000
6.0000 0.0000
7.0000 0.0000
8.0000 0.0000
9.0000 0.0000
10.0000 0.0000
11.0000 0.0563
12.0000 0.0605
13.0000 0.0675
14.0000 0.0741
15.0000 0.0807
16.0000 0.0870
17.0000 0.0932
18.0000 0.0993
19.0000 0.1052
20.0000 0.1110
21.0000 0.1166
22.0000 0.1221
23.0000 0.1275
24.0000 0.1327
25.0000 0.1378
26.0000 0.1428
27.0000 0.1477
28.0000 0.1525
29.0000 0.1571
30.0000 0.1616
31.0000 0.1660
32.0000 0.1703
33.0000 0.1745
34.0000 0.1786
35.0000 0.1826
36.0000 0.1865
37.0000 0.1903
38.0000 0.1940
39.0000 0.1977
40.0000 0.2012
41.0000 0.2046
42.0000 0.2080
43.0000 0.2112
44.0000 0.2144
45.0000 0.2175
46.0000 0.2205
47.0000 0.2235
48.0000 0.2264
49.0000 0.2292
50.0000 0.2319
51.0000 0.2346
52.0000 0.2371
53.0000 0.2397
54.0000 0.2421
55.0000 0.2445
56.0000 0.2469
57.0000 0.2491
58.0000 0.2514
59.0000 0.2535
60.0000 0.2556
61.0000 0.2577
62.0000 0.2597
63.0000 0.2616
64.0000 0.2635
65.0000 0.2654
66.0000 0.2672
67.0000 0.2689
68.0000 0.2706
69.0000 0.2723
70.0000 0.2739
71.0000 0.2755
72.0000 0.2770
73.0000 0.2785
74.0000 0.2800
75.0000 0.2814
76.0000 0.2828
77.0000 0.2842
78.0000 0.2855
79.0000 0.2867
80.0000 0.2880
81.0000 0.2892
82.0000 0.2904
83.0000 0.2915
84.0000 0.2926
85.0000 0.2937
86.0000 0.2948
87.0000 0.2958
88.0000 0.2968
89.0000 0.2978
90.0000 0.2988
91.0000 0.2997
92.0000 0.3006
93.0000 0.3015
94.0000 0.3023
95.0000 0.3032
96.0000 0.3040
97.0000 0.3048
98.0000 0.3055
99.0000 0.3063
100.0000 0.3070
101.0000 0.3077
102.0000 0.3084
103.0000 0.3091
104.0000 0.3097
105.0000 0.3104
106.0000 0.3110
107.0000 0.3116
108.0000 0.3122
109.0000 0.3127
110.0000 0.3133
111.0000 0.3138
112.0000 0.3144
113.0000 0.3149
114.0000 0.3154
115.0000 0.3159
116.0000 0.3163
117.0000 0.3168
118.0000 0.3172
119.0000 0.3177
120.0000 0.3181
121.0000 0.3185
122.0000 0.3189
123.0000 0.3193
124.0000 0.3197
125.0000 0.3201
126.0000 0.3204
127.0000 0.3208
128.0000 0.3211
129.0000 0.3214
130.0000 0.3218
131.0000 0.3221
132.0000 0.3224
133.0000 0.3227
134.0000 0.3230
135.0000 0.3232
136.0000 0.3235
137.0000 0.3238
138.0000 0.3240
139.0000 0.3243
140.0000 0.3245
141.0000 0.3248
142.0000 0.3250
143.0000 0.3252
144.0000 0.3255
145.0000 0.3257
146.0000 0.3259
147.0000 0.3261
148.0000 0.3263
149.0000 0.3265
150.0000 0.3267
151.0000 0.3268
152.0000 0.3270
153.0000 0.3272
154.0000 0.3274
155.0000 0.3275
156.0000 0.3277
157.0000 0.3278
158.0000 0.3280
159.0000 0.3281
160.0000 0.3283
161.0000 0.3284
162.0000 0.3285
163.0000 0.3287
164.0000 0.3288
165.0000 0.3289
166.0000 0.3290
167.0000 0.3292
168.0000 0.3293
169.0000 0.3294
170.0000 0.3295
171.0000 0.3296
172.0000 0.3297
173.0000 0.3298
174.0000 0.3299
175.0000 0.3300
176.0000 0.3301
177.0000 0.3302
178.0000 0.3303
179.0000 0.3303
180.0000 0.3304
181.0000 0.3305
182.0000 0.3306
183.0000 0.3306
184.0000 0.3307
185.0000 0.3308
186.0000 0.3309
187.0000 0.3309
188.0000 0.3310
189.0000 0.3311
190.0000 0.3311
191.0000 0.3312
192.0000 0.3312
193.0000 0.3313
194.0000 0.3314
195.0000 0.3314
196.0000 0.3315
197.0000 0.3315
198.0000 0.3316
199.0000 0.3316
200.0000 0.3317
201.0000 0.3317
202.0000 0.3317
203.0000 0.3318
204.0000 0.3318
205.0000 0.3319
206.0000 0.3319
207.0000 0.3320
208.0000 0.3320
209.0000 0.3320
210.0000 0.3321
211.0000 0.3321
212.0000 0.3321
213.0000 0.3322
214.0000 0.3322
215.0000 0.3322
216.0000 0.3323
217.0000 0.3323
218.0000 0.3323
219.0000 0.3323
220.0000 0.3324
221.0000 0.3324
222.0000 0.3324
223.0000 0.3324
224.0000 0.3325
225.0000 0.3325
226.0000 0.3325
227.0000 0.3325
228.0000 0.3326
229.0000 0.3326
230.0000 0.3326
231.0000 0.3326
232.0000 0.3326
233.0000 0.3327
234.0000 0.3327
235.0000 0.3327
236.0000 0.3327
237.0000 0.3327
238.0000 0.3327
239.0000 0.3328
240.0000 0.3328
241.0000 0.3328
242.0000 0.3328
243.0000 0.3328
244.0000 0.3328
245.0000 0.3329
246.0000 0.3329
247.0000 0.3329
248.0000 0.3329
249.0000 0.3329
250.0000 0.3329
251.0000 0.3329
252.0000 0.3329
253.0000 0.3329
254.0000 0.3330
255.0000 0.3330
256.0000 0.3330
257.0000 0.3330
258.0000 0.3330
259.0000 0.3330
260.0000 0.3330
261.0000 0.3330
262.0000 0.3330
263.0000 0.3330
264.0000 0.3330
265.0000 0.3331
266.0000 0.3331
267.0000 0.3331
268.0000 0.3331
269.0000 0.3331
270.0000 0.3331
271.0000 0.3331
272.0000 0.3331
273.0000 0.3331
274.0000 0.3331
275.0000 0.3331
276.0000 0.3331
277.0000 0.3331
278.0000 0.3331
279.0000 0.3331
280.0000 0.3332
281.0000 0.3332
282.0000 0.3332
283.0000 0.3332
284.0000 0.3332
285.0000 0.3332
286.0000 0.3332
287.0000 0.3332
288.0000 0.3332
289.0000 0.3332
290.0000 0.3332
291.0000 0.3332
292.0000 0.3332
293.0000 0.3332
294.0000 0.3332
295.0000 0.3332
296.0000 0.3332
297.0000 0.3332
298.0000 0.3332
299.0000 0.3332
300.0000 0.3332
301.0000 0.3332
302.0000 0.3332
303.0000 0.3332
304.0000 0.3332
305.0000 0.3332
306.0000 0.3332
307.0000 0.3332
308.0000 0.3332
309.0000 0.3333
310.0000 0.3333
311.0000 0.2207
312.0000 0.2122
313.0000 0.1983
314.0000 0.1850
315.0000 0.1720
316.0000 0.1592
317.0000 0.1468
318.0000 0.1347
319.0000 0.1229
320.0000 0.1113
321.0000 0.1001
322.0000 0.0890
323.0000 0.0783
324.0000 0.0678
325.0000 0.0576
326.0000 0.0476
327.0000 0.0379
328.0000 0.0284
329.0000 0.0191
330.0000 0.0100
331.0000 0.0012
332.0000 -0.0074
333.0000 -0.0158
334.0000 -0.0240
335.0000 -0.0320
336.0000 -0.0398
337.0000 -0.0474
338.0000 -0.0548
339.0000 -0.0620
340.0000 -0.0691
341.0000 -0.0759
342.0000 -0.0826
343.0000 -0.0892
344.0000 -0.0955
345.0000 -0.1017
346.0000 -0.1078
347.0000 -0.1137
348.0000 -0.1194
349.0000 -0.1250
350.0000 -0.1305
351.0000 -0.1358
352.0000 -0.1410
353.0000 -0.1460
354.0000 -0.1510
355.0000 -0.1558
356.0000 -0.1604
357.0000 -0.1650
358.0000 -0.1694
359.0000 -0.1737
360.0000 -0.1780
361.0000 -0.1821
362.0000 -0.1861
363.0000 -0.1900
364.0000 -0.1938
365.0000 -0.1975
366.0000 -0.2011
367.0000 -0.2046
368.0000 -0.2080
369.0000 -0.2113
370.0000 -0.2145
371.0000 -0.2177
372.0000 -0.2208
373.0000 -0.2238
374.0000 -0.2267
375.0000 -0.2295
376.0000 -0.2323
377.0000 -0.2350
378.0000 -0.2376
379.0000 -0.2402
380.0000 -0.2427
381.0000 -0.2451
382.0000 -0.2474
383.0000 -0.2497
384.0000 -0.2520
385.0000 -0.2541
386.0000 -0.2563
387.0000 -0.2583
388.0000 -0.2603
389.0000 -0.2623
390.0000 -0.2642
391.0000 -0.2661
392.0000 -0.2679
393.0000 -0.2696
394.0000 -0.2713
395.0000 -0.2730
396.0000 -0.2746
397.0000 -0.2762
398.0000 -0.2777
399.0000 -0.2792
400.0000 -0.2807
401.0000 -0.2821
402.0000 -0.2835
403.0000 -0.2848
404.0000 -0.2861
405.0000 -0.2874
406.0000 -0.2886
407.0000 -0.2898
408.0000 -0.2910
409.0000 -0.2922
410.0000 -0.2933
411.0000 -0.2943
412.0000 -0.2954
413.0000 -0.2964
414.0000 -0.2974
415.0000 -0.2984
416.0000 -0.2993
417.0000 -0.3003
418.0000 -0.3012
419.0000 -0.3020
420.0000 -0.3029
421.0000 -0.3037
422.0000 -0.3045
423.0000 -0.3053
424.0000 -0.3060
425.0000 -0.3068
426.0000 -0.3075
427.0000 -0.3082
428.0000 -0.3089
429.0000 -0.3095
430.0000 -0.3102
431.0000 -0.3108
432.0000 -0.3114
433.0000 -0.3120
434.0000 -0.3126
435.0000 -0.3132
436.0000 -0.3137
437.0000 -0.3142
438.0000 -0.3148
439.0000 -0.3153
440.0000 -0.3157
441.0000 -0.3162
442.0000 -0.3167
443.0000 -0.3171
444.0000 -0.3176
445.0000 -0.3180
446.0000 -0.3184
447.0000 -0.3188
448.0000 -0.3192
449.0000 -0.3196
450.0000 -0.3200
451.0000 -0.3203
452.0000 -0.3207
453.0000 -0.3210
454.0000 -0.3214
455.0000 -0.3217
456.0000 -0.3220
457.0000 -0.3223
458.0000 -0.3226
459.0000 -0.3229
460.0000 -0.3232
461.0000 -0.3235
462.0000 -0.3237
463.0000 -0.3240
464.0000 -0.3243
465.0000 -0.3245
466.0000 -0.3247
467.0000 -0.3250
468.0000 -0.3252
469.0000 -0.3254
470.0000 -0.3256
471.0000 -0.3259
472.0000 -0.3261
473.0000 -0.3263
474.0000 -0.3265
475.0000 -0.3266
476.0000 -0.3268
477.0000 -0.3270
478.0000 -0.3272
479.0000 -0.3273
480.0000 -0.3275
481.0000 -0.3277
482.0000 -0.3278
483.0000 -0.3280
484.0000 -0.3281
485.0000 -0.3283
486.0000 -0.3284
487.0000 -0.3285
488.0000 -0.3287
489.0000 -0.3288
490.0000 -0.3289
491.0000 -0.3290
492.0000 -0.3291
493.0000 -0.3293
494.0000 -0.3294
495.0000 -0.3295
496.0000 -0.3296
497.0000 -0.3297
498.0000 -0.3298
499.0000 -0.3299
500.0000 -0.3300
501.0000 -0.3301
502.0000 -0.3302
503.0000 -0.3302
504.0000 -0.3303
505.0000 -0.3304
506.0000 -0.3305
507.0000 -0.3306
508.0000 -0.3306
509.0000 -0.3307
510.0000 -0.3308
511.0000 -0.3309
512.0000 -0.3309
513.0000 -0.3310
514.0000 -0.3311
515.0000 -0.3311
516.0000 -0.3312
517.0000 -0.3312
518.0000 -0.3313
519.0000 -0.3314
520.0000 -0.3314
521.0000 -0.3315
522.0000 -0.3315
523.0000 -0.3316
524.0000 -0.3316
525.0000 -0.3317
526.0000 -0.3317
527.0000 -0.3317
528.0000 -0.3318
529.0000 -0.3318
530.0000 -0.3319
531.0000 -0.3319
532.0000 -0.3320
533.0000 -0.3320
534.0000 -0.3320
535.0000 -0.3321
536.0000 -0.3321
537.0000 -0.3321
538.0000 -0.3322
539.0000 -0.3322
540.0000 -0.3322
541.0000 -0.3323
542.0000 -0.3323
543.0000 -0.3323
544.0000 -0.3323
545.0000 -0.3324
546.0000 -0.3324
547.0000 -0.3324
548.0000 -0.3324
549.0000 -0.3325
550.0000 -0.3325
551.0000 -0.3325
552.0000 -0.3325
553.0000 -0.3326
554.0000 -0.3326
555.0000 -0.3326
556.0000 -0.3326
557.0000 -0.3326
558.0000 -0.3327
559.0000 -0.3327
560.0000 -0.3327
561.0000 -0.3327
562.0000 -0.3327
563.0000 -0.3327
564.0000 -0.3328
565.0000 -0.3328
566.0000 -0.3328
567.0000 -0.3328
568.0000 -0.3328
569.0000 -0.3328
570.0000 -0.3329
571.0000 -0.3329
572.0000 -0.3329
573.0000 -0.3329
574.0000 -0.3329
575.0000 -0.3329
576.0000 -0.3329
577.0000 -0.3329
578.0000 -0.3329
579.0000 -0.3330
580.0000 -0.3330
581.0000 -0.3330
582.0000 -0.3330
583.0000 -0.3330
584.0000 -0.3330
585.0000 -0.3330
586.0000 -0.3330
587.0000 -0.3330
588.0000 -0.3330
589.0000 -0.3330
590.0000 -0.3331
591.0000 -0.3331
592.0000 -0.3331
593.0000 -0.3331
594.0000 -0.3331
595.0000 -0.3331
596.0000 -0.3331
597.0000 -0.3331
598.0000 -0.3331
599.0000 -0.3331
600.0000 -0.3331
601.0000 -0.3331
602.0000 -0.3331
603.0000 -0.3331
604.0000 -0.3331
605.0000 -0.3332
606.0000 -0.3332
607.0000 -0.3332
608.0000 -0.3332
609.0000 -0.3332
610.0000 -0.3332
611.0000 -0.1643
612.0000 -0.1516
613.0000 -0.1307
614.0000 -0.1107
615.0000 -0.0912
616.0000 -0.0722
617.0000 -0.0535
618.0000 -0.0354
619.0000 -0.0176
620.0000 -0.0003
621.0000 0.0166
622.0000 0.0331
623.0000 0.0492
624.0000 0.0650
625.0000 0.0803
626.0000 0.0953
627.0000 0.1099
628.0000 0.1242
629.0000 0.1381
630.0000 0.1516
631.0000 0.1649
632.0000 0.1778
633.0000 0.1904
634.0000 0.2027
635.0000 0.2147
636.0000 0.2264
637.0000 0.2377
638.0000 0.2489
639.0000 0.2597
640.0000 0.2703
641.0000 0.2806
642.0000 0.2906
643.0000 0.3004
644.0000 0.3100
645.0000 0.3193
646.0000 0.3283
647.0000 0.3372
648.0000 0.3458
649.0000 0.3542
650.0000 0.3624
651.0000 0.3704
652.0000 0.3781
653.0000 0.3857
654.0000 0.3931
655.0000 0.4003
656.0000 0.4073
657.0000 0.4142
658.0000 0.4208
659.0000 0.4273
660.0000 0.4336
661.0000 0.4398
662.0000 0.4458
663.0000 0.4516
664.0000 0.4573
665.0000 0.4629
666.0000 0.4683
667.0000 0.4735
668.0000 0.4786
669.0000 0.4836
670.0000 0.4885
671.0000 0.4932
672.0000 0.4978
673.0000 0.5023
674.0000 0.5067
675.0000 0.5110
676.0000 0.5151
677.0000 0.5192
678.0000 0.5231
679.0000 0.5269
680.0000 0.5307
681.0000 0.5343
682.0000 0.5378
683.0000 0.5413
684.0000 0.5446
685.0000 0.5479
686.0000 0.5511
687.0000 0.5542
688.0000 0.5572
689.0000 0.5601
690.0000 0.5630
691.0000 0.5658
692.0000 0.5685
693.0000 0.5711
694.0000 0.5737
695.0000 0.5762
696.0000 0.5786
697.0000 0.5810
698.0000 0.5833
699.0000 0.5855
700.0000 0.5877
701.0000 0.5898
702.0000 0.5919
703.0000 0.5939
704.0000 0.5959
705.0000 0.5978
706.0000 0.5996
707.0000 0.6014
708.0000 0.6032
709.0000 0.6049
710.0000 0.6066
711.0000 0.6082
712.0000 0.6098
713.0000 0.6113
714.0000 0.6128
715.0000 0.6143
716.0000 0.6157
717.0000 0.6171
718.0000 0.6184
719.0000 0.6197
720.0000 0.6210
721.0000 0.6222
722.0000 0.6234
723.0000 0.6246
724.0000 0.6257
725.0000 0.6268
726.0000 0.6279
727.0000 0.6290
728.0000 0.6300
729.0000 0.6310
730.0000 0.6319
731.0000 0.6329
732.0000 0.6338
733.0000 0.6347
734.0000 0.6356
735.0000 0.6364
736.0000 0.6372
737.0000 0.6380
738.0000 0.6388
739.0000 0.6396
740.0000 0.6403
741.0000 0.6410
742.0000 0.6417
743.0000 0.6424
744.0000 0.6430
745.0000 0.6437
746.0000 0.6443
747.0000 0.6449
748.0000 0.6455
749.0000 0.6461
750.0000 0.6466
751.0000 0.6472
752.0000 0.6477
753.0000 0.6482
754.0000 0.6487
755.0000 0.6492
756.0000 0.6497
757.0000 0.6502
758.0000 0.6506
759.0000 0.6510
760.0000 0.6515
761.0000 0.6519
762.0000 0.6523
763.0000 0.6527
764.0000 0.6531
765.0000 0.6534
766.0000 0.6538
767.0000 0.6541
768.0000 0.6545
769.0000 0.6548
770.0000 0.6551
771.0000 0.6555
772.0000 0.6558
773.0000 0.6561
774.0000 0.6563
775.0000 0.6566
776.0000 0.6569
777.0000 0.6572
778.0000 0.6574
779.0000 0.6577
780.0000 0.6579
781.0000 0.6582
782.0000 0.6584
783.0000 0.6586
784.0000 0.6588
785.0000 0.6591
786.0000 0.6593
787.0000 0.6595
788.0000 0.6597
789.0000 0.6598
790.0000 0.6600
791.0000 0.6602
792.0000 0.6604
793.0000 0.6606
794.0000 0.6607
795.0000 0.6609
796.0000 0.6610
797.0000 0.6612
798.0000 0.6614
799.0000 0.6615
800.0000 0.6616
801.0000 0.6618
802.0000 0.6619
803.0000 0.6620
804.0000 0.6622
805.0000 0.6623
806.0000 0.6624
807.0000 0.6625
808.0000 0.6626
809.0000 0.6627
810.0000 0.6629
811.0000 0.6630
812.0000 0.6631
813.0000 0.6632
814.0000 0.6633
815.0000 0.6633
816.0000 0.6634
817.0000 0.6635
818.0000 0.6636
819.0000 0.6637
820.0000 0.6638
821.0000 0.6639
822.0000 0.6639
823.0000 0.6640
824.0000 0.6641
825.0000 0.6642
826.0000 0.6642
827.0000 0.6643
828.0000 0.6644
829.0000 0.6644
830.0000 0.6645
831.0000 0.6645
832.0000 0.6646
833.0000 0.6647
834.0000 0.6647
835.0000 0.6648
836.0000 0.6648
837.0000 0.6649
838.0000 0.6649
839.0000 0.6650
840.0000 0.6650
841.0000 0.6651
842.0000 0.6651
843.0000 0.6651
844.0000 0.6652
845.0000 0.6652
846.0000 0.6653
847.0000 0.6653
848.0000 0.6653
849.0000 0.6654
850.0000 0.6654
851.0000 0.6654
852.0000 0.6655
853.0000 0.6655
854.0000 0.6655
855.0000 0.6656
856.0000 0.6656
857.0000 0.6656
858.0000 0.6657
859.0000 0.6657
860.0000 0.6657
861.0000 0.6657
862.0000 0.6658
863.0000 0.6658
864.0000 0.6658
865.0000 0.6658
866.0000 0.6659
867.0000 0.6659
868.0000 0.6659
869.0000 0.6659
870.0000 0.6659
871.0000 0.6660
872.0000 0.6660
873.0000 0.6660
874.0000 0.6660
875.0000 0.6660
876.0000 0.6661
877.0000 0.6661
878.0000 0.6661
879.0000 0.6661
880.0000 0.6661
881.0000 0.6661
882.0000 0.6661
883.0000 0.6662
884.0000 0.6662
885.0000 0.6662
886.0000 0.6662
887.0000 0.6662
888.0000 0.6662
889.0000 0.6662
890.0000 0.6663
891.0000 0.6663
892.0000 0.6663
893.0000 0.6663
894.0000 0.6663
895.0000 0.6663
896.0000 0.6663
897.0000 0.6663
898.0000 0.6663
899.0000 0.6663
900.0000 0.6664
901.0000 0.6664
902.0000 0.6664
903.0000 0.6664
904.0000 0.6664
905.0000 0.6664
906.0000 0.6664
907.0000 0.6664
908.0000 0.6664
909.0000 0.6664
910.0000 0.6664
