1.0000 0.0000
2.0000 0.0000
3.0000 0.0000
4.0000 0.0000
5.0000 0.0000
6.0000 0.0000
7.0000 0.0000
8.0000 0.0000
9.0000 0.0000
10.0000 1.6397
11.0000 1.7697
12.0000 1.4985
13.0000 1.1884
14.0000 0.9374
15.0000 0.7567
16.0000 0.6333
17.0000 0.5514
18.0000 0.4979
19.0000 0.4633
20.0000 0.4410
21.0000 0.4267
22.0000 0.4176
23.0000 0.4117
24.0000 0.4080
25.0000 0.4056
26.0000 0.4041
27.0000 0.4032
28.0000 0.4026
29.0000 0.4022
30.0000 0.4020
31.0000 0.4018
32.0000 0.4017
33.0000 0.4017
34.0000 0.4017
35.0000 0.4016
36.0000 0.4016
37.0000 0.4016
38.0000 0.4016
39.0000 0.4017
40.0000 0.4017
41.0000 0.4017
42.0000 0.4017
43.0000 0.4017
44.0000 0.4017
45.0000 0.4017
46.0000 0.4017
47.0000 0.4017
48.0000 0.4017
49.0000 0.4017
50.0000 -1.2813
51.0000 -1.2650
52.0000 -1.1522
53.0000 -1.0302
54.0000 -0.9239
55.0000 -0.8368
56.0000 -0.7666
57.0000 -0.7096
58.0000 -0.6629
59.0000 -0.6240
60.0000 -0.5911
61.0000 -0.5631
62.0000 -0.5389
63.0000 -0.5178
64.0000 -0.4995
65.0000 -0.4834
66.0000 -0.4692
67.0000 -0.4566
68.0000 -0.4456
69.0000 -0.4358
70.0000 -0.4271
71.0000 -0.4194
72.0000 -0.4126
73.0000 -0.4066
74.0000 -0.4012
75.0000 -0.3965
76.0000 -0.3922
77.0000 -0.3885
78.0000 -0.3852
79.0000 -0.3822
80.0000 -0.3796
81.0000 -0.3772
82.0000 -0.3752
83.0000 -0.3724
84.0000 -0.3692
85.0000 -0.3658
86.0000 -0.3627
87.0000 -0.3601
88.0000 -0.3582
89.0000 -0.3568
90.0000 -0.3587
91.0000 -0.3607
92.0000 -0.3622
93.0000 -0.3631
94.0000 -0.3634
95.0000 -0.3635
96.0000 -0.3633
97.0000 -0.3630
98.0000 -0.3627
99.0000 -0.3624
100.0000 -0.3621
101.0000 -0.3617
102.0000 -0.3614
103.0000 -0.3606
104.0000 -0.3594
105.0000 -0.3580
106.0000 -0.3568
107.0000 -0.3559
108.0000 -0.3555
109.0000 -0.3555
110.0000 -0.3557
111.0000 -0.3576
112.0000 -0.3597
113.0000 -0.3611
114.0000 -0.3618
115.0000 -0.3619
116.0000 -0.3616
117.0000 -0.3612
118.0000 -0.3608
119.0000 -0.3604
120.0000 -0.3601
121.0000 -0.3598
122.0000 -0.3596
123.0000 -0.3594
124.0000 -0.3593
125.0000 -0.3592
126.0000 -0.3591
127.0000 -0.3591
128.0000 -0.3590
129.0000 -0.3590
130.0000 -0.3590
131.0000 -0.3589
132.0000 -0.3589
133.0000 -0.3589
134.0000 -0.3589
135.0000 -0.3589
136.0000 -0.3589
137.0000 -0.3589
138.0000 -0.3589
139.0000 -0.3589
140.0000 -0.3589
141.0000 -0.3589
142.0000 -0.3589
143.0000 -0.3594
144.0000 -0.3604
145.0000 -0.3615
146.0000 -0.3626
147.0000 -0.3635
148.0000 -0.3640
149.0000 -0.3643
150.0000 -0.3643
