1.0000 0.0000
2.0000 0.0000
3.0000 0.0000
4.0000 0.0000
5.0000 0.0000
6.0000 0.0000
7.0000 0.0000
8.0000 0.0000
9.0000 0.0000
10.0000 0.0000
11.0000 0.0000
12.0000 0.0000
13.0000 0.0000
14.0000 0.2215
15.0000 0.4486
16.0000 0.6268
17.0000 0.7534
18.0000 0.8393
19.0000 0.8961
20.0000 0.9331
21.0000 0.9571
22.0000 0.9725
23.0000 0.9824
24.0000 0.9888
25.0000 0.9928
26.0000 0.9954
27.0000 0.9971
28.0000 0.9981
29.0000 0.9988
30.0000 0.9993
31.0000 0.9995
32.0000 0.9997
33.0000 0.9998
34.0000 0.9999
35.0000 0.9999
36.0000 1.0000
37.0000 1.0000
38.0000 1.0000
39.0000 1.0000
40.0000 1.0000
41.0000 1.0000
42.0000 1.0000
43.0000 1.0000
44.0000 1.0000
45.0000 1.0000
46.0000 1.0000
47.0000 1.0000
48.0000 1.0000
49.0000 1.0000
50.0000 1.0000
51.0000 1.0000
52.0000 1.0212
53.0000 1.0603
54.0000 1.1138
55.0000 1.1549
56.0000 1.1819
57.0000 1.1948
58.0000 1.1944
59.0000 1.1820
60.0000 1.1588
61.0000 1.1264
62.0000 1.0866
63.0000 1.0415
64.0000 0.9930
65.0000 0.9433
66.0000 0.8947
67.0000 0.8492
68.0000 0.8087
69.0000 0.7751
70.0000 0.7497
71.0000 0.7336
72.0000 0.7276
73.0000 0.7319
74.0000 0.7464
75.0000 0.7707
76.0000 0.8038
77.0000 0.8443
78.0000 0.8908
79.0000 0.9414
80.0000 0.9942
81.0000 1.0469
82.0000 1.0976
83.0000 1.1443
84.0000 1.1851
85.0000 1.2184
86.0000 1.2428
87.0000 1.2575
88.0000 1.2619
89.0000 1.2558
90.0000 1.2394
91.0000 1.2136
92.0000 1.1793
93.0000 1.1378
94.0000 1.0910
95.0000 1.0405
96.0000 0.9884
97.0000 0.9368
98.0000 0.8876
99.0000 0.8428
100.0000 0.8042
101.0000 0.7734
102.0000 0.7516
103.0000 0.7396
104.0000 0.7379
105.0000 0.7467
106.0000 0.7655
107.0000 0.7937
108.0000 0.8302
109.0000 0.8736
110.0000 0.9222
111.0000 0.9739
112.0000 1.0268
113.0000 1.0786
114.0000 1.1273
115.0000 1.1707
116.0000 1.2072
117.0000 1.2353
118.0000 1.2540
119.0000 1.2627
120.0000 1.2610
121.0000 1.2490
122.0000 1.2273
123.0000 1.1965
124.0000 1.1580
125.0000 1.1132
126.0000 1.0639
127.0000 1.0122
128.0000 0.9599
129.0000 0.9093
130.0000 0.8623
131.0000 0.8208
132.0000 0.7865
133.0000 0.7606
134.0000 0.7443
135.0000 0.7382
136.0000 0.7426
137.0000 0.7572
138.0000 0.7814
139.0000 0.8144
140.0000 0.8548
141.0000 0.9010
142.0000 0.9511
143.0000 1.0032
144.0000 1.0551
145.0000 1.1049
146.0000 1.1505
147.0000 1.1900
148.0000 1.2220
149.0000 1.2451
150.0000 1.2584
