1.0000 0.0000
2.0000 0.0000
3.0000 0.0000
4.0000 0.0000
5.0000 0.0000
6.0000 0.0000
7.0000 0.0000
8.0000 0.0000
9.0000 0.0000
10.0000 0.0000
11.0000 0.0000
12.0000 0.0000
13.0000 0.0000
14.0000 0.2215
15.0000 0.4486
16.0000 0.6268
17.0000 0.7534
18.0000 0.8393
19.0000 0.8961
20.0000 0.9331
21.0000 0.9571
22.0000 0.9725
23.0000 0.9824
24.0000 0.9888
25.0000 0.9928
26.0000 0.9954
27.0000 0.9971
28.0000 0.9981
29.0000 0.9988
30.0000 0.9993
31.0000 0.9995
32.0000 0.9997
33.0000 0.9998
34.0000 0.9999
35.0000 0.9999
36.0000 1.0000
37.0000 1.0000
38.0000 1.0000
39.0000 1.0000
40.0000 1.0000
41.0000 1.0000
42.0000 1.0000
43.0000 1.0000
44.0000 1.0000
45.0000 1.0000
46.0000 1.0000
47.0000 1.0000
48.0000 1.0000
49.0000 1.0000
50.0000 1.0000
51.0000 1.0000
52.0000 1.0212
53.0000 1.0603
54.0000 1.1138
55.0000 1.1775
56.0000 1.2426
57.0000 1.3007
58.0000 1.3455
59.0000 1.3726
60.0000 1.3795
61.0000 1.3654
62.0000 1.3308
63.0000 1.2770
64.0000 1.2068
65.0000 1.1231
66.0000 1.0299
67.0000 0.9312
68.0000 0.8315
69.0000 0.7350
70.0000 0.6461
71.0000 0.5685
72.0000 0.5057
73.0000 0.4605
74.0000 0.4348
75.0000 0.4299
76.0000 0.4463
77.0000 0.4833
78.0000 0.5398
79.0000 0.6136
80.0000 0.7018
81.0000 0.8010
82.0000 0.9075
83.0000 1.0169
84.0000 1.1251
85.0000 1.2279
86.0000 1.3210
87.0000 1.4010
88.0000 1.4646
89.0000 1.5093
90.0000 1.5335
91.0000 1.5361
92.0000 1.5172
93.0000 1.4774
94.0000 1.4184
95.0000 1.3426
96.0000 1.2530
97.0000 1.1532
98.0000 1.0471
99.0000 0.9391
100.0000 0.8335
101.0000 0.7343
102.0000 0.6458
103.0000 0.5712
104.0000 0.5138
105.0000 0.4756
106.0000 0.4583
107.0000 0.4627
108.0000 0.4886
109.0000 0.5350
110.0000 0.6000
111.0000 0.6811
112.0000 0.7749
113.0000 0.8778
114.0000 0.9855
115.0000 1.0936
116.0000 1.1978
117.0000 1.2941
118.0000 1.3786
119.0000 1.4481
120.0000 1.4999
121.0000 1.5318
122.0000 1.5427
123.0000 1.5320
124.0000 1.5001
125.0000 1.4484
126.0000 1.3788
127.0000 1.2942
128.0000 1.1978
129.0000 1.0936
130.0000 0.9857
131.0000 0.8783
132.0000 0.7758
133.0000 0.6822
134.0000 0.6013
135.0000 0.5363
136.0000 0.4898
137.0000 0.4636
138.0000 0.4588
139.0000 0.4756
140.0000 0.5133
141.0000 0.5704
142.0000 0.6446
143.0000 0.7330
144.0000 0.8320
145.0000 0.9377
146.0000 1.0459
147.0000 1.1523
148.0000 1.2526
149.0000 1.3429
150.0000 1.4194
