1.0000 0.0000
2.0000 0.0000
3.0000 0.0000
4.0000 0.0000
5.0000 0.0000
6.0000 0.0000
7.0000 0.0000
8.0000 0.0000
9.0000 0.0000
10.0000 1.6397
11.0000 1.7697
12.0000 1.4985
13.0000 1.1884
14.0000 0.9374
15.0000 0.7567
16.0000 0.6333
17.0000 0.5514
18.0000 0.4979
19.0000 0.4633
20.0000 0.4410
21.0000 0.4267
22.0000 0.4176
23.0000 0.4117
24.0000 0.4080
25.0000 0.4056
26.0000 0.4041
27.0000 0.4032
28.0000 0.4026
29.0000 0.4022
30.0000 0.4020
31.0000 0.4018
32.0000 0.4017
33.0000 0.4017
34.0000 0.4017
35.0000 0.4016
36.0000 0.4016
37.0000 0.4016
38.0000 0.4016
39.0000 0.4017
40.0000 0.4017
41.0000 0.4017
42.0000 0.4017
43.0000 0.4017
44.0000 0.4017
45.0000 0.4017
46.0000 0.4017
47.0000 0.4017
48.0000 0.4017
49.0000 0.4017
50.0000 0.4017
51.0000 0.4017
52.0000 0.3670
53.0000 0.3000
54.0000 0.2131
55.0000 0.1188
56.0000 0.0280
57.0000 -0.0510
58.0000 -0.1121
59.0000 -0.1511
60.0000 -0.1655
61.0000 -0.1543
62.0000 -0.1178
63.0000 -0.0575
64.0000 0.0241
65.0000 0.1235
66.0000 0.2364
67.0000 0.3583
68.0000 0.4839
69.0000 0.6081
70.0000 0.7257
71.0000 0.8319
72.0000 0.9222
73.0000 0.9930
74.0000 1.0412
75.0000 1.0649
76.0000 1.0629
77.0000 1.0354
78.0000 0.9832
79.0000 0.9084
80.0000 0.8139
81.0000 0.7035
82.0000 0.5814
83.0000 0.4525
84.0000 0.3219
85.0000 0.1948
86.0000 0.0762
87.0000 -0.0293
88.0000 -0.1173
89.0000 -0.1845
90.0000 -0.2281
91.0000 -0.2465
92.0000 -0.2390
93.0000 -0.2057
94.0000 -0.1482
95.0000 -0.0687
96.0000 0.0297
97.0000 0.1430
98.0000 0.2666
99.0000 0.3957
100.0000 0.5251
101.0000 0.6496
102.0000 0.7642
103.0000 0.8650
104.0000 0.9478
105.0000 1.0091
106.0000 1.0461
107.0000 1.0574
108.0000 1.0422
109.0000 1.0013
110.0000 0.9365
111.0000 0.8489
112.0000 0.7434
113.0000 0.6249
114.0000 0.4983
115.0000 0.3683
116.0000 0.2399
117.0000 0.1180
118.0000 0.0074
119.0000 -0.0876
120.0000 -0.1631
121.0000 -0.2163
122.0000 -0.2448
123.0000 -0.2477
124.0000 -0.2247
125.0000 -0.1768
126.0000 -0.1058
127.0000 -0.0146
128.0000 0.0931
129.0000 0.2132
130.0000 0.3408
131.0000 0.4708
132.0000 0.5980
133.0000 0.7174
134.0000 0.8242
135.0000 0.9142
136.0000 0.9838
137.0000 1.0301
138.0000 1.0514
139.0000 1.0468
140.0000 1.0165
141.0000 0.9616
142.0000 0.8845
143.0000 0.7881
144.0000 0.6763
145.0000 0.5535
146.0000 0.4247
147.0000 0.2949
148.0000 0.1693
149.0000 0.0528
150.0000 -0.0498
