1.0000 0.0000
2.0000 0.0000
3.0000 0.0000
4.0000 0.0000
5.0000 0.0000
6.0000 0.0000
7.0000 0.0000
8.0000 0.0000
9.0000 0.0000
10.0000 1.6397
11.0000 1.7697
12.0000 1.4985
13.0000 1.1884
14.0000 0.9374
15.0000 0.7567
16.0000 0.6333
17.0000 0.5514
18.0000 0.4979
19.0000 0.4633
20.0000 0.4410
21.0000 0.4267
22.0000 0.4176
23.0000 0.4117
24.0000 0.4080
25.0000 0.4056
26.0000 0.4041
27.0000 0.4032
28.0000 0.4026
29.0000 0.4022
30.0000 0.4020
31.0000 0.4018
32.0000 0.4017
33.0000 0.4017
34.0000 0.4017
35.0000 0.4016
36.0000 0.4016
37.0000 0.4016
38.0000 0.4016
39.0000 0.4017
40.0000 0.4017
41.0000 0.4017
42.0000 0.4017
43.0000 0.4017
44.0000 0.4017
45.0000 0.4017
46.0000 0.4017
47.0000 0.4017
48.0000 0.4017
49.0000 0.4017
50.0000 0.4017
51.0000 0.2345
52.0000 0.0756
53.0000 -0.0591
54.0000 -0.1633
55.0000 -0.2344
56.0000 -0.2715
57.0000 -0.2748
58.0000 -0.2455
59.0000 -0.1857
60.0000 -0.0986
61.0000 0.0116
62.0000 0.1402
63.0000 0.2817
64.0000 0.4300
65.0000 0.5790
66.0000 0.7225
67.0000 0.8547
68.0000 0.9700
69.0000 1.0638
70.0000 1.1322
71.0000 1.1723
72.0000 1.1824
73.0000 1.1621
74.0000 1.1121
75.0000 1.0343
76.0000 0.9318
77.0000 0.8085
78.0000 0.6694
79.0000 0.5199
80.0000 0.3661
81.0000 0.2139
82.0000 0.0694
83.0000 -0.0616
84.0000 -0.1739
85.0000 -0.2629
86.0000 -0.3250
87.0000 -0.3579
88.0000 -0.3603
89.0000 -0.3321
90.0000 -0.2744
91.0000 -0.1901
92.0000 -0.0823
93.0000 0.0446
94.0000 0.1857
95.0000 0.3354
96.0000 0.4876
97.0000 0.6365
98.0000 0.7761
99.0000 0.9007
100.0000 1.0055
101.0000 1.0863
102.0000 1.1398
103.0000 1.1644
104.0000 1.1591
105.0000 1.1239
106.0000 1.0599
107.0000 0.9695
108.0000 0.8562
109.0000 0.7246
110.0000 0.5801
111.0000 0.4270
112.0000 0.2729
113.0000 0.1245
114.0000 -0.0121
115.0000 -0.1317
116.0000 -0.2298
117.0000 -0.3026
118.0000 -0.3474
119.0000 -0.3624
120.0000 -0.3470
121.0000 -0.3019
122.0000 -0.2288
123.0000 -0.1306
124.0000 -0.0113
125.0000 0.1245
126.0000 0.2713
127.0000 0.4233
128.0000 0.5744
129.0000 0.7186
130.0000 0.8502
131.0000 0.9639
132.0000 1.0551
133.0000 1.1204
134.0000 1.1569
135.0000 1.1634
136.0000 1.1395
137.0000 1.0862
138.0000 1.0056
139.0000 0.9009
140.0000 0.7764
141.0000 0.6368
142.0000 0.4880
143.0000 0.3356
144.0000 0.1859
145.0000 0.0447
146.0000 -0.0824
147.0000 -0.1904
148.0000 -0.2748
149.0000 -0.3323
150.0000 -0.3605
