1.0000 0.0000
2.0000 0.0000
3.0000 0.0000
4.0000 0.0000
5.0000 0.0000
6.0000 0.0000
7.0000 0.0000
8.0000 0.0000
9.0000 0.0000
10.0000 0.0000
11.0000 0.0000
12.0000 0.0000
13.0000 0.0000
14.0000 0.0000
15.0000 0.0000
16.0000 0.0000
17.0000 0.0000
18.0000 0.0000
19.0000 0.0000
20.0000 0.0000
21.0000 0.0000
22.0000 0.0000
23.0000 0.0000
24.0000 0.0000
25.0000 0.0000
26.0000 0.0000
27.0000 0.0000
28.0000 0.0000
29.0000 0.0000
30.0000 0.0000
31.0000 0.0000
32.0000 0.0000
33.0000 0.0000
34.0000 0.0000
35.0000 0.0000
36.0000 0.0000
37.0000 0.0000
38.0000 0.0000
39.0000 0.0000
40.0000 0.0000
41.0000 0.0000
42.0000 0.0000
43.0000 0.0000
44.0000 0.0000
45.0000 0.0000
46.0000 0.0000
47.0000 0.0000
48.0000 0.0000
49.0000 0.0000
50.0000 0.0000
51.0000 0.0993
52.0000 0.1947
53.0000 0.2823
54.0000 0.3587
55.0000 0.4207
56.0000 0.4660
57.0000 0.4927
58.0000 0.4998
59.0000 0.4869
60.0000 0.4546
61.0000 0.4042
62.0000 0.3377
63.0000 0.2578
64.0000 0.1675
65.0000 0.0706
66.0000 -0.0292
67.0000 -0.1278
68.0000 -0.2213
69.0000 -0.3059
70.0000 -0.3784
71.0000 -0.4358
72.0000 -0.4758
73.0000 -0.4968
74.0000 -0.4981
75.0000 -0.4795
76.0000 -0.4417
77.0000 -0.3864
78.0000 -0.3156
79.0000 -0.2323
80.0000 -0.1397
81.0000 -0.0415
82.0000 0.0583
83.0000 0.1558
84.0000 0.2471
85.0000 0.3285
86.0000 0.3968
87.0000 0.4494
88.0000 0.4840
89.0000 0.4993
90.0000 0.4947
91.0000 0.4704
92.0000 0.4273
93.0000 0.3672
94.0000 0.2925
95.0000 0.2061
96.0000 0.1114
97.0000 0.0124
98.0000 -0.0872
99.0000 -0.1832
100.0000 -0.2720
101.0000 -0.3499
102.0000 -0.4139
103.0000 -0.4614
104.0000 -0.4905
105.0000 -0.5000
106.0000 -0.4896
107.0000 -0.4597
108.0000 -0.4114
109.0000 -0.3468
110.0000 -0.2683
111.0000 -0.1791
112.0000 -0.0828
113.0000 0.0168
114.0000 0.1158
115.0000 0.2101
116.0000 0.2960
117.0000 0.3702
118.0000 0.4296
119.0000 0.4718
120.0000 0.4953
121.0000 0.4990
122.0000 0.4828
123.0000 0.4474
124.0000 0.3941
125.0000 0.3251
126.0000 0.2432
127.0000 0.1516
128.0000 0.0539
129.0000 -0.0460
130.0000 -0.1440
131.0000 -0.2362
132.0000 -0.3191
133.0000 -0.3892
134.0000 -0.4438
135.0000 -0.4807
136.0000 -0.4985
137.0000 -0.4963
138.0000 -0.4744
139.0000 -0.4336
140.0000 -0.3755
141.0000 -0.3024
142.0000 -0.2173
143.0000 -0.1235
144.0000 -0.0248
145.0000 0.0749
146.0000 0.1717
147.0000 0.2615
148.0000 0.3410
149.0000 0.4068
150.0000 0.4565
