1.0000 0.0000
2.0000 0.0000
3.0000 0.0000
4.0000 0.0000
5.0000 0.0000
6.0000 0.0000
7.0000 0.0000
8.0000 0.0000
9.0000 0.0000
10.0000 1.4502
11.0000 2.0014
12.0000 1.2830
13.0000 1.5631
14.0000 1.0648
15.0000 1.1408
16.0000 0.7769
17.0000 0.7906
18.0000 0.5190
19.0000 0.4596
20.0000 0.3097
21.0000 0.3745
22.0000 0.4222
23.0000 0.0090
24.0000 -0.2598
25.0000 -0.1831
26.0000 0.6386
27.0000 0.5430
28.0000 0.5873
29.0000 0.4222
30.0000 0.6146
31.0000 0.7825
32.0000 0.3919
33.0000 0.5363
34.0000 0.6638
35.0000 -0.2124
36.0000 0.2104
37.0000 -0.1168
38.0000 0.1255
39.0000 0.9391
40.0000 0.3925
41.0000 0.2490
42.0000 0.3147
43.0000 0.4413
44.0000 0.7657
45.0000 0.2526
46.0000 0.6621
47.0000 0.5620
48.0000 0.0294
49.0000 0.0329
50.0000 -0.9547
51.0000 -1.0929
52.0000 -1.3209
53.0000 -1.5032
54.0000 -1.3396
55.0000 -0.8374
56.0000 -0.4274
57.0000 -0.8366
58.0000 -0.4893
59.0000 -0.8330
60.0000 -0.0472
61.0000 -0.4289
62.0000 -0.6989
63.0000 -0.2234
64.0000 -0.3187
65.0000 -0.2466
66.0000 -0.4064
67.0000 -0.5306
68.0000 -0.6678
69.0000 -0.1907
70.0000 -0.5925
71.0000 -0.3914
72.0000 -0.3204
73.0000 -0.3280
74.0000 -0.2700
75.0000 -1.0123
76.0000 -1.0052
77.0000 -0.7336
78.0000 -0.4890
79.0000 0.1038
80.0000 -0.0400
81.0000 -0.0023
82.0000 0.0793
83.0000 -0.3041
84.0000 -0.7579
85.0000 -0.6983
86.0000 -0.5224
87.0000 -0.3431
88.0000 -0.1670
89.0000 -0.3662
90.0000 -0.6448
91.0000 -0.6354
92.0000 -0.3917
93.0000 -0.4768
94.0000 -0.3699
95.0000 0.1312
96.0000 -0.2188
97.0000 -0.1970
98.0000 -0.0080
99.0000 -0.1112
100.0000 -0.2519
101.0000 -0.7472
102.0000 -0.5535
103.0000 -0.6972
104.0000 -0.2504
105.0000 0.0483
106.0000 -0.4575
107.0000 -0.3246
108.0000 -0.9021
109.0000 -0.8573
110.0000 -0.2503
111.0000 0.1993
112.0000 -0.4184
113.0000 -0.6946
114.0000 -0.7905
115.0000 0.1236
116.0000 -0.1384
117.0000 -0.3743
118.0000 -0.5190
119.0000 -0.5389
120.0000 -0.4316
121.0000 -0.4520
122.0000 -0.1102
123.0000 -0.2772
124.0000 0.0825
125.0000 0.1037
126.0000 -0.8428
127.0000 -0.3189
128.0000 -0.4886
129.0000 -0.8260
130.0000 -0.0870
131.0000 0.0080
132.0000 -0.2008
133.0000 -0.8249
134.0000 -0.3655
135.0000 -0.1513
136.0000 -0.0470
137.0000 -0.3267
138.0000 -0.3839
139.0000 -0.1765
140.0000 -0.4534
141.0000 -0.1908
142.0000 -0.6479
143.0000 -0.1434
144.0000 -0.5911
145.0000 -0.8332
146.0000 -0.2705
147.0000 -0.3531
148.0000 -0.4836
149.0000 -0.0260
150.0000 -0.3962
