1.0000 0.0000
2.0000 0.0000
3.0000 0.0000
4.0000 0.0000
5.0000 0.0000
6.0000 0.0000
7.0000 0.0000
8.0000 0.0000
9.0000 0.0000
10.0000 0.0000
11.0000 0.0000
12.0000 0.0000
13.0000 0.0000
14.0000 0.2214
15.0000 0.4437
16.0000 0.6118
17.0000 0.7185
18.0000 0.7980
19.0000 0.8673
20.0000 0.9007
21.0000 0.9474
22.0000 0.9883
23.0000 1.0157
24.0000 1.0288
25.0000 1.0279
26.0000 1.0244
27.0000 1.0325
28.0000 1.0186
29.0000 1.0214
30.0000 1.0244
31.0000 1.0064
32.0000 0.9796
33.0000 0.9542
34.0000 0.9537
35.0000 0.9427
36.0000 0.9519
37.0000 0.9656
38.0000 0.9848
39.0000 0.9961
40.0000 1.0002
41.0000 1.0185
42.0000 1.0013
43.0000 1.0144
44.0000 1.0151
45.0000 0.9967
46.0000 0.9969
47.0000 0.9923
48.0000 0.9799
49.0000 0.9670
50.0000 0.9567
51.0000 1.1941
52.0000 1.4061
53.0000 1.5642
54.0000 1.5098
55.0000 1.4150
56.0000 1.3233
57.0000 1.2416
58.0000 1.1906
59.0000 1.1693
60.0000 1.1460
61.0000 1.1263
62.0000 1.0881
63.0000 1.0683
64.0000 1.0535
65.0000 1.0415
66.0000 1.0477
67.0000 1.0481
68.0000 1.0443
69.0000 1.0558
70.0000 1.0497
71.0000 1.0348
72.0000 1.0321
73.0000 1.0155
74.0000 1.0043
75.0000 1.0123
76.0000 1.0181
77.0000 1.0241
78.0000 1.0122
79.0000 1.0010
80.0000 1.0054
81.0000 1.0013
82.0000 0.9863
83.0000 0.9800
84.0000 0.9810
85.0000 1.0079
86.0000 1.0215
87.0000 1.0199
88.0000 1.0206
89.0000 1.0379
90.0000 1.0461
91.0000 1.0249
92.0000 1.0360
93.0000 1.0163
94.0000 1.0266
95.0000 1.0162
96.0000 1.0105
97.0000 1.0185
98.0000 1.0126
99.0000 1.0231
100.0000 1.0116
101.0000 1.0010
102.0000 1.0155
103.0000 1.0310
104.0000 1.0377
105.0000 1.0449
106.0000 1.0324
107.0000 1.0023
108.0000 0.9856
109.0000 0.9810
110.0000 0.9671
111.0000 0.9870
112.0000 0.9765
113.0000 0.9953
114.0000 0.9990
115.0000 1.0134
116.0000 1.0089
117.0000 1.0236
118.0000 1.0070
119.0000 0.9846
120.0000 0.9649
121.0000 0.9493
122.0000 0.9596
123.0000 0.9830
124.0000 1.0100
125.0000 1.0135
126.0000 1.0074
127.0000 0.9935
128.0000 1.0094
129.0000 1.0038
130.0000 1.0008
131.0000 1.0132
132.0000 0.9941
133.0000 0.9878
134.0000 0.9924
135.0000 0.9780
136.0000 0.9757
137.0000 0.9854
138.0000 0.9798
139.0000 0.9852
140.0000 0.9910
141.0000 0.9904
142.0000 1.0015
143.0000 1.0171
144.0000 1.0153
145.0000 0.9981
146.0000 1.0011
147.0000 1.0194
148.0000 1.0219
149.0000 1.0253
150.0000 1.0230
