1.0000 0.1992
2.0000 -0.3902
3.0000 0.4719
4.0000 0.6595
5.0000 0.4849
6.0000 0.0084
7.0000 -0.3096
8.0000 0.3453
9.0000 -0.3683
10.0000 0.6403
11.0000 0.1684
12.0000 0.1404
13.0000 -0.4584
14.0000 -0.5735
15.0000 -0.3426
16.0000 0.5020
17.0000 0.5755
18.0000 0.2795
19.0000 0.3153
20.0000 -0.3782
21.0000 0.1065
22.0000 0.4349
23.0000 -0.1346
24.0000 0.6838
25.0000 -0.5740
26.0000 -0.2507
27.0000 0.0160
28.0000 -0.6152
29.0000 0.3160
30.0000 0.0792
31.0000 0.0411
32.0000 0.4620
33.0000 0.5023
34.0000 0.4046
35.0000 -0.2550
36.0000 -0.0669
37.0000 0.3531
38.0000 -0.5462
39.0000 -0.5464
40.0000 -0.3222
41.0000 0.0345
42.0000 0.6617
43.0000 0.2946
44.0000 -0.2634
45.0000 -0.2920
46.0000 0.4905
47.0000 0.5763
48.0000 0.1950
49.0000 -0.3425
50.0000 0.4241
51.0000 1.4736
52.0000 1.1186
53.0000 1.6274
54.0000 0.3854
55.0000 1.1185
56.0000 0.6992
57.0000 1.4588
58.0000 0.5674
59.0000 0.9195
60.0000 0.8508
61.0000 1.4572
62.0000 1.2476
63.0000 0.5906
64.0000 0.7453
65.0000 0.4873
66.0000 1.2400
67.0000 1.0994
68.0000 0.5377
69.0000 0.5067
70.0000 0.9665
71.0000 1.5713
72.0000 1.0730
73.0000 0.3461
74.0000 0.3754
75.0000 1.4271
76.0000 0.9319
77.0000 0.8357
78.0000 1.4055
79.0000 0.8100
80.0000 1.0453
81.0000 1.2963
82.0000 1.5201
83.0000 0.7602
84.0000 1.2102
85.0000 1.6648
86.0000 0.4064
87.0000 1.1218
88.0000 0.8794
89.0000 0.7328
90.0000 0.6694
91.0000 1.3623
92.0000 1.6933
93.0000 0.5612
94.0000 1.3936
95.0000 0.5741
96.0000 1.6893
97.0000 1.4232
98.0000 0.8939
99.0000 1.3204
100.0000 0.9977
101.0000 1.4326
102.0000 0.7991
103.0000 0.4025
104.0000 1.1274
105.0000 1.5743
106.0000 0.5713
107.0000 0.9053
108.0000 1.3488
109.0000 0.3549
110.0000 1.6249
111.0000 1.3691
112.0000 1.0823
113.0000 0.5574
114.0000 0.9971
115.0000 1.0250
116.0000 1.6919
117.0000 1.4968
118.0000 1.6474
119.0000 1.2505
120.0000 0.8649
121.0000 1.6090
122.0000 0.9713
123.0000 0.6245
124.0000 0.8548
125.0000 1.2871
126.0000 1.0820
127.0000 1.3593
128.0000 1.6937
129.0000 1.6474
130.0000 1.0491
131.0000 1.6494
132.0000 0.4619
133.0000 0.3720
134.0000 0.7261
135.0000 1.1123
136.0000 1.0434
137.0000 1.5617
138.0000 1.0568
139.0000 0.9048
140.0000 1.0597
141.0000 1.2974
142.0000 0.3233
143.0000 1.4213
144.0000 0.4995
145.0000 0.9699
146.0000 0.6596
147.0000 0.8167
148.0000 1.2265
149.0000 0.5375
150.0000 0.6903
