1.0000 0.0000
2.0000 0.0000
3.0000 0.0000
4.0000 0.0000
5.0000 0.0000
6.0000 0.0000
7.0000 0.0000
8.0000 0.0000
9.0000 0.0000
10.0000 0.0000
11.0000 0.0000
12.0000 0.0000
13.0000 0.0000
14.0000 0.0000
15.0000 1.3968
16.0000 1.6981
17.0000 1.5587
18.0000 1.2914
19.0000 1.0297
20.0000 0.8194
21.0000 0.6667
22.0000 0.5631
23.0000 0.4963
24.0000 0.4549
25.0000 0.4303
26.0000 0.4162
27.0000 0.4085
28.0000 0.4044
29.0000 0.4024
30.0000 0.4015
31.0000 0.4012
32.0000 0.4012
33.0000 0.4012
34.0000 0.4013
35.0000 0.4014
36.0000 0.4014
37.0000 0.4015
38.0000 0.4015
39.0000 0.4016
40.0000 0.4016
41.0000 0.4016
42.0000 0.4016
43.0000 0.4016
44.0000 0.4016
45.0000 0.4017
46.0000 0.4017
47.0000 0.4017
48.0000 0.4017
49.0000 0.4017
50.0000 0.4017
51.0000 0.4017
52.0000 0.4017
53.0000 0.4017
54.0000 0.4017
55.0000 0.4017
56.0000 0.4017
57.0000 0.4017
58.0000 0.4017
59.0000 0.4017
60.0000 0.4017
61.0000 0.4017
62.0000 0.4017
63.0000 0.4017
64.0000 0.4017
65.0000 0.4017
66.0000 0.4017
67.0000 0.4017
68.0000 0.4017
69.0000 0.4017
70.0000 0.4017
71.0000 0.4017
72.0000 0.4017
73.0000 0.4017
74.0000 0.4017
75.0000 0.4017
76.0000 0.4017
77.0000 0.4017
78.0000 0.4017
79.0000 0.4017
80.0000 0.4017
81.0000 0.4017
82.0000 0.4017
83.0000 0.4017
84.0000 0.4017
85.0000 0.4017
86.0000 0.4017
87.0000 0.4017
88.0000 0.4017
89.0000 0.4017
90.0000 0.4017
91.0000 0.4017
92.0000 0.4017
93.0000 0.4017
94.0000 0.4017
95.0000 0.4017
96.0000 0.4017
97.0000 0.4017
98.0000 0.4017
99.0000 0.4017
100.0000 0.4017
