1.0000 0.0000
2.0000 0.0000
3.0000 0.0000
4.0000 0.0000
5.0000 0.0000
6.0000 0.0000
7.0000 0.0000
8.0000 0.0000
9.0000 0.0000
10.0000 0.0000
11.0000 0.0000
12.0000 0.0000
13.0000 0.0000
14.0000 0.0000
15.0000 1.6397
16.0000 1.7697
17.0000 1.4985
18.0000 1.1884
19.0000 0.9374
20.0000 0.7567
21.0000 0.6333
22.0000 0.5514
23.0000 0.4979
24.0000 0.4633
25.0000 0.4410
26.0000 0.4267
27.0000 0.4176
28.0000 0.4117
29.0000 0.4080
30.0000 0.4056
31.0000 0.4041
32.0000 0.4032
33.0000 0.4026
34.0000 0.4022
35.0000 0.4020
36.0000 0.4018
37.0000 0.4017
38.0000 0.4017
39.0000 0.4017
40.0000 0.4016
41.0000 0.4016
42.0000 0.4016
43.0000 0.4016
44.0000 0.4017
45.0000 0.4017
46.0000 0.4017
47.0000 0.4017
48.0000 0.4017
49.0000 0.4017
50.0000 0.4017
51.0000 0.4017
52.0000 0.4017
53.0000 0.4017
54.0000 0.4017
55.0000 0.4017
56.0000 0.4017
57.0000 0.4017
58.0000 0.4017
59.0000 0.4017
60.0000 0.4017
61.0000 0.4017
62.0000 0.4017
63.0000 0.4017
64.0000 0.4017
65.0000 0.4017
66.0000 0.4017
67.0000 0.4017
68.0000 0.4017
69.0000 0.4017
70.0000 0.4017
71.0000 0.4017
72.0000 0.4017
73.0000 0.4017
74.0000 0.4017
75.0000 0.4017
76.0000 0.4017
77.0000 0.4017
78.0000 0.4017
79.0000 0.4017
80.0000 0.4017
81.0000 0.4017
82.0000 0.4017
83.0000 0.4017
84.0000 0.4017
85.0000 0.4017
86.0000 0.4017
87.0000 0.4017
88.0000 0.4017
89.0000 0.4017
90.0000 0.4017
91.0000 0.4017
92.0000 0.4017
93.0000 0.4017
94.0000 0.4017
95.0000 0.4017
96.0000 0.4017
97.0000 0.4017
98.0000 0.4017
99.0000 0.4017
100.0000 0.4017
