1.0000 0.0000
2.0000 0.0000
3.0000 0.0000
4.0000 0.0000
5.0000 0.0000
6.0000 0.0000
7.0000 0.0000
8.0000 0.0000
9.0000 0.0000
10.0000 0.0000
11.0000 0.0000
12.0000 0.0000
13.0000 0.0000
14.0000 0.0000
15.0000 0.8482
16.0000 1.3037
17.0000 1.4724
18.0000 1.4504
19.0000 1.3170
20.0000 1.1322
21.0000 0.9381
22.0000 0.7605
23.0000 0.6132
24.0000 0.5009
25.0000 0.4224
26.0000 0.3730
27.0000 0.3468
28.0000 0.3374
29.0000 0.3391
30.0000 0.3473
31.0000 0.3584
32.0000 0.3699
33.0000 0.3805
34.0000 0.3892
35.0000 0.3958
36.0000 0.4004
37.0000 0.4033
38.0000 0.4049
39.0000 0.4054
40.0000 0.4053
41.0000 0.4048
42.0000 0.4042
43.0000 0.4035
44.0000 0.4029
45.0000 0.4024
46.0000 0.4020
47.0000 0.4017
48.0000 0.4016
49.0000 0.4015
50.0000 0.4015
51.0000 0.4015
52.0000 0.4015
53.0000 0.4015
54.0000 0.4016
55.0000 0.4016
56.0000 0.4017
57.0000 0.4017
58.0000 0.4017
59.0000 0.4017
60.0000 0.4017
61.0000 0.4017
62.0000 0.4017
63.0000 0.4017
64.0000 0.4017
65.0000 0.4017
66.0000 0.4017
67.0000 0.4017
68.0000 0.4017
69.0000 0.4017
70.0000 0.4017
71.0000 0.4017
72.0000 0.4017
73.0000 0.4017
74.0000 0.4017
75.0000 0.4017
76.0000 0.4017
77.0000 0.4017
78.0000 0.4017
79.0000 0.4017
80.0000 0.4017
81.0000 0.4017
82.0000 0.4017
83.0000 0.4017
84.0000 0.4017
85.0000 0.4017
86.0000 0.4017
87.0000 0.4017
88.0000 0.4017
89.0000 0.4017
90.0000 0.4017
91.0000 0.4017
92.0000 0.4017
93.0000 0.4017
94.0000 0.4017
95.0000 0.4017
96.0000 0.4017
97.0000 0.4017
98.0000 0.4017
99.0000 0.4017
100.0000 0.4017
