1.0000 0.0000
2.0000 0.0000
3.0000 0.0000
4.0000 0.0000
5.0000 0.0000
6.0000 0.0000
7.0000 0.0000
8.0000 0.0000
9.0000 0.0000
10.0000 0.0000
11.0000 0.0000
12.0000 0.0000
13.0000 0.0000
14.0000 0.0000
15.0000 0.7984
16.0000 1.2588
17.0000 1.4564
18.0000 1.4671
19.0000 1.3588
20.0000 1.1873
21.0000 0.9943
22.0000 0.8086
23.0000 0.6476
24.0000 0.5196
25.0000 0.4261
26.0000 0.3644
27.0000 0.3296
28.0000 0.3154
29.0000 0.3157
30.0000 0.3251
31.0000 0.3393
32.0000 0.3550
33.0000 0.3699
34.0000 0.3827
35.0000 0.3928
36.0000 0.4001
37.0000 0.4049
38.0000 0.4076
39.0000 0.4086
40.0000 0.4085
41.0000 0.4077
42.0000 0.4065
43.0000 0.4053
44.0000 0.4041
45.0000 0.4031
46.0000 0.4023
47.0000 0.4017
48.0000 0.4014
49.0000 0.4012
50.0000 0.4011
51.0000 0.4011
52.0000 0.4012
53.0000 0.4013
54.0000 0.4014
55.0000 0.4015
56.0000 0.4016
57.0000 0.4017
58.0000 0.4017
59.0000 0.4017
60.0000 0.4017
61.0000 0.4018
62.0000 0.4018
63.0000 0.4017
64.0000 0.4017
65.0000 0.4017
66.0000 0.4017
67.0000 0.4017
68.0000 0.4017
69.0000 0.4017
70.0000 0.4017
71.0000 0.4017
72.0000 0.4017
73.0000 0.4017
74.0000 0.4017
75.0000 0.4017
76.0000 0.4017
77.0000 0.4017
78.0000 0.4017
79.0000 0.4017
80.0000 0.4017
81.0000 0.4017
82.0000 0.4017
83.0000 0.4017
84.0000 0.4017
85.0000 0.4017
86.0000 0.4017
87.0000 0.4017
88.0000 0.4017
89.0000 0.4017
90.0000 0.4017
91.0000 0.4017
92.0000 0.4017
93.0000 0.4017
94.0000 0.4017
95.0000 0.4017
96.0000 0.4017
97.0000 0.4017
98.0000 0.4017
99.0000 0.4017
100.0000 0.4017
