1.0000 0.0000
2.0000 0.0000
3.0000 0.0000
4.0000 0.0000
5.0000 0.0000
6.0000 0.0000
7.0000 0.0000
8.0000 0.0000
9.0000 0.0000
10.0000 0.0000
11.0000 0.0000
12.0000 0.0000
13.0000 0.0000
14.0000 0.0000
15.0000 0.0000
16.0000 0.0000
17.0000 0.0000
18.0000 0.0000
19.0000 0.1064
20.0000 0.2640
21.0000 0.4348
22.0000 0.5952
23.0000 0.7324
24.0000 0.8414
25.0000 0.9223
26.0000 0.9780
27.0000 1.0131
28.0000 1.0323
29.0000 1.0401
30.0000 1.0404
31.0000 1.0363
32.0000 1.0300
33.0000 1.0231
34.0000 1.0166
35.0000 1.0111
36.0000 1.0066
37.0000 1.0033
38.0000 1.0010
39.0000 0.9995
40.0000 0.9987
41.0000 0.9984
42.0000 0.9984
43.0000 0.9985
44.0000 0.9988
45.0000 0.9991
46.0000 0.9993
47.0000 0.9995
48.0000 0.9997
49.0000 0.9999
50.0000 1.0000
51.0000 1.0000
52.0000 1.0000
53.0000 1.0001
54.0000 1.0001
55.0000 1.0001
56.0000 1.0000
57.0000 1.0000
58.0000 1.0000
59.0000 1.0000
60.0000 1.0000
61.0000 1.0000
62.0000 1.0000
63.0000 1.0000
64.0000 1.0000
65.0000 1.0000
66.0000 1.0000
67.0000 1.0000
68.0000 1.0000
69.0000 1.0000
70.0000 1.0000
71.0000 1.0000
72.0000 1.0000
73.0000 1.0000
74.0000 1.0000
75.0000 1.0000
76.0000 1.0000
77.0000 1.0000
78.0000 1.0000
79.0000 1.0000
80.0000 1.0000
81.0000 1.0000
82.0000 1.0000
83.0000 1.0000
84.0000 1.0000
85.0000 1.0000
86.0000 1.0000
87.0000 1.0000
88.0000 1.0000
89.0000 1.0000
90.0000 1.0000
91.0000 1.0000
92.0000 1.0000
93.0000 1.0000
94.0000 1.0000
95.0000 1.0000
96.0000 1.0000
97.0000 1.0000
98.0000 1.0000
99.0000 1.0000
100.0000 1.0000
