1.0000 0.0000
2.0000 0.0000
3.0000 0.0000
4.0000 0.0000
5.0000 0.0000
6.0000 0.0000
7.0000 0.0000
8.0000 0.0000
9.0000 0.0000
10.0000 0.0000
11.0000 0.0000
12.0000 0.0000
13.0000 0.0000
14.0000 0.0000
15.0000 0.0000
16.0000 0.0000
17.0000 0.0000
18.0000 0.0000
19.0000 0.1090
20.0000 0.2741
21.0000 0.4561
22.0000 0.6288
23.0000 0.7770
24.0000 0.8937
25.0000 0.9780
26.0000 1.0330
27.0000 1.0636
28.0000 1.0758
29.0000 1.0751
30.0000 1.0665
31.0000 1.0539
32.0000 1.0402
33.0000 1.0272
34.0000 1.0162
35.0000 1.0075
36.0000 1.0013
37.0000 0.9973
38.0000 0.9951
39.0000 0.9942
40.0000 0.9943
41.0000 0.9950
42.0000 0.9960
43.0000 0.9970
44.0000 0.9980
45.0000 0.9988
46.0000 0.9995
47.0000 0.9999
48.0000 1.0002
49.0000 1.0004
50.0000 1.0004
51.0000 1.0004
52.0000 1.0004
53.0000 1.0003
54.0000 1.0002
55.0000 1.0001
56.0000 1.0001
57.0000 1.0000
58.0000 1.0000
59.0000 1.0000
60.0000 1.0000
61.0000 1.0000
62.0000 1.0000
63.0000 1.0000
64.0000 1.0000
65.0000 1.0000
66.0000 1.0000
67.0000 1.0000
68.0000 1.0000
69.0000 1.0000
70.0000 1.0000
71.0000 1.0000
72.0000 1.0000
73.0000 1.0000
74.0000 1.0000
75.0000 1.0000
76.0000 1.0000
77.0000 1.0000
78.0000 1.0000
79.0000 1.0000
80.0000 1.0000
81.0000 1.0000
82.0000 1.0000
83.0000 1.0000
84.0000 1.0000
85.0000 1.0000
86.0000 1.0000
87.0000 1.0000
88.0000 1.0000
89.0000 1.0000
90.0000 1.0000
91.0000 1.0000
92.0000 1.0000
93.0000 1.0000
94.0000 1.0000
95.0000 1.0000
96.0000 1.0000
97.0000 1.0000
98.0000 1.0000
99.0000 1.0000
100.0000 1.0000
