-1.0000 -1.0000 -4.3825
-1.0000 -0.9000 -4.1932
-1.0000 -0.8000 -4.0038
-1.0000 -0.7000 -3.8145
-1.0000 -0.6000 -3.6252
-1.0000 -0.5000 -3.4359
-1.0000 -0.4000 -3.2465
-1.0000 -0.3000 -3.0572
-1.0000 -0.2000 -2.8679
-1.0000 -0.1000 -2.6786
-1.0000 0.0000 -2.4892
-1.0000 0.1000 -2.2999
-1.0000 0.2000 -2.1106
-1.0000 0.3000 -1.9213
-1.0000 0.4000 -1.7319
-1.0000 0.5000 -1.5426
-1.0000 0.6000 -1.3533
-1.0000 0.7000 -1.1639
-1.0000 0.8000 -0.9746
-1.0000 0.9000 -0.7853
-1.0000 1.0000 -0.5960
-0.9000 -1.0000 -4.1336
-0.9000 -0.9000 -3.9443
-0.9000 -0.8000 -3.7549
-0.9000 -0.7000 -3.5656
-0.9000 -0.6000 -3.3763
-0.9000 -0.5000 -3.1869
-0.9000 -0.4000 -2.9976
-0.9000 -0.3000 -2.8083
-0.9000 -0.2000 -2.6190
-0.9000 -0.1000 -2.4296
-0.9000 0.0000 -2.2403
-0.9000 0.1000 -2.0510
-0.9000 0.2000 -1.8617
-0.9000 0.3000 -1.6723
-0.9000 0.4000 -1.4830
-0.9000 0.5000 -1.2937
-0.9000 0.6000 -1.1043
-0.9000 0.7000 -0.9150
-0.9000 0.8000 -0.7257
-0.9000 0.9000 -0.5364
-0.9000 1.0000 -0.3470
-0.8000 -1.0000 -3.8847
-0.8000 -0.9000 -3.6953
-0.8000 -0.8000 -3.5060
-0.8000 -0.7000 -3.3167
-0.8000 -0.6000 -3.1273
-0.8000 -0.5000 -2.9380
-0.8000 -0.4000 -2.7487
-0.8000 -0.3000 -2.5594
-0.8000 -0.2000 -2.3700
-0.8000 -0.1000 -2.1807
-0.8000 0.0000 -1.9914
-0.8000 0.1000 -1.8021
-0.8000 0.2000 -1.6127
-0.8000 0.3000 -1.4234
-0.8000 0.4000 -1.2341
-0.8000 0.5000 -1.0448
-0.8000 0.6000 -0.8554
-0.8000 0.7000 -0.6661
-0.8000 0.8000 -0.4768
-0.8000 0.9000 -0.2874
-0.8000 1.0000 -0.0981
-0.7000 -1.0000 -3.6357
-0.7000 -0.9000 -3.4464
-0.7000 -0.8000 -3.2571
-0.7000 -0.7000 -3.0678
-0.7000 -0.6000 -2.8784
-0.7000 -0.5000 -2.6891
-0.7000 -0.4000 -2.4998
-0.7000 -0.3000 -2.3104
-0.7000 -0.2000 -2.1211
-0.7000 -0.1000 -1.9318
-0.7000 0.0000 -1.7425
-0.7000 0.1000 -1.5531
-0.7000 0.2000 -1.3638
-0.7000 0.3000 -1.1745
-0.7000 0.4000 -0.9852
-0.7000 0.5000 -0.7958
-0.7000 0.6000 -0.6065
-0.7000 0.7000 -0.4172
-0.7000 0.8000 -0.2278
-0.7000 0.9000 -0.0385
-0.7000 1.0000 0.1508
-0.6000 -1.0000 -3.3868
-0.6000 -0.9000 -3.1975
-0.6000 -0.8000 -3.0082
-0.6000 -0.7000 -2.8188
-0.6000 -0.6000 -2.6295
-0.6000 -0.5000 -2.4402
-0.6000 -0.4000 -2.2508
-0.6000 -0.3000 -2.0615
-0.6000 -0.2000 -1.8722
-0.6000 -0.1000 -1.6829
-0.6000 0.0000 -1.4935
-0.6000 0.1000 -1.3042
-0.6000 0.2000 -1.1149
-0.6000 0.3000 -0.9256
-0.6000 0.4000 -0.7362
-0.6000 0.5000 -0.5469
-0.6000 0.6000 -0.3576
-0.6000 0.7000 -0.1683
-0.6000 0.8000 0.0211
-0.6000 0.9000 0.2104
-0.6000 1.0000 0.3997
-0.5000 -1.0000 -3.1379
-0.5000 -0.9000 -2.9486
-0.5000 -0.8000 -2.7592
-0.5000 -0.7000 -2.5699
-0.5000 -0.6000 -2.3806
-0.5000 -0.5000 -2.1913
-0.5000 -0.4000 -2.0019
-0.5000 -0.3000 -1.8126
-0.5000 -0.2000 -1.6233
-0.5000 -0.1000 -1.4339
-0.5000 0.0000 -1.2446
-0.5000 0.1000 -1.0553
-0.5000 0.2000 -0.8660
-0.5000 0.3000 -0.6766
-0.5000 0.4000 -0.4873
-0.5000 0.5000 -0.2980
-0.5000 0.6000 -0.1087
-0.5000 0.7000 0.0807
-0.5000 0.8000 0.2700
-0.5000 0.9000 0.4593
-0.5000 1.0000 0.6487
-0.4000 -1.0000 -2.8890
-0.4000 -0.9000 -2.6996
-0.4000 -0.8000 -2.5103
-0.4000 -0.7000 -2.3210
-0.4000 -0.6000 -2.1317
-0.4000 -0.5000 -1.9423
-0.4000 -0.4000 -1.7530
-0.4000 -0.3000 -1.5637
-0.4000 -0.2000 -1.3743
-0.4000 -0.1000 -1.1850
-0.4000 0.0000 -0.9957
-0.4000 0.1000 -0.8064
-0.4000 0.2000 -0.6170
-0.4000 0.3000 -0.4277
-0.4000 0.4000 -0.2384
-0.4000 0.5000 -0.0491
-0.4000 0.6000 0.1403
-0.4000 0.7000 0.3296
-0.4000 0.8000 0.5189
-0.4000 0.9000 0.7082
-0.4000 1.0000 0.8976
-0.3000 -1.0000 -2.6400
-0.3000 -0.9000 -2.4507
-0.3000 -0.8000 -2.2614
-0.3000 -0.7000 -2.0721
-0.3000 -0.6000 -1.8827
-0.3000 -0.5000 -1.6934
-0.3000 -0.4000 -1.5041
-0.3000 -0.3000 -1.3148
-0.3000 -0.2000 -1.1254
-0.3000 -0.1000 -0.9361
-0.3000 0.0000 -0.7468
-0.3000 0.1000 -0.5574
-0.3000 0.2000 -0.3681
-0.3000 0.3000 -0.1788
-0.3000 0.4000 0.0105
-0.3000 0.5000 0.1999
-0.3000 0.6000 0.3892
-0.3000 0.7000 0.5785
-0.3000 0.8000 0.7678
-0.3000 0.9000 0.9572
-0.3000 1.0000 1.1465
-0.2000 -1.0000 -2.3911
-0.2000 -0.9000 -2.2018
-0.2000 -0.8000 -2.0125
-0.2000 -0.7000 -1.8231
-0.2000 -0.6000 -1.6338
-0.2000 -0.5000 -1.4445
-0.2000 -0.4000 -1.2552
-0.2000 -0.3000 -1.0658
-0.2000 -0.2000 -0.8765
-0.2000 -0.1000 -0.6872
-0.2000 0.0000 -0.4978
-0.2000 0.1000 -0.3085
-0.2000 0.2000 -0.1192
-0.2000 0.3000 0.0701
-0.2000 0.4000 0.2595
-0.2000 0.5000 0.4488
-0.2000 0.6000 0.6381
-0.2000 0.7000 0.8274
-0.2000 0.8000 1.0168
-0.2000 0.9000 1.2061
-0.2000 1.0000 1.3954
-0.1000 -1.0000 -2.1422
-0.1000 -0.9000 -1.9529
-0.1000 -0.8000 -1.7635
-0.1000 -0.7000 -1.5742
-0.1000 -0.6000 -1.3849
-0.1000 -0.5000 -1.1956
-0.1000 -0.4000 -1.0062
-0.1000 -0.3000 -0.8169
-0.1000 -0.2000 -0.6276
-0.1000 -0.1000 -0.4383
-0.1000 0.0000 -0.2489
-0.1000 0.1000 -0.0596
-0.1000 0.2000 0.1297
-0.1000 0.3000 0.3191
-0.1000 0.4000 0.5084
-0.1000 0.5000 0.6977
-0.1000 0.6000 0.8870
-0.1000 0.7000 1.0764
-0.1000 0.8000 1.2657
-0.1000 0.9000 1.4550
-0.1000 1.0000 1.6443
0.0000 -1.0000 -1.8933
0.0000 -0.9000 -1.7039
0.0000 -0.8000 -1.5146
0.0000 -0.7000 -1.3253
0.0000 -0.6000 -1.1360
0.0000 -0.5000 -0.9466
0.0000 -0.4000 -0.7573
0.0000 -0.3000 -0.5680
0.0000 -0.2000 -0.3787
0.0000 -0.1000 -0.1893
0.0000 0.0000 0.0000
0.0000 0.1000 0.1893
0.0000 0.2000 0.3787
0.0000 0.3000 0.5680
0.0000 0.4000 0.7573
0.0000 0.5000 0.9466
0.0000 0.6000 1.1360
0.0000 0.7000 1.3253
0.0000 0.8000 1.5146
0.0000 0.9000 1.7039
0.0000 1.0000 1.8933
0.1000 -1.0000 -1.6443
0.1000 -0.9000 -1.4550
0.1000 -0.8000 -1.2657
0.1000 -0.7000 -1.0764
0.1000 -0.6000 -0.8870
0.1000 -0.5000 -0.6977
0.1000 -0.4000 -0.5084
0.1000 -0.3000 -0.3191
0.1000 -0.2000 -0.1297
0.1000 -0.1000 0.0596
0.1000 0.0000 0.2489
0.1000 0.1000 0.4383
0.1000 0.2000 0.6276
0.1000 0.3000 0.8169
0.1000 0.4000 1.0062
0.1000 0.5000 1.1956
0.1000 0.6000 1.3849
0.1000 0.7000 1.5742
0.1000 0.8000 1.7635
0.1000 0.9000 1.9529
0.1000 1.0000 2.1422
0.2000 -1.0000 -1.3954
0.2000 -0.9000 -1.2061
0.2000 -0.8000 -1.0168
0.2000 -0.7000 -0.8274
0.2000 -0.6000 -0.6381
0.2000 -0.5000 -0.4488
0.2000 -0.4000 -0.2595
0.2000 -0.3000 -0.0701
0.2000 -0.2000 0.1192
0.2000 -0.1000 0.3085
0.2000 0.0000 0.4978
0.2000 0.1000 0.6872
0.2000 0.2000 0.8765
0.2000 0.3000 1.0658
0.2000 0.4000 1.2552
0.2000 0.5000 1.4445
0.2000 0.6000 1.6338
0.2000 0.7000 1.8231
0.2000 0.8000 2.0125
0.2000 0.9000 2.2018
0.2000 1.0000 2.3911
0.3000 -1.0000 -1.1465
0.3000 -0.9000 -0.9572
0.3000 -0.8000 -0.7678
0.3000 -0.7000 -0.5785
0.3000 -0.6000 -0.3892
0.3000 -0.5000 -0.1999
0.3000 -0.4000 -0.0105
0.3000 -0.3000 0.1788
0.3000 -0.2000 0.3681
0.3000 -0.1000 0.5574
0.3000 0.0000 0.7468
0.3000 0.1000 0.9361
0.3000 0.2000 1.1254
0.3000 0.3000 1.3148
0.3000 0.4000 1.5041
0.3000 0.5000 1.6934
0.3000 0.6000 1.8827
0.3000 0.7000 2.0721
0.3000 0.8000 2.2614
0.3000 0.9000 2.4507
0.3000 1.0000 2.6400
0.4000 -1.0000 -0.8976
0.4000 -0.9000 -0.7082
0.4000 -0.8000 -0.5189
0.4000 -0.7000 -0.3296
0.4000 -0.6000 -0.1403
0.4000 -0.5000 0.0491
0.4000 -0.4000 0.2384
0.4000 -0.3000 0.4277
0.4000 -0.2000 0.6170
0.4000 -0.1000 0.8064
0.4000 0.0000 0.9957
0.4000 0.1000 1.1850
0.4000 0.2000 1.3743
0.4000 0.3000 1.5637
0.4000 0.4000 1.7530
0.4000 0.5000 1.9423
0.4000 0.6000 2.1317
0.4000 0.7000 2.3210
0.4000 0.8000 2.5103
0.4000 0.9000 2.6996
0.4000 1.0000 2.8890
0.5000 -1.0000 -0.6487
0.5000 -0.9000 -0.4593
0.5000 -0.8000 -0.2700
0.5000 -0.7000 -0.0807
0.5000 -0.6000 0.1087
0.5000 -0.5000 0.2980
0.5000 -0.4000 0.4873
0.5000 -0.3000 0.6766
0.5000 -0.2000 0.8660
0.5000 -0.1000 1.0553
0.5000 0.0000 1.2446
0.5000 0.1000 1.4339
0.5000 0.2000 1.6233
0.5000 0.3000 1.8126
0.5000 0.4000 2.0019
0.5000 0.5000 2.1913
0.5000 0.6000 2.3806
0.5000 0.7000 2.5699
0.5000 0.8000 2.7592
0.5000 0.9000 2.9486
0.5000 1.0000 3.1379
0.6000 -1.0000 -0.3997
0.6000 -0.9000 -0.2104
0.6000 -0.8000 -0.0211
0.6000 -0.7000 0.1683
0.6000 -0.6000 0.3576
0.6000 -0.5000 0.5469
0.6000 -0.4000 0.7362
0.6000 -0.3000 0.9256
0.6000 -0.2000 1.1149
0.6000 -0.1000 1.3042
0.6000 0.0000 1.4935
0.6000 0.1000 1.6829
0.6000 0.2000 1.8722
0.6000 0.3000 2.0615
0.6000 0.4000 2.2508
0.6000 0.5000 2.4402
0.6000 0.6000 2.6295
0.6000 0.7000 2.8188
0.6000 0.8000 3.0082
0.6000 0.9000 3.1975
0.6000 1.0000 3.3868
0.7000 -1.0000 -0.1508
0.7000 -0.9000 0.0385
0.7000 -0.8000 0.2278
0.7000 -0.7000 0.4172
0.7000 -0.6000 0.6065
0.7000 -0.5000 0.7958
0.7000 -0.4000 0.9852
0.7000 -0.3000 1.1745
0.7000 -0.2000 1.3638
0.7000 -0.1000 1.5531
0.7000 0.0000 1.7425
0.7000 0.1000 1.9318
0.7000 0.2000 2.1211
0.7000 0.3000 2.3104
0.7000 0.4000 2.4998
0.7000 0.5000 2.6891
0.7000 0.6000 2.8784
0.7000 0.7000 3.0678
0.7000 0.8000 3.2571
0.7000 0.9000 3.4464
0.7000 1.0000 3.6357
0.8000 -1.0000 0.0981
0.8000 -0.9000 0.2874
0.8000 -0.8000 0.4768
0.8000 -0.7000 0.6661
0.8000 -0.6000 0.8554
0.8000 -0.5000 1.0448
0.8000 -0.4000 1.2341
0.8000 -0.3000 1.4234
0.8000 -0.2000 1.6127
0.8000 -0.1000 1.8021
0.8000 0.0000 1.9914
0.8000 0.1000 2.1807
0.8000 0.2000 2.3700
0.8000 0.3000 2.5594
0.8000 0.4000 2.7487
0.8000 0.5000 2.9380
0.8000 0.6000 3.1273
0.8000 0.7000 3.3167
0.8000 0.8000 3.5060
0.8000 0.9000 3.6953
0.8000 1.0000 3.8847
0.9000 -1.0000 0.3470
0.9000 -0.9000 0.5364
0.9000 -0.8000 0.7257
0.9000 -0.7000 0.9150
0.9000 -0.6000 1.1043
0.9000 -0.5000 1.2937
0.9000 -0.4000 1.4830
0.9000 -0.3000 1.6723
0.9000 -0.2000 1.8617
0.9000 -0.1000 2.0510
0.9000 0.0000 2.2403
0.9000 0.1000 2.4296
0.9000 0.2000 2.6190
0.9000 0.3000 2.8083
0.9000 0.4000 2.9976
0.9000 0.5000 3.1869
0.9000 0.6000 3.3763
0.9000 0.7000 3.5656
0.9000 0.8000 3.7549
0.9000 0.9000 3.9443
0.9000 1.0000 4.1336
1.0000 -1.0000 0.5960
1.0000 -0.9000 0.7853
1.0000 -0.8000 0.9746
1.0000 -0.7000 1.1639
1.0000 -0.6000 1.3533
1.0000 -0.5000 1.5426
1.0000 -0.4000 1.7319
1.0000 -0.3000 1.9213
1.0000 -0.2000 2.1106
1.0000 -0.1000 2.2999
1.0000 0.0000 2.4892
1.0000 0.1000 2.6786
1.0000 0.2000 2.8679
1.0000 0.3000 3.0572
1.0000 0.4000 3.2465
1.0000 0.5000 3.4359
1.0000 0.6000 3.6252
1.0000 0.7000 3.8145
1.0000 0.8000 4.0038
1.0000 0.9000 4.1932
1.0000 1.0000 4.3825
