1.0000 0.0000
2.0000 0.0000
3.0000 0.0000
4.0000 0.0000
5.0000 0.0152
6.0000 0.0430
7.0000 0.0812
8.0000 0.1280
9.0000 0.1817
10.0000 0.2408
11.0000 0.3041
12.0000 0.3706
13.0000 0.4394
14.0000 0.5096
15.0000 0.5806
16.0000 0.6519
17.0000 0.7229
18.0000 0.7934
19.0000 0.8628
20.0000 0.9311
21.0000 0.9979
22.0000 1.0631
23.0000 1.1265
24.0000 1.1880
25.0000 1.2477
26.0000 1.3053
27.0000 1.3609
28.0000 1.4145
29.0000 1.4660
30.0000 1.5155
31.0000 1.5630
32.0000 1.6086
33.0000 1.6522
34.0000 1.6939
35.0000 1.7338
36.0000 1.7719
37.0000 1.8082
38.0000 1.8429
39.0000 1.8760
40.0000 1.9075
41.0000 1.9375
42.0000 1.9660
43.0000 1.9932
44.0000 2.0190
45.0000 2.0436
46.0000 2.0669
47.0000 2.0891
48.0000 2.1102
49.0000 2.1301
50.0000 2.1491
51.0000 2.1671
52.0000 2.1842
53.0000 2.2004
54.0000 2.2158
55.0000 2.2304
56.0000 2.2442
57.0000 2.2573
58.0000 2.2697
59.0000 2.2814
60.0000 2.2926
61.0000 2.3031
62.0000 2.3131
63.0000 2.3226
64.0000 2.3316
65.0000 2.3401
66.0000 2.3481
67.0000 2.3557
68.0000 2.3629
69.0000 2.3697
70.0000 2.3762
71.0000 2.3823
72.0000 2.3881
73.0000 2.3936
74.0000 2.3988
75.0000 2.4037
76.0000 2.4083
77.0000 2.4127
78.0000 2.4168
79.0000 2.4208
80.0000 2.4245
81.0000 2.4280
82.0000 2.4313
83.0000 2.4345
84.0000 2.4374
85.0000 2.4403
86.0000 2.4429
87.0000 2.4454
88.0000 2.4478
89.0000 2.4501
90.0000 2.4522
91.0000 2.4542
92.0000 2.4561
93.0000 2.4579
94.0000 2.4596
95.0000 2.4613
96.0000 2.4628
97.0000 2.4642
98.0000 2.4656
99.0000 2.4669
100.0000 2.4681
101.0000 2.4693
102.0000 2.4703
103.0000 2.4714
104.0000 2.4724
105.0000 2.4733
106.0000 2.4742
107.0000 2.4750
108.0000 2.4758
109.0000 2.4765
110.0000 2.4772
111.0000 2.4779
112.0000 2.4785
113.0000 2.4791
114.0000 2.4796
115.0000 2.4802
116.0000 2.4807
117.0000 2.4811
118.0000 2.4816
119.0000 2.4820
120.0000 2.4824
121.0000 2.4828
122.0000 2.4831
123.0000 2.4835
124.0000 2.4838
125.0000 2.4841
126.0000 2.4844
127.0000 2.4846
128.0000 2.4849
129.0000 2.4851
130.0000 2.4854
131.0000 2.4856
132.0000 2.4858
133.0000 2.4860
134.0000 2.4862
135.0000 2.4863
136.0000 2.4865
137.0000 2.4866
138.0000 2.4868
139.0000 2.4869
140.0000 2.4871
141.0000 2.4872
142.0000 2.4873
143.0000 2.4874
144.0000 2.4875
145.0000 2.4876
146.0000 2.4877
147.0000 2.4878
148.0000 2.4879
149.0000 2.4880
150.0000 2.4880
151.0000 2.4881
152.0000 2.4882
153.0000 2.4882
154.0000 2.4883
155.0000 2.4883
156.0000 2.4884
157.0000 2.4885
158.0000 2.4885
159.0000 2.4885
160.0000 2.4886
161.0000 2.4886
162.0000 2.4887
163.0000 2.4887
164.0000 2.4887
165.0000 2.4888
166.0000 2.4888
167.0000 2.4888
168.0000 2.4889
169.0000 2.4889
170.0000 2.4889
171.0000 2.4889
172.0000 2.4889
173.0000 2.4890
174.0000 2.4890
175.0000 2.4890
176.0000 2.4890
177.0000 2.4890
178.0000 2.4891
179.0000 2.4891
180.0000 2.4891
181.0000 2.4891
182.0000 2.4891
183.0000 2.4891
184.0000 2.4891
185.0000 2.4891
186.0000 2.4892
187.0000 2.4892
188.0000 2.4892
189.0000 2.4892
190.0000 2.4892
191.0000 2.4892
192.0000 2.4892
193.0000 2.4892
194.0000 2.4892
195.0000 2.4892
196.0000 2.4892
197.0000 2.4892
198.0000 2.4892
199.0000 2.4892
200.0000 2.4892
