1.0000 0.0000
2.0000 0.0000
3.0000 0.0000
4.0000 0.0000
5.0000 0.0000
6.0000 0.0000
7.0000 0.0000
8.0000 0.0000
9.0000 0.0000
10.0000 0.0000
11.0000 0.0000
12.0000 0.0000
13.0000 0.0000
14.0000 0.0000
15.0000 -0.0500
16.0000 -0.0500
17.0000 -0.0500
18.0000 -0.0500
19.0000 -0.0500
20.0000 -0.0500
21.0000 -0.0500
22.0000 -0.0500
23.0000 -0.0500
24.0000 -0.0500
25.0000 -0.0500
26.0000 -0.0500
27.0000 -0.0500
28.0000 -0.0500
29.0000 -0.0500
30.0000 -0.0500
31.0000 -0.0500
32.0000 -0.0500
33.0000 -0.0500
34.0000 -0.0500
35.0000 -0.0500
36.0000 -0.0500
37.0000 -0.0500
38.0000 -0.0500
39.0000 -0.0500
40.0000 -0.0500
41.0000 -0.0500
42.0000 -0.0500
43.0000 -0.0500
44.0000 -0.0500
45.0000 -0.0500
46.0000 -0.0500
47.0000 -0.0500
48.0000 -0.0500
49.0000 -0.0500
50.0000 -0.0500
51.0000 -0.0500
52.0000 -0.0500
53.0000 -0.0500
54.0000 -0.0500
55.0000 -0.0500
56.0000 -0.0500
57.0000 -0.0500
58.0000 -0.0500
59.0000 -0.0500
60.0000 -0.0500
61.0000 -0.0500
62.0000 -0.0500
63.0000 -0.0500
64.0000 -0.0500
65.0000 -0.0500
66.0000 -0.0500
67.0000 -0.0500
68.0000 -0.0500
69.0000 -0.0500
70.0000 -0.0500
71.0000 -0.0500
72.0000 -0.0500
73.0000 -0.0500
74.0000 -0.0500
75.0000 -0.0500
76.0000 -0.0500
77.0000 -0.0500
78.0000 -0.0500
79.0000 -0.0500
80.0000 -0.0500
81.0000 -0.0500
82.0000 -0.0500
83.0000 -0.0500
84.0000 -0.0500
85.0000 -0.0500
86.0000 -0.0500
87.0000 -0.0500
88.0000 -0.0500
89.0000 -0.0500
90.0000 -0.0500
91.0000 -0.0500
92.0000 -0.0500
93.0000 -0.0500
94.0000 -0.0500
95.0000 -0.0500
96.0000 -0.0500
97.0000 -0.0500
98.0000 -0.0500
99.0000 -0.0500
100.0000 -0.0500
101.0000 -0.0500
102.0000 -0.0500
103.0000 -0.0500
104.0000 -0.0500
105.0000 -0.0500
106.0000 -0.0500
107.0000 -0.0500
108.0000 -0.0500
109.0000 -0.0500
110.0000 -0.0500
111.0000 -0.0500
112.0000 -0.0500
113.0000 -0.0500
114.0000 -0.0500
115.0000 -0.0500
116.0000 -0.0500
117.0000 -0.0500
118.0000 -0.0500
119.0000 -0.0500
120.0000 -0.0500
121.0000 -0.0500
122.0000 -0.0500
123.0000 -0.0500
124.0000 -0.0500
125.0000 -0.0500
126.0000 -0.0500
127.0000 -0.0500
128.0000 -0.0500
129.0000 -0.0500
130.0000 -0.0500
131.0000 -0.0500
132.0000 -0.0500
133.0000 -0.0500
134.0000 -0.0500
135.0000 -0.0500
136.0000 -0.0500
137.0000 -0.0500
138.0000 -0.0500
139.0000 -0.0500
140.0000 -0.0500
141.0000 -0.0500
142.0000 -0.0500
143.0000 -0.0500
144.0000 -0.0500
145.0000 -0.0500
146.0000 -0.0500
147.0000 -0.0500
148.0000 -0.0500
149.0000 -0.0500
150.0000 -0.0500
151.0000 -0.0500
152.0000 -0.0500
153.0000 -0.0500
154.0000 -0.0500
155.0000 -0.0500
156.0000 -0.0500
157.0000 -0.0500
158.0000 -0.0500
159.0000 -0.0500
160.0000 -0.0500
161.0000 -0.0500
162.0000 -0.0500
163.0000 -0.0500
164.0000 -0.0500
165.0000 -0.0500
166.0000 -0.0500
167.0000 -0.0500
168.0000 -0.0500
169.0000 -0.0500
170.0000 -0.0500
171.0000 -0.0500
172.0000 -0.0500
173.0000 -0.0500
174.0000 -0.0500
175.0000 -0.0500
176.0000 -0.0500
177.0000 -0.0500
178.0000 -0.0500
179.0000 -0.0500
180.0000 -0.0500
181.0000 -0.0500
182.0000 -0.0500
183.0000 -0.0500
184.0000 -0.0500
185.0000 -0.0500
186.0000 -0.0500
187.0000 -0.0500
188.0000 -0.0500
189.0000 -0.0500
190.0000 -0.0500
191.0000 -0.0500
192.0000 -0.0500
193.0000 -0.0500
194.0000 -0.0500
195.0000 -0.0500
196.0000 -0.0500
197.0000 -0.0500
198.0000 -0.0500
199.0000 -0.0500
200.0000 -0.0500
