1.0000 0.0000
2.0000 0.0000
3.0000 0.0000
4.0000 0.0000
5.0000 0.0000
6.0000 0.0000
7.0000 0.0000
8.0000 0.0000
9.0000 0.0000
10.0000 0.0000
11.0000 0.0000
12.0000 0.0000
13.0000 0.0000
14.0000 0.0000
15.0000 0.0000
16.0000 -0.0107
17.0000 -0.0201
18.0000 -0.0285
19.0000 -0.0360
20.0000 -0.0426
21.0000 -0.0485
22.0000 -0.0537
23.0000 -0.0583
24.0000 -0.0624
25.0000 -0.0661
26.0000 -0.0693
27.0000 -0.0722
28.0000 -0.0748
29.0000 -0.0770
30.0000 -0.0790
31.0000 -0.0808
32.0000 -0.0824
33.0000 -0.0838
34.0000 -0.0850
35.0000 -0.0861
36.0000 -0.0871
37.0000 -0.0880
38.0000 -0.0888
39.0000 -0.0894
40.0000 -0.0900
41.0000 -0.0906
42.0000 -0.0910
43.0000 -0.0915
44.0000 -0.0918
45.0000 -0.0922
46.0000 -0.0925
47.0000 -0.0927
48.0000 -0.0930
49.0000 -0.0932
50.0000 -0.0933
51.0000 -0.0935
52.0000 -0.0936
53.0000 -0.0938
54.0000 -0.0939
55.0000 -0.0940
56.0000 -0.0941
57.0000 -0.0941
58.0000 -0.0942
59.0000 -0.0943
60.0000 -0.0943
61.0000 -0.0944
62.0000 -0.0944
63.0000 -0.0944
64.0000 -0.0945
65.0000 -0.0945
66.0000 -0.0945
67.0000 -0.0945
68.0000 -0.0946
69.0000 -0.0946
70.0000 -0.0946
71.0000 -0.0946
72.0000 -0.0946
73.0000 -0.0946
74.0000 -0.0946
75.0000 -0.0946
76.0000 -0.0946
77.0000 -0.0946
78.0000 -0.0946
79.0000 -0.0947
80.0000 -0.0947
81.0000 -0.0947
82.0000 -0.0947
83.0000 -0.0947
84.0000 -0.0947
85.0000 -0.0947
86.0000 -0.0947
87.0000 -0.0947
88.0000 -0.0947
89.0000 -0.0947
90.0000 -0.0947
91.0000 -0.0947
92.0000 -0.0947
93.0000 -0.0947
94.0000 -0.0947
95.0000 -0.0947
96.0000 -0.0947
97.0000 -0.0947
98.0000 -0.0947
99.0000 -0.0947
100.0000 -0.0947
101.0000 -0.0947
102.0000 -0.0947
103.0000 -0.0947
104.0000 -0.0947
105.0000 -0.0947
106.0000 -0.0947
107.0000 -0.0947
108.0000 -0.0947
109.0000 -0.0947
110.0000 -0.0947
111.0000 -0.0947
112.0000 -0.0947
113.0000 -0.0947
114.0000 -0.0947
115.0000 -0.0947
116.0000 -0.0947
117.0000 -0.0947
118.0000 -0.0947
119.0000 -0.0947
120.0000 -0.0947
121.0000 -0.0947
122.0000 -0.0947
123.0000 -0.0947
124.0000 -0.0947
125.0000 -0.0947
126.0000 -0.0947
127.0000 -0.0947
128.0000 -0.0947
129.0000 -0.0947
130.0000 -0.0947
131.0000 -0.0947
132.0000 -0.0947
133.0000 -0.0947
134.0000 -0.0947
135.0000 -0.0947
136.0000 -0.0947
137.0000 -0.0947
138.0000 -0.0947
139.0000 -0.0947
140.0000 -0.0947
141.0000 -0.0947
142.0000 -0.0947
143.0000 -0.0947
144.0000 -0.0947
145.0000 -0.0947
146.0000 -0.0947
147.0000 -0.0947
148.0000 -0.0947
149.0000 -0.0947
150.0000 -0.0947
151.0000 -0.0947
152.0000 -0.0947
153.0000 -0.0947
154.0000 -0.0947
155.0000 -0.0947
156.0000 -0.0947
157.0000 -0.0947
158.0000 -0.0947
159.0000 -0.0947
160.0000 -0.0947
161.0000 -0.0947
162.0000 -0.0947
163.0000 -0.0947
164.0000 -0.0947
165.0000 -0.0947
166.0000 -0.0947
167.0000 -0.0947
168.0000 -0.0947
169.0000 -0.0947
170.0000 -0.0947
171.0000 -0.0947
172.0000 -0.0947
173.0000 -0.0947
174.0000 -0.0947
175.0000 -0.0947
176.0000 -0.0947
177.0000 -0.0947
178.0000 -0.0947
179.0000 -0.0947
180.0000 -0.0947
181.0000 -0.0947
182.0000 -0.0947
183.0000 -0.0947
184.0000 -0.0947
185.0000 -0.0947
186.0000 -0.0947
187.0000 -0.0947
188.0000 -0.0947
189.0000 -0.0947
190.0000 -0.0947
191.0000 -0.0947
192.0000 -0.0947
193.0000 -0.0947
194.0000 -0.0947
195.0000 -0.0947
196.0000 -0.0947
197.0000 -0.0947
198.0000 -0.0947
199.0000 -0.0947
200.0000 -0.0947
