1.0000 0.0000
2.0000 0.0000
3.0000 0.0000
4.0000 0.0000
5.0000 0.0000
6.0000 0.0000
7.0000 0.0000
8.0000 0.0000
9.0000 0.0000
10.0000 0.0000
11.0000 0.0000
12.0000 0.0000
13.0000 0.0000
14.0000 0.0000
15.0000 0.0000
16.0000 0.0000
17.0000 0.0000
18.0000 0.0000
19.0000 -0.0135
20.0000 -0.0263
21.0000 -0.0384
22.0000 -0.0498
23.0000 -0.0606
24.0000 -0.0709
25.0000 -0.0805
26.0000 -0.0897
27.0000 -0.0983
28.0000 -0.1065
29.0000 -0.1143
30.0000 -0.1216
31.0000 -0.1285
32.0000 -0.1350
33.0000 -0.1412
34.0000 -0.1471
35.0000 -0.1526
36.0000 -0.1579
37.0000 -0.1628
38.0000 -0.1675
39.0000 -0.1719
40.0000 -0.1761
41.0000 -0.1801
42.0000 -0.1838
43.0000 -0.1874
44.0000 -0.1907
45.0000 -0.1939
46.0000 -0.1969
47.0000 -0.1997
48.0000 -0.2024
49.0000 -0.2049
50.0000 -0.2073
51.0000 -0.2096
52.0000 -0.2117
53.0000 -0.2138
54.0000 -0.2157
55.0000 -0.2175
56.0000 -0.2192
57.0000 -0.2208
58.0000 -0.2223
59.0000 -0.2238
60.0000 -0.2252
61.0000 -0.2265
62.0000 -0.2277
63.0000 -0.2288
64.0000 -0.2299
65.0000 -0.2310
66.0000 -0.2319
67.0000 -0.2329
68.0000 -0.2337
69.0000 -0.2346
70.0000 -0.2353
71.0000 -0.2361
72.0000 -0.2368
73.0000 -0.2374
74.0000 -0.2381
75.0000 -0.2387
76.0000 -0.2392
77.0000 -0.2398
78.0000 -0.2403
79.0000 -0.2407
80.0000 -0.2412
81.0000 -0.2416
82.0000 -0.2420
83.0000 -0.2424
84.0000 -0.2427
85.0000 -0.2431
86.0000 -0.2434
87.0000 -0.2437
88.0000 -0.2440
89.0000 -0.2442
90.0000 -0.2445
91.0000 -0.2447
92.0000 -0.2450
93.0000 -0.2452
94.0000 -0.2454
95.0000 -0.2456
96.0000 -0.2458
97.0000 -0.2459
98.0000 -0.2461
99.0000 -0.2463
100.0000 -0.2464
101.0000 -0.2465
102.0000 -0.2467
103.0000 -0.2468
104.0000 -0.2469
105.0000 -0.2470
106.0000 -0.2471
107.0000 -0.2472
108.0000 -0.2473
109.0000 -0.2474
110.0000 -0.2475
111.0000 -0.2476
112.0000 -0.2476
113.0000 -0.2477
114.0000 -0.2478
115.0000 -0.2478
116.0000 -0.2479
117.0000 -0.2480
118.0000 -0.2480
119.0000 -0.2481
120.0000 -0.2481
121.0000 -0.2482
122.0000 -0.2482
123.0000 -0.2482
124.0000 -0.2483
125.0000 -0.2483
126.0000 -0.2483
127.0000 -0.2484
128.0000 -0.2484
129.0000 -0.2484
130.0000 -0.2485
131.0000 -0.2485
132.0000 -0.2485
133.0000 -0.2485
134.0000 -0.2486
135.0000 -0.2486
136.0000 -0.2486
137.0000 -0.2486
138.0000 -0.2486
139.0000 -0.2486
140.0000 -0.2487
141.0000 -0.2487
142.0000 -0.2487
143.0000 -0.2487
144.0000 -0.2487
145.0000 -0.2487
146.0000 -0.2487
147.0000 -0.2488
148.0000 -0.2488
149.0000 -0.2488
150.0000 -0.2488
151.0000 -0.2488
152.0000 -0.2488
153.0000 -0.2488
154.0000 -0.2488
155.0000 -0.2488
156.0000 -0.2488
157.0000 -0.2488
158.0000 -0.2488
159.0000 -0.2488
160.0000 -0.2488
161.0000 -0.2488
162.0000 -0.2489
163.0000 -0.2489
164.0000 -0.2489
165.0000 -0.2489
166.0000 -0.2489
167.0000 -0.2489
168.0000 -0.2489
169.0000 -0.2489
170.0000 -0.2489
171.0000 -0.2489
172.0000 -0.2489
173.0000 -0.2489
174.0000 -0.2489
175.0000 -0.2489
176.0000 -0.2489
177.0000 -0.2489
178.0000 -0.2489
179.0000 -0.2489
180.0000 -0.2489
181.0000 -0.2489
182.0000 -0.2489
183.0000 -0.2489
184.0000 -0.2489
185.0000 -0.2489
186.0000 -0.2489
187.0000 -0.2489
188.0000 -0.2489
189.0000 -0.2489
190.0000 -0.2489
191.0000 -0.2489
192.0000 -0.2489
193.0000 -0.2489
194.0000 -0.2489
195.0000 -0.2489
196.0000 -0.2489
197.0000 -0.2489
198.0000 -0.2489
199.0000 -0.2489
200.0000 -0.2489
