1.0000 0.0000
2.0000 0.0000
3.0000 0.0000
4.0000 0.0000
5.0000 0.0000
6.0000 0.0000
7.0000 0.0000
8.0000 0.0000
9.0000 0.0000
10.0000 0.0000
11.0000 0.0000
12.0000 0.0000
13.0000 0.0000
14.0000 0.0000
15.0000 0.0000
16.0000 0.0320
17.0000 0.0604
18.0000 0.0856
19.0000 0.1080
20.0000 0.1278
21.0000 0.1455
22.0000 0.1611
23.0000 0.1750
24.0000 0.1873
25.0000 0.1983
26.0000 0.2080
27.0000 0.2166
28.0000 0.2243
29.0000 0.2311
30.0000 0.2371
31.0000 0.2424
32.0000 0.2472
33.0000 0.2514
34.0000 0.2551
35.0000 0.2584
36.0000 0.2613
37.0000 0.2639
38.0000 0.2663
39.0000 0.2683
40.0000 0.2701
41.0000 0.2717
42.0000 0.2731
43.0000 0.2744
44.0000 0.2755
45.0000 0.2765
46.0000 0.2774
47.0000 0.2782
48.0000 0.2789
49.0000 0.2795
50.0000 0.2800
51.0000 0.2805
52.0000 0.2809
53.0000 0.2813
54.0000 0.2816
55.0000 0.2819
56.0000 0.2822
57.0000 0.2824
58.0000 0.2826
59.0000 0.2828
60.0000 0.2829
61.0000 0.2831
62.0000 0.2832
63.0000 0.2833
64.0000 0.2834
65.0000 0.2835
66.0000 0.2835
67.0000 0.2836
68.0000 0.2837
69.0000 0.2837
70.0000 0.2837
71.0000 0.2838
72.0000 0.2838
73.0000 0.2838
74.0000 0.2839
75.0000 0.2839
76.0000 0.2839
77.0000 0.2839
78.0000 0.2839
79.0000 0.2840
80.0000 0.2840
81.0000 0.2840
82.0000 0.2840
83.0000 0.2840
84.0000 0.2840
85.0000 0.2840
86.0000 0.2840
87.0000 0.2840
88.0000 0.2840
89.0000 0.2840
90.0000 0.2840
91.0000 0.2840
92.0000 0.2840
93.0000 0.2840
94.0000 0.2840
95.0000 0.2840
96.0000 0.2840
97.0000 0.2840
98.0000 0.2840
99.0000 0.2840
100.0000 0.2840
101.0000 0.2840
102.0000 0.2840
103.0000 0.2840
104.0000 0.2840
105.0000 0.2840
106.0000 0.2840
107.0000 0.2840
108.0000 0.2840
109.0000 0.2840
110.0000 0.2840
111.0000 0.2840
112.0000 0.2840
113.0000 0.2840
114.0000 0.2840
115.0000 0.2840
116.0000 0.2840
117.0000 0.2840
118.0000 0.2840
119.0000 0.2840
120.0000 0.2840
121.0000 0.2840
122.0000 0.2840
123.0000 0.2840
124.0000 0.2840
125.0000 0.2840
126.0000 0.2840
127.0000 0.2840
128.0000 0.2840
129.0000 0.2840
130.0000 0.2840
131.0000 0.2840
132.0000 0.2840
133.0000 0.2840
134.0000 0.2840
135.0000 0.2840
136.0000 0.2840
137.0000 0.2840
138.0000 0.2840
139.0000 0.2840
140.0000 0.2840
141.0000 0.2840
142.0000 0.2840
143.0000 0.2840
144.0000 0.2840
145.0000 0.2840
146.0000 0.2840
147.0000 0.2840
148.0000 0.2840
149.0000 0.2840
150.0000 0.2840
151.0000 0.2840
152.0000 0.2840
153.0000 0.2840
154.0000 0.2840
155.0000 0.2840
156.0000 0.2840
157.0000 0.2840
158.0000 0.2840
159.0000 0.2840
160.0000 0.2840
161.0000 0.2840
162.0000 0.2840
163.0000 0.2840
164.0000 0.2840
165.0000 0.2840
166.0000 0.2840
167.0000 0.2840
168.0000 0.2840
169.0000 0.2840
170.0000 0.2840
171.0000 0.2840
172.0000 0.2840
173.0000 0.2840
174.0000 0.2840
175.0000 0.2840
176.0000 0.2840
177.0000 0.2840
178.0000 0.2840
179.0000 0.2840
180.0000 0.2840
181.0000 0.2840
182.0000 0.2840
183.0000 0.2840
184.0000 0.2840
185.0000 0.2840
186.0000 0.2840
187.0000 0.2840
188.0000 0.2840
189.0000 0.2840
190.0000 0.2840
191.0000 0.2840
192.0000 0.2840
193.0000 0.2840
194.0000 0.2840
195.0000 0.2840
196.0000 0.2840
197.0000 0.2840
198.0000 0.2840
199.0000 0.2840
200.0000 0.2840
