1.0000 0.0000
2.0000 0.0000
3.0000 0.0000
4.0000 0.0000
5.0000 0.0000
6.0000 0.0000
7.0000 0.0000
8.0000 0.0000
9.0000 0.0000
10.0000 0.0000
11.0000 0.0000
12.0000 0.0000
13.0000 0.0000
14.0000 0.0000
15.0000 0.0000
16.0000 0.0000
17.0000 0.0000
18.0000 0.0000
19.0000 0.0068
20.0000 0.0131
21.0000 0.0192
22.0000 0.0249
23.0000 0.0303
24.0000 0.0354
25.0000 0.0403
26.0000 0.0448
27.0000 0.0492
28.0000 0.0533
29.0000 0.0571
30.0000 0.0608
31.0000 0.0643
32.0000 0.0675
33.0000 0.0706
34.0000 0.0735
35.0000 0.0763
36.0000 0.0789
37.0000 0.0814
38.0000 0.0838
39.0000 0.0860
40.0000 0.0881
41.0000 0.0900
42.0000 0.0919
43.0000 0.0937
44.0000 0.0954
45.0000 0.0969
46.0000 0.0984
47.0000 0.0999
48.0000 0.1012
49.0000 0.1025
50.0000 0.1037
51.0000 0.1048
52.0000 0.1059
53.0000 0.1069
54.0000 0.1078
55.0000 0.1087
56.0000 0.1096
57.0000 0.1104
58.0000 0.1112
59.0000 0.1119
60.0000 0.1126
61.0000 0.1132
62.0000 0.1138
63.0000 0.1144
64.0000 0.1150
65.0000 0.1155
66.0000 0.1160
67.0000 0.1164
68.0000 0.1169
69.0000 0.1173
70.0000 0.1177
71.0000 0.1180
72.0000 0.1184
73.0000 0.1187
74.0000 0.1190
75.0000 0.1193
76.0000 0.1196
77.0000 0.1199
78.0000 0.1201
79.0000 0.1204
80.0000 0.1206
81.0000 0.1208
82.0000 0.1210
83.0000 0.1212
84.0000 0.1214
85.0000 0.1215
86.0000 0.1217
87.0000 0.1218
88.0000 0.1220
89.0000 0.1221
90.0000 0.1222
91.0000 0.1224
92.0000 0.1225
93.0000 0.1226
94.0000 0.1227
95.0000 0.1228
96.0000 0.1229
97.0000 0.1230
98.0000 0.1230
99.0000 0.1231
100.0000 0.1232
101.0000 0.1233
102.0000 0.1233
103.0000 0.1234
104.0000 0.1235
105.0000 0.1235
106.0000 0.1236
107.0000 0.1236
108.0000 0.1237
109.0000 0.1237
110.0000 0.1237
111.0000 0.1238
112.0000 0.1238
113.0000 0.1239
114.0000 0.1239
115.0000 0.1239
116.0000 0.1239
117.0000 0.1240
118.0000 0.1240
119.0000 0.1240
120.0000 0.1241
121.0000 0.1241
122.0000 0.1241
123.0000 0.1241
124.0000 0.1241
125.0000 0.1242
126.0000 0.1242
127.0000 0.1242
128.0000 0.1242
129.0000 0.1242
130.0000 0.1242
131.0000 0.1242
132.0000 0.1243
133.0000 0.1243
134.0000 0.1243
135.0000 0.1243
136.0000 0.1243
137.0000 0.1243
138.0000 0.1243
139.0000 0.1243
140.0000 0.1243
141.0000 0.1243
142.0000 0.1243
143.0000 0.1244
144.0000 0.1244
145.0000 0.1244
146.0000 0.1244
147.0000 0.1244
148.0000 0.1244
149.0000 0.1244
150.0000 0.1244
151.0000 0.1244
152.0000 0.1244
153.0000 0.1244
154.0000 0.1244
155.0000 0.1244
156.0000 0.1244
157.0000 0.1244
158.0000 0.1244
159.0000 0.1244
160.0000 0.1244
161.0000 0.1244
162.0000 0.1244
163.0000 0.1244
164.0000 0.1244
165.0000 0.1244
166.0000 0.1244
167.0000 0.1244
168.0000 0.1244
169.0000 0.1244
170.0000 0.1244
171.0000 0.1244
172.0000 0.1244
173.0000 0.1244
174.0000 0.1244
175.0000 0.1244
176.0000 0.1244
177.0000 0.1244
178.0000 0.1245
179.0000 0.1245
180.0000 0.1245
181.0000 0.1245
182.0000 0.1245
183.0000 0.1245
184.0000 0.1245
185.0000 0.1245
186.0000 0.1245
187.0000 0.1245
188.0000 0.1245
189.0000 0.1245
190.0000 0.1245
191.0000 0.1245
192.0000 0.1245
193.0000 0.1245
194.0000 0.1245
195.0000 0.1245
196.0000 0.1245
197.0000 0.1245
198.0000 0.1245
199.0000 0.1245
200.0000 0.1245
