1.0000 0.0000
2.0000 0.0000
3.0000 0.0000
4.0000 0.0000
5.0000 0.0000
6.0000 0.0000
7.0000 0.0000
8.0000 0.0000
9.0000 0.0000
10.0000 3.6500
11.0000 1.9500
12.0000 2.0500
13.0000 2.1500
14.0000 1.3860
15.0000 1.4735
16.0000 0.9028
17.0000 0.7685
18.0000 0.9365
19.0000 0.8404
20.0000 0.9410
21.0000 1.0962
22.0000 1.1098
23.0000 1.1669
24.0000 1.1692
25.0000 1.1395
26.0000 1.1150
27.0000 1.0721
28.0000 1.0380
29.0000 1.0174
30.0000 0.9963
31.0000 0.9866
32.0000 0.9801
33.0000 0.9727
34.0000 0.9658
35.0000 0.9563
36.0000 0.9444
37.0000 0.9314
38.0000 0.9170
39.0000 0.9028
40.0000 0.8892
41.0000 0.8764
42.0000 0.8648
43.0000 0.8542
44.0000 0.8445
45.0000 0.8355
46.0000 0.8270
47.0000 0.8189
48.0000 0.8113
49.0000 0.8041
50.0000 0.7974
51.0000 0.7913
52.0000 0.7857
53.0000 0.7807
54.0000 0.7763
55.0000 0.7725
56.0000 0.7692
57.0000 0.7665
58.0000 0.7642
59.0000 0.7624
60.0000 0.7610
61.0000 0.7600
62.0000 0.7593
63.0000 0.7590
64.0000 0.7591
65.0000 0.7594
66.0000 0.7600
67.0000 0.7608
68.0000 0.7619
69.0000 0.7632
70.0000 0.7646
71.0000 0.7662
72.0000 0.7680
73.0000 0.7698
74.0000 0.7717
75.0000 0.7737
76.0000 0.7757
77.0000 0.7777
78.0000 0.7798
79.0000 0.7819
80.0000 0.7839
81.0000 0.7859
82.0000 0.7879
83.0000 0.7898
84.0000 0.7917
85.0000 0.7935
86.0000 0.7952
87.0000 0.7969
88.0000 0.7985
89.0000 0.7999
90.0000 0.8013
91.0000 0.8026
92.0000 0.8038
93.0000 0.8049
94.0000 0.8059
95.0000 0.8069
96.0000 0.8077
97.0000 0.8084
98.0000 0.8091
99.0000 0.8096
100.0000 0.8101
101.0000 0.8105
102.0000 0.8108
103.0000 0.8110
104.0000 0.8112
105.0000 0.8113
106.0000 0.8114
107.0000 0.8114
108.0000 0.8113
109.0000 0.8112
110.0000 0.8111
111.0000 0.8109
112.0000 0.8107
113.0000 0.8104
114.0000 0.8102
115.0000 0.8099
116.0000 0.8096
117.0000 0.8092
118.0000 0.8089
119.0000 0.8085
120.0000 0.8082
121.0000 0.8078
122.0000 0.8075
123.0000 0.8071
124.0000 0.8067
125.0000 0.8064
126.0000 0.8061
127.0000 0.8057
128.0000 0.8054
129.0000 0.8051
130.0000 0.8048
131.0000 0.8045
132.0000 0.8043
133.0000 0.8040
134.0000 0.8038
135.0000 0.8036
136.0000 0.8034
137.0000 0.8032
138.0000 0.8030
139.0000 0.8029
140.0000 0.8027
141.0000 0.8026
142.0000 0.8025
143.0000 0.8024
144.0000 0.8024
145.0000 0.8023
146.0000 0.8022
147.0000 0.8022
148.0000 0.8022
149.0000 0.8022
150.0000 0.8022
151.0000 0.8022
152.0000 0.8022
153.0000 0.8022
154.0000 0.8022
155.0000 0.8022
156.0000 0.8023
157.0000 0.8023
158.0000 0.8024
159.0000 0.8024
160.0000 0.8025
161.0000 0.8025
162.0000 0.8026
163.0000 0.8027
164.0000 0.8027
165.0000 0.8028
166.0000 0.8028
167.0000 0.8029
168.0000 0.8030
169.0000 0.8030
170.0000 0.8031
171.0000 0.8031
172.0000 0.8032
173.0000 0.8032
174.0000 0.8033
175.0000 0.8033
176.0000 0.8034
177.0000 0.8034
178.0000 0.8035
179.0000 0.8035
180.0000 0.8035
181.0000 0.8036
182.0000 0.8036
183.0000 0.8036
184.0000 0.8036
185.0000 0.8036
186.0000 0.8037
187.0000 0.8037
188.0000 0.8037
189.0000 0.8037
190.0000 0.8037
191.0000 0.8037
192.0000 0.8037
193.0000 0.8037
194.0000 0.8037
195.0000 0.8037
196.0000 0.8037
197.0000 0.8037
198.0000 0.8037
199.0000 0.8037
200.0000 0.8037
201.0000 0.8037
202.0000 0.8037
203.0000 0.8037
204.0000 0.8037
205.0000 0.8036
206.0000 0.8036
207.0000 0.8036
208.0000 0.8036
209.0000 0.8036
210.0000 0.8036
211.0000 0.8036
212.0000 0.8036
213.0000 0.8036
214.0000 0.8036
215.0000 0.8035
216.0000 0.8035
217.0000 0.8035
218.0000 0.8035
219.0000 0.8035
220.0000 0.8035
221.0000 0.8035
222.0000 0.8035
223.0000 0.8035
224.0000 0.8035
225.0000 0.8035
226.0000 0.8035
227.0000 0.8035
228.0000 0.8035
229.0000 0.8035
230.0000 0.8035
231.0000 0.8035
232.0000 0.8035
233.0000 0.8035
234.0000 0.8034
235.0000 0.8034
236.0000 0.8034
237.0000 0.8034
238.0000 0.8034
239.0000 0.8034
240.0000 0.8034
241.0000 0.8034
242.0000 0.8035
243.0000 0.8035
244.0000 0.8035
245.0000 0.8035
246.0000 0.8035
247.0000 0.8035
248.0000 0.8035
249.0000 0.8035
250.0000 0.8035
251.0000 0.8035
252.0000 0.8035
253.0000 0.8035
254.0000 0.8035
255.0000 0.8035
256.0000 0.8035
257.0000 0.8035
258.0000 0.8035
259.0000 0.8035
260.0000 0.8035
261.0000 0.8035
262.0000 0.8035
263.0000 0.8035
264.0000 0.8035
265.0000 0.8035
266.0000 0.8120
267.0000 0.8269
268.0000 0.8491
269.0000 0.8788
270.0000 0.9145
271.0000 0.9544
272.0000 0.9974
273.0000 1.0420
274.0000 1.0875
275.0000 1.1333
276.0000 1.1790
277.0000 1.2247
278.0000 1.2700
279.0000 1.3149
280.0000 1.3592
281.0000 1.4027
282.0000 1.4450
283.0000 1.4860
284.0000 1.5253
285.0000 1.5628
286.0000 1.5982
287.0000 1.6316
288.0000 1.6627
289.0000 1.6916
290.0000 1.7182
291.0000 1.7425
292.0000 1.7646
293.0000 1.7845
294.0000 1.8021
295.0000 1.8176
296.0000 1.8309
297.0000 1.8422
298.0000 1.8516
299.0000 1.8590
300.0000 1.8646
301.0000 1.8685
302.0000 1.8708
303.0000 1.8715
304.0000 1.8709
305.0000 1.8690
306.0000 1.8659
307.0000 1.8617
308.0000 1.8565
309.0000 1.8505
310.0000 1.8437
311.0000 1.8363
312.0000 1.8282
313.0000 1.8197
314.0000 1.8109
315.0000 1.8017
316.0000 1.7923
317.0000 1.7828
318.0000 1.7732
319.0000 1.7636
320.0000 1.7540
321.0000 1.7446
322.0000 1.7354
323.0000 1.7263
324.0000 1.7175
325.0000 1.7090
326.0000 1.7009
327.0000 1.6930
328.0000 1.6856
329.0000 1.6785
330.0000 1.6719
331.0000 1.6656
332.0000 1.6598
333.0000 1.6545
334.0000 1.6495
335.0000 1.6450
336.0000 1.6409
337.0000 1.6373
338.0000 1.6340
339.0000 1.6312
340.0000 1.6287
341.0000 1.6266
342.0000 1.6248
343.0000 1.6234
344.0000 1.6223
345.0000 1.6216
346.0000 1.6211
347.0000 1.6208
348.0000 1.6209
349.0000 1.6211
350.0000 1.6216
351.0000 1.6222
352.0000 1.6230
353.0000 1.6240
354.0000 1.6251
355.0000 1.6263
356.0000 1.6276
357.0000 1.6290
358.0000 1.6304
359.0000 1.6319
360.0000 1.6335
361.0000 1.6350
362.0000 1.6366
363.0000 1.6382
364.0000 1.6397
365.0000 1.6413
366.0000 1.6428
367.0000 1.6443
368.0000 1.6457
369.0000 1.6471
370.0000 1.6485
371.0000 1.6497
372.0000 1.6509
373.0000 1.6521
374.0000 1.6532
375.0000 1.6542
376.0000 1.6551
377.0000 1.6560
378.0000 1.6568
379.0000 1.6575
380.0000 1.6582
381.0000 1.6587
382.0000 1.6593
383.0000 1.6597
384.0000 1.6601
385.0000 1.6604
386.0000 1.6607
387.0000 1.6609
388.0000 1.6610
389.0000 1.6612
390.0000 1.6612
391.0000 1.6612
392.0000 1.6612
393.0000 1.6611
394.0000 1.6611
395.0000 1.6609
396.0000 1.6608
397.0000 1.6606
398.0000 1.6604
399.0000 1.6602
400.0000 1.6600
401.0000 1.6597
402.0000 1.6595
403.0000 1.6592
404.0000 1.6590
405.0000 1.6587
406.0000 1.6584
407.0000 1.6582
408.0000 1.6579
409.0000 1.6576
410.0000 1.5844
411.0000 1.4847
412.0000 1.3615
413.0000 1.2174
414.0000 1.0722
415.0000 0.9252
416.0000 0.7805
417.0000 0.6419
418.0000 0.5039
419.0000 0.3675
420.0000 0.2314
421.0000 0.0938
422.0000 -0.0442
423.0000 -0.1822
424.0000 -0.3192
425.0000 -0.4536
426.0000 -0.5847
427.0000 -0.7113
428.0000 -0.8330
429.0000 -0.9493
430.0000 -1.0601
431.0000 -1.1652
432.0000 -1.2647
433.0000 -1.3585
434.0000 -1.4466
435.0000 -1.5288
436.0000 -1.6053
437.0000 -1.6758
438.0000 -1.7404
439.0000 -1.7993
440.0000 -1.8523
441.0000 -1.8998
442.0000 -1.9418
443.0000 -1.9785
444.0000 -2.0101
445.0000 -2.0369
446.0000 -2.0591
447.0000 -2.0770
448.0000 -2.0907
449.0000 -2.1005
450.0000 -2.1067
451.0000 -2.1095
452.0000 -2.1092
453.0000 -2.1061
454.0000 -2.1004
455.0000 -2.0923
456.0000 -2.0821
457.0000 -2.0701
458.0000 -2.0564
459.0000 -2.0414
460.0000 -2.0251
461.0000 -2.0079
462.0000 -1.9899
463.0000 -1.9714
464.0000 -1.9523
465.0000 -1.9331
466.0000 -1.9137
467.0000 -1.8944
468.0000 -1.8752
469.0000 -1.8563
470.0000 -1.8378
471.0000 -1.8198
472.0000 -1.8024
473.0000 -1.7855
474.0000 -1.7694
475.0000 -1.7541
476.0000 -1.7395
477.0000 -1.7258
478.0000 -1.7129
479.0000 -1.7009
480.0000 -1.6898
481.0000 -1.6796
482.0000 -1.6703
483.0000 -1.6619
484.0000 -1.6544
485.0000 -1.6477
486.0000 -1.6418
487.0000 -1.6368
488.0000 -1.6325
489.0000 -1.6290
490.0000 -1.6262
491.0000 -1.6240
492.0000 -1.6226
493.0000 -1.6217
494.0000 -1.6213
495.0000 -1.6215
496.0000 -1.6221
497.0000 -1.6232
498.0000 -1.6247
499.0000 -1.6265
500.0000 -1.6287
501.0000 -1.6311
502.0000 -1.6338
503.0000 -1.6366
504.0000 -1.6396
505.0000 -1.6428
506.0000 -1.6461
507.0000 -1.6494
508.0000 -1.6528
509.0000 -1.6562
510.0000 -1.6596
511.0000 -1.6630
512.0000 -1.6663
513.0000 -1.6696
514.0000 -1.6727
515.0000 -1.6758
516.0000 -1.6788
517.0000 -1.6817
518.0000 -1.6844
519.0000 -1.6870
520.0000 -1.6894
521.0000 -1.6917
522.0000 -1.6939
523.0000 -1.6959
524.0000 -1.6977
525.0000 -1.6994
526.0000 -1.7009
527.0000 -1.7023
528.0000 -1.7036
529.0000 -1.7046
530.0000 -1.7056
531.0000 -1.7064
532.0000 -1.7071
533.0000 -1.7076
534.0000 -1.7080
535.0000 -1.7084
536.0000 -1.7086
537.0000 -1.7087
538.0000 -1.7087
539.0000 -1.7086
540.0000 -1.7085
541.0000 -1.7083
542.0000 -1.7080
543.0000 -1.7077
544.0000 -1.7073
545.0000 -1.7068
546.0000 -1.7064
547.0000 -1.7059
548.0000 -1.7053
549.0000 -1.7048
550.0000 -1.7042
551.0000 -1.7037
552.0000 -1.7031
553.0000 -1.7025
554.0000 -1.7019
555.0000 -1.7014
556.0000 -1.7008
557.0000 -1.7002
558.0000 -1.6997
559.0000 -1.6992
560.0000 -1.6987
561.0000 -1.6982
562.0000 -1.6978
563.0000 -1.6973
564.0000 -1.6969
565.0000 -1.6965
566.0000 -1.6877
567.0000 -1.6724
568.0000 -1.6500
569.0000 -1.6200
570.0000 -1.5840
571.0000 -1.5439
572.0000 -1.5007
573.0000 -1.4559
574.0000 -1.4103
575.0000 -1.3644
576.0000 -1.3185
577.0000 -1.2728
578.0000 -1.2274
579.0000 -1.1824
580.0000 -1.1381
581.0000 -1.0946
582.0000 -1.0523
583.0000 -1.0113
584.0000 -0.9720
585.0000 -0.9346
586.0000 -0.8992
587.0000 -0.8659
588.0000 -0.8349
589.0000 -0.8061
590.0000 -0.7796
591.0000 -0.7553
592.0000 -0.7333
593.0000 -0.7135
594.0000 -0.6960
595.0000 -0.6806
596.0000 -0.6674
597.0000 -0.6562
598.0000 -0.6469
599.0000 -0.6396
600.0000 -0.6341
601.0000 -0.6303
602.0000 -0.6281
603.0000 -0.6274
604.0000 -0.6281
605.0000 -0.6301
606.0000 -0.6333
607.0000 -0.6376
608.0000 -0.6428
609.0000 -0.6489
610.0000 -0.6557
611.0000 -0.6632
612.0000 -0.6713
613.0000 -0.6798
614.0000 -0.6888
615.0000 -0.6980
616.0000 -0.7074
617.0000 -0.7169
618.0000 -0.7266
619.0000 -0.7362
620.0000 -0.7457
621.0000 -0.7552
622.0000 -0.7644
623.0000 -0.7735
624.0000 -0.7823
625.0000 -0.7908
626.0000 -0.7990
627.0000 -0.8068
628.0000 -0.8142
629.0000 -0.8213
630.0000 -0.8279
631.0000 -0.8341
632.0000 -0.8399
633.0000 -0.8453
634.0000 -0.8502
635.0000 -0.8547
636.0000 -0.8588
637.0000 -0.8624
638.0000 -0.8657
639.0000 -0.8685
640.0000 -0.8710
641.0000 -0.8730
642.0000 -0.8748
643.0000 -0.8762
644.0000 -0.8772
645.0000 -0.8780
646.0000 -0.8785
647.0000 -0.8787
648.0000 -0.8786
649.0000 -0.8784
650.0000 -0.8779
651.0000 -0.8773
652.0000 -0.8765
653.0000 -0.8755
654.0000 -0.8744
655.0000 -0.8732
656.0000 -0.8718
657.0000 -0.8705
658.0000 -0.8690
659.0000 -0.8675
660.0000 -0.8659
661.0000 -0.8644
662.0000 -0.8628
663.0000 -0.8612
664.0000 -0.8596
665.0000 -0.8581
666.0000 -0.8566
667.0000 -0.8551
668.0000 -0.8537
669.0000 -0.8523
670.0000 -0.8509
671.0000 -0.8497
672.0000 -0.8484
673.0000 -0.8473
674.0000 -0.8462
675.0000 -0.8452
676.0000 -0.8443
677.0000 -0.8434
678.0000 -0.8426
679.0000 -0.8419
680.0000 -0.8413
681.0000 -0.8407
682.0000 -0.8402
683.0000 -0.8397
684.0000 -0.8393
685.0000 -0.8390
686.0000 -0.8387
687.0000 -0.8385
688.0000 -0.8384
689.0000 -0.8383
690.0000 -0.8382
691.0000 -0.8382
692.0000 -0.8382
693.0000 -0.8383
694.0000 -0.8384
695.0000 -0.8385
696.0000 -0.8387
697.0000 -0.8388
698.0000 -0.8390
699.0000 -0.8393
700.0000 -0.8395
701.0000 -0.8397
702.0000 -0.8400
703.0000 -0.8402
704.0000 -0.8405
705.0000 -0.8408
706.0000 -0.8410
707.0000 -0.8413
708.0000 -0.8416
709.0000 -0.8418
710.0000 -0.9151
711.0000 -1.0148
712.0000 -1.1380
713.0000 -1.2820
714.0000 -1.4272
715.0000 -1.5742
716.0000 -1.7189
717.0000 -1.8576
718.0000 -1.9955
719.0000 -2.1319
720.0000 -2.2681
721.0000 -2.4056
722.0000 -2.5437
723.0000 -2.6816
724.0000 -2.8186
725.0000 -2.9531
726.0000 -3.0841
727.0000 -3.2108
728.0000 -3.3325
729.0000 -3.4488
730.0000 -3.5596
731.0000 -3.6647
732.0000 -3.7642
733.0000 -3.8580
734.0000 -3.9460
735.0000 -4.0283
736.0000 -4.1047
737.0000 -4.1752
738.0000 -4.2399
739.0000 -4.2987
740.0000 -4.3518
741.0000 -4.3992
742.0000 -4.4412
743.0000 -4.4779
744.0000 -4.5096
745.0000 -4.5364
746.0000 -4.5586
747.0000 -4.5764
748.0000 -4.5901
749.0000 -4.5999
750.0000 -4.6061
751.0000 -4.6090
752.0000 -4.6087
753.0000 -4.6056
754.0000 -4.5998
755.0000 -4.5917
756.0000 -4.5816
757.0000 -4.5695
758.0000 -4.5559
759.0000 -4.5408
760.0000 -4.5246
761.0000 -4.5074
762.0000 -4.4894
763.0000 -4.4708
764.0000 -4.4518
765.0000 -4.4325
766.0000 -4.4132
767.0000 -4.3938
768.0000 -4.3747
769.0000 -4.3558
770.0000 -4.3373
771.0000 -4.3193
772.0000 -4.3018
773.0000 -4.2850
774.0000 -4.2689
775.0000 -4.2535
776.0000 -4.2389
777.0000 -4.2252
778.0000 -4.2124
779.0000 -4.2004
780.0000 -4.1893
781.0000 -4.1791
782.0000 -4.1698
783.0000 -4.1614
784.0000 -4.1538
785.0000 -4.1471
786.0000 -4.1413
787.0000 -4.1362
788.0000 -4.1320
789.0000 -4.1284
790.0000 -4.1256
791.0000 -4.1235
792.0000 -4.1220
793.0000 -4.1211
794.0000 -4.1208
795.0000 -4.1209
796.0000 -4.1216
797.0000 -4.1227
798.0000 -4.1242
799.0000 -4.1260
800.0000 -4.1281
801.0000 -4.1306
802.0000 -4.1332
803.0000 -4.1361
804.0000 -4.1391
805.0000 -4.1423
806.0000 -4.1455
807.0000 -4.1489
808.0000 -4.1522
809.0000 -4.1556
810.0000 -4.1590
811.0000 -4.1624
812.0000 -4.1657
813.0000 -4.1690
814.0000 -4.1722
815.0000 -4.1753
816.0000 -4.1783
817.0000 -4.1811
818.0000 -4.1838
819.0000 -4.1864
820.0000 -4.1889
821.0000 -4.1912
822.0000 -4.1933
823.0000 -4.1953
824.0000 -4.1972
825.0000 -4.1989
826.0000 -4.2004
827.0000 -4.2018
828.0000 -4.2030
829.0000 -4.2041
830.0000 -4.2050
831.0000 -4.2058
832.0000 -4.2065
833.0000 -4.2071
834.0000 -4.2075
835.0000 -4.2078
836.0000 -4.2080
837.0000 -4.2081
838.0000 -4.2082
839.0000 -4.2081
840.0000 -4.2079
841.0000 -4.2077
842.0000 -4.2075
843.0000 -4.2071
844.0000 -4.2067
845.0000 -4.2063
846.0000 -4.2058
847.0000 -4.2053
848.0000 -4.2048
849.0000 -4.2043
850.0000 -4.2037
851.0000 -4.2031
852.0000 -4.2025
853.0000 -4.2020
854.0000 -4.2014
855.0000 -4.2008
856.0000 -4.2002
857.0000 -4.1997
858.0000 -4.1992
859.0000 -4.1986
860.0000 -4.1981
