1.0000 0.0000
2.0000 0.0000
3.0000 0.0000
4.0000 0.0000
5.0000 0.0000
6.0000 0.0000
7.0000 0.0000
8.0000 0.0000
9.0000 0.0000
10.0000 0.0000
11.0000 0.0000
12.0000 0.5345
13.0000 0.7488
14.0000 0.9492
15.0000 1.3231
16.0000 1.4637
17.0000 1.5109
18.0000 1.4784
19.0000 1.4141
20.0000 1.3308
21.0000 1.2457
22.0000 1.1841
23.0000 1.1573
24.0000 1.1396
25.0000 1.1378
26.0000 1.1416
27.0000 1.1419
28.0000 1.1362
29.0000 1.1242
30.0000 1.1060
31.0000 1.0848
32.0000 1.0619
33.0000 1.0400
34.0000 1.0202
35.0000 1.0029
36.0000 0.9880
37.0000 0.9753
38.0000 0.9639
39.0000 0.9536
40.0000 0.9438
41.0000 0.9346
42.0000 0.9258
43.0000 0.9177
44.0000 0.9104
45.0000 0.9041
46.0000 0.8987
47.0000 0.8943
48.0000 0.8910
49.0000 0.8885
50.0000 0.8869
51.0000 0.8861
52.0000 0.8859
53.0000 0.8864
54.0000 0.8874
55.0000 0.8890
56.0000 0.8911
57.0000 0.8936
58.0000 0.8966
59.0000 0.8999
60.0000 0.9036
61.0000 0.9075
62.0000 0.9117
63.0000 0.9161
64.0000 0.9207
65.0000 0.9253
66.0000 0.9300
67.0000 0.9348
68.0000 0.9396
69.0000 0.9443
70.0000 0.9491
71.0000 0.9537
72.0000 0.9582
73.0000 0.9627
74.0000 0.9670
75.0000 0.9711
76.0000 0.9751
77.0000 0.9790
78.0000 0.9826
79.0000 0.9860
80.0000 0.9893
81.0000 0.9923
82.0000 0.9951
83.0000 0.9978
84.0000 1.0002
85.0000 1.0024
86.0000 1.0044
87.0000 1.0062
88.0000 1.0078
89.0000 1.0092
90.0000 1.0104
91.0000 1.0115
92.0000 1.0124
93.0000 1.0131
94.0000 1.0137
95.0000 1.0141
96.0000 1.0144
97.0000 1.0145
98.0000 1.0146
99.0000 1.0145
100.0000 1.0144
101.0000 1.0141
102.0000 1.0138
103.0000 1.0134
104.0000 1.0129
105.0000 1.0124
106.0000 1.0119
107.0000 1.0112
108.0000 1.0106
109.0000 1.0100
110.0000 1.0093
111.0000 1.0086
112.0000 1.0079
113.0000 1.0072
114.0000 1.0065
115.0000 1.0058
116.0000 1.0051
117.0000 1.0045
118.0000 1.0038
119.0000 1.0032
120.0000 1.0026
121.0000 1.0020
122.0000 1.0015
123.0000 1.0010
124.0000 1.0005
125.0000 1.0001
126.0000 0.9997
127.0000 0.9993
128.0000 0.9989
129.0000 0.9986
130.0000 0.9983
131.0000 0.9981
132.0000 0.9979
133.0000 0.9977
134.0000 0.9975
135.0000 0.9974
136.0000 0.9973
137.0000 0.9972
138.0000 0.9971
139.0000 0.9971
140.0000 0.9971
141.0000 0.9971
142.0000 0.9971
143.0000 0.9971
144.0000 0.9972
145.0000 0.9973
146.0000 0.9973
147.0000 0.9974
148.0000 0.9975
149.0000 0.9976
150.0000 0.9977
151.0000 0.9979
152.0000 0.9980
153.0000 0.9981
154.0000 0.9982
155.0000 0.9984
156.0000 0.9985
157.0000 0.9986
158.0000 0.9988
159.0000 0.9989
160.0000 0.9990
161.0000 0.9991
162.0000 0.9992
163.0000 0.9993
164.0000 0.9995
165.0000 0.9996
166.0000 0.9996
167.0000 0.9997
168.0000 0.9998
169.0000 0.9999
170.0000 1.0000
171.0000 1.0000
172.0000 1.0001
173.0000 1.0002
174.0000 1.0002
175.0000 1.0003
176.0000 1.0003
177.0000 1.0003
178.0000 1.0004
179.0000 1.0004
180.0000 1.0004
181.0000 1.0004
182.0000 1.0004
183.0000 1.0004
184.0000 1.0004
185.0000 1.0004
186.0000 1.0004
187.0000 1.0004
188.0000 1.0004
189.0000 1.0004
190.0000 1.0004
191.0000 1.0004
192.0000 1.0004
193.0000 1.0004
194.0000 1.0003
195.0000 1.0003
196.0000 1.0003
197.0000 1.0003
198.0000 1.0003
199.0000 1.0002
200.0000 1.0002
201.0000 1.0002
202.0000 1.0002
203.0000 1.0002
204.0000 1.0001
205.0000 1.0001
206.0000 1.0001
207.0000 1.0001
208.0000 1.0001
209.0000 1.0000
210.0000 1.0000
211.0000 1.0000
212.0000 1.0000
213.0000 1.0000
214.0000 1.0000
215.0000 1.0000
216.0000 1.0000
217.0000 1.0000
218.0000 0.9999
219.0000 0.9999
220.0000 0.9999
221.0000 0.9999
222.0000 0.9999
223.0000 0.9999
224.0000 0.9999
225.0000 0.9999
226.0000 0.9999
227.0000 0.9999
228.0000 0.9999
229.0000 0.9999
230.0000 0.9999
231.0000 0.9999
232.0000 0.9999
233.0000 0.9999
234.0000 0.9999
235.0000 0.9999
236.0000 0.9999
237.0000 0.9999
238.0000 0.9999
239.0000 0.9999
240.0000 0.9999
241.0000 0.9999
242.0000 1.0000
243.0000 1.0000
244.0000 1.0000
245.0000 1.0000
246.0000 1.0000
247.0000 1.0000
248.0000 1.0000
249.0000 1.0000
250.0000 1.0000
251.0000 1.0000
252.0000 1.0000
253.0000 1.0000
254.0000 1.0000
255.0000 1.0000
256.0000 1.0000
257.0000 1.0000
258.0000 1.0000
259.0000 1.0000
260.0000 1.0200
261.0000 1.0565
262.0000 1.1063
263.0000 1.1670
264.0000 1.2362
265.0000 1.3085
266.0000 1.3810
267.0000 1.4515
268.0000 1.5194
269.0000 1.5840
270.0000 1.6455
271.0000 1.7042
272.0000 1.7603
273.0000 1.8139
274.0000 1.8647
275.0000 1.9126
276.0000 1.9570
277.0000 1.9977
278.0000 2.0343
279.0000 2.0666
280.0000 2.0945
281.0000 2.1180
282.0000 2.1372
283.0000 2.1522
284.0000 2.1630
285.0000 2.1699
286.0000 2.1729
287.0000 2.1722
288.0000 2.1680
289.0000 2.1604
290.0000 2.1495
291.0000 2.1356
292.0000 2.1188
293.0000 2.0994
294.0000 2.0776
295.0000 2.0536
296.0000 2.0276
297.0000 1.9998
298.0000 1.9705
299.0000 1.9398
300.0000 1.9081
301.0000 1.8754
302.0000 1.8419
303.0000 1.8080
304.0000 1.7736
305.0000 1.7391
306.0000 1.7045
307.0000 1.6700
308.0000 1.6358
309.0000 1.6020
310.0000 1.5687
311.0000 1.5360
312.0000 1.5040
313.0000 1.4729
314.0000 1.4426
315.0000 1.4133
316.0000 1.3850
317.0000 1.3578
318.0000 1.3317
319.0000 1.3067
320.0000 1.2830
321.0000 1.2604
322.0000 1.2390
323.0000 1.2188
324.0000 1.1998
325.0000 1.1820
326.0000 1.1654
327.0000 1.1499
328.0000 1.1356
329.0000 1.1223
330.0000 1.1101
331.0000 1.0990
332.0000 1.0888
333.0000 1.0796
334.0000 1.0713
335.0000 1.0639
336.0000 1.0572
337.0000 1.0514
338.0000 1.0463
339.0000 1.0418
340.0000 1.0380
341.0000 1.0348
342.0000 1.0321
343.0000 1.0299
344.0000 1.0281
345.0000 1.0268
346.0000 1.0258
347.0000 1.0252
348.0000 1.0248
349.0000 1.0247
350.0000 1.0248
351.0000 1.0251
352.0000 1.0256
353.0000 1.0261
354.0000 1.0268
355.0000 1.0276
356.0000 1.0283
357.0000 1.0292
358.0000 1.0300
359.0000 1.0308
360.0000 1.0317
361.0000 1.0324
362.0000 1.0332
363.0000 1.0338
364.0000 1.0344
365.0000 1.0350
366.0000 1.0354
367.0000 1.0358
368.0000 1.0361
369.0000 1.0363
370.0000 1.0364
371.0000 1.0364
372.0000 1.0363
373.0000 1.0361
374.0000 1.0359
375.0000 1.0355
376.0000 1.0351
377.0000 1.0346
378.0000 1.0340
379.0000 1.0334
380.0000 1.0327
381.0000 1.0319
382.0000 1.0311
383.0000 1.0303
384.0000 1.0294
385.0000 1.0285
386.0000 1.0275
387.0000 1.0265
388.0000 1.0255
389.0000 1.0245
390.0000 1.0234
391.0000 1.0224
392.0000 1.0214
393.0000 1.0203
394.0000 1.0193
395.0000 1.0183
396.0000 1.0173
397.0000 1.0163
398.0000 1.0153
399.0000 1.0144
400.0000 1.0135
401.0000 1.0126
402.0000 1.0117
403.0000 1.0109
404.0000 1.0101
405.0000 1.0093
406.0000 1.0086
407.0000 1.0079
408.0000 1.0072
409.0000 1.0066
410.0000 1.0060
411.0000 1.0055
412.0000 0.9943
413.0000 0.9700
414.0000 0.9309
415.0000 0.8759
416.0000 0.8070
417.0000 0.7277
418.0000 0.6415
419.0000 0.5521
420.0000 0.4622
421.0000 0.3740
422.0000 0.2889
423.0000 0.2077
424.0000 0.1307
425.0000 0.0583
426.0000 -0.0093
427.0000 -0.0717
428.0000 -0.1287
429.0000 -0.1797
430.0000 -0.2245
431.0000 -0.2628
432.0000 -0.2944
433.0000 -0.3192
434.0000 -0.3373
435.0000 -0.3489
436.0000 -0.3541
437.0000 -0.3531
438.0000 -0.3464
439.0000 -0.3342
440.0000 -0.3168
441.0000 -0.2946
442.0000 -0.2680
443.0000 -0.2372
444.0000 -0.2028
445.0000 -0.1649
446.0000 -0.1241
447.0000 -0.0808
448.0000 -0.0352
449.0000 0.0122
450.0000 0.0610
451.0000 0.1110
452.0000 0.1617
453.0000 0.2129
454.0000 0.2643
455.0000 0.3155
456.0000 0.3663
457.0000 0.4165
458.0000 0.4658
459.0000 0.5140
460.0000 0.5610
461.0000 0.6065
462.0000 0.6505
463.0000 0.6927
464.0000 0.7332
465.0000 0.7717
466.0000 0.8083
467.0000 0.8428
468.0000 0.8753
469.0000 0.9056
470.0000 0.9338
471.0000 0.9599
472.0000 0.9840
473.0000 1.0059
474.0000 1.0258
475.0000 1.0437
476.0000 1.0597
477.0000 1.0738
478.0000 1.0860
479.0000 1.0966
480.0000 1.1055
481.0000 1.1128
482.0000 1.1186
483.0000 1.1230
484.0000 1.1261
485.0000 1.1280
486.0000 1.1287
487.0000 1.1285
488.0000 1.1272
489.0000 1.1251
490.0000 1.1223
491.0000 1.1187
492.0000 1.1146
493.0000 1.1099
494.0000 1.1048
495.0000 1.0993
496.0000 1.0935
497.0000 1.0875
498.0000 1.0813
499.0000 1.0749
500.0000 1.0685
501.0000 1.0621
502.0000 1.0558
503.0000 1.0495
504.0000 1.0433
505.0000 1.0373
506.0000 1.0314
507.0000 1.0258
508.0000 1.0204
509.0000 1.0152
510.0000 1.0103
511.0000 1.0057
512.0000 1.0014
513.0000 0.9974
514.0000 0.9936
515.0000 0.9902
516.0000 0.9871
517.0000 0.9843
518.0000 0.9818
519.0000 0.9795
520.0000 0.9776
521.0000 0.9759
522.0000 0.9746
523.0000 0.9734
524.0000 0.9725
525.0000 0.9719
526.0000 0.9714
527.0000 0.9712
528.0000 0.9712
529.0000 0.9713
530.0000 0.9716
531.0000 0.9721
532.0000 0.9727
533.0000 0.9734
534.0000 0.9742
535.0000 0.9751
536.0000 0.9761
537.0000 0.9772
538.0000 0.9783
539.0000 0.9795
540.0000 0.9807
541.0000 0.9819
542.0000 0.9831
543.0000 0.9844
544.0000 0.9856
545.0000 0.9869
546.0000 0.9881
547.0000 0.9893
548.0000 0.9905
549.0000 0.9916
550.0000 0.9927
551.0000 0.9938
552.0000 0.9948
553.0000 0.9957
554.0000 0.9966
555.0000 0.9975
556.0000 0.9983
557.0000 0.9990
558.0000 0.9997
559.0000 1.0003
560.0000 1.0209
561.0000 1.0579
562.0000 1.1082
563.0000 1.1693
564.0000 1.2389
565.0000 1.3115
566.0000 1.3843
567.0000 1.4550
568.0000 1.5231
569.0000 1.5878
570.0000 1.6494
571.0000 1.7081
572.0000 1.7643
573.0000 1.8179
574.0000 1.8687
575.0000 1.9165
576.0000 1.9609
577.0000 2.0014
578.0000 2.0379
579.0000 2.0701
580.0000 2.0979
581.0000 2.1212
582.0000 2.1403
583.0000 2.1550
584.0000 2.1657
585.0000 2.1724
586.0000 2.1752
587.0000 2.1743
588.0000 2.1699
589.0000 2.1621
590.0000 2.1510
591.0000 2.1369
592.0000 2.1200
593.0000 2.1004
594.0000 2.0784
595.0000 2.0542
596.0000 2.0281
597.0000 2.0002
598.0000 1.9707
599.0000 1.9399
600.0000 1.9080
601.0000 1.8752
602.0000 1.8417
603.0000 1.8076
604.0000 1.7732
605.0000 1.7386
606.0000 1.7039
607.0000 1.6694
608.0000 1.6351
609.0000 1.6013
610.0000 1.5679
611.0000 1.5352
612.0000 1.5032
613.0000 1.4720
614.0000 1.4418
615.0000 1.4125
616.0000 1.3842
617.0000 1.3570
618.0000 1.3309
619.0000 1.3060
620.0000 1.2822
621.0000 1.2596
622.0000 1.2383
623.0000 1.2181
624.0000 1.1992
625.0000 1.1814
626.0000 1.1648
627.0000 1.1494
628.0000 1.1350
629.0000 1.1218
630.0000 1.1097
631.0000 1.0986
632.0000 1.0884
633.0000 1.0793
634.0000 1.0710
635.0000 1.0636
636.0000 1.0570
637.0000 1.0512
638.0000 1.0461
639.0000 1.0417
640.0000 1.0379
641.0000 1.0347
642.0000 1.0320
643.0000 1.0298
644.0000 1.0281
645.0000 1.0268
646.0000 1.0258
647.0000 1.0252
648.0000 1.0249
649.0000 1.0248
650.0000 1.0249
651.0000 1.0252
652.0000 1.0256
653.0000 1.0262
654.0000 1.0269
655.0000 1.0277
656.0000 1.0285
657.0000 1.0293
658.0000 1.0301
659.0000 1.0310
660.0000 1.0318
661.0000 1.0325
662.0000 1.0333
663.0000 1.0339
664.0000 1.0345
665.0000 1.0351
666.0000 1.0355
667.0000 1.0359
668.0000 1.0362
669.0000 1.0363
670.0000 1.0364
671.0000 1.0364
672.0000 1.0364
673.0000 1.0362
674.0000 1.0359
675.0000 1.0356
676.0000 1.0352
677.0000 1.0347
678.0000 1.0341
679.0000 1.0334
680.0000 1.0327
681.0000 1.0320
682.0000 1.0312
683.0000 1.0303
684.0000 1.0294
685.0000 1.0285
686.0000 1.0275
687.0000 1.0265
688.0000 1.0255
689.0000 1.0245
690.0000 1.0234
691.0000 1.0224
692.0000 1.0213
693.0000 1.0203
694.0000 1.0193
695.0000 1.0183
696.0000 1.0172
697.0000 1.0163
698.0000 1.0153
699.0000 1.0143
700.0000 1.0134
701.0000 1.0125
702.0000 1.0117
703.0000 1.0109
704.0000 1.0101
705.0000 1.0093
706.0000 1.0086
707.0000 1.0079
708.0000 1.0072
709.0000 1.0066
710.0000 1.0060
711.0000 1.0055
712.0000 0.9943
713.0000 0.9700
714.0000 0.9309
715.0000 0.8759
716.0000 0.8070
717.0000 0.7277
718.0000 0.6415
719.0000 0.5521
720.0000 0.4622
721.0000 0.3740
722.0000 0.2889
723.0000 0.2077
724.0000 0.1307
725.0000 0.0583
726.0000 -0.0093
727.0000 -0.0717
728.0000 -0.1287
729.0000 -0.1797
730.0000 -0.2245
731.0000 -0.2628
732.0000 -0.2944
733.0000 -0.3192
734.0000 -0.3373
735.0000 -0.3489
736.0000 -0.3541
737.0000 -0.3531
738.0000 -0.3464
739.0000 -0.3342
740.0000 -0.3168
741.0000 -0.2946
742.0000 -0.2680
743.0000 -0.2372
744.0000 -0.2027
745.0000 -0.1649
746.0000 -0.1241
747.0000 -0.0808
748.0000 -0.0352
749.0000 0.0122
750.0000 0.0610
751.0000 0.1110
752.0000 0.1617
753.0000 0.2129
754.0000 0.2643
755.0000 0.3155
756.0000 0.3663
757.0000 0.4165
758.0000 0.4658
759.0000 0.5140
760.0000 0.5610
761.0000 0.6065
762.0000 0.6505
763.0000 0.6927
764.0000 0.7332
765.0000 0.7717
766.0000 0.8083
767.0000 0.8428
768.0000 0.8753
769.0000 0.9056
770.0000 0.9338
771.0000 0.9599
772.0000 0.9840
773.0000 1.0059
774.0000 1.0258
775.0000 1.0437
776.0000 1.0597
777.0000 1.0738
778.0000 1.0860
779.0000 1.0966
780.0000 1.1055
781.0000 1.1128
782.0000 1.1186
783.0000 1.1230
784.0000 1.1261
785.0000 1.1280
786.0000 1.1287
787.0000 1.1285
788.0000 1.1272
789.0000 1.1251
790.0000 1.1223
791.0000 1.1187
792.0000 1.1146
793.0000 1.1099
794.0000 1.1048
795.0000 1.0993
796.0000 1.0935
797.0000 1.0875
798.0000 1.0813
799.0000 1.0749
800.0000 1.0685
801.0000 1.0621
802.0000 1.0558
803.0000 1.0495
804.0000 1.0433
805.0000 1.0373
806.0000 1.0314
807.0000 1.0258
808.0000 1.0204
809.0000 1.0152
810.0000 1.0103
811.0000 1.0057
812.0000 1.0014
813.0000 0.9974
814.0000 0.9936
815.0000 0.9902
816.0000 0.9871
817.0000 0.9843
818.0000 0.9818
819.0000 0.9795
820.0000 0.9776
821.0000 0.9759
822.0000 0.9746
823.0000 0.9734
824.0000 0.9725
825.0000 0.9719
826.0000 0.9714
827.0000 0.9712
828.0000 0.9712
829.0000 0.9713
830.0000 0.9716
831.0000 0.9721
832.0000 0.9727
833.0000 0.9734
834.0000 0.9742
835.0000 0.9751
836.0000 0.9761
837.0000 0.9772
838.0000 0.9783
839.0000 0.9795
840.0000 0.9807
841.0000 0.9819
842.0000 0.9831
843.0000 0.9844
844.0000 0.9856
845.0000 0.9869
846.0000 0.9881
847.0000 0.9893
848.0000 0.9905
849.0000 0.9916
850.0000 0.9927
851.0000 0.9938
852.0000 0.9948
853.0000 0.9957
854.0000 0.9966
855.0000 0.9975
856.0000 0.9983
857.0000 0.9990
858.0000 0.9997
859.0000 1.0003
860.0000 1.0009
