1.0000 0.0000
2.0000 0.0000
3.0000 0.0000
4.0000 0.0000
5.0000 0.0000
6.0000 0.0000
7.0000 0.0000
8.0000 0.0000
9.0000 0.0000
10.0000 0.0000
11.0000 0.0000
12.0000 0.0000
13.0000 0.0000
14.0000 0.0000
15.0000 0.0000
16.0000 0.0000
17.0000 0.0000
18.0000 0.0000
19.0000 0.0000
20.0000 0.0000
21.0000 0.0000
22.0000 0.0000
23.0000 0.0000
24.0000 0.0000
25.0000 0.0000
26.0000 0.0000
27.0000 0.0000
28.0000 0.0000
29.0000 0.0000
30.0000 0.0000
31.0000 0.0000
32.0000 0.0000
33.0000 0.0000
34.0000 0.0000
35.0000 0.0000
36.0000 0.0000
37.0000 0.0000
38.0000 0.0000
39.0000 0.0000
40.0000 0.0000
41.0000 0.0000
42.0000 0.0000
43.0000 0.0000
44.0000 0.0000
45.0000 0.0000
46.0000 0.0000
47.0000 0.0000
48.0000 0.0000
49.0000 0.0000
50.0000 0.0000
51.0000 0.0000
52.0000 0.0000
53.0000 0.0000
54.0000 0.0000
55.0000 0.0000
56.0000 0.0000
57.0000 0.0000
58.0000 0.0000
59.0000 0.0000
60.0000 0.0000
61.0000 0.0000
62.0000 0.0000
63.0000 0.0000
64.0000 0.0000
65.0000 0.0000
66.0000 0.0000
67.0000 0.0000
68.0000 0.0000
69.0000 0.0000
70.0000 0.0000
71.0000 0.0000
72.0000 0.0000
73.0000 0.0000
74.0000 0.0000
75.0000 0.0000
76.0000 0.0000
77.0000 0.0000
78.0000 0.0000
79.0000 0.0000
80.0000 0.0000
81.0000 0.0000
82.0000 0.0000
83.0000 0.0000
84.0000 0.0000
85.0000 0.0000
86.0000 0.0000
87.0000 0.0000
88.0000 0.0000
89.0000 0.0000
90.0000 0.0000
91.0000 0.0000
92.0000 0.0000
93.0000 0.0000
94.0000 0.0000
95.0000 0.0000
96.0000 0.0000
97.0000 0.0000
98.0000 0.0000
99.0000 0.0000
100.0000 0.0000
101.0000 0.0000
102.0000 0.0000
103.0000 0.0000
104.0000 0.0000
105.0000 0.0000
106.0000 0.0000
107.0000 0.0000
108.0000 0.0000
109.0000 0.0000
110.0000 0.0000
111.0000 0.0000
112.0000 0.0000
113.0000 0.0000
114.0000 0.0000
115.0000 0.0000
116.0000 0.0000
117.0000 0.0000
118.0000 0.0000
119.0000 0.0000
120.0000 0.0000
121.0000 0.0000
122.0000 0.0000
123.0000 0.0000
124.0000 0.0000
125.0000 0.0000
126.0000 0.0000
127.0000 0.0000
128.0000 0.0000
129.0000 0.0000
130.0000 0.0000
131.0000 0.0000
132.0000 0.0000
133.0000 0.0000
134.0000 0.0000
135.0000 0.0000
136.0000 0.0000
137.0000 0.0000
138.0000 0.0000
139.0000 0.0000
140.0000 0.0000
141.0000 0.0000
142.0000 0.0000
143.0000 0.0000
144.0000 0.0000
145.0000 0.0000
146.0000 0.0000
147.0000 0.0000
148.0000 0.0000
149.0000 0.0000
150.0000 0.0000
151.0000 0.0000
152.0000 0.0000
153.0000 0.0000
154.0000 0.0000
155.0000 0.0000
156.0000 0.0000
157.0000 0.0000
158.0000 0.0000
159.0000 0.0000
160.0000 0.0000
161.0000 0.0000
162.0000 0.0000
163.0000 0.0000
164.0000 0.0000
165.0000 0.0000
166.0000 0.0000
167.0000 0.0000
168.0000 0.0000
169.0000 0.0000
170.0000 0.0000
171.0000 0.0000
172.0000 0.0000
173.0000 0.0000
174.0000 0.0000
175.0000 0.0000
176.0000 0.0000
177.0000 0.0000
178.0000 0.0000
179.0000 0.0000
180.0000 0.0000
181.0000 0.0000
182.0000 0.0000
183.0000 0.0000
184.0000 0.0000
185.0000 0.0000
186.0000 0.0000
187.0000 0.0000
188.0000 0.0000
189.0000 0.0000
190.0000 0.0000
191.0000 0.0000
192.0000 0.0000
193.0000 0.0000
194.0000 0.0000
195.0000 0.0000
196.0000 0.0000
197.0000 0.0000
198.0000 0.0000
199.0000 0.0000
200.0000 0.0000
201.0000 0.0000
202.0000 0.0000
203.0000 0.0000
204.0000 0.0000
205.0000 0.0000
206.0000 0.0000
207.0000 0.0000
208.0000 0.0000
209.0000 0.0000
210.0000 0.0000
211.0000 0.1325
212.0000 0.1408
213.0000 0.1488
214.0000 0.1565
215.0000 0.1640
216.0000 0.1712
217.0000 0.1782
218.0000 0.1850
219.0000 0.1915
220.0000 0.1979
221.0000 0.2040
222.0000 0.2099
223.0000 0.2156
224.0000 0.2212
225.0000 0.2265
226.0000 0.2317
227.0000 0.2367
228.0000 0.2416
229.0000 0.2463
230.0000 0.2508
231.0000 0.2552
232.0000 0.2594
233.0000 0.2635
234.0000 0.2675
235.0000 0.2713
236.0000 0.2751
237.0000 0.2786
238.0000 0.2821
239.0000 0.2855
240.0000 0.2887
241.0000 0.2919
242.0000 0.2949
243.0000 0.2979
244.0000 0.3007
245.0000 0.3034
246.0000 0.3061
247.0000 0.3087
248.0000 0.3112
249.0000 0.3136
250.0000 0.3159
251.0000 0.3182
252.0000 0.3203
253.0000 0.3224
254.0000 0.3245
255.0000 0.3265
256.0000 0.3284
257.0000 0.3302
258.0000 0.3320
259.0000 0.3337
260.0000 0.3354
261.0000 0.3370
262.0000 0.3386
263.0000 0.3401
264.0000 0.3415
265.0000 0.3429
266.0000 0.3443
267.0000 0.3456
268.0000 0.3469
269.0000 0.3481
270.0000 0.3493
271.0000 0.3505
272.0000 0.3516
273.0000 0.3527
274.0000 0.3537
275.0000 0.3548
276.0000 0.3557
277.0000 0.3567
278.0000 0.3576
279.0000 0.3585
280.0000 0.3593
281.0000 0.3602
282.0000 0.3610
283.0000 0.3617
284.0000 0.3625
285.0000 0.3632
286.0000 0.3639
287.0000 0.3646
288.0000 0.3653
289.0000 0.3659
290.0000 0.3665
291.0000 0.3671
292.0000 0.3677
293.0000 0.3682
294.0000 0.3688
295.0000 0.3693
296.0000 0.3698
297.0000 0.3703
298.0000 0.3707
299.0000 0.3712
300.0000 0.3716
301.0000 0.3721
302.0000 0.3725
303.0000 0.3729
304.0000 0.3733
305.0000 0.3736
306.0000 0.3740
307.0000 0.3743
308.0000 0.3747
309.0000 0.3750
310.0000 0.3753
311.0000 0.3756
312.0000 0.3759
313.0000 0.3762
314.0000 0.3765
315.0000 0.3767
316.0000 0.3770
317.0000 0.3773
318.0000 0.3775
319.0000 0.3777
320.0000 0.3780
321.0000 0.3782
322.0000 0.3784
323.0000 0.3786
324.0000 0.3788
325.0000 0.3790
326.0000 0.3792
327.0000 0.3793
328.0000 0.3795
329.0000 0.3797
330.0000 0.3798
331.0000 0.3800
332.0000 0.3801
333.0000 0.3803
334.0000 0.3804
335.0000 0.3806
336.0000 0.3807
337.0000 0.3808
338.0000 0.3810
339.0000 0.3811
340.0000 0.3812
341.0000 0.3813
342.0000 0.3814
343.0000 0.3815
344.0000 0.3816
345.0000 0.3817
346.0000 0.3818
347.0000 0.3819
348.0000 0.3820
349.0000 0.3821
350.0000 0.3822
351.0000 0.3822
352.0000 0.3823
353.0000 0.3824
354.0000 0.3825
355.0000 0.3825
356.0000 0.3826
357.0000 0.3827
358.0000 0.3827
359.0000 0.3828
360.0000 0.3829
361.0000 0.3829
362.0000 0.3830
363.0000 0.3830
364.0000 0.3831
365.0000 0.3831
366.0000 0.3832
367.0000 0.3832
368.0000 0.3833
369.0000 0.3833
370.0000 0.3834
371.0000 0.3834
372.0000 0.3834
373.0000 0.3835
374.0000 0.3835
375.0000 0.3836
376.0000 0.3836
377.0000 0.3836
378.0000 0.3837
379.0000 0.3837
380.0000 0.3837
381.0000 0.3837
382.0000 0.3838
383.0000 0.3838
384.0000 0.3838
385.0000 0.3839
386.0000 0.3839
387.0000 0.3839
388.0000 0.3839
389.0000 0.3839
390.0000 0.3840
391.0000 0.3840
392.0000 0.3840
393.0000 0.3840
394.0000 0.3840
395.0000 0.3841
396.0000 0.3841
397.0000 0.3841
398.0000 0.3841
399.0000 0.3841
400.0000 0.3842
401.0000 0.3842
402.0000 0.3842
403.0000 0.3842
404.0000 0.3842
405.0000 0.3842
406.0000 0.3842
407.0000 0.3842
408.0000 0.3843
409.0000 0.3843
410.0000 0.3843
411.0000 0.3843
412.0000 0.3843
413.0000 0.3843
414.0000 0.3843
415.0000 0.3843
416.0000 0.3843
417.0000 0.3844
418.0000 0.3844
419.0000 0.3844
420.0000 0.3844
421.0000 0.3844
422.0000 0.3844
423.0000 0.3844
424.0000 0.3844
425.0000 0.3844
426.0000 0.3844
427.0000 0.3844
428.0000 0.3844
429.0000 0.3844
430.0000 0.3844
431.0000 0.3845
432.0000 0.3845
433.0000 0.3845
434.0000 0.3845
435.0000 0.3845
436.0000 0.3845
437.0000 0.3845
438.0000 0.3845
439.0000 0.3845
440.0000 0.3845
441.0000 0.3845
442.0000 0.3845
443.0000 0.3845
444.0000 0.3845
445.0000 0.3845
446.0000 0.3845
447.0000 0.3845
448.0000 0.3845
449.0000 0.3845
450.0000 0.3845
451.0000 0.3845
452.0000 0.3845
453.0000 0.3845
454.0000 0.3845
455.0000 0.3845
456.0000 0.3845
457.0000 0.3845
458.0000 0.3845
459.0000 0.3846
460.0000 0.3846
461.0000 0.3846
462.0000 0.3846
463.0000 0.3846
464.0000 0.3846
465.0000 0.3846
466.0000 0.3846
467.0000 0.3846
468.0000 0.3846
469.0000 0.3846
470.0000 0.3846
471.0000 0.3846
472.0000 0.3846
473.0000 0.3846
474.0000 0.3846
475.0000 0.3846
476.0000 0.3846
477.0000 0.3846
478.0000 0.3846
479.0000 0.3846
480.0000 0.3846
481.0000 0.3846
482.0000 0.3846
483.0000 0.3846
484.0000 0.3846
485.0000 0.3846
486.0000 0.3846
487.0000 0.3846
488.0000 0.3846
489.0000 0.3846
490.0000 0.3846
491.0000 0.3846
492.0000 0.3846
493.0000 0.3846
494.0000 0.3846
495.0000 0.3846
496.0000 0.3846
497.0000 0.3846
498.0000 0.3846
499.0000 0.3846
500.0000 0.3846
501.0000 0.3846
502.0000 0.3846
503.0000 0.3846
504.0000 0.3846
505.0000 0.3846
506.0000 0.3846
507.0000 0.3846
508.0000 0.3846
509.0000 0.3846
510.0000 0.3846
511.0000 0.1196
512.0000 0.1030
513.0000 0.0871
514.0000 0.0716
515.0000 0.0566
516.0000 0.0422
517.0000 0.0282
518.0000 0.0147
519.0000 0.0016
520.0000 -0.0111
521.0000 -0.0233
522.0000 -0.0352
523.0000 -0.0466
524.0000 -0.0577
525.0000 -0.0684
526.0000 -0.0788
527.0000 -0.0888
528.0000 -0.0985
529.0000 -0.1079
530.0000 -0.1170
531.0000 -0.1258
532.0000 -0.1342
533.0000 -0.1424
534.0000 -0.1504
535.0000 -0.1581
536.0000 -0.1655
537.0000 -0.1727
538.0000 -0.1796
539.0000 -0.1863
540.0000 -0.1928
541.0000 -0.1991
542.0000 -0.2052
543.0000 -0.2111
544.0000 -0.2168
545.0000 -0.2223
546.0000 -0.2276
547.0000 -0.2328
548.0000 -0.2377
549.0000 -0.2425
550.0000 -0.2472
551.0000 -0.2517
552.0000 -0.2561
553.0000 -0.2603
554.0000 -0.2644
555.0000 -0.2683
556.0000 -0.2721
557.0000 -0.2758
558.0000 -0.2794
559.0000 -0.2828
560.0000 -0.2862
561.0000 -0.2894
562.0000 -0.2925
563.0000 -0.2955
564.0000 -0.2984
565.0000 -0.3013
566.0000 -0.3040
567.0000 -0.3066
568.0000 -0.3092
569.0000 -0.3117
570.0000 -0.3141
571.0000 -0.3164
572.0000 -0.3186
573.0000 -0.3208
574.0000 -0.3229
575.0000 -0.3249
576.0000 -0.3269
577.0000 -0.3287
578.0000 -0.3306
579.0000 -0.3324
580.0000 -0.3341
581.0000 -0.3357
582.0000 -0.3373
583.0000 -0.3389
584.0000 -0.3404
585.0000 -0.3418
586.0000 -0.3432
587.0000 -0.3446
588.0000 -0.3459
589.0000 -0.3472
590.0000 -0.3484
591.0000 -0.3496
592.0000 -0.3507
593.0000 -0.3518
594.0000 -0.3529
595.0000 -0.3540
596.0000 -0.3550
597.0000 -0.3559
598.0000 -0.3569
599.0000 -0.3578
600.0000 -0.3587
601.0000 -0.3595
602.0000 -0.3603
603.0000 -0.3611
604.0000 -0.3619
605.0000 -0.3626
606.0000 -0.3634
607.0000 -0.3641
608.0000 -0.3647
609.0000 -0.3654
610.0000 -0.3660
611.0000 -0.3666
612.0000 -0.3672
613.0000 -0.3678
614.0000 -0.3683
615.0000 -0.3689
616.0000 -0.3694
617.0000 -0.3699
618.0000 -0.3704
619.0000 -0.3708
620.0000 -0.3713
621.0000 -0.3717
622.0000 -0.3721
623.0000 -0.3726
624.0000 -0.3730
625.0000 -0.3733
626.0000 -0.3737
627.0000 -0.3741
628.0000 -0.3744
629.0000 -0.3747
630.0000 -0.3751
631.0000 -0.3754
632.0000 -0.3757
633.0000 -0.3760
634.0000 -0.3763
635.0000 -0.3765
636.0000 -0.3768
637.0000 -0.3771
638.0000 -0.3773
639.0000 -0.3775
640.0000 -0.3778
641.0000 -0.3780
642.0000 -0.3782
643.0000 -0.3784
644.0000 -0.3786
645.0000 -0.3788
646.0000 -0.3790
647.0000 -0.3792
648.0000 -0.3794
649.0000 -0.3795
650.0000 -0.3797
651.0000 -0.3799
652.0000 -0.3800
653.0000 -0.3802
654.0000 -0.3803
655.0000 -0.3805
656.0000 -0.3806
657.0000 -0.3807
658.0000 -0.3809
659.0000 -0.3810
660.0000 -0.3811
661.0000 -0.3812
662.0000 -0.3813
663.0000 -0.3814
664.0000 -0.3815
665.0000 -0.3816
666.0000 -0.3817
667.0000 -0.3818
668.0000 -0.3819
669.0000 -0.3820
670.0000 -0.3821
671.0000 -0.3822
672.0000 -0.3823
673.0000 -0.3823
674.0000 -0.3824
675.0000 -0.3825
676.0000 -0.3826
677.0000 -0.3826
678.0000 -0.3827
679.0000 -0.3828
680.0000 -0.3828
681.0000 -0.3829
682.0000 -0.3829
683.0000 -0.3830
684.0000 -0.3830
685.0000 -0.3831
686.0000 -0.3831
687.0000 -0.3832
688.0000 -0.3832
689.0000 -0.3833
690.0000 -0.3833
691.0000 -0.3834
692.0000 -0.3834
693.0000 -0.3834
694.0000 -0.3835
695.0000 -0.3835
696.0000 -0.3836
697.0000 -0.3836
698.0000 -0.3836
699.0000 -0.3837
700.0000 -0.3837
701.0000 -0.3837
702.0000 -0.3837
703.0000 -0.3838
704.0000 -0.3838
705.0000 -0.3838
706.0000 -0.3839
707.0000 -0.3839
708.0000 -0.3839
709.0000 -0.3839
710.0000 -0.3840
711.0000 -0.3840
712.0000 -0.3840
713.0000 -0.3840
714.0000 -0.3840
715.0000 -0.3841
716.0000 -0.3841
717.0000 -0.3841
718.0000 -0.3841
719.0000 -0.3841
720.0000 -0.3841
721.0000 -0.3842
722.0000 -0.3842
723.0000 -0.3842
724.0000 -0.3842
725.0000 -0.3842
726.0000 -0.3842
727.0000 -0.3842
728.0000 -0.3843
729.0000 -0.3843
730.0000 -0.3843
731.0000 -0.3843
732.0000 -0.3843
733.0000 -0.3843
734.0000 -0.3843
735.0000 -0.3843
736.0000 -0.3843
737.0000 -0.3843
738.0000 -0.3844
739.0000 -0.3844
740.0000 -0.3844
741.0000 -0.3844
742.0000 -0.3844
743.0000 -0.3844
744.0000 -0.3844
745.0000 -0.3844
746.0000 -0.3844
747.0000 -0.3844
748.0000 -0.3844
749.0000 -0.3844
750.0000 -0.3844
751.0000 -0.3844
752.0000 -0.3845
753.0000 -0.3845
754.0000 -0.3845
755.0000 -0.3845
756.0000 -0.3845
757.0000 -0.3845
758.0000 -0.3845
759.0000 -0.3845
760.0000 -0.3845
761.0000 -0.3845
762.0000 -0.3845
763.0000 -0.3845
764.0000 -0.3845
765.0000 -0.3845
766.0000 -0.3845
767.0000 -0.3845
768.0000 -0.3845
769.0000 -0.3845
770.0000 -0.3845
771.0000 -0.3845
772.0000 -0.3845
773.0000 -0.3845
774.0000 -0.3845
775.0000 -0.3845
776.0000 -0.3845
777.0000 -0.3845
778.0000 -0.3845
779.0000 -0.3845
780.0000 -0.3846
781.0000 -0.3846
782.0000 -0.3846
783.0000 -0.3846
784.0000 -0.3846
785.0000 -0.3846
786.0000 -0.3846
787.0000 -0.3846
788.0000 -0.3846
789.0000 -0.3846
790.0000 -0.3846
791.0000 -0.3846
792.0000 -0.3846
793.0000 -0.3846
794.0000 -0.3846
795.0000 -0.3846
796.0000 -0.3846
797.0000 -0.3846
798.0000 -0.3846
799.0000 -0.3846
800.0000 -0.3846
801.0000 -0.3846
802.0000 -0.3846
803.0000 -0.3846
804.0000 -0.3846
805.0000 -0.3846
806.0000 -0.3846
807.0000 -0.3846
808.0000 -0.3846
809.0000 -0.3846
810.0000 -0.3846
811.0000 0.0129
812.0000 0.0377
813.0000 0.0617
814.0000 0.0849
815.0000 0.1073
816.0000 0.1290
817.0000 0.1500
818.0000 0.1703
819.0000 0.1900
820.0000 0.2090
821.0000 0.2273
822.0000 0.2451
823.0000 0.2623
824.0000 0.2789
825.0000 0.2950
826.0000 0.3105
827.0000 0.3256
828.0000 0.3401
829.0000 0.3542
830.0000 0.3678
831.0000 0.3809
832.0000 0.3937
833.0000 0.4060
834.0000 0.4179
835.0000 0.4294
836.0000 0.4405
837.0000 0.4513
838.0000 0.4617
839.0000 0.4718
840.0000 0.4816
841.0000 0.4910
842.0000 0.5001
843.0000 0.5090
844.0000 0.5175
845.0000 0.5257
846.0000 0.5337
847.0000 0.5414
848.0000 0.5489
849.0000 0.5561
850.0000 0.5631
851.0000 0.5699
852.0000 0.5764
853.0000 0.5827
854.0000 0.5888
855.0000 0.5948
856.0000 0.6005
857.0000 0.6060
858.0000 0.6114
859.0000 0.6165
860.0000 0.6215
861.0000 0.6264
862.0000 0.6311
863.0000 0.6356
864.0000 0.6400
865.0000 0.6442
866.0000 0.6483
867.0000 0.6523
868.0000 0.6561
869.0000 0.6598
870.0000 0.6634
871.0000 0.6669
872.0000 0.6702
873.0000 0.6735
874.0000 0.6766
875.0000 0.6797
876.0000 0.6826
877.0000 0.6854
878.0000 0.6882
879.0000 0.6908
880.0000 0.6934
881.0000 0.6959
882.0000 0.6983
883.0000 0.7006
884.0000 0.7029
885.0000 0.7050
886.0000 0.7072
887.0000 0.7092
888.0000 0.7112
889.0000 0.7131
890.0000 0.7149
891.0000 0.7167
892.0000 0.7184
893.0000 0.7201
894.0000 0.7217
895.0000 0.7232
896.0000 0.7247
897.0000 0.7262
898.0000 0.7276
899.0000 0.7290
900.0000 0.7303
901.0000 0.7316
902.0000 0.7328
903.0000 0.7340
904.0000 0.7352
905.0000 0.7363
906.0000 0.7374
907.0000 0.7384
908.0000 0.7394
909.0000 0.7404
910.0000 0.7413
