1.0000 35.1200
2.0000 35.1200
3.0000 35.1200
4.0000 35.1200
5.0000 35.1200
6.0000 35.1200
7.0000 35.1200
8.0000 35.1200
9.0000 35.1200
10.0000 35.1200
11.0000 35.1800
12.0000 35.1200
13.0000 35.1800
14.0000 35.1800
15.0000 35.1800
16.0000 35.1800
17.0000 35.1800
18.0000 35.1800
19.0000 35.1800
20.0000 35.1800
21.0000 35.1800
22.0000 35.2500
23.0000 35.2500
24.0000 35.2500
25.0000 35.2500
26.0000 35.3100
27.0000 35.3100
28.0000 35.3700
29.0000 35.3700
30.0000 35.4300
31.0000 35.5000
32.0000 35.5000
33.0000 35.5600
34.0000 35.6200
35.0000 35.6800
36.0000 35.6800
37.0000 35.7500
38.0000 35.8100
39.0000 35.8700
40.0000 35.8700
41.0000 35.9300
42.0000 36.0000
43.0000 36.0000
44.0000 36.0600
45.0000 36.0600
46.0000 36.1200
47.0000 36.1800
48.0000 36.1800
49.0000 36.2500
50.0000 36.2500
51.0000 36.3100
52.0000 36.3700
53.0000 36.4300
54.0000 36.4300
55.0000 36.5000
56.0000 36.5600
57.0000 36.5600
58.0000 36.6200
59.0000 36.6200
60.0000 36.6800
61.0000 36.7500
62.0000 36.7500
63.0000 36.8100
64.0000 36.8100
65.0000 36.8700
66.0000 36.8700
67.0000 36.9300
68.0000 36.9300
69.0000 36.9300
70.0000 37.0000
71.0000 37.0600
72.0000 37.0600
73.0000 37.1200
74.0000 37.1200
75.0000 37.1200
76.0000 37.1800
77.0000 37.1800
78.0000 37.2500
79.0000 37.2500
80.0000 37.3100
81.0000 37.3100
82.0000 37.3100
83.0000 37.3100
84.0000 37.3100
85.0000 37.3700
86.0000 37.3700
87.0000 37.3700
88.0000 37.4300
89.0000 37.5000
90.0000 37.5000
91.0000 37.5600
92.0000 37.6200
93.0000 37.6200
94.0000 37.6800
95.0000 37.6800
96.0000 37.7500
97.0000 37.7500
98.0000 37.8100
99.0000 37.8100
100.0000 37.8100
101.0000 37.8700
102.0000 37.8700
103.0000 37.9300
104.0000 37.9300
105.0000 38.0000
106.0000 38.0000
107.0000 38.0000
108.0000 38.0600
109.0000 38.0600
110.0000 38.0600
111.0000 38.1200
112.0000 38.1200
113.0000 38.1200
114.0000 38.1800
115.0000 38.1800
116.0000 38.1800
117.0000 38.2500
118.0000 38.2500
119.0000 38.2500
120.0000 38.2500
121.0000 38.3100
122.0000 38.3100
123.0000 38.3100
124.0000 38.3100
125.0000 38.3100
126.0000 38.3100
127.0000 38.3700
128.0000 38.3100
129.0000 38.3100
130.0000 38.3100
131.0000 38.3100
132.0000 38.3100
133.0000 38.3100
134.0000 38.3100
135.0000 38.3100
136.0000 38.3100
137.0000 38.3100
138.0000 38.3700
139.0000 38.3700
140.0000 38.3700
141.0000 38.4300
142.0000 38.4300
143.0000 38.4300
144.0000 38.4300
145.0000 38.5000
146.0000 38.5000
147.0000 38.5600
148.0000 38.5600
149.0000 38.5600
150.0000 38.6200
151.0000 38.6200
152.0000 38.6200
153.0000 38.6200
154.0000 38.6200
155.0000 38.6200
156.0000 38.6200
157.0000 38.6800
158.0000 38.6800
159.0000 38.6800
160.0000 38.6800
161.0000 38.7500
162.0000 38.7500
163.0000 38.7500
164.0000 38.7500
165.0000 38.7500
166.0000 38.7500
167.0000 38.7500
168.0000 38.7500
169.0000 38.7500
170.0000 38.8100
171.0000 38.7500
172.0000 38.8100
173.0000 38.8100
174.0000 38.8100
175.0000 38.8100
176.0000 38.8100
177.0000 38.8700
178.0000 38.8700
179.0000 38.8700
180.0000 38.8700
181.0000 38.8700
182.0000 38.8700
183.0000 38.8700
184.0000 38.8700
185.0000 38.8700
186.0000 38.8700
187.0000 38.9300
188.0000 38.9300
189.0000 38.9300
190.0000 38.9300
191.0000 38.9300
192.0000 38.9300
193.0000 38.9300
194.0000 38.9300
195.0000 38.9300
196.0000 38.9300
197.0000 38.9300
198.0000 38.9300
199.0000 38.9300
200.0000 38.9300
201.0000 38.9300
202.0000 38.9300
203.0000 38.9300
204.0000 38.9300
205.0000 38.9300
206.0000 38.9300
207.0000 38.9300
208.0000 38.9300
209.0000 38.9300
210.0000 38.8700
211.0000 38.8700
212.0000 38.8700
213.0000 38.8700
214.0000 38.8700
215.0000 38.8700
216.0000 38.8700
217.0000 38.8700
218.0000 38.8700
219.0000 38.8700
220.0000 38.8700
221.0000 38.9300
222.0000 38.9300
223.0000 38.9300
224.0000 38.9300
225.0000 38.9300
226.0000 38.9300
227.0000 39.0000
228.0000 39.0000
229.0000 39.0000
230.0000 39.0000
231.0000 39.0600
232.0000 39.0600
233.0000 39.1200
234.0000 39.1200
235.0000 39.1200
236.0000 39.1200
237.0000 39.1200
238.0000 39.1200
239.0000 39.1200
240.0000 39.1200
241.0000 39.1200
242.0000 39.1200
243.0000 39.1200
244.0000 39.1200
245.0000 39.1200
246.0000 39.1200
247.0000 39.1800
248.0000 39.1800
249.0000 39.1800
250.0000 39.1800
251.0000 39.1800
252.0000 39.2500
253.0000 39.1800
254.0000 39.2500
255.0000 39.2500
256.0000 39.2500
257.0000 39.2500
258.0000 39.1800
259.0000 39.1800
260.0000 39.2500
261.0000 39.2500
262.0000 39.2500
263.0000 39.2500
264.0000 39.2500
265.0000 39.2500
266.0000 39.2500
267.0000 39.1800
268.0000 39.2500
269.0000 39.1800
270.0000 39.1800
271.0000 39.1800
272.0000 39.1800
273.0000 39.1800
274.0000 39.1800
275.0000 39.1800
276.0000 39.1800
277.0000 39.1800
278.0000 39.1800
279.0000 39.1800
280.0000 39.1800
281.0000 39.1800
282.0000 39.1800
283.0000 39.1800
284.0000 39.1800
285.0000 39.1800
286.0000 39.1800
287.0000 39.1800
288.0000 39.1800
289.0000 39.2500
290.0000 39.2500
291.0000 39.3100
292.0000 39.3100
293.0000 39.3100
294.0000 39.3100
295.0000 39.3100
296.0000 39.3100
297.0000 39.3100
298.0000 39.3700
299.0000 39.3700
300.0000 39.3700
301.0000 39.3700
302.0000 39.3700
303.0000 39.3700
304.0000 39.3700
305.0000 39.3700
306.0000 39.3700
307.0000 39.3700
308.0000 39.3700
309.0000 39.3700
310.0000 39.3700
