1.0000 36.0600
2.0000 36.0600
3.0000 36.1200
4.0000 36.0600
5.0000 36.0600
6.0000 36.0600
7.0000 36.0600
8.0000 36.0600
9.0000 36.0600
10.0000 36.0600
11.0000 36.0600
12.0000 36.0600
13.0000 36.0600
14.0000 36.0600
15.0000 36.0600
16.0000 36.0600
17.0000 36.0600
18.0000 36.0600
19.0000 36.1200
20.0000 36.1200
21.0000 36.1200
22.0000 36.1800
23.0000 36.1800
24.0000 36.2500
25.0000 36.3100
26.0000 36.3100
27.0000 36.3700
28.0000 36.4300
29.0000 36.5000
30.0000 36.5600
31.0000 36.6200
32.0000 36.6800
33.0000 36.7500
34.0000 36.8100
35.0000 36.9300
36.0000 37.0000
37.0000 37.1200
38.0000 37.1800
39.0000 37.3100
40.0000 37.3700
41.0000 37.5000
42.0000 37.5600
43.0000 37.6800
44.0000 37.7500
45.0000 37.8700
46.0000 37.9300
47.0000 38.0600
48.0000 38.1200
49.0000 38.2500
50.0000 38.3700
51.0000 38.4300
52.0000 38.5600
53.0000 38.6200
54.0000 38.6800
55.0000 38.7500
56.0000 38.8100
57.0000 38.9300
58.0000 39.0000
59.0000 39.0600
60.0000 39.1200
61.0000 39.1800
62.0000 39.2500
63.0000 39.3700
64.0000 39.4300
65.0000 39.5000
66.0000 39.5600
67.0000 39.6200
68.0000 39.6800
69.0000 39.7500
70.0000 39.8100
71.0000 39.8700
72.0000 40.0000
73.0000 40.0000
74.0000 40.0600
75.0000 40.1200
76.0000 40.1800
77.0000 40.2500
78.0000 40.3100
79.0000 40.3700
80.0000 40.4300
81.0000 40.5000
82.0000 40.5600
83.0000 40.6200
84.0000 40.6800
85.0000 40.7500
86.0000 40.8100
87.0000 40.8100
88.0000 40.8700
89.0000 40.9300
90.0000 41.0000
91.0000 41.0000
92.0000 41.0600
93.0000 41.1200
94.0000 41.1800
95.0000 41.1800
96.0000 41.2500
97.0000 41.3100
98.0000 41.3700
99.0000 41.4300
100.0000 41.4300
101.0000 41.5000
102.0000 41.5600
103.0000 41.5600
104.0000 41.6200
105.0000 41.6800
106.0000 41.6800
107.0000 41.7500
108.0000 41.8100
109.0000 41.8100
110.0000 41.8700
111.0000 41.9300
112.0000 41.9300
113.0000 42.0000
114.0000 42.0000
115.0000 42.0600
116.0000 42.0600
117.0000 42.0600
118.0000 42.1200
119.0000 42.1200
120.0000 42.1800
121.0000 42.1800
122.0000 42.1800
123.0000 42.2500
124.0000 42.2500
125.0000 42.2500
126.0000 42.2500
127.0000 42.2500
128.0000 42.3100
129.0000 42.3100
130.0000 42.3100
131.0000 42.3700
132.0000 42.3700
133.0000 42.3700
134.0000 42.4300
135.0000 42.4300
136.0000 42.4300
137.0000 42.5000
138.0000 42.5000
139.0000 42.5600
140.0000 42.5600
141.0000 42.6200
142.0000 42.6200
143.0000 42.6800
144.0000 42.6800
145.0000 42.6800
146.0000 42.7500
147.0000 42.7500
148.0000 42.7500
149.0000 42.8100
150.0000 42.8100
151.0000 42.8700
152.0000 42.8700
153.0000 42.8700
154.0000 42.9300
155.0000 42.9300
156.0000 42.9300
157.0000 42.9300
158.0000 42.9300
159.0000 43.0000
160.0000 43.0000
161.0000 43.0000
162.0000 43.0000
163.0000 43.0600
164.0000 43.0600
165.0000 43.0600
166.0000 43.1200
167.0000 43.1200
168.0000 43.1200
169.0000 43.1800
170.0000 43.1800
171.0000 43.1800
172.0000 43.2500
173.0000 43.2500
174.0000 43.2500
175.0000 43.2500
176.0000 43.3100
177.0000 43.3100
178.0000 43.3100
179.0000 43.3700
180.0000 43.3700
181.0000 43.3700
182.0000 43.3700
183.0000 43.4300
184.0000 43.4300
185.0000 43.4300
186.0000 43.4300
187.0000 43.4300
188.0000 43.5000
189.0000 43.5000
190.0000 43.5000
191.0000 43.5600
192.0000 43.5600
193.0000 43.5600
194.0000 43.5600
195.0000 43.6200
196.0000 43.6200
197.0000 43.6200
198.0000 43.6200
199.0000 43.6200
200.0000 43.6200
201.0000 43.6200
202.0000 43.6200
203.0000 43.6200
204.0000 43.6800
205.0000 43.6800
206.0000 43.6800
207.0000 43.6800
208.0000 43.6800
209.0000 43.6800
210.0000 43.7500
211.0000 43.7500
212.0000 43.7500
213.0000 43.7500
214.0000 43.7500
215.0000 43.7500
216.0000 43.7500
217.0000 43.7500
218.0000 43.7500
219.0000 43.7500
220.0000 43.7500
221.0000 43.7500
222.0000 43.7500
223.0000 43.7500
224.0000 43.8100
225.0000 43.8100
226.0000 43.7500
227.0000 43.8100
228.0000 43.8100
229.0000 43.8100
230.0000 43.8100
231.0000 43.8100
232.0000 43.8100
233.0000 43.8100
234.0000 43.8100
235.0000 43.8100
236.0000 43.8100
237.0000 43.8100
238.0000 43.8100
239.0000 43.8100
240.0000 43.8100
241.0000 43.8100
242.0000 43.8100
243.0000 43.8700
244.0000 43.8700
245.0000 43.8700
246.0000 43.8700
247.0000 43.8700
248.0000 43.9300
249.0000 43.9300
250.0000 43.9300
251.0000 43.9300
252.0000 43.8700
253.0000 43.8700
254.0000 43.8700
255.0000 43.8700
256.0000 43.9300
257.0000 43.9300
258.0000 43.9300
259.0000 43.9300
260.0000 43.9300
261.0000 44.0000
262.0000 44.0000
263.0000 44.0000
264.0000 44.0000
265.0000 44.0000
266.0000 44.0600
267.0000 44.0600
268.0000 44.0600
269.0000 44.0600
270.0000 44.0600
271.0000 44.1200
272.0000 44.1200
273.0000 44.1200
274.0000 44.1200
275.0000 44.1200
276.0000 44.1200
277.0000 44.1200
278.0000 44.1200
279.0000 44.1200
280.0000 44.1200
281.0000 44.1200
282.0000 44.1200
283.0000 44.1800
284.0000 44.1800
285.0000 44.1800
286.0000 44.1800
287.0000 44.1800
288.0000 44.1800
289.0000 44.1800
290.0000 44.1800
291.0000 44.1800
292.0000 44.2500
293.0000 44.1800
294.0000 44.2500
295.0000 44.2500
296.0000 44.2500
297.0000 44.2500
298.0000 44.2500
299.0000 44.2500
300.0000 44.2500
301.0000 44.2500
302.0000 44.2500
303.0000 44.3100
304.0000 44.2500
305.0000 44.2500
306.0000 44.2500
307.0000 44.1800
308.0000 44.1800
309.0000 44.1800
310.0000 44.2500
