1.0000 36.0000
2.0000 38.4840
3.0000 40.6268
4.0000 42.4532
5.0000 43.8415
6.0000 44.9818
7.0000 45.8961
8.0000 46.6057
9.0000 47.1308
10.0000 55.8409
11.0000 63.2576
12.0000 69.4822
13.0000 74.6134
14.0000 78.7474
15.0000 81.8520
16.0000 84.1616
17.0000 85.7674
18.0000 86.6322
19.0000 86.8576
20.0000 86.6642
21.0000 85.9767
22.0000 84.9005
23.0000 83.5094
24.0000 81.8781
25.0000 79.9409
26.0000 77.9419
27.0000 75.8068
28.0000 73.6409
29.0000 71.6397
30.0000 69.6960
31.0000 67.8800
32.0000 66.2039
33.0000 64.7122
34.0000 63.2721
35.0000 62.0314
36.0000 61.0081
37.0000 60.1689
38.0000 59.5192
39.0000 59.0164
40.0000 58.6593
41.0000 58.3997
42.0000 58.2348
43.0000 58.1170
44.0000 58.0432
45.0000 57.9697
46.0000 58.0223
47.0000 58.0405
48.0000 57.9867
49.0000 57.9988
50.0000 57.9021
51.0000 57.8423
52.0000 57.6740
53.0000 57.5026
54.0000 57.2128
55.0000 56.9363
56.0000 56.6431
57.0000 56.3504
58.0000 56.0519
59.0000 55.7463
60.0000 55.4095
61.0000 55.0662
62.0000 54.7152
63.0000 54.3589
64.0000 53.9758
65.0000 53.5922
66.0000 53.2092
67.0000 52.8265
68.0000 52.4244
69.0000 52.0256
70.0000 51.6303
71.0000 51.3640
72.0000 51.0835
73.0000 50.7691
74.0000 50.5695
75.0000 50.3430
76.0000 50.0920
77.0000 49.9424
78.0000 49.7530
79.0000 49.6511
80.0000 49.4756
81.0000 49.3798
82.0000 49.2239
83.0000 49.1374
84.0000 49.1086
85.0000 49.0003
86.0000 48.9428
87.0000 48.9268
88.0000 48.9427
89.0000 48.8573
90.0000 48.8052
91.0000 48.7792
92.0000 48.7734
93.0000 48.7836
94.0000 48.8042
95.0000 48.6856
96.0000 48.5892
97.0000 48.5106
98.0000 48.4468
99.0000 48.3951
100.0000 48.3523
101.0000 48.3179
102.0000 48.2889
103.0000 48.2651
104.0000 48.2444
105.0000 48.2258
106.0000 48.2087
107.0000 48.1919
108.0000 48.1747
109.0000 48.1570
110.0000 48.1391
111.0000 48.1219
112.0000 48.1040
113.0000 47.9599
114.0000 47.9554
115.0000 47.9480
116.0000 47.9369
117.0000 47.9225
118.0000 47.9053
119.0000 47.8861
120.0000 47.8639
121.0000 47.8390
122.0000 47.8115
123.0000 47.7830
124.0000 47.8985
125.0000 47.8470
126.0000 47.9422
127.0000 48.0180
128.0000 48.0749
129.0000 48.1153
130.0000 48.1402
131.0000 48.1523
132.0000 48.1530
133.0000 48.1420
134.0000 48.1219
135.0000 48.2183
136.0000 48.2913
137.0000 48.3430
138.0000 48.3754
139.0000 48.3897
140.0000 48.3889
141.0000 48.3744
142.0000 48.2247
143.0000 48.2093
144.0000 48.1864
145.0000 48.1583
146.0000 48.1246
147.0000 48.0880
148.0000 48.0488
149.0000 48.0074
150.0000 47.9649
151.0000 47.9227
152.0000 47.8821
153.0000 47.8441
154.0000 47.8083
155.0000 47.7761
156.0000 47.7473
157.0000 47.7211
158.0000 47.6974
159.0000 47.6762
160.0000 47.6576
161.0000 47.6398
162.0000 47.6236
163.0000 47.6079
164.0000 47.5939
165.0000 47.5810
166.0000 47.5682
167.0000 47.5555
168.0000 47.5429
169.0000 47.5286
170.0000 47.5138
171.0000 47.4975
172.0000 47.4806
173.0000 47.4627
174.0000 47.4432
175.0000 47.4226
176.0000 47.4008
177.0000 47.3783
178.0000 47.3553
179.0000 47.3327
180.0000 47.4345
181.0000 47.5195
182.0000 47.5877
183.0000 47.6420
184.0000 47.6833
185.0000 47.7121
186.0000 47.7299
187.0000 47.7376
188.0000 47.7365
189.0000 47.7277
190.0000 47.7113
191.0000 47.8142
192.0000 47.8957
193.0000 47.8308
194.0000 47.8907
195.0000 47.8079
196.0000 47.8520
197.0000 47.8808
198.0000 47.8985
199.0000 47.9068
200.0000 47.9070
201.0000 47.8988
202.0000 47.8842
203.0000 47.8650
204.0000 47.7173
205.0000 47.5833
206.0000 47.4637
207.0000 47.3590
208.0000 47.2675
209.0000 47.1883
210.0000 42.9468
211.0000 39.2904
212.0000 36.1762
213.0000 33.5623
214.0000 31.4071
215.0000 29.6708
216.0000 28.3144
217.0000 27.3011
218.0000 26.5946
219.0000 26.2862
220.0000 26.2004
221.0000 26.3074
222.0000 26.7242
223.0000 27.2592
224.0000 28.0096
225.0000 28.9273
226.0000 29.8390
227.0000 30.8425
228.0000 31.9150
229.0000 32.9942
230.0000 34.0500
231.0000 35.0558
232.0000 36.0121
233.0000 36.8813
234.0000 37.7783
235.0000 38.5777
236.0000 39.2565
237.0000 39.8192
238.0000 40.2740
239.0000 40.7775
240.0000 41.1751
241.0000 41.4824
242.0000 41.7326
243.0000 41.9185
244.0000 42.0558
245.0000 42.1570
246.0000 42.2584
247.0000 42.3484
248.0000 42.4376
249.0000 42.5358
250.0000 42.5263
251.0000 42.5791
252.0000 42.5478
253.0000 42.5770
254.0000 42.5426
255.0000 42.5852
256.0000 42.5756
257.0000 42.5265
258.0000 42.5761
259.0000 42.5899
260.0000 42.5767
261.0000 42.5431
262.0000 42.6419
263.0000 42.7112
264.0000 42.7572
265.0000 42.9093
266.0000 43.0295
267.0000 43.1229
268.0000 43.1934
269.0000 43.2454
270.0000 43.2821
271.0000 43.3058
272.0000 43.3176
273.0000 43.3201
274.0000 43.3159
275.0000 43.3071
276.0000 43.2930
277.0000 43.2764
278.0000 43.2587
279.0000 43.2405
280.0000 43.2240
281.0000 43.2109
282.0000 43.2010
283.0000 43.1955
284.0000 43.1940
285.0000 43.1980
286.0000 43.2071
287.0000 43.0970
288.0000 43.0089
289.0000 42.9419
290.0000 42.8943
291.0000 42.8634
292.0000 42.8482
293.0000 42.8456
294.0000 42.8534
295.0000 42.8716
296.0000 42.8982
297.0000 42.9315
298.0000 42.9707
299.0000 43.0138
300.0000 42.9130
301.0000 42.8323
302.0000 42.7696
303.0000 42.7230
304.0000 42.6895
305.0000 42.6662
306.0000 42.6506
307.0000 42.6413
308.0000 42.6369
309.0000 42.6359
310.0000 42.5119
311.0000 42.4047
312.0000 42.3115
313.0000 42.2302
314.0000 42.1596
315.0000 42.0973
316.0000 42.0421
317.0000 41.9930
318.0000 41.9487
319.0000 41.9080
320.0000 41.8710
321.0000 41.8375
322.0000 41.8070
323.0000 41.7795
324.0000 41.7553
325.0000 41.7333
326.0000 41.7135
327.0000 41.6954
328.0000 41.6795
329.0000 41.6648
330.0000 41.6512
331.0000 41.6379
332.0000 41.6245
333.0000 41.6117
334.0000 41.5988
335.0000 41.5862
336.0000 41.5728
337.0000 41.6840
338.0000 41.7770
339.0000 41.8539
340.0000 41.9153
341.0000 41.9627
342.0000 41.9965
343.0000 42.0180
344.0000 42.0284
345.0000 42.0287
346.0000 42.0205
347.0000 42.0044
348.0000 41.9818
349.0000 41.9537
350.0000 41.9210
351.0000 41.8845
352.0000 41.8450
353.0000 41.8033
354.0000 41.7612
355.0000 41.7190
356.0000 41.6781
357.0000 41.6392
358.0000 41.6029
359.0000 41.7156
360.0000 41.8112
361.0000 41.8920
362.0000 41.9587
363.0000 42.0132
364.0000 42.0560
365.0000 42.0885
366.0000 42.1116
367.0000 42.1263
368.0000 42.1333
369.0000 42.1339
370.0000 42.1285
371.0000 42.1181
372.0000 42.1026
373.0000 42.0829
374.0000 42.0603
375.0000 42.0355
376.0000 42.0095
377.0000 41.9830
378.0000 41.9565
379.0000 41.9307
380.0000 41.9067
381.0000 41.8845
382.0000 41.8647
383.0000 41.8468
384.0000 41.8315
385.0000 41.8187
386.0000 41.8086
387.0000 41.8009
388.0000 41.7954
389.0000 41.7914
390.0000 41.7895
391.0000 41.7891
392.0000 41.7893
393.0000 41.7904
394.0000 41.7915
395.0000 41.7927
396.0000 41.7942
397.0000 41.7957
398.0000 41.6502
399.0000 41.6700
400.0000 41.6874
401.0000 41.7032
402.0000 41.7171
403.0000 41.7290
404.0000 41.7385
405.0000 41.7464
406.0000 41.7523
407.0000 41.7560
408.0000 41.7581
409.0000 41.7591
410.0000 56.3704
411.0000 68.9733
412.0000 79.7139
413.0000 88.7360
414.0000 96.1808
415.0000 100.0000
416.0000 100.0000
417.0000 100.0000
418.0000 100.0000
419.0000 100.0000
420.0000 100.0000
421.0000 99.7826
422.0000 98.9679
423.0000 97.5205
424.0000 95.5568
425.0000 93.2077
426.0000 90.5831
427.0000 87.7078
428.0000 84.8415
429.0000 81.9401
430.0000 79.1260
431.0000 76.4617
432.0000 74.1585
433.0000 71.9710
434.0000 70.0969
435.0000 68.5279
436.0000 67.2889
437.0000 66.3475
438.0000 65.7061
439.0000 65.3153
440.0000 65.1647
441.0000 65.1931
442.0000 65.3871
443.0000 65.6843
444.0000 66.1914
445.0000 66.7100
446.0000 67.2269
447.0000 67.8391
448.0000 68.3549
449.0000 68.9050
450.0000 69.4544
451.0000 69.8318
452.0000 70.1833
453.0000 70.4907
454.0000 70.5956
455.0000 70.6559
456.0000 70.6675
457.0000 70.6068
458.0000 70.4956
459.0000 70.3401
460.0000 70.1428
461.0000 69.8916
462.0000 69.6145
463.0000 69.3207
464.0000 69.0141
465.0000 68.6826
466.0000 68.3559
467.0000 68.1624
468.0000 67.9635
469.0000 67.7618
470.0000 67.5394
471.0000 67.3238
472.0000 67.1161
473.0000 66.9173
474.0000 66.7047
475.0000 66.6265
476.0000 66.5410
477.0000 66.4464
478.0000 66.3422
479.0000 66.3518
480.0000 66.3104
481.0000 66.3681
482.0000 66.3825
483.0000 66.3551
484.0000 66.4152
485.0000 66.4209
486.0000 66.4985
487.0000 66.4900
488.0000 66.5489
489.0000 66.5378
490.0000 66.5869
491.0000 66.5602
492.0000 66.5904
493.0000 66.5444
494.0000 66.5551
495.0000 66.4672
496.0000 66.4372
497.0000 66.4562
498.0000 66.3910
499.0000 66.3792
500.0000 66.2869
501.0000 66.2531
502.0000 66.2678
503.0000 66.1995
504.0000 66.1838
505.0000 66.2139
506.0000 66.2843
507.0000 66.2414
508.0000 66.2451
509.0000 66.2894
510.0000 66.2439
511.0000 66.2476
512.0000 66.2936
513.0000 66.3758
514.0000 66.3609
515.0000 66.3882
516.0000 66.4506
517.0000 66.5424
518.0000 66.5338
519.0000 66.5635
520.0000 66.6245
521.0000 66.7111
522.0000 66.6727
523.0000 66.6721
524.0000 66.7020
525.0000 66.7598
526.0000 66.8401
527.0000 66.8138
528.0000 66.8171
529.0000 66.8473
530.0000 66.8992
531.0000 66.8467
532.0000 66.8286
533.0000 66.8376
534.0000 66.8714
535.0000 66.9250
536.0000 66.9974
537.0000 66.9600
538.0000 66.9523
539.0000 66.9679
540.0000 67.0051
541.0000 67.0596
542.0000 66.9848
543.0000 66.9436
544.0000 66.9320
545.0000 66.8216
546.0000 66.7488
547.0000 66.7110
548.0000 66.7026
549.0000 66.7192
550.0000 66.6321
551.0000 66.5810
552.0000 66.5622
553.0000 66.5728
554.0000 66.4817
555.0000 66.4299
556.0000 66.4117
557.0000 66.4223
558.0000 66.4575
559.0000 66.5137
560.0000 66.5878
561.0000 66.6741
562.0000 66.7713
563.0000 66.8751
564.0000 66.9856
565.0000 66.9533
566.0000 66.9421
567.0000 66.9489
568.0000 66.9710
569.0000 66.8781
570.0000 66.8117
571.0000 66.7666
572.0000 66.7423
573.0000 66.7348
574.0000 66.6162
575.0000 66.5267
576.0000 66.4640
577.0000 66.4257
578.0000 66.4102
579.0000 66.4160
580.0000 66.3132
581.0000 66.2437
582.0000 66.2025
583.0000 66.1884
584.0000 66.0507
585.0000 65.9519
586.0000 65.8870
587.0000 65.8520
588.0000 65.8431
589.0000 65.7317
590.0000 65.6541
591.0000 65.6071
592.0000 65.5879
593.0000 65.5906
594.0000 65.6136
595.0000 65.6520
596.0000 65.5767
597.0000 65.5270
598.0000 65.5020
599.0000 65.4976
600.0000 65.5100
601.0000 65.5331
602.0000 65.5655
603.0000 65.6055
604.0000 65.6520
605.0000 65.7009
606.0000 65.7520
607.0000 65.6803
608.0000 65.6253
609.0000 65.5837
610.0000 59.2938
611.0000 53.8752
612.0000 49.2630
613.0000 45.3937
614.0000 42.2057
615.0000 39.6388
616.0000 37.6355
617.0000 36.1404
618.0000 35.1007
619.0000 34.4661
620.0000 34.3142
621.0000 34.4578
622.0000 34.8529
623.0000 35.4620
624.0000 36.3662
625.0000 37.3753
626.0000 38.5647
627.0000 39.8928
628.0000 41.2750
629.0000 42.6579
630.0000 44.0007
631.0000 45.2871
632.0000 46.4657
633.0000 47.5174
634.0000 48.4292
635.0000 49.3420
636.0000 50.0894
637.0000 50.6782
638.0000 51.2653
639.0000 51.6985
640.0000 51.9957
641.0000 52.1982
642.0000 52.2988
643.0000 52.4446
644.0000 52.3901
645.0000 52.4412
646.0000 52.3270
647.0000 52.2079
648.0000 52.0974
649.0000 52.0292
650.0000 51.9890
651.0000 51.8605
652.0000 51.7904
653.0000 51.7812
654.0000 51.7106
655.0000 51.7406
656.0000 51.7177
657.0000 51.7799
658.0000 51.7990
659.0000 51.7830
660.0000 51.8657
661.0000 51.9098
662.0000 51.9225
663.0000 52.0336
664.0000 52.1067
665.0000 52.1460
666.0000 52.3025
667.0000 52.4151
668.0000 52.4892
669.0000 52.6559
670.0000 52.7776
671.0000 52.8594
672.0000 52.9041
673.0000 52.9175
674.0000 53.0307
675.0000 53.1064
676.0000 53.1469
677.0000 53.1586
678.0000 53.1474
679.0000 53.1160
680.0000 53.0699
681.0000 53.1390
682.0000 53.1828
683.0000 53.2070
684.0000 53.2135
685.0000 53.2081
686.0000 53.1936
687.0000 53.1739
688.0000 53.1500
689.0000 53.1255
690.0000 53.1013
691.0000 53.0774
692.0000 53.0570
693.0000 53.0384
694.0000 53.0217
695.0000 53.0089
696.0000 52.9997
697.0000 52.9935
698.0000 52.9923
699.0000 52.9942
700.0000 52.9982
701.0000 53.0023
702.0000 53.0066
703.0000 53.0130
704.0000 53.0205
705.0000 53.0279
706.0000 53.0341
707.0000 53.0390
708.0000 53.0424
709.0000 53.0441
710.0000 53.0433
711.0000 53.0362
712.0000 53.0214
713.0000 53.1438
714.0000 53.2378
715.0000 53.3038
716.0000 53.3443
717.0000 53.3613
718.0000 53.3570
719.0000 53.3332
720.0000 53.1475
721.0000 53.1147
722.0000 53.0698
723.0000 52.8687
724.0000 52.6808
725.0000 52.5058
726.0000 52.3448
727.0000 52.1980
728.0000 52.0671
729.0000 51.9518
730.0000 51.8526
731.0000 51.7683
732.0000 51.6988
733.0000 51.6447
734.0000 51.6043
735.0000 51.5771
736.0000 51.5605
737.0000 51.5533
738.0000 51.5535
739.0000 51.5601
740.0000 51.5707
741.0000 51.5839
742.0000 51.5966
743.0000 51.6077
744.0000 51.6157
745.0000 51.6196
746.0000 51.6194
747.0000 51.6135
748.0000 51.6024
749.0000 51.5860
750.0000 51.5644
751.0000 51.5374
752.0000 51.5053
753.0000 51.4680
754.0000 51.4272
755.0000 51.3824
756.0000 51.3350
757.0000 51.2860
758.0000 51.3820
759.0000 51.3113
760.0000 51.2419
761.0000 51.3213
762.0000 51.2368
763.0000 51.3030
764.0000 51.3532
765.0000 51.3891
766.0000 51.4124
767.0000 51.4244
768.0000 51.4261
769.0000 51.4199
770.0000 51.5313
771.0000 51.6193
772.0000 51.6853
773.0000 51.7319
774.0000 51.7612
775.0000 51.7752
776.0000 51.7757
777.0000 51.7642
778.0000 51.7421
779.0000 51.7109
780.0000 51.6730
781.0000 51.6293
782.0000 51.5818
783.0000 51.5307
784.0000 51.4778
785.0000 51.4243
786.0000 51.3714
787.0000 51.3202
788.0000 51.2714
789.0000 51.2252
790.0000 51.1834
791.0000 51.1455
792.0000 51.1110
793.0000 51.2060
794.0000 51.2869
795.0000 51.3554
796.0000 51.4128
797.0000 51.4600
798.0000 51.4965
799.0000 51.5232
800.0000 51.5408
801.0000 51.5512
802.0000 51.5546
803.0000 51.5510
804.0000 51.5406
805.0000 51.5249
806.0000 51.5035
807.0000 51.4766
808.0000 51.4459
809.0000 51.4128
810.0000 53.4646
811.0000 55.2284
812.0000 56.7265
813.0000 57.9801
814.0000 59.0101
815.0000 59.8364
816.0000 60.4784
817.0000 60.9545
818.0000 61.2820
819.0000 61.4778
820.0000 61.5573
821.0000 61.5354
822.0000 61.4268
823.0000 61.2440
824.0000 60.8768
825.0000 60.4829
826.0000 60.0786
827.0000 59.6777
828.0000 59.2945
829.0000 58.8161
830.0000 58.3931
831.0000 58.0322
832.0000 57.5909
833.0000 57.2368
834.0000 56.9685
835.0000 56.7823
836.0000 56.5479
837.0000 56.4017
838.0000 56.3348
839.0000 56.3380
840.0000 56.2759
841.0000 56.2810
842.0000 56.3437
843.0000 56.4528
844.0000 56.4721
845.0000 56.5361
846.0000 56.6335
847.0000 56.6090
848.0000 56.6210
849.0000 56.6606
850.0000 56.5953
851.0000 56.5605
852.0000 56.5505
853.0000 56.5599
854.0000 56.4580
855.0000 56.3835
856.0000 56.3326
857.0000 56.3017
858.0000 56.2865
859.0000 56.2850
860.0000 56.1698
861.0000 56.0819
862.0000 56.0180
863.0000 55.9760
864.0000 55.9525
865.0000 55.7994
866.0000 55.6802
867.0000 55.5909
868.0000 55.5280
869.0000 55.4875
870.0000 55.4663
871.0000 55.4613
872.0000 55.3455
873.0000 55.2586
874.0000 55.1963
875.0000 55.1549
876.0000 55.1324
877.0000 55.1251
878.0000 55.0046
879.0000 54.9114
880.0000 54.8412
881.0000 54.7901
882.0000 54.7556
883.0000 54.7342
884.0000 54.8496
885.0000 54.8309
886.0000 54.9455
887.0000 54.9231
888.0000 54.9066
889.0000 54.8935
890.0000 54.8832
891.0000 55.0004
892.0000 55.1009
893.0000 55.1860
894.0000 55.2564
895.0000 55.3118
896.0000 55.3532
897.0000 55.3818
898.0000 55.3977
899.0000 55.4029
900.0000 55.3990
901.0000 55.3882
902.0000 55.3714
903.0000 55.3488
904.0000 55.3217
905.0000 55.2914
906.0000 55.2594
907.0000 55.2265
908.0000 55.1941
909.0000 55.0379
910.0000 54.9014
911.0000 54.7854
912.0000 54.6899
913.0000 54.7398
914.0000 54.7914
915.0000 54.7201
916.0000 54.6679
917.0000 54.7585
918.0000 54.8481
919.0000 54.9360
920.0000 55.0215
921.0000 54.9785
922.0000 54.9488
923.0000 54.9307
924.0000 54.9217
925.0000 54.9199
926.0000 55.0486
927.0000 55.0383
928.0000 55.1563
929.0000 55.2592
930.0000 55.3472
931.0000 55.4210
932.0000 55.4816
933.0000 55.5294
934.0000 55.5660
935.0000 55.5924
936.0000 55.6099
937.0000 55.6195
938.0000 55.6221
939.0000 55.6182
940.0000 55.6089
941.0000 55.5950
942.0000 55.5781
943.0000 55.5591
944.0000 55.5390
945.0000 55.5189
946.0000 55.4995
947.0000 55.4817
948.0000 55.4661
949.0000 55.4530
950.0000 55.4427
951.0000 55.4354
952.0000 55.4315
953.0000 55.4308
954.0000 55.4331
955.0000 55.4384
956.0000 55.4461
957.0000 55.4557
958.0000 55.4672
959.0000 55.4800
960.0000 55.4938
961.0000 55.5080
962.0000 55.5224
963.0000 55.5366
964.0000 55.5506
965.0000 55.5641
966.0000 55.5768
967.0000 55.5886
968.0000 55.5994
969.0000 55.6090
970.0000 55.6174
971.0000 55.6244
972.0000 55.6305
973.0000 55.6355
974.0000 55.6396
975.0000 55.6429
976.0000 55.6454
977.0000 55.6475
978.0000 55.6494
979.0000 55.6513
980.0000 55.6530
981.0000 55.6550
982.0000 55.6570
983.0000 55.6595
984.0000 55.6624
985.0000 55.6656
986.0000 55.6691
987.0000 55.6729
988.0000 55.6770
989.0000 55.6815
990.0000 55.6861
991.0000 55.6909
992.0000 55.6962
993.0000 55.7015
994.0000 55.7070
995.0000 55.7126
996.0000 55.7181
997.0000 55.7234
998.0000 55.7289
999.0000 55.7344
1000.0000 55.7399
1001.0000 55.7450
1002.0000 55.7498
1003.0000 55.7544
1004.0000 55.7589
1005.0000 55.7631
1006.0000 55.7672
1007.0000 55.7714
1008.0000 55.7755
1009.0000 55.7793
1010.0000 43.2587
1011.0000 32.4586
1012.0000 23.2537
1013.0000 15.3956
1014.0000 8.9057
1015.0000 3.6651
1016.0000 0.0000
1017.0000 0.0000
1018.0000 0.0000
1019.0000 0.0000
1020.0000 0.0000
1021.0000 0.1632
1022.0000 0.9856
1023.0000 2.3492
1024.0000 4.1536
1025.0000 6.4319
1026.0000 8.9052
1027.0000 11.5913
1028.0000 14.3939
1029.0000 17.1855
1030.0000 19.9020
1031.0000 22.4487
1032.0000 24.9192
1033.0000 27.1319
1034.0000 29.1650
1035.0000 30.8887
1036.0000 32.4283
1037.0000 33.6312
1038.0000 34.6675
1039.0000 35.5470
1040.0000 36.1395
1041.0000 36.6338
1042.0000 36.9038
1043.0000 37.0153
1044.0000 37.1357
1045.0000 37.1377
1046.0000 37.0846
1047.0000 36.9869
1048.0000 36.9000
1049.0000 36.8263
1050.0000 36.8122
1051.0000 36.8510
1052.0000 36.8312
1053.0000 36.8023
1054.0000 36.8878
1055.0000 36.9639
1056.0000 37.0654
1057.0000 37.1801
1058.0000 37.4434
1059.0000 37.7358
1060.0000 38.0395
1061.0000 38.2286
1062.0000 38.4483
1063.0000 38.6947
1064.0000 38.9885
1065.0000 39.3010
1066.0000 39.5040
1067.0000 39.7385
1068.0000 40.0002
1069.0000 40.1613
1070.0000 40.3814
1071.0000 40.5058
1072.0000 40.6731
1073.0000 40.7530
1074.0000 40.8851
1075.0000 40.9389
1076.0000 40.9255
1077.0000 40.8571
1078.0000 40.8695
1079.0000 40.8309
1080.0000 40.7519
1081.0000 40.6406
1082.0000 40.5060
1083.0000 40.3555
1084.0000 40.1939
1085.0000 40.0280
1086.0000 39.8647
1087.0000 39.7063
1088.0000 39.7022
1089.0000 39.6884
1090.0000 39.6691
1091.0000 39.6468
1092.0000 39.6228
1093.0000 39.5968
1094.0000 39.5703
1095.0000 39.5441
1096.0000 39.5195
1097.0000 39.3508
1098.0000 39.2034
1099.0000 39.2201
1100.0000 39.2335
1101.0000 39.0941
1102.0000 38.9699
1103.0000 38.8582
1104.0000 38.7583
1105.0000 38.6687
1106.0000 38.5875
1107.0000 38.5153
1108.0000 38.4512
1109.0000 38.3941
1110.0000 38.3423
1111.0000 38.2933
1112.0000 38.2467
1113.0000 38.2017
1114.0000 38.1597
1115.0000 38.2645
1116.0000 38.3502
1117.0000 38.4175
1118.0000 38.4667
1119.0000 38.4977
1120.0000 38.5130
1121.0000 38.5141
1122.0000 38.5016
1123.0000 38.4763
1124.0000 38.4408
1125.0000 38.3945
1126.0000 38.3389
1127.0000 38.4007
1128.0000 38.4407
1129.0000 38.4595
1130.0000 38.4609
1131.0000 38.4451
1132.0000 38.4148
1133.0000 38.3751
1134.0000 38.3268
1135.0000 38.2730
1136.0000 38.2130
1137.0000 38.2743
1138.0000 38.3155
1139.0000 38.3409
1140.0000 38.3510
1141.0000 38.3492
1142.0000 38.3347
1143.0000 38.3099
1144.0000 38.2766
1145.0000 38.2358
1146.0000 38.1908
1147.0000 38.1412
1148.0000 38.0889
1149.0000 38.1606
1150.0000 38.2141
1151.0000 38.2509
1152.0000 38.2723
1153.0000 38.2792
1154.0000 38.2750
1155.0000 38.2598
1156.0000 38.2360
1157.0000 38.2055
1158.0000 38.1693
1159.0000 38.1282
1160.0000 38.0826
1161.0000 38.1811
1162.0000 38.2568
1163.0000 38.3127
1164.0000 38.3490
1165.0000 38.3688
1166.0000 38.3744
1167.0000 38.3677
1168.0000 38.3502
1169.0000 38.3258
1170.0000 38.2945
1171.0000 38.2590
1172.0000 38.2185
1173.0000 38.1747
1174.0000 38.1289
1175.0000 38.0817
1176.0000 38.0340
1177.0000 37.9862
1178.0000 37.9384
1179.0000 38.0160
1180.0000 38.0789
1181.0000 38.1275
1182.0000 38.1645
1183.0000 38.1894
1184.0000 38.2045
1185.0000 38.2114
1186.0000 38.3363
1187.0000 38.4375
1188.0000 38.5169
1189.0000 38.5758
1190.0000 38.6183
1191.0000 38.6446
1192.0000 38.6551
1193.0000 38.6531
1194.0000 38.6387
1195.0000 38.6146
1196.0000 38.5834
1197.0000 38.6721
1198.0000 38.7372
1199.0000 38.7818
1200.0000 38.8087
1201.0000 38.8229
1202.0000 38.8260
1203.0000 38.8192
1204.0000 38.8038
1205.0000 38.7837
1206.0000 38.7588
1207.0000 38.7291
1208.0000 38.6974
1209.0000 38.6654
1210.0000 38.6318
