1.0000 36.1200
2.0000 36.1200
3.0000 36.5000
4.0000 36.5000
5.0000 36.5000
6.0000 36.5000
7.0000 36.5600
8.0000 36.5000
9.0000 36.5000
10.0000 36.5000
11.0000 36.5000
12.0000 36.5000
13.0000 36.5000
14.0000 36.5000
15.0000 36.5000
16.0000 36.5000
17.0000 36.5000
18.0000 36.5000
19.0000 36.5000
20.0000 36.5000
21.0000 36.5000
22.0000 36.5600
23.0000 36.5600
24.0000 36.5600
25.0000 36.6200
26.0000 36.6800
27.0000 36.7500
28.0000 36.8100
29.0000 36.8700
30.0000 36.9300
31.0000 37.0000
32.0000 37.0600
33.0000 37.1800
34.0000 37.3100
35.0000 37.3700
36.0000 37.5000
37.0000 37.6200
38.0000 37.6800
39.0000 37.8100
40.0000 37.9300
41.0000 38.0600
42.0000 38.1800
43.0000 38.3100
44.0000 38.4300
45.0000 38.5600
46.0000 38.6800
47.0000 38.8100
48.0000 38.9300
49.0000 39.0600
50.0000 39.1800
51.0000 39.3100
52.0000 39.4300
53.0000 39.5000
54.0000 39.6200
55.0000 39.6800
56.0000 39.8100
57.0000 39.8700
58.0000 39.9300
59.0000 40.0000
60.0000 40.0600
61.0000 40.1200
62.0000 40.1800
63.0000 40.2500
64.0000 40.2500
65.0000 40.3100
66.0000 40.3100
67.0000 40.3100
68.0000 40.3100
69.0000 40.3100
70.0000 40.3100
71.0000 40.3100
72.0000 40.3100
73.0000 40.2500
74.0000 40.2500
75.0000 40.1800
76.0000 40.1200
77.0000 40.0600
78.0000 40.0000
79.0000 39.9300
80.0000 39.8700
81.0000 39.8100
82.0000 39.7500
83.0000 39.6800
84.0000 39.5600
85.0000 39.5000
86.0000 39.4300
87.0000 39.3700
88.0000 39.3100
89.0000 39.2500
90.0000 39.1200
91.0000 39.0600
92.0000 39.0600
93.0000 39.0000
94.0000 38.9300
95.0000 38.8700
96.0000 38.8100
97.0000 38.7500
98.0000 38.7500
99.0000 38.6800
100.0000 38.6800
101.0000 38.6800
102.0000 38.6200
103.0000 38.6200
104.0000 38.6200
105.0000 38.6200
106.0000 38.6200
107.0000 38.6200
108.0000 38.6200
109.0000 38.6800
110.0000 38.6800
111.0000 38.7500
112.0000 38.7500
113.0000 38.8100
114.0000 38.8700
115.0000 38.8700
116.0000 38.9300
117.0000 39.0000
118.0000 39.0600
119.0000 39.1200
120.0000 39.1800
121.0000 39.2500
122.0000 39.3100
123.0000 39.3700
124.0000 39.3700
125.0000 39.4300
126.0000 39.5000
127.0000 39.6200
128.0000 39.6200
129.0000 39.7500
130.0000 39.8100
131.0000 39.8100
132.0000 39.9300
133.0000 40.0000
134.0000 40.0600
135.0000 40.1200
136.0000 40.1800
137.0000 40.2500
138.0000 40.2500
139.0000 40.3100
140.0000 40.3700
141.0000 40.3700
142.0000 40.4300
143.0000 40.5000
144.0000 40.5000
145.0000 40.5000
146.0000 40.5000
147.0000 40.5000
148.0000 40.5000
149.0000 40.5600
150.0000 40.5600
151.0000 40.5000
152.0000 40.5000
153.0000 40.5000
154.0000 40.5000
155.0000 40.5000
156.0000 40.4300
157.0000 40.4300
158.0000 40.4300
159.0000 40.3700
160.0000 40.3700
161.0000 40.3100
162.0000 40.3100
163.0000 40.2500
164.0000 40.2500
165.0000 40.1800
166.0000 40.1800
167.0000 40.1200
168.0000 40.1200
169.0000 40.0600
170.0000 40.0000
171.0000 40.0000
172.0000 39.9300
173.0000 39.9300
174.0000 39.8700
175.0000 39.8700
176.0000 39.8100
177.0000 39.8100
178.0000 39.8100
179.0000 39.7500
180.0000 39.7500
181.0000 39.7500
182.0000 39.7500
183.0000 39.7500
184.0000 39.6800
185.0000 39.6800
186.0000 39.6800
187.0000 39.6800
188.0000 39.6800
189.0000 39.6800
190.0000 39.6800
191.0000 39.6800
192.0000 39.6800
193.0000 39.7500
194.0000 39.7500
195.0000 39.7500
196.0000 39.8100
197.0000 39.8100
198.0000 39.8100
199.0000 39.8700
200.0000 39.8700
201.0000 39.9300
202.0000 40.0000
203.0000 40.0000
204.0000 40.0600
205.0000 40.0600
206.0000 40.1200
207.0000 40.1800
208.0000 40.2500
209.0000 40.3100
210.0000 40.3100
211.0000 40.3700
212.0000 40.3700
213.0000 40.3700
214.0000 40.3700
215.0000 40.4300
216.0000 40.4300
217.0000 40.5000
218.0000 40.5000
219.0000 40.5000
220.0000 40.5600
221.0000 40.5600
222.0000 40.5600
223.0000 40.5600
224.0000 40.5600
225.0000 40.5600
226.0000 40.5000
227.0000 40.5000
228.0000 40.4300
229.0000 40.3700
230.0000 40.3700
231.0000 40.2500
232.0000 40.1800
233.0000 40.1200
234.0000 40.0000
235.0000 39.9300
236.0000 39.8100
237.0000 39.7500
238.0000 39.6800
239.0000 39.5600
240.0000 39.4300
241.0000 39.3100
242.0000 39.1800
243.0000 39.0600
244.0000 38.9300
245.0000 38.8700
246.0000 38.7500
247.0000 38.6200
248.0000 38.5000
249.0000 38.3700
250.0000 38.2500
251.0000 38.1200
252.0000 38.0000
253.0000 37.8700
254.0000 37.8100
255.0000 37.6800
256.0000 37.6200
257.0000 37.5600
258.0000 37.4300
259.0000 37.3700
260.0000 37.3700
261.0000 37.3100
262.0000 37.3100
263.0000 37.3100
264.0000 37.2500
265.0000 37.2500
266.0000 37.2500
267.0000 37.2500
268.0000 37.2500
269.0000 37.3100
270.0000 37.3100
271.0000 37.3700
272.0000 37.3700
273.0000 37.4300
274.0000 37.5000
275.0000 37.5600
276.0000 37.6200
277.0000 37.6800
278.0000 37.8100
279.0000 37.8700
280.0000 37.9300
281.0000 38.0000
282.0000 38.0600
283.0000 38.1200
284.0000 38.1800
285.0000 38.2500
286.0000 38.3700
287.0000 38.4300
288.0000 38.5600
289.0000 38.6200
290.0000 38.6800
291.0000 38.8100
292.0000 38.8700
293.0000 38.9300
294.0000 39.0000
295.0000 39.0600
296.0000 39.1200
297.0000 39.1800
298.0000 39.2500
299.0000 39.2500
300.0000 39.3100
301.0000 39.3100
302.0000 39.3700
303.0000 39.3700
304.0000 39.3700
305.0000 39.3700
306.0000 39.3700
307.0000 39.3700
308.0000 39.3700
309.0000 39.3100
310.0000 39.3100
311.0000 39.2500
312.0000 39.2500
313.0000 39.1800
314.0000 39.1200
315.0000 39.0600
316.0000 39.0600
317.0000 39.0000
318.0000 38.9300
319.0000 38.8700
320.0000 38.7500
321.0000 38.6800
322.0000 38.6200
323.0000 38.5600
324.0000 38.4300
325.0000 38.3700
326.0000 38.3100
327.0000 38.2500
328.0000 38.1800
329.0000 38.1200
330.0000 38.0600
331.0000 38.0000
332.0000 37.9300
333.0000 37.8700
334.0000 37.8100
335.0000 37.7500
336.0000 37.7500
337.0000 37.6800
338.0000 37.6200
339.0000 37.6200
340.0000 37.6200
341.0000 37.5600
342.0000 37.5600
343.0000 37.5600
344.0000 37.5000
345.0000 37.5000
346.0000 37.5600
347.0000 37.5600
348.0000 37.5600
349.0000 37.5600
350.0000 37.6200
351.0000 37.6200
352.0000 37.6800
353.0000 37.6800
354.0000 37.7500
355.0000 37.8100
356.0000 37.8100
357.0000 37.8700
358.0000 37.9300
359.0000 38.0000
360.0000 38.0600
361.0000 38.1200
362.0000 38.1800
363.0000 38.1800
364.0000 38.2500
365.0000 38.3100
366.0000 38.3700
367.0000 38.4300
368.0000 38.4300
369.0000 38.5000
370.0000 38.5600
371.0000 38.6200
372.0000 38.6200
373.0000 38.6800
374.0000 38.6800
375.0000 38.7500
376.0000 38.7500
377.0000 38.8100
378.0000 38.8100
379.0000 38.8100
380.0000 38.8700
381.0000 38.8700
382.0000 38.8700
383.0000 38.8700
384.0000 38.8700
385.0000 38.8700
386.0000 38.8700
387.0000 38.8700
388.0000 38.8700
389.0000 38.8700
390.0000 38.8700
391.0000 38.8100
392.0000 38.8100
393.0000 38.7500
394.0000 38.7500
395.0000 38.6800
396.0000 38.6800
397.0000 38.6200
398.0000 38.6200
399.0000 38.5600
400.0000 38.5000
401.0000 38.4300
402.0000 38.4300
403.0000 38.3700
404.0000 38.3100
405.0000 38.2500
406.0000 38.2500
407.0000 38.1800
408.0000 38.1200
409.0000 38.1200
410.0000 38.0600
411.0000 38.0000
412.0000 38.0000
413.0000 37.9300
414.0000 37.9300
415.0000 37.8700
416.0000 37.8700
417.0000 37.8700
418.0000 37.8100
419.0000 37.8100
420.0000 37.8100
421.0000 37.8100
422.0000 37.8100
423.0000 37.8700
424.0000 37.9300
425.0000 38.0000
426.0000 38.0600
427.0000 38.1200
428.0000 38.2500
429.0000 38.3700
430.0000 38.4300
431.0000 38.5600
432.0000 38.6800
433.0000 38.8100
434.0000 38.9300
435.0000 39.0600
436.0000 39.2500
437.0000 39.3700
438.0000 39.5600
439.0000 39.6800
440.0000 39.8700
441.0000 40.0000
442.0000 40.1800
443.0000 40.3100
444.0000 40.5000
445.0000 40.6200
446.0000 40.8100
447.0000 40.9300
448.0000 41.0600
449.0000 41.1800
450.0000 41.3700
451.0000 41.5000
452.0000 41.6200
453.0000 41.7500
454.0000 41.8700
455.0000 41.9300
456.0000 42.0600
457.0000 42.1800
458.0000 42.2500
459.0000 42.3100
460.0000 42.3700
461.0000 42.4300
462.0000 42.4300
463.0000 42.4300
464.0000 42.4300
465.0000 42.4300
466.0000 42.4300
467.0000 42.4300
468.0000 42.4300
469.0000 42.3700
470.0000 42.3100
471.0000 42.2500
472.0000 42.1800
473.0000 42.1200
474.0000 42.0600
475.0000 42.0000
476.0000 41.8700
477.0000 41.7500
478.0000 41.6800
479.0000 41.5600
480.0000 41.4300
481.0000 41.3700
482.0000 41.2500
483.0000 41.1200
484.0000 41.0000
485.0000 40.8700
486.0000 40.8100
487.0000 40.6800
488.0000 40.5600
489.0000 40.5000
490.0000 40.3700
491.0000 40.3100
492.0000 40.1800
493.0000 40.1200
494.0000 40.0600
495.0000 40.0000
496.0000 40.0000
497.0000 39.9300
498.0000 39.9300
499.0000 39.8700
500.0000 39.8700
501.0000 39.8700
502.0000 39.8700
503.0000 39.8700
504.0000 39.8700
505.0000 39.9300
506.0000 39.9300
507.0000 40.0000
508.0000 40.0000
509.0000 40.0600
510.0000 40.1200
511.0000 40.1800
512.0000 40.3100
513.0000 40.3700
514.0000 40.4300
515.0000 40.5000
516.0000 40.6200
517.0000 40.6800
518.0000 40.7500
519.0000 40.8700
520.0000 41.0000
521.0000 41.0600
522.0000 41.1800
523.0000 41.2500
524.0000 41.3700
525.0000 41.4300
526.0000 41.5000
527.0000 41.6200
528.0000 41.6800
529.0000 41.8100
530.0000 41.8700
531.0000 42.0000
532.0000 42.0600
533.0000 42.1200
534.0000 42.2500
535.0000 42.3100
536.0000 42.3700
537.0000 42.4300
538.0000 42.5000
539.0000 42.5600
540.0000 42.6200
541.0000 42.6800
542.0000 42.7500
543.0000 42.8100
544.0000 42.8100
545.0000 42.8700
546.0000 42.9300
547.0000 42.9300
548.0000 43.0000
549.0000 43.0000
550.0000 43.0600
551.0000 43.0600
552.0000 43.0600
553.0000 43.1200
554.0000 43.1200
555.0000 43.1200
556.0000 43.1200
557.0000 43.1200
558.0000 43.1200
559.0000 43.1200
560.0000 43.1200
561.0000 43.1200
562.0000 43.1200
563.0000 43.1200
564.0000 43.1200
565.0000 43.1200
566.0000 43.1200
567.0000 43.1200
568.0000 43.1200
569.0000 43.1200
570.0000 43.1200
571.0000 43.1200
572.0000 43.1200
573.0000 43.0600
574.0000 43.0600
575.0000 43.0600
576.0000 43.0600
577.0000 43.0600
578.0000 43.0600
579.0000 43.0600
580.0000 43.0600
581.0000 43.0600
582.0000 43.0600
583.0000 43.0600
584.0000 43.1200
585.0000 43.1200
586.0000 43.1200
587.0000 43.1200
588.0000 43.1800
589.0000 43.1800
590.0000 43.1800
591.0000 43.1800
592.0000 43.1800
593.0000 43.2500
594.0000 43.2500
595.0000 43.2500
596.0000 43.3100
597.0000 43.3100
598.0000 43.3100
599.0000 43.3700
600.0000 43.4300
601.0000 43.4300
602.0000 43.5000
603.0000 43.5000
604.0000 43.5600
605.0000 43.5600
606.0000 43.5600
607.0000 43.6200
608.0000 43.6200
609.0000 43.6800
610.0000 43.6800
611.0000 43.7500
612.0000 43.7500
613.0000 43.8100
614.0000 43.8700
615.0000 43.8700
616.0000 43.8700
617.0000 43.8700
618.0000 43.8700
619.0000 43.9300
620.0000 43.9300
621.0000 43.9300
622.0000 43.9300
623.0000 43.9300
624.0000 43.9300
625.0000 43.9300
626.0000 43.9300
627.0000 43.8700
628.0000 43.8700
629.0000 43.8100
630.0000 43.7500
631.0000 43.6800
632.0000 43.6200
633.0000 43.5600
634.0000 43.5000
635.0000 43.3700
636.0000 43.3100
637.0000 36.1200
638.0000 36.1200
639.0000 36.1200
640.0000 36.1200
641.0000 36.1200
642.0000 36.1200
643.0000 36.1200
644.0000 36.1200
645.0000 36.1200
646.0000 36.1200
647.0000 36.1200
648.0000 36.1200
649.0000 36.1200
650.0000 36.1200
651.0000 36.1200
652.0000 36.1200
653.0000 36.1200
654.0000 36.1200
655.0000 36.1200
656.0000 36.1200
657.0000 36.1200
658.0000 36.1200
659.0000 36.1200
660.0000 36.1200
661.0000 36.1200
662.0000 36.1200
663.0000 36.1200
664.0000 36.1200
665.0000 36.1200
666.0000 36.1200
667.0000 36.1200
668.0000 36.1200
669.0000 36.1200
670.0000 36.1200
671.0000 36.1200
672.0000 36.1200
673.0000 36.1200
674.0000 36.1200
675.0000 36.1200
676.0000 36.1200
677.0000 36.1200
678.0000 36.1200
679.0000 36.1200
680.0000 36.1200
681.0000 36.1200
682.0000 36.1200
683.0000 36.1200
684.0000 36.1200
685.0000 36.1200
686.0000 36.1200
687.0000 36.1200
688.0000 36.1200
689.0000 36.1200
690.0000 36.1200
691.0000 36.1200
692.0000 36.1200
693.0000 36.1200
694.0000 36.1200
695.0000 36.1200
696.0000 36.1200
697.0000 36.1200
698.0000 36.1200
699.0000 36.1200
700.0000 36.1200
701.0000 36.1200
702.0000 36.1200
703.0000 36.1200
704.0000 36.1200
705.0000 36.1200
706.0000 36.1200
707.0000 36.1200
708.0000 36.1200
709.0000 36.1200
710.0000 36.1200
711.0000 36.1200
712.0000 36.1200
713.0000 36.1200
714.0000 36.1200
715.0000 36.1200
716.0000 36.1200
717.0000 36.1200
718.0000 36.1200
719.0000 36.1200
720.0000 36.1200
721.0000 36.1200
722.0000 36.1200
723.0000 36.1200
724.0000 36.1200
725.0000 36.1200
726.0000 36.1200
727.0000 36.1200
728.0000 36.1200
729.0000 36.1200
730.0000 36.1200
731.0000 36.1200
732.0000 36.1200
733.0000 36.1200
734.0000 36.1200
735.0000 36.1200
736.0000 36.1200
737.0000 36.1200
738.0000 36.1200
739.0000 36.1200
740.0000 36.1200
741.0000 36.1200
742.0000 36.1200
743.0000 36.1200
744.0000 36.1200
745.0000 36.1200
746.0000 36.1200
747.0000 36.1200
748.0000 36.1200
749.0000 36.1200
750.0000 36.1200
751.0000 36.1200
752.0000 36.1200
753.0000 36.1200
754.0000 36.1200
755.0000 36.1200
756.0000 36.1200
757.0000 36.1200
758.0000 36.1200
759.0000 36.1200
760.0000 36.1200
761.0000 36.1200
762.0000 36.1200
763.0000 36.1200
764.0000 36.1200
765.0000 36.1200
766.0000 36.1200
767.0000 36.1200
768.0000 36.1200
769.0000 36.1200
770.0000 36.1200
771.0000 36.1200
772.0000 36.1200
773.0000 36.1200
774.0000 36.1200
775.0000 36.1200
776.0000 36.1200
777.0000 36.1200
778.0000 36.1200
779.0000 36.1200
780.0000 36.1200
781.0000 36.1200
782.0000 36.1200
783.0000 36.1200
784.0000 36.1200
785.0000 36.1200
786.0000 36.1200
787.0000 36.1200
788.0000 36.1200
789.0000 36.1200
790.0000 36.1200
791.0000 36.1200
792.0000 36.1200
793.0000 36.1200
794.0000 36.1200
795.0000 36.1200
796.0000 36.1200
797.0000 36.1200
798.0000 36.1200
799.0000 36.1200
800.0000 36.1200
801.0000 36.1200
802.0000 36.1200
803.0000 36.1200
804.0000 36.1200
805.0000 36.1200
806.0000 36.1200
807.0000 36.1200
808.0000 36.1200
809.0000 36.1200
810.0000 36.1200
811.0000 36.1200
812.0000 36.1200
813.0000 36.1200
814.0000 36.1200
815.0000 36.1200
816.0000 36.1200
817.0000 36.1200
818.0000 36.1200
819.0000 36.1200
820.0000 36.1200
821.0000 36.1200
822.0000 36.1200
823.0000 36.1200
824.0000 36.1200
825.0000 36.1200
826.0000 36.1200
827.0000 36.1200
828.0000 36.1200
829.0000 36.1200
830.0000 36.1200
831.0000 36.1200
832.0000 36.1200
833.0000 36.1200
834.0000 36.1200
835.0000 36.1200
836.0000 36.1200
837.0000 36.1200
838.0000 36.1200
839.0000 36.1200
840.0000 36.1200
841.0000 36.1200
842.0000 36.1200
843.0000 36.1200
844.0000 36.1200
845.0000 36.1200
846.0000 36.1200
847.0000 36.1200
848.0000 36.1200
849.0000 36.1200
850.0000 36.1200
851.0000 36.1200
852.0000 36.1200
853.0000 36.1200
854.0000 36.1200
855.0000 36.1200
856.0000 36.1200
857.0000 36.1200
858.0000 36.1200
859.0000 36.1200
860.0000 36.1200
861.0000 36.1200
862.0000 36.1200
863.0000 36.1200
864.0000 36.1200
865.0000 36.1200
866.0000 36.1200
867.0000 36.1200
868.0000 36.1200
869.0000 36.1200
870.0000 36.1200
871.0000 36.1200
872.0000 36.1200
873.0000 36.1200
874.0000 36.1200
875.0000 36.1200
876.0000 36.1200
877.0000 36.1200
878.0000 36.1200
879.0000 36.1200
880.0000 36.1200
881.0000 36.1200
882.0000 36.1200
883.0000 36.1200
884.0000 36.1200
885.0000 36.1200
886.0000 36.1200
887.0000 36.1200
888.0000 36.1200
889.0000 36.1200
890.0000 36.1200
891.0000 36.1200
892.0000 36.1200
893.0000 36.1200
894.0000 36.1200
895.0000 36.1200
896.0000 36.1200
897.0000 36.1200
898.0000 36.1200
899.0000 36.1200
900.0000 36.1200
901.0000 36.1200
902.0000 36.1200
903.0000 36.1200
904.0000 36.1200
905.0000 36.1200
906.0000 36.1200
907.0000 36.1200
908.0000 36.1200
909.0000 36.1200
910.0000 36.1200
911.0000 36.1200
912.0000 36.1200
913.0000 36.1200
914.0000 36.1200
915.0000 36.1200
916.0000 36.1200
917.0000 36.1200
918.0000 36.1200
919.0000 36.1200
920.0000 36.1200
921.0000 36.1200
922.0000 36.1200
923.0000 36.1200
924.0000 36.1200
925.0000 36.1200
926.0000 36.1200
927.0000 36.1200
928.0000 36.1200
929.0000 36.1200
930.0000 36.1200
931.0000 36.1200
932.0000 36.1200
933.0000 36.1200
934.0000 36.1200
935.0000 36.1200
936.0000 36.1200
937.0000 36.1200
938.0000 36.1200
939.0000 36.1200
940.0000 36.1200
941.0000 36.1200
942.0000 36.1200
943.0000 36.1200
944.0000 36.1200
945.0000 36.1200
946.0000 36.1200
947.0000 36.1200
948.0000 36.1200
949.0000 36.1200
950.0000 36.1200
951.0000 36.1200
952.0000 36.1200
953.0000 36.1200
954.0000 36.1200
955.0000 36.1200
956.0000 36.1200
957.0000 36.1200
958.0000 36.1200
959.0000 36.1200
960.0000 36.1200
961.0000 36.1200
962.0000 36.1200
963.0000 36.1200
964.0000 36.1200
965.0000 36.1200
966.0000 36.1200
967.0000 36.1200
968.0000 36.1200
969.0000 36.1200
970.0000 36.1200
971.0000 36.1200
972.0000 36.1200
973.0000 36.1200
974.0000 36.1200
975.0000 36.1200
976.0000 36.1200
977.0000 36.1200
978.0000 36.1200
979.0000 36.1200
980.0000 36.1200
981.0000 36.1200
982.0000 36.1200
983.0000 36.1200
984.0000 36.1200
985.0000 36.1200
986.0000 36.1200
987.0000 36.1200
988.0000 36.1200
989.0000 36.1200
990.0000 36.1200
991.0000 36.1200
992.0000 36.1200
993.0000 36.1200
994.0000 36.1200
995.0000 36.1200
996.0000 36.1200
997.0000 36.1200
998.0000 36.1200
999.0000 36.1200
1000.0000 36.1200
1001.0000 36.1200
1002.0000 36.1200
1003.0000 36.1200
1004.0000 36.1200
1005.0000 36.1200
1006.0000 36.1200
1007.0000 36.1200
1008.0000 36.1200
1009.0000 36.1200
1010.0000 36.1200
1011.0000 36.1200
1012.0000 36.1200
1013.0000 36.1200
1014.0000 36.1200
1015.0000 36.1200
1016.0000 36.1200
1017.0000 36.1200
1018.0000 36.1200
1019.0000 36.1200
1020.0000 36.1200
1021.0000 36.1200
1022.0000 36.1200
1023.0000 36.1200
1024.0000 36.1200
1025.0000 36.1200
1026.0000 36.1200
1027.0000 36.1200
1028.0000 36.1200
1029.0000 36.1200
1030.0000 36.1200
1031.0000 36.1200
1032.0000 36.1200
1033.0000 36.1200
1034.0000 36.1200
1035.0000 36.1200
1036.0000 36.1200
1037.0000 36.1200
1038.0000 36.1200
1039.0000 36.1200
1040.0000 36.1200
1041.0000 36.1200
1042.0000 36.1200
1043.0000 36.1200
1044.0000 36.1200
1045.0000 36.1200
1046.0000 36.1200
1047.0000 36.1200
1048.0000 36.1200
1049.0000 36.1200
1050.0000 36.1200
1051.0000 36.1200
1052.0000 36.1200
1053.0000 36.1200
1054.0000 36.1200
1055.0000 36.1200
1056.0000 36.1200
1057.0000 36.1200
1058.0000 36.1200
1059.0000 36.1200
1060.0000 36.1200
1061.0000 36.1200
1062.0000 36.1200
1063.0000 36.1200
1064.0000 36.1200
1065.0000 36.1200
1066.0000 36.1200
1067.0000 36.1200
1068.0000 36.1200
1069.0000 36.1200
1070.0000 36.1200
1071.0000 36.1200
1072.0000 36.1200
1073.0000 36.1200
1074.0000 36.1200
1075.0000 36.1200
1076.0000 36.1200
1077.0000 36.1200
1078.0000 36.1200
1079.0000 36.1200
1080.0000 36.1200
1081.0000 36.1200
1082.0000 36.1200
1083.0000 36.1200
1084.0000 36.1200
1085.0000 36.1200
1086.0000 36.1200
1087.0000 36.1200
1088.0000 36.1200
1089.0000 36.1200
1090.0000 36.1200
1091.0000 36.1200
1092.0000 36.1200
1093.0000 36.1200
1094.0000 36.1200
1095.0000 36.1200
1096.0000 36.1200
1097.0000 36.1200
1098.0000 36.1200
1099.0000 36.1200
1100.0000 36.1200
1101.0000 36.1200
1102.0000 36.1200
1103.0000 36.1200
1104.0000 36.1200
1105.0000 36.1200
1106.0000 36.1200
1107.0000 36.1200
1108.0000 36.1200
1109.0000 36.1200
1110.0000 36.1200
1111.0000 36.1200
1112.0000 36.1200
1113.0000 36.1200
1114.0000 36.1200
1115.0000 36.1200
1116.0000 36.1200
1117.0000 36.1200
1118.0000 36.1200
1119.0000 36.1200
1120.0000 36.1200
1121.0000 36.1200
1122.0000 36.1200
1123.0000 36.1200
1124.0000 36.1200
1125.0000 36.1200
1126.0000 36.1200
1127.0000 36.1200
1128.0000 36.1200
1129.0000 36.1200
1130.0000 36.1200
1131.0000 36.1200
1132.0000 36.1200
1133.0000 36.1200
1134.0000 36.1200
1135.0000 36.1200
1136.0000 36.1200
1137.0000 36.1200
1138.0000 36.1200
1139.0000 36.1200
1140.0000 36.1200
1141.0000 36.1200
1142.0000 36.1200
1143.0000 36.1200
1144.0000 36.1200
1145.0000 36.1200
1146.0000 36.1200
1147.0000 36.1200
1148.0000 36.1200
1149.0000 36.1200
1150.0000 36.1200
1151.0000 36.1200
1152.0000 36.1200
1153.0000 36.1200
1154.0000 36.1200
1155.0000 36.1200
1156.0000 36.1200
1157.0000 36.1200
1158.0000 36.1200
1159.0000 36.1200
1160.0000 36.1200
1161.0000 36.1200
1162.0000 36.1200
1163.0000 36.1200
1164.0000 36.1200
1165.0000 36.1200
1166.0000 36.1200
1167.0000 36.1200
1168.0000 36.1200
1169.0000 36.1200
1170.0000 36.1200
1171.0000 36.1200
1172.0000 36.1200
1173.0000 36.1200
1174.0000 36.1200
1175.0000 36.1200
1176.0000 36.1200
1177.0000 36.1200
1178.0000 36.1200
1179.0000 36.1200
1180.0000 36.1200
1181.0000 36.1200
1182.0000 36.1200
1183.0000 36.1200
1184.0000 36.1200
1185.0000 36.1200
1186.0000 36.1200
1187.0000 36.1200
1188.0000 36.1200
1189.0000 36.1200
1190.0000 36.1200
1191.0000 36.1200
1192.0000 36.1200
1193.0000 36.1200
1194.0000 36.1200
1195.0000 36.1200
1196.0000 36.1200
1197.0000 36.1200
1198.0000 36.1200
1199.0000 36.1200
1200.0000 36.1200
1201.0000 36.1200
1202.0000 36.1200
1203.0000 36.1200
1204.0000 36.1200
1205.0000 36.1200
1206.0000 36.1200
1207.0000 36.1200
1208.0000 36.1200
1209.0000 36.1200
1210.0000 36.1200
