1.0000 36.1200
2.0000 36.1200
3.0000 36.1200
4.0000 36.1200
5.0000 36.1200
6.0000 36.1200
7.0000 36.1200
8.0000 36.1200
9.0000 36.1200
10.0000 36.1200
11.0000 36.1200
12.0000 36.1200
13.0000 36.1200
14.0000 36.1200
15.0000 36.1200
16.0000 36.1200
17.0000 36.1200
18.0000 36.1800
19.0000 36.1800
20.0000 36.1800
21.0000 36.2500
22.0000 36.3100
23.0000 36.3100
24.0000 36.3700
25.0000 36.4300
26.0000 36.5000
27.0000 36.5600
28.0000 36.6800
29.0000 36.7500
30.0000 36.8100
31.0000 36.9300
32.0000 37.0000
33.0000 37.1200
34.0000 37.1800
35.0000 37.3100
36.0000 37.3700
37.0000 37.5000
38.0000 37.6200
39.0000 37.6800
40.0000 37.8100
41.0000 37.9300
42.0000 38.0600
43.0000 38.1200
44.0000 38.2500
45.0000 38.3700
46.0000 38.4300
47.0000 38.5600
48.0000 38.6800
49.0000 38.7500
50.0000 38.8700
51.0000 39.0000
52.0000 39.0600
53.0000 39.1800
54.0000 39.2500
55.0000 39.3700
56.0000 39.5000
57.0000 39.5600
58.0000 39.6800
59.0000 39.7500
60.0000 39.8100
61.0000 39.9300
62.0000 40.0000
63.0000 40.1200
64.0000 40.1800
65.0000 40.2500
66.0000 40.3100
67.0000 40.4300
68.0000 40.5000
69.0000 40.5600
70.0000 40.6200
71.0000 40.6800
72.0000 40.7500
73.0000 40.8100
74.0000 40.8100
75.0000 40.8700
76.0000 40.8700
77.0000 40.9300
78.0000 41.0000
79.0000 41.0600
80.0000 41.0600
81.0000 41.1200
82.0000 41.1200
83.0000 41.1800
84.0000 41.1800
85.0000 41.2500
86.0000 41.2500
87.0000 41.2500
88.0000 41.2500
89.0000 41.2500
90.0000 41.2500
91.0000 41.2500
92.0000 41.3100
93.0000 41.3100
94.0000 41.3100
95.0000 41.3100
96.0000 41.2500
97.0000 41.2500
98.0000 41.2500
99.0000 41.2500
100.0000 41.2500
101.0000 41.2500
102.0000 41.2500
103.0000 41.2500
104.0000 41.2500
105.0000 41.2500
106.0000 41.2500
107.0000 41.1800
108.0000 41.1800
109.0000 41.1200
110.0000 41.1200
111.0000 41.1200
112.0000 41.0600
113.0000 41.0600
114.0000 41.0000
115.0000 41.0000
116.0000 40.9300
117.0000 40.9300
118.0000 40.9300
119.0000 40.8700
120.0000 40.8700
121.0000 40.8100
122.0000 40.8100
123.0000 40.7500
124.0000 40.7500
125.0000 40.6800
126.0000 40.6800
127.0000 40.6200
128.0000 40.6200
129.0000 40.5600
130.0000 40.5600
131.0000 40.5600
132.0000 40.5000
133.0000 40.5000
134.0000 40.5000
135.0000 40.4300
136.0000 40.4300
137.0000 40.3700
138.0000 40.3700
139.0000 40.3700
140.0000 40.3700
141.0000 40.3100
142.0000 40.3100
143.0000 40.3100
144.0000 40.3100
145.0000 40.2500
146.0000 40.2500
147.0000 40.2500
148.0000 40.2500
149.0000 40.2500
150.0000 40.2500
151.0000 40.1800
152.0000 40.1800
153.0000 40.1800
154.0000 40.1800
155.0000 40.1800
156.0000 40.1200
157.0000 40.1200
158.0000 40.1200
159.0000 40.1200
160.0000 40.1200
161.0000 40.1200
162.0000 40.1200
163.0000 40.1200
164.0000 40.1200
165.0000 40.1200
166.0000 40.1200
167.0000 40.1200
168.0000 40.1200
169.0000 40.1200
170.0000 40.1200
171.0000 40.1200
172.0000 40.1200
173.0000 40.1200
174.0000 40.1200
175.0000 40.1200
176.0000 40.1200
177.0000 40.1200
178.0000 40.1200
179.0000 40.1200
180.0000 40.1200
181.0000 40.1200
182.0000 40.1200
183.0000 40.1200
184.0000 40.1200
185.0000 40.1200
186.0000 40.1200
187.0000 40.1800
188.0000 40.1800
189.0000 40.1800
190.0000 40.1800
191.0000 40.1800
192.0000 40.1800
193.0000 40.1800
194.0000 40.1800
195.0000 40.1800
196.0000 40.1800
197.0000 40.1800
198.0000 40.1800
199.0000 40.1800
200.0000 40.1800
201.0000 40.1800
202.0000 40.1800
203.0000 40.1800
204.0000 40.1800
205.0000 40.1800
206.0000 40.1800
207.0000 40.1800
208.0000 40.1800
209.0000 40.1800
210.0000 40.1800
211.0000 40.1800
212.0000 40.1800
213.0000 40.1800
214.0000 40.1800
215.0000 40.1800
216.0000 40.1800
217.0000 40.1800
218.0000 40.1800
219.0000 40.1800
220.0000 40.1200
221.0000 40.1200
222.0000 40.1200
223.0000 40.0600
224.0000 40.0000
225.0000 40.0000
226.0000 39.9300
227.0000 39.8700
228.0000 39.8100
229.0000 39.7500
230.0000 39.6800
231.0000 39.6200
232.0000 39.5600
233.0000 39.5000
234.0000 39.4300
235.0000 39.3700
236.0000 39.3100
237.0000 39.2500
238.0000 39.1800
239.0000 39.0600
240.0000 39.0000
241.0000 38.9300
242.0000 38.8700
243.0000 38.8100
244.0000 38.7500
245.0000 38.6800
246.0000 38.5600
247.0000 38.5000
248.0000 38.4300
249.0000 38.3700
250.0000 38.3100
251.0000 38.2500
252.0000 38.1800
253.0000 38.1200
254.0000 38.1200
255.0000 38.0000
256.0000 38.0000
257.0000 37.9300
258.0000 37.8700
259.0000 37.8100
260.0000 37.7500
261.0000 37.7500
262.0000 37.6800
263.0000 37.6800
264.0000 37.6200
265.0000 37.6200
266.0000 37.5600
267.0000 37.5600
268.0000 37.5600
269.0000 37.5000
270.0000 37.5000
271.0000 37.5000
272.0000 37.5000
273.0000 37.5000
274.0000 37.5000
275.0000 37.5000
276.0000 37.4300
277.0000 37.4300
278.0000 37.4300
279.0000 37.5000
280.0000 37.5000
281.0000 37.5000
282.0000 37.5000
283.0000 37.5000
284.0000 37.5000
285.0000 37.5000
286.0000 37.5600
287.0000 37.5600
288.0000 37.5600
289.0000 37.5600
290.0000 37.5600
291.0000 37.6200
292.0000 37.6200
293.0000 37.6200
294.0000 37.6800
295.0000 37.6800
296.0000 37.7500
297.0000 37.7500
298.0000 37.8100
299.0000 37.8100
300.0000 37.8100
301.0000 37.8700
302.0000 37.8700
303.0000 37.8700
304.0000 37.9300
305.0000 37.9300
306.0000 37.9300
307.0000 37.9300
308.0000 38.0000
309.0000 38.0000
310.0000 38.0600
311.0000 38.0600
312.0000 38.0600
313.0000 38.0600
314.0000 38.1200
315.0000 38.1200
316.0000 38.1200
317.0000 38.1200
318.0000 38.1200
319.0000 38.1800
320.0000 38.1800
321.0000 38.1800
322.0000 38.1800
323.0000 38.2500
324.0000 38.2500
325.0000 38.2500
326.0000 38.2500
327.0000 38.3100
328.0000 38.3100
329.0000 38.3100
330.0000 38.3100
331.0000 38.3100
332.0000 38.3100
333.0000 38.3100
334.0000 38.3100
335.0000 38.3100
336.0000 38.3100
337.0000 38.3100
338.0000 38.3100
339.0000 38.3100
340.0000 38.2500
341.0000 38.2500
342.0000 38.2500
343.0000 38.2500
344.0000 38.2500
345.0000 38.2500
346.0000 38.2500
347.0000 38.2500
348.0000 38.2500
349.0000 38.1800
350.0000 38.1800
351.0000 38.1800
352.0000 38.1800
353.0000 38.1800
354.0000 38.1800
355.0000 38.1800
356.0000 38.1200
357.0000 38.1200
358.0000 38.1200
359.0000 38.1200
360.0000 38.1200
361.0000 38.1200
362.0000 38.1200
363.0000 38.1200
364.0000 38.1200
365.0000 38.1200
366.0000 38.1200
367.0000 38.1200
368.0000 38.1200
369.0000 38.1200
370.0000 38.1200
371.0000 38.1200
372.0000 38.1200
373.0000 38.1200
374.0000 38.0600
375.0000 38.0600
376.0000 38.0600
377.0000 38.1200
378.0000 38.0600
379.0000 38.1200
380.0000 38.0600
381.0000 38.0600
382.0000 38.0600
383.0000 38.0600
384.0000 38.0600
385.0000 38.0600
386.0000 38.0600
387.0000 38.0600
388.0000 38.0600
389.0000 38.0600
390.0000 38.0600
391.0000 38.0600
392.0000 38.0600
393.0000 38.0600
394.0000 38.0600
395.0000 38.0600
396.0000 38.0600
397.0000 38.0600
398.0000 38.0600
399.0000 38.0600
400.0000 38.0600
401.0000 38.0600
402.0000 38.0600
403.0000 38.0600
404.0000 38.0600
405.0000 38.0600
406.0000 38.0600
407.0000 38.0600
408.0000 38.0600
409.0000 38.0600
410.0000 38.0600
411.0000 38.0600
412.0000 38.0600
413.0000 38.0600
414.0000 38.0600
415.0000 38.0600
416.0000 38.0600
417.0000 38.0600
418.0000 38.1200
419.0000 38.1200
420.0000 38.1200
421.0000 38.1800
422.0000 38.1800
423.0000 38.2500
424.0000 38.2500
425.0000 38.3100
426.0000 38.3700
427.0000 38.3700
428.0000 38.4300
429.0000 38.5000
430.0000 38.5600
431.0000 38.6200
432.0000 38.6800
433.0000 38.7500
434.0000 38.8100
435.0000 38.8700
436.0000 38.9300
437.0000 39.0000
438.0000 39.0600
439.0000 39.1200
440.0000 39.1800
441.0000 39.2500
442.0000 39.3700
443.0000 39.4300
444.0000 39.5600
445.0000 39.6200
446.0000 39.6800
447.0000 39.8100
448.0000 39.8700
449.0000 40.0000
450.0000 40.0600
451.0000 40.1800
452.0000 40.2500
453.0000 40.3100
454.0000 40.4300
455.0000 40.5000
456.0000 40.6200
457.0000 40.6800
458.0000 40.7500
459.0000 40.8700
460.0000 40.9300
461.0000 41.0600
462.0000 41.1200
463.0000 41.1800
464.0000 41.3100
465.0000 41.3700
466.0000 41.4300
467.0000 41.5600
468.0000 41.6800
469.0000 41.7500
470.0000 41.8100
471.0000 41.9300
472.0000 42.0000
473.0000 42.0600
474.0000 42.1800
475.0000 42.2500
476.0000 42.3700
477.0000 42.4300
478.0000 42.5000
479.0000 42.6200
480.0000 42.6800
481.0000 42.7500
482.0000 42.8100
483.0000 42.8700
484.0000 42.9300
485.0000 43.0600
486.0000 43.1200
487.0000 43.1800
488.0000 43.2500
489.0000 43.3100
490.0000 43.3700
491.0000 43.4300
492.0000 43.5000
493.0000 43.5600
494.0000 43.6200
495.0000 43.6800
496.0000 43.7500
497.0000 43.8100
498.0000 43.8700
499.0000 43.9300
500.0000 43.9300
501.0000 44.0000
502.0000 44.0600
503.0000 44.1200
504.0000 44.1800
505.0000 44.2500
506.0000 44.2500
507.0000 44.3100
508.0000 44.3700
509.0000 44.3700
510.0000 44.4300
511.0000 44.5000
512.0000 44.5000
513.0000 44.5600
514.0000 44.5600
515.0000 44.6200
516.0000 44.6200
517.0000 44.6800
518.0000 44.7500
519.0000 44.7500
520.0000 44.7500
521.0000 44.8100
522.0000 44.8100
523.0000 44.8700
524.0000 44.8700
525.0000 44.9300
526.0000 44.9300
527.0000 44.9300
528.0000 45.0000
529.0000 45.0000
530.0000 45.0000
531.0000 45.0000
532.0000 45.0600
533.0000 45.0600
534.0000 45.0600
535.0000 45.0600
536.0000 45.1200
537.0000 45.1200
538.0000 45.1200
539.0000 45.1800
540.0000 45.1800
541.0000 45.1800
542.0000 45.1800
543.0000 45.1800
544.0000 45.1800
545.0000 45.2500
546.0000 45.2500
547.0000 45.2500
548.0000 45.1800
549.0000 45.2500
550.0000 45.2500
551.0000 45.2500
552.0000 45.2500
553.0000 45.2500
554.0000 45.2500
555.0000 45.2500
556.0000 45.2500
557.0000 45.2500
558.0000 45.2500
559.0000 45.2500
560.0000 45.2500
561.0000 45.2500
562.0000 45.2500
563.0000 45.2500
564.0000 45.2500
565.0000 45.2500
566.0000 45.2500
567.0000 45.2500
568.0000 45.2500
569.0000 45.2500
570.0000 45.2500
571.0000 45.2500
572.0000 45.2500
573.0000 45.2500
574.0000 45.2500
575.0000 45.2500
576.0000 45.2500
577.0000 45.2500
578.0000 45.2500
579.0000 45.2500
580.0000 45.2500
581.0000 45.2500
582.0000 45.2500
583.0000 45.2500
584.0000 45.2500
585.0000 45.2500
586.0000 45.2500
587.0000 45.2500
588.0000 45.2500
589.0000 45.2500
590.0000 45.2500
591.0000 45.2500
592.0000 45.2500
593.0000 45.2500
594.0000 45.2500
595.0000 45.2500
596.0000 45.2500
597.0000 45.2500
598.0000 45.2500
599.0000 45.2500
600.0000 45.2500
601.0000 45.2500
602.0000 45.2500
603.0000 45.2500
604.0000 45.2500
605.0000 45.2500
606.0000 45.2500
607.0000 45.2500
608.0000 45.2500
609.0000 45.2500
610.0000 45.2500
611.0000 45.2500
612.0000 45.2500
613.0000 45.2500
614.0000 45.2500
615.0000 45.2500
616.0000 45.2500
617.0000 45.2500
618.0000 45.2500
619.0000 45.1800
620.0000 45.1800
621.0000 45.1200
622.0000 45.1200
623.0000 45.0600
624.0000 45.0600
625.0000 45.0000
626.0000 44.9300
627.0000 44.8700
628.0000 44.8100
629.0000 44.7500
630.0000 44.6800
631.0000 44.6200
632.0000 44.5600
633.0000 44.5000
634.0000 44.3700
635.0000 44.3100
636.0000 44.2500
637.0000 44.1200
638.0000 44.0600
639.0000 44.0000
640.0000 43.8700
641.0000 43.8100
642.0000 43.7500
643.0000 43.6800
644.0000 43.6200
645.0000 43.5000
646.0000 43.4300
647.0000 43.3700
648.0000 43.2500
649.0000 43.1800
650.0000 43.1200
651.0000 43.0000
652.0000 42.9300
653.0000 42.8700
654.0000 42.8100
655.0000 42.7500
656.0000 42.6800
657.0000 42.6200
658.0000 42.5600
659.0000 42.5000
660.0000 42.3700
661.0000 42.3700
662.0000 42.3100
663.0000 42.2500
664.0000 42.1800
665.0000 42.1800
666.0000 42.1200
667.0000 42.1200
668.0000 42.0600
669.0000 42.0600
670.0000 42.0600
671.0000 42.0000
672.0000 42.0000
673.0000 41.9300
674.0000 41.9300
675.0000 41.8700
676.0000 41.8700
677.0000 41.8700
678.0000 41.8100
679.0000 41.8100
680.0000 41.8100
681.0000 41.7500
682.0000 41.7500
683.0000 41.7500
684.0000 41.7500
685.0000 41.7500
686.0000 41.7500
687.0000 41.7500
688.0000 41.7500
689.0000 41.7500
690.0000 41.7500
691.0000 41.7500
692.0000 41.7500
693.0000 41.7500
694.0000 41.7500
695.0000 41.7500
696.0000 41.7500
697.0000 41.7500
698.0000 41.8100
699.0000 41.8100
700.0000 41.8100
701.0000 41.8100
702.0000 41.8100
703.0000 41.8100
704.0000 41.8100
705.0000 41.8100
706.0000 41.8700
707.0000 41.8700
708.0000 41.8700
709.0000 41.8700
710.0000 41.9300
711.0000 41.9300
712.0000 41.9300
713.0000 42.0000
714.0000 42.0000
715.0000 42.0000
716.0000 42.0000
717.0000 42.0000
718.0000 42.0000
719.0000 42.0600
720.0000 42.0600
721.0000 42.0600
722.0000 42.0600
723.0000 42.0600
724.0000 42.0600
725.0000 42.0600
726.0000 42.1200
727.0000 42.1200
728.0000 42.1200
729.0000 42.1200
730.0000 42.1200
731.0000 42.1200
732.0000 42.1200
733.0000 42.1200
734.0000 42.1200
735.0000 42.1800
736.0000 42.1800
737.0000 42.1800
738.0000 42.1800
739.0000 42.1800
740.0000 42.1800
741.0000 42.1800
742.0000 42.1800
743.0000 42.1800
744.0000 42.1800
745.0000 42.2500
746.0000 42.2500
747.0000 42.2500
748.0000 42.2500
749.0000 42.2500
750.0000 42.2500
751.0000 42.2500
752.0000 42.2500
753.0000 42.2500
754.0000 42.2500
755.0000 42.2500
756.0000 42.2500
757.0000 42.3100
758.0000 42.2500
759.0000 42.2500
760.0000 42.2500
761.0000 42.2500
762.0000 42.2500
763.0000 42.2500
764.0000 42.2500
765.0000 42.3100
766.0000 42.3100
767.0000 42.3100
768.0000 42.3100
769.0000 42.3100
770.0000 42.3100
771.0000 42.3100
772.0000 42.3100
773.0000 42.3100
774.0000 42.3100
775.0000 42.3100
776.0000 42.3100
777.0000 42.3100
778.0000 42.3100
779.0000 42.3100
780.0000 42.3100
781.0000 42.3100
782.0000 42.3100
783.0000 42.3100
784.0000 42.3100
785.0000 42.3100
786.0000 42.2500
787.0000 42.2500
788.0000 42.2500
789.0000 42.2500
790.0000 42.2500
791.0000 42.2500
792.0000 42.2500
793.0000 42.2500
794.0000 42.2500
795.0000 42.2500
796.0000 42.2500
797.0000 42.2500
798.0000 42.2500
799.0000 42.2500
800.0000 42.2500
801.0000 42.2500
802.0000 42.2500
803.0000 42.2500
804.0000 42.2500
805.0000 42.1800
806.0000 42.1800
807.0000 42.1800
808.0000 42.1800
809.0000 42.1800
810.0000 42.1800
811.0000 42.1800
812.0000 42.1800
813.0000 42.1800
814.0000 42.1800
815.0000 42.1800
816.0000 42.1800
817.0000 42.1800
818.0000 42.1800
819.0000 42.1800
820.0000 42.1800
821.0000 42.1800
822.0000 42.1800
823.0000 42.1800
824.0000 42.1800
825.0000 42.1800
826.0000 42.1800
827.0000 42.2500
828.0000 42.2500
829.0000 42.2500
830.0000 42.2500
831.0000 42.2500
832.0000 42.2500
833.0000 42.2500
834.0000 42.3100
835.0000 42.3100
836.0000 42.3100
837.0000 42.3100
838.0000 42.3700
839.0000 42.3700
840.0000 42.4300
841.0000 42.4300
842.0000 42.4300
843.0000 42.4300
844.0000 42.5000
845.0000 42.5000
846.0000 42.5000
847.0000 42.5600
848.0000 42.5600
849.0000 42.6200
850.0000 42.6200
851.0000 42.6200
852.0000 42.6800
853.0000 42.6800
854.0000 42.7500
855.0000 42.7500
856.0000 42.8100
857.0000 42.8100
858.0000 42.8100
859.0000 42.8700
860.0000 42.8700
861.0000 42.8700
862.0000 42.8700
863.0000 42.9300
864.0000 42.9300
865.0000 42.9300
866.0000 42.9300
867.0000 43.0000
868.0000 43.0000
869.0000 43.0000
870.0000 43.0600
871.0000 43.0600
872.0000 43.0600
873.0000 43.0600
874.0000 43.0600
875.0000 43.1200
876.0000 43.1200
877.0000 43.1200
878.0000 43.1200
879.0000 43.1200
880.0000 43.1200
881.0000 43.1800
882.0000 43.1800
883.0000 43.1800
884.0000 43.1800
885.0000 43.1800
886.0000 43.1800
887.0000 43.1800
888.0000 43.1800
889.0000 43.2500
890.0000 43.2500
891.0000 43.2500
892.0000 43.2500
893.0000 43.3100
894.0000 43.3100
895.0000 43.3100
896.0000 43.3100
897.0000 43.3100
898.0000 43.3100
899.0000 43.3100
900.0000 43.3100
901.0000 43.3100
902.0000 43.3100
903.0000 43.3100
904.0000 43.3100
905.0000 43.3100
906.0000 43.3100
907.0000 43.3100
908.0000 43.3100
909.0000 43.3100
910.0000 43.3100
911.0000 43.3100
912.0000 43.3100
913.0000 43.3100
914.0000 43.2500
915.0000 43.2500
916.0000 43.2500
917.0000 43.2500
918.0000 43.2500
919.0000 43.2500
920.0000 43.2500
921.0000 43.2500
922.0000 43.2500
923.0000 43.2500
924.0000 43.2500
925.0000 43.2500
926.0000 43.2500
927.0000 43.1800
928.0000 43.1800
929.0000 43.1800
930.0000 43.1800
931.0000 43.2500
932.0000 43.2500
933.0000 43.2500
934.0000 43.2500
935.0000 43.2500
936.0000 43.2500
937.0000 43.2500
938.0000 43.2500
939.0000 43.2500
940.0000 43.2500
941.0000 43.2500
942.0000 43.2500
943.0000 43.2500
944.0000 43.1800
945.0000 43.2500
946.0000 43.1800
947.0000 43.1800
948.0000 43.1800
949.0000 43.1800
950.0000 43.1800
951.0000 43.1800
952.0000 43.1800
953.0000 43.1200
954.0000 43.1200
955.0000 43.1200
956.0000 43.1800
957.0000 43.1800
958.0000 43.1800
959.0000 43.1800
960.0000 43.1800
961.0000 43.1800
962.0000 43.1800
963.0000 43.1800
964.0000 43.1800
965.0000 43.1800
966.0000 43.1800
967.0000 43.1800
968.0000 43.1800
969.0000 43.1800
970.0000 43.1800
971.0000 43.1800
972.0000 43.1800
973.0000 43.1800
974.0000 43.1800
975.0000 43.1800
976.0000 43.1800
977.0000 43.1800
978.0000 43.1800
979.0000 43.1800
980.0000 43.1800
981.0000 43.1800
982.0000 43.1800
983.0000 43.1800
984.0000 43.1800
985.0000 43.1800
986.0000 43.1800
987.0000 43.1800
988.0000 43.1800
989.0000 43.1800
990.0000 43.1800
991.0000 43.1800
992.0000 43.1800
993.0000 43.1800
994.0000 43.1800
995.0000 43.1800
996.0000 43.1800
997.0000 43.1800
998.0000 43.1800
999.0000 43.1800
1000.0000 43.1200
1001.0000 43.1200
1002.0000 43.1200
1003.0000 43.1200
1004.0000 43.1200
1005.0000 43.1200
1006.0000 43.1200
1007.0000 43.1200
1008.0000 43.1200
1009.0000 43.1200
1010.0000 43.1200
1011.0000 43.1200
1012.0000 43.1200
1013.0000 43.0600
1014.0000 43.0600
1015.0000 43.0600
1016.0000 43.0600
1017.0000 43.0600
1018.0000 43.0600
1019.0000 43.0000
1020.0000 43.0000
1021.0000 43.0000
1022.0000 42.9300
1023.0000 42.9300
1024.0000 42.8700
1025.0000 42.8100
1026.0000 42.7500
1027.0000 42.6800
1028.0000 42.6200
1029.0000 42.5600
1030.0000 42.5000
1031.0000 42.4300
1032.0000 42.3700
1033.0000 42.3100
1034.0000 42.2500
1035.0000 42.1200
1036.0000 42.0600
1037.0000 42.0000
1038.0000 41.8700
1039.0000 41.8100
1040.0000 41.7500
1041.0000 41.6200
1042.0000 41.5000
1043.0000 41.4300
1044.0000 41.3100
1045.0000 41.2500
1046.0000 41.1200
1047.0000 41.0000
1048.0000 40.9300
1049.0000 40.8100
1050.0000 40.6800
1051.0000 40.6200
1052.0000 40.5000
1053.0000 40.4300
1054.0000 40.3100
1055.0000 40.1800
1056.0000 40.0600
1057.0000 39.9300
1058.0000 39.8700
1059.0000 39.7500
1060.0000 39.6200
1061.0000 39.5600
1062.0000 39.4300
1063.0000 39.3700
1064.0000 39.2500
1065.0000 39.1200
1066.0000 39.0600
1067.0000 38.9300
1068.0000 38.8700
1069.0000 38.7500
1070.0000 38.6800
1071.0000 38.6200
1072.0000 38.5000
1073.0000 38.4300
1074.0000 38.3700
1075.0000 38.3100
1076.0000 38.1800
1077.0000 38.1200
1078.0000 38.0600
1079.0000 38.0000
1080.0000 37.9300
1081.0000 37.8700
1082.0000 37.8700
1083.0000 37.8100
1084.0000 37.7500
1085.0000 37.6800
1086.0000 37.6800
1087.0000 37.6200
1088.0000 37.5600
1089.0000 37.5600
1090.0000 37.5000
1091.0000 37.5000
1092.0000 37.4300
1093.0000 37.3700
1094.0000 37.3700
1095.0000 37.3700
1096.0000 37.3100
1097.0000 37.3100
1098.0000 37.3100
1099.0000 37.2500
1100.0000 37.2500
1101.0000 37.2500
1102.0000 37.2500
1103.0000 37.2500
1104.0000 37.2500
1105.0000 37.1800
1106.0000 37.1800
1107.0000 37.1800
1108.0000 37.1800
1109.0000 37.2500
1110.0000 37.2500
1111.0000 37.2500
1112.0000 37.2500
1113.0000 37.2500
1114.0000 37.2500
1115.0000 37.2500
1116.0000 37.2500
1117.0000 37.2500
1118.0000 37.2500
1119.0000 37.2500
1120.0000 37.2500
1121.0000 37.2500
1122.0000 37.2500
1123.0000 37.2500
1124.0000 37.2500
1125.0000 37.2500
1126.0000 37.2500
1127.0000 37.2500
1128.0000 37.3100
1129.0000 37.3100
1130.0000 37.3100
1131.0000 37.3100
1132.0000 37.3100
1133.0000 37.3100
1134.0000 37.3700
1135.0000 37.3700
1136.0000 37.3700
1137.0000 37.3700
1138.0000 37.3700
1139.0000 37.3700
1140.0000 37.3700
1141.0000 37.3700
1142.0000 37.3700
1143.0000 37.3700
1144.0000 37.3700
1145.0000 37.3700
1146.0000 37.3700
1147.0000 37.4300
1148.0000 37.4300
1149.0000 37.3700
1150.0000 37.3700
1151.0000 37.3700
1152.0000 37.3700
1153.0000 37.3700
1154.0000 37.4300
1155.0000 37.3700
1156.0000 37.3700
1157.0000 37.3700
1158.0000 37.3700
1159.0000 37.3700
1160.0000 37.3700
1161.0000 37.3700
1162.0000 37.3700
1163.0000 37.3700
1164.0000 37.3700
1165.0000 37.3700
1166.0000 37.3700
1167.0000 37.3700
1168.0000 37.3700
1169.0000 37.3700
1170.0000 37.3700
1171.0000 37.3700
1172.0000 37.3700
1173.0000 37.3700
1174.0000 37.3700
1175.0000 37.3100
1176.0000 37.3100
1177.0000 37.3100
1178.0000 37.3100
1179.0000 37.2500
1180.0000 37.2500
1181.0000 37.2500
1182.0000 37.2500
1183.0000 37.2500
1184.0000 37.2500
1185.0000 37.1800
1186.0000 37.1800
1187.0000 37.1800
1188.0000 37.1800
1189.0000 37.1800
1190.0000 37.1800
1191.0000 37.1800
1192.0000 37.1800
1193.0000 37.1800
1194.0000 37.1800
1195.0000 37.1200
1196.0000 37.1200
1197.0000 37.1800
1198.0000 37.1800
1199.0000 37.1200
1200.0000 37.1200
1201.0000 37.1200
1202.0000 37.1200
1203.0000 37.1200
1204.0000 37.1200
1205.0000 37.1200
1206.0000 37.1200
1207.0000 37.1200
1208.0000 37.1200
1209.0000 37.1200
1210.0000 37.1200
