1.0000 0.0000
2.0000 0.0000
3.0000 0.0000
4.0000 0.0000
5.0000 0.0000
6.0000 0.0000
7.0000 0.0000
8.0000 0.0000
9.0000 0.0000
10.0000 0.0000
11.0000 1.9429
12.0000 0.0000
13.0000 1.9429
14.0000 0.0000
15.0000 1.9429
16.0000 0.0000
17.0000 1.9429
18.0000 0.0000
19.0000 1.9428
20.0000 0.0000
21.0000 1.9428
22.0000 0.0000
23.0000 1.9428
24.0000 0.0000
25.0000 1.9428
26.0000 0.0000
27.0000 1.9428
28.0000 0.0001
29.0000 1.9428
30.0000 0.0001
31.0000 1.9428
32.0000 0.0001
33.0000 1.9428
34.0000 0.0001
35.0000 1.9428
36.0000 0.0001
37.0000 1.9428
38.0000 0.0001
39.0000 1.9428
40.0000 0.0001
41.0000 1.9428
42.0000 0.0001
43.0000 1.9428
44.0000 0.0001
45.0000 1.9428
46.0000 0.0001
47.0000 1.9428
48.0000 0.0001
49.0000 1.9428
50.0000 0.0001
51.0000 1.9428
52.0000 0.0001
53.0000 1.9427
54.0000 0.0001
55.0000 1.9427
56.0000 0.0001
57.0000 1.9427
58.0000 0.0001
59.0000 1.9427
60.0000 0.0001
61.0000 1.9427
62.0000 0.0002
63.0000 1.9427
64.0000 0.0002
65.0000 1.9427
66.0000 0.0002
67.0000 1.9427
68.0000 0.0002
69.0000 1.9427
70.0000 0.0002
71.0000 1.9427
72.0000 0.0002
73.0000 1.9427
74.0000 0.0002
75.0000 1.9427
76.0000 0.0002
77.0000 1.9427
78.0000 0.0002
79.0000 1.9427
80.0000 0.0002
81.0000 1.9427
82.0000 0.0002
83.0000 1.9427
84.0000 0.0002
85.0000 1.9427
86.0000 0.0002
87.0000 1.9426
88.0000 0.0002
89.0000 1.9426
90.0000 0.0002
91.0000 1.9426
92.0000 0.0002
93.0000 1.9426
94.0000 0.0002
95.0000 1.9426
96.0000 0.0003
97.0000 1.9426
98.0000 0.0003
99.0000 1.9426
100.0000 0.0003
101.0000 1.9426
102.0000 0.0003
103.0000 1.9426
104.0000 0.0003
105.0000 1.9426
106.0000 0.0003
107.0000 1.9426
108.0000 0.0003
109.0000 1.9426
110.0000 0.0003
111.0000 1.9426
112.0000 0.0003
113.0000 1.9426
114.0000 0.0003
115.0000 1.9426
116.0000 0.0003
117.0000 1.9426
118.0000 0.0003
119.0000 1.9426
120.0000 0.0003
121.0000 1.9425
122.0000 0.0003
123.0000 1.9425
124.0000 0.0003
125.0000 1.9425
126.0000 0.0003
127.0000 1.9425
128.0000 0.0003
129.0000 1.9425
130.0000 0.0004
131.0000 1.9425
132.0000 0.0004
133.0000 1.9425
134.0000 0.0004
135.0000 1.9425
136.0000 0.0004
137.0000 1.9425
138.0000 0.0004
139.0000 1.9425
140.0000 0.0004
141.0000 1.9425
142.0000 0.0004
143.0000 1.9425
144.0000 0.0004
145.0000 1.9425
146.0000 0.0004
147.0000 1.9425
148.0000 0.0004
149.0000 1.9425
150.0000 0.0004
151.0000 1.9425
152.0000 0.0004
153.0000 1.9424
154.0000 0.0004
155.0000 1.9424
156.0000 0.0004
157.0000 1.9424
158.0000 0.0004
159.0000 1.9424
160.0000 0.0004
161.0000 1.9424
162.0000 0.0004
163.0000 1.9424
164.0000 0.0005
165.0000 1.9424
166.0000 0.0005
167.0000 1.9424
168.0000 0.0005
169.0000 1.9424
170.0000 0.0005
171.0000 1.9424
172.0000 0.0005
173.0000 1.9424
174.0000 0.0005
175.0000 1.9424
176.0000 0.0005
177.0000 1.9424
178.0000 0.0005
179.0000 1.9424
180.0000 0.0005
181.0000 1.9424
182.0000 0.0005
183.0000 1.9424
184.0000 0.0005
185.0000 1.9424
186.0000 0.0005
187.0000 1.9423
188.0000 0.0005
189.0000 1.9423
190.0000 0.0005
191.0000 1.9423
192.0000 0.0005
193.0000 1.9423
194.0000 0.0005
195.0000 1.9423
196.0000 0.0006
197.0000 1.9423
198.0000 0.0006
199.0000 1.9423
200.0000 0.0006
201.0000 1.9423
202.0000 0.0006
203.0000 1.9423
204.0000 0.0006
205.0000 1.9423
206.0000 0.0006
207.0000 1.9423
208.0000 0.0006
209.0000 1.9423
210.0000 0.0006
211.0000 1.9423
212.0000 0.0006
213.0000 1.9423
214.0000 0.0006
215.0000 1.9423
216.0000 0.0006
217.0000 1.9423
218.0000 0.0006
219.0000 1.9423
220.0000 0.0006
221.0000 1.9422
222.0000 0.0006
223.0000 1.9422
224.0000 0.0006
225.0000 1.9422
226.0000 0.0006
227.0000 1.9422
228.0000 0.0006
229.0000 1.9422
230.0000 0.0007
231.0000 1.9422
232.0000 0.0007
233.0000 1.9422
234.0000 0.0007
235.0000 1.9422
236.0000 0.0007
237.0000 1.9422
238.0000 0.0007
239.0000 1.9422
240.0000 0.0007
241.0000 1.9422
242.0000 0.0007
243.0000 1.9422
244.0000 0.0007
245.0000 1.9422
246.0000 0.0007
247.0000 1.9422
248.0000 0.0007
249.0000 1.9422
250.0000 0.0007
251.0000 1.9422
252.0000 0.0007
253.0000 1.9422
254.0000 0.0007
255.0000 1.9421
256.0000 0.0007
257.0000 1.9421
258.0000 0.0007
259.0000 1.9421
260.0000 0.0007
261.0000 1.9421
262.0000 0.0007
263.0000 1.9421
264.0000 0.0008
265.0000 1.9421
266.0000 0.0008
267.0000 1.9421
268.0000 0.0008
269.0000 1.9421
270.0000 0.0008
271.0000 1.9421
272.0000 0.0008
273.0000 1.9421
274.0000 0.0008
275.0000 1.9421
276.0000 0.0008
277.0000 1.9421
278.0000 0.0008
279.0000 1.9421
280.0000 0.0008
281.0000 1.9421
282.0000 0.0008
283.0000 1.9421
284.0000 0.0008
285.0000 1.9421
286.0000 0.0008
287.0000 1.9421
288.0000 0.0008
289.0000 1.9420
290.0000 0.0008
291.0000 1.9420
292.0000 0.0008
293.0000 1.9420
294.0000 0.0008
295.0000 1.9420
296.0000 0.0008
297.0000 1.9420
298.0000 0.0009
299.0000 1.9420
300.0000 0.0009
301.0000 1.9420
302.0000 0.0009
303.0000 1.9420
304.0000 0.0009
305.0000 1.9420
306.0000 0.0009
307.0000 1.9420
308.0000 0.0009
309.0000 1.9420
310.0000 0.0009
311.0000 -1.9438
312.0000 0.0009
313.0000 -1.9438
314.0000 0.0009
315.0000 -1.9437
316.0000 0.0009
317.0000 -1.9437
318.0000 0.0009
319.0000 -1.9437
320.0000 0.0009
321.0000 -1.9437
322.0000 0.0009
323.0000 -1.9437
324.0000 0.0008
325.0000 -1.9437
326.0000 0.0008
327.0000 -1.9437
328.0000 0.0008
329.0000 -1.9437
330.0000 0.0008
331.0000 -1.9437
332.0000 0.0008
333.0000 -1.9437
334.0000 0.0008
335.0000 -1.9437
336.0000 0.0008
337.0000 -1.9437
338.0000 0.0008
339.0000 -1.9437
340.0000 0.0008
341.0000 -1.9437
342.0000 0.0008
343.0000 -1.9437
344.0000 0.0008
345.0000 -1.9437
346.0000 0.0008
347.0000 -1.9437
348.0000 0.0008
349.0000 -1.9436
350.0000 0.0008
351.0000 -1.9436
352.0000 0.0008
353.0000 -1.9436
354.0000 0.0008
355.0000 -1.9436
356.0000 0.0008
357.0000 -1.9436
358.0000 0.0007
359.0000 -1.9436
360.0000 0.0007
361.0000 -1.9436
362.0000 0.0007
363.0000 -1.9436
364.0000 0.0007
365.0000 -1.9436
366.0000 0.0007
367.0000 -1.9436
368.0000 0.0007
369.0000 -1.9436
370.0000 0.0007
371.0000 -1.9436
372.0000 0.0007
373.0000 -1.9436
374.0000 0.0007
375.0000 -1.9436
376.0000 0.0007
377.0000 -1.9436
378.0000 0.0007
379.0000 -1.9436
380.0000 0.0007
381.0000 -1.9436
382.0000 0.0007
383.0000 -1.9435
384.0000 0.0007
385.0000 -1.9435
386.0000 0.0007
387.0000 -1.9435
388.0000 0.0007
389.0000 -1.9435
390.0000 0.0007
391.0000 -1.9435
392.0000 0.0006
393.0000 -1.9435
394.0000 0.0006
395.0000 -1.9435
396.0000 0.0006
397.0000 -1.9435
398.0000 0.0006
399.0000 -1.9435
400.0000 0.0006
401.0000 -1.9435
402.0000 0.0006
403.0000 -1.9435
404.0000 0.0006
405.0000 -1.9435
406.0000 0.0006
407.0000 -1.9435
408.0000 0.0006
409.0000 -1.9435
410.0000 0.0006
411.0000 -1.9435
412.0000 0.0006
413.0000 -1.9435
414.0000 0.0006
415.0000 -1.9434
416.0000 0.0006
417.0000 -1.9434
418.0000 0.0006
419.0000 -1.9434
420.0000 0.0006
421.0000 -1.9434
422.0000 0.0006
423.0000 -1.9434
424.0000 0.0006
425.0000 -1.9434
426.0000 0.0005
427.0000 -1.9434
428.0000 0.0005
429.0000 -1.9434
430.0000 0.0005
431.0000 -1.9434
432.0000 0.0005
433.0000 -1.9434
434.0000 0.0005
435.0000 -1.9434
436.0000 0.0005
437.0000 -1.9434
438.0000 0.0005
439.0000 -1.9434
440.0000 0.0005
441.0000 -1.9434
442.0000 0.0005
443.0000 -1.9434
444.0000 0.0005
445.0000 -1.9434
446.0000 0.0005
447.0000 -1.9434
448.0000 0.0005
449.0000 -1.9433
450.0000 0.0005
451.0000 -1.9433
452.0000 0.0005
453.0000 -1.9433
454.0000 0.0005
455.0000 -1.9433
456.0000 0.0005
457.0000 -1.9433
458.0000 0.0004
459.0000 -1.9433
460.0000 0.0004
461.0000 -1.9433
462.0000 0.0004
463.0000 -1.9433
464.0000 0.0004
465.0000 -1.9433
466.0000 0.0004
467.0000 -1.9433
468.0000 0.0004
469.0000 -1.9433
470.0000 0.0004
471.0000 -1.9433
472.0000 0.0004
473.0000 -1.9433
474.0000 0.0004
475.0000 -1.9433
476.0000 0.0004
477.0000 -1.9433
478.0000 0.0004
479.0000 -1.9433
480.0000 0.0004
481.0000 -1.9433
482.0000 0.0004
483.0000 -1.9432
484.0000 0.0004
485.0000 -1.9432
486.0000 0.0004
487.0000 -1.9432
488.0000 0.0004
489.0000 -1.9432
490.0000 0.0004
491.0000 -1.9432
492.0000 0.0003
493.0000 -1.9432
494.0000 0.0003
495.0000 -1.9432
496.0000 0.0003
497.0000 -1.9432
498.0000 0.0003
499.0000 -1.9432
500.0000 0.0003
501.0000 -1.9432
502.0000 0.0003
503.0000 -1.9432
504.0000 0.0003
505.0000 -1.9432
506.0000 0.0003
507.0000 -1.9432
508.0000 0.0003
509.0000 -1.9432
510.0000 0.0003
511.0000 -1.9432
512.0000 0.0003
513.0000 -1.9432
514.0000 0.0003
515.0000 -1.9432
516.0000 0.0003
517.0000 -1.9431
518.0000 0.0003
519.0000 -1.9431
520.0000 0.0003
521.0000 -1.9431
522.0000 0.0003
523.0000 -1.9431
524.0000 0.0003
525.0000 -1.9431
526.0000 0.0002
527.0000 -1.9431
528.0000 0.0002
529.0000 -1.9431
530.0000 0.0002
531.0000 -1.9431
532.0000 0.0002
533.0000 -1.9431
534.0000 0.0002
535.0000 -1.9431
536.0000 0.0002
537.0000 -1.9431
538.0000 0.0002
539.0000 -1.9431
540.0000 0.0002
541.0000 -1.9431
542.0000 0.0002
543.0000 -1.9431
544.0000 0.0002
545.0000 -1.9431
546.0000 0.0002
547.0000 -1.9431
548.0000 0.0002
549.0000 -1.9431
550.0000 0.0002
551.0000 -1.9430
552.0000 0.0002
553.0000 -1.9430
554.0000 0.0002
555.0000 -1.9430
556.0000 0.0002
557.0000 -1.9430
558.0000 0.0002
559.0000 -1.9430
560.0000 0.0001
561.0000 -1.9430
562.0000 0.0001
563.0000 -1.9430
564.0000 0.0001
565.0000 -1.9430
566.0000 0.0001
567.0000 -1.9430
568.0000 0.0001
569.0000 -1.9430
570.0000 0.0001
571.0000 -1.9430
572.0000 0.0001
573.0000 -1.9430
574.0000 0.0001
575.0000 -1.9430
576.0000 0.0001
577.0000 -1.9430
578.0000 0.0001
579.0000 -1.9430
580.0000 0.0001
581.0000 -1.9430
582.0000 0.0001
583.0000 -1.9430
584.0000 0.0001
585.0000 -1.9429
586.0000 0.0001
587.0000 -1.9429
588.0000 0.0001
589.0000 -1.9429
590.0000 0.0001
591.0000 -1.9429
592.0000 0.0001
593.0000 -1.9429
594.0000 0.0000
595.0000 -1.9429
596.0000 0.0000
597.0000 -1.9429
598.0000 0.0000
599.0000 -1.9429
600.0000 0.0000
601.0000 -1.9429
602.0000 0.0000
603.0000 -1.9429
604.0000 0.0000
605.0000 -1.9429
606.0000 0.0000
607.0000 -1.9429
608.0000 0.0000
609.0000 -1.9429
610.0000 -0.0000
611.0000 3.8857
612.0000 0.0000
613.0000 3.8857
614.0000 0.0000
615.0000 3.8857
616.0000 0.0000
617.0000 3.8857
618.0000 0.0000
619.0000 3.8857
620.0000 0.0001
621.0000 3.8857
622.0000 0.0001
623.0000 3.8857
624.0000 0.0001
625.0000 3.8857
626.0000 0.0001
627.0000 3.8856
628.0000 0.0001
629.0000 3.8856
630.0000 0.0001
631.0000 3.8856
632.0000 0.0001
633.0000 3.8856
634.0000 0.0001
635.0000 3.8856
636.0000 0.0002
637.0000 3.8856
638.0000 0.0002
639.0000 3.8856
640.0000 0.0002
641.0000 3.8856
642.0000 0.0002
643.0000 3.8856
644.0000 0.0002
645.0000 3.8855
646.0000 0.0002
647.0000 3.8855
648.0000 0.0002
649.0000 3.8855
650.0000 0.0002
651.0000 3.8855
652.0000 0.0002
653.0000 3.8855
654.0000 0.0003
655.0000 3.8855
656.0000 0.0003
657.0000 3.8855
658.0000 0.0003
659.0000 3.8855
660.0000 0.0003
661.0000 3.8854
662.0000 0.0003
663.0000 3.8854
664.0000 0.0003
665.0000 3.8854
666.0000 0.0003
667.0000 3.8854
668.0000 0.0003
669.0000 3.8854
670.0000 0.0004
671.0000 3.8854
672.0000 0.0004
673.0000 3.8854
674.0000 0.0004
675.0000 3.8854
676.0000 0.0004
677.0000 3.8854
678.0000 0.0004
679.0000 3.8853
680.0000 0.0004
681.0000 3.8853
682.0000 0.0004
683.0000 3.8853
684.0000 0.0004
685.0000 3.8853
686.0000 0.0004
687.0000 3.8853
688.0000 0.0005
689.0000 3.8853
690.0000 0.0005
691.0000 3.8853
692.0000 0.0005
693.0000 3.8853
694.0000 0.0005
695.0000 3.8852
696.0000 0.0005
697.0000 3.8852
698.0000 0.0005
699.0000 3.8852
700.0000 0.0005
701.0000 3.8852
702.0000 0.0005
703.0000 3.8852
704.0000 0.0006
705.0000 3.8852
706.0000 0.0006
707.0000 3.8852
708.0000 0.0006
709.0000 3.8852
710.0000 0.0006
711.0000 3.8851
712.0000 0.0006
713.0000 3.8851
714.0000 0.0006
715.0000 3.8851
716.0000 0.0006
717.0000 3.8851
718.0000 0.0006
719.0000 3.8851
720.0000 0.0007
721.0000 3.8851
722.0000 0.0007
723.0000 3.8851
724.0000 0.0007
725.0000 3.8851
726.0000 0.0007
727.0000 3.8851
728.0000 0.0007
729.0000 3.8850
730.0000 0.0007
731.0000 3.8850
732.0000 0.0007
733.0000 3.8850
734.0000 0.0007
735.0000 3.8850
736.0000 0.0007
737.0000 3.8850
738.0000 0.0008
739.0000 3.8850
740.0000 0.0008
741.0000 3.8850
742.0000 0.0008
743.0000 3.8850
744.0000 0.0008
745.0000 3.8849
746.0000 0.0008
747.0000 3.8849
748.0000 0.0008
749.0000 3.8849
750.0000 0.0008
751.0000 3.8849
752.0000 0.0008
753.0000 3.8849
754.0000 0.0009
755.0000 3.8849
756.0000 0.0009
757.0000 3.8849
758.0000 0.0009
759.0000 3.8849
760.0000 0.0009
761.0000 3.8849
762.0000 0.0009
763.0000 3.8848
764.0000 0.0009
765.0000 3.8848
766.0000 0.0009
767.0000 3.8848
768.0000 0.0009
769.0000 3.8848
770.0000 0.0009
771.0000 3.8848
772.0000 0.0010
773.0000 3.8848
774.0000 0.0010
775.0000 3.8848
776.0000 0.0010
777.0000 3.8848
778.0000 0.0010
779.0000 3.8847
780.0000 0.0010
781.0000 3.8847
782.0000 0.0010
783.0000 3.8847
784.0000 0.0010
785.0000 3.8847
786.0000 0.0010
787.0000 3.8847
788.0000 0.0011
789.0000 3.8847
790.0000 0.0011
791.0000 3.8847
792.0000 0.0011
793.0000 3.8847
794.0000 0.0011
795.0000 3.8847
796.0000 0.0011
797.0000 3.8846
798.0000 0.0011
799.0000 3.8846
800.0000 0.0011
801.0000 3.8846
802.0000 0.0011
803.0000 3.8846
804.0000 0.0011
805.0000 3.8846
806.0000 0.0012
807.0000 3.8846
808.0000 0.0012
809.0000 3.8846
810.0000 0.0012
811.0000 3.8846
812.0000 0.0012
813.0000 3.8845
814.0000 0.0012
815.0000 3.8845
816.0000 0.0012
817.0000 3.8845
818.0000 0.0012
819.0000 3.8845
820.0000 0.0012
821.0000 3.8845
822.0000 0.0013
823.0000 3.8845
824.0000 0.0013
825.0000 3.8845
826.0000 0.0013
827.0000 3.8845
828.0000 0.0013
829.0000 3.8845
830.0000 0.0013
831.0000 3.8844
832.0000 0.0013
833.0000 3.8844
834.0000 0.0013
835.0000 3.8844
836.0000 0.0013
837.0000 3.8844
838.0000 0.0013
839.0000 3.8844
840.0000 0.0014
841.0000 3.8844
842.0000 0.0014
843.0000 3.8844
844.0000 0.0014
845.0000 3.8844
846.0000 0.0014
847.0000 3.8843
848.0000 0.0014
849.0000 3.8843
850.0000 0.0014
851.0000 3.8843
852.0000 0.0014
853.0000 3.8843
854.0000 0.0014
855.0000 3.8843
856.0000 0.0015
857.0000 3.8843
858.0000 0.0015
859.0000 3.8843
860.0000 0.0015
861.0000 3.8843
862.0000 0.0015
863.0000 3.8842
864.0000 0.0015
865.0000 3.8842
866.0000 0.0015
867.0000 3.8842
868.0000 0.0015
869.0000 3.8842
870.0000 0.0015
871.0000 3.8842
872.0000 0.0016
873.0000 3.8842
874.0000 0.0016
875.0000 3.8842
876.0000 0.0016
877.0000 3.8842
878.0000 0.0016
879.0000 3.8842
880.0000 0.0016
881.0000 3.8841
882.0000 0.0016
883.0000 3.8841
884.0000 0.0016
885.0000 3.8841
886.0000 0.0016
887.0000 3.8841
888.0000 0.0016
889.0000 3.8841
890.0000 0.0017
891.0000 3.8841
892.0000 0.0017
893.0000 3.8841
894.0000 0.0017
895.0000 3.8841
896.0000 0.0017
897.0000 3.8840
898.0000 0.0017
899.0000 3.8840
900.0000 0.0017
901.0000 3.8840
902.0000 0.0017
903.0000 3.8840
904.0000 0.0017
905.0000 3.8840
906.0000 0.0018
907.0000 3.8840
908.0000 0.0018
909.0000 3.8840
910.0000 0.0018
