1.0000 0.0000
2.0000 0.0000
3.0000 0.0000
4.0000 0.0000
5.0000 0.0000
6.0000 0.0000
7.0000 0.0000
8.0000 0.0000
9.0000 0.0000
10.0000 7.2389
11.0000 1.1124
12.0000 1.5721
13.0000 1.3788
14.0000 1.3551
15.0000 1.3084
16.0000 1.2744
17.0000 1.2499
18.0000 1.2364
19.0000 1.2326
20.0000 1.2364
21.0000 1.2455
22.0000 1.2575
23.0000 1.2706
24.0000 1.2834
25.0000 1.2951
26.0000 1.3053
27.0000 1.3139
28.0000 1.3211
29.0000 1.3272
30.0000 1.3325
31.0000 1.3374
32.0000 1.3421
33.0000 1.3468
34.0000 1.3516
35.0000 1.3566
36.0000 1.3617
37.0000 1.3670
38.0000 1.3724
39.0000 1.3778
40.0000 1.3833
41.0000 1.3887
42.0000 1.3940
43.0000 1.3993
44.0000 1.4045
45.0000 1.4096
46.0000 1.4146
47.0000 1.4196
48.0000 1.4244
49.0000 1.4292
50.0000 1.4340
51.0000 1.4386
52.0000 1.4433
53.0000 1.4478
54.0000 1.4524
55.0000 1.4568
56.0000 1.4612
57.0000 1.4656
58.0000 1.4699
59.0000 1.4741
60.0000 1.4783
61.0000 1.4825
62.0000 1.4865
63.0000 1.4906
64.0000 1.4945
65.0000 1.4984
66.0000 1.5023
67.0000 1.5061
68.0000 1.5098
69.0000 1.5135
70.0000 1.5172
71.0000 1.5208
72.0000 1.5243
73.0000 1.5278
74.0000 1.5312
75.0000 1.5346
76.0000 1.5379
77.0000 1.5412
78.0000 1.5445
79.0000 1.5477
80.0000 1.5508
81.0000 1.5539
82.0000 1.5570
83.0000 1.5600
84.0000 1.5629
85.0000 1.5659
86.0000 1.5687
87.0000 1.5716
88.0000 1.5744
89.0000 1.5771
90.0000 1.5798
91.0000 1.5825
92.0000 1.5851
93.0000 1.5877
94.0000 1.5903
95.0000 1.5928
96.0000 1.5952
97.0000 1.5977
98.0000 1.6001
99.0000 1.6024
100.0000 1.6047
101.0000 1.6070
102.0000 1.6093
103.0000 1.6115
104.0000 1.6137
105.0000 1.6158
106.0000 1.6179
107.0000 1.6200
108.0000 1.6221
109.0000 1.6241
110.0000 1.6261
111.0000 1.2702
112.0000 4.2859
113.0000 3.9794
114.0000 3.7801
115.0000 3.4355
116.0000 3.1077
117.0000 2.8283
118.0000 2.6222
119.0000 2.4930
120.0000 2.4330
121.0000 2.4275
122.0000 2.4596
123.0000 2.5132
124.0000 2.5749
125.0000 2.6348
126.0000 2.6867
127.0000 2.7277
128.0000 2.7574
129.0000 2.7770
130.0000 2.7885
131.0000 2.7945
132.0000 2.7972
133.0000 2.7986
134.0000 2.8000
135.0000 2.8024
136.0000 2.8060
137.0000 2.8111
138.0000 2.8174
139.0000 2.8246
140.0000 2.8325
141.0000 2.8405
142.0000 2.8486
143.0000 2.8565
144.0000 2.8642
145.0000 2.8714
146.0000 2.8784
147.0000 2.8850
148.0000 2.8913
149.0000 2.8974
150.0000 2.9034
151.0000 2.9092
152.0000 2.9149
153.0000 2.9205
154.0000 2.9261
155.0000 2.9316
156.0000 2.9370
157.0000 2.9424
158.0000 2.9476
159.0000 2.9528
160.0000 2.9579
161.0000 2.9630
162.0000 2.9679
163.0000 2.9727
164.0000 2.9775
165.0000 2.9822
166.0000 2.9868
167.0000 2.9913
168.0000 2.9957
169.0000 3.0001
170.0000 3.0043
171.0000 3.0086
172.0000 3.0127
173.0000 3.0168
174.0000 3.0208
175.0000 3.0247
176.0000 3.0286
177.0000 3.0324
178.0000 3.0362
179.0000 3.0399
180.0000 3.0435
181.0000 3.0470
182.0000 3.0505
183.0000 3.0540
184.0000 3.0574
185.0000 3.0607
186.0000 3.0640
187.0000 3.0672
188.0000 3.0704
189.0000 3.0735
190.0000 3.0766
191.0000 3.0796
192.0000 3.0825
193.0000 3.0855
194.0000 3.0883
195.0000 3.0911
196.0000 3.0939
197.0000 3.0966
198.0000 3.0993
199.0000 3.1019
200.0000 3.1045
201.0000 3.1071
202.0000 3.1096
203.0000 3.1121
204.0000 3.1145
205.0000 3.1169
206.0000 3.1192
207.0000 3.1215
208.0000 3.1238
209.0000 3.1260
210.0000 3.1282
211.0000 -4.3172
212.0000 -2.6289
213.0000 -1.4598
214.0000 -0.1250
215.0000 0.9608
216.0000 1.7595
217.0000 2.2562
218.0000 2.4885
219.0000 2.5159
220.0000 2.4052
221.0000 2.2183
222.0000 2.0059
223.0000 1.8042
224.0000 1.6353
225.0000 1.5090
226.0000 1.4260
227.0000 1.3806
228.0000 1.3644
229.0000 1.3678
230.0000 1.3819
231.0000 1.3996
232.0000 1.4158
233.0000 1.4275
234.0000 1.4333
235.0000 1.4332
236.0000 1.4279
237.0000 1.4188
238.0000 1.4071
239.0000 1.3941
240.0000 1.3808
241.0000 1.3680
242.0000 1.3560
243.0000 1.3450
244.0000 1.3351
245.0000 1.3260
246.0000 1.3177
247.0000 1.3099
248.0000 1.3024
249.0000 1.2952
250.0000 1.2880
251.0000 1.2809
252.0000 1.2738
253.0000 1.2667
254.0000 1.2596
255.0000 1.2526
256.0000 1.2456
257.0000 1.2387
258.0000 1.2320
259.0000 1.2253
260.0000 1.2188
261.0000 1.2124
262.0000 1.2062
263.0000 1.2001
264.0000 1.1941
265.0000 1.1882
266.0000 1.1824
267.0000 1.1767
268.0000 1.1711
269.0000 1.1656
270.0000 1.1602
271.0000 1.1549
272.0000 1.1497
273.0000 1.1446
274.0000 1.1395
275.0000 1.1346
276.0000 1.1297
277.0000 1.1249
278.0000 1.1202
279.0000 1.1156
280.0000 1.1111
281.0000 1.1066
282.0000 1.1022
283.0000 1.0979
284.0000 1.0937
285.0000 1.0895
286.0000 1.0854
287.0000 1.0814
288.0000 1.0774
289.0000 1.0735
290.0000 1.0697
291.0000 1.0660
292.0000 1.0623
293.0000 1.0586
294.0000 1.0551
295.0000 1.0516
296.0000 1.0481
297.0000 1.0447
298.0000 1.0414
299.0000 1.0381
300.0000 1.0349
301.0000 1.0317
302.0000 1.0286
303.0000 1.0256
304.0000 1.0226
305.0000 1.0196
306.0000 1.0167
307.0000 1.0138
308.0000 1.0110
309.0000 1.0083
310.0000 -13.4723
311.0000 -1.2219
312.0000 -2.1439
313.0000 -1.7599
314.0000 -1.7151
315.0000 -1.6242
316.0000 -1.5586
317.0000 -1.5120
318.0000 -1.4875
319.0000 -1.4822
320.0000 -1.4921
321.0000 -1.5124
322.0000 -1.5386
323.0000 -1.5670
324.0000 -1.5948
325.0000 -1.6203
326.0000 -1.6428
327.0000 -1.6620
328.0000 -1.6785
329.0000 -1.6926
330.0000 -1.7052
331.0000 -1.7169
332.0000 -1.7282
333.0000 -1.7394
334.0000 -1.7508
335.0000 -1.7626
336.0000 -1.7746
337.0000 -1.7869
338.0000 -1.7994
339.0000 -1.8119
340.0000 -1.8245
341.0000 -1.8369
342.0000 -1.8492
343.0000 -1.8613
344.0000 -1.8732
345.0000 -1.8849
346.0000 -1.8964
347.0000 -1.9078
348.0000 -1.9189
349.0000 -1.9300
350.0000 -1.9408
351.0000 -1.9516
352.0000 -1.9622
353.0000 -1.9726
354.0000 -1.9830
355.0000 -1.9932
356.0000 -2.0033
357.0000 -2.0132
358.0000 -2.0230
359.0000 -2.0327
360.0000 -2.0423
361.0000 -2.0517
362.0000 -2.0610
363.0000 -2.0702
364.0000 -2.0792
365.0000 -2.0881
366.0000 -2.0969
367.0000 -2.1055
368.0000 -2.1140
369.0000 -2.1224
370.0000 -2.1307
371.0000 -2.1389
372.0000 -2.1469
373.0000 -2.1548
374.0000 -2.1627
375.0000 -2.1704
376.0000 -2.1779
377.0000 -2.1854
378.0000 -2.1928
379.0000 -2.2000
380.0000 -2.2072
381.0000 -2.2142
382.0000 -2.2211
383.0000 -2.2279
384.0000 -2.2347
385.0000 -2.2413
386.0000 -2.2478
387.0000 -2.2542
388.0000 -2.2605
389.0000 -2.2668
390.0000 -2.2729
391.0000 -2.2789
392.0000 -2.2849
393.0000 -2.2907
394.0000 -2.2965
395.0000 -2.3022
396.0000 -2.3078
397.0000 -2.3133
398.0000 -2.3187
399.0000 -2.3240
400.0000 -2.3293
401.0000 -2.3345
402.0000 -2.3395
403.0000 -2.3446
404.0000 -2.3495
405.0000 -2.3543
406.0000 -2.3591
407.0000 -2.3638
408.0000 -2.3685
409.0000 -2.3730
410.0000 -2.3775
411.0000 -1.6662
412.0000 -7.6982
413.0000 -7.0856
414.0000 -6.6875
415.0000 -5.9989
416.0000 -5.3436
417.0000 -4.7854
418.0000 -4.3736
419.0000 -4.1157
420.0000 -3.9961
421.0000 -3.9855
422.0000 -4.0502
423.0000 -4.1578
424.0000 -4.2815
425.0000 -4.4017
426.0000 -4.5060
427.0000 -4.5884
428.0000 -4.6482
429.0000 -4.6877
430.0000 -4.7112
431.0000 -4.7235
432.0000 -4.7293
433.0000 -4.7324
434.0000 -4.7356
435.0000 -4.7406
436.0000 -4.7483
437.0000 -4.7587
438.0000 -4.7717
439.0000 -4.7864
440.0000 -4.8024
441.0000 -4.8189
442.0000 -4.8354
443.0000 -4.8515
444.0000 -4.8670
445.0000 -4.8819
446.0000 -4.8960
447.0000 -4.9095
448.0000 -4.9224
449.0000 -4.9349
450.0000 -4.9471
451.0000 -4.9589
452.0000 -4.9706
453.0000 -4.9822
454.0000 -4.9935
455.0000 -5.0048
456.0000 -5.0159
457.0000 -5.0268
458.0000 -5.0376
459.0000 -5.0482
460.0000 -5.0587
461.0000 -5.0689
462.0000 -5.0790
463.0000 -5.0889
464.0000 -5.0986
465.0000 -5.1082
466.0000 -5.1176
467.0000 -5.1268
468.0000 -5.1359
469.0000 -5.1448
470.0000 -5.1536
471.0000 -5.1622
472.0000 -5.1707
473.0000 -5.1790
474.0000 -5.1872
475.0000 -5.1952
476.0000 -5.2032
477.0000 -5.2110
478.0000 -5.2186
479.0000 -5.2262
480.0000 -5.2336
481.0000 -5.2409
482.0000 -5.2480
483.0000 -5.2551
484.0000 -5.2620
485.0000 -5.2688
486.0000 -5.2755
487.0000 -5.2821
488.0000 -5.2886
489.0000 -5.2950
490.0000 -5.3012
491.0000 -5.3074
492.0000 -5.3135
493.0000 -5.3194
494.0000 -5.3253
495.0000 -5.3310
496.0000 -5.3367
497.0000 -5.3423
498.0000 -5.3478
499.0000 -5.3531
500.0000 -5.3584
501.0000 -5.3637
502.0000 -5.3688
503.0000 -5.3738
504.0000 -5.3788
505.0000 -5.3837
506.0000 -5.3885
507.0000 -5.3932
508.0000 -5.3978
509.0000 -5.4024
510.0000 -5.4069
511.0000 9.4839
512.0000 6.1072
513.0000 3.7689
514.0000 1.0992
515.0000 -1.0725
516.0000 -2.6700
517.0000 -3.6635
518.0000 -4.1282
519.0000 -4.1832
520.0000 -3.9618
521.0000 -3.5881
522.0000 -3.1634
523.0000 -2.7601
524.0000 -2.4223
525.0000 -2.1698
526.0000 -2.0037
527.0000 -1.9132
528.0000 -1.8808
529.0000 -1.8876
530.0000 -1.9158
531.0000 -1.9513
532.0000 -1.9839
533.0000 -2.0073
534.0000 -2.0190
535.0000 -2.0188
536.0000 -2.0083
537.0000 -1.9901
538.0000 -1.9668
539.0000 -1.9409
540.0000 -1.9144
541.0000 -1.8888
542.0000 -1.8649
543.0000 -1.8430
544.0000 -1.8231
545.0000 -1.8051
546.0000 -1.7885
547.0000 -1.7730
548.0000 -1.7581
549.0000 -1.7436
550.0000 -1.7294
551.0000 -1.7152
552.0000 -1.7010
553.0000 -1.6868
554.0000 -1.6727
555.0000 -1.6587
556.0000 -1.6448
557.0000 -1.6311
558.0000 -1.6176
559.0000 -1.6044
560.0000 -1.5914
561.0000 -1.5787
562.0000 -1.5663
563.0000 -1.5541
564.0000 -1.5421
565.0000 -1.5303
566.0000 -1.5188
567.0000 -1.5075
568.0000 -1.4963
569.0000 -1.4854
570.0000 -1.4746
571.0000 -1.4641
572.0000 -1.4537
573.0000 -1.4434
574.0000 -1.4334
575.0000 -1.4235
576.0000 -1.4138
577.0000 -1.4043
578.0000 -1.3949
579.0000 -1.3857
580.0000 -1.3767
581.0000 -1.3678
582.0000 -1.3590
583.0000 -1.3504
584.0000 -1.3420
585.0000 -1.3337
586.0000 -1.3255
587.0000 -1.3175
588.0000 -1.3096
589.0000 -1.3019
590.0000 -1.2943
591.0000 -1.2868
592.0000 -1.2794
593.0000 -1.2722
594.0000 -1.2651
595.0000 -1.2581
596.0000 -1.2512
597.0000 -1.2445
598.0000 -1.2378
599.0000 -1.2313
600.0000 -1.2249
601.0000 -1.2186
602.0000 -1.2124
603.0000 -1.2063
604.0000 -1.2003
605.0000 -1.1944
606.0000 -1.1886
607.0000 -1.1829
608.0000 -1.1773
609.0000 -1.1718
610.0000 20.5504
611.0000 2.1761
612.0000 3.5603
613.0000 2.9857
614.0000 2.9197
615.0000 2.7846
616.0000 2.6874
617.0000 2.6187
618.0000 2.5831
619.0000 2.5763
620.0000 2.5923
621.0000 2.6239
622.0000 2.6643
623.0000 2.7079
624.0000 2.7507
625.0000 2.7900
626.0000 2.8247
627.0000 2.8546
628.0000 2.8802
629.0000 2.9025
630.0000 2.9223
631.0000 2.9408
632.0000 2.9586
633.0000 2.9763
634.0000 2.9944
635.0000 3.0129
636.0000 3.0318
637.0000 3.0511
638.0000 3.0707
639.0000 3.0903
640.0000 3.1099
641.0000 3.1294
642.0000 3.1486
643.0000 3.1675
644.0000 3.1862
645.0000 3.2045
646.0000 3.2225
647.0000 3.2402
648.0000 3.2577
649.0000 3.2749
650.0000 3.2919
651.0000 3.3086
652.0000 3.3252
653.0000 3.3415
654.0000 3.3577
655.0000 3.3737
656.0000 3.3894
657.0000 3.4049
658.0000 3.4203
659.0000 3.4354
660.0000 3.4503
661.0000 3.4650
662.0000 3.4795
663.0000 3.4938
664.0000 3.5079
665.0000 3.5218
666.0000 3.5355
667.0000 3.5489
668.0000 3.5622
669.0000 3.5753
670.0000 3.5883
671.0000 3.6010
672.0000 3.6135
673.0000 3.6259
674.0000 3.6381
675.0000 3.6501
676.0000 3.6619
677.0000 3.6735
678.0000 3.6850
679.0000 3.6963
680.0000 3.7074
681.0000 3.7184
682.0000 3.7292
683.0000 3.7398
684.0000 3.7503
685.0000 3.7606
686.0000 3.7707
687.0000 3.7807
688.0000 3.7906
689.0000 3.8003
690.0000 3.8099
691.0000 3.8193
692.0000 3.8285
693.0000 3.8376
694.0000 3.8466
695.0000 3.8555
696.0000 3.8642
697.0000 3.8727
698.0000 3.8812
699.0000 3.8895
700.0000 3.8977
701.0000 3.9057
702.0000 3.9136
703.0000 3.9214
704.0000 3.9291
705.0000 3.9367
706.0000 3.9441
707.0000 3.9514
708.0000 3.9586
709.0000 3.9657
710.0000 3.9727
711.0000 2.9061
712.0000 11.9542
713.0000 11.0357
714.0000 10.4387
715.0000 9.4060
716.0000 8.4233
717.0000 7.5863
718.0000 6.9688
719.0000 6.5821
720.0000 6.4029
721.0000 6.3873
722.0000 6.4845
723.0000 6.6461
724.0000 6.8319
725.0000 7.0123
726.0000 7.1689
727.0000 7.2929
728.0000 7.3827
729.0000 7.4421
730.0000 7.4775
731.0000 7.4962
732.0000 7.5051
733.0000 7.5099
734.0000 7.5148
735.0000 7.5225
736.0000 7.5342
737.0000 7.5501
738.0000 7.5696
739.0000 7.5919
740.0000 7.6160
741.0000 7.6409
742.0000 7.6658
743.0000 7.6901
744.0000 7.7136
745.0000 7.7359
746.0000 7.7573
747.0000 7.7777
748.0000 7.7972
749.0000 7.8161
750.0000 7.8344
751.0000 7.8524
752.0000 7.8701
753.0000 7.8875
754.0000 7.9047
755.0000 7.9216
756.0000 7.9384
757.0000 7.9549
758.0000 7.9712
759.0000 7.9873
760.0000 8.0031
761.0000 8.0186
762.0000 8.0338
763.0000 8.0488
764.0000 8.0635
765.0000 8.0779
766.0000 8.0921
767.0000 8.1060
768.0000 8.1197
769.0000 8.1332
770.0000 8.1464
771.0000 8.1594
772.0000 8.1722
773.0000 8.1848
774.0000 8.1972
775.0000 8.2094
776.0000 8.2214
777.0000 8.2331
778.0000 8.2447
779.0000 8.2561
780.0000 8.2673
781.0000 8.2783
782.0000 8.2891
783.0000 8.2998
784.0000 8.3103
785.0000 8.3206
786.0000 8.3307
787.0000 8.3406
788.0000 8.3504
789.0000 8.3601
790.0000 8.3695
791.0000 8.3788
792.0000 8.3880
793.0000 8.3970
794.0000 8.4058
795.0000 8.4145
796.0000 8.4231
797.0000 8.4315
798.0000 8.4398
799.0000 8.4480
800.0000 8.4560
801.0000 8.4638
802.0000 8.4716
803.0000 8.4792
804.0000 8.4867
805.0000 8.4941
806.0000 8.5013
807.0000 8.5084
808.0000 8.5154
809.0000 8.5223
810.0000 8.5291
811.0000 -13.8070
812.0000 -8.7418
813.0000 -5.2343
814.0000 -1.2298
815.0000 2.0278
816.0000 4.4242
817.0000 5.9144
818.0000 6.6115
819.0000 6.6940
820.0000 6.3619
821.0000 5.8015
822.0000 5.1644
823.0000 4.5595
824.0000 4.0529
825.0000 3.6742
826.0000 3.4251
827.0000 3.2893
828.0000 3.2408
829.0000 3.2510
830.0000 3.2934
831.0000 3.3467
832.0000 3.3955
833.0000 3.4308
834.0000 3.4483
835.0000 3.4480
836.0000 3.4324
837.0000 3.4050
838.0000 3.3701
839.0000 3.3313
840.0000 3.2916
841.0000 3.2532
842.0000 3.2173
843.0000 3.1845
844.0000 3.1548
845.0000 3.1278
846.0000 3.1029
847.0000 3.0796
848.0000 3.0573
849.0000 3.0357
850.0000 3.0143
851.0000 2.9930
852.0000 2.9718
853.0000 2.9506
854.0000 2.9294
855.0000 2.9084
856.0000 2.8876
857.0000 2.8671
858.0000 2.8469
859.0000 2.8271
860.0000 2.8076
861.0000 2.7886
862.0000 2.7699
863.0000 2.7516
864.0000 2.7337
865.0000 2.7161
866.0000 2.6988
867.0000 2.6818
868.0000 2.6651
869.0000 2.6487
870.0000 2.6326
871.0000 2.6168
872.0000 2.6012
873.0000 2.5859
874.0000 2.5708
875.0000 2.5560
876.0000 2.5415
877.0000 2.5272
878.0000 2.5132
879.0000 2.4994
880.0000 2.4858
881.0000 2.4725
882.0000 2.4594
883.0000 2.4465
884.0000 2.4339
885.0000 2.4215
886.0000 2.4092
887.0000 2.3972
888.0000 2.3854
889.0000 2.3738
890.0000 2.3624
891.0000 2.3512
892.0000 2.3402
893.0000 2.3293
894.0000 2.3187
895.0000 2.3082
896.0000 2.2979
897.0000 2.2878
898.0000 2.2779
899.0000 2.2681
900.0000 2.2585
901.0000 2.2490
902.0000 2.2397
903.0000 2.2306
904.0000 2.2216
905.0000 2.2128
906.0000 2.2041
907.0000 2.1956
908.0000 2.1872
909.0000 2.1789
910.0000 2.1708
