1.0000 0.0000
2.0000 0.0000
3.0000 0.0000
4.0000 0.0000
5.0000 0.0000
6.0000 0.0000
7.0000 0.0000
8.0000 0.0000
9.0000 0.0000
10.0000 0.0000
11.0000 -0.1296
12.0000 -0.1074
13.0000 -0.1135
14.0000 -0.1094
15.0000 -0.1041
16.0000 -0.0985
17.0000 -0.0940
18.0000 -0.0914
19.0000 -0.0910
20.0000 -0.0925
21.0000 -0.0956
22.0000 -0.0999
23.0000 -0.1049
24.0000 -0.1102
25.0000 -0.1155
26.0000 -0.1207
27.0000 -0.1256
28.0000 -0.1302
29.0000 -0.1346
30.0000 -0.1387
31.0000 -0.1426
32.0000 -0.1465
33.0000 -0.1502
34.0000 -0.1540
35.0000 -0.1578
36.0000 -0.1616
37.0000 -0.1654
38.0000 -0.1692
39.0000 -0.1731
40.0000 -0.1770
41.0000 -0.1808
42.0000 -0.1846
43.0000 -0.1885
44.0000 -0.1922
45.0000 -0.1960
46.0000 -0.1997
47.0000 -0.2034
48.0000 -0.2070
49.0000 -0.2106
50.0000 -0.2142
51.0000 -0.2178
52.0000 -0.2213
53.0000 -0.2248
54.0000 -0.2282
55.0000 -0.2317
56.0000 -0.2351
57.0000 -0.2384
58.0000 -0.2418
59.0000 -0.2451
60.0000 -0.2483
61.0000 -0.2516
62.0000 -0.2548
63.0000 -0.2579
64.0000 -0.2611
65.0000 -0.2642
66.0000 -0.2672
67.0000 -0.2703
68.0000 -0.2733
69.0000 -0.2763
70.0000 -0.2792
71.0000 -0.2821
72.0000 -0.2850
73.0000 -0.2878
74.0000 -0.2906
75.0000 -0.2934
76.0000 -0.2961
77.0000 -0.2988
78.0000 -0.3015
79.0000 -0.3041
80.0000 -0.3067
81.0000 -0.3093
82.0000 -0.3119
83.0000 -0.3144
84.0000 -0.3169
85.0000 -0.3193
86.0000 -0.3217
87.0000 -0.3241
88.0000 -0.3265
89.0000 -0.3288
90.0000 -0.3311
91.0000 -0.3334
92.0000 -0.3357
93.0000 -0.3379
94.0000 -0.3401
95.0000 -0.3422
96.0000 -0.3444
97.0000 -0.3465
98.0000 -0.3485
99.0000 -0.3506
100.0000 -0.3526
101.0000 -0.3546
102.0000 -0.3566
103.0000 -0.3585
104.0000 -0.3605
105.0000 -0.3623
106.0000 -0.3642
107.0000 -0.3661
108.0000 -0.3679
109.0000 -0.3697
110.0000 -0.3714
111.0000 -1.1861
112.0000 -1.2967
113.0000 -1.3849
114.0000 -1.3962
115.0000 -1.3720
116.0000 -1.3289
117.0000 -1.2827
118.0000 -1.2433
119.0000 -1.2162
120.0000 -1.2032
121.0000 -1.2034
122.0000 -1.2144
123.0000 -1.2330
124.0000 -1.2562
125.0000 -1.2811
126.0000 -1.3058
127.0000 -1.3288
128.0000 -1.3495
129.0000 -1.3676
130.0000 -1.3834
131.0000 -1.3972
132.0000 -1.4094
133.0000 -1.4207
134.0000 -1.4313
135.0000 -1.4415
136.0000 -1.4517
137.0000 -1.4619
138.0000 -1.4721
139.0000 -1.4823
140.0000 -1.4926
141.0000 -1.5027
142.0000 -1.5128
143.0000 -1.5227
144.0000 -1.5323
145.0000 -1.5418
146.0000 -1.5510
147.0000 -1.5600
148.0000 -1.5688
149.0000 -1.5774
150.0000 -1.5858
151.0000 -1.5941
152.0000 -1.6021
153.0000 -1.6100
154.0000 -1.6178
155.0000 -1.6254
156.0000 -1.6329
157.0000 -1.6402
158.0000 -1.6474
159.0000 -1.6545
160.0000 -1.6615
161.0000 -1.6683
162.0000 -1.6751
163.0000 -1.6816
164.0000 -1.6881
165.0000 -1.6945
166.0000 -1.7007
167.0000 -1.7068
168.0000 -1.7129
169.0000 -1.7188
170.0000 -1.7246
171.0000 -1.7303
172.0000 -1.7359
173.0000 -1.7414
174.0000 -1.7468
175.0000 -1.7521
176.0000 -1.7573
177.0000 -1.7625
178.0000 -1.7675
179.0000 -1.7724
180.0000 -1.7773
181.0000 -1.7821
182.0000 -1.7868
183.0000 -1.7914
184.0000 -1.7959
185.0000 -1.8004
186.0000 -1.8047
187.0000 -1.8090
188.0000 -1.8132
189.0000 -1.8174
190.0000 -1.8215
191.0000 -1.8255
192.0000 -1.8294
193.0000 -1.8333
194.0000 -1.8371
195.0000 -1.8408
196.0000 -1.8445
197.0000 -1.8481
198.0000 -1.8516
199.0000 -1.8551
200.0000 -1.8585
201.0000 -1.8619
202.0000 -1.8652
203.0000 -1.8684
204.0000 -1.8716
205.0000 -1.8747
206.0000 -1.8778
207.0000 -1.8808
208.0000 -1.8838
209.0000 -1.8867
210.0000 0.2894
211.0000 0.3199
212.0000 0.2970
213.0000 0.0978
214.0000 -0.1516
215.0000 -0.4035
216.0000 -0.6202
217.0000 -0.7833
218.0000 -0.8881
219.0000 -0.9395
220.0000 -0.9479
221.0000 -0.9260
222.0000 -0.8861
223.0000 -0.8387
224.0000 -0.7914
225.0000 -0.7494
226.0000 -0.7153
227.0000 -0.6896
228.0000 -0.6715
229.0000 -0.6597
230.0000 -0.6522
231.0000 -0.6473
232.0000 -0.6436
233.0000 -0.6399
234.0000 -0.6356
235.0000 -0.6303
236.0000 -0.6240
237.0000 -0.6167
238.0000 -0.6086
239.0000 -0.6001
240.0000 -0.5913
241.0000 -0.5825
242.0000 -0.5738
243.0000 -0.5653
244.0000 -0.5572
245.0000 -0.5492
246.0000 -0.5416
247.0000 -0.5342
248.0000 -0.5269
249.0000 -0.5199
250.0000 -0.5129
251.0000 -0.5060
252.0000 -0.4993
253.0000 -0.4926
254.0000 -0.4859
255.0000 -0.4794
256.0000 -0.4729
257.0000 -0.4665
258.0000 -0.4603
259.0000 -0.4540
260.0000 -0.4479
261.0000 -0.4419
262.0000 -0.4360
263.0000 -0.4302
264.0000 -0.4244
265.0000 -0.4188
266.0000 -0.4132
267.0000 -0.4077
268.0000 -0.4023
269.0000 -0.3970
270.0000 -0.3918
271.0000 -0.3866
272.0000 -0.3815
273.0000 -0.3765
274.0000 -0.3716
275.0000 -0.3668
276.0000 -0.3620
277.0000 -0.3573
278.0000 -0.3526
279.0000 -0.3481
280.0000 -0.3436
281.0000 -0.3392
282.0000 -0.3348
283.0000 -0.3305
284.0000 -0.3263
285.0000 -0.3221
286.0000 -0.3180
287.0000 -0.3140
288.0000 -0.3100
289.0000 -0.3061
290.0000 -0.3023
291.0000 -0.2985
292.0000 -0.2948
293.0000 -0.2911
294.0000 -0.2875
295.0000 -0.2839
296.0000 -0.2804
297.0000 -0.2769
298.0000 -0.2735
299.0000 -0.2702
300.0000 -0.2669
301.0000 -0.2637
302.0000 -0.2605
303.0000 -0.2573
304.0000 -0.2542
305.0000 -0.2512
306.0000 -0.2482
307.0000 -0.2452
308.0000 -0.2423
309.0000 -0.2395
310.0000 -0.2367
311.0000 0.0254
312.0000 -0.0163
313.0000 -0.0015
314.0000 -0.0070
315.0000 -0.0150
316.0000 -0.0237
317.0000 -0.0301
318.0000 -0.0328
319.0000 -0.0312
320.0000 -0.0258
321.0000 -0.0172
322.0000 -0.0063
323.0000 0.0060
324.0000 0.0189
325.0000 0.0318
326.0000 0.0443
327.0000 0.0563
328.0000 0.0676
329.0000 0.0784
330.0000 0.0887
331.0000 0.0986
332.0000 0.1082
333.0000 0.1177
334.0000 0.1272
335.0000 0.1367
336.0000 0.1461
337.0000 0.1556
338.0000 0.1651
339.0000 0.1746
340.0000 0.1841
341.0000 0.1935
342.0000 0.2029
343.0000 0.2122
344.0000 0.2214
345.0000 0.2305
346.0000 0.2395
347.0000 0.2485
348.0000 0.2573
349.0000 0.2660
350.0000 0.2747
351.0000 0.2833
352.0000 0.2918
353.0000 0.3002
354.0000 0.3085
355.0000 0.3168
356.0000 0.3249
357.0000 0.3330
358.0000 0.3410
359.0000 0.3489
360.0000 0.3567
361.0000 0.3644
362.0000 0.3721
363.0000 0.3796
364.0000 0.3871
365.0000 0.3945
366.0000 0.4018
367.0000 0.4090
368.0000 0.4161
369.0000 0.4231
370.0000 0.4301
371.0000 0.4370
372.0000 0.4438
373.0000 0.4505
374.0000 0.4571
375.0000 0.4636
376.0000 0.4701
377.0000 0.4765
378.0000 0.4828
379.0000 0.4890
380.0000 0.4952
381.0000 0.5012
382.0000 0.5072
383.0000 0.5131
384.0000 0.5190
385.0000 0.5247
386.0000 0.5304
387.0000 0.5361
388.0000 0.5416
389.0000 0.5471
390.0000 0.5525
391.0000 0.5578
392.0000 0.5631
393.0000 0.5682
394.0000 0.5734
395.0000 0.5784
396.0000 0.5834
397.0000 0.5883
398.0000 0.5932
399.0000 0.5980
400.0000 0.6027
401.0000 0.6073
402.0000 0.6119
403.0000 0.6165
404.0000 0.6209
405.0000 0.6253
406.0000 0.6297
407.0000 0.6340
408.0000 0.6382
409.0000 0.6424
410.0000 0.6465
411.0000 2.2764
412.0000 2.4981
413.0000 2.6750
414.0000 2.6983
415.0000 2.6503
416.0000 2.5647
417.0000 2.4728
418.0000 2.3945
419.0000 2.3408
420.0000 2.3153
421.0000 2.3162
422.0000 2.3386
423.0000 2.3763
424.0000 2.4231
425.0000 2.4734
426.0000 2.5231
427.0000 2.5696
428.0000 2.6114
429.0000 2.6482
430.0000 2.6801
431.0000 2.7081
432.0000 2.7330
433.0000 2.7559
434.0000 2.7775
435.0000 2.7984
436.0000 2.8191
437.0000 2.8398
438.0000 2.8606
439.0000 2.8814
440.0000 2.9022
441.0000 2.9229
442.0000 2.9434
443.0000 2.9635
444.0000 2.9832
445.0000 3.0024
446.0000 3.0212
447.0000 3.0395
448.0000 3.0574
449.0000 3.0749
450.0000 3.0920
451.0000 3.1088
452.0000 3.1252
453.0000 3.1413
454.0000 3.1571
455.0000 3.1726
456.0000 3.1878
457.0000 3.2028
458.0000 3.2175
459.0000 3.2319
460.0000 3.2461
461.0000 3.2600
462.0000 3.2737
463.0000 3.2871
464.0000 3.3003
465.0000 3.3133
466.0000 3.3260
467.0000 3.3385
468.0000 3.3507
469.0000 3.3628
470.0000 3.3746
471.0000 3.3862
472.0000 3.3976
473.0000 3.4089
474.0000 3.4199
475.0000 3.4307
476.0000 3.4413
477.0000 3.4518
478.0000 3.4620
479.0000 3.4721
480.0000 3.4820
481.0000 3.4918
482.0000 3.5013
483.0000 3.5107
484.0000 3.5200
485.0000 3.5290
486.0000 3.5379
487.0000 3.5467
488.0000 3.5553
489.0000 3.5637
490.0000 3.5721
491.0000 3.5802
492.0000 3.5882
493.0000 3.5961
494.0000 3.6039
495.0000 3.6115
496.0000 3.6189
497.0000 3.6263
498.0000 3.6335
499.0000 3.6406
500.0000 3.6476
501.0000 3.6544
502.0000 3.6612
503.0000 3.6678
504.0000 3.6743
505.0000 3.6807
506.0000 3.6869
507.0000 3.6931
508.0000 3.6992
509.0000 3.7051
510.0000 -0.6469
511.0000 -0.7079
512.0000 -0.6619
513.0000 -0.2636
514.0000 0.2355
515.0000 0.7393
516.0000 1.1728
517.0000 1.4991
518.0000 1.7088
519.0000 1.8117
520.0000 1.8287
521.0000 1.7850
522.0000 1.7053
523.0000 1.6104
524.0000 1.5160
525.0000 1.4322
526.0000 1.3639
527.0000 1.3126
528.0000 1.2766
529.0000 1.2529
530.0000 1.2380
531.0000 1.2284
532.0000 1.2210
533.0000 1.2138
534.0000 1.2053
535.0000 1.1948
536.0000 1.1821
537.0000 1.1676
538.0000 1.1515
539.0000 1.1345
540.0000 1.1170
541.0000 1.0995
542.0000 1.0822
543.0000 1.0653
544.0000 1.0490
545.0000 1.0333
546.0000 1.0180
547.0000 1.0032
548.0000 0.9888
549.0000 0.9747
550.0000 0.9609
551.0000 0.9472
552.0000 0.9337
553.0000 0.9204
554.0000 0.9072
555.0000 0.8941
556.0000 0.8813
557.0000 0.8686
558.0000 0.8560
559.0000 0.8437
560.0000 0.8315
561.0000 0.8195
562.0000 0.8077
563.0000 0.7961
564.0000 0.7847
565.0000 0.7734
566.0000 0.7623
567.0000 0.7514
568.0000 0.7406
569.0000 0.7301
570.0000 0.7196
571.0000 0.7094
572.0000 0.6992
573.0000 0.6893
574.0000 0.6795
575.0000 0.6698
576.0000 0.6603
577.0000 0.6509
578.0000 0.6417
579.0000 0.6326
580.0000 0.6236
581.0000 0.6148
582.0000 0.6061
583.0000 0.5976
584.0000 0.5892
585.0000 0.5809
586.0000 0.5727
587.0000 0.5647
588.0000 0.5568
589.0000 0.5490
590.0000 0.5413
591.0000 0.5338
592.0000 0.5264
593.0000 0.5190
594.0000 0.5118
595.0000 0.5047
596.0000 0.4978
597.0000 0.4909
598.0000 0.4841
599.0000 0.4774
600.0000 0.4709
601.0000 0.4644
602.0000 0.4581
603.0000 0.4518
604.0000 0.4456
605.0000 0.4396
606.0000 0.4336
607.0000 0.4277
608.0000 0.4219
609.0000 0.4162
610.0000 0.4106
611.0000 0.0162
612.0000 0.0774
613.0000 0.0538
614.0000 0.0608
615.0000 0.0715
616.0000 0.0833
617.0000 0.0917
618.0000 0.0944
619.0000 0.0909
620.0000 0.0816
621.0000 0.0675
622.0000 0.0500
623.0000 0.0305
624.0000 0.0100
625.0000 -0.0104
626.0000 -0.0303
627.0000 -0.0493
628.0000 -0.0674
629.0000 -0.0846
630.0000 -0.1010
631.0000 -0.1168
632.0000 -0.1323
633.0000 -0.1475
634.0000 -0.1627
635.0000 -0.1778
636.0000 -0.1929
637.0000 -0.2081
638.0000 -0.2232
639.0000 -0.2383
640.0000 -0.2534
641.0000 -0.2684
642.0000 -0.2833
643.0000 -0.2980
644.0000 -0.3127
645.0000 -0.3271
646.0000 -0.3414
647.0000 -0.3556
648.0000 -0.3696
649.0000 -0.3835
650.0000 -0.3972
651.0000 -0.4108
652.0000 -0.4243
653.0000 -0.4376
654.0000 -0.4508
655.0000 -0.4638
656.0000 -0.4767
657.0000 -0.4895
658.0000 -0.5021
659.0000 -0.5146
660.0000 -0.5270
661.0000 -0.5392
662.0000 -0.5512
663.0000 -0.5632
664.0000 -0.5750
665.0000 -0.5866
666.0000 -0.5981
667.0000 -0.6095
668.0000 -0.6208
669.0000 -0.6319
670.0000 -0.6428
671.0000 -0.6537
672.0000 -0.6644
673.0000 -0.6750
674.0000 -0.6854
675.0000 -0.6957
676.0000 -0.7059
677.0000 -0.7160
678.0000 -0.7259
679.0000 -0.7357
680.0000 -0.7454
681.0000 -0.7549
682.0000 -0.7643
683.0000 -0.7737
684.0000 -0.7828
685.0000 -0.7919
686.0000 -0.8009
687.0000 -0.8097
688.0000 -0.8184
689.0000 -0.8270
690.0000 -0.8355
691.0000 -0.8439
692.0000 -0.8521
693.0000 -0.8603
694.0000 -0.8683
695.0000 -0.8763
696.0000 -0.8841
697.0000 -0.8918
698.0000 -0.8995
699.0000 -0.9070
700.0000 -0.9144
701.0000 -0.9217
702.0000 -0.9289
703.0000 -0.9360
704.0000 -0.9430
705.0000 -0.9500
706.0000 -0.9568
707.0000 -0.9635
708.0000 -0.9702
709.0000 -0.9767
710.0000 -0.9832
711.0000 -3.4282
712.0000 -3.7611
713.0000 -4.0267
714.0000 -4.0619
715.0000 -3.9902
716.0000 -3.8621
717.0000 -3.7245
718.0000 -3.6073
719.0000 -3.5270
720.0000 -3.4889
721.0000 -3.4905
722.0000 -3.5244
723.0000 -3.5812
724.0000 -3.6515
725.0000 -3.7272
726.0000 -3.8021
727.0000 -3.8720
728.0000 -3.9350
729.0000 -3.9902
730.0000 -4.0384
731.0000 -4.0805
732.0000 -4.1181
733.0000 -4.1526
734.0000 -4.1852
735.0000 -4.2168
736.0000 -4.2480
737.0000 -4.2792
738.0000 -4.3106
739.0000 -4.3420
740.0000 -4.3734
741.0000 -4.4046
742.0000 -4.4355
743.0000 -4.4658
744.0000 -4.4955
745.0000 -4.5245
746.0000 -4.5529
747.0000 -4.5805
748.0000 -4.6075
749.0000 -4.6339
750.0000 -4.6597
751.0000 -4.6849
752.0000 -4.7097
753.0000 -4.7340
754.0000 -4.7578
755.0000 -4.7812
756.0000 -4.8042
757.0000 -4.8268
758.0000 -4.8490
759.0000 -4.8708
760.0000 -4.8922
761.0000 -4.9132
762.0000 -4.9338
763.0000 -4.9541
764.0000 -4.9740
765.0000 -4.9935
766.0000 -5.0127
767.0000 -5.0316
768.0000 -5.0501
769.0000 -5.0682
770.0000 -5.0861
771.0000 -5.1036
772.0000 -5.1209
773.0000 -5.1378
774.0000 -5.1544
775.0000 -5.1707
776.0000 -5.1868
777.0000 -5.2025
778.0000 -5.2180
779.0000 -5.2333
780.0000 -5.2482
781.0000 -5.2629
782.0000 -5.2773
783.0000 -5.2915
784.0000 -5.3054
785.0000 -5.3191
786.0000 -5.3326
787.0000 -5.3458
788.0000 -5.3588
789.0000 -5.3715
790.0000 -5.3841
791.0000 -5.3964
792.0000 -5.4085
793.0000 -5.4204
794.0000 -5.4321
795.0000 -5.4436
796.0000 -5.4548
797.0000 -5.4659
798.0000 -5.4768
799.0000 -5.4875
800.0000 -5.4980
801.0000 -5.5084
802.0000 -5.5185
803.0000 -5.5285
804.0000 -5.5383
805.0000 -5.5480
806.0000 -5.5575
807.0000 -5.5668
808.0000 -5.5759
809.0000 -5.5849
810.0000 0.9431
811.0000 1.0346
812.0000 0.9655
813.0000 0.3679
814.0000 -0.3807
815.0000 -1.1366
816.0000 -1.7868
817.0000 -2.2763
818.0000 -2.5909
819.0000 -2.7453
820.0000 -2.7708
821.0000 -2.7053
822.0000 -2.5858
823.0000 -2.4436
824.0000 -2.3020
825.0000 -2.1763
826.0000 -2.0740
827.0000 -1.9970
828.0000 -1.9430
829.0000 -1.9076
830.0000 -1.8853
831.0000 -1.8708
832.0000 -1.8599
833.0000 -1.8491
834.0000 -1.8363
835.0000 -1.8206
836.0000 -1.8017
837.0000 -1.7799
838.0000 -1.7558
839.0000 -1.7303
840.0000 -1.7041
841.0000 -1.6779
842.0000 -1.6520
843.0000 -1.6267
844.0000 -1.6023
845.0000 -1.5787
846.0000 -1.5558
847.0000 -1.5337
848.0000 -1.5121
849.0000 -1.4910
850.0000 -1.4702
851.0000 -1.4497
852.0000 -1.4295
853.0000 -1.4096
854.0000 -1.3898
855.0000 -1.3703
856.0000 -1.3510
857.0000 -1.3319
858.0000 -1.3132
859.0000 -1.2947
860.0000 -1.2764
861.0000 -1.2585
862.0000 -1.2408
863.0000 -1.2234
864.0000 -1.2063
865.0000 -1.1894
866.0000 -1.1728
867.0000 -1.1564
868.0000 -1.1403
869.0000 -1.1245
870.0000 -1.1088
871.0000 -1.0935
872.0000 -1.0783
873.0000 -1.0634
874.0000 -1.0487
875.0000 -1.0342
876.0000 -1.0199
877.0000 -1.0059
878.0000 -0.9921
879.0000 -0.9784
880.0000 -0.9650
881.0000 -0.9518
882.0000 -0.9388
883.0000 -0.9260
884.0000 -0.9134
885.0000 -0.9010
886.0000 -0.8888
887.0000 -0.8768
888.0000 -0.8649
889.0000 -0.8533
890.0000 -0.8418
891.0000 -0.8305
892.0000 -0.8193
893.0000 -0.8084
894.0000 -0.7976
895.0000 -0.7869
896.0000 -0.7765
897.0000 -0.7662
898.0000 -0.7560
899.0000 -0.7461
900.0000 -0.7362
901.0000 -0.7266
902.0000 -0.7170
903.0000 -0.7076
904.0000 -0.6984
905.0000 -0.6893
906.0000 -0.6804
907.0000 -0.6716
908.0000 -0.6629
909.0000 -0.6543
910.0000 -0.6459
