1.0000 0.0000
2.0000 0.0000
3.0000 0.0000
4.0000 0.0000
5.0000 0.0000
6.0000 0.0000
7.0000 0.0000
8.0000 0.0000
9.0000 0.0000
10.0000 0.0000
11.0000 1.0002
12.0000 0.9367
13.0000 0.9731
14.0000 0.9805
15.0000 0.9900
16.0000 0.9962
17.0000 1.0002
18.0000 1.0020
19.0000 1.0022
20.0000 1.0014
21.0000 0.9999
22.0000 0.9983
23.0000 0.9967
24.0000 0.9954
25.0000 0.9945
26.0000 0.9940
27.0000 0.9937
28.0000 0.9937
29.0000 0.9938
30.0000 0.9940
31.0000 0.9943
32.0000 0.9945
33.0000 0.9947
34.0000 0.9949
35.0000 0.9950
36.0000 0.9950
37.0000 0.9951
38.0000 0.9951
39.0000 0.9951
40.0000 0.9951
41.0000 0.9951
42.0000 0.9951
43.0000 0.9951
44.0000 0.9952
45.0000 0.9952
46.0000 0.9952
47.0000 0.9953
48.0000 0.9953
49.0000 0.9954
50.0000 0.9955
51.0000 0.9955
52.0000 0.9956
53.0000 0.9956
54.0000 0.9957
55.0000 0.9957
56.0000 0.9958
57.0000 0.9958
58.0000 0.9959
59.0000 0.9959
60.0000 0.9960
61.0000 0.9960
62.0000 0.9961
63.0000 0.9961
64.0000 0.9962
65.0000 0.9962
66.0000 0.9963
67.0000 0.9963
68.0000 0.9964
69.0000 0.9964
70.0000 0.9965
71.0000 0.9965
72.0000 0.9966
73.0000 0.9966
74.0000 0.9967
75.0000 0.9967
76.0000 0.9967
77.0000 0.9968
78.0000 0.9968
79.0000 0.9969
80.0000 0.9969
81.0000 0.9970
82.0000 0.9970
83.0000 0.9971
84.0000 0.9971
85.0000 0.9971
86.0000 0.9972
87.0000 0.9972
88.0000 0.9973
89.0000 0.9973
90.0000 0.9973
91.0000 0.9974
92.0000 0.9974
93.0000 0.9975
94.0000 0.9975
95.0000 0.9975
96.0000 0.9976
97.0000 0.9976
98.0000 0.9977
99.0000 0.9977
100.0000 0.9977
101.0000 0.9978
102.0000 0.9978
103.0000 0.9978
104.0000 0.9979
105.0000 0.9979
106.0000 0.9979
107.0000 0.9980
108.0000 0.9980
109.0000 0.9980
110.0000 0.9980
111.0000 1.0475
112.0000 0.6236
113.0000 0.7239
114.0000 0.7939
115.0000 0.8732
116.0000 0.9380
117.0000 0.9861
118.0000 1.0167
119.0000 1.0320
120.0000 1.0354
121.0000 1.0307
122.0000 1.0215
123.0000 1.0108
124.0000 1.0006
125.0000 0.9923
126.0000 0.9863
127.0000 0.9827
128.0000 0.9813
129.0000 0.9815
130.0000 0.9827
131.0000 0.9845
132.0000 0.9865
133.0000 0.9884
134.0000 0.9900
135.0000 0.9912
136.0000 0.9921
137.0000 0.9926
138.0000 0.9929
139.0000 0.9930
140.0000 0.9930
141.0000 0.9929
142.0000 0.9929
143.0000 0.9929
144.0000 0.9929
145.0000 0.9930
146.0000 0.9931
147.0000 0.9933
148.0000 0.9934
149.0000 0.9936
150.0000 0.9938
151.0000 0.9939
152.0000 0.9941
153.0000 0.9942
154.0000 0.9943
155.0000 0.9944
156.0000 0.9945
157.0000 0.9946
158.0000 0.9947
159.0000 0.9948
160.0000 0.9949
161.0000 0.9950
162.0000 0.9951
163.0000 0.9952
164.0000 0.9953
165.0000 0.9953
166.0000 0.9954
167.0000 0.9955
168.0000 0.9956
169.0000 0.9957
170.0000 0.9957
171.0000 0.9958
172.0000 0.9959
173.0000 0.9960
174.0000 0.9960
175.0000 0.9961
176.0000 0.9962
177.0000 0.9962
178.0000 0.9963
179.0000 0.9963
180.0000 0.9964
181.0000 0.9965
182.0000 0.9965
183.0000 0.9966
184.0000 0.9966
185.0000 0.9967
186.0000 0.9968
187.0000 0.9968
188.0000 0.9969
189.0000 0.9969
190.0000 0.9970
191.0000 0.9970
192.0000 0.9971
193.0000 0.9971
194.0000 0.9972
195.0000 0.9972
196.0000 0.9973
197.0000 0.9973
198.0000 0.9973
199.0000 0.9974
200.0000 0.9974
201.0000 0.9975
202.0000 0.9975
203.0000 0.9976
204.0000 0.9976
205.0000 0.9976
206.0000 0.9977
207.0000 0.9977
208.0000 0.9978
209.0000 0.9978
210.0000 0.9978
211.0000 2.0267
212.0000 1.6355
213.0000 1.3762
214.0000 1.1340
215.0000 0.9634
216.0000 0.8587
217.0000 0.8118
218.0000 0.8087
219.0000 0.8343
220.0000 0.8751
221.0000 0.9201
222.0000 0.9618
223.0000 0.9955
224.0000 1.0195
225.0000 1.0340
226.0000 1.0402
227.0000 1.0403
228.0000 1.0363
229.0000 1.0303
230.0000 1.0237
231.0000 1.0176
232.0000 1.0126
233.0000 1.0091
234.0000 1.0069
235.0000 1.0058
236.0000 1.0057
237.0000 1.0061
238.0000 1.0067
239.0000 1.0075
240.0000 1.0082
241.0000 1.0087
242.0000 1.0090
243.0000 1.0091
244.0000 1.0091
245.0000 1.0090
246.0000 1.0087
247.0000 1.0085
248.0000 1.0082
249.0000 1.0079
250.0000 1.0077
251.0000 1.0075
252.0000 1.0073
253.0000 1.0072
254.0000 1.0071
255.0000 1.0069
256.0000 1.0068
257.0000 1.0067
258.0000 1.0066
259.0000 1.0065
260.0000 1.0064
261.0000 1.0063
262.0000 1.0062
263.0000 1.0061
264.0000 1.0060
265.0000 1.0059
266.0000 1.0058
267.0000 1.0057
268.0000 1.0056
269.0000 1.0055
270.0000 1.0054
271.0000 1.0053
272.0000 1.0052
273.0000 1.0051
274.0000 1.0050
275.0000 1.0049
276.0000 1.0048
277.0000 1.0048
278.0000 1.0047
279.0000 1.0046
280.0000 1.0045
281.0000 1.0044
282.0000 1.0044
283.0000 1.0043
284.0000 1.0042
285.0000 1.0041
286.0000 1.0041
287.0000 1.0040
288.0000 1.0039
289.0000 1.0039
290.0000 1.0038
291.0000 1.0037
292.0000 1.0037
293.0000 1.0036
294.0000 1.0035
295.0000 1.0035
296.0000 1.0034
297.0000 1.0034
298.0000 1.0033
299.0000 1.0032
300.0000 1.0032
301.0000 1.0031
302.0000 1.0031
303.0000 1.0030
304.0000 1.0030
305.0000 1.0029
306.0000 1.0029
307.0000 1.0028
308.0000 1.0028
309.0000 1.0027
310.0000 1.0027
311.0000 -0.9977
312.0000 -0.8707
313.0000 -0.9436
314.0000 -0.9585
315.0000 -0.9774
316.0000 -0.9900
317.0000 -0.9979
318.0000 -1.0017
319.0000 -1.0021
320.0000 -1.0004
321.0000 -0.9976
322.0000 -0.9943
323.0000 -0.9913
324.0000 -0.9888
325.0000 -0.9870
326.0000 -0.9859
327.0000 -0.9854
328.0000 -0.9854
329.0000 -0.9857
330.0000 -0.9861
331.0000 -0.9866
332.0000 -0.9871
333.0000 -0.9876
334.0000 -0.9879
335.0000 -0.9881
336.0000 -0.9883
337.0000 -0.9884
338.0000 -0.9885
339.0000 -0.9885
340.0000 -0.9885
341.0000 -0.9886
342.0000 -0.9886
343.0000 -0.9887
344.0000 -0.9888
345.0000 -0.9889
346.0000 -0.9890
347.0000 -0.9892
348.0000 -0.9893
349.0000 -0.9894
350.0000 -0.9895
351.0000 -0.9897
352.0000 -0.9898
353.0000 -0.9899
354.0000 -0.9900
355.0000 -0.9902
356.0000 -0.9903
357.0000 -0.9904
358.0000 -0.9905
359.0000 -0.9906
360.0000 -0.9908
361.0000 -0.9909
362.0000 -0.9910
363.0000 -0.9911
364.0000 -0.9912
365.0000 -0.9914
366.0000 -0.9915
367.0000 -0.9916
368.0000 -0.9917
369.0000 -0.9918
370.0000 -0.9919
371.0000 -0.9920
372.0000 -0.9922
373.0000 -0.9923
374.0000 -0.9924
375.0000 -0.9925
376.0000 -0.9926
377.0000 -0.9927
378.0000 -0.9928
379.0000 -0.9929
380.0000 -0.9930
381.0000 -0.9931
382.0000 -0.9932
383.0000 -0.9933
384.0000 -0.9934
385.0000 -0.9935
386.0000 -0.9936
387.0000 -0.9937
388.0000 -0.9938
389.0000 -0.9939
390.0000 -0.9940
391.0000 -0.9941
392.0000 -0.9942
393.0000 -0.9943
394.0000 -0.9943
395.0000 -0.9944
396.0000 -0.9945
397.0000 -0.9946
398.0000 -0.9947
399.0000 -0.9948
400.0000 -0.9948
401.0000 -0.9949
402.0000 -0.9950
403.0000 -0.9951
404.0000 -0.9952
405.0000 -0.9952
406.0000 -0.9953
407.0000 -0.9954
408.0000 -0.9954
409.0000 -0.9955
410.0000 -0.9956
411.0000 -1.0945
412.0000 -0.2467
413.0000 -0.4472
414.0000 -0.5873
415.0000 -0.7459
416.0000 -0.8755
417.0000 -0.9718
418.0000 -1.0330
419.0000 -1.0635
420.0000 -1.0703
421.0000 -1.0609
422.0000 -1.0426
423.0000 -1.0212
424.0000 -1.0009
425.0000 -0.9841
426.0000 -0.9722
427.0000 -0.9650
428.0000 -0.9622
429.0000 -0.9625
430.0000 -0.9651
431.0000 -0.9687
432.0000 -0.9727
433.0000 -0.9765
434.0000 -0.9797
435.0000 -0.9821
436.0000 -0.9838
437.0000 -0.9849
438.0000 -0.9854
439.0000 -0.9856
440.0000 -0.9856
441.0000 -0.9856
442.0000 -0.9855
443.0000 -0.9855
444.0000 -0.9856
445.0000 -0.9858
446.0000 -0.9860
447.0000 -0.9863
448.0000 -0.9866
449.0000 -0.9869
450.0000 -0.9873
451.0000 -0.9876
452.0000 -0.9879
453.0000 -0.9882
454.0000 -0.9884
455.0000 -0.9886
456.0000 -0.9889
457.0000 -0.9891
458.0000 -0.9892
459.0000 -0.9894
460.0000 -0.9896
461.0000 -0.9898
462.0000 -0.9900
463.0000 -0.9901
464.0000 -0.9903
465.0000 -0.9905
466.0000 -0.9907
467.0000 -0.9908
468.0000 -0.9910
469.0000 -0.9911
470.0000 -0.9913
471.0000 -0.9914
472.0000 -0.9916
473.0000 -0.9917
474.0000 -0.9919
475.0000 -0.9920
476.0000 -0.9921
477.0000 -0.9923
478.0000 -0.9924
479.0000 -0.9925
480.0000 -0.9927
481.0000 -0.9928
482.0000 -0.9929
483.0000 -0.9930
484.0000 -0.9931
485.0000 -0.9933
486.0000 -0.9934
487.0000 -0.9935
488.0000 -0.9936
489.0000 -0.9937
490.0000 -0.9938
491.0000 -0.9939
492.0000 -0.9940
493.0000 -0.9941
494.0000 -0.9942
495.0000 -0.9943
496.0000 -0.9944
497.0000 -0.9945
498.0000 -0.9946
499.0000 -0.9947
500.0000 -0.9948
501.0000 -0.9948
502.0000 -0.9949
503.0000 -0.9950
504.0000 -0.9951
505.0000 -0.9952
506.0000 -0.9953
507.0000 -0.9953
508.0000 -0.9954
509.0000 -0.9955
510.0000 -0.9956
511.0000 -3.0533
512.0000 -2.2709
513.0000 -1.7524
514.0000 -1.2678
515.0000 -0.9266
516.0000 -0.7172
517.0000 -0.6235
518.0000 -0.6172
519.0000 -0.6685
520.0000 -0.7501
521.0000 -0.8402
522.0000 -0.9234
523.0000 -0.9909
524.0000 -1.0390
525.0000 -1.0679
526.0000 -1.0804
527.0000 -1.0805
528.0000 -1.0726
529.0000 -1.0605
530.0000 -1.0473
531.0000 -1.0351
532.0000 -1.0252
533.0000 -1.0181
534.0000 -1.0137
535.0000 -1.0116
536.0000 -1.0113
537.0000 -1.0121
538.0000 -1.0134
539.0000 -1.0149
540.0000 -1.0163
541.0000 -1.0173
542.0000 -1.0180
543.0000 -1.0182
544.0000 -1.0182
545.0000 -1.0179
546.0000 -1.0174
547.0000 -1.0169
548.0000 -1.0163
549.0000 -1.0158
550.0000 -1.0154
551.0000 -1.0150
552.0000 -1.0146
553.0000 -1.0143
554.0000 -1.0141
555.0000 -1.0138
556.0000 -1.0136
557.0000 -1.0134
558.0000 -1.0132
559.0000 -1.0130
560.0000 -1.0128
561.0000 -1.0126
562.0000 -1.0124
563.0000 -1.0122
564.0000 -1.0119
565.0000 -1.0117
566.0000 -1.0115
567.0000 -1.0113
568.0000 -1.0111
569.0000 -1.0109
570.0000 -1.0107
571.0000 -1.0105
572.0000 -1.0103
573.0000 -1.0102
574.0000 -1.0100
575.0000 -1.0098
576.0000 -1.0096
577.0000 -1.0095
578.0000 -1.0093
579.0000 -1.0092
580.0000 -1.0090
581.0000 -1.0088
582.0000 -1.0087
583.0000 -1.0085
584.0000 -1.0084
585.0000 -1.0082
586.0000 -1.0081
587.0000 -1.0080
588.0000 -1.0078
589.0000 -1.0077
590.0000 -1.0076
591.0000 -1.0074
592.0000 -1.0073
593.0000 -1.0072
594.0000 -1.0071
595.0000 -1.0069
596.0000 -1.0068
597.0000 -1.0067
598.0000 -1.0066
599.0000 -1.0065
600.0000 -1.0064
601.0000 -1.0063
602.0000 -1.0062
603.0000 -1.0060
604.0000 -1.0059
605.0000 -1.0058
606.0000 -1.0057
607.0000 -1.0056
608.0000 -1.0056
609.0000 -1.0055
610.0000 -1.0054
611.0000 1.9953
612.0000 1.8048
613.0000 1.9142
614.0000 1.9365
615.0000 1.9649
616.0000 1.9838
617.0000 1.9957
618.0000 2.0013
619.0000 2.0021
620.0000 1.9995
621.0000 1.9952
622.0000 1.9904
623.0000 1.9858
624.0000 1.9821
625.0000 1.9794
626.0000 1.9778
627.0000 1.9771
628.0000 1.9771
629.0000 1.9775
630.0000 1.9782
631.0000 1.9790
632.0000 1.9798
633.0000 1.9805
634.0000 1.9810
635.0000 1.9813
636.0000 1.9816
637.0000 1.9818
638.0000 1.9819
639.0000 1.9819
640.0000 1.9820
641.0000 1.9821
642.0000 1.9822
643.0000 1.9823
644.0000 1.9825
645.0000 1.9826
646.0000 1.9828
647.0000 1.9830
648.0000 1.9832
649.0000 1.9834
650.0000 1.9836
651.0000 1.9838
652.0000 1.9840
653.0000 1.9842
654.0000 1.9844
655.0000 1.9846
656.0000 1.9848
657.0000 1.9850
658.0000 1.9852
659.0000 1.9854
660.0000 1.9856
661.0000 1.9858
662.0000 1.9859
663.0000 1.9861
664.0000 1.9863
665.0000 1.9865
666.0000 1.9867
667.0000 1.9869
668.0000 1.9871
669.0000 1.9872
670.0000 1.9874
671.0000 1.9876
672.0000 1.9878
673.0000 1.9879
674.0000 1.9881
675.0000 1.9883
676.0000 1.9885
677.0000 1.9886
678.0000 1.9888
679.0000 1.9890
680.0000 1.9891
681.0000 1.9893
682.0000 1.9894
683.0000 1.9896
684.0000 1.9897
685.0000 1.9899
686.0000 1.9900
687.0000 1.9902
688.0000 1.9903
689.0000 1.9905
690.0000 1.9906
691.0000 1.9908
692.0000 1.9909
693.0000 1.9911
694.0000 1.9912
695.0000 1.9913
696.0000 1.9915
697.0000 1.9916
698.0000 1.9917
699.0000 1.9918
700.0000 1.9920
701.0000 1.9921
702.0000 1.9922
703.0000 1.9923
704.0000 1.9925
705.0000 1.9926
706.0000 1.9927
707.0000 1.9928
708.0000 1.9929
709.0000 1.9930
710.0000 1.9931
711.0000 2.1415
712.0000 0.8698
713.0000 1.1706
714.0000 1.3807
715.0000 1.6186
716.0000 1.8130
717.0000 1.9574
718.0000 2.0493
719.0000 2.0951
720.0000 2.1052
721.0000 2.0912
722.0000 2.0637
723.0000 2.0316
724.0000 2.0011
725.0000 1.9760
726.0000 1.9580
727.0000 1.9474
728.0000 1.9431
729.0000 1.9436
730.0000 1.9474
731.0000 1.9529
732.0000 1.9589
733.0000 1.9646
734.0000 1.9694
735.0000 1.9730
736.0000 1.9755
737.0000 1.9771
738.0000 1.9779
739.0000 1.9782
740.0000 1.9783
741.0000 1.9782
742.0000 1.9781
743.0000 1.9781
744.0000 1.9782
745.0000 1.9785
746.0000 1.9788
747.0000 1.9793
748.0000 1.9798
749.0000 1.9803
750.0000 1.9808
751.0000 1.9813
752.0000 1.9817
753.0000 1.9821
754.0000 1.9825
755.0000 1.9828
756.0000 1.9832
757.0000 1.9835
758.0000 1.9838
759.0000 1.9840
760.0000 1.9843
761.0000 1.9846
762.0000 1.9849
763.0000 1.9851
764.0000 1.9854
765.0000 1.9856
766.0000 1.9859
767.0000 1.9861
768.0000 1.9864
769.0000 1.9866
770.0000 1.9868
771.0000 1.9871
772.0000 1.9873
773.0000 1.9875
774.0000 1.9877
775.0000 1.9879
776.0000 1.9881
777.0000 1.9883
778.0000 1.9885
779.0000 1.9887
780.0000 1.9889
781.0000 1.9891
782.0000 1.9893
783.0000 1.9895
784.0000 1.9896
785.0000 1.9898
786.0000 1.9900
787.0000 1.9901
788.0000 1.9903
789.0000 1.9905
790.0000 1.9906
791.0000 1.9908
792.0000 1.9909
793.0000 1.9911
794.0000 1.9912
795.0000 1.9914
796.0000 1.9915
797.0000 1.9917
798.0000 1.9918
799.0000 1.9919
800.0000 1.9921
801.0000 1.9922
802.0000 1.9923
803.0000 1.9925
804.0000 1.9926
805.0000 1.9927
806.0000 1.9928
807.0000 1.9929
808.0000 1.9931
809.0000 1.9932
810.0000 1.9933
811.0000 5.0799
812.0000 3.9063
813.0000 3.1285
814.0000 2.4017
815.0000 1.8899
816.0000 1.5758
817.0000 1.4352
818.0000 1.4258
819.0000 1.5027
820.0000 1.6251
821.0000 1.7602
822.0000 1.8851
823.0000 1.9863
824.0000 2.0584
825.0000 2.1018
826.0000 2.1205
827.0000 2.1207
828.0000 2.1089
829.0000 2.0907
830.0000 2.0709
831.0000 2.0526
832.0000 2.0378
833.0000 2.0271
834.0000 2.0205
835.0000 2.0174
836.0000 2.0169
837.0000 2.0181
838.0000 2.0201
839.0000 2.0224
840.0000 2.0244
841.0000 2.0260
842.0000 2.0269
843.0000 2.0273
844.0000 2.0272
845.0000 2.0268
846.0000 2.0261
847.0000 2.0253
848.0000 2.0245
849.0000 2.0237
850.0000 2.0230
851.0000 2.0224
852.0000 2.0219
853.0000 2.0215
854.0000 2.0211
855.0000 2.0207
856.0000 2.0204
857.0000 2.0201
858.0000 2.0198
859.0000 2.0195
860.0000 2.0192
861.0000 2.0189
862.0000 2.0185
863.0000 2.0182
864.0000 2.0179
865.0000 2.0176
866.0000 2.0173
867.0000 2.0169
868.0000 2.0166
869.0000 2.0163
870.0000 2.0161
871.0000 2.0158
872.0000 2.0155
873.0000 2.0152
874.0000 2.0150
875.0000 2.0147
876.0000 2.0145
877.0000 2.0142
878.0000 2.0140
879.0000 2.0137
880.0000 2.0135
881.0000 2.0132
882.0000 2.0130
883.0000 2.0128
884.0000 2.0126
885.0000 2.0124
886.0000 2.0121
887.0000 2.0119
888.0000 2.0117
889.0000 2.0115
890.0000 2.0113
891.0000 2.0111
892.0000 2.0109
893.0000 2.0108
894.0000 2.0106
895.0000 2.0104
896.0000 2.0102
897.0000 2.0100
898.0000 2.0099
899.0000 2.0097
900.0000 2.0095
901.0000 2.0094
902.0000 2.0092
903.0000 2.0091
904.0000 2.0089
905.0000 2.0088
906.0000 2.0086
907.0000 2.0085
908.0000 2.0083
909.0000 2.0082
910.0000 2.0080
