1.0000 0.0000
2.0000 0.0000
3.0000 0.0000
4.0000 0.0000
5.0000 0.0000
6.0000 0.0000
7.0000 0.0000
8.0000 0.0000
9.0000 0.0000
10.0000 0.0000
11.0000 0.0595
12.0000 0.0255
13.0000 0.0181
14.0000 0.0090
15.0000 0.0030
16.0000 -0.0008
17.0000 -0.0025
18.0000 -0.0027
19.0000 -0.0018
20.0000 -0.0004
21.0000 0.0012
22.0000 0.0027
23.0000 0.0039
24.0000 0.0048
25.0000 0.0053
26.0000 0.0056
27.0000 0.0056
28.0000 0.0055
29.0000 0.0053
30.0000 0.0050
31.0000 0.0048
32.0000 0.0047
33.0000 0.0045
34.0000 0.0044
35.0000 0.0044
36.0000 0.0044
37.0000 0.0044
38.0000 0.0044
39.0000 0.0044
40.0000 0.0044
41.0000 0.0044
42.0000 0.0044
43.0000 0.0044
44.0000 0.0044
45.0000 0.0043
46.0000 0.0043
47.0000 0.0043
48.0000 0.0042
49.0000 0.0042
50.0000 0.0042
51.0000 0.0041
52.0000 0.0041
53.0000 0.0041
54.0000 0.0040
55.0000 0.0040
56.0000 0.0040
57.0000 0.0039
58.0000 0.0039
59.0000 0.0038
60.0000 0.0038
61.0000 0.0038
62.0000 0.0037
63.0000 0.0037
64.0000 0.0037
65.0000 0.0036
66.0000 0.0036
67.0000 0.0035
68.0000 0.0035
69.0000 0.0035
70.0000 0.0034
71.0000 0.0034
72.0000 0.0033
73.0000 0.0033
74.0000 0.0033
75.0000 0.0032
76.0000 0.0032
77.0000 0.0032
78.0000 0.0031
79.0000 0.0031
80.0000 0.0030
81.0000 0.0030
82.0000 0.0030
83.0000 0.0029
84.0000 0.0029
85.0000 0.0029
86.0000 0.0028
87.0000 0.0028
88.0000 0.0028
89.0000 0.0027
90.0000 0.0027
91.0000 0.0027
92.0000 0.0026
93.0000 0.0026
94.0000 0.0026
95.0000 0.0025
96.0000 0.0025
97.0000 0.0025
98.0000 0.0024
99.0000 0.0024
100.0000 0.0024
101.0000 0.0023
102.0000 0.0023
103.0000 0.0023
104.0000 0.0022
105.0000 0.0022
106.0000 0.0022
107.0000 0.0022
108.0000 0.0021
109.0000 0.0021
110.0000 0.0021
111.0000 0.3751
112.0000 0.2758
113.0000 0.2060
114.0000 0.1288
115.0000 0.0661
116.0000 0.0199
117.0000 -0.0092
118.0000 -0.0236
119.0000 -0.0266
120.0000 -0.0219
121.0000 -0.0131
122.0000 -0.0028
123.0000 0.0069
124.0000 0.0147
125.0000 0.0203
126.0000 0.0235
127.0000 0.0247
128.0000 0.0243
129.0000 0.0229
130.0000 0.0210
131.0000 0.0189
132.0000 0.0170
133.0000 0.0153
134.0000 0.0141
135.0000 0.0132
136.0000 0.0126
137.0000 0.0122
138.0000 0.0120
139.0000 0.0119
140.0000 0.0118
141.0000 0.0118
142.0000 0.0117
143.0000 0.0115
144.0000 0.0114
145.0000 0.0112
146.0000 0.0109
147.0000 0.0107
148.0000 0.0105
149.0000 0.0102
150.0000 0.0100
151.0000 0.0098
152.0000 0.0096
153.0000 0.0094
154.0000 0.0092
155.0000 0.0090
156.0000 0.0088
157.0000 0.0087
158.0000 0.0085
159.0000 0.0084
160.0000 0.0082
161.0000 0.0081
162.0000 0.0079
163.0000 0.0078
164.0000 0.0076
165.0000 0.0075
166.0000 0.0074
167.0000 0.0072
168.0000 0.0071
169.0000 0.0070
170.0000 0.0068
171.0000 0.0067
172.0000 0.0066
173.0000 0.0065
174.0000 0.0064
175.0000 0.0063
176.0000 0.0062
177.0000 0.0060
178.0000 0.0059
179.0000 0.0058
180.0000 0.0057
181.0000 0.0056
182.0000 0.0055
183.0000 0.0054
184.0000 0.0053
185.0000 0.0052
186.0000 0.0052
187.0000 0.0051
188.0000 0.0050
189.0000 0.0049
190.0000 0.0048
191.0000 0.0047
192.0000 0.0046
193.0000 0.0046
194.0000 0.0045
195.0000 0.0044
196.0000 0.0043
197.0000 0.0042
198.0000 0.0042
199.0000 0.0041
200.0000 0.0040
201.0000 0.0040
202.0000 0.0039
203.0000 0.0038
204.0000 0.0038
205.0000 0.0037
206.0000 0.0036
207.0000 0.0036
208.0000 0.0035
209.0000 0.0034
210.0000 0.0034
211.0000 0.3880
212.0000 0.6433
213.0000 0.8774
214.0000 1.0409
215.0000 1.1402
216.0000 1.1835
217.0000 1.1850
218.0000 1.1591
219.0000 1.1190
220.0000 1.0753
221.0000 1.0351
222.0000 1.0028
223.0000 0.9799
224.0000 0.9662
225.0000 0.9605
226.0000 0.9606
227.0000 0.9646
228.0000 0.9705
229.0000 0.9768
230.0000 0.9827
231.0000 0.9874
232.0000 0.9907
233.0000 0.9928
234.0000 0.9937
235.0000 0.9938
236.0000 0.9933
237.0000 0.9927
238.0000 0.9919
239.0000 0.9912
240.0000 0.9907
241.0000 0.9904
242.0000 0.9902
243.0000 0.9903
244.0000 0.9904
245.0000 0.9906
246.0000 0.9909
247.0000 0.9911
248.0000 0.9913
249.0000 0.9916
250.0000 0.9917
251.0000 0.9919
252.0000 0.9920
253.0000 0.9921
254.0000 0.9922
255.0000 0.9923
256.0000 0.9924
257.0000 0.9925
258.0000 0.9926
259.0000 0.9927
260.0000 0.9928
261.0000 0.9929
262.0000 0.9930
263.0000 0.9932
264.0000 0.9933
265.0000 0.9934
266.0000 0.9935
267.0000 0.9936
268.0000 0.9937
269.0000 0.9938
270.0000 0.9939
271.0000 0.9939
272.0000 0.9940
273.0000 0.9941
274.0000 0.9942
275.0000 0.9943
276.0000 0.9944
277.0000 0.9945
278.0000 0.9946
279.0000 0.9946
280.0000 0.9947
281.0000 0.9948
282.0000 0.9949
283.0000 0.9950
284.0000 0.9950
285.0000 0.9951
286.0000 0.9952
287.0000 0.9953
288.0000 0.9953
289.0000 0.9954
290.0000 0.9955
291.0000 0.9955
292.0000 0.9956
293.0000 0.9957
294.0000 0.9958
295.0000 0.9958
296.0000 0.9959
297.0000 0.9959
298.0000 0.9960
299.0000 0.9961
300.0000 0.9961
301.0000 0.9962
302.0000 0.9962
303.0000 0.9963
304.0000 0.9964
305.0000 0.9964
306.0000 0.9965
307.0000 0.9965
308.0000 0.9966
309.0000 0.9966
310.0000 0.9967
311.0000 0.8778
312.0000 0.9458
313.0000 0.9607
314.0000 0.9789
315.0000 0.9910
316.0000 0.9986
317.0000 1.0021
318.0000 1.0025
319.0000 1.0008
320.0000 0.9980
321.0000 0.9948
322.0000 0.9919
323.0000 0.9895
324.0000 0.9878
325.0000 0.9868
326.0000 0.9863
327.0000 0.9863
328.0000 0.9866
329.0000 0.9870
330.0000 0.9875
331.0000 0.9879
332.0000 0.9883
333.0000 0.9886
334.0000 0.9888
335.0000 0.9890
336.0000 0.9890
337.0000 0.9891
338.0000 0.9891
339.0000 0.9891
340.0000 0.9891
341.0000 0.9891
342.0000 0.9892
343.0000 0.9892
344.0000 0.9893
345.0000 0.9894
346.0000 0.9895
347.0000 0.9896
348.0000 0.9897
349.0000 0.9898
350.0000 0.9899
351.0000 0.9900
352.0000 0.9901
353.0000 0.9902
354.0000 0.9903
355.0000 0.9904
356.0000 0.9905
357.0000 0.9906
358.0000 0.9907
359.0000 0.9908
360.0000 0.9909
361.0000 0.9910
362.0000 0.9911
363.0000 0.9912
364.0000 0.9913
365.0000 0.9914
366.0000 0.9915
367.0000 0.9916
368.0000 0.9917
369.0000 0.9918
370.0000 0.9919
371.0000 0.9920
372.0000 0.9921
373.0000 0.9922
374.0000 0.9923
375.0000 0.9923
376.0000 0.9924
377.0000 0.9925
378.0000 0.9926
379.0000 0.9927
380.0000 0.9928
381.0000 0.9929
382.0000 0.9930
383.0000 0.9931
384.0000 0.9932
385.0000 0.9933
386.0000 0.9933
387.0000 0.9934
388.0000 0.9935
389.0000 0.9936
390.0000 0.9937
391.0000 0.9938
392.0000 0.9938
393.0000 0.9939
394.0000 0.9940
395.0000 0.9941
396.0000 0.9942
397.0000 0.9942
398.0000 0.9943
399.0000 0.9944
400.0000 0.9945
401.0000 0.9945
402.0000 0.9946
403.0000 0.9947
404.0000 0.9948
405.0000 0.9948
406.0000 0.9949
407.0000 0.9950
408.0000 0.9950
409.0000 0.9951
410.0000 0.9952
411.0000 0.2491
412.0000 0.4477
413.0000 0.5874
414.0000 0.7418
415.0000 0.8671
416.0000 0.9595
417.0000 1.0179
418.0000 1.0467
419.0000 1.0526
420.0000 1.0433
421.0000 1.0256
422.0000 1.0051
423.0000 0.9857
424.0000 0.9700
425.0000 0.9589
426.0000 0.9525
427.0000 0.9502
428.0000 0.9509
429.0000 0.9537
430.0000 0.9576
431.0000 0.9617
432.0000 0.9656
433.0000 0.9689
434.0000 0.9714
435.0000 0.9732
436.0000 0.9744
437.0000 0.9752
438.0000 0.9756
439.0000 0.9758
440.0000 0.9759
441.0000 0.9761
442.0000 0.9762
443.0000 0.9765
444.0000 0.9769
445.0000 0.9773
446.0000 0.9778
447.0000 0.9782
448.0000 0.9787
449.0000 0.9792
450.0000 0.9797
451.0000 0.9801
452.0000 0.9805
453.0000 0.9809
454.0000 0.9813
455.0000 0.9817
456.0000 0.9820
457.0000 0.9823
458.0000 0.9827
459.0000 0.9830
460.0000 0.9833
461.0000 0.9836
462.0000 0.9839
463.0000 0.9842
464.0000 0.9844
465.0000 0.9847
466.0000 0.9850
467.0000 0.9853
468.0000 0.9855
469.0000 0.9858
470.0000 0.9860
471.0000 0.9863
472.0000 0.9865
473.0000 0.9868
474.0000 0.9870
475.0000 0.9872
476.0000 0.9875
477.0000 0.9877
478.0000 0.9879
479.0000 0.9881
480.0000 0.9883
481.0000 0.9885
482.0000 0.9887
483.0000 0.9889
484.0000 0.9891
485.0000 0.9893
486.0000 0.9895
487.0000 0.9897
488.0000 0.9899
489.0000 0.9900
490.0000 0.9902
491.0000 0.9904
492.0000 0.9905
493.0000 0.9907
494.0000 0.9909
495.0000 0.9910
496.0000 0.9912
497.0000 0.9913
498.0000 0.9915
499.0000 0.9916
500.0000 0.9918
501.0000 0.9919
502.0000 0.9921
503.0000 0.9922
504.0000 0.9923
505.0000 0.9925
506.0000 0.9926
507.0000 0.9927
508.0000 0.9929
509.0000 0.9930
510.0000 0.9931
511.0000 0.2238
512.0000 -0.2868
513.0000 -0.7549
514.0000 -1.0820
515.0000 -1.2804
516.0000 -1.3672
517.0000 -1.3701
518.0000 -1.3183
519.0000 -1.2382
520.0000 -1.1507
521.0000 -1.0704
522.0000 -1.0056
523.0000 -0.9599
524.0000 -0.9326
525.0000 -0.9211
526.0000 -0.9213
527.0000 -0.9292
528.0000 -0.9410
529.0000 -0.9538
530.0000 -0.9654
531.0000 -0.9748
532.0000 -0.9815
533.0000 -0.9856
534.0000 -0.9874
535.0000 -0.9876
536.0000 -0.9868
537.0000 -0.9854
538.0000 -0.9839
539.0000 -0.9825
540.0000 -0.9815
541.0000 -0.9808
542.0000 -0.9806
543.0000 -0.9806
544.0000 -0.9809
545.0000 -0.9813
546.0000 -0.9818
547.0000 -0.9823
548.0000 -0.9828
549.0000 -0.9832
550.0000 -0.9835
551.0000 -0.9839
552.0000 -0.9841
553.0000 -0.9844
554.0000 -0.9846
555.0000 -0.9848
556.0000 -0.9849
557.0000 -0.9851
558.0000 -0.9853
559.0000 -0.9855
560.0000 -0.9857
561.0000 -0.9859
562.0000 -0.9861
563.0000 -0.9864
564.0000 -0.9866
565.0000 -0.9868
566.0000 -0.9870
567.0000 -0.9872
568.0000 -0.9874
569.0000 -0.9876
570.0000 -0.9878
571.0000 -0.9879
572.0000 -0.9881
573.0000 -0.9883
574.0000 -0.9885
575.0000 -0.9886
576.0000 -0.9888
577.0000 -0.9890
578.0000 -0.9892
579.0000 -0.9893
580.0000 -0.9895
581.0000 -0.9896
582.0000 -0.9898
583.0000 -0.9900
584.0000 -0.9901
585.0000 -0.9903
586.0000 -0.9904
587.0000 -0.9906
588.0000 -0.9907
589.0000 -0.9909
590.0000 -0.9910
591.0000 -0.9911
592.0000 -0.9913
593.0000 -0.9914
594.0000 -0.9915
595.0000 -0.9917
596.0000 -0.9918
597.0000 -0.9919
598.0000 -0.9920
599.0000 -0.9922
600.0000 -0.9923
601.0000 -0.9924
602.0000 -0.9925
603.0000 -0.9926
604.0000 -0.9928
605.0000 -0.9929
606.0000 -0.9930
607.0000 -0.9931
608.0000 -0.9932
609.0000 -0.9933
610.0000 -0.9934
611.0000 -0.8150
612.0000 -0.9171
613.0000 -0.9394
614.0000 -0.9669
615.0000 -0.9850
616.0000 -0.9965
617.0000 -1.0017
618.0000 -1.0023
619.0000 -0.9998
620.0000 -0.9956
621.0000 -0.9909
622.0000 -0.9865
623.0000 -0.9829
624.0000 -0.9804
625.0000 -0.9788
626.0000 -0.9782
627.0000 -0.9782
628.0000 -0.9786
629.0000 -0.9793
630.0000 -0.9800
631.0000 -0.9808
632.0000 -0.9814
633.0000 -0.9818
634.0000 -0.9821
635.0000 -0.9823
636.0000 -0.9825
637.0000 -0.9825
638.0000 -0.9826
639.0000 -0.9826
640.0000 -0.9826
641.0000 -0.9827
642.0000 -0.9828
643.0000 -0.9829
644.0000 -0.9830
645.0000 -0.9832
646.0000 -0.9833
647.0000 -0.9835
648.0000 -0.9837
649.0000 -0.9838
650.0000 -0.9840
651.0000 -0.9842
652.0000 -0.9843
653.0000 -0.9845
654.0000 -0.9846
655.0000 -0.9848
656.0000 -0.9850
657.0000 -0.9851
658.0000 -0.9853
659.0000 -0.9854
660.0000 -0.9856
661.0000 -0.9858
662.0000 -0.9859
663.0000 -0.9861
664.0000 -0.9862
665.0000 -0.9864
666.0000 -0.9865
667.0000 -0.9867
668.0000 -0.9869
669.0000 -0.9870
670.0000 -0.9872
671.0000 -0.9873
672.0000 -0.9875
673.0000 -0.9876
674.0000 -0.9878
675.0000 -0.9879
676.0000 -0.9881
677.0000 -0.9882
678.0000 -0.9884
679.0000 -0.9885
680.0000 -0.9887
681.0000 -0.9888
682.0000 -0.9890
683.0000 -0.9891
684.0000 -0.9892
685.0000 -0.9894
686.0000 -0.9895
687.0000 -0.9897
688.0000 -0.9898
689.0000 -0.9899
690.0000 -0.9901
691.0000 -0.9902
692.0000 -0.9903
693.0000 -0.9905
694.0000 -0.9906
695.0000 -0.9907
696.0000 -0.9908
697.0000 -0.9910
698.0000 -0.9911
699.0000 -0.9912
700.0000 -0.9913
701.0000 -0.9914
702.0000 -0.9915
703.0000 -0.9917
704.0000 -0.9918
705.0000 -0.9919
706.0000 -0.9920
707.0000 -0.9921
708.0000 -0.9922
709.0000 -0.9923
710.0000 -0.9924
711.0000 0.1267
712.0000 -0.1713
713.0000 -0.3808
714.0000 -0.6124
715.0000 -0.8003
716.0000 -0.9390
717.0000 -1.0265
718.0000 -1.0697
719.0000 -1.0787
720.0000 -1.0647
721.0000 -1.0381
722.0000 -1.0073
723.0000 -0.9783
724.0000 -0.9547
725.0000 -0.9381
726.0000 -0.9285
727.0000 -0.9250
728.0000 -0.9261
729.0000 -0.9303
730.0000 -0.9361
731.0000 -0.9423
732.0000 -0.9481
733.0000 -0.9531
734.0000 -0.9569
735.0000 -0.9596
736.0000 -0.9614
737.0000 -0.9625
738.0000 -0.9631
739.0000 -0.9634
740.0000 -0.9637
741.0000 -0.9639
742.0000 -0.9642
743.0000 -0.9646
744.0000 -0.9651
745.0000 -0.9657
746.0000 -0.9664
747.0000 -0.9672
748.0000 -0.9679
749.0000 -0.9686
750.0000 -0.9694
751.0000 -0.9700
752.0000 -0.9706
753.0000 -0.9712
754.0000 -0.9718
755.0000 -0.9723
756.0000 -0.9729
757.0000 -0.9733
758.0000 -0.9738
759.0000 -0.9743
760.0000 -0.9748
761.0000 -0.9752
762.0000 -0.9757
763.0000 -0.9761
764.0000 -0.9765
765.0000 -0.9770
766.0000 -0.9774
767.0000 -0.9778
768.0000 -0.9782
769.0000 -0.9786
770.0000 -0.9789
771.0000 -0.9793
772.0000 -0.9797
773.0000 -0.9800
774.0000 -0.9804
775.0000 -0.9807
776.0000 -0.9811
777.0000 -0.9814
778.0000 -0.9817
779.0000 -0.9821
780.0000 -0.9824
781.0000 -0.9827
782.0000 -0.9830
783.0000 -0.9833
784.0000 -0.9836
785.0000 -0.9839
786.0000 -0.9841
787.0000 -0.9844
788.0000 -0.9847
789.0000 -0.9850
790.0000 -0.9852
791.0000 -0.9855
792.0000 -0.9857
793.0000 -0.9860
794.0000 -0.9862
795.0000 -0.9865
796.0000 -0.9867
797.0000 -0.9869
798.0000 -0.9872
799.0000 -0.9874
800.0000 -0.9876
801.0000 -0.9878
802.0000 -0.9880
803.0000 -0.9882
804.0000 -0.9884
805.0000 -0.9886
806.0000 -0.9888
807.0000 -0.9890
808.0000 -0.9892
809.0000 -0.9894
810.0000 -0.9896
811.0000 0.1643
812.0000 0.9303
813.0000 1.6324
814.0000 2.1230
815.0000 2.4207
816.0000 2.5508
817.0000 2.5552
818.0000 2.4775
819.0000 2.3573
820.0000 2.2261
821.0000 2.1056
822.0000 2.0085
823.0000 1.9398
824.0000 1.8989
825.0000 1.8816
826.0000 1.8820
827.0000 1.8939
828.0000 1.9116
829.0000 1.9307
830.0000 1.9482
831.0000 1.9623
832.0000 1.9723
833.0000 1.9784
834.0000 1.9812
835.0000 1.9815
836.0000 1.9802
837.0000 1.9781
838.0000 1.9758
839.0000 1.9738
840.0000 1.9723
841.0000 1.9713
842.0000 1.9709
843.0000 1.9709
844.0000 1.9714
845.0000 1.9720
846.0000 1.9727
847.0000 1.9735
848.0000 1.9742
849.0000 1.9748
850.0000 1.9754
851.0000 1.9758
852.0000 1.9762
853.0000 1.9766
854.0000 1.9769
855.0000 1.9772
856.0000 1.9774
857.0000 1.9777
858.0000 1.9780
859.0000 1.9783
860.0000 1.9786
861.0000 1.9789
862.0000 1.9792
863.0000 1.9796
864.0000 1.9799
865.0000 1.9802
866.0000 1.9805
867.0000 1.9808
868.0000 1.9811
869.0000 1.9814
870.0000 1.9817
871.0000 1.9819
872.0000 1.9822
873.0000 1.9825
874.0000 1.9827
875.0000 1.9830
876.0000 1.9833
877.0000 1.9835
878.0000 1.9838
879.0000 1.9840
880.0000 1.9843
881.0000 1.9845
882.0000 1.9847
883.0000 1.9850
884.0000 1.9852
885.0000 1.9854
886.0000 1.9856
887.0000 1.9859
888.0000 1.9861
889.0000 1.9863
890.0000 1.9865
891.0000 1.9867
892.0000 1.9869
893.0000 1.9871
894.0000 1.9873
895.0000 1.9875
896.0000 1.9877
897.0000 1.9879
898.0000 1.9881
899.0000 1.9883
900.0000 1.9884
901.0000 1.9886
902.0000 1.9888
903.0000 1.9890
904.0000 1.9891
905.0000 1.9893
906.0000 1.9895
907.0000 1.9896
908.0000 1.9898
909.0000 1.9900
910.0000 1.9901
