1.0000 0.0000
2.0000 0.0000
3.0000 0.0000
4.0000 0.0000
5.0000 0.0000
6.0000 0.0000
7.0000 0.0000
8.0000 0.0000
9.0000 0.0000
10.0000 0.5019
11.0000 0.3939
12.0000 0.1752
13.0000 0.0139
14.0000 -0.0748
15.0000 -0.1166
16.0000 -0.1355
17.0000 -0.1453
18.0000 -0.1522
19.0000 -0.1588
20.0000 -0.1661
21.0000 -0.1746
22.0000 -0.1842
23.0000 -0.1945
24.0000 -0.2054
25.0000 -0.2164
26.0000 -0.2273
27.0000 -0.2376
28.0000 -0.2476
29.0000 -0.2569
30.0000 -0.2654
31.0000 -0.2732
32.0000 -0.2804
33.0000 -0.2873
34.0000 -0.2937
35.0000 -0.2995
36.0000 -0.3051
37.0000 -0.3105
38.0000 -0.3156
39.0000 -0.3207
40.0000 -0.3255
41.0000 -0.3301
42.0000 -0.3344
43.0000 -0.3388
44.0000 -0.3431
45.0000 -0.3472
46.0000 -0.3512
47.0000 -0.3550
48.0000 -0.3587
49.0000 -0.3623
50.0000 -0.3660
51.0000 -0.3695
52.0000 -0.3728
53.0000 -0.3762
54.0000 -0.3795
55.0000 -0.3826
56.0000 -0.3856
57.0000 -0.3886
58.0000 -0.3916
59.0000 -0.3944
60.0000 -0.3972
61.0000 -0.4000
62.0000 -0.4028
63.0000 -0.4053
64.0000 -0.4077
65.0000 -0.4102
66.0000 -0.4127
67.0000 -0.4152
68.0000 -0.4176
69.0000 -0.4199
70.0000 -0.4222
71.0000 -0.4243
72.0000 -0.4264
73.0000 -0.4285
74.0000 -0.4306
75.0000 -0.4326
76.0000 -0.4346
77.0000 -0.4365
78.0000 -0.4384
79.0000 -0.4403
80.0000 -0.4420
81.0000 -0.4437
82.0000 -0.4454
83.0000 -0.4472
84.0000 -0.4489
85.0000 -0.4505
86.0000 -0.4520
87.0000 -0.4535
88.0000 -0.4551
89.0000 -0.4565
90.0000 -0.4579
91.0000 -0.4593
92.0000 -0.4607
93.0000 -0.4620
94.0000 -0.4634
95.0000 -0.4647
96.0000 -0.4659
97.0000 -0.4672
98.0000 -0.4683
99.0000 -0.4694
100.0000 -0.4705
101.0000 -0.4716
102.0000 -0.4728
103.0000 -0.4740
104.0000 -0.4750
105.0000 -0.4759
106.0000 -0.4768
107.0000 -0.4778
108.0000 -0.4787
109.0000 -0.4797
110.0000 -0.9734
111.0000 -1.2450
112.0000 -1.2880
113.0000 -1.2632
114.0000 -1.2516
115.0000 -1.2613
116.0000 -1.2806
117.0000 -1.2999
118.0000 -1.3173
119.0000 -1.3338
120.0000 -1.3503
121.0000 -1.3676
122.0000 -1.3859
123.0000 -1.4038
124.0000 -1.4215
125.0000 -1.4389
126.0000 -1.4553
127.0000 -1.4708
128.0000 -1.4853
129.0000 -1.4988
130.0000 -1.5114
131.0000 -1.5232
132.0000 -1.5342
133.0000 -1.5445
134.0000 -1.5542
135.0000 -1.5636
136.0000 -1.5726
137.0000 -1.5811
138.0000 -1.5893
139.0000 -1.5969
140.0000 -1.6043
141.0000 -1.6120
142.0000 -1.6189
143.0000 -1.6254
144.0000 -1.6323
145.0000 -1.6388
146.0000 -1.6445
147.0000 -1.6504
148.0000 -1.6564
149.0000 -1.6618
150.0000 -1.6670
151.0000 -1.6722
152.0000 -1.6774
153.0000 -1.6822
154.0000 -1.6869
155.0000 -1.6915
156.0000 -1.6961
157.0000 -1.7005
158.0000 -1.7046
159.0000 -1.7089
160.0000 -1.7130
161.0000 -1.7167
162.0000 -1.7206
163.0000 -1.7244
164.0000 -1.7279
165.0000 -1.7312
166.0000 -1.7345
167.0000 -1.7377
168.0000 -1.7409
169.0000 -1.7444
170.0000 -1.7473
171.0000 -1.7500
172.0000 -1.7529
173.0000 -1.7557
174.0000 -1.7587
175.0000 -1.7614
176.0000 -1.7641
177.0000 -1.7664
178.0000 -1.7687
179.0000 -1.7710
180.0000 -1.7736
181.0000 -1.7758
182.0000 -1.7780
183.0000 -1.7802
184.0000 -1.7821
185.0000 -1.7841
186.0000 -1.7863
187.0000 -1.7882
188.0000 -1.7897
189.0000 -1.7917
190.0000 -1.7933
191.0000 -1.7953
192.0000 -1.7970
193.0000 -1.7985
194.0000 -1.8001
195.0000 -1.8018
196.0000 -1.8030
197.0000 -1.8046
198.0000 -1.8060
199.0000 -1.8074
200.0000 -1.8087
201.0000 -1.8099
202.0000 -1.8111
203.0000 -1.8124
204.0000 -1.8137
205.0000 -1.8148
206.0000 -1.8158
207.0000 -1.8170
208.0000 -1.8180
209.0000 -1.8189
210.0000 -0.6524
211.0000 -0.4496
212.0000 -0.4854
213.0000 -0.5223
214.0000 -0.5268
215.0000 -0.5154
216.0000 -0.5016
217.0000 -0.4888
218.0000 -0.4762
219.0000 -0.4609
220.0000 -0.4420
221.0000 -0.4196
222.0000 -0.3943
223.0000 -0.3673
224.0000 -0.3402
225.0000 -0.3136
226.0000 -0.2883
227.0000 -0.2642
228.0000 -0.2418
229.0000 -0.2214
230.0000 -0.2027
231.0000 -0.1852
232.0000 -0.1692
233.0000 -0.1540
234.0000 -0.1400
235.0000 -0.1267
236.0000 -0.1141
237.0000 -0.1021
238.0000 -0.0904
239.0000 -0.0790
240.0000 -0.0680
241.0000 -0.0575
242.0000 -0.0476
243.0000 -0.0377
244.0000 -0.0283
245.0000 -0.0191
246.0000 -0.0102
247.0000 -0.0015
248.0000 0.0070
249.0000 0.0150
250.0000 0.0230
251.0000 0.0310
252.0000 0.0384
253.0000 0.0456
254.0000 0.0527
255.0000 0.0598
256.0000 0.0667
257.0000 0.0731
258.0000 0.0794
259.0000 0.0857
260.0000 0.0916
261.0000 0.0977
262.0000 0.1036
263.0000 0.1092
264.0000 0.1147
265.0000 0.1199
266.0000 0.1251
267.0000 0.1304
268.0000 0.1355
269.0000 0.1404
270.0000 0.1451
271.0000 0.1499
272.0000 0.1544
273.0000 0.1588
274.0000 0.1631
275.0000 0.1673
276.0000 0.1714
277.0000 0.1754
278.0000 0.1795
279.0000 0.1833
280.0000 0.1870
281.0000 0.1904
282.0000 0.1940
283.0000 0.1976
284.0000 0.2010
285.0000 0.2044
286.0000 0.2076
287.0000 0.2106
288.0000 0.2138
289.0000 0.2166
290.0000 0.2196
291.0000 0.2224
292.0000 0.2252
293.0000 0.2279
294.0000 0.2305
295.0000 0.2332
296.0000 0.2356
297.0000 0.2380
298.0000 0.2405
299.0000 0.2426
300.0000 0.2447
301.0000 0.2470
302.0000 0.2493
303.0000 0.2516
304.0000 0.2535
305.0000 0.2555
306.0000 0.2574
307.0000 0.2593
308.0000 0.2611
309.0000 0.2630
310.0000 -0.7388
311.0000 -0.5212
312.0000 -0.0823
313.0000 0.2419
314.0000 0.4208
315.0000 0.5058
316.0000 0.5450
317.0000 0.5661
318.0000 0.5813
319.0000 0.5959
320.0000 0.6118
321.0000 0.6300
322.0000 0.6505
323.0000 0.6726
324.0000 0.6953
325.0000 0.7186
326.0000 0.7415
327.0000 0.7632
328.0000 0.7842
329.0000 0.8039
330.0000 0.8218
331.0000 0.8384
332.0000 0.8538
333.0000 0.8684
334.0000 0.8821
335.0000 0.8948
336.0000 0.9069
337.0000 0.9185
338.0000 0.9296
339.0000 0.9404
340.0000 0.9507
341.0000 0.9606
342.0000 0.9701
343.0000 0.9796
344.0000 0.9890
345.0000 0.9979
346.0000 1.0067
347.0000 1.0148
348.0000 1.0228
349.0000 1.0305
350.0000 1.0383
351.0000 1.0461
352.0000 1.0532
353.0000 1.0603
354.0000 1.0675
355.0000 1.0742
356.0000 1.0807
357.0000 1.0874
358.0000 1.0937
359.0000 1.0999
360.0000 1.1060
361.0000 1.1120
362.0000 1.1180
363.0000 1.1235
364.0000 1.1289
365.0000 1.1341
366.0000 1.1393
367.0000 1.1445
368.0000 1.1497
369.0000 1.1547
370.0000 1.1597
371.0000 1.1641
372.0000 1.1686
373.0000 1.1730
374.0000 1.1776
375.0000 1.1821
376.0000 1.1865
377.0000 1.1905
378.0000 1.1946
379.0000 1.1984
380.0000 1.2022
381.0000 1.2059
382.0000 1.2095
383.0000 1.2133
384.0000 1.2169
385.0000 1.2204
386.0000 1.2237
387.0000 1.2270
388.0000 1.2302
389.0000 1.2333
390.0000 1.2362
391.0000 1.2392
392.0000 1.2421
393.0000 1.2450
394.0000 1.2479
395.0000 1.2508
396.0000 1.2534
397.0000 1.2562
398.0000 1.2585
399.0000 1.2609
400.0000 1.2631
401.0000 1.2656
402.0000 1.2680
403.0000 1.2704
404.0000 1.2725
405.0000 1.2744
406.0000 1.2764
407.0000 1.2786
408.0000 1.2804
409.0000 1.2823
410.0000 2.2698
411.0000 2.8132
412.0000 2.8992
413.0000 2.8498
414.0000 2.8268
415.0000 2.8464
416.0000 2.8852
417.0000 2.9239
418.0000 2.9588
419.0000 2.9920
420.0000 3.0252
421.0000 3.0599
422.0000 3.0965
423.0000 3.1326
424.0000 3.1681
425.0000 3.2030
426.0000 3.2359
427.0000 3.2669
428.0000 3.2962
429.0000 3.3233
430.0000 3.3486
431.0000 3.3724
432.0000 3.3943
433.0000 3.4151
434.0000 3.4347
435.0000 3.4535
436.0000 3.4717
437.0000 3.4889
438.0000 3.5053
439.0000 3.5205
440.0000 3.5355
441.0000 3.5509
442.0000 3.5648
443.0000 3.5779
444.0000 3.5918
445.0000 3.6049
446.0000 3.6165
447.0000 3.6283
448.0000 3.6403
449.0000 3.6513
450.0000 3.6617
451.0000 3.6723
452.0000 3.6828
453.0000 3.6924
454.0000 3.7020
455.0000 3.7113
456.0000 3.7206
457.0000 3.7293
458.0000 3.7376
459.0000 3.7462
460.0000 3.7545
461.0000 3.7620
462.0000 3.7700
463.0000 3.7775
464.0000 3.7847
465.0000 3.7912
466.0000 3.7979
467.0000 3.8044
468.0000 3.8108
469.0000 3.8178
470.0000 3.8237
471.0000 3.8292
472.0000 3.8350
473.0000 3.8407
474.0000 3.8467
475.0000 3.8522
476.0000 3.8576
477.0000 3.8624
478.0000 3.8669
479.0000 3.8717
480.0000 3.8768
481.0000 3.8812
482.0000 3.8857
483.0000 3.8902
484.0000 3.8940
485.0000 3.8980
486.0000 3.9025
487.0000 3.9063
488.0000 3.9094
489.0000 3.9133
490.0000 3.9166
491.0000 3.9206
492.0000 3.9241
493.0000 3.9271
494.0000 3.9304
495.0000 3.9339
496.0000 3.9362
497.0000 3.9394
498.0000 3.9424
499.0000 3.9451
500.0000 3.9478
501.0000 3.9501
502.0000 3.9525
503.0000 3.9551
504.0000 3.9579
505.0000 3.9601
506.0000 3.9622
507.0000 3.9645
508.0000 3.9666
509.0000 3.9685
510.0000 1.6353
511.0000 1.2298
512.0000 1.3014
513.0000 1.3753
514.0000 1.3843
515.0000 1.3616
516.0000 1.3339
517.0000 1.3084
518.0000 1.2831
519.0000 1.2527
520.0000 1.2148
521.0000 1.1700
522.0000 1.1194
523.0000 1.0656
524.0000 1.0114
525.0000 0.9582
526.0000 0.9076
527.0000 0.8592
528.0000 0.8146
529.0000 0.7737
530.0000 0.7363
531.0000 0.7013
532.0000 0.6694
533.0000 0.6391
534.0000 0.6110
535.0000 0.5844
536.0000 0.5592
537.0000 0.5352
538.0000 0.5118
539.0000 0.4891
540.0000 0.4671
541.0000 0.4462
542.0000 0.4264
543.0000 0.4066
544.0000 0.3877
545.0000 0.3694
546.0000 0.3515
547.0000 0.3342
548.0000 0.3171
549.0000 0.3011
550.0000 0.2851
551.0000 0.2691
552.0000 0.2544
553.0000 0.2401
554.0000 0.2259
555.0000 0.2116
556.0000 0.1978
557.0000 0.1852
558.0000 0.1724
559.0000 0.1599
560.0000 0.1482
561.0000 0.1360
562.0000 0.1241
563.0000 0.1129
564.0000 0.1019
565.0000 0.0915
566.0000 0.0811
567.0000 0.0705
568.0000 0.0604
569.0000 0.0506
570.0000 0.0411
571.0000 0.0316
572.0000 0.0226
573.0000 0.0138
574.0000 0.0051
575.0000 -0.0033
576.0000 -0.0114
577.0000 -0.0195
578.0000 -0.0277
579.0000 -0.0352
580.0000 -0.0425
581.0000 -0.0494
582.0000 -0.0567
583.0000 -0.0637
584.0000 -0.0707
585.0000 -0.0773
586.0000 -0.0838
587.0000 -0.0897
588.0000 -0.0961
589.0000 -0.1017
590.0000 -0.1078
591.0000 -0.1133
592.0000 -0.1190
593.0000 -0.1244
594.0000 -0.1296
595.0000 -0.1349
596.0000 -0.1398
597.0000 -0.1446
598.0000 -0.1495
599.0000 -0.1538
600.0000 -0.1580
601.0000 -0.1625
602.0000 -0.1672
603.0000 -0.1717
604.0000 -0.1756
605.0000 -0.1794
606.0000 -0.1833
607.0000 -0.1871
608.0000 -0.1908
609.0000 -0.1945
610.0000 1.3071
611.0000 0.9800
612.0000 0.3209
613.0000 -0.1662
614.0000 -0.4353
615.0000 -0.5635
616.0000 -0.6230
617.0000 -0.6555
618.0000 -0.6789
619.0000 -0.7015
620.0000 -0.7261
621.0000 -0.7540
622.0000 -0.7854
623.0000 -0.8191
624.0000 -0.8538
625.0000 -0.8892
626.0000 -0.9242
627.0000 -0.9573
628.0000 -0.9894
629.0000 -1.0195
630.0000 -1.0468
631.0000 -1.0721
632.0000 -1.0957
633.0000 -1.1180
634.0000 -1.1390
635.0000 -1.1584
636.0000 -1.1771
637.0000 -1.1949
638.0000 -1.2120
639.0000 -1.2286
640.0000 -1.2443
641.0000 -1.2595
642.0000 -1.2742
643.0000 -1.2889
644.0000 -1.3033
645.0000 -1.3171
646.0000 -1.3306
647.0000 -1.3432
648.0000 -1.3553
649.0000 -1.3672
650.0000 -1.3792
651.0000 -1.3911
652.0000 -1.4020
653.0000 -1.4130
654.0000 -1.4240
655.0000 -1.4343
656.0000 -1.4443
657.0000 -1.4546
658.0000 -1.4643
659.0000 -1.4738
660.0000 -1.4834
661.0000 -1.4924
662.0000 -1.5016
663.0000 -1.5102
664.0000 -1.5184
665.0000 -1.5264
666.0000 -1.5344
667.0000 -1.5423
668.0000 -1.5503
669.0000 -1.5580
670.0000 -1.5655
671.0000 -1.5724
672.0000 -1.5792
673.0000 -1.5859
674.0000 -1.5931
675.0000 -1.6001
676.0000 -1.6068
677.0000 -1.6130
678.0000 -1.6192
679.0000 -1.6250
680.0000 -1.6309
681.0000 -1.6366
682.0000 -1.6421
683.0000 -1.6479
684.0000 -1.6534
685.0000 -1.6587
686.0000 -1.6639
687.0000 -1.6688
688.0000 -1.6738
689.0000 -1.6785
690.0000 -1.6829
691.0000 -1.6874
692.0000 -1.6920
693.0000 -1.6965
694.0000 -1.7008
695.0000 -1.7053
696.0000 -1.7093
697.0000 -1.7136
698.0000 -1.7172
699.0000 -1.7209
700.0000 -1.7242
701.0000 -1.7280
702.0000 -1.7316
703.0000 -1.7352
704.0000 -1.7385
705.0000 -1.7414
706.0000 -1.7444
707.0000 -1.7478
708.0000 -1.7505
709.0000 -1.7534
710.0000 -3.2346
711.0000 -4.0498
712.0000 -4.1789
713.0000 -4.1049
714.0000 -4.0705
715.0000 -4.1000
716.0000 -4.1581
717.0000 -4.2164
718.0000 -4.2687
719.0000 -4.3186
720.0000 -4.3685
721.0000 -4.4206
722.0000 -4.4756
723.0000 -4.5298
724.0000 -4.5830
725.0000 -4.6356
726.0000 -4.6850
727.0000 -4.7315
728.0000 -4.7755
729.0000 -4.8162
730.0000 -4.8542
731.0000 -4.8900
732.0000 -4.9230
733.0000 -4.9541
734.0000 -4.9836
735.0000 -5.0119
736.0000 -5.0392
737.0000 -5.0650
738.0000 -5.0896
739.0000 -5.1126
740.0000 -5.1352
741.0000 -5.1583
742.0000 -5.1792
743.0000 -5.1989
744.0000 -5.2198
745.0000 -5.2394
746.0000 -5.2569
747.0000 -5.2747
748.0000 -5.2927
749.0000 -5.3093
750.0000 -5.3249
751.0000 -5.3408
752.0000 -5.3566
753.0000 -5.3711
754.0000 -5.3855
755.0000 -5.3994
756.0000 -5.4134
757.0000 -5.4265
758.0000 -5.4390
759.0000 -5.4520
760.0000 -5.4645
761.0000 -5.4757
762.0000 -5.4877
763.0000 -5.4991
764.0000 -5.5098
765.0000 -5.5197
766.0000 -5.5298
767.0000 -5.5396
768.0000 -5.5492
769.0000 -5.5597
770.0000 -5.5685
771.0000 -5.5769
772.0000 -5.5856
773.0000 -5.5942
774.0000 -5.6032
775.0000 -5.6115
776.0000 -5.6195
777.0000 -5.6268
778.0000 -5.6335
779.0000 -5.6407
780.0000 -5.6484
781.0000 -5.6551
782.0000 -5.6619
783.0000 -5.6686
784.0000 -5.6744
785.0000 -5.6803
786.0000 -5.6872
787.0000 -5.6929
788.0000 -5.6976
789.0000 -5.7034
790.0000 -5.7084
791.0000 -5.7144
792.0000 -5.7197
793.0000 -5.7241
794.0000 -5.7291
795.0000 -5.7343
796.0000 -5.7379
797.0000 -5.7427
798.0000 -5.7472
799.0000 -5.7513
800.0000 -5.7554
801.0000 -5.7588
802.0000 -5.7624
803.0000 -5.7664
804.0000 -5.7704
805.0000 -5.7738
806.0000 -5.7770
807.0000 -5.7805
808.0000 -5.7836
809.0000 -5.7865
810.0000 -2.2868
811.0000 -1.6785
812.0000 -1.7859
813.0000 -1.8967
814.0000 -1.9102
815.0000 -1.8761
816.0000 -1.8347
817.0000 -1.7965
818.0000 -1.7585
819.0000 -1.7128
820.0000 -1.6560
821.0000 -1.5888
822.0000 -1.5129
823.0000 -1.4322
824.0000 -1.3509
825.0000 -1.2712
826.0000 -1.1953
827.0000 -1.1228
828.0000 -1.0557
829.0000 -0.9944
830.0000 -0.9384
831.0000 -0.8859
832.0000 -0.8381
833.0000 -0.7926
834.0000 -0.7504
835.0000 -0.7106
836.0000 -0.6728
837.0000 -0.6368
838.0000 -0.6017
839.0000 -0.5677
840.0000 -0.5346
841.0000 -0.5033
842.0000 -0.4736
843.0000 -0.4439
844.0000 -0.4155
845.0000 -0.3882
846.0000 -0.3613
847.0000 -0.3353
848.0000 -0.3097
849.0000 -0.2857
850.0000 -0.2617
851.0000 -0.2377
852.0000 -0.2157
853.0000 -0.1942
854.0000 -0.1729
855.0000 -0.1514
856.0000 -0.1308
857.0000 -0.1118
858.0000 -0.0927
859.0000 -0.0739
860.0000 -0.0563
861.0000 -0.0380
862.0000 -0.0202
863.0000 -0.0034
864.0000 0.0130
865.0000 0.0287
866.0000 0.0442
867.0000 0.0601
868.0000 0.0754
869.0000 0.0900
870.0000 0.1042
871.0000 0.1185
872.0000 0.1320
873.0000 0.1452
874.0000 0.1582
875.0000 0.1708
876.0000 0.1830
877.0000 0.1951
878.0000 0.2074
879.0000 0.2186
880.0000 0.2296
881.0000 0.2400
882.0000 0.2509
883.0000 0.2615
884.0000 0.2718
885.0000 0.2819
886.0000 0.2915
887.0000 0.3005
888.0000 0.3100
889.0000 0.3184
890.0000 0.3275
891.0000 0.3358
892.0000 0.3443
893.0000 0.3525
894.0000 0.3603
895.0000 0.3682
896.0000 0.3756
897.0000 0.3828
898.0000 0.3900
899.0000 0.3965
900.0000 0.4028
901.0000 0.4096
902.0000 0.4166
903.0000 0.4234
904.0000 0.4293
905.0000 0.4350
906.0000 0.4408
907.0000 0.4465
908.0000 0.4520
909.0000 0.4576
910.0000 0.4636
