1.0000 0.0000
2.0000 0.0000
3.0000 0.0000
4.0000 0.0000
5.0000 0.0000
6.0000 0.0000
7.0000 0.0000
8.0000 0.0000
9.0000 0.0000
10.0000 13.7739
11.0000 0.5663
12.0000 0.7888
13.0000 0.7854
14.0000 0.7859
15.0000 0.7862
16.0000 0.7865
17.0000 0.7868
18.0000 0.7872
19.0000 0.7875
20.0000 0.7878
21.0000 0.7881
22.0000 0.7883
23.0000 0.7886
24.0000 0.7889
25.0000 0.7892
26.0000 0.7894
27.0000 0.7897
28.0000 0.7899
29.0000 0.7902
30.0000 0.7904
31.0000 0.7906
32.0000 0.7908
33.0000 0.7911
34.0000 0.7913
35.0000 0.7915
36.0000 0.7917
37.0000 0.7919
38.0000 0.7921
39.0000 0.7923
40.0000 0.7925
41.0000 0.7926
42.0000 0.7928
43.0000 0.7930
44.0000 0.7931
45.0000 0.7933
46.0000 0.7935
47.0000 0.7936
48.0000 0.7938
49.0000 0.7939
50.0000 0.7941
51.0000 0.7942
52.0000 0.7944
53.0000 0.7945
54.0000 0.7946
55.0000 0.7947
56.0000 0.7949
57.0000 0.7950
58.0000 0.7951
59.0000 0.7952
60.0000 0.7953
61.0000 0.7955
62.0000 0.7956
63.0000 0.7957
64.0000 0.7958
65.0000 0.7959
66.0000 0.7960
67.0000 0.7961
68.0000 0.7962
69.0000 0.7963
70.0000 0.7963
71.0000 0.7964
72.0000 0.7965
73.0000 0.7966
74.0000 0.7967
75.0000 0.7968
76.0000 0.7968
77.0000 0.7969
78.0000 0.7970
79.0000 0.7971
80.0000 0.7971
81.0000 0.7972
82.0000 0.7973
83.0000 0.7973
84.0000 0.7974
85.0000 0.7975
86.0000 0.7975
87.0000 0.7976
88.0000 0.7976
89.0000 0.7977
90.0000 0.7977
91.0000 0.7978
92.0000 0.7979
93.0000 0.7979
94.0000 0.7980
95.0000 0.7980
96.0000 0.7981
97.0000 0.7981
98.0000 0.7981
99.0000 0.7982
100.0000 0.7982
101.0000 0.7983
102.0000 0.7983
103.0000 0.7984
104.0000 0.7984
105.0000 0.7984
106.0000 0.7985
107.0000 0.7985
108.0000 0.7985
109.0000 0.7986
110.0000 0.7986
111.0000 0.7986
112.0000 0.7987
113.0000 0.7987
114.0000 0.7987
115.0000 0.7988
116.0000 0.7988
117.0000 0.7988
118.0000 0.7989
119.0000 0.7989
120.0000 0.7989
121.0000 0.7989
122.0000 0.7990
123.0000 0.7990
124.0000 0.7990
125.0000 0.7990
126.0000 0.7991
127.0000 0.7991
128.0000 0.7991
129.0000 0.7991
130.0000 0.7991
131.0000 0.7992
132.0000 0.7992
133.0000 0.7992
134.0000 0.7992
135.0000 0.7992
136.0000 0.7993
137.0000 0.7993
138.0000 0.7993
139.0000 0.7993
140.0000 0.7993
141.0000 0.7993
142.0000 0.7994
143.0000 0.7994
144.0000 0.7994
145.0000 0.7994
146.0000 0.7994
147.0000 0.7994
148.0000 0.7994
149.0000 0.7995
150.0000 0.7995
151.0000 0.7995
152.0000 0.7995
153.0000 0.7995
154.0000 0.7995
155.0000 0.7995
156.0000 0.7995
157.0000 0.7996
158.0000 0.7996
159.0000 0.7996
160.0000 0.7996
161.0000 0.7996
162.0000 0.7996
163.0000 0.7996
164.0000 0.7996
165.0000 0.7996
166.0000 0.7996
167.0000 0.7996
168.0000 0.7997
169.0000 0.7997
170.0000 0.7997
171.0000 0.7997
172.0000 0.7997
173.0000 0.7997
174.0000 0.7997
175.0000 0.7997
176.0000 0.7997
177.0000 0.7997
178.0000 0.7997
179.0000 0.7997
180.0000 0.7997
181.0000 0.7998
182.0000 0.7998
183.0000 0.7998
184.0000 0.7998
185.0000 0.7998
186.0000 0.7998
187.0000 0.7998
188.0000 0.7998
189.0000 0.7998
190.0000 0.7998
191.0000 0.7998
192.0000 0.7998
193.0000 0.7998
194.0000 0.7998
195.0000 0.7998
196.0000 0.7998
197.0000 0.7998
198.0000 0.7998
199.0000 0.7998
200.0000 0.7998
201.0000 0.7998
202.0000 0.7998
203.0000 0.7999
204.0000 0.7999
205.0000 0.7999
206.0000 0.7999
207.0000 0.7999
208.0000 0.7999
209.0000 0.7999
210.0000 0.7999
211.0000 0.7999
212.0000 0.7999
213.0000 0.7999
214.0000 0.7999
215.0000 0.7999
216.0000 0.7999
217.0000 0.7999
218.0000 0.7999
219.0000 0.7999
220.0000 0.7999
221.0000 0.7999
222.0000 0.7999
223.0000 0.7999
224.0000 0.7999
225.0000 0.7999
226.0000 0.7999
227.0000 0.7999
228.0000 0.7999
229.0000 0.7999
230.0000 0.7999
231.0000 0.7999
232.0000 0.7999
233.0000 0.7999
234.0000 0.7999
235.0000 0.7999
236.0000 0.7999
237.0000 0.7999
238.0000 0.7999
239.0000 0.7999
240.0000 0.7999
241.0000 0.7999
242.0000 0.7999
243.0000 0.7999
244.0000 0.7999
245.0000 0.7999
246.0000 0.7999
247.0000 0.7999
248.0000 0.8000
249.0000 0.8000
250.0000 0.8000
251.0000 0.8000
252.0000 0.8000
253.0000 0.8000
254.0000 0.8000
255.0000 0.8000
256.0000 0.8000
257.0000 0.8000
258.0000 0.8000
259.0000 0.8000
260.0000 0.8000
261.0000 0.8000
262.0000 0.8000
263.0000 0.8000
264.0000 0.8000
265.0000 0.8000
266.0000 0.8000
267.0000 0.8000
268.0000 0.8000
269.0000 0.8000
270.0000 0.8000
271.0000 0.8000
272.0000 0.8000
273.0000 0.8000
274.0000 0.8000
275.0000 0.8000
276.0000 0.8000
277.0000 0.8000
278.0000 0.8000
279.0000 0.8000
280.0000 0.8000
281.0000 0.8000
282.0000 0.8000
283.0000 0.8000
284.0000 0.8000
285.0000 0.8000
286.0000 0.8000
287.0000 0.8000
288.0000 0.8000
289.0000 0.8000
290.0000 0.8000
291.0000 0.8000
292.0000 0.8000
293.0000 0.8000
294.0000 0.8000
295.0000 0.8000
296.0000 0.8000
297.0000 0.8000
298.0000 0.8000
299.0000 0.8000
300.0000 0.8000
301.0000 0.8000
302.0000 0.8000
303.0000 0.8000
304.0000 0.8000
305.0000 0.8000
306.0000 0.8000
307.0000 0.8000
308.0000 0.8000
309.0000 0.8000
310.0000 -26.7479
311.0000 -0.3326
312.0000 -0.7777
313.0000 -0.7709
314.0000 -0.7717
315.0000 -0.7724
316.0000 -0.7730
317.0000 -0.7737
318.0000 -0.7743
319.0000 -0.7749
320.0000 -0.7755
321.0000 -0.7761
322.0000 -0.7767
323.0000 -0.7772
324.0000 -0.7778
325.0000 -0.7783
326.0000 -0.7788
327.0000 -0.7793
328.0000 -0.7798
329.0000 -0.7803
330.0000 -0.7808
331.0000 -0.7812
332.0000 -0.7817
333.0000 -0.7821
334.0000 -0.7826
335.0000 -0.7830
336.0000 -0.7834
337.0000 -0.7838
338.0000 -0.7842
339.0000 -0.7845
340.0000 -0.7849
341.0000 -0.7853
342.0000 -0.7856
343.0000 -0.7860
344.0000 -0.7863
345.0000 -0.7866
346.0000 -0.7869
347.0000 -0.7873
348.0000 -0.7876
349.0000 -0.7879
350.0000 -0.7882
351.0000 -0.7884
352.0000 -0.7887
353.0000 -0.7890
354.0000 -0.7892
355.0000 -0.7895
356.0000 -0.7898
357.0000 -0.7900
358.0000 -0.7902
359.0000 -0.7905
360.0000 -0.7907
361.0000 -0.7909
362.0000 -0.7911
363.0000 -0.7913
364.0000 -0.7916
365.0000 -0.7918
366.0000 -0.7920
367.0000 -0.7921
368.0000 -0.7923
369.0000 -0.7925
370.0000 -0.7927
371.0000 -0.7929
372.0000 -0.7930
373.0000 -0.7932
374.0000 -0.7934
375.0000 -0.7935
376.0000 -0.7937
377.0000 -0.7938
378.0000 -0.7940
379.0000 -0.7941
380.0000 -0.7943
381.0000 -0.7944
382.0000 -0.7945
383.0000 -0.7947
384.0000 -0.7948
385.0000 -0.7949
386.0000 -0.7950
387.0000 -0.7952
388.0000 -0.7953
389.0000 -0.7954
390.0000 -0.7955
391.0000 -0.7956
392.0000 -0.7957
393.0000 -0.7958
394.0000 -0.7959
395.0000 -0.7960
396.0000 -0.7961
397.0000 -0.7962
398.0000 -0.7963
399.0000 -0.7964
400.0000 -0.7965
401.0000 -0.7965
402.0000 -0.7966
403.0000 -0.7967
404.0000 -0.7968
405.0000 -0.7969
406.0000 -0.7969
407.0000 -0.7970
408.0000 -0.7971
409.0000 -0.7972
410.0000 -0.7972
411.0000 -0.7973
412.0000 -0.7974
413.0000 -0.7974
414.0000 -0.7975
415.0000 -0.7975
416.0000 -0.7976
417.0000 -0.7977
418.0000 -0.7977
419.0000 -0.7978
420.0000 -0.7978
421.0000 -0.7979
422.0000 -0.7979
423.0000 -0.7980
424.0000 -0.7980
425.0000 -0.7981
426.0000 -0.7981
427.0000 -0.7982
428.0000 -0.7982
429.0000 -0.7982
430.0000 -0.7983
431.0000 -0.7983
432.0000 -0.7984
433.0000 -0.7984
434.0000 -0.7984
435.0000 -0.7985
436.0000 -0.7985
437.0000 -0.7986
438.0000 -0.7986
439.0000 -0.7986
440.0000 -0.7987
441.0000 -0.7987
442.0000 -0.7987
443.0000 -0.7987
444.0000 -0.7988
445.0000 -0.7988
446.0000 -0.7988
447.0000 -0.7989
448.0000 -0.7989
449.0000 -0.7989
450.0000 -0.7989
451.0000 -0.7990
452.0000 -0.7990
453.0000 -0.7990
454.0000 -0.7990
455.0000 -0.7991
456.0000 -0.7991
457.0000 -0.7991
458.0000 -0.7991
459.0000 -0.7992
460.0000 -0.7992
461.0000 -0.7992
462.0000 -0.7992
463.0000 -0.7992
464.0000 -0.7992
465.0000 -0.7993
466.0000 -0.7993
467.0000 -0.7993
468.0000 -0.7993
469.0000 -0.7993
470.0000 -0.7993
471.0000 -0.7994
472.0000 -0.7994
473.0000 -0.7994
474.0000 -0.7994
475.0000 -0.7994
476.0000 -0.7994
477.0000 -0.7995
478.0000 -0.7995
479.0000 -0.7995
480.0000 -0.7995
481.0000 -0.7995
482.0000 -0.7995
483.0000 -0.7995
484.0000 -0.7995
485.0000 -0.7995
486.0000 -0.7996
487.0000 -0.7996
488.0000 -0.7996
489.0000 -0.7996
490.0000 -0.7996
491.0000 -0.7996
492.0000 -0.7996
493.0000 -0.7996
494.0000 -0.7996
495.0000 -0.7996
496.0000 -0.7997
497.0000 -0.7997
498.0000 -0.7997
499.0000 -0.7997
500.0000 -0.7997
501.0000 -0.7997
502.0000 -0.7997
503.0000 -0.7997
504.0000 -0.7997
505.0000 -0.7997
506.0000 -0.7997
507.0000 -0.7997
508.0000 -0.7997
509.0000 -0.7997
510.0000 -0.7998
511.0000 -0.7998
512.0000 -0.7998
513.0000 -0.7998
514.0000 -0.7998
515.0000 -0.7998
516.0000 -0.7998
517.0000 -0.7998
518.0000 -0.7998
519.0000 -0.7998
520.0000 -0.7998
521.0000 -0.7998
522.0000 -0.7998
523.0000 -0.7998
524.0000 -0.7998
525.0000 -0.7998
526.0000 -0.7998
527.0000 -0.7998
528.0000 -0.7998
529.0000 -0.7998
530.0000 -0.7998
531.0000 -0.7999
532.0000 -0.7999
533.0000 -0.7999
534.0000 -0.7999
535.0000 -0.7999
536.0000 -0.7999
537.0000 -0.7999
538.0000 -0.7999
539.0000 -0.7999
540.0000 -0.7999
541.0000 -0.7999
542.0000 -0.7999
543.0000 -0.7999
544.0000 -0.7999
545.0000 -0.7999
546.0000 -0.7999
547.0000 -0.7999
548.0000 -0.7999
549.0000 -0.7999
550.0000 -0.7999
551.0000 -0.7999
552.0000 -0.7999
553.0000 -0.7999
554.0000 -0.7999
555.0000 -0.7999
556.0000 -0.7999
557.0000 -0.7999
558.0000 -0.7999
559.0000 -0.7999
560.0000 -0.7999
561.0000 -0.7999
562.0000 -0.7999
563.0000 -0.7999
564.0000 -0.7999
565.0000 -0.7999
566.0000 -0.7999
567.0000 -0.7999
568.0000 -0.7999
569.0000 -0.7999
570.0000 -0.7999
571.0000 -0.7999
572.0000 -0.7999
573.0000 -0.7999
574.0000 -0.7999
575.0000 -0.7999
576.0000 -0.7999
577.0000 -0.8000
578.0000 -0.8000
579.0000 -0.8000
580.0000 -0.8000
581.0000 -0.8000
582.0000 -0.8000
583.0000 -0.8000
584.0000 -0.8000
585.0000 -0.8000
586.0000 -0.8000
587.0000 -0.8000
588.0000 -0.8000
589.0000 -0.8000
590.0000 -0.8000
591.0000 -0.8000
592.0000 -0.8000
593.0000 -0.8000
594.0000 -0.8000
595.0000 -0.8000
596.0000 -0.8000
597.0000 -0.8000
598.0000 -0.8000
599.0000 -0.8000
600.0000 -0.8000
601.0000 -0.8000
602.0000 -0.8000
603.0000 -0.8000
604.0000 -0.8000
605.0000 -0.8000
606.0000 -0.8000
607.0000 -0.8000
608.0000 -0.8000
609.0000 -0.8000
610.0000 40.5219
611.0000 0.8989
612.0000 1.5665
613.0000 1.5563
614.0000 1.5576
615.0000 1.5586
616.0000 1.5596
617.0000 1.5605
618.0000 1.5615
619.0000 1.5624
620.0000 1.5633
621.0000 1.5642
622.0000 1.5650
623.0000 1.5659
624.0000 1.5667
625.0000 1.5675
626.0000 1.5683
627.0000 1.5690
628.0000 1.5698
629.0000 1.5705
630.0000 1.5712
631.0000 1.5719
632.0000 1.5725
633.0000 1.5732
634.0000 1.5738
635.0000 1.5745
636.0000 1.5751
637.0000 1.5757
638.0000 1.5762
639.0000 1.5768
640.0000 1.5774
641.0000 1.5779
642.0000 1.5784
643.0000 1.5790
644.0000 1.5795
645.0000 1.5799
646.0000 1.5804
647.0000 1.5809
648.0000 1.5813
649.0000 1.5818
650.0000 1.5822
651.0000 1.5827
652.0000 1.5831
653.0000 1.5835
654.0000 1.5839
655.0000 1.5843
656.0000 1.5846
657.0000 1.5850
658.0000 1.5854
659.0000 1.5857
660.0000 1.5860
661.0000 1.5864
662.0000 1.5867
663.0000 1.5870
664.0000 1.5873
665.0000 1.5876
666.0000 1.5879
667.0000 1.5882
668.0000 1.5885
669.0000 1.5888
670.0000 1.5890
671.0000 1.5893
672.0000 1.5896
673.0000 1.5898
674.0000 1.5901
675.0000 1.5903
676.0000 1.5905
677.0000 1.5907
678.0000 1.5910
679.0000 1.5912
680.0000 1.5914
681.0000 1.5916
682.0000 1.5918
683.0000 1.5920
684.0000 1.5922
685.0000 1.5924
686.0000 1.5926
687.0000 1.5927
688.0000 1.5929
689.0000 1.5931
690.0000 1.5932
691.0000 1.5934
692.0000 1.5936
693.0000 1.5937
694.0000 1.5939
695.0000 1.5940
696.0000 1.5942
697.0000 1.5943
698.0000 1.5944
699.0000 1.5946
700.0000 1.5947
701.0000 1.5948
702.0000 1.5949
703.0000 1.5951
704.0000 1.5952
705.0000 1.5953
706.0000 1.5954
707.0000 1.5955
708.0000 1.5956
709.0000 1.5957
710.0000 1.5958
711.0000 1.5959
712.0000 1.5960
713.0000 1.5961
714.0000 1.5962
715.0000 1.5963
716.0000 1.5964
717.0000 1.5965
718.0000 1.5966
719.0000 1.5966
720.0000 1.5967
721.0000 1.5968
722.0000 1.5969
723.0000 1.5970
724.0000 1.5970
725.0000 1.5971
726.0000 1.5972
727.0000 1.5972
728.0000 1.5973
729.0000 1.5974
730.0000 1.5974
731.0000 1.5975
732.0000 1.5976
733.0000 1.5976
734.0000 1.5977
735.0000 1.5977
736.0000 1.5978
737.0000 1.5978
738.0000 1.5979
739.0000 1.5979
740.0000 1.5980
741.0000 1.5980
742.0000 1.5981
743.0000 1.5981
744.0000 1.5982
745.0000 1.5982
746.0000 1.5983
747.0000 1.5983
748.0000 1.5983
749.0000 1.5984
750.0000 1.5984
751.0000 1.5985
752.0000 1.5985
753.0000 1.5985
754.0000 1.5986
755.0000 1.5986
756.0000 1.5986
757.0000 1.5987
758.0000 1.5987
759.0000 1.5987
760.0000 1.5988
761.0000 1.5988
762.0000 1.5988
763.0000 1.5988
764.0000 1.5989
765.0000 1.5989
766.0000 1.5989
767.0000 1.5989
768.0000 1.5990
769.0000 1.5990
770.0000 1.5990
771.0000 1.5990
772.0000 1.5991
773.0000 1.5991
774.0000 1.5991
775.0000 1.5991
776.0000 1.5992
777.0000 1.5992
778.0000 1.5992
779.0000 1.5992
780.0000 1.5992
781.0000 1.5993
782.0000 1.5993
783.0000 1.5993
784.0000 1.5993
785.0000 1.5993
786.0000 1.5993
787.0000 1.5994
788.0000 1.5994
789.0000 1.5994
790.0000 1.5994
791.0000 1.5994
792.0000 1.5994
793.0000 1.5994
794.0000 1.5995
795.0000 1.5995
796.0000 1.5995
797.0000 1.5995
798.0000 1.5995
799.0000 1.5995
800.0000 1.5995
801.0000 1.5995
802.0000 1.5995
803.0000 1.5996
804.0000 1.5996
805.0000 1.5996
806.0000 1.5996
807.0000 1.5996
808.0000 1.5996
809.0000 1.5996
810.0000 1.5996
811.0000 1.5996
812.0000 1.5996
813.0000 1.5997
814.0000 1.5997
815.0000 1.5997
816.0000 1.5997
817.0000 1.5997
818.0000 1.5997
819.0000 1.5997
820.0000 1.5997
821.0000 1.5997
822.0000 1.5997
823.0000 1.5997
824.0000 1.5997
825.0000 1.5997
826.0000 1.5997
827.0000 1.5998
828.0000 1.5998
829.0000 1.5998
830.0000 1.5998
831.0000 1.5998
832.0000 1.5998
833.0000 1.5998
834.0000 1.5998
835.0000 1.5998
836.0000 1.5998
837.0000 1.5998
838.0000 1.5998
839.0000 1.5998
840.0000 1.5998
841.0000 1.5998
842.0000 1.5998
843.0000 1.5998
844.0000 1.5998
845.0000 1.5998
846.0000 1.5998
847.0000 1.5998
848.0000 1.5999
849.0000 1.5999
850.0000 1.5999
851.0000 1.5999
852.0000 1.5999
853.0000 1.5999
854.0000 1.5999
855.0000 1.5999
856.0000 1.5999
857.0000 1.5999
858.0000 1.5999
859.0000 1.5999
860.0000 1.5999
861.0000 1.5999
862.0000 1.5999
863.0000 1.5999
864.0000 1.5999
865.0000 1.5999
866.0000 1.5999
867.0000 1.5999
868.0000 1.5999
869.0000 1.5999
870.0000 1.5999
871.0000 1.5999
872.0000 1.5999
873.0000 1.5999
874.0000 1.5999
875.0000 1.5999
876.0000 1.5999
877.0000 1.5999
878.0000 1.5999
879.0000 1.5999
880.0000 1.5999
881.0000 1.5999
882.0000 1.5999
883.0000 1.5999
884.0000 1.5999
885.0000 1.5999
886.0000 1.5999
887.0000 1.5999
888.0000 1.5999
889.0000 1.5999
890.0000 1.5999
891.0000 1.5999
892.0000 1.5999
893.0000 1.6000
894.0000 1.6000
895.0000 1.6000
896.0000 1.6000
897.0000 1.6000
898.0000 1.6000
899.0000 1.6000
900.0000 1.6000
901.0000 1.6000
902.0000 1.6000
903.0000 1.6000
904.0000 1.6000
905.0000 1.6000
906.0000 1.6000
907.0000 1.6000
908.0000 1.6000
909.0000 1.6000
910.0000 1.6000
