1.0000 0.0000
2.0000 0.0000
3.0000 0.0000
4.0000 0.0000
5.0000 0.0000
6.0000 0.0000
7.0000 0.0000
8.0000 0.0000
9.0000 0.0000
10.0000 0.0000
11.0000 0.9836
12.0000 0.9678
13.0000 0.9689
14.0000 0.9696
15.0000 0.9703
16.0000 0.9710
17.0000 0.9717
18.0000 0.9724
19.0000 0.9731
20.0000 0.9737
21.0000 0.9743
22.0000 0.9750
23.0000 0.9755
24.0000 0.9761
25.0000 0.9767
26.0000 0.9773
27.0000 0.9778
28.0000 0.9783
29.0000 0.9789
30.0000 0.9794
31.0000 0.9798
32.0000 0.9803
33.0000 0.9808
34.0000 0.9813
35.0000 0.9817
36.0000 0.9821
37.0000 0.9826
38.0000 0.9830
39.0000 0.9834
40.0000 0.9838
41.0000 0.9842
42.0000 0.9846
43.0000 0.9849
44.0000 0.9853
45.0000 0.9856
46.0000 0.9860
47.0000 0.9863
48.0000 0.9866
49.0000 0.9870
50.0000 0.9873
51.0000 0.9876
52.0000 0.9879
53.0000 0.9882
54.0000 0.9884
55.0000 0.9887
56.0000 0.9890
57.0000 0.9893
58.0000 0.9895
59.0000 0.9898
60.0000 0.9900
61.0000 0.9902
62.0000 0.9905
63.0000 0.9907
64.0000 0.9909
65.0000 0.9911
66.0000 0.9914
67.0000 0.9916
68.0000 0.9918
69.0000 0.9920
70.0000 0.9922
71.0000 0.9923
72.0000 0.9925
73.0000 0.9927
74.0000 0.9929
75.0000 0.9930
76.0000 0.9932
77.0000 0.9934
78.0000 0.9935
79.0000 0.9937
80.0000 0.9938
81.0000 0.9940
82.0000 0.9941
83.0000 0.9943
84.0000 0.9944
85.0000 0.9945
86.0000 0.9947
87.0000 0.9948
88.0000 0.9949
89.0000 0.9950
90.0000 0.9952
91.0000 0.9953
92.0000 0.9954
93.0000 0.9955
94.0000 0.9956
95.0000 0.9957
96.0000 0.9958
97.0000 0.9959
98.0000 0.9960
99.0000 0.9961
100.0000 0.9962
101.0000 0.9963
102.0000 0.9964
103.0000 0.9965
104.0000 0.9965
105.0000 0.9966
106.0000 0.9967
107.0000 0.9968
108.0000 0.9969
109.0000 0.9969
110.0000 0.9970
111.0000 0.9971
112.0000 0.9972
113.0000 0.9972
114.0000 0.9973
115.0000 0.9974
116.0000 0.9974
117.0000 0.9975
118.0000 0.9975
119.0000 0.9976
120.0000 0.9977
121.0000 0.9977
122.0000 0.9978
123.0000 0.9978
124.0000 0.9979
125.0000 0.9979
126.0000 0.9980
127.0000 0.9980
128.0000 0.9981
129.0000 0.9981
130.0000 0.9982
131.0000 0.9982
132.0000 0.9982
133.0000 0.9983
134.0000 0.9983
135.0000 0.9984
136.0000 0.9984
137.0000 0.9984
138.0000 0.9985
139.0000 0.9985
140.0000 0.9986
141.0000 0.9986
142.0000 0.9986
143.0000 0.9987
144.0000 0.9987
145.0000 0.9987
146.0000 0.9987
147.0000 0.9988
148.0000 0.9988
149.0000 0.9988
150.0000 0.9989
151.0000 0.9989
152.0000 0.9989
153.0000 0.9989
154.0000 0.9990
155.0000 0.9990
156.0000 0.9990
157.0000 0.9990
158.0000 0.9991
159.0000 0.9991
160.0000 0.9991
161.0000 0.9991
162.0000 0.9992
163.0000 0.9992
164.0000 0.9992
165.0000 0.9992
166.0000 0.9992
167.0000 0.9992
168.0000 0.9993
169.0000 0.9993
170.0000 0.9993
171.0000 0.9993
172.0000 0.9993
173.0000 0.9993
174.0000 0.9994
175.0000 0.9994
176.0000 0.9994
177.0000 0.9994
178.0000 0.9994
179.0000 0.9994
180.0000 0.9995
181.0000 0.9995
182.0000 0.9995
183.0000 0.9995
184.0000 0.9995
185.0000 0.9995
186.0000 0.9995
187.0000 0.9995
188.0000 0.9995
189.0000 0.9996
190.0000 0.9996
191.0000 0.9996
192.0000 0.9996
193.0000 0.9996
194.0000 0.9996
195.0000 0.9996
196.0000 0.9996
197.0000 0.9996
198.0000 0.9996
199.0000 0.9997
200.0000 0.9997
201.0000 0.9997
202.0000 0.9997
203.0000 0.9997
204.0000 0.9997
205.0000 0.9997
206.0000 0.9997
207.0000 0.9997
208.0000 0.9997
209.0000 0.9997
210.0000 0.9997
211.0000 0.9997
212.0000 0.9997
213.0000 0.9998
214.0000 0.9998
215.0000 0.9998
216.0000 0.9998
217.0000 0.9998
218.0000 0.9998
219.0000 0.9998
220.0000 0.9998
221.0000 0.9998
222.0000 0.9998
223.0000 0.9998
224.0000 0.9998
225.0000 0.9998
226.0000 0.9998
227.0000 0.9998
228.0000 0.9998
229.0000 0.9998
230.0000 0.9998
231.0000 0.9998
232.0000 0.9998
233.0000 0.9998
234.0000 0.9999
235.0000 0.9999
236.0000 0.9999
237.0000 0.9999
238.0000 0.9999
239.0000 0.9999
240.0000 0.9999
241.0000 0.9999
242.0000 0.9999
243.0000 0.9999
244.0000 0.9999
245.0000 0.9999
246.0000 0.9999
247.0000 0.9999
248.0000 0.9999
249.0000 0.9999
250.0000 0.9999
251.0000 0.9999
252.0000 0.9999
253.0000 0.9999
254.0000 0.9999
255.0000 0.9999
256.0000 0.9999
257.0000 0.9999
258.0000 0.9999
259.0000 0.9999
260.0000 0.9999
261.0000 0.9999
262.0000 0.9999
263.0000 0.9999
264.0000 0.9999
265.0000 0.9999
266.0000 0.9999
267.0000 0.9999
268.0000 0.9999
269.0000 0.9999
270.0000 0.9999
271.0000 0.9999
272.0000 0.9999
273.0000 0.9999
274.0000 0.9999
275.0000 0.9999
276.0000 0.9999
277.0000 0.9999
278.0000 0.9999
279.0000 0.9999
280.0000 1.0000
281.0000 1.0000
282.0000 1.0000
283.0000 1.0000
284.0000 1.0000
285.0000 1.0000
286.0000 1.0000
287.0000 1.0000
288.0000 1.0000
289.0000 1.0000
290.0000 1.0000
291.0000 1.0000
292.0000 1.0000
293.0000 1.0000
294.0000 1.0000
295.0000 1.0000
296.0000 1.0000
297.0000 1.0000
298.0000 1.0000
299.0000 1.0000
300.0000 1.0000
301.0000 1.0000
302.0000 1.0000
303.0000 1.0000
304.0000 1.0000
305.0000 1.0000
306.0000 1.0000
307.0000 1.0000
308.0000 1.0000
309.0000 1.0000
310.0000 1.0000
311.0000 -0.9672
312.0000 -0.9357
313.0000 -0.9378
314.0000 -0.9392
315.0000 -0.9407
316.0000 -0.9421
317.0000 -0.9435
318.0000 -0.9448
319.0000 -0.9462
320.0000 -0.9474
321.0000 -0.9487
322.0000 -0.9499
323.0000 -0.9511
324.0000 -0.9523
325.0000 -0.9534
326.0000 -0.9545
327.0000 -0.9556
328.0000 -0.9567
329.0000 -0.9577
330.0000 -0.9587
331.0000 -0.9597
332.0000 -0.9607
333.0000 -0.9616
334.0000 -0.9625
335.0000 -0.9634
336.0000 -0.9643
337.0000 -0.9652
338.0000 -0.9660
339.0000 -0.9668
340.0000 -0.9676
341.0000 -0.9684
342.0000 -0.9691
343.0000 -0.9699
344.0000 -0.9706
345.0000 -0.9713
346.0000 -0.9720
347.0000 -0.9726
348.0000 -0.9733
349.0000 -0.9739
350.0000 -0.9745
351.0000 -0.9752
352.0000 -0.9758
353.0000 -0.9763
354.0000 -0.9769
355.0000 -0.9774
356.0000 -0.9780
357.0000 -0.9785
358.0000 -0.9790
359.0000 -0.9795
360.0000 -0.9800
361.0000 -0.9805
362.0000 -0.9810
363.0000 -0.9814
364.0000 -0.9819
365.0000 -0.9823
366.0000 -0.9827
367.0000 -0.9831
368.0000 -0.9835
369.0000 -0.9839
370.0000 -0.9843
371.0000 -0.9847
372.0000 -0.9850
373.0000 -0.9854
374.0000 -0.9858
375.0000 -0.9861
376.0000 -0.9864
377.0000 -0.9867
378.0000 -0.9871
379.0000 -0.9874
380.0000 -0.9877
381.0000 -0.9880
382.0000 -0.9883
383.0000 -0.9885
384.0000 -0.9888
385.0000 -0.9891
386.0000 -0.9893
387.0000 -0.9896
388.0000 -0.9898
389.0000 -0.9901
390.0000 -0.9903
391.0000 -0.9906
392.0000 -0.9908
393.0000 -0.9910
394.0000 -0.9912
395.0000 -0.9914
396.0000 -0.9916
397.0000 -0.9918
398.0000 -0.9920
399.0000 -0.9922
400.0000 -0.9924
401.0000 -0.9926
402.0000 -0.9928
403.0000 -0.9929
404.0000 -0.9931
405.0000 -0.9933
406.0000 -0.9934
407.0000 -0.9936
408.0000 -0.9937
409.0000 -0.9939
410.0000 -0.9940
411.0000 -0.9942
412.0000 -0.9943
413.0000 -0.9945
414.0000 -0.9946
415.0000 -0.9947
416.0000 -0.9948
417.0000 -0.9950
418.0000 -0.9951
419.0000 -0.9952
420.0000 -0.9953
421.0000 -0.9954
422.0000 -0.9955
423.0000 -0.9956
424.0000 -0.9957
425.0000 -0.9958
426.0000 -0.9959
427.0000 -0.9960
428.0000 -0.9961
429.0000 -0.9962
430.0000 -0.9963
431.0000 -0.9964
432.0000 -0.9965
433.0000 -0.9966
434.0000 -0.9967
435.0000 -0.9967
436.0000 -0.9968
437.0000 -0.9969
438.0000 -0.9970
439.0000 -0.9970
440.0000 -0.9971
441.0000 -0.9972
442.0000 -0.9972
443.0000 -0.9973
444.0000 -0.9974
445.0000 -0.9974
446.0000 -0.9975
447.0000 -0.9976
448.0000 -0.9976
449.0000 -0.9977
450.0000 -0.9977
451.0000 -0.9978
452.0000 -0.9978
453.0000 -0.9979
454.0000 -0.9979
455.0000 -0.9980
456.0000 -0.9980
457.0000 -0.9981
458.0000 -0.9981
459.0000 -0.9982
460.0000 -0.9982
461.0000 -0.9983
462.0000 -0.9983
463.0000 -0.9983
464.0000 -0.9984
465.0000 -0.9984
466.0000 -0.9985
467.0000 -0.9985
468.0000 -0.9985
469.0000 -0.9986
470.0000 -0.9986
471.0000 -0.9986
472.0000 -0.9987
473.0000 -0.9987
474.0000 -0.9987
475.0000 -0.9988
476.0000 -0.9988
477.0000 -0.9988
478.0000 -0.9988
479.0000 -0.9989
480.0000 -0.9989
481.0000 -0.9989
482.0000 -0.9990
483.0000 -0.9990
484.0000 -0.9990
485.0000 -0.9990
486.0000 -0.9990
487.0000 -0.9991
488.0000 -0.9991
489.0000 -0.9991
490.0000 -0.9991
491.0000 -0.9992
492.0000 -0.9992
493.0000 -0.9992
494.0000 -0.9992
495.0000 -0.9992
496.0000 -0.9993
497.0000 -0.9993
498.0000 -0.9993
499.0000 -0.9993
500.0000 -0.9993
501.0000 -0.9993
502.0000 -0.9994
503.0000 -0.9994
504.0000 -0.9994
505.0000 -0.9994
506.0000 -0.9994
507.0000 -0.9994
508.0000 -0.9994
509.0000 -0.9995
510.0000 -0.9995
511.0000 -0.9995
512.0000 -0.9995
513.0000 -0.9995
514.0000 -0.9995
515.0000 -0.9995
516.0000 -0.9995
517.0000 -0.9996
518.0000 -0.9996
519.0000 -0.9996
520.0000 -0.9996
521.0000 -0.9996
522.0000 -0.9996
523.0000 -0.9996
524.0000 -0.9996
525.0000 -0.9996
526.0000 -0.9996
527.0000 -0.9996
528.0000 -0.9997
529.0000 -0.9997
530.0000 -0.9997
531.0000 -0.9997
532.0000 -0.9997
533.0000 -0.9997
534.0000 -0.9997
535.0000 -0.9997
536.0000 -0.9997
537.0000 -0.9997
538.0000 -0.9997
539.0000 -0.9997
540.0000 -0.9997
541.0000 -0.9997
542.0000 -0.9998
543.0000 -0.9998
544.0000 -0.9998
545.0000 -0.9998
546.0000 -0.9998
547.0000 -0.9998
548.0000 -0.9998
549.0000 -0.9998
550.0000 -0.9998
551.0000 -0.9998
552.0000 -0.9998
553.0000 -0.9998
554.0000 -0.9998
555.0000 -0.9998
556.0000 -0.9998
557.0000 -0.9998
558.0000 -0.9998
559.0000 -0.9998
560.0000 -0.9998
561.0000 -0.9998
562.0000 -0.9998
563.0000 -0.9999
564.0000 -0.9999
565.0000 -0.9999
566.0000 -0.9999
567.0000 -0.9999
568.0000 -0.9999
569.0000 -0.9999
570.0000 -0.9999
571.0000 -0.9999
572.0000 -0.9999
573.0000 -0.9999
574.0000 -0.9999
575.0000 -0.9999
576.0000 -0.9999
577.0000 -0.9999
578.0000 -0.9999
579.0000 -0.9999
580.0000 -0.9999
581.0000 -0.9999
582.0000 -0.9999
583.0000 -0.9999
584.0000 -0.9999
585.0000 -0.9999
586.0000 -0.9999
587.0000 -0.9999
588.0000 -0.9999
589.0000 -0.9999
590.0000 -0.9999
591.0000 -0.9999
592.0000 -0.9999
593.0000 -0.9999
594.0000 -0.9999
595.0000 -0.9999
596.0000 -0.9999
597.0000 -0.9999
598.0000 -0.9999
599.0000 -0.9999
600.0000 -0.9999
601.0000 -0.9999
602.0000 -0.9999
603.0000 -0.9999
604.0000 -0.9999
605.0000 -0.9999
606.0000 -0.9999
607.0000 -0.9999
608.0000 -1.0000
609.0000 -1.0000
610.0000 -1.0000
611.0000 1.9508
612.0000 1.9035
613.0000 1.9066
614.0000 1.9089
615.0000 1.9110
616.0000 1.9132
617.0000 1.9152
618.0000 1.9173
619.0000 1.9192
620.0000 1.9212
621.0000 1.9231
622.0000 1.9249
623.0000 1.9267
624.0000 1.9284
625.0000 1.9301
626.0000 1.9318
627.0000 1.9334
628.0000 1.9350
629.0000 1.9366
630.0000 1.9381
631.0000 1.9396
632.0000 1.9410
633.0000 1.9424
634.0000 1.9438
635.0000 1.9451
636.0000 1.9465
637.0000 1.9477
638.0000 1.9490
639.0000 1.9502
640.0000 1.9514
641.0000 1.9526
642.0000 1.9537
643.0000 1.9548
644.0000 1.9559
645.0000 1.9569
646.0000 1.9580
647.0000 1.9590
648.0000 1.9599
649.0000 1.9609
650.0000 1.9618
651.0000 1.9627
652.0000 1.9636
653.0000 1.9645
654.0000 1.9653
655.0000 1.9662
656.0000 1.9670
657.0000 1.9678
658.0000 1.9685
659.0000 1.9693
660.0000 1.9700
661.0000 1.9707
662.0000 1.9714
663.0000 1.9721
664.0000 1.9728
665.0000 1.9734
666.0000 1.9741
667.0000 1.9747
668.0000 1.9753
669.0000 1.9759
670.0000 1.9765
671.0000 1.9770
672.0000 1.9776
673.0000 1.9781
674.0000 1.9786
675.0000 1.9791
676.0000 1.9796
677.0000 1.9801
678.0000 1.9806
679.0000 1.9811
680.0000 1.9815
681.0000 1.9820
682.0000 1.9824
683.0000 1.9828
684.0000 1.9832
685.0000 1.9836
686.0000 1.9840
687.0000 1.9844
688.0000 1.9848
689.0000 1.9851
690.0000 1.9855
691.0000 1.9858
692.0000 1.9862
693.0000 1.9865
694.0000 1.9868
695.0000 1.9871
696.0000 1.9874
697.0000 1.9877
698.0000 1.9880
699.0000 1.9883
700.0000 1.9886
701.0000 1.9889
702.0000 1.9891
703.0000 1.9894
704.0000 1.9897
705.0000 1.9899
706.0000 1.9901
707.0000 1.9904
708.0000 1.9906
709.0000 1.9908
710.0000 1.9910
711.0000 1.9913
712.0000 1.9915
713.0000 1.9917
714.0000 1.9919
715.0000 1.9921
716.0000 1.9923
717.0000 1.9924
718.0000 1.9926
719.0000 1.9928
720.0000 1.9930
721.0000 1.9931
722.0000 1.9933
723.0000 1.9935
724.0000 1.9936
725.0000 1.9938
726.0000 1.9939
727.0000 1.9941
728.0000 1.9942
729.0000 1.9943
730.0000 1.9945
731.0000 1.9946
732.0000 1.9947
733.0000 1.9949
734.0000 1.9950
735.0000 1.9951
736.0000 1.9952
737.0000 1.9953
738.0000 1.9955
739.0000 1.9956
740.0000 1.9957
741.0000 1.9958
742.0000 1.9959
743.0000 1.9960
744.0000 1.9961
745.0000 1.9962
746.0000 1.9963
747.0000 1.9963
748.0000 1.9964
749.0000 1.9965
750.0000 1.9966
751.0000 1.9967
752.0000 1.9968
753.0000 1.9968
754.0000 1.9969
755.0000 1.9970
756.0000 1.9971
757.0000 1.9971
758.0000 1.9972
759.0000 1.9973
760.0000 1.9973
761.0000 1.9974
762.0000 1.9975
763.0000 1.9975
764.0000 1.9976
765.0000 1.9976
766.0000 1.9977
767.0000 1.9977
768.0000 1.9978
769.0000 1.9979
770.0000 1.9979
771.0000 1.9980
772.0000 1.9980
773.0000 1.9980
774.0000 1.9981
775.0000 1.9981
776.0000 1.9982
777.0000 1.9982
778.0000 1.9983
779.0000 1.9983
780.0000 1.9984
781.0000 1.9984
782.0000 1.9984
783.0000 1.9985
784.0000 1.9985
785.0000 1.9985
786.0000 1.9986
787.0000 1.9986
788.0000 1.9986
789.0000 1.9987
790.0000 1.9987
791.0000 1.9987
792.0000 1.9988
793.0000 1.9988
794.0000 1.9988
795.0000 1.9989
796.0000 1.9989
797.0000 1.9989
798.0000 1.9989
799.0000 1.9990
800.0000 1.9990
801.0000 1.9990
802.0000 1.9990
803.0000 1.9991
804.0000 1.9991
805.0000 1.9991
806.0000 1.9991
807.0000 1.9991
808.0000 1.9992
809.0000 1.9992
810.0000 1.9992
811.0000 1.9992
812.0000 1.9992
813.0000 1.9993
814.0000 1.9993
815.0000 1.9993
816.0000 1.9993
817.0000 1.9993
818.0000 1.9993
819.0000 1.9994
820.0000 1.9994
821.0000 1.9994
822.0000 1.9994
823.0000 1.9994
824.0000 1.9994
825.0000 1.9994
826.0000 1.9995
827.0000 1.9995
828.0000 1.9995
829.0000 1.9995
830.0000 1.9995
831.0000 1.9995
832.0000 1.9995
833.0000 1.9995
834.0000 1.9996
835.0000 1.9996
836.0000 1.9996
837.0000 1.9996
838.0000 1.9996
839.0000 1.9996
840.0000 1.9996
841.0000 1.9996
842.0000 1.9996
843.0000 1.9996
844.0000 1.9996
845.0000 1.9997
846.0000 1.9997
847.0000 1.9997
848.0000 1.9997
849.0000 1.9997
850.0000 1.9997
851.0000 1.9997
852.0000 1.9997
853.0000 1.9997
854.0000 1.9997
855.0000 1.9997
856.0000 1.9997
857.0000 1.9997
858.0000 1.9997
859.0000 1.9998
860.0000 1.9998
861.0000 1.9998
862.0000 1.9998
863.0000 1.9998
864.0000 1.9998
865.0000 1.9998
866.0000 1.9998
867.0000 1.9998
868.0000 1.9998
869.0000 1.9998
870.0000 1.9998
871.0000 1.9998
872.0000 1.9998
873.0000 1.9998
874.0000 1.9998
875.0000 1.9998
876.0000 1.9998
877.0000 1.9998
878.0000 1.9998
879.0000 1.9998
880.0000 1.9999
881.0000 1.9999
882.0000 1.9999
883.0000 1.9999
884.0000 1.9999
885.0000 1.9999
886.0000 1.9999
887.0000 1.9999
888.0000 1.9999
889.0000 1.9999
890.0000 1.9999
891.0000 1.9999
892.0000 1.9999
893.0000 1.9999
894.0000 1.9999
895.0000 1.9999
896.0000 1.9999
897.0000 1.9999
898.0000 1.9999
899.0000 1.9999
900.0000 1.9999
901.0000 1.9999
902.0000 1.9999
903.0000 1.9999
904.0000 1.9999
905.0000 1.9999
906.0000 1.9999
907.0000 1.9999
908.0000 1.9999
909.0000 1.9999
910.0000 1.9999
