1.0000 0.0000
2.0000 0.0000
3.0000 0.0000
4.0000 0.0000
5.0000 0.0000
6.0000 0.0000
7.0000 0.0000
8.0000 0.0000
9.0000 0.0000
10.0000 0.0000
11.0000 1.2187
12.0000 0.9992
13.0000 0.8480
14.0000 0.7299
15.0000 0.6380
16.0000 0.5664
17.0000 0.5107
18.0000 0.4674
19.0000 0.4336
20.0000 0.4074
21.0000 0.3870
22.0000 0.3711
23.0000 0.3588
24.0000 0.3492
25.0000 0.3417
26.0000 0.3360
27.0000 0.3315
28.0000 0.3280
29.0000 0.3254
30.0000 0.3233
31.0000 0.3217
32.0000 0.3205
33.0000 0.3196
34.0000 0.3189
35.0000 0.3184
36.0000 0.3180
37.0000 0.3177
38.0000 0.3175
39.0000 0.3173
40.0000 0.3172
41.0000 0.3172
42.0000 0.3172
43.0000 0.3171
44.0000 0.3172
45.0000 0.3172
46.0000 0.3172
47.0000 0.3173
48.0000 0.3173
49.0000 0.3173
50.0000 0.3174
51.0000 0.3174
52.0000 0.3175
53.0000 0.3176
54.0000 0.3176
55.0000 0.3177
56.0000 0.3177
57.0000 0.3178
58.0000 0.3178
59.0000 0.3179
60.0000 0.3179
61.0000 0.3180
62.0000 0.3180
63.0000 0.3181
64.0000 0.3181
65.0000 0.3182
66.0000 0.3182
67.0000 0.3182
68.0000 0.3183
69.0000 0.3183
70.0000 0.3184
71.0000 0.3184
72.0000 0.3184
73.0000 0.3185
74.0000 0.3185
75.0000 0.3185
76.0000 0.3186
77.0000 0.3186
78.0000 0.3186
79.0000 0.3187
80.0000 0.3187
81.0000 0.3187
82.0000 0.3188
83.0000 0.3188
84.0000 0.3188
85.0000 0.3189
86.0000 0.3189
87.0000 0.3189
88.0000 0.3189
89.0000 0.3190
90.0000 0.3190
91.0000 0.3190
92.0000 0.3190
93.0000 0.3191
94.0000 0.3191
95.0000 0.3191
96.0000 0.3191
97.0000 0.3191
98.0000 0.3192
99.0000 0.3192
100.0000 0.3192
101.0000 0.3192
102.0000 0.3192
103.0000 0.3193
104.0000 0.3193
105.0000 0.3193
106.0000 0.3193
107.0000 0.3193
108.0000 0.3193
109.0000 0.3194
110.0000 0.3194
111.0000 0.3194
112.0000 0.3194
113.0000 0.3194
114.0000 0.3194
115.0000 0.3194
116.0000 0.3195
117.0000 0.3195
118.0000 0.3195
119.0000 0.3195
120.0000 0.3195
121.0000 0.3195
122.0000 0.3195
123.0000 0.3195
124.0000 0.3196
125.0000 0.3196
126.0000 0.3196
127.0000 0.3196
128.0000 0.3196
129.0000 0.3196
130.0000 0.3196
131.0000 0.3196
132.0000 0.3196
133.0000 0.3196
134.0000 0.3197
135.0000 0.3197
136.0000 0.3197
137.0000 0.3197
138.0000 0.3197
139.0000 0.3197
140.0000 0.3197
141.0000 0.3197
142.0000 0.3197
143.0000 0.3197
144.0000 0.3197
145.0000 0.3197
146.0000 0.3197
147.0000 0.3197
148.0000 0.3198
149.0000 0.3198
150.0000 0.3198
151.0000 0.3198
152.0000 0.3198
153.0000 0.3198
154.0000 0.3198
155.0000 0.3198
156.0000 0.3198
157.0000 0.3198
158.0000 0.3198
159.0000 0.3198
160.0000 0.3198
161.0000 0.3198
162.0000 0.3198
163.0000 0.3198
164.0000 0.3198
165.0000 0.3198
166.0000 0.3198
167.0000 0.3198
168.0000 0.3198
169.0000 0.3199
170.0000 0.3199
171.0000 0.3199
172.0000 0.3199
173.0000 0.3199
174.0000 0.3199
175.0000 0.3199
176.0000 0.3199
177.0000 0.3199
178.0000 0.3199
179.0000 0.3199
180.0000 0.3199
181.0000 0.3199
182.0000 0.3199
183.0000 0.3199
184.0000 0.3199
185.0000 0.3199
186.0000 0.3199
187.0000 0.3199
188.0000 0.3199
189.0000 0.3199
190.0000 0.3199
191.0000 0.3199
192.0000 0.3199
193.0000 0.3199
194.0000 0.3199
195.0000 0.3199
196.0000 0.3199
197.0000 0.3199
198.0000 0.3199
199.0000 0.3199
200.0000 0.3199
201.0000 0.3199
202.0000 0.3199
203.0000 0.3199
204.0000 0.3199
205.0000 0.3199
206.0000 0.3199
207.0000 0.3199
208.0000 0.3199
209.0000 0.3199
210.0000 0.3199
211.0000 0.3199
212.0000 0.3199
213.0000 0.3199
214.0000 0.3199
215.0000 0.3200
216.0000 0.3200
217.0000 0.3200
218.0000 0.3200
219.0000 0.3200
220.0000 0.3200
221.0000 0.3200
222.0000 0.3200
223.0000 0.3200
224.0000 0.3200
225.0000 0.3200
226.0000 0.3200
227.0000 0.3200
228.0000 0.3200
229.0000 0.3200
230.0000 0.3200
231.0000 0.3200
232.0000 0.3200
233.0000 0.3200
234.0000 0.3200
235.0000 0.3200
236.0000 0.3200
237.0000 0.3200
238.0000 0.3200
239.0000 0.3200
240.0000 0.3200
241.0000 0.3200
242.0000 0.3200
243.0000 0.3200
244.0000 0.3200
245.0000 0.3200
246.0000 0.3200
247.0000 0.3200
248.0000 0.3200
249.0000 0.3200
250.0000 0.3200
251.0000 0.3200
252.0000 0.3200
253.0000 0.3200
254.0000 0.3200
255.0000 0.3200
256.0000 0.3200
257.0000 0.3200
258.0000 0.3200
259.0000 0.3200
260.0000 0.3200
261.0000 0.3200
262.0000 0.3200
263.0000 0.3200
264.0000 0.3200
265.0000 0.3200
266.0000 0.3200
267.0000 0.3200
268.0000 0.3200
269.0000 0.3200
270.0000 0.3200
271.0000 0.3200
272.0000 0.3200
273.0000 0.3200
274.0000 0.3200
275.0000 0.3200
276.0000 0.3200
277.0000 0.3200
278.0000 0.3200
279.0000 0.3200
280.0000 0.3200
281.0000 0.3200
282.0000 0.3200
283.0000 0.3200
284.0000 0.3200
285.0000 0.3200
286.0000 0.3200
287.0000 0.3200
288.0000 0.3200
289.0000 0.3200
290.0000 0.3200
291.0000 0.3200
292.0000 0.3200
293.0000 0.3200
294.0000 0.3200
295.0000 0.3200
296.0000 0.3200
297.0000 0.3200
298.0000 0.3200
299.0000 0.3200
300.0000 0.3200
301.0000 0.3200
302.0000 0.3200
303.0000 0.3200
304.0000 0.3200
305.0000 0.3200
306.0000 0.3200
307.0000 0.3200
308.0000 0.3200
309.0000 0.3200
310.0000 0.3200
311.0000 -2.1174
312.0000 -1.6785
313.0000 -1.3760
314.0000 -1.1398
315.0000 -0.9560
316.0000 -0.8129
317.0000 -0.7015
318.0000 -0.6148
319.0000 -0.5473
320.0000 -0.4948
321.0000 -0.4540
322.0000 -0.4222
323.0000 -0.3975
324.0000 -0.3784
325.0000 -0.3635
326.0000 -0.3520
327.0000 -0.3430
328.0000 -0.3361
329.0000 -0.3308
330.0000 -0.3266
331.0000 -0.3235
332.0000 -0.3210
333.0000 -0.3192
334.0000 -0.3178
335.0000 -0.3167
336.0000 -0.3159
337.0000 -0.3154
338.0000 -0.3150
339.0000 -0.3147
340.0000 -0.3145
341.0000 -0.3144
342.0000 -0.3143
343.0000 -0.3143
344.0000 -0.3143
345.0000 -0.3144
346.0000 -0.3144
347.0000 -0.3145
348.0000 -0.3146
349.0000 -0.3147
350.0000 -0.3148
351.0000 -0.3149
352.0000 -0.3150
353.0000 -0.3151
354.0000 -0.3152
355.0000 -0.3153
356.0000 -0.3154
357.0000 -0.3155
358.0000 -0.3156
359.0000 -0.3157
360.0000 -0.3158
361.0000 -0.3159
362.0000 -0.3160
363.0000 -0.3161
364.0000 -0.3162
365.0000 -0.3163
366.0000 -0.3164
367.0000 -0.3165
368.0000 -0.3166
369.0000 -0.3166
370.0000 -0.3167
371.0000 -0.3168
372.0000 -0.3169
373.0000 -0.3170
374.0000 -0.3170
375.0000 -0.3171
376.0000 -0.3172
377.0000 -0.3172
378.0000 -0.3173
379.0000 -0.3174
380.0000 -0.3174
381.0000 -0.3175
382.0000 -0.3175
383.0000 -0.3176
384.0000 -0.3177
385.0000 -0.3177
386.0000 -0.3178
387.0000 -0.3178
388.0000 -0.3179
389.0000 -0.3179
390.0000 -0.3180
391.0000 -0.3180
392.0000 -0.3181
393.0000 -0.3181
394.0000 -0.3182
395.0000 -0.3182
396.0000 -0.3183
397.0000 -0.3183
398.0000 -0.3183
399.0000 -0.3184
400.0000 -0.3184
401.0000 -0.3185
402.0000 -0.3185
403.0000 -0.3185
404.0000 -0.3186
405.0000 -0.3186
406.0000 -0.3186
407.0000 -0.3187
408.0000 -0.3187
409.0000 -0.3187
410.0000 -0.3188
411.0000 -0.3188
412.0000 -0.3188
413.0000 -0.3188
414.0000 -0.3189
415.0000 -0.3189
416.0000 -0.3189
417.0000 -0.3189
418.0000 -0.3190
419.0000 -0.3190
420.0000 -0.3190
421.0000 -0.3190
422.0000 -0.3191
423.0000 -0.3191
424.0000 -0.3191
425.0000 -0.3191
426.0000 -0.3192
427.0000 -0.3192
428.0000 -0.3192
429.0000 -0.3192
430.0000 -0.3192
431.0000 -0.3193
432.0000 -0.3193
433.0000 -0.3193
434.0000 -0.3193
435.0000 -0.3193
436.0000 -0.3193
437.0000 -0.3194
438.0000 -0.3194
439.0000 -0.3194
440.0000 -0.3194
441.0000 -0.3194
442.0000 -0.3194
443.0000 -0.3194
444.0000 -0.3195
445.0000 -0.3195
446.0000 -0.3195
447.0000 -0.3195
448.0000 -0.3195
449.0000 -0.3195
450.0000 -0.3195
451.0000 -0.3195
452.0000 -0.3195
453.0000 -0.3196
454.0000 -0.3196
455.0000 -0.3196
456.0000 -0.3196
457.0000 -0.3196
458.0000 -0.3196
459.0000 -0.3196
460.0000 -0.3196
461.0000 -0.3196
462.0000 -0.3196
463.0000 -0.3197
464.0000 -0.3197
465.0000 -0.3197
466.0000 -0.3197
467.0000 -0.3197
468.0000 -0.3197
469.0000 -0.3197
470.0000 -0.3197
471.0000 -0.3197
472.0000 -0.3197
473.0000 -0.3197
474.0000 -0.3197
475.0000 -0.3197
476.0000 -0.3197
477.0000 -0.3198
478.0000 -0.3198
479.0000 -0.3198
480.0000 -0.3198
481.0000 -0.3198
482.0000 -0.3198
483.0000 -0.3198
484.0000 -0.3198
485.0000 -0.3198
486.0000 -0.3198
487.0000 -0.3198
488.0000 -0.3198
489.0000 -0.3198
490.0000 -0.3198
491.0000 -0.3198
492.0000 -0.3198
493.0000 -0.3198
494.0000 -0.3198
495.0000 -0.3198
496.0000 -0.3198
497.0000 -0.3198
498.0000 -0.3199
499.0000 -0.3199
500.0000 -0.3199
501.0000 -0.3199
502.0000 -0.3199
503.0000 -0.3199
504.0000 -0.3199
505.0000 -0.3199
506.0000 -0.3199
507.0000 -0.3199
508.0000 -0.3199
509.0000 -0.3199
510.0000 -0.3199
511.0000 -0.3199
512.0000 -0.3199
513.0000 -0.3199
514.0000 -0.3199
515.0000 -0.3199
516.0000 -0.3199
517.0000 -0.3199
518.0000 -0.3199
519.0000 -0.3199
520.0000 -0.3199
521.0000 -0.3199
522.0000 -0.3199
523.0000 -0.3199
524.0000 -0.3199
525.0000 -0.3199
526.0000 -0.3199
527.0000 -0.3199
528.0000 -0.3199
529.0000 -0.3199
530.0000 -0.3199
531.0000 -0.3199
532.0000 -0.3199
533.0000 -0.3199
534.0000 -0.3199
535.0000 -0.3199
536.0000 -0.3199
537.0000 -0.3199
538.0000 -0.3199
539.0000 -0.3199
540.0000 -0.3199
541.0000 -0.3199
542.0000 -0.3199
543.0000 -0.3199
544.0000 -0.3200
545.0000 -0.3200
546.0000 -0.3200
547.0000 -0.3200
548.0000 -0.3200
549.0000 -0.3200
550.0000 -0.3200
551.0000 -0.3200
552.0000 -0.3200
553.0000 -0.3200
554.0000 -0.3200
555.0000 -0.3200
556.0000 -0.3200
557.0000 -0.3200
558.0000 -0.3200
559.0000 -0.3200
560.0000 -0.3200
561.0000 -0.3200
562.0000 -0.3200
563.0000 -0.3200
564.0000 -0.3200
565.0000 -0.3200
566.0000 -0.3200
567.0000 -0.3200
568.0000 -0.3200
569.0000 -0.3200
570.0000 -0.3200
571.0000 -0.3200
572.0000 -0.3200
573.0000 -0.3200
574.0000 -0.3200
575.0000 -0.3200
576.0000 -0.3200
577.0000 -0.3200
578.0000 -0.3200
579.0000 -0.3200
580.0000 -0.3200
581.0000 -0.3200
582.0000 -0.3200
583.0000 -0.3200
584.0000 -0.3200
585.0000 -0.3200
586.0000 -0.3200
587.0000 -0.3200
588.0000 -0.3200
589.0000 -0.3200
590.0000 -0.3200
591.0000 -0.3200
592.0000 -0.3200
593.0000 -0.3200
594.0000 -0.3200
595.0000 -0.3200
596.0000 -0.3200
597.0000 -0.3200
598.0000 -0.3200
599.0000 -0.3200
600.0000 -0.3200
601.0000 -0.3200
602.0000 -0.3200
603.0000 -0.3200
604.0000 -0.3200
605.0000 -0.3200
606.0000 -0.3200
607.0000 -0.3200
608.0000 -0.3200
609.0000 -0.3200
610.0000 -0.3200
611.0000 3.3362
612.0000 2.6777
613.0000 2.2240
614.0000 1.8698
615.0000 1.5940
616.0000 1.3793
617.0000 1.2122
618.0000 1.0821
619.0000 0.9809
620.0000 0.9022
621.0000 0.8409
622.0000 0.7933
623.0000 0.7563
624.0000 0.7276
625.0000 0.7053
626.0000 0.6879
627.0000 0.6745
628.0000 0.6641
629.0000 0.6561
630.0000 0.6500
631.0000 0.6452
632.0000 0.6416
633.0000 0.6388
634.0000 0.6367
635.0000 0.6351
636.0000 0.6339
637.0000 0.6331
638.0000 0.6324
639.0000 0.6320
640.0000 0.6317
641.0000 0.6316
642.0000 0.6315
643.0000 0.6314
644.0000 0.6315
645.0000 0.6315
646.0000 0.6316
647.0000 0.6318
648.0000 0.6319
649.0000 0.6320
650.0000 0.6322
651.0000 0.6323
652.0000 0.6325
653.0000 0.6327
654.0000 0.6328
655.0000 0.6330
656.0000 0.6331
657.0000 0.6333
658.0000 0.6335
659.0000 0.6336
660.0000 0.6338
661.0000 0.6339
662.0000 0.6340
663.0000 0.6342
664.0000 0.6343
665.0000 0.6345
666.0000 0.6346
667.0000 0.6347
668.0000 0.6348
669.0000 0.6350
670.0000 0.6351
671.0000 0.6352
672.0000 0.6353
673.0000 0.6354
674.0000 0.6355
675.0000 0.6356
676.0000 0.6358
677.0000 0.6359
678.0000 0.6360
679.0000 0.6360
680.0000 0.6361
681.0000 0.6362
682.0000 0.6363
683.0000 0.6364
684.0000 0.6365
685.0000 0.6366
686.0000 0.6367
687.0000 0.6367
688.0000 0.6368
689.0000 0.6369
690.0000 0.6370
691.0000 0.6370
692.0000 0.6371
693.0000 0.6372
694.0000 0.6372
695.0000 0.6373
696.0000 0.6374
697.0000 0.6374
698.0000 0.6375
699.0000 0.6376
700.0000 0.6376
701.0000 0.6377
702.0000 0.6377
703.0000 0.6378
704.0000 0.6378
705.0000 0.6379
706.0000 0.6379
707.0000 0.6380
708.0000 0.6380
709.0000 0.6381
710.0000 0.6381
711.0000 0.6382
712.0000 0.6382
713.0000 0.6383
714.0000 0.6383
715.0000 0.6383
716.0000 0.6384
717.0000 0.6384
718.0000 0.6385
719.0000 0.6385
720.0000 0.6385
721.0000 0.6386
722.0000 0.6386
723.0000 0.6386
724.0000 0.6387
725.0000 0.6387
726.0000 0.6387
727.0000 0.6388
728.0000 0.6388
729.0000 0.6388
730.0000 0.6388
731.0000 0.6389
732.0000 0.6389
733.0000 0.6389
734.0000 0.6390
735.0000 0.6390
736.0000 0.6390
737.0000 0.6390
738.0000 0.6391
739.0000 0.6391
740.0000 0.6391
741.0000 0.6391
742.0000 0.6391
743.0000 0.6392
744.0000 0.6392
745.0000 0.6392
746.0000 0.6392
747.0000 0.6392
748.0000 0.6393
749.0000 0.6393
750.0000 0.6393
751.0000 0.6393
752.0000 0.6393
753.0000 0.6393
754.0000 0.6394
755.0000 0.6394
756.0000 0.6394
757.0000 0.6394
758.0000 0.6394
759.0000 0.6394
760.0000 0.6394
761.0000 0.6395
762.0000 0.6395
763.0000 0.6395
764.0000 0.6395
765.0000 0.6395
766.0000 0.6395
767.0000 0.6395
768.0000 0.6395
769.0000 0.6396
770.0000 0.6396
771.0000 0.6396
772.0000 0.6396
773.0000 0.6396
774.0000 0.6396
775.0000 0.6396
776.0000 0.6396
777.0000 0.6396
778.0000 0.6396
779.0000 0.6396
780.0000 0.6397
781.0000 0.6397
782.0000 0.6397
783.0000 0.6397
784.0000 0.6397
785.0000 0.6397
786.0000 0.6397
787.0000 0.6397
788.0000 0.6397
789.0000 0.6397
790.0000 0.6397
791.0000 0.6397
792.0000 0.6397
793.0000 0.6397
794.0000 0.6398
795.0000 0.6398
796.0000 0.6398
797.0000 0.6398
798.0000 0.6398
799.0000 0.6398
800.0000 0.6398
801.0000 0.6398
802.0000 0.6398
803.0000 0.6398
804.0000 0.6398
805.0000 0.6398
806.0000 0.6398
807.0000 0.6398
808.0000 0.6398
809.0000 0.6398
810.0000 0.6398
811.0000 0.6398
812.0000 0.6398
813.0000 0.6398
814.0000 0.6398
815.0000 0.6399
816.0000 0.6399
817.0000 0.6399
818.0000 0.6399
819.0000 0.6399
820.0000 0.6399
821.0000 0.6399
822.0000 0.6399
823.0000 0.6399
824.0000 0.6399
825.0000 0.6399
826.0000 0.6399
827.0000 0.6399
828.0000 0.6399
829.0000 0.6399
830.0000 0.6399
831.0000 0.6399
832.0000 0.6399
833.0000 0.6399
834.0000 0.6399
835.0000 0.6399
836.0000 0.6399
837.0000 0.6399
838.0000 0.6399
839.0000 0.6399
840.0000 0.6399
841.0000 0.6399
842.0000 0.6399
843.0000 0.6399
844.0000 0.6399
845.0000 0.6399
846.0000 0.6399
847.0000 0.6399
848.0000 0.6399
849.0000 0.6399
850.0000 0.6399
851.0000 0.6399
852.0000 0.6399
853.0000 0.6399
854.0000 0.6399
855.0000 0.6399
856.0000 0.6399
857.0000 0.6399
858.0000 0.6399
859.0000 0.6399
860.0000 0.6400
861.0000 0.6400
862.0000 0.6400
863.0000 0.6400
864.0000 0.6400
865.0000 0.6400
866.0000 0.6400
867.0000 0.6400
868.0000 0.6400
869.0000 0.6400
870.0000 0.6400
871.0000 0.6400
872.0000 0.6400
873.0000 0.6400
874.0000 0.6400
875.0000 0.6400
876.0000 0.6400
877.0000 0.6400
878.0000 0.6400
879.0000 0.6400
880.0000 0.6400
881.0000 0.6400
882.0000 0.6400
883.0000 0.6400
884.0000 0.6400
885.0000 0.6400
886.0000 0.6400
887.0000 0.6400
888.0000 0.6400
889.0000 0.6400
890.0000 0.6400
891.0000 0.6400
892.0000 0.6400
893.0000 0.6400
894.0000 0.6400
895.0000 0.6400
896.0000 0.6400
897.0000 0.6400
898.0000 0.6400
899.0000 0.6400
900.0000 0.6400
901.0000 0.6400
902.0000 0.6400
903.0000 0.6400
904.0000 0.6400
905.0000 0.6400
906.0000 0.6400
907.0000 0.6400
908.0000 0.6400
909.0000 0.6400
910.0000 0.6400
