1.0000 0.0000
2.0000 0.0000
3.0000 0.0000
4.0000 0.0000
5.0000 0.0000
6.0000 0.0000
7.0000 0.0000
8.0000 0.0000
9.0000 0.0000
10.0000 17.0049
11.0000 3.1579
12.0000 -0.9547
13.0000 -0.9838
14.0000 -0.1236
15.0000 0.5094
16.0000 0.7862
17.0000 0.8522
18.0000 0.8410
19.0000 0.8187
20.0000 0.8048
21.0000 0.7995
22.0000 0.7986
23.0000 0.7991
24.0000 0.7996
25.0000 0.7999
26.0000 0.8000
27.0000 0.8000
28.0000 0.8000
29.0000 0.8000
30.0000 0.8000
31.0000 0.8000
32.0000 0.8000
33.0000 0.8000
34.0000 0.8000
35.0000 0.8000
36.0000 0.8000
37.0000 0.8000
38.0000 0.8000
39.0000 0.8000
40.0000 0.8000
41.0000 0.8000
42.0000 0.8000
43.0000 0.8000
44.0000 0.8000
45.0000 0.8000
46.0000 0.8000
47.0000 0.8000
48.0000 0.8000
49.0000 0.8000
50.0000 0.8000
51.0000 0.8000
52.0000 0.8000
53.0000 0.8000
54.0000 0.8000
55.0000 0.8000
56.0000 0.8000
57.0000 0.8000
58.0000 0.8000
59.0000 0.8000
60.0000 0.8000
61.0000 0.8000
62.0000 0.8000
63.0000 0.8000
64.0000 0.8000
65.0000 0.8000
66.0000 0.8000
67.0000 0.8000
68.0000 0.8000
69.0000 0.8000
70.0000 0.8000
71.0000 0.8000
72.0000 0.8000
73.0000 0.8000
74.0000 0.8000
75.0000 0.8000
76.0000 0.8000
77.0000 0.8000
78.0000 0.8000
79.0000 0.8000
80.0000 0.8000
81.0000 0.8000
82.0000 0.8000
83.0000 0.8000
84.0000 0.8000
85.0000 0.8000
86.0000 0.8000
87.0000 0.8000
88.0000 0.8000
89.0000 0.8000
90.0000 0.8000
91.0000 0.8000
92.0000 0.8000
93.0000 0.8000
94.0000 0.8000
95.0000 0.8000
96.0000 0.8000
97.0000 0.8000
98.0000 0.8000
99.0000 0.8000
100.0000 0.8000
101.0000 0.8000
102.0000 0.8000
103.0000 0.8000
104.0000 0.8000
105.0000 0.8000
106.0000 0.8000
107.0000 0.8000
108.0000 0.8000
109.0000 0.8000
110.0000 0.8000
111.0000 0.8000
112.0000 0.8000
113.0000 0.8000
114.0000 0.8000
115.0000 0.8000
116.0000 0.8000
117.0000 0.8000
118.0000 0.8000
119.0000 0.8000
120.0000 0.8000
121.0000 0.8000
122.0000 0.8000
123.0000 0.8000
124.0000 0.8000
125.0000 0.8000
126.0000 0.8000
127.0000 0.8000
128.0000 0.8000
129.0000 0.8000
130.0000 0.8000
131.0000 0.8000
132.0000 0.8000
133.0000 0.8000
134.0000 0.8000
135.0000 0.8000
136.0000 0.8000
137.0000 0.8000
138.0000 0.8000
139.0000 0.8000
140.0000 0.8000
141.0000 0.8000
142.0000 0.8000
143.0000 0.8000
144.0000 0.8000
145.0000 0.8000
146.0000 0.8000
147.0000 0.8000
148.0000 0.8000
149.0000 0.8000
150.0000 0.8000
151.0000 0.8000
152.0000 0.8000
153.0000 0.8000
154.0000 0.8000
155.0000 0.8000
156.0000 0.8000
157.0000 0.8000
158.0000 0.8000
159.0000 0.8000
160.0000 0.8000
161.0000 0.8000
162.0000 0.8000
163.0000 0.8000
164.0000 0.8000
165.0000 0.8000
166.0000 0.8000
167.0000 0.8000
168.0000 0.8000
169.0000 0.8000
170.0000 0.8000
171.0000 0.8000
172.0000 0.8000
173.0000 0.8000
174.0000 0.8000
175.0000 0.8000
176.0000 0.8000
177.0000 0.8000
178.0000 0.8000
179.0000 0.8000
180.0000 0.8000
181.0000 0.8000
182.0000 0.8000
183.0000 0.8000
184.0000 0.8000
185.0000 0.8000
186.0000 0.8000
187.0000 0.8000
188.0000 0.8000
189.0000 0.8000
190.0000 0.8000
191.0000 0.8000
192.0000 0.8000
193.0000 0.8000
194.0000 0.8000
195.0000 0.8000
196.0000 0.8000
197.0000 0.8000
198.0000 0.8000
199.0000 0.8000
200.0000 0.8000
201.0000 0.8000
202.0000 0.8000
203.0000 0.8000
204.0000 0.8000
205.0000 0.8000
206.0000 0.8000
207.0000 0.8000
208.0000 0.8000
209.0000 0.8000
210.0000 0.8000
211.0000 0.8000
212.0000 0.8000
213.0000 0.8000
214.0000 0.8000
215.0000 0.8000
216.0000 0.8000
217.0000 0.8000
218.0000 0.8000
219.0000 0.8000
220.0000 0.8000
221.0000 0.8000
222.0000 0.8000
223.0000 0.8000
224.0000 0.8000
225.0000 0.8000
226.0000 0.8000
227.0000 0.8000
228.0000 0.8000
229.0000 0.8000
230.0000 0.8000
231.0000 0.8000
232.0000 0.8000
233.0000 0.8000
234.0000 0.8000
235.0000 0.8000
236.0000 0.8000
237.0000 0.8000
238.0000 0.8000
239.0000 0.8000
240.0000 0.8000
241.0000 0.8000
242.0000 0.8000
243.0000 0.8000
244.0000 0.8000
245.0000 0.8000
246.0000 0.8000
247.0000 0.8000
248.0000 0.8000
249.0000 0.8000
250.0000 0.8000
251.0000 0.8000
252.0000 0.8000
253.0000 0.8000
254.0000 0.8000
255.0000 0.8000
256.0000 0.8000
257.0000 0.8000
258.0000 0.8000
259.0000 0.8000
260.0000 0.8000
261.0000 0.8000
262.0000 0.8000
263.0000 0.8000
264.0000 0.8000
265.0000 0.8000
266.0000 0.8000
267.0000 0.8000
268.0000 0.8000
269.0000 0.8000
270.0000 0.8000
271.0000 0.8000
272.0000 0.8000
273.0000 0.8000
274.0000 0.8000
275.0000 0.8000
276.0000 0.8000
277.0000 0.8000
278.0000 0.8000
279.0000 0.8000
280.0000 0.8000
281.0000 0.8000
282.0000 0.8000
283.0000 0.8000
284.0000 0.8000
285.0000 0.8000
286.0000 0.8000
287.0000 0.8000
288.0000 0.8000
289.0000 0.8000
290.0000 0.8000
291.0000 0.8000
292.0000 0.8000
293.0000 0.8000
294.0000 0.8000
295.0000 0.8000
296.0000 0.8000
297.0000 0.8000
298.0000 0.8000
299.0000 0.8000
300.0000 0.8000
301.0000 0.8000
302.0000 0.8000
303.0000 0.8000
304.0000 0.8000
305.0000 0.8000
306.0000 0.8000
307.0000 0.8000
308.0000 0.8000
309.0000 0.8000
310.0000 -33.2097
311.0000 -5.5158
312.0000 2.7095
313.0000 2.7675
314.0000 1.0471
315.0000 -0.2187
316.0000 -0.7723
317.0000 -0.9044
318.0000 -0.8820
319.0000 -0.8374
320.0000 -0.8097
321.0000 -0.7990
322.0000 -0.7972
323.0000 -0.7982
324.0000 -0.7993
325.0000 -0.7999
326.0000 -0.8001
327.0000 -0.8001
328.0000 -0.8000
329.0000 -0.8000
330.0000 -0.8000
331.0000 -0.8000
332.0000 -0.8000
333.0000 -0.8000
334.0000 -0.8000
335.0000 -0.8000
336.0000 -0.8000
337.0000 -0.8000
338.0000 -0.8000
339.0000 -0.8000
340.0000 -0.8000
341.0000 -0.8000
342.0000 -0.8000
343.0000 -0.8000
344.0000 -0.8000
345.0000 -0.8000
346.0000 -0.8000
347.0000 -0.8000
348.0000 -0.8000
349.0000 -0.8000
350.0000 -0.8000
351.0000 -0.8000
352.0000 -0.8000
353.0000 -0.8000
354.0000 -0.8000
355.0000 -0.8000
356.0000 -0.8000
357.0000 -0.8000
358.0000 -0.8000
359.0000 -0.8000
360.0000 -0.8000
361.0000 -0.8000
362.0000 -0.8000
363.0000 -0.8000
364.0000 -0.8000
365.0000 -0.8000
366.0000 -0.8000
367.0000 -0.8000
368.0000 -0.8000
369.0000 -0.8000
370.0000 -0.8000
371.0000 -0.8000
372.0000 -0.8000
373.0000 -0.8000
374.0000 -0.8000
375.0000 -0.8000
376.0000 -0.8000
377.0000 -0.8000
378.0000 -0.8000
379.0000 -0.8000
380.0000 -0.8000
381.0000 -0.8000
382.0000 -0.8000
383.0000 -0.8000
384.0000 -0.8000
385.0000 -0.8000
386.0000 -0.8000
387.0000 -0.8000
388.0000 -0.8000
389.0000 -0.8000
390.0000 -0.8000
391.0000 -0.8000
392.0000 -0.8000
393.0000 -0.8000
394.0000 -0.8000
395.0000 -0.8000
396.0000 -0.8000
397.0000 -0.8000
398.0000 -0.8000
399.0000 -0.8000
400.0000 -0.8000
401.0000 -0.8000
402.0000 -0.8000
403.0000 -0.8000
404.0000 -0.8000
405.0000 -0.8000
406.0000 -0.8000
407.0000 -0.8000
408.0000 -0.8000
409.0000 -0.8000
410.0000 -0.8000
411.0000 -0.8000
412.0000 -0.8000
413.0000 -0.8000
414.0000 -0.8000
415.0000 -0.8000
416.0000 -0.8000
417.0000 -0.8000
418.0000 -0.8000
419.0000 -0.8000
420.0000 -0.8000
421.0000 -0.8000
422.0000 -0.8000
423.0000 -0.8000
424.0000 -0.8000
425.0000 -0.8000
426.0000 -0.8000
427.0000 -0.8000
428.0000 -0.8000
429.0000 -0.8000
430.0000 -0.8000
431.0000 -0.8000
432.0000 -0.8000
433.0000 -0.8000
434.0000 -0.8000
435.0000 -0.8000
436.0000 -0.8000
437.0000 -0.8000
438.0000 -0.8000
439.0000 -0.8000
440.0000 -0.8000
441.0000 -0.8000
442.0000 -0.8000
443.0000 -0.8000
444.0000 -0.8000
445.0000 -0.8000
446.0000 -0.8000
447.0000 -0.8000
448.0000 -0.8000
449.0000 -0.8000
450.0000 -0.8000
451.0000 -0.8000
452.0000 -0.8000
453.0000 -0.8000
454.0000 -0.8000
455.0000 -0.8000
456.0000 -0.8000
457.0000 -0.8000
458.0000 -0.8000
459.0000 -0.8000
460.0000 -0.8000
461.0000 -0.8000
462.0000 -0.8000
463.0000 -0.8000
464.0000 -0.8000
465.0000 -0.8000
466.0000 -0.8000
467.0000 -0.8000
468.0000 -0.8000
469.0000 -0.8000
470.0000 -0.8000
471.0000 -0.8000
472.0000 -0.8000
473.0000 -0.8000
474.0000 -0.8000
475.0000 -0.8000
476.0000 -0.8000
477.0000 -0.8000
478.0000 -0.8000
479.0000 -0.8000
480.0000 -0.8000
481.0000 -0.8000
482.0000 -0.8000
483.0000 -0.8000
484.0000 -0.8000
485.0000 -0.8000
486.0000 -0.8000
487.0000 -0.8000
488.0000 -0.8000
489.0000 -0.8000
490.0000 -0.8000
491.0000 -0.8000
492.0000 -0.8000
493.0000 -0.8000
494.0000 -0.8000
495.0000 -0.8000
496.0000 -0.8000
497.0000 -0.8000
498.0000 -0.8000
499.0000 -0.8000
500.0000 -0.8000
501.0000 -0.8000
502.0000 -0.8000
503.0000 -0.8000
504.0000 -0.8000
505.0000 -0.8000
506.0000 -0.8000
507.0000 -0.8000
508.0000 -0.8000
509.0000 -0.8000
510.0000 -0.8000
511.0000 -0.8000
512.0000 -0.8000
513.0000 -0.8000
514.0000 -0.8000
515.0000 -0.8000
516.0000 -0.8000
517.0000 -0.8000
518.0000 -0.8000
519.0000 -0.8000
520.0000 -0.8000
521.0000 -0.8000
522.0000 -0.8000
523.0000 -0.8000
524.0000 -0.8000
525.0000 -0.8000
526.0000 -0.8000
527.0000 -0.8000
528.0000 -0.8000
529.0000 -0.8000
530.0000 -0.8000
531.0000 -0.8000
532.0000 -0.8000
533.0000 -0.8000
534.0000 -0.8000
535.0000 -0.8000
536.0000 -0.8000
537.0000 -0.8000
538.0000 -0.8000
539.0000 -0.8000
540.0000 -0.8000
541.0000 -0.8000
542.0000 -0.8000
543.0000 -0.8000
544.0000 -0.8000
545.0000 -0.8000
546.0000 -0.8000
547.0000 -0.8000
548.0000 -0.8000
549.0000 -0.8000
550.0000 -0.8000
551.0000 -0.8000
552.0000 -0.8000
553.0000 -0.8000
554.0000 -0.8000
555.0000 -0.8000
556.0000 -0.8000
557.0000 -0.8000
558.0000 -0.8000
559.0000 -0.8000
560.0000 -0.8000
561.0000 -0.8000
562.0000 -0.8000
563.0000 -0.8000
564.0000 -0.8000
565.0000 -0.8000
566.0000 -0.8000
567.0000 -0.8000
568.0000 -0.8000
569.0000 -0.8000
570.0000 -0.8000
571.0000 -0.8000
572.0000 -0.8000
573.0000 -0.8000
574.0000 -0.8000
575.0000 -0.8000
576.0000 -0.8000
577.0000 -0.8000
578.0000 -0.8000
579.0000 -0.8000
580.0000 -0.8000
581.0000 -0.8000
582.0000 -0.8000
583.0000 -0.8000
584.0000 -0.8000
585.0000 -0.8000
586.0000 -0.8000
587.0000 -0.8000
588.0000 -0.8000
589.0000 -0.8000
590.0000 -0.8000
591.0000 -0.8000
592.0000 -0.8000
593.0000 -0.8000
594.0000 -0.8000
595.0000 -0.8000
596.0000 -0.8000
597.0000 -0.8000
598.0000 -0.8000
599.0000 -0.8000
600.0000 -0.8000
601.0000 -0.8000
602.0000 -0.8000
603.0000 -0.8000
604.0000 -0.8000
605.0000 -0.8000
606.0000 -0.8000
607.0000 -0.8000
608.0000 -0.8000
609.0000 -0.8000
610.0000 50.2146
611.0000 8.6737
612.0000 -3.6642
613.0000 -3.7513
614.0000 -1.1707
615.0000 0.7281
616.0000 1.5585
617.0000 1.7566
618.0000 1.7230
619.0000 1.6561
620.0000 1.6145
621.0000 1.5985
622.0000 1.5958
623.0000 1.5973
624.0000 1.5989
625.0000 1.5998
626.0000 1.6001
627.0000 1.6001
628.0000 1.6001
629.0000 1.6000
630.0000 1.6000
631.0000 1.6000
632.0000 1.6000
633.0000 1.6000
634.0000 1.6000
635.0000 1.6000
636.0000 1.6000
637.0000 1.6000
638.0000 1.6000
639.0000 1.6000
640.0000 1.6000
641.0000 1.6000
642.0000 1.6000
643.0000 1.6000
644.0000 1.6000
645.0000 1.6000
646.0000 1.6000
647.0000 1.6000
648.0000 1.6000
649.0000 1.6000
650.0000 1.6000
651.0000 1.6000
652.0000 1.6000
653.0000 1.6000
654.0000 1.6000
655.0000 1.6000
656.0000 1.6000
657.0000 1.6000
658.0000 1.6000
659.0000 1.6000
660.0000 1.6000
661.0000 1.6000
662.0000 1.6000
663.0000 1.6000
664.0000 1.6000
665.0000 1.6000
666.0000 1.6000
667.0000 1.6000
668.0000 1.6000
669.0000 1.6000
670.0000 1.6000
671.0000 1.6000
672.0000 1.6000
673.0000 1.6000
674.0000 1.6000
675.0000 1.6000
676.0000 1.6000
677.0000 1.6000
678.0000 1.6000
679.0000 1.6000
680.0000 1.6000
681.0000 1.6000
682.0000 1.6000
683.0000 1.6000
684.0000 1.6000
685.0000 1.6000
686.0000 1.6000
687.0000 1.6000
688.0000 1.6000
689.0000 1.6000
690.0000 1.6000
691.0000 1.6000
692.0000 1.6000
693.0000 1.6000
694.0000 1.6000
695.0000 1.6000
696.0000 1.6000
697.0000 1.6000
698.0000 1.6000
699.0000 1.6000
700.0000 1.6000
701.0000 1.6000
702.0000 1.6000
703.0000 1.6000
704.0000 1.6000
705.0000 1.6000
706.0000 1.6000
707.0000 1.6000
708.0000 1.6000
709.0000 1.6000
710.0000 1.6000
711.0000 1.6000
712.0000 1.6000
713.0000 1.6000
714.0000 1.6000
715.0000 1.6000
716.0000 1.6000
717.0000 1.6000
718.0000 1.6000
719.0000 1.6000
720.0000 1.6000
721.0000 1.6000
722.0000 1.6000
723.0000 1.6000
724.0000 1.6000
725.0000 1.6000
726.0000 1.6000
727.0000 1.6000
728.0000 1.6000
729.0000 1.6000
730.0000 1.6000
731.0000 1.6000
732.0000 1.6000
733.0000 1.6000
734.0000 1.6000
735.0000 1.6000
736.0000 1.6000
737.0000 1.6000
738.0000 1.6000
739.0000 1.6000
740.0000 1.6000
741.0000 1.6000
742.0000 1.6000
743.0000 1.6000
744.0000 1.6000
745.0000 1.6000
746.0000 1.6000
747.0000 1.6000
748.0000 1.6000
749.0000 1.6000
750.0000 1.6000
751.0000 1.6000
752.0000 1.6000
753.0000 1.6000
754.0000 1.6000
755.0000 1.6000
756.0000 1.6000
757.0000 1.6000
758.0000 1.6000
759.0000 1.6000
760.0000 1.6000
761.0000 1.6000
762.0000 1.6000
763.0000 1.6000
764.0000 1.6000
765.0000 1.6000
766.0000 1.6000
767.0000 1.6000
768.0000 1.6000
769.0000 1.6000
770.0000 1.6000
771.0000 1.6000
772.0000 1.6000
773.0000 1.6000
774.0000 1.6000
775.0000 1.6000
776.0000 1.6000
777.0000 1.6000
778.0000 1.6000
779.0000 1.6000
780.0000 1.6000
781.0000 1.6000
782.0000 1.6000
783.0000 1.6000
784.0000 1.6000
785.0000 1.6000
786.0000 1.6000
787.0000 1.6000
788.0000 1.6000
789.0000 1.6000
790.0000 1.6000
791.0000 1.6000
792.0000 1.6000
793.0000 1.6000
794.0000 1.6000
795.0000 1.6000
796.0000 1.6000
797.0000 1.6000
798.0000 1.6000
799.0000 1.6000
800.0000 1.6000
801.0000 1.6000
802.0000 1.6000
803.0000 1.6000
804.0000 1.6000
805.0000 1.6000
806.0000 1.6000
807.0000 1.6000
808.0000 1.6000
809.0000 1.6000
810.0000 1.6000
811.0000 1.6000
812.0000 1.6000
813.0000 1.6000
814.0000 1.6000
815.0000 1.6000
816.0000 1.6000
817.0000 1.6000
818.0000 1.6000
819.0000 1.6000
820.0000 1.6000
821.0000 1.6000
822.0000 1.6000
823.0000 1.6000
824.0000 1.6000
825.0000 1.6000
826.0000 1.6000
827.0000 1.6000
828.0000 1.6000
829.0000 1.6000
830.0000 1.6000
831.0000 1.6000
832.0000 1.6000
833.0000 1.6000
834.0000 1.6000
835.0000 1.6000
836.0000 1.6000
837.0000 1.6000
838.0000 1.6000
839.0000 1.6000
840.0000 1.6000
841.0000 1.6000
842.0000 1.6000
843.0000 1.6000
844.0000 1.6000
845.0000 1.6000
846.0000 1.6000
847.0000 1.6000
848.0000 1.6000
849.0000 1.6000
850.0000 1.6000
851.0000 1.6000
852.0000 1.6000
853.0000 1.6000
854.0000 1.6000
855.0000 1.6000
856.0000 1.6000
857.0000 1.6000
858.0000 1.6000
859.0000 1.6000
860.0000 1.6000
861.0000 1.6000
862.0000 1.6000
863.0000 1.6000
864.0000 1.6000
865.0000 1.6000
866.0000 1.6000
867.0000 1.6000
868.0000 1.6000
869.0000 1.6000
870.0000 1.6000
871.0000 1.6000
872.0000 1.6000
873.0000 1.6000
874.0000 1.6000
875.0000 1.6000
876.0000 1.6000
877.0000 1.6000
878.0000 1.6000
879.0000 1.6000
880.0000 1.6000
881.0000 1.6000
882.0000 1.6000
883.0000 1.6000
884.0000 1.6000
885.0000 1.6000
886.0000 1.6000
887.0000 1.6000
888.0000 1.6000
889.0000 1.6000
890.0000 1.6000
891.0000 1.6000
892.0000 1.6000
893.0000 1.6000
894.0000 1.6000
895.0000 1.6000
896.0000 1.6000
897.0000 1.6000
898.0000 1.6000
899.0000 1.6000
900.0000 1.6000
901.0000 1.6000
902.0000 1.6000
903.0000 1.6000
904.0000 1.6000
905.0000 1.6000
906.0000 1.6000
907.0000 1.6000
908.0000 1.6000
909.0000 1.6000
910.0000 1.6000
