1.0000 36.0000
2.0000 35.2266
3.0000 34.5278
4.0000 33.8997
5.0000 33.3385
6.0000 32.8404
7.0000 32.4017
8.0000 32.0923
9.0000 31.8278
10.0000 35.2880
11.0000 38.3581
12.0000 41.1342
13.0000 43.6314
14.0000 45.9382
15.0000 47.9153
16.0000 49.6583
17.0000 51.2514
18.0000 52.5509
19.0000 53.7228
20.0000 54.6245
21.0000 55.3487
22.0000 55.9072
23.0000 56.2387
24.0000 56.4359
25.0000 56.5301
26.0000 56.5482
27.0000 56.4392
28.0000 56.3025
29.0000 56.0685
30.0000 55.8440
31.0000 55.5650
32.0000 55.2464
33.0000 54.9002
34.0000 54.5242
35.0000 54.1396
36.0000 53.7524
37.0000 53.3670
38.0000 53.0599
39.0000 52.7400
40.0000 52.4222
41.0000 52.1072
42.0000 51.7950
43.0000 51.4730
44.0000 51.2280
45.0000 50.9784
46.0000 50.7239
47.0000 50.4635
48.0000 50.1844
49.0000 49.9729
50.0000 49.7475
51.0000 49.5080
52.0000 49.2540
53.0000 49.0599
54.0000 48.8326
55.0000 48.5865
56.0000 48.3225
57.0000 48.0412
58.0000 47.8170
59.0000 47.5577
60.0000 47.2786
61.0000 47.0544
62.0000 46.8794
63.0000 46.7479
64.0000 46.6550
65.0000 46.5223
66.0000 46.4262
67.0000 46.2887
68.0000 46.1865
69.0000 46.1153
70.0000 45.9850
71.0000 45.8861
72.0000 45.8143
73.0000 45.6921
74.0000 45.5970
75.0000 45.4515
76.0000 45.3333
77.0000 45.1653
78.0000 45.0255
79.0000 44.8254
80.0000 44.6566
81.0000 44.5165
82.0000 44.3285
83.0000 44.1708
84.0000 44.0403
85.0000 43.9346
86.0000 43.8511
87.0000 43.7140
88.0000 43.6017
89.0000 43.5116
90.0000 43.5148
91.0000 43.4545
92.0000 43.4096
93.0000 43.3783
94.0000 43.3581
95.0000 43.3470
96.0000 43.4172
97.0000 43.4857
98.0000 43.5520
99.0000 43.6150
100.0000 43.6742
101.0000 43.7293
102.0000 43.7796
103.0000 43.8248
104.0000 43.8646
105.0000 43.8259
106.0000 43.7889
107.0000 43.7538
108.0000 43.7202
109.0000 43.6878
110.0000 43.6569
111.0000 43.7015
112.0000 43.7414
113.0000 43.7770
114.0000 43.8088
115.0000 43.8374
116.0000 43.8633
117.0000 43.8871
118.0000 43.8353
119.0000 43.7892
120.0000 43.7482
121.0000 43.7117
122.0000 43.7532
123.0000 43.7910
124.0000 43.8253
125.0000 43.8561
126.0000 43.8838
127.0000 43.9086
128.0000 44.0046
129.0000 44.0917
130.0000 44.2560
131.0000 44.4042
132.0000 44.5371
133.0000 44.6554
134.0000 44.8331
135.0000 44.9906
136.0000 45.1287
137.0000 45.2489
138.0000 45.2785
139.0000 45.3001
140.0000 45.3145
141.0000 45.3225
142.0000 45.3249
143.0000 45.3225
144.0000 45.3164
145.0000 45.3079
146.0000 45.3718
147.0000 45.4284
148.0000 45.4785
149.0000 45.5236
150.0000 45.5649
151.0000 45.6030
152.0000 45.6388
153.0000 45.7461
154.0000 45.8445
155.0000 45.9344
156.0000 46.0161
157.0000 46.0901
158.0000 46.1568
159.0000 46.2167
160.0000 46.2697
161.0000 46.3169
162.0000 46.3587
163.0000 46.3959
164.0000 46.4291
165.0000 46.4586
166.0000 46.4848
167.0000 46.5082
168.0000 46.5295
169.0000 46.5497
170.0000 46.5687
171.0000 46.5874
172.0000 46.6057
173.0000 46.6245
174.0000 46.5700
175.0000 46.5231
176.0000 46.4835
177.0000 46.4508
178.0000 46.4249
179.0000 46.4055
180.0000 46.3924
181.0000 46.3110
182.0000 46.2420
183.0000 46.1845
184.0000 46.0520
185.0000 45.9377
186.0000 45.7669
187.0000 45.6191
188.0000 45.4192
189.0000 45.2462
190.0000 45.0244
191.0000 44.8328
192.0000 44.6692
193.0000 44.4459
194.0000 44.2546
195.0000 44.0934
196.0000 43.9593
197.0000 43.8501
198.0000 43.7636
199.0000 43.6233
200.0000 43.5077
201.0000 43.4139
202.0000 43.3395
203.0000 43.2081
204.0000 43.0246
205.0000 42.7811
206.0000 42.5692
207.0000 42.3859
208.0000 42.2280
209.0000 42.1787
210.0000 42.1413
211.0000 42.1878
212.0000 42.3096
213.0000 42.4253
214.0000 42.5339
215.0000 42.6350
216.0000 42.7281
217.0000 42.8870
218.0000 43.1163
219.0000 43.3217
220.0000 43.5769
221.0000 43.8016
222.0000 44.0705
223.0000 44.3040
224.0000 44.5038
225.0000 44.6724
226.0000 44.8125
227.0000 44.9266
228.0000 45.0177
229.0000 45.0880
230.0000 45.1401
231.0000 45.1760
232.0000 45.1979
233.0000 45.2086
234.0000 45.2104
235.0000 45.2053
236.0000 45.1953
237.0000 45.1825
238.0000 45.0948
239.0000 45.0143
240.0000 44.9417
241.0000 44.8773
242.0000 44.8214
243.0000 44.7740
244.0000 44.7346
245.0000 44.7766
246.0000 44.8191
247.0000 44.8616
248.0000 44.9044
249.0000 44.9471
250.0000 45.0632
251.0000 45.1718
252.0000 45.2729
253.0000 45.3666
254.0000 45.4525
255.0000 45.4567
256.0000 45.4600
257.0000 45.4626
258.0000 45.4642
259.0000 45.4647
260.0000 45.4643
261.0000 45.4635
262.0000 45.4625
263.0000 45.4619
264.0000 45.4621
265.0000 45.4636
266.0000 45.4664
267.0000 45.4711
268.0000 45.4780
269.0000 45.4876
270.0000 45.4995
271.0000 45.4401
272.0000 45.4631
273.0000 45.4875
274.0000 45.5130
275.0000 45.5395
276.0000 45.5667
277.0000 45.5208
278.0000 45.4821
279.0000 45.4506
280.0000 45.3516
281.0000 45.2659
282.0000 45.1924
283.0000 45.1307
284.0000 45.0798
285.0000 45.0392
286.0000 45.0077
287.0000 44.9845
288.0000 44.9695
289.0000 45.0356
290.0000 45.1013
291.0000 45.1666
292.0000 45.2309
293.0000 45.2941
294.0000 45.4294
295.0000 45.5553
296.0000 45.6717
297.0000 45.8520
298.0000 45.9419
299.0000 46.0964
300.0000 46.1614
301.0000 46.2183
302.0000 46.2674
303.0000 46.3095
304.0000 46.3456
305.0000 46.3765
306.0000 46.3294
307.0000 46.2858
308.0000 46.2457
309.0000 46.1361
310.0000 46.0383
