1.0000 37.6800
2.0000 37.6800
3.0000 37.6800
4.0000 37.6800
5.0000 37.6800
6.0000 37.6800
7.0000 37.6800
8.0000 37.6800
9.0000 37.6800
10.0000 40.6800
11.0000 40.6800
12.0000 40.6800
13.0000 40.6800
14.0000 40.6800
15.0000 40.6800
16.0000 40.6800
17.0000 40.6800
18.0000 40.6800
19.0000 40.6800
20.0000 40.6800
21.0000 40.6800
22.0000 40.6800
23.0000 40.6800
24.0000 40.6800
25.0000 40.6800
26.0000 40.6800
27.0000 40.6800
28.0000 40.6800
29.0000 40.6800
30.0000 40.6800
31.0000 40.6800
32.0000 40.6800
33.0000 40.6800
34.0000 40.6800
35.0000 40.6800
36.0000 40.6800
37.0000 40.6800
38.0000 40.6800
39.0000 40.6800
40.0000 40.6800
41.0000 40.6800
42.0000 40.6800
43.0000 40.6800
44.0000 40.6800
45.0000 40.6800
46.0000 40.6800
47.0000 40.6800
48.0000 40.6800
49.0000 40.6800
50.0000 40.6800
51.0000 40.6800
52.0000 40.6800
53.0000 40.6800
54.0000 40.6800
55.0000 40.6800
56.0000 40.6800
57.0000 40.6800
58.0000 40.6800
59.0000 40.6800
60.0000 40.6800
61.0000 40.6800
62.0000 40.6800
63.0000 40.6800
64.0000 40.6800
65.0000 40.6800
66.0000 40.6800
67.0000 40.6800
68.0000 40.6800
69.0000 40.6800
70.0000 40.6800
71.0000 40.6800
72.0000 40.6800
73.0000 40.6800
74.0000 40.6800
75.0000 40.6800
76.0000 40.6800
77.0000 40.6800
78.0000 40.6800
79.0000 40.6800
80.0000 40.6800
81.0000 40.6800
82.0000 40.6800
83.0000 40.6800
84.0000 40.6800
85.0000 40.6800
86.0000 40.6800
87.0000 40.6800
88.0000 40.6800
89.0000 40.6800
90.0000 40.6800
91.0000 40.6800
92.0000 40.6800
93.0000 40.6800
94.0000 40.6800
95.0000 40.6800
96.0000 40.6800
97.0000 40.6800
98.0000 40.6800
99.0000 40.6800
100.0000 40.6800
101.0000 40.6800
102.0000 40.6800
103.0000 40.6800
104.0000 40.6800
105.0000 40.6800
106.0000 40.6800
107.0000 40.6800
108.0000 40.6800
109.0000 40.6800
110.0000 40.6800
111.0000 40.6800
112.0000 40.6800
113.0000 40.6800
114.0000 40.6800
115.0000 40.6800
116.0000 40.6800
117.0000 40.6800
118.0000 40.6800
119.0000 40.6800
120.0000 40.6800
121.0000 40.6800
122.0000 40.6800
123.0000 40.6800
124.0000 40.6800
125.0000 40.6800
126.0000 40.6800
127.0000 40.6800
128.0000 40.6800
129.0000 40.6800
130.0000 40.6800
131.0000 40.6800
132.0000 40.6800
133.0000 40.6800
134.0000 40.6800
135.0000 40.6800
136.0000 40.6800
137.0000 40.6800
138.0000 40.6800
139.0000 40.6800
140.0000 40.6800
141.0000 40.6800
142.0000 40.6800
143.0000 40.6800
144.0000 40.6800
145.0000 40.6800
146.0000 40.6800
147.0000 40.6800
148.0000 40.6800
149.0000 40.6800
150.0000 40.6800
151.0000 40.6800
152.0000 40.6800
153.0000 40.6800
154.0000 40.6800
155.0000 40.6800
156.0000 40.6800
157.0000 40.6800
158.0000 40.6800
159.0000 40.6800
160.0000 40.6800
161.0000 40.6800
162.0000 40.6800
163.0000 40.6800
164.0000 40.6800
165.0000 40.6800
166.0000 40.6800
167.0000 40.6800
168.0000 40.6800
169.0000 40.6800
170.0000 40.6800
171.0000 40.6800
172.0000 40.6800
173.0000 40.6800
174.0000 40.6800
175.0000 40.6800
176.0000 40.6800
177.0000 40.6800
178.0000 40.6800
179.0000 40.6800
180.0000 40.6800
181.0000 40.6800
182.0000 40.6800
183.0000 40.6800
184.0000 40.6800
185.0000 40.6800
186.0000 40.6800
187.0000 40.6800
188.0000 40.6800
189.0000 40.6800
190.0000 40.6800
191.0000 40.6800
192.0000 40.6800
193.0000 40.6800
194.0000 40.6800
195.0000 40.6800
196.0000 40.6800
197.0000 40.6800
198.0000 40.6800
199.0000 40.6800
200.0000 40.6800
201.0000 40.6800
202.0000 40.6800
203.0000 40.6800
204.0000 40.6800
205.0000 40.6800
206.0000 40.6800
207.0000 40.6800
208.0000 40.6800
209.0000 40.6800
210.0000 40.6800
211.0000 40.6800
212.0000 40.6800
213.0000 40.6800
214.0000 40.6800
215.0000 40.6800
216.0000 40.6800
217.0000 40.6800
218.0000 40.6800
219.0000 40.6800
220.0000 40.6800
221.0000 40.6800
222.0000 40.6800
223.0000 40.6800
224.0000 40.6800
225.0000 40.6800
226.0000 40.6800
227.0000 40.6800
228.0000 40.6800
229.0000 40.6800
230.0000 40.6800
231.0000 40.6800
232.0000 40.6800
233.0000 40.6800
234.0000 40.6800
235.0000 40.6800
236.0000 40.6800
237.0000 40.6800
238.0000 40.6800
239.0000 40.6800
240.0000 40.6800
241.0000 40.6800
242.0000 40.6800
243.0000 40.6800
244.0000 40.6800
245.0000 40.6800
246.0000 40.6800
247.0000 40.6800
248.0000 40.6800
249.0000 40.6800
250.0000 40.6800
251.0000 40.6800
252.0000 40.6800
253.0000 40.6800
254.0000 40.6800
255.0000 40.6800
256.0000 40.6800
257.0000 40.6800
258.0000 40.6800
259.0000 40.6800
260.0000 40.6800
261.0000 40.6800
262.0000 40.6800
263.0000 40.6800
264.0000 40.6800
265.0000 40.6800
266.0000 40.6800
267.0000 40.6800
268.0000 40.6800
269.0000 40.6800
270.0000 40.6800
271.0000 40.6800
272.0000 40.6800
273.0000 40.6800
274.0000 40.6800
275.0000 40.6800
276.0000 40.6800
277.0000 40.6800
278.0000 40.6800
279.0000 40.6800
280.0000 40.6800
281.0000 40.6800
282.0000 40.6800
283.0000 40.6800
284.0000 40.6800
285.0000 40.6800
286.0000 40.6800
287.0000 40.6800
288.0000 40.6800
289.0000 40.6800
290.0000 40.6800
291.0000 40.6800
292.0000 40.6800
293.0000 40.6800
294.0000 40.6800
295.0000 40.6800
296.0000 40.6800
297.0000 40.6800
298.0000 40.6800
299.0000 40.6800
300.0000 40.6800
301.0000 40.6800
302.0000 40.6800
303.0000 40.6800
304.0000 40.6800
305.0000 40.6800
306.0000 40.6800
307.0000 40.6800
308.0000 40.6800
309.0000 40.6800
310.0000 40.6800
