1.0000 36.0000
2.0000 35.1877
3.0000 34.4738
4.0000 33.8518
5.0000 33.3156
6.0000 32.7479
7.0000 32.2669
8.0000 31.9764
9.0000 31.7457
10.0000 37.1078
11.0000 41.8477
12.0000 46.0042
13.0000 49.7267
14.0000 52.9293
15.0000 55.6505
16.0000 57.9280
17.0000 59.9026
18.0000 61.4802
19.0000 62.6925
20.0000 63.5705
21.0000 64.1440
22.0000 64.4422
23.0000 64.4944
24.0000 64.2181
25.0000 63.8093
26.0000 63.3268
27.0000 62.7066
28.0000 62.1099
29.0000 61.4539
30.0000 60.7541
31.0000 60.0569
32.0000 59.4935
33.0000 58.9536
34.0000 58.4475
35.0000 57.8514
36.0000 57.3124
37.0000 56.8287
38.0000 56.2671
39.0000 55.7668
40.0000 55.3193
41.0000 54.8984
42.0000 54.5157
43.0000 54.1635
44.0000 53.8350
45.0000 53.5041
46.0000 53.1855
47.0000 52.8740
48.0000 52.4362
49.0000 52.0144
50.0000 51.6036
51.0000 51.2002
52.0000 50.7825
53.0000 50.3690
54.0000 49.9564
55.0000 49.5437
56.0000 49.0002
57.0000 48.4703
58.0000 48.0628
59.0000 47.6522
60.0000 47.2201
61.0000 46.7868
62.0000 46.3521
63.0000 45.9152
64.0000 45.5855
65.0000 45.2198
66.0000 44.8396
67.0000 44.5565
68.0000 44.2462
69.0000 44.0211
70.0000 43.7578
71.0000 43.5689
72.0000 43.3133
73.0000 43.1248
74.0000 42.9941
75.0000 42.8007
76.0000 42.6600
77.0000 42.5625
78.0000 42.3891
79.0000 42.2575
80.0000 42.0500
81.0000 41.8849
82.0000 41.7556
83.0000 41.6564
84.0000 41.5816
85.0000 41.5272
86.0000 41.4895
87.0000 41.3355
88.0000 41.2074
89.0000 41.1016
90.0000 41.0144
91.0000 40.9430
92.0000 40.8856
93.0000 40.9693
94.0000 41.0467
95.0000 41.1161
96.0000 41.1767
97.0000 41.2275
98.0000 41.2693
99.0000 41.3019
100.0000 41.3259
101.0000 41.3421
102.0000 41.3495
103.0000 41.3488
104.0000 41.4507
105.0000 41.5314
106.0000 41.5917
107.0000 41.6335
108.0000 41.6593
109.0000 41.6711
110.0000 41.7823
111.0000 41.8706
112.0000 42.0498
113.0000 42.1976
114.0000 42.3166
115.0000 42.5392
116.0000 42.7230
117.0000 42.8719
118.0000 43.0991
119.0000 43.2852
120.0000 43.4343
121.0000 43.5501
122.0000 43.6364
123.0000 43.8064
124.0000 43.9395
125.0000 44.1504
126.0000 44.3189
127.0000 44.4502
128.0000 44.6786
129.0000 44.8636
130.0000 45.1213
131.0000 45.3329
132.0000 45.5034
133.0000 45.6383
134.0000 45.8533
135.0000 46.0286
136.0000 46.1690
137.0000 46.2778
138.0000 46.3589
139.0000 46.4172
140.0000 46.4565
141.0000 46.4802
142.0000 46.3805
143.0000 46.2842
144.0000 46.1937
145.0000 46.1106
146.0000 46.0371
147.0000 45.9737
148.0000 45.9208
149.0000 45.7684
150.0000 45.6414
151.0000 45.5379
152.0000 45.3282
153.0000 45.1550
154.0000 45.0166
155.0000 44.9096
156.0000 44.8311
157.0000 44.7776
158.0000 44.7456
159.0000 44.7323
160.0000 44.7340
161.0000 44.8780
162.0000 44.8876
163.0000 44.9073
164.0000 44.9343
165.0000 44.9663
166.0000 45.0016
167.0000 44.9271
168.0000 44.8654
169.0000 44.8145
170.0000 44.7720
171.0000 44.7370
172.0000 44.7079
173.0000 44.6848
174.0000 44.6666
175.0000 44.6528
176.0000 44.6441
177.0000 44.6400
178.0000 44.5295
179.0000 44.4368
180.0000 44.3609
181.0000 44.1892
182.0000 44.0444
183.0000 43.7941
184.0000 43.5814
185.0000 43.4027
186.0000 43.2548
187.0000 43.1347
188.0000 43.0398
189.0000 43.0967
190.0000 43.1586
191.0000 43.2244
192.0000 43.4042
193.0000 43.5723
194.0000 43.6166
195.0000 43.6616
196.0000 43.8157
197.0000 43.9541
198.0000 44.0751
199.0000 44.1778
200.0000 44.3731
201.0000 44.5370
202.0000 44.6712
203.0000 44.8883
204.0000 45.0674
205.0000 45.2124
206.0000 45.3272
207.0000 45.4164
208.0000 45.3723
209.0000 45.3224
210.0000 45.1566
211.0000 45.0024
212.0000 44.7493
213.0000 44.5231
214.0000 44.3226
215.0000 44.1477
216.0000 43.9980
217.0000 43.8724
218.0000 43.7709
219.0000 43.6927
220.0000 43.6369
221.0000 43.6024
222.0000 43.5876
223.0000 43.5902
224.0000 43.6069
225.0000 43.6348
226.0000 43.5422
227.0000 43.4702
228.0000 43.4153
229.0000 43.3740
230.0000 43.3442
231.0000 43.3230
232.0000 43.3082
233.0000 43.2993
234.0000 43.2946
235.0000 43.1823
236.0000 43.1967
237.0000 43.2123
238.0000 43.2288
239.0000 43.2463
240.0000 43.2647
241.0000 43.2833
242.0000 43.3014
243.0000 43.2080
244.0000 43.1261
245.0000 43.0550
246.0000 42.9943
247.0000 42.9426
248.0000 43.0103
249.0000 43.0730
250.0000 43.1293
251.0000 43.3096
252.0000 43.4690
253.0000 43.7202
254.0000 43.9403
255.0000 44.1309
256.0000 44.2941
257.0000 44.5438
258.0000 44.7568
259.0000 44.9352
260.0000 45.1920
261.0000 45.4052
262.0000 45.5782
263.0000 45.7162
264.0000 45.8230
265.0000 45.9021
266.0000 45.9567
267.0000 45.9908
268.0000 46.0093
269.0000 46.0157
270.0000 45.9028
271.0000 45.7973
272.0000 45.5898
273.0000 45.4062
274.0000 45.1363
275.0000 44.9048
276.0000 44.7102
277.0000 44.4219
278.0000 44.1824
279.0000 43.9890
280.0000 43.8379
281.0000 43.7260
282.0000 43.5386
283.0000 43.3970
284.0000 43.2964
285.0000 43.2322
286.0000 43.1993
287.0000 43.1923
288.0000 43.2073
289.0000 43.2389
290.0000 43.3937
291.0000 43.5440
292.0000 43.6865
293.0000 43.8203
294.0000 43.9435
295.0000 44.0553
296.0000 44.2842
297.0000 44.4846
298.0000 44.6571
299.0000 44.9136
300.0000 45.1317
301.0000 45.3139
302.0000 45.4631
303.0000 45.5826
304.0000 45.6754
305.0000 45.6350
306.0000 45.5890
307.0000 45.5400
308.0000 45.3596
309.0000 45.1946
310.0000 45.1748
