1.0000 37.6800
2.0000 38.2500
3.0000 38.2500
4.0000 38.3100
5.0000 38.3100
6.0000 38.3100
7.0000 38.3100
8.0000 38.3100
9.0000 38.3100
10.0000 38.2500
11.0000 38.2500
12.0000 38.2500
13.0000 38.2500
14.0000 38.1800
15.0000 38.1800
16.0000 38.1800
17.0000 38.1800
18.0000 38.1800
19.0000 38.1800
20.0000 38.1800
21.0000 38.1800
22.0000 38.2500
23.0000 38.2500
24.0000 38.2500
25.0000 38.2500
26.0000 38.2500
27.0000 38.3100
28.0000 38.3100
29.0000 38.3100
30.0000 38.3100
31.0000 38.3700
32.0000 38.4300
33.0000 38.5000
34.0000 38.6200
35.0000 38.7500
36.0000 38.8100
37.0000 38.9300
38.0000 39.0600
39.0000 39.1800
40.0000 39.3100
41.0000 39.4300
42.0000 39.5000
43.0000 39.6200
44.0000 39.6800
45.0000 39.7500
46.0000 39.8700
47.0000 39.9300
48.0000 40.0000
49.0000 40.0600
50.0000 40.1200
51.0000 40.1800
52.0000 40.2500
53.0000 40.3100
54.0000 40.3700
55.0000 40.4300
56.0000 40.5000
57.0000 40.5600
58.0000 40.5600
59.0000 40.6200
60.0000 40.6200
61.0000 40.6200
62.0000 40.6800
63.0000 40.6800
64.0000 40.7500
65.0000 40.7500
66.0000 40.7500
67.0000 40.8100
68.0000 40.8700
69.0000 40.8700
70.0000 40.9300
71.0000 40.9300
72.0000 41.0000
73.0000 41.0000
74.0000 41.0600
75.0000 41.0600
76.0000 41.0600
77.0000 41.0000
78.0000 41.0000
79.0000 40.9300
80.0000 40.9300
81.0000 40.8700
82.0000 40.8100
83.0000 40.8100
84.0000 40.7500
85.0000 40.7500
86.0000 40.7500
87.0000 40.7500
88.0000 40.7500
89.0000 40.7500
90.0000 40.6800
91.0000 40.6800
92.0000 40.6800
93.0000 40.6200
94.0000 40.6200
95.0000 40.5600
96.0000 40.5000
97.0000 40.5000
98.0000 40.5000
99.0000 40.5000
100.0000 40.5000
101.0000 40.4300
102.0000 40.4300
103.0000 40.4300
104.0000 40.4300
105.0000 40.4300
106.0000 40.4300
107.0000 40.3700
108.0000 40.3100
109.0000 40.3100
110.0000 40.3100
111.0000 40.3100
112.0000 40.3100
113.0000 40.3100
114.0000 40.3100
115.0000 40.3100
116.0000 40.2500
117.0000 40.2500
118.0000 40.2500
119.0000 40.2500
120.0000 40.2500
121.0000 40.3100
122.0000 40.3100
123.0000 40.3100
124.0000 40.3100
125.0000 40.3100
126.0000 40.3100
127.0000 40.3100
128.0000 40.3100
129.0000 40.3100
130.0000 40.3100
131.0000 40.3100
132.0000 40.3100
133.0000 40.3100
134.0000 40.3100
135.0000 40.3700
136.0000 40.3700
137.0000 40.3700
138.0000 40.4300
139.0000 40.4300
140.0000 40.5000
141.0000 40.5600
142.0000 40.6200
143.0000 40.6200
144.0000 40.6800
145.0000 40.6800
146.0000 40.7500
147.0000 40.7500
148.0000 40.7500
149.0000 40.6800
150.0000 40.6800
151.0000 40.6800
152.0000 40.6800
153.0000 40.6800
154.0000 40.6800
155.0000 40.7500
156.0000 40.7500
157.0000 40.7500
158.0000 40.6800
159.0000 40.6800
160.0000 40.6800
161.0000 40.6200
162.0000 40.6200
163.0000 40.6200
164.0000 40.6200
165.0000 40.6200
166.0000 40.6200
167.0000 40.5600
168.0000 40.5600
169.0000 40.5000
170.0000 40.5000
171.0000 40.5000
172.0000 40.4300
173.0000 40.4300
174.0000 40.4300
175.0000 40.4300
176.0000 40.4300
177.0000 40.4300
178.0000 40.3700
179.0000 40.3700
180.0000 40.3700
181.0000 40.3700
182.0000 40.3700
183.0000 40.3700
184.0000 40.3700
185.0000 40.3700
186.0000 40.3700
187.0000 40.3700
188.0000 40.3700
189.0000 40.3700
190.0000 40.4300
191.0000 40.4300
192.0000 40.5000
193.0000 40.5000
194.0000 40.5000
195.0000 40.5000
196.0000 40.5000
197.0000 40.5000
198.0000 40.5000
199.0000 40.5600
200.0000 40.5600
201.0000 40.5600
202.0000 40.5600
203.0000 40.5600
204.0000 40.5600
205.0000 40.5600
206.0000 40.6200
207.0000 40.6200
208.0000 40.6200
209.0000 40.6800
210.0000 40.6800
211.0000 40.6800
212.0000 40.6800
213.0000 40.6800
214.0000 40.7500
215.0000 40.6800
216.0000 40.6800
217.0000 40.6800
218.0000 40.6800
219.0000 40.6800
220.0000 40.6200
221.0000 40.6800
222.0000 40.6200
223.0000 40.6800
224.0000 40.6800
225.0000 40.6800
226.0000 40.6800
227.0000 40.6800
228.0000 40.6800
229.0000 40.6800
230.0000 40.6800
231.0000 40.6800
232.0000 40.6800
233.0000 40.6800
234.0000 40.6800
235.0000 40.6800
236.0000 40.6200
237.0000 40.6200
238.0000 40.6200
239.0000 40.6200
240.0000 40.6200
241.0000 40.6200
242.0000 40.6200
243.0000 40.6200
244.0000 40.6200
245.0000 40.6200
246.0000 40.6200
247.0000 40.6200
248.0000 40.5600
249.0000 40.6200
250.0000 40.5600
251.0000 40.5600
252.0000 40.5600
253.0000 40.5600
254.0000 40.5600
255.0000 40.5600
256.0000 40.5600
257.0000 40.5600
258.0000 40.6200
259.0000 40.6200
260.0000 40.6200
261.0000 40.6200
262.0000 40.6200
263.0000 40.5600
264.0000 40.5600
265.0000 40.5600
266.0000 40.5000
267.0000 40.5000
268.0000 40.5000
269.0000 40.5000
270.0000 40.4300
271.0000 40.4300
272.0000 40.4300
273.0000 40.3700
274.0000 40.3700
275.0000 40.3700
276.0000 40.3700
277.0000 40.3700
278.0000 40.4300
279.0000 40.4300
280.0000 40.4300
281.0000 40.4300
282.0000 40.4300
283.0000 40.4300
284.0000 40.4300
285.0000 40.4300
286.0000 40.4300
287.0000 40.5000
288.0000 40.5000
289.0000 40.5000
290.0000 40.5000
291.0000 40.5000
292.0000 40.5000
293.0000 40.5600
294.0000 40.5600
295.0000 40.6200
296.0000 40.6200
297.0000 40.6800
298.0000 40.6800
299.0000 40.6800
300.0000 40.6800
301.0000 40.6800
302.0000 40.6800
303.0000 40.6800
304.0000 40.7500
305.0000 40.7500
306.0000 40.7500
307.0000 40.7500
308.0000 40.7500
309.0000 40.8100
310.0000 40.8100
311.0000 40.8100
312.0000 40.8100
313.0000 40.8100
314.0000 40.8100
315.0000 40.8100
316.0000 40.8100
317.0000 40.8700
318.0000 40.8700
319.0000 40.8700
320.0000 40.8700
321.0000 40.8700
322.0000 40.8700
323.0000 40.8700
324.0000 40.8700
325.0000 40.8100
326.0000 40.8100
327.0000 40.8100
328.0000 40.8100
329.0000 40.8100
330.0000 40.8100
331.0000 40.8100
332.0000 40.8100
333.0000 40.7500
334.0000 40.7500
335.0000 40.7500
336.0000 40.7500
337.0000 40.8100
338.0000 40.8100
339.0000 40.8100
340.0000 40.8100
341.0000 40.8100
342.0000 40.8100
343.0000 40.8100
344.0000 40.8700
345.0000 40.8700
346.0000 40.9300
347.0000 40.9300
348.0000 40.9300
349.0000 41.0000
350.0000 41.0000
351.0000 41.0000
352.0000 41.0000
353.0000 41.0000
354.0000 41.0000
355.0000 41.0000
356.0000 41.0000
357.0000 41.0000
358.0000 41.0000
359.0000 41.0000
360.0000 40.9300
361.0000 40.9300
362.0000 40.9300
363.0000 40.8700
364.0000 40.8100
365.0000 40.8100
366.0000 40.7500
367.0000 40.7500
368.0000 40.7500
369.0000 40.6800
370.0000 40.6800
371.0000 40.6800
372.0000 40.6800
373.0000 40.6800
374.0000 40.6800
375.0000 40.6800
376.0000 40.6200
377.0000 40.6800
378.0000 40.6800
379.0000 40.6800
380.0000 40.6200
381.0000 40.6200
382.0000 40.6200
383.0000 40.5600
384.0000 40.5600
385.0000 40.5600
386.0000 40.5000
387.0000 40.5600
388.0000 40.5000
389.0000 40.5000
390.0000 40.5000
391.0000 40.5000
392.0000 40.5000
393.0000 40.5000
394.0000 40.4300
395.0000 40.4300
396.0000 40.4300
397.0000 40.4300
398.0000 40.3700
399.0000 40.4300
400.0000 40.3700
401.0000 40.3700
402.0000 40.3700
403.0000 40.3700
404.0000 40.3100
405.0000 40.3100
406.0000 40.3100
407.0000 40.3100
408.0000 40.3100
409.0000 40.3100
410.0000 40.3100
411.0000 40.3100
412.0000 40.3100
413.0000 40.3700
414.0000 40.3700
415.0000 40.3700
416.0000 40.3700
417.0000 40.3700
418.0000 40.3700
419.0000 40.3700
420.0000 40.4300
421.0000 40.3700
422.0000 40.3700
423.0000 40.4300
424.0000 40.4300
425.0000 40.4300
426.0000 40.5000
427.0000 40.5000
428.0000 40.5000
429.0000 40.5000
430.0000 40.5600
431.0000 40.5600
432.0000 40.5600
433.0000 40.5600
434.0000 40.5600
435.0000 40.5600
436.0000 40.5600
437.0000 40.5600
438.0000 40.5600
439.0000 40.6200
440.0000 40.6200
441.0000 40.6200
442.0000 40.6200
443.0000 40.6800
444.0000 40.6800
445.0000 40.6800
446.0000 40.6800
447.0000 40.7500
448.0000 40.8100
449.0000 40.8100
450.0000 40.8700
451.0000 40.8700
452.0000 40.9300
453.0000 40.9300
454.0000 41.0000
455.0000 41.0000
456.0000 41.0000
457.0000 41.0000
458.0000 41.0000
459.0000 41.0000
460.0000 40.9300
461.0000 40.9300
462.0000 40.8700
463.0000 40.8700
464.0000 40.8700
465.0000 40.8100
466.0000 40.8100
467.0000 40.8100
468.0000 40.8100
469.0000 40.8100
470.0000 40.8100
471.0000 40.8100
472.0000 40.8100
473.0000 40.8100
474.0000 40.8100
475.0000 40.8100
476.0000 40.8100
477.0000 40.7500
478.0000 40.7500
479.0000 40.7500
480.0000 40.7500
481.0000 40.7500
482.0000 40.7500
483.0000 40.7500
484.0000 40.7500
485.0000 40.7500
486.0000 40.7500
487.0000 40.7500
488.0000 40.7500
489.0000 40.7500
490.0000 40.7500
491.0000 40.6800
492.0000 40.6800
493.0000 40.6800
494.0000 40.6800
495.0000 40.6800
496.0000 40.6800
497.0000 40.6800
498.0000 40.6800
499.0000 40.7500
500.0000 40.7500
501.0000 40.7500
502.0000 40.7500
503.0000 40.8100
504.0000 40.8100
505.0000 40.8700
506.0000 40.8700
507.0000 40.9300
508.0000 40.9300
509.0000 40.9300
510.0000 40.9300
511.0000 40.9300
512.0000 40.9300
513.0000 40.9300
514.0000 40.9300
515.0000 40.9300
516.0000 40.9300
517.0000 40.9300
518.0000 40.9300
519.0000 40.8700
520.0000 40.9300
521.0000 40.9300
522.0000 40.9300
523.0000 40.9300
524.0000 40.9300
525.0000 40.9300
526.0000 40.9300
527.0000 40.9300
528.0000 41.0000
529.0000 41.0000
530.0000 41.0000
531.0000 41.0000
532.0000 41.0000
533.0000 41.0000
534.0000 41.0000
535.0000 41.0000
536.0000 41.0000
537.0000 41.0000
538.0000 41.0000
539.0000 41.0000
540.0000 40.9300
541.0000 40.9300
542.0000 40.9300
543.0000 40.9300
544.0000 40.8700
545.0000 40.8700
546.0000 40.8100
547.0000 40.8100
548.0000 40.8100
549.0000 40.8100
550.0000 40.8100
551.0000 40.7500
552.0000 40.7500
553.0000 40.7500
554.0000 40.7500
555.0000 40.7500
556.0000 40.7500
557.0000 40.7500
558.0000 40.7500
559.0000 40.6800
560.0000 40.6800
561.0000 40.6800
562.0000 40.6800
563.0000 40.6200
564.0000 40.6200
565.0000 40.6200
566.0000 40.6200
567.0000 40.6200
568.0000 40.6200
569.0000 40.6200
570.0000 40.6200
571.0000 40.6200
572.0000 40.5600
573.0000 40.6200
574.0000 40.6200
575.0000 40.6200
576.0000 40.6200
577.0000 40.6800
578.0000 40.6800
579.0000 40.6800
580.0000 40.6800
581.0000 40.6800
582.0000 40.6800
583.0000 40.6800
584.0000 40.6800
585.0000 40.6200
586.0000 40.6200
587.0000 40.6200
588.0000 40.6200
589.0000 40.6200
590.0000 40.6800
591.0000 40.6800
592.0000 40.6800
593.0000 40.7500
594.0000 40.7500
595.0000 40.8100
596.0000 40.8100
597.0000 40.8700
598.0000 40.8100
599.0000 40.8100
600.0000 40.8100
601.0000 40.8100
602.0000 40.7500
603.0000 40.7500
604.0000 40.7500
605.0000 40.8100
606.0000 40.8100
607.0000 40.8100
608.0000 40.8100
609.0000 40.8100
610.0000 40.8100
611.0000 40.8100
612.0000 40.8100
613.0000 40.8100
614.0000 40.8100
615.0000 40.8100
616.0000 40.8100
617.0000 40.7500
618.0000 40.7500
619.0000 40.7500
620.0000 40.7500
621.0000 40.8100
622.0000 40.8100
623.0000 40.8100
624.0000 40.8100
625.0000 40.8100
626.0000 40.7500
627.0000 40.7500
628.0000 40.7500
629.0000 40.7500
630.0000 40.7500
631.0000 40.7500
632.0000 40.7500
633.0000 40.7500
634.0000 40.7500
635.0000 40.7500
636.0000 40.7500
637.0000 40.6800
638.0000 40.6800
639.0000 40.6800
640.0000 40.6800
641.0000 40.6800
642.0000 40.6800
643.0000 40.6800
644.0000 40.6200
645.0000 40.6200
646.0000 40.6200
647.0000 40.6200
648.0000 40.6200
649.0000 40.5600
650.0000 40.5600
651.0000 40.5600
652.0000 40.5000
653.0000 40.5000
654.0000 40.5000
655.0000 40.5000
656.0000 40.5600
657.0000 40.5600
658.0000 40.5600
659.0000 40.5600
660.0000 40.5600
661.0000 40.5600
662.0000 40.5600
663.0000 40.5600
664.0000 40.5600
665.0000 40.5600
666.0000 40.5600
667.0000 40.5000
668.0000 40.5000
669.0000 40.5000
670.0000 40.5600
671.0000 40.5600
672.0000 40.6200
673.0000 40.6200
674.0000 40.6200
675.0000 40.6800
676.0000 40.6800
677.0000 40.6200
678.0000 40.6200
679.0000 40.6200
680.0000 40.6200
681.0000 40.6200
682.0000 40.6200
683.0000 40.6200
684.0000 40.6800
685.0000 40.6800
686.0000 40.6800
687.0000 40.7500
688.0000 40.7500
689.0000 40.7500
690.0000 40.7500
691.0000 40.8100
692.0000 40.8100
693.0000 40.8100
694.0000 40.8700
695.0000 40.8700
696.0000 40.8700
697.0000 40.8700
698.0000 40.9300
699.0000 40.9300
700.0000 40.9300
701.0000 40.9300
702.0000 40.9300
703.0000 40.9300
704.0000 40.9300
705.0000 40.9300
706.0000 40.9300
707.0000 40.8700
708.0000 40.8700
709.0000 40.8700
710.0000 40.9300
711.0000 40.9300
712.0000 40.9300
713.0000 40.9300
714.0000 40.9300
715.0000 40.9300
716.0000 40.9300
717.0000 40.9300
718.0000 40.9300
719.0000 40.9300
720.0000 40.9300
721.0000 40.9300
722.0000 40.9300
723.0000 40.9300
724.0000 40.9300
725.0000 40.8700
726.0000 40.8700
727.0000 40.8700
728.0000 40.8700
729.0000 40.8700
730.0000 40.9300
731.0000 40.9300
732.0000 41.0000
733.0000 41.0000
734.0000 41.0000
735.0000 40.9300
736.0000 40.9300
737.0000 40.8700
738.0000 40.8700
739.0000 40.8100
740.0000 40.8100
741.0000 40.8100
742.0000 40.8100
743.0000 40.8100
744.0000 40.8100
745.0000 40.8100
746.0000 40.8100
747.0000 40.8100
748.0000 40.8100
749.0000 40.8100
750.0000 40.8100
751.0000 40.8100
752.0000 40.8100
753.0000 40.8700
754.0000 40.8700
755.0000 40.8700
756.0000 40.8700
757.0000 40.8700
758.0000 40.8700
759.0000 40.9300
760.0000 40.9300
761.0000 40.8700
762.0000 40.8700
763.0000 40.8700
764.0000 40.9300
765.0000 40.9300
766.0000 40.9300
767.0000 40.9300
768.0000 40.8700
769.0000 40.8700
770.0000 40.8700
771.0000 40.8700
772.0000 40.8100
773.0000 40.8100
774.0000 40.7500
775.0000 40.7500
776.0000 40.7500
777.0000 40.7500
778.0000 40.7500
779.0000 40.7500
780.0000 40.7500
781.0000 40.8100
782.0000 40.8700
783.0000 40.8700
784.0000 40.8700
785.0000 40.8700
786.0000 40.8700
787.0000 40.8700
788.0000 40.8700
789.0000 40.8100
790.0000 40.8100
791.0000 40.8100
792.0000 40.7500
793.0000 40.7500
794.0000 40.7500
795.0000 40.7500
796.0000 40.7500
797.0000 40.6800
798.0000 40.6800
799.0000 40.6800
800.0000 40.6800
801.0000 40.6800
802.0000 40.6200
803.0000 40.6200
804.0000 40.6200
805.0000 40.6200
806.0000 40.5600
807.0000 40.5600
808.0000 40.5600
809.0000 40.5600
810.0000 40.5000
811.0000 40.5000
812.0000 40.5000
813.0000 40.4300
814.0000 40.4300
815.0000 40.4300
816.0000 40.3700
817.0000 40.3700
818.0000 40.4300
819.0000 40.4300
820.0000 40.4300
821.0000 40.3700
822.0000 40.3700
823.0000 40.3700
824.0000 40.3700
825.0000 40.3700
826.0000 40.3700
827.0000 40.3700
828.0000 40.4300
829.0000 40.5000
830.0000 40.5000
831.0000 40.5600
832.0000 40.5600
833.0000 40.5600
834.0000 40.6200
835.0000 40.6200
836.0000 40.6200
837.0000 40.6200
838.0000 40.6200
839.0000 40.6200
840.0000 40.6800
841.0000 40.6800
842.0000 40.6800
843.0000 40.6800
844.0000 40.6800
845.0000 40.6800
846.0000 40.6200
847.0000 40.6200
848.0000 40.6200
849.0000 40.6200
850.0000 40.6200
851.0000 40.6200
852.0000 40.6200
853.0000 40.6200
854.0000 40.6200
855.0000 40.6200
856.0000 40.6200
857.0000 40.6800
858.0000 40.6800
859.0000 40.6800
860.0000 40.6800
861.0000 40.6800
862.0000 40.6800
863.0000 40.6800
864.0000 40.6800
865.0000 40.6200
866.0000 40.6200
867.0000 40.6200
868.0000 40.6200
869.0000 40.6200
870.0000 40.6200
871.0000 40.5600
872.0000 40.5600
873.0000 40.5600
874.0000 40.5600
875.0000 40.5600
876.0000 40.5000
877.0000 40.5000
878.0000 40.5000
879.0000 40.5000
880.0000 40.5000
881.0000 40.5600
882.0000 40.6200
883.0000 40.6200
884.0000 40.6800
885.0000 40.6800
886.0000 40.6800
887.0000 40.6800
888.0000 40.6800
889.0000 40.6800
890.0000 40.6800
891.0000 40.6200
892.0000 40.6200
893.0000 40.6200
894.0000 40.6200
895.0000 40.6800
896.0000 40.6200
897.0000 40.6200
898.0000 40.6200
899.0000 40.6800
900.0000 40.6800
901.0000 40.6800
902.0000 40.6800
903.0000 40.6800
904.0000 40.6800
905.0000 40.6800
906.0000 40.6200
907.0000 40.6200
908.0000 40.6200
909.0000 40.6800
910.0000 40.6800
