1.0000 36.0000
2.0000 36.0000
3.0000 36.0000
4.0000 36.0000
5.0000 36.0000
6.0000 36.0000
7.0000 36.0000
8.0000 36.0000
9.0000 36.0000
10.0000 36.0000
11.0000 36.0000
12.0000 36.0000
13.0000 36.0000
14.0000 36.0000
15.0000 36.0000
16.0000 36.0000
17.0000 36.0000
18.0000 36.0000
19.0000 36.0000
20.0000 36.0008
21.0000 36.0032
22.0000 36.0075
23.0000 36.0141
24.0000 36.0233
25.0000 36.0353
26.0000 36.0500
27.0000 36.0674
28.0000 36.0876
29.0000 36.1102
30.0000 39.4995
31.0000 42.6237
32.0000 45.4926
33.0000 48.1137
34.0000 50.4908
35.0000 52.6249
36.0000 54.5158
37.0000 56.1621
38.0000 57.5626
39.0000 58.7166
40.0000 59.6239
41.0000 60.2857
42.0000 60.7045
43.0000 60.8843
44.0000 60.8308
45.0000 60.5653
46.0000 60.1090
47.0000 59.4820
48.0000 58.7038
49.0000 57.7937
50.0000 56.7707
51.0000 55.6532
52.0000 54.4590
53.0000 53.2053
54.0000 51.9085
55.0000 50.5842
56.0000 49.2471
57.0000 47.9108
58.0000 46.5878
59.0000 45.2898
60.0000 44.0272
61.0000 42.8093
62.0000 41.6442
63.0000 40.5391
64.0000 39.5001
65.0000 38.5324
66.0000 37.6400
67.0000 36.8258
68.0000 36.0923
69.0000 35.4407
70.0000 34.8715
71.0000 34.3845
72.0000 33.9786
73.0000 33.6524
74.0000 33.4036
75.0000 33.2294
76.0000 33.1268
77.0000 33.0920
78.0000 33.1210
79.0000 33.2094
80.0000 33.3528
81.0000 33.5463
82.0000 33.7850
83.0000 34.0641
84.0000 34.3783
85.0000 34.7228
86.0000 35.0926
87.0000 35.4831
88.0000 35.8895
89.0000 36.3073
90.0000 36.7319
91.0000 37.1593
92.0000 37.5858
93.0000 38.0073
94.0000 38.4207
95.0000 38.8229
96.0000 39.2110
97.0000 39.5825
98.0000 39.9350
99.0000 40.2666
100.0000 40.5759
101.0000 40.8617
102.0000 41.1229
103.0000 41.3589
104.0000 41.5688
105.0000 41.7528
106.0000 41.9107
107.0000 42.0429
108.0000 42.1498
109.0000 42.2322
110.0000 42.2906
111.0000 42.3261
112.0000 42.3400
113.0000 42.3336
114.0000 42.3082
115.0000 42.2652
116.0000 42.2061
117.0000 42.1323
118.0000 42.0455
119.0000 41.9473
120.0000 41.8392
121.0000 41.7230
122.0000 41.5999
123.0000 41.4717
124.0000 41.3398
125.0000 41.2056
126.0000 41.0702
127.0000 40.9350
128.0000 40.8011
129.0000 40.6694
130.0000 40.5412
131.0000 40.4172
132.0000 40.2986
133.0000 40.1858
134.0000 40.0795
135.0000 39.9801
136.0000 39.8881
137.0000 39.8040
138.0000 39.7279
139.0000 39.6601
140.0000 39.6007
141.0000 39.5496
142.0000 39.5069
143.0000 39.4721
144.0000 39.4452
145.0000 39.4259
146.0000 39.4138
147.0000 39.4085
148.0000 39.4097
149.0000 39.4172
150.0000 39.4301
151.0000 39.4484
152.0000 39.4713
153.0000 39.4985
154.0000 39.5292
155.0000 39.5633
156.0000 39.6001
157.0000 39.6391
158.0000 39.6796
159.0000 39.7215
160.0000 39.7643
161.0000 39.8075
162.0000 39.8508
163.0000 39.8935
164.0000 39.9354
165.0000 39.9761
166.0000 40.0156
167.0000 40.0534
168.0000 40.0893
169.0000 40.1231
170.0000 40.1548
171.0000 40.1839
172.0000 40.2105
173.0000 40.2344
174.0000 40.2558
175.0000 40.2745
176.0000 40.2906
177.0000 40.3040
178.0000 40.3148
179.0000 40.3232
180.0000 40.3291
181.0000 40.3326
182.0000 40.3339
183.0000 40.3331
184.0000 40.3304
185.0000 40.3260
186.0000 40.3198
187.0000 40.3122
188.0000 40.3033
189.0000 40.2934
190.0000 40.2824
191.0000 40.2706
192.0000 40.2582
193.0000 40.2453
194.0000 40.2321
195.0000 40.2187
196.0000 40.2052
197.0000 40.1916
198.0000 40.1783
199.0000 40.1652
200.0000 40.1527
201.0000 40.1405
202.0000 40.1290
203.0000 40.1180
204.0000 40.1077
205.0000 40.0982
206.0000 40.0894
207.0000 40.0812
208.0000 40.0737
209.0000 40.0669
210.0000 40.0610
211.0000 40.0558
212.0000 40.0516
213.0000 40.0484
214.0000 40.0459
215.0000 40.0443
216.0000 40.0434
217.0000 40.0434
218.0000 40.0440
219.0000 40.0452
220.0000 40.0468
221.0000 40.0489
222.0000 40.0512
223.0000 40.0539
224.0000 40.0569
225.0000 40.0601
226.0000 40.0637
227.0000 40.0677
228.0000 40.0717
229.0000 40.0760
230.0000 40.0801
231.0000 40.0845
232.0000 40.0887
233.0000 40.0931
234.0000 40.0974
235.0000 40.1016
236.0000 40.1056
237.0000 40.1093
238.0000 40.1128
239.0000 40.1159
240.0000 40.1188
241.0000 40.1214
242.0000 40.1238
243.0000 40.1261
244.0000 40.1280
245.0000 40.1296
246.0000 40.1310
247.0000 40.1322
248.0000 40.1332
249.0000 40.1338
250.0000 40.1344
251.0000 40.1348
252.0000 40.1348
253.0000 40.1348
254.0000 40.1347
255.0000 40.1343
256.0000 40.1338
257.0000 40.1331
258.0000 40.1321
259.0000 40.1310
260.0000 40.1298
261.0000 40.1284
262.0000 40.1271
263.0000 40.1258
264.0000 40.1243
265.0000 40.1227
266.0000 40.1212
267.0000 40.1195
268.0000 40.1178
269.0000 40.1163
270.0000 40.1148
271.0000 40.1135
272.0000 40.1123
273.0000 40.1113
274.0000 40.1104
275.0000 40.1095
276.0000 40.1085
277.0000 40.1077
278.0000 40.1070
279.0000 40.1063
280.0000 40.1057
281.0000 40.1050
282.0000 40.1044
283.0000 40.1042
284.0000 40.1044
285.0000 40.1051
286.0000 40.1059
287.0000 40.1071
288.0000 40.1086
289.0000 40.1108
290.0000 40.1136
291.0000 40.1172
292.0000 40.1214
293.0000 40.1263
294.0000 40.1321
295.0000 40.1389
296.0000 40.1465
297.0000 40.1551
298.0000 40.1644
299.0000 40.1745
300.0000 40.1853
301.0000 40.1970
302.0000 40.2092
303.0000 40.2222
304.0000 40.2357
305.0000 40.2498
306.0000 40.2643
307.0000 40.2791
308.0000 40.2941
309.0000 40.3093
310.0000 40.3244
311.0000 40.3392
312.0000 40.3535
313.0000 40.3676
314.0000 40.3811
315.0000 40.3939
316.0000 40.4059
317.0000 40.4169
318.0000 40.4268
319.0000 40.4353
320.0000 40.4425
321.0000 40.4482
322.0000 40.4523
323.0000 40.4548
324.0000 40.4557
325.0000 40.4549
326.0000 40.4525
327.0000 40.4484
328.0000 40.4425
329.0000 40.4347
330.0000 38.5029
331.0000 36.7215
332.0000 35.0846
333.0000 33.5873
334.0000 32.2271
335.0000 31.0032
336.0000 29.9155
337.0000 28.9647
338.0000 28.1513
339.0000 27.4760
340.0000 26.9388
341.0000 26.5392
342.0000 26.2761
343.0000 26.1475
344.0000 26.1505
345.0000 26.2731
346.0000 26.5039
347.0000 26.8317
348.0000 27.2459
349.0000 27.7358
350.0000 28.2911
351.0000 28.9017
352.0000 29.5578
353.0000 30.2500
354.0000 30.9692
355.0000 31.7069
356.0000 32.4550
357.0000 33.2059
358.0000 33.9527
359.0000 34.6887
360.0000 35.4082
361.0000 36.1058
362.0000 36.7770
363.0000 37.4175
364.0000 38.0238
365.0000 38.5929
366.0000 39.1221
367.0000 39.6096
368.0000 40.0539
369.0000 40.4539
370.0000 40.8090
371.0000 41.1191
372.0000 41.3844
373.0000 41.6055
374.0000 41.7833
375.0000 41.9190
376.0000 42.0141
377.0000 42.0704
378.0000 42.0898
379.0000 42.0745
380.0000 42.0267
381.0000 41.9491
382.0000 41.8440
383.0000 41.7141
384.0000 41.5620
385.0000 41.3905
386.0000 41.2021
387.0000 40.9994
388.0000 40.7850
389.0000 40.5614
390.0000 40.3312
391.0000 40.0966
392.0000 39.8597
393.0000 39.6230
394.0000 39.3882
395.0000 39.1572
396.0000 38.9317
397.0000 38.7133
398.0000 38.5035
399.0000 38.3035
400.0000 38.1143
401.0000 37.9368
402.0000 37.7716
403.0000 37.6196
404.0000 37.4812
405.0000 37.3566
406.0000 37.2461
407.0000 37.1498
408.0000 37.0674
409.0000 36.9989
410.0000 36.9441
411.0000 36.9025
412.0000 36.8737
413.0000 36.8569
414.0000 36.8517
415.0000 36.8573
416.0000 36.8731
417.0000 36.8983
418.0000 36.9321
419.0000 36.9737
420.0000 37.0222
421.0000 37.0768
422.0000 37.1367
423.0000 37.2009
424.0000 37.2688
425.0000 37.3394
426.0000 37.4121
427.0000 37.4862
428.0000 37.5609
429.0000 37.6357
430.0000 37.7098
431.0000 37.7827
432.0000 37.8537
433.0000 37.9224
434.0000 37.9885
435.0000 38.0515
436.0000 38.1111
437.0000 38.1669
438.0000 38.2188
439.0000 38.2664
440.0000 38.3096
441.0000 38.3484
442.0000 38.3827
443.0000 38.4126
444.0000 38.4380
445.0000 38.4590
446.0000 38.4757
447.0000 38.4884
448.0000 38.4970
449.0000 38.5018
450.0000 38.5030
451.0000 38.5007
452.0000 38.4952
453.0000 38.4868
454.0000 38.4757
455.0000 38.4621
456.0000 38.4463
457.0000 38.4286
458.0000 38.4094
459.0000 38.3888
460.0000 38.3670
461.0000 38.3443
462.0000 38.3209
463.0000 38.2973
464.0000 38.2735
465.0000 38.2498
466.0000 38.2264
467.0000 38.2033
468.0000 38.1809
469.0000 38.1593
470.0000 38.1385
471.0000 38.1188
472.0000 38.1003
473.0000 38.0831
474.0000 38.0671
475.0000 38.0524
476.0000 38.0392
477.0000 38.0274
478.0000 38.0170
479.0000 38.0080
480.0000 38.0005
481.0000 37.9943
482.0000 37.9896
483.0000 37.9861
484.0000 37.9839
485.0000 37.9830
486.0000 37.9831
487.0000 37.9843
488.0000 37.9865
489.0000 37.9895
490.0000 37.9934
491.0000 37.9980
492.0000 38.0032
493.0000 38.0090
494.0000 38.0152
495.0000 38.0218
496.0000 38.0287
497.0000 38.0359
498.0000 38.0433
499.0000 38.0507
500.0000 38.0580
501.0000 38.0653
502.0000 38.0725
503.0000 38.0796
504.0000 38.0864
505.0000 38.0929
506.0000 38.0991
507.0000 38.1051
508.0000 38.1108
509.0000 38.1162
510.0000 38.1212
511.0000 38.1257
512.0000 38.1298
513.0000 38.1332
514.0000 38.1363
515.0000 38.1388
516.0000 38.1410
517.0000 38.1426
518.0000 38.1437
519.0000 38.1445
520.0000 38.1449
521.0000 38.1451
522.0000 38.1449
523.0000 38.1445
524.0000 38.1438
525.0000 38.1429
526.0000 38.1416
527.0000 38.1401
528.0000 38.1384
529.0000 38.1364
530.0000 38.1344
531.0000 38.1323
532.0000 38.1300
533.0000 38.1276
534.0000 38.1251
535.0000 38.1227
536.0000 38.1202
537.0000 38.1179
538.0000 38.1156
539.0000 38.1135
540.0000 38.1114
541.0000 38.1094
542.0000 38.1075
543.0000 38.1057
544.0000 38.1040
545.0000 38.1025
546.0000 38.1011
547.0000 38.0998
548.0000 38.0986
549.0000 38.0976
550.0000 38.0967
551.0000 38.0959
552.0000 38.0953
553.0000 38.0947
554.0000 38.0943
555.0000 38.0939
556.0000 38.0938
557.0000 38.0938
558.0000 38.0939
559.0000 38.0942
560.0000 38.0946
561.0000 38.0951
562.0000 38.0957
563.0000 38.0963
564.0000 38.0970
565.0000 38.0978
566.0000 38.0987
567.0000 38.0997
568.0000 38.1007
569.0000 38.1016
570.0000 38.1026
571.0000 38.1035
572.0000 38.1045
573.0000 38.1053
574.0000 38.1061
575.0000 38.1069
576.0000 38.1078
577.0000 38.1087
578.0000 38.1094
579.0000 38.1102
580.0000 38.1110
581.0000 38.1118
582.0000 38.1125
583.0000 38.1131
584.0000 38.1134
585.0000 38.1135
586.0000 38.1134
587.0000 38.1132
588.0000 38.1127
589.0000 38.1119
590.0000 38.1107
591.0000 38.1091
592.0000 38.1070
593.0000 38.1046
594.0000 38.1016
595.0000 38.0980
596.0000 38.0939
597.0000 38.0892
598.0000 38.0841
599.0000 38.0785
600.0000 38.0724
