1.0000 36.0000
2.0000 36.0000
3.0000 36.0000
4.0000 36.0000
5.0000 36.0000
6.0000 36.0000
7.0000 36.0000
8.0000 36.0000
9.0000 36.0000
10.0000 36.0000
11.0000 36.0000
12.0000 36.0000
13.0000 36.0000
14.0000 36.0000
15.0000 36.0000
16.0000 36.0000
17.0000 36.0000
18.0000 36.0000
19.0000 36.0000
20.0000 36.0018
21.0000 36.0067
22.0000 36.0152
23.0000 36.0279
24.0000 36.0448
25.0000 36.0657
26.0000 36.0903
27.0000 36.1183
28.0000 36.1492
29.0000 36.1823
30.0000 43.5315
31.0000 49.4328
32.0000 54.1217
33.0000 57.7861
34.0000 60.5674
35.0000 62.5748
36.0000 63.8958
37.0000 64.6037
38.0000 64.7622
39.0000 64.4297
40.0000 63.6608
41.0000 62.5083
42.0000 61.0239
43.0000 59.2585
44.0000 57.2621
45.0000 55.1512
46.0000 53.0146
47.0000 50.9180
48.0000 48.9103
49.0000 47.0281
50.0000 45.2982
51.0000 43.7373
52.0000 42.3559
53.0000 41.1568
54.0000 40.1388
55.0000 39.2950
56.0000 38.6157
57.0000 38.0874
58.0000 37.6952
59.0000 37.4231
60.0000 37.2538
61.0000 37.1710
62.0000 37.1583
63.0000 37.2015
64.0000 37.2885
65.0000 37.4075
66.0000 37.5491
67.0000 37.7044
68.0000 37.8669
69.0000 38.0319
70.0000 38.1949
71.0000 38.3532
72.0000 38.5040
73.0000 38.6474
74.0000 38.7816
75.0000 38.9072
76.0000 39.0244
77.0000 39.1339
78.0000 39.2354
79.0000 39.3295
80.0000 39.4175
81.0000 39.4991
82.0000 39.5750
83.0000 39.6460
84.0000 39.7120
85.0000 39.7732
86.0000 39.8303
87.0000 39.8844
88.0000 39.9349
89.0000 39.9820
90.0000 40.0246
91.0000 40.0641
92.0000 40.1002
93.0000 40.1318
94.0000 40.1600
95.0000 40.1846
96.0000 40.2059
97.0000 40.2231
98.0000 40.2360
99.0000 40.2452
100.0000 40.2515
101.0000 40.2560
102.0000 40.2582
103.0000 40.2585
104.0000 40.2559
105.0000 40.2519
106.0000 40.2464
107.0000 40.2399
108.0000 40.2330
109.0000 40.2251
110.0000 40.2162
111.0000 40.2067
112.0000 40.1975
113.0000 40.1893
114.0000 40.1815
115.0000 40.1740
116.0000 40.1671
117.0000 40.1599
118.0000 40.1535
119.0000 40.1477
120.0000 40.1424
121.0000 40.1380
122.0000 40.1335
123.0000 40.1302
124.0000 40.1275
125.0000 40.1253
126.0000 40.1225
127.0000 40.1201
128.0000 40.1174
129.0000 40.1144
130.0000 40.1115
131.0000 40.1090
132.0000 40.1077
133.0000 40.1065
134.0000 40.1053
135.0000 40.1039
136.0000 40.1030
137.0000 40.1028
138.0000 40.1025
139.0000 40.1031
140.0000 40.1043
141.0000 40.1057
142.0000 40.1077
143.0000 40.1090
144.0000 40.1105
145.0000 40.1116
146.0000 40.1121
147.0000 40.1122
148.0000 40.1123
149.0000 40.1127
150.0000 40.1124
151.0000 40.1127
152.0000 40.1128
153.0000 40.1127
154.0000 40.1125
155.0000 40.1124
156.0000 40.1131
157.0000 40.1134
158.0000 40.1129
159.0000 40.1131
160.0000 40.1136
161.0000 40.1143
162.0000 40.1154
163.0000 40.1154
164.0000 40.1155
165.0000 40.1148
166.0000 40.1147
167.0000 40.1145
168.0000 40.1143
169.0000 40.1140
170.0000 40.1140
171.0000 40.1131
172.0000 40.1123
173.0000 40.1109
174.0000 40.1102
175.0000 40.1096
176.0000 40.1090
177.0000 40.1083
178.0000 40.1079
179.0000 40.1080
180.0000 40.1074
181.0000 40.1071
182.0000 40.1064
183.0000 40.1063
184.0000 40.1065
185.0000 40.1065
186.0000 40.1064
187.0000 40.1065
188.0000 40.1069
189.0000 40.1080
190.0000 40.1086
191.0000 40.1095
192.0000 40.1100
193.0000 40.1110
194.0000 40.1121
195.0000 40.1129
196.0000 40.1134
197.0000 40.1136
198.0000 40.1137
199.0000 40.1142
200.0000 40.1151
201.0000 40.1154
202.0000 40.1159
203.0000 40.1157
204.0000 40.1160
205.0000 40.1161
206.0000 40.1157
207.0000 40.1148
208.0000 40.1135
209.0000 40.1120
210.0000 40.1107
211.0000 40.1097
212.0000 40.1095
213.0000 40.1102
214.0000 40.1106
215.0000 40.1116
216.0000 40.1122
217.0000 40.1136
218.0000 40.1150
219.0000 40.1159
220.0000 40.1162
221.0000 40.1159
222.0000 40.1152
223.0000 40.1141
224.0000 40.1130
225.0000 40.1121
226.0000 40.1118
227.0000 40.1123
228.0000 40.1123
229.0000 40.1126
230.0000 40.1124
231.0000 40.1128
232.0000 40.1129
233.0000 40.1139
234.0000 40.1149
235.0000 40.1156
236.0000 40.1158
237.0000 40.1156
238.0000 40.1149
239.0000 40.1140
240.0000 40.1131
241.0000 40.1123
242.0000 40.1119
243.0000 40.1121
244.0000 40.1117
245.0000 40.1113
246.0000 40.1115
247.0000 40.1113
248.0000 40.1117
249.0000 40.1116
250.0000 40.1123
251.0000 40.1128
252.0000 40.1129
253.0000 40.1136
254.0000 40.1145
255.0000 40.1151
256.0000 40.1153
257.0000 40.1150
258.0000 40.1144
259.0000 40.1136
260.0000 40.1127
261.0000 40.1119
262.0000 40.1116
263.0000 40.1117
264.0000 40.1110
265.0000 40.1102
266.0000 40.1099
267.0000 40.1089
268.0000 40.1082
269.0000 40.1084
270.0000 40.1085
271.0000 40.1093
272.0000 40.1100
273.0000 40.1114
274.0000 40.1128
275.0000 40.1135
276.0000 40.1133
277.0000 40.1136
278.0000 40.1139
279.0000 40.1140
280.0000 40.1136
281.0000 40.1130
282.0000 40.1123
283.0000 40.1135
284.0000 40.1164
285.0000 40.1208
286.0000 40.1255
287.0000 40.1310
288.0000 40.1380
289.0000 40.1467
290.0000 40.1576
291.0000 40.1706
292.0000 40.1844
293.0000 40.1993
294.0000 40.2158
295.0000 40.2340
296.0000 40.2522
297.0000 40.2708
298.0000 40.2886
299.0000 40.3062
300.0000 40.3224
301.0000 40.3380
302.0000 40.3518
303.0000 40.3648
304.0000 40.3758
305.0000 40.3858
306.0000 40.3939
307.0000 40.3995
308.0000 40.4038
309.0000 40.4061
310.0000 40.4060
311.0000 40.4036
312.0000 40.3987
313.0000 40.3930
314.0000 40.3861
315.0000 40.3779
316.0000 40.3684
317.0000 40.3575
318.0000 40.3456
319.0000 40.3327
320.0000 40.3192
321.0000 40.3052
322.0000 40.2911
323.0000 40.2770
324.0000 40.2633
325.0000 40.2502
326.0000 40.2379
327.0000 40.2264
328.0000 40.2144
329.0000 40.2027
330.0000 36.0122
331.0000 32.6478
332.0000 29.9731
333.0000 27.8796
334.0000 26.2859
335.0000 25.1296
336.0000 24.3609
337.0000 23.9386
338.0000 23.8268
339.0000 23.9933
340.0000 24.4077
341.0000 25.0409
342.0000 25.8643
343.0000 26.8500
344.0000 27.9703
345.0000 29.1594
346.0000 30.3673
347.0000 31.5571
348.0000 32.7011
349.0000 33.7785
350.0000 34.7741
351.0000 35.6779
352.0000 36.4837
353.0000 37.1893
354.0000 37.7949
355.0000 38.3039
356.0000 38.7209
357.0000 39.0532
358.0000 39.3085
359.0000 39.4952
360.0000 39.6227
361.0000 39.6999
362.0000 39.7354
363.0000 39.7372
364.0000 39.7117
365.0000 39.6656
366.0000 39.6040
367.0000 39.5320
368.0000 39.4534
369.0000 39.3707
370.0000 39.2866
371.0000 39.2030
372.0000 39.1216
373.0000 39.0424
374.0000 38.9668
375.0000 38.8946
376.0000 38.8259
377.0000 38.7605
378.0000 38.6988
379.0000 38.6406
380.0000 38.5855
381.0000 38.5335
382.0000 38.4847
383.0000 38.4385
384.0000 38.3952
385.0000 38.3546
386.0000 38.3165
387.0000 38.2804
388.0000 38.2465
389.0000 38.2148
390.0000 38.1860
391.0000 38.1592
392.0000 38.1347
393.0000 38.1130
394.0000 38.0935
395.0000 38.0764
396.0000 38.0614
397.0000 38.0491
398.0000 38.0394
399.0000 38.0321
400.0000 38.0266
401.0000 38.0225
402.0000 38.0198
403.0000 38.0185
404.0000 38.0189
405.0000 38.0204
406.0000 38.0228
407.0000 38.0261
408.0000 38.0296
409.0000 38.0339
410.0000 38.0389
411.0000 38.0442
412.0000 38.0496
413.0000 38.0544
414.0000 38.0592
415.0000 38.0638
416.0000 38.0681
417.0000 38.0726
418.0000 38.0767
419.0000 38.0805
420.0000 38.0840
421.0000 38.0870
422.0000 38.0901
423.0000 38.0925
424.0000 38.0946
425.0000 38.0963
426.0000 38.0983
427.0000 38.1001
428.0000 38.1021
429.0000 38.1041
430.0000 38.1062
431.0000 38.1079
432.0000 38.1089
433.0000 38.1098
434.0000 38.1108
435.0000 38.1117
436.0000 38.1125
437.0000 38.1127
438.0000 38.1131
439.0000 38.1128
440.0000 38.1122
441.0000 38.1115
442.0000 38.1104
443.0000 38.1097
444.0000 38.1089
445.0000 38.1083
446.0000 38.1079
447.0000 38.1079
448.0000 38.1078
449.0000 38.1075
450.0000 38.1076
451.0000 38.1074
452.0000 38.1073
453.0000 38.1073
454.0000 38.1074
455.0000 38.1074
456.0000 38.1069
457.0000 38.1067
458.0000 38.1070
459.0000 38.1068
460.0000 38.1065
461.0000 38.1060
462.0000 38.1054
463.0000 38.1054
464.0000 38.1053
465.0000 38.1057
466.0000 38.1057
467.0000 38.1058
468.0000 38.1059
469.0000 38.1060
470.0000 38.1060
471.0000 38.1065
472.0000 38.1070
473.0000 38.1078
474.0000 38.1081
475.0000 38.1085
476.0000 38.1088
477.0000 38.1092
478.0000 38.1095
479.0000 38.1094
480.0000 38.1098
481.0000 38.1099
482.0000 38.1104
483.0000 38.1104
484.0000 38.1103
485.0000 38.1103
486.0000 38.1104
487.0000 38.1104
488.0000 38.1101
489.0000 38.1095
490.0000 38.1092
491.0000 38.1087
492.0000 38.1085
493.0000 38.1078
494.0000 38.1072
495.0000 38.1068
496.0000 38.1065
497.0000 38.1064
498.0000 38.1063
499.0000 38.1060
500.0000 38.1054
501.0000 38.1053
502.0000 38.1050
503.0000 38.1050
504.0000 38.1048
505.0000 38.1047
506.0000 38.1049
507.0000 38.1054
508.0000 38.1061
509.0000 38.1070
510.0000 38.1077
511.0000 38.1083
512.0000 38.1084
513.0000 38.1080
514.0000 38.1078
515.0000 38.1072
516.0000 38.1069
517.0000 38.1061
518.0000 38.1053
519.0000 38.1048
520.0000 38.1046
521.0000 38.1048
522.0000 38.1052
523.0000 38.1058
524.0000 38.1064
525.0000 38.1069
526.0000 38.1071
527.0000 38.1068
528.0000 38.1068
529.0000 38.1066
530.0000 38.1067
531.0000 38.1065
532.0000 38.1064
533.0000 38.1059
534.0000 38.1053
535.0000 38.1049
536.0000 38.1047
537.0000 38.1049
538.0000 38.1053
539.0000 38.1058
540.0000 38.1063
541.0000 38.1068
542.0000 38.1070
543.0000 38.1069
544.0000 38.1071
545.0000 38.1074
546.0000 38.1073
547.0000 38.1074
548.0000 38.1073
549.0000 38.1074
550.0000 38.1071
551.0000 38.1068
552.0000 38.1069
553.0000 38.1066
554.0000 38.1061
555.0000 38.1059
556.0000 38.1059
557.0000 38.1062
558.0000 38.1067
559.0000 38.1073
560.0000 38.1080
561.0000 38.1086
562.0000 38.1090
563.0000 38.1091
564.0000 38.1096
565.0000 38.1103
566.0000 38.1107
567.0000 38.1114
568.0000 38.1120
569.0000 38.1121
570.0000 38.1122
571.0000 38.1119
572.0000 38.1117
573.0000 38.1110
574.0000 38.1103
575.0000 38.1100
576.0000 38.1103
577.0000 38.1101
578.0000 38.1100
579.0000 38.1100
580.0000 38.1102
581.0000 38.1106
582.0000 38.1110
583.0000 38.1103
584.0000 38.1087
585.0000 38.1061
586.0000 38.1034
587.0000 38.1001
588.0000 38.0961
589.0000 38.0910
590.0000 38.0848
591.0000 38.0772
592.0000 38.0692
593.0000 38.0605
594.0000 38.0509
595.0000 38.0404
596.0000 38.0298
597.0000 38.0189
598.0000 38.0084
599.0000 37.9981
600.0000 37.9884
