1.0000 36.0000
2.0000 36.0000
3.0000 36.0000
4.0000 36.0000
5.0000 36.0000
6.0000 36.0000
7.0000 36.0000
8.0000 36.0000
9.0000 36.0000
10.0000 36.0000
11.0000 36.0000
12.0000 36.0000
13.0000 36.0000
14.0000 36.0000
15.0000 36.0000
16.0000 36.0000
17.0000 36.0000
18.0000 36.0000
19.0000 36.0000
20.0000 36.0067
21.0000 36.0209
22.0000 36.0420
23.0000 36.0686
24.0000 36.0996
25.0000 36.1338
26.0000 36.1700
27.0000 36.2073
28.0000 36.2448
29.0000 36.2815
30.0000 63.2138
31.0000 70.5499
32.0000 71.8727
33.0000 71.2274
34.0000 69.7037
35.0000 67.6477
36.0000 65.2190
37.0000 62.5272
38.0000 59.6657
39.0000 56.7170
40.0000 53.7557
41.0000 50.8458
42.0000 48.0429
43.0000 45.3947
44.0000 42.9378
45.0000 41.6107
46.0000 41.0182
47.0000 40.8138
48.0000 40.8159
49.0000 40.9479
50.0000 41.1589
51.0000 41.3863
52.0000 41.6050
53.0000 41.7733
54.0000 41.8830
55.0000 41.9062
56.0000 41.8477
57.0000 41.6924
58.0000 41.4555
59.0000 41.1526
60.0000 40.8076
61.0000 40.4682
62.0000 40.1446
63.0000 39.8624
64.0000 39.6383
65.0000 39.4594
66.0000 39.3359
67.0000 39.2527
68.0000 39.2160
69.0000 39.2280
70.0000 39.2634
71.0000 39.3240
72.0000 39.3882
73.0000 39.4800
74.0000 39.5506
75.0000 39.6293
76.0000 39.6963
77.0000 39.7557
78.0000 39.7925
79.0000 39.8198
80.0000 39.8464
81.0000 39.8565
82.0000 39.8611
83.0000 39.8705
84.0000 39.8695
85.0000 39.8695
86.0000 39.8788
87.0000 39.9002
88.0000 39.9160
89.0000 39.9334
90.0000 39.9393
91.0000 39.9661
92.0000 39.9913
93.0000 39.9989
94.0000 40.0223
95.0000 40.0412
96.0000 40.0606
97.0000 40.0644
98.0000 40.0642
99.0000 40.0672
100.0000 40.0775
101.0000 40.0962
102.0000 40.1040
103.0000 40.1100
104.0000 40.1001
105.0000 40.1062
106.0000 40.1075
107.0000 40.1106
108.0000 40.1198
109.0000 40.1161
110.0000 40.1098
111.0000 40.1083
112.0000 40.1139
113.0000 40.1279
114.0000 40.1293
115.0000 40.1281
116.0000 40.1310
117.0000 40.1203
118.0000 40.1270
119.0000 40.1271
120.0000 40.1268
121.0000 40.1317
122.0000 40.1227
123.0000 40.1313
124.0000 40.1333
125.0000 40.1338
126.0000 40.1174
127.0000 40.1169
128.0000 40.1110
129.0000 40.1043
130.0000 40.1027
131.0000 40.1078
132.0000 40.1200
133.0000 40.1186
134.0000 40.1129
135.0000 40.1099
136.0000 40.1129
137.0000 40.1220
138.0000 40.1174
139.0000 40.1285
140.0000 40.1330
141.0000 40.1340
142.0000 40.1376
143.0000 40.1243
144.0000 40.1253
145.0000 40.1185
146.0000 40.1100
147.0000 40.1053
148.0000 40.1061
149.0000 40.1123
150.0000 40.1032
151.0000 40.1102
152.0000 40.1100
153.0000 40.1075
154.0000 40.1076
155.0000 40.1127
156.0000 40.1237
157.0000 40.1199
158.0000 40.1092
159.0000 40.1198
160.0000 40.1246
161.0000 40.1262
162.0000 40.1287
163.0000 40.1137
164.0000 40.1133
165.0000 40.1035
166.0000 40.1117
167.0000 40.1122
168.0000 40.1095
169.0000 40.1087
170.0000 40.1123
171.0000 40.1008
172.0000 40.1033
173.0000 40.0962
174.0000 40.1065
175.0000 40.1094
176.0000 40.1085
177.0000 40.1085
178.0000 40.1112
179.0000 40.1175
180.0000 40.1069
181.0000 40.1097
182.0000 40.1034
183.0000 40.1128
184.0000 40.1137
185.0000 40.1110
186.0000 40.1084
187.0000 40.1088
188.0000 40.1125
189.0000 40.1206
190.0000 40.1119
191.0000 40.1158
192.0000 40.1092
193.0000 40.1182
194.0000 40.1193
195.0000 40.1150
196.0000 40.1103
197.0000 40.1079
198.0000 40.1089
199.0000 40.1139
200.0000 40.1218
201.0000 40.1122
202.0000 40.1153
203.0000 40.1076
204.0000 40.1159
205.0000 40.1146
206.0000 40.1085
207.0000 40.1022
208.0000 40.0986
209.0000 40.0984
210.0000 40.1012
211.0000 40.1070
212.0000 40.1155
213.0000 40.1267
214.0000 40.1207
215.0000 40.1271
216.0000 40.1212
217.0000 40.1306
218.0000 40.1290
219.0000 40.1214
220.0000 40.1132
221.0000 40.1055
222.0000 40.1002
223.0000 40.0970
224.0000 40.0969
225.0000 40.1007
226.0000 40.1084
227.0000 40.1191
228.0000 40.1123
229.0000 40.1169
230.0000 40.1107
231.0000 40.1188
232.0000 40.1173
233.0000 40.1296
234.0000 40.1304
235.0000 40.1238
236.0000 40.1161
237.0000 40.1093
238.0000 40.1040
239.0000 40.1010
240.0000 40.1005
241.0000 40.1029
242.0000 40.1092
243.0000 40.1177
244.0000 40.1074
245.0000 40.1074
246.0000 40.1171
247.0000 40.1111
248.0000 40.1184
249.0000 40.1143
250.0000 40.1242
251.0000 40.1223
252.0000 40.1135
253.0000 40.1229
254.0000 40.1236
255.0000 40.1180
256.0000 40.1112
257.0000 40.1059
258.0000 40.1025
259.0000 40.1005
260.0000 40.1007
261.0000 40.1041
262.0000 40.1097
263.0000 40.1168
264.0000 40.1044
265.0000 40.1034
266.0000 40.1113
267.0000 40.1028
268.0000 40.1070
269.0000 40.1205
270.0000 40.1177
271.0000 40.1259
272.0000 40.1214
273.0000 40.1297
274.0000 40.1264
275.0000 40.1156
276.0000 40.1028
277.0000 40.1113
278.0000 40.1131
279.0000 40.1091
280.0000 40.1032
281.0000 40.1000
282.0000 40.1006
283.0000 40.1267
284.0000 40.1491
285.0000 40.1682
286.0000 40.1672
287.0000 40.1764
288.0000 40.1953
289.0000 40.2188
290.0000 40.2441
291.0000 40.2693
292.0000 40.2740
293.0000 40.2879
294.0000 40.3077
295.0000 40.3291
296.0000 40.3291
297.0000 40.3368
298.0000 40.3310
299.0000 40.3378
300.0000 40.3324
301.0000 40.3384
302.0000 40.3313
303.0000 40.3371
304.0000 40.3314
305.0000 40.3394
306.0000 40.3361
307.0000 40.3247
308.0000 40.3311
309.0000 40.3281
310.0000 40.3192
311.0000 40.3073
312.0000 40.2950
313.0000 40.3030
314.0000 40.3026
315.0000 40.2952
316.0000 40.2853
317.0000 40.2744
318.0000 40.2640
319.0000 40.2541
320.0000 40.2457
321.0000 40.2385
322.0000 40.2320
323.0000 40.2273
324.0000 40.2240
325.0000 40.2216
326.0000 40.2197
327.0000 40.2182
328.0000 40.1977
329.0000 40.1879
330.0000 24.8169
331.0000 20.6054
332.0000 19.8082
333.0000 20.1282
334.0000 20.9499
335.0000 22.0796
336.0000 23.4285
337.0000 24.9355
338.0000 26.5486
339.0000 28.2212
340.0000 29.9110
341.0000 31.5813
342.0000 33.1998
343.0000 34.7372
344.0000 36.1720
345.0000 36.9672
346.0000 37.3453
347.0000 37.5008
348.0000 37.5355
349.0000 37.4917
350.0000 37.3978
351.0000 37.2896
352.0000 37.1814
353.0000 37.0974
354.0000 37.0430
355.0000 37.0348
356.0000 37.0709
357.0000 37.1607
358.0000 37.2964
359.0000 37.4698
360.0000 37.6679
361.0000 37.8639
362.0000 38.0520
363.0000 38.2177
364.0000 38.3512
365.0000 38.4596
366.0000 38.5370
367.0000 38.5914
368.0000 38.6190
369.0000 38.6183
370.0000 38.6036
371.0000 38.5736
372.0000 38.5406
373.0000 38.4907
374.0000 38.4520
375.0000 38.4077
376.0000 38.3694
377.0000 38.3348
378.0000 38.3126
379.0000 38.2956
380.0000 38.2788
381.0000 38.2714
382.0000 38.2672
383.0000 38.2605
384.0000 38.2599
385.0000 38.2589
386.0000 38.2528
387.0000 38.2399
388.0000 38.2304
389.0000 38.2199
390.0000 38.2161
391.0000 38.2005
392.0000 38.1857
393.0000 38.1808
394.0000 38.1670
395.0000 38.1557
396.0000 38.1440
397.0000 38.1412
398.0000 38.1406
399.0000 38.1383
400.0000 38.1317
401.0000 38.1204
402.0000 38.1154
403.0000 38.1114
404.0000 38.1165
405.0000 38.1126
406.0000 38.1115
407.0000 38.1094
408.0000 38.1039
409.0000 38.1058
410.0000 38.1092
411.0000 38.1098
412.0000 38.1066
413.0000 38.0985
414.0000 38.0976
415.0000 38.0983
416.0000 38.0965
417.0000 38.1025
418.0000 38.0986
419.0000 38.0984
420.0000 38.0986
421.0000 38.0956
422.0000 38.1007
423.0000 38.0957
424.0000 38.0946
425.0000 38.0942
426.0000 38.1035
427.0000 38.1039
428.0000 38.1073
429.0000 38.1111
430.0000 38.1121
431.0000 38.1093
432.0000 38.1024
433.0000 38.1032
434.0000 38.1065
435.0000 38.1083
436.0000 38.1066
437.0000 38.1014
438.0000 38.1040
439.0000 38.0976
440.0000 38.0950
441.0000 38.0944
442.0000 38.0923
443.0000 38.0998
444.0000 38.0992
445.0000 38.1031
446.0000 38.1079
447.0000 38.1106
448.0000 38.1103
449.0000 38.1068
450.0000 38.1120
451.0000 38.1081
452.0000 38.1083
453.0000 38.1098
454.0000 38.1098
455.0000 38.1068
456.0000 38.1006
457.0000 38.1028
458.0000 38.1089
459.0000 38.1028
460.0000 38.1000
461.0000 38.0990
462.0000 38.0975
463.0000 38.1060
464.0000 38.1063
465.0000 38.1119
466.0000 38.1072
467.0000 38.1069
468.0000 38.1085
469.0000 38.1090
470.0000 38.1069
471.0000 38.1136
472.0000 38.1122
473.0000 38.1163
474.0000 38.1104
475.0000 38.1088
476.0000 38.1094
477.0000 38.1093
478.0000 38.1078
479.0000 38.1042
480.0000 38.1102
481.0000 38.1086
482.0000 38.1122
483.0000 38.1068
484.0000 38.1063
485.0000 38.1078
486.0000 38.1093
487.0000 38.1090
488.0000 38.1070
489.0000 38.1023
490.0000 38.1072
491.0000 38.1050
492.0000 38.1087
493.0000 38.1036
494.0000 38.1030
495.0000 38.1054
496.0000 38.1081
497.0000 38.1094
498.0000 38.1088
499.0000 38.1059
500.0000 38.1014
501.0000 38.1069
502.0000 38.1052
503.0000 38.1095
504.0000 38.1048
505.0000 38.1056
506.0000 38.1090
507.0000 38.1127
508.0000 38.1148
509.0000 38.1150
510.0000 38.1134
511.0000 38.1101
512.0000 38.1053
513.0000 38.0989
514.0000 38.1022
515.0000 38.0985
516.0000 38.1018
517.0000 38.0964
518.0000 38.0972
519.0000 38.1014
520.0000 38.1061
521.0000 38.1104
522.0000 38.1135
523.0000 38.1154
524.0000 38.1155
525.0000 38.1134
526.0000 38.1091
527.0000 38.1031
528.0000 38.1070
529.0000 38.1043
530.0000 38.1079
531.0000 38.1032
532.0000 38.1041
533.0000 38.0970
534.0000 38.0965
535.0000 38.1001
536.0000 38.1045
537.0000 38.1084
538.0000 38.1115
539.0000 38.1131
540.0000 38.1135
541.0000 38.1122
542.0000 38.1087
543.0000 38.1040
544.0000 38.1100
545.0000 38.1101
546.0000 38.1047
547.0000 38.1082
548.0000 38.1042
549.0000 38.1066
550.0000 38.1011
551.0000 38.1022
552.0000 38.1073
553.0000 38.1020
554.0000 38.1018
555.0000 38.1050
556.0000 38.1091
557.0000 38.1122
558.0000 38.1143
559.0000 38.1156
560.0000 38.1156
561.0000 38.1139
562.0000 38.1109
563.0000 38.1069
564.0000 38.1141
565.0000 38.1148
566.0000 38.1104
567.0000 38.1153
568.0000 38.1131
569.0000 38.1054
570.0000 38.1070
571.0000 38.1022
572.0000 38.1048
573.0000 38.1000
574.0000 38.1018
575.0000 38.1079
576.0000 38.1151
577.0000 38.1103
578.0000 38.1093
579.0000 38.1116
580.0000 38.1150
581.0000 38.1168
582.0000 38.1166
583.0000 38.1017
584.0000 38.0890
585.0000 38.0780
586.0000 38.0785
587.0000 38.0730
588.0000 38.0621
589.0000 38.0485
590.0000 38.0338
591.0000 38.0191
592.0000 38.0160
593.0000 38.0076
594.0000 37.9960
595.0000 37.9833
596.0000 37.9829
597.0000 37.9781
598.0000 37.9810
599.0000 37.9768
600.0000 37.9797
