1.0000 36.0000
2.0000 36.0000
3.0000 36.0000
4.0000 36.0000
5.0000 36.0000
6.0000 36.0000
7.0000 36.0000
8.0000 36.0000
9.0000 36.0000
10.0000 36.0000
11.0000 36.0000
12.0000 36.0000
13.0000 36.0000
14.0000 36.0000
15.0000 36.0000
16.0000 36.0000
17.0000 36.0000
18.0000 36.0000
19.0000 36.0000
20.0000 36.0008
21.0000 36.0032
22.0000 36.0074
23.0000 36.0140
24.0000 36.0232
25.0000 36.0350
26.0000 36.0495
27.0000 36.0668
28.0000 36.0867
29.0000 36.1090
30.0000 39.4905
31.0000 42.5938
32.0000 45.4311
33.0000 48.0121
34.0000 50.3425
35.0000 52.4253
36.0000 54.2619
37.0000 55.8528
38.0000 57.1983
39.0000 58.2990
40.0000 59.1564
41.0000 59.7729
42.0000 60.1521
43.0000 60.2991
44.0000 60.2204
45.0000 59.9383
46.0000 59.4743
47.0000 58.8486
48.0000 58.0810
49.0000 57.1906
50.0000 56.1961
51.0000 55.1153
52.0000 53.9656
53.0000 52.7634
54.0000 51.5244
55.0000 50.2632
56.0000 48.9936
57.0000 47.7282
58.0000 46.4788
59.0000 45.2558
60.0000 44.0688
61.0000 42.9260
62.0000 41.8348
63.0000 40.8013
64.0000 39.8309
65.0000 38.9281
66.0000 38.0961
67.0000 37.3374
68.0000 36.6537
69.0000 36.0460
70.0000 35.5145
71.0000 35.0586
72.0000 34.6770
73.0000 34.3683
74.0000 34.1301
75.0000 33.9598
76.0000 33.8544
77.0000 33.8104
78.0000 33.8239
79.0000 33.8910
80.0000 34.0077
81.0000 34.1693
82.0000 34.3715
83.0000 34.6099
84.0000 34.8800
85.0000 35.1771
86.0000 35.4970
87.0000 35.8357
88.0000 36.1888
89.0000 36.5523
90.0000 36.9223
91.0000 37.2953
92.0000 37.6680
93.0000 38.0368
94.0000 38.3991
95.0000 38.7521
96.0000 39.0935
97.0000 39.4208
98.0000 39.7321
99.0000 40.0258
100.0000 40.3006
101.0000 40.5556
102.0000 40.7897
103.0000 41.0025
104.0000 41.1931
105.0000 41.3618
106.0000 41.5083
107.0000 41.6329
108.0000 41.7362
109.0000 41.8184
110.0000 41.8802
111.0000 41.9225
112.0000 41.9463
113.0000 41.9528
114.0000 41.9430
115.0000 41.9180
116.0000 41.8791
117.0000 41.8273
118.0000 41.7643
119.0000 41.6911
120.0000 41.6093
121.0000 41.5200
122.0000 41.4245
123.0000 41.3241
124.0000 41.2200
125.0000 41.1134
126.0000 41.0051
127.0000 40.8964
128.0000 40.7881
129.0000 40.6810
130.0000 40.5760
131.0000 40.4741
132.0000 40.3759
133.0000 40.2820
134.0000 40.1929
135.0000 40.1089
136.0000 40.0306
137.0000 39.9582
138.0000 39.8920
139.0000 39.8323
140.0000 39.7790
141.0000 39.7324
142.0000 39.6923
143.0000 39.6584
144.0000 39.6309
145.0000 39.6093
146.0000 39.5935
147.0000 39.5832
148.0000 39.5782
149.0000 39.5783
150.0000 39.5829
151.0000 39.5919
152.0000 39.6048
153.0000 39.6213
154.0000 39.6409
155.0000 39.6634
156.0000 39.6884
157.0000 39.7155
158.0000 39.7440
159.0000 39.7739
160.0000 39.8049
161.0000 39.8365
162.0000 39.8685
163.0000 39.9004
164.0000 39.9320
165.0000 39.9629
166.0000 39.9932
167.0000 40.0225
168.0000 40.0506
169.0000 40.0774
170.0000 40.1028
171.0000 40.1264
172.0000 40.1483
173.0000 40.1682
174.0000 40.1864
175.0000 40.2026
176.0000 40.2170
177.0000 40.2294
178.0000 40.2399
179.0000 40.2487
180.0000 40.2555
181.0000 40.2607
182.0000 40.2640
183.0000 40.2658
184.0000 40.2662
185.0000 40.2652
186.0000 40.2628
187.0000 40.2592
188.0000 40.2546
189.0000 40.2492
190.0000 40.2429
191.0000 40.2359
192.0000 40.2282
193.0000 40.2201
194.0000 40.2116
195.0000 40.2029
196.0000 40.1938
197.0000 40.1847
198.0000 40.1755
199.0000 40.1664
200.0000 40.1577
201.0000 40.1490
202.0000 40.1407
203.0000 40.1327
204.0000 40.1251
205.0000 40.1179
206.0000 40.1111
207.0000 40.1047
208.0000 40.0986
209.0000 40.0930
210.0000 40.0879
211.0000 40.0833
212.0000 40.0794
213.0000 40.0761
214.0000 40.0734
215.0000 40.0713
216.0000 40.0697
217.0000 40.0686
218.0000 40.0681
219.0000 40.0680
220.0000 40.0681
221.0000 40.0685
222.0000 40.0691
223.0000 40.0699
224.0000 40.0710
225.0000 40.0723
226.0000 40.0738
227.0000 40.0758
228.0000 40.0778
229.0000 40.0799
230.0000 40.0821
231.0000 40.0844
232.0000 40.0867
233.0000 40.0892
234.0000 40.0917
235.0000 40.0942
236.0000 40.0965
237.0000 40.0986
238.0000 40.1006
239.0000 40.1024
240.0000 40.1040
241.0000 40.1054
242.0000 40.1068
243.0000 40.1082
244.0000 40.1093
245.0000 40.1102
246.0000 40.1111
247.0000 40.1118
248.0000 40.1125
249.0000 40.1130
250.0000 40.1135
251.0000 40.1139
252.0000 40.1140
253.0000 40.1143
254.0000 40.1145
255.0000 40.1146
256.0000 40.1146
257.0000 40.1145
258.0000 40.1143
259.0000 40.1140
260.0000 40.1136
261.0000 40.1133
262.0000 40.1130
263.0000 40.1129
264.0000 40.1126
265.0000 40.1124
266.0000 40.1123
267.0000 40.1122
268.0000 40.1121
269.0000 40.1123
270.0000 40.1127
271.0000 40.1133
272.0000 40.1140
273.0000 40.1151
274.0000 40.1164
275.0000 40.1179
276.0000 40.1194
277.0000 40.1212
278.0000 40.1232
279.0000 40.1255
280.0000 40.1279
281.0000 40.1305
282.0000 40.1333
283.0000 40.1365
284.0000 40.1402
285.0000 40.1443
286.0000 40.1485
287.0000 40.1529
288.0000 40.1576
289.0000 40.1625
290.0000 40.1678
291.0000 40.1735
292.0000 40.1794
293.0000 40.1855
294.0000 40.1920
295.0000 40.1990
296.0000 40.2061
297.0000 40.2135
298.0000 40.2211
299.0000 40.2289
300.0000 40.2367
301.0000 40.2448
302.0000 40.2529
303.0000 40.2613
304.0000 40.2696
305.0000 40.2782
306.0000 40.2868
307.0000 40.2953
308.0000 40.3038
309.0000 40.3123
310.0000 40.3206
311.0000 40.3286
312.0000 40.3361
313.0000 40.3435
314.0000 40.3505
315.0000 40.3571
316.0000 40.3632
317.0000 40.3686
318.0000 40.3733
319.0000 40.3772
320.0000 40.3802
321.0000 40.3823
322.0000 40.3834
323.0000 40.3836
324.0000 40.3827
325.0000 40.3809
326.0000 40.3780
327.0000 40.3742
328.0000 40.3691
329.0000 40.3628
330.0000 38.4373
331.0000 36.6702
332.0000 35.0543
333.0000 33.5833
334.0000 32.2537
335.0000 31.0635
336.0000 30.0115
337.0000 29.0974
338.0000 28.3209
339.0000 27.6817
340.0000 27.1789
341.0000 26.8114
342.0000 26.5773
343.0000 26.4738
344.0000 26.4976
345.0000 26.6363
346.0000 26.8779
347.0000 27.2112
348.0000 27.6254
349.0000 28.1100
350.0000 28.6547
351.0000 29.2496
352.0000 29.8852
353.0000 30.5525
354.0000 31.2427
355.0000 31.9480
356.0000 32.6604
357.0000 33.3732
358.0000 34.0798
359.0000 34.7741
360.0000 35.4510
361.0000 36.1057
362.0000 36.7340
363.0000 37.3324
364.0000 37.8976
365.0000 38.4271
366.0000 38.9188
367.0000 39.3711
368.0000 39.7829
369.0000 40.1533
370.0000 40.4821
371.0000 40.7692
372.0000 41.0152
373.0000 41.2206
374.0000 41.3864
375.0000 41.5140
376.0000 41.6046
377.0000 41.6601
378.0000 41.6823
379.0000 41.6733
380.0000 41.6352
381.0000 41.5703
382.0000 41.4809
383.0000 41.3693
384.0000 41.2380
385.0000 41.0894
386.0000 40.9259
387.0000 40.7496
388.0000 40.5629
389.0000 40.3680
390.0000 40.1673
391.0000 39.9625
392.0000 39.7557
393.0000 39.5489
394.0000 39.3436
395.0000 39.1416
396.0000 38.9441
397.0000 38.7527
398.0000 38.5686
399.0000 38.3928
400.0000 38.2263
401.0000 38.0696
402.0000 37.9236
403.0000 37.7886
404.0000 37.6652
405.0000 37.5536
406.0000 37.4540
407.0000 37.3664
408.0000 37.2906
409.0000 37.2267
410.0000 37.1743
411.0000 37.1332
412.0000 37.1030
413.0000 37.0830
414.0000 37.0728
415.0000 37.0718
416.0000 37.0796
417.0000 37.0954
418.0000 37.1186
419.0000 37.1484
420.0000 37.1843
421.0000 37.2254
422.0000 37.2712
423.0000 37.3209
424.0000 37.3738
425.0000 37.4293
426.0000 37.4868
427.0000 37.5457
428.0000 37.6055
429.0000 37.6656
430.0000 37.7254
431.0000 37.7846
432.0000 37.8424
433.0000 37.8987
434.0000 37.9530
435.0000 38.0051
436.0000 38.0547
437.0000 38.1014
438.0000 38.1451
439.0000 38.1855
440.0000 38.2226
441.0000 38.2562
442.0000 38.2863
443.0000 38.3129
444.0000 38.3360
445.0000 38.3557
446.0000 38.3721
447.0000 38.3852
448.0000 38.3951
449.0000 38.4019
450.0000 38.4058
451.0000 38.4070
452.0000 38.4055
453.0000 38.4017
454.0000 38.3956
455.0000 38.3875
456.0000 38.3775
457.0000 38.3659
458.0000 38.3529
459.0000 38.3387
460.0000 38.3235
461.0000 38.3074
462.0000 38.2906
463.0000 38.2734
464.0000 38.2560
465.0000 38.2385
466.0000 38.2210
467.0000 38.2037
468.0000 38.1867
469.0000 38.1702
470.0000 38.1542
471.0000 38.1389
472.0000 38.1244
473.0000 38.1107
474.0000 38.0980
475.0000 38.0861
476.0000 38.0752
477.0000 38.0653
478.0000 38.0565
479.0000 38.0486
480.0000 38.0418
481.0000 38.0360
482.0000 38.0313
483.0000 38.0275
484.0000 38.0246
485.0000 38.0226
486.0000 38.0215
487.0000 38.0212
488.0000 38.0216
489.0000 38.0227
490.0000 38.0244
491.0000 38.0267
492.0000 38.0296
493.0000 38.0329
494.0000 38.0365
495.0000 38.0405
496.0000 38.0449
497.0000 38.0495
498.0000 38.0542
499.0000 38.0591
500.0000 38.0640
501.0000 38.0689
502.0000 38.0738
503.0000 38.0787
504.0000 38.0834
505.0000 38.0880
506.0000 38.0925
507.0000 38.0969
508.0000 38.1011
509.0000 38.1051
510.0000 38.1090
511.0000 38.1126
512.0000 38.1158
513.0000 38.1186
514.0000 38.1212
515.0000 38.1235
516.0000 38.1254
517.0000 38.1270
518.0000 38.1283
519.0000 38.1294
520.0000 38.1302
521.0000 38.1309
522.0000 38.1314
523.0000 38.1317
524.0000 38.1319
525.0000 38.1318
526.0000 38.1315
527.0000 38.1310
528.0000 38.1304
529.0000 38.1296
530.0000 38.1287
531.0000 38.1277
532.0000 38.1267
533.0000 38.1255
534.0000 38.1242
535.0000 38.1229
536.0000 38.1216
537.0000 38.1203
538.0000 38.1192
539.0000 38.1181
540.0000 38.1170
541.0000 38.1160
542.0000 38.1150
543.0000 38.1140
544.0000 38.1131
545.0000 38.1123
546.0000 38.1115
547.0000 38.1108
548.0000 38.1102
549.0000 38.1096
550.0000 38.1090
551.0000 38.1085
552.0000 38.1081
553.0000 38.1077
554.0000 38.1073
555.0000 38.1070
556.0000 38.1068
557.0000 38.1066
558.0000 38.1066
559.0000 38.1066
560.0000 38.1066
561.0000 38.1067
562.0000 38.1068
563.0000 38.1067
564.0000 38.1068
565.0000 38.1069
566.0000 38.1070
567.0000 38.1071
568.0000 38.1071
569.0000 38.1071
570.0000 38.1070
571.0000 38.1067
572.0000 38.1064
573.0000 38.1059
574.0000 38.1053
575.0000 38.1046
576.0000 38.1039
577.0000 38.1031
578.0000 38.1021
579.0000 38.1010
580.0000 38.0998
581.0000 38.0985
582.0000 38.0971
583.0000 38.0955
584.0000 38.0935
585.0000 38.0914
586.0000 38.0891
587.0000 38.0868
588.0000 38.0843
589.0000 38.0816
590.0000 38.0787
591.0000 38.0755
592.0000 38.0723
593.0000 38.0688
594.0000 38.0652
595.0000 38.0613
596.0000 38.0572
597.0000 38.0530
598.0000 38.0487
599.0000 38.0442
600.0000 38.0396
