1.0000 36.5000
2.0000 36.5000
3.0000 36.5000
4.0000 36.5000
5.0000 36.5000
6.0000 36.5000
7.0000 36.5000
8.0000 36.5000
9.0000 36.5000
10.0000 36.5000
11.0000 36.5000
12.0000 36.5000
13.0000 36.5000
14.0000 36.5000
15.0000 36.5000
16.0000 36.5000
17.0000 36.5000
18.0000 36.5000
19.0000 36.5000
20.0000 36.4991
21.0000 36.4975
22.0000 36.4953
23.0000 36.4925
24.0000 36.4892
25.0000 36.4856
26.0000 36.4816
27.0000 36.4774
28.0000 36.4731
29.0000 36.4686
30.0000 36.4640
31.0000 36.4594
32.0000 36.4548
33.0000 36.4537
34.0000 36.4619
35.0000 36.4836
36.0000 36.5216
37.0000 36.5776
38.0000 36.6526
39.0000 36.7466
40.0000 36.8592
41.0000 36.9893
42.0000 37.1356
43.0000 37.2963
44.0000 37.4694
45.0000 37.6528
46.0000 37.8441
47.0000 38.0411
48.0000 38.2412
49.0000 38.4421
50.0000 38.6416
51.0000 38.8377
52.0000 39.0285
53.0000 39.2122
54.0000 39.3874
55.0000 39.5528
56.0000 39.7075
57.0000 39.8507
58.0000 39.9817
59.0000 40.1001
60.0000 40.2059
61.0000 40.2988
62.0000 40.3792
63.0000 40.4473
64.0000 40.5034
65.0000 40.5481
66.0000 40.5819
67.0000 40.6056
68.0000 40.6198
69.0000 40.6254
70.0000 40.6230
71.0000 40.6135
72.0000 40.5978
73.0000 40.5765
74.0000 40.5506
75.0000 40.5207
76.0000 40.4875
77.0000 40.4518
78.0000 40.4142
79.0000 40.3754
80.0000 40.3358
81.0000 40.2960
82.0000 40.2565
83.0000 40.2176
84.0000 40.1798
85.0000 40.1433
86.0000 40.1085
87.0000 40.0755
88.0000 40.0445
89.0000 40.0157
90.0000 39.9892
91.0000 39.9651
92.0000 39.9433
93.0000 39.9239
94.0000 39.9069
95.0000 39.8922
96.0000 39.8798
97.0000 39.8695
98.0000 39.8613
99.0000 39.8551
100.0000 39.8508
101.0000 39.8481
102.0000 39.8471
103.0000 39.8474
104.0000 39.8491
105.0000 39.8519
106.0000 39.8558
107.0000 39.8605
108.0000 39.8659
109.0000 39.8720
110.0000 39.8785
111.0000 39.8854
112.0000 39.8926
113.0000 39.8999
114.0000 39.9074
115.0000 39.9148
116.0000 39.9221
117.0000 39.9292
118.0000 39.9361
119.0000 39.9428
120.0000 39.9491
121.0000 39.9551
122.0000 39.9607
123.0000 39.9659
124.0000 39.9707
125.0000 39.9751
126.0000 39.9791
127.0000 39.9826
128.0000 39.9858
129.0000 39.9885
130.0000 39.9908
131.0000 39.9928
132.0000 39.9944
133.0000 39.9956
134.0000 39.9966
135.0000 39.9972
136.0000 39.9976
137.0000 39.9977
138.0000 39.9977
139.0000 39.9974
140.0000 39.9970
141.0000 39.9964
142.0000 39.9957
143.0000 39.9949
144.0000 39.9940
145.0000 39.9931
146.0000 39.9921
147.0000 39.9911
148.0000 39.9901
149.0000 39.9891
150.0000 39.9881
151.0000 39.9872
152.0000 39.9863
153.0000 39.9854
154.0000 39.9847
155.0000 39.9839
156.0000 39.9833
157.0000 39.9827
158.0000 39.9822
159.0000 39.9817
160.0000 39.9814
161.0000 39.9811
162.0000 39.9808
163.0000 39.9807
164.0000 39.9806
165.0000 39.9805
166.0000 39.9805
167.0000 39.9806
168.0000 39.9807
169.0000 39.9809
170.0000 39.9811
171.0000 39.9814
172.0000 39.9817
173.0000 39.9820
174.0000 39.9823
175.0000 39.9826
176.0000 39.9830
177.0000 39.9834
178.0000 39.9838
179.0000 39.9841
180.0000 39.9845
181.0000 39.9849
182.0000 39.9853
183.0000 39.9856
184.0000 39.9860
185.0000 39.9863
186.0000 39.9866
187.0000 39.9869
188.0000 39.9872
189.0000 39.9874
190.0000 39.9877
191.0000 39.9879
192.0000 39.9881
193.0000 39.9883
194.0000 39.9885
195.0000 39.9886
196.0000 39.9888
197.0000 39.9889
198.0000 39.9890
199.0000 39.9891
200.0000 39.9892
201.0000 39.9893
202.0000 39.9894
203.0000 39.9895
204.0000 39.9896
205.0000 39.9897
206.0000 39.9897
207.0000 39.9898
208.0000 39.9899
209.0000 39.9899
210.0000 39.9900
211.0000 39.9901
212.0000 39.9902
213.0000 39.9902
214.0000 39.9903
215.0000 39.9904
216.0000 39.9905
217.0000 39.9905
218.0000 39.9906
219.0000 39.9907
220.0000 39.9908
221.0000 39.9908
222.0000 39.9909
223.0000 39.9910
224.0000 39.9911
225.0000 39.9912
226.0000 39.9913
227.0000 39.9914
228.0000 39.9915
229.0000 39.9916
230.0000 39.9917
231.0000 39.9918
232.0000 39.9919
233.0000 39.9920
234.0000 39.9921
235.0000 39.9922
236.0000 39.9923
237.0000 39.9924
238.0000 39.9926
239.0000 39.9927
240.0000 39.9928
241.0000 39.9929
242.0000 39.9930
243.0000 39.9931
244.0000 39.9932
245.0000 39.9933
246.0000 39.9934
247.0000 39.9935
248.0000 39.9935
249.0000 39.9936
250.0000 39.9937
251.0000 39.9938
252.0000 39.9939
253.0000 39.9940
254.0000 39.9940
255.0000 39.9941
256.0000 39.9942
257.0000 39.9942
258.0000 39.9943
259.0000 39.9944
260.0000 39.9945
261.0000 39.9945
262.0000 39.9946
263.0000 39.9947
264.0000 39.9947
265.0000 39.9948
266.0000 39.9949
267.0000 39.9949
268.0000 39.9950
269.0000 39.9950
270.0000 39.9951
271.0000 39.9951
272.0000 39.9952
273.0000 39.9952
274.0000 39.9953
275.0000 39.9953
276.0000 39.9953
277.0000 39.9954
278.0000 39.9954
279.0000 39.9955
280.0000 39.9955
281.0000 39.9955
282.0000 39.9956
283.0000 39.9956
284.0000 39.9956
285.0000 39.9957
286.0000 39.9957
287.0000 39.9958
288.0000 39.9958
289.0000 39.9959
290.0000 39.9959
291.0000 39.9960
292.0000 39.9961
293.0000 39.9962
294.0000 39.9963
295.0000 39.9965
296.0000 39.9967
297.0000 39.9970
298.0000 39.9973
299.0000 39.9977
300.0000 39.9982
301.0000 39.9987
302.0000 39.9994
303.0000 40.0002
304.0000 40.0010
305.0000 40.0020
306.0000 40.0031
307.0000 40.0044
308.0000 40.0057
309.0000 40.0072
310.0000 40.0088
311.0000 40.0106
312.0000 40.0125
313.0000 40.0144
314.0000 40.0165
315.0000 40.0188
316.0000 40.0211
317.0000 40.0235
318.0000 40.0259
319.0000 40.0285
320.0000 40.0310
321.0000 40.0336
322.0000 40.0363
323.0000 40.0389
324.0000 40.0415
325.0000 40.0441
326.0000 40.0467
327.0000 40.0492
328.0000 40.0517
329.0000 40.0540
330.0000 40.0563
331.0000 40.0584
332.0000 40.0605
333.0000 40.0604
334.0000 40.0550
335.0000 40.0418
336.0000 40.0193
337.0000 39.9864
338.0000 39.9426
339.0000 39.8878
340.0000 39.8224
341.0000 39.7469
342.0000 39.6621
343.0000 39.5690
344.0000 39.4687
345.0000 39.3623
346.0000 39.2513
347.0000 39.1370
348.0000 39.0206
349.0000 38.9037
350.0000 38.7873
351.0000 38.6728
352.0000 38.5612
353.0000 38.4534
354.0000 38.3504
355.0000 38.2528
356.0000 38.1612
357.0000 38.0761
358.0000 37.9979
359.0000 37.9268
360.0000 37.8630
361.0000 37.8064
362.0000 37.7571
363.0000 37.7149
364.0000 37.6795
365.0000 37.6509
366.0000 37.6285
367.0000 37.6122
368.0000 37.6014
369.0000 37.5957
370.0000 37.5949
371.0000 37.5983
372.0000 37.6055
373.0000 37.6162
374.0000 37.6298
375.0000 37.6459
376.0000 37.6642
377.0000 37.6841
378.0000 37.7054
379.0000 37.7277
380.0000 37.7506
381.0000 37.7739
382.0000 37.7973
383.0000 37.8204
384.0000 37.8432
385.0000 37.8653
386.0000 37.8867
387.0000 37.9071
388.0000 37.9265
389.0000 37.9447
390.0000 37.9617
391.0000 37.9774
392.0000 37.9918
393.0000 38.0048
394.0000 38.0165
395.0000 38.0268
396.0000 38.0358
397.0000 38.0435
398.0000 38.0500
399.0000 38.0552
400.0000 38.0593
401.0000 38.0624
402.0000 38.0645
403.0000 38.0656
404.0000 38.0660
405.0000 38.0655
406.0000 38.0644
407.0000 38.0626
408.0000 38.0603
409.0000 38.0576
410.0000 38.0545
411.0000 38.0511
412.0000 38.0474
413.0000 38.0436
414.0000 38.0396
415.0000 38.0356
416.0000 38.0315
417.0000 38.0275
418.0000 38.0235
419.0000 38.0197
420.0000 38.0159
421.0000 38.0123
422.0000 38.0090
423.0000 38.0058
424.0000 38.0028
425.0000 38.0000
426.0000 37.9975
427.0000 37.9952
428.0000 37.9932
429.0000 37.9914
430.0000 37.9898
431.0000 37.9885
432.0000 37.9873
433.0000 37.9864
434.0000 37.9857
435.0000 37.9852
436.0000 37.9848
437.0000 37.9847
438.0000 37.9846
439.0000 37.9847
440.0000 37.9850
441.0000 37.9853
442.0000 37.9857
443.0000 37.9862
444.0000 37.9868
445.0000 37.9875
446.0000 37.9881
447.0000 37.9888
448.0000 37.9896
449.0000 37.9903
450.0000 37.9911
451.0000 37.9918
452.0000 37.9925
453.0000 37.9932
454.0000 37.9939
455.0000 37.9946
456.0000 37.9952
457.0000 37.9958
458.0000 37.9963
459.0000 37.9968
460.0000 37.9973
461.0000 37.9977
462.0000 37.9981
463.0000 37.9984
464.0000 37.9987
465.0000 37.9990
466.0000 37.9992
467.0000 37.9994
468.0000 37.9995
469.0000 37.9996
470.0000 37.9997
471.0000 37.9997
472.0000 37.9998
473.0000 37.9998
474.0000 37.9997
475.0000 37.9997
476.0000 37.9996
477.0000 37.9996
478.0000 37.9995
479.0000 37.9994
480.0000 37.9993
481.0000 37.9992
482.0000 37.9991
483.0000 37.9990
484.0000 37.9989
485.0000 37.9988
486.0000 37.9987
487.0000 37.9986
488.0000 37.9985
489.0000 37.9985
490.0000 37.9984
491.0000 37.9984
492.0000 37.9983
493.0000 37.9983
494.0000 37.9982
495.0000 37.9982
496.0000 37.9982
497.0000 37.9982
498.0000 37.9982
499.0000 37.9982
500.0000 37.9982
501.0000 37.9983
502.0000 37.9983
503.0000 37.9983
504.0000 37.9983
505.0000 37.9984
506.0000 37.9984
507.0000 37.9984
508.0000 37.9985
509.0000 37.9985
510.0000 37.9985
511.0000 37.9986
512.0000 37.9986
513.0000 37.9986
514.0000 37.9987
515.0000 37.9987
516.0000 37.9988
517.0000 37.9988
518.0000 37.9988
519.0000 37.9989
520.0000 37.9989
521.0000 37.9989
522.0000 37.9989
523.0000 37.9990
524.0000 37.9990
525.0000 37.9990
526.0000 37.9990
527.0000 37.9990
528.0000 37.9990
529.0000 37.9991
530.0000 37.9991
531.0000 37.9991
532.0000 37.9991
533.0000 37.9991
534.0000 37.9991
535.0000 37.9991
536.0000 37.9991
537.0000 37.9991
538.0000 37.9991
539.0000 37.9991
540.0000 37.9991
541.0000 37.9991
542.0000 37.9991
543.0000 37.9991
544.0000 37.9991
545.0000 37.9991
546.0000 37.9991
547.0000 37.9991
548.0000 37.9991
549.0000 37.9991
550.0000 37.9991
551.0000 37.9991
552.0000 37.9991
553.0000 37.9991
554.0000 37.9991
555.0000 37.9991
556.0000 37.9991
557.0000 37.9991
558.0000 37.9991
559.0000 37.9991
560.0000 37.9991
561.0000 37.9991
562.0000 37.9991
563.0000 37.9992
564.0000 37.9992
565.0000 37.9992
566.0000 37.9992
567.0000 37.9992
568.0000 37.9992
569.0000 37.9992
570.0000 37.9993
571.0000 37.9993
572.0000 37.9993
573.0000 37.9993
574.0000 37.9994
575.0000 37.9994
576.0000 37.9994
577.0000 37.9995
578.0000 37.9995
579.0000 37.9995
580.0000 37.9996
581.0000 37.9996
582.0000 37.9997
583.0000 37.9997
584.0000 37.9997
585.0000 37.9998
586.0000 37.9998
587.0000 37.9999
588.0000 37.9999
589.0000 38.0000
590.0000 38.0000
591.0000 38.0000
592.0000 38.0001
593.0000 38.0001
594.0000 38.0001
595.0000 38.0000
596.0000 38.0000
597.0000 37.9999
598.0000 37.9998
599.0000 37.9996
600.0000 37.9994
