1.0000 36.5000
2.0000 36.5000
3.0000 36.5000
4.0000 36.5000
5.0000 36.5000
6.0000 36.5000
7.0000 36.5000
8.0000 36.5000
9.0000 36.5000
10.0000 36.5000
11.0000 36.5000
12.0000 36.5000
13.0000 36.5000
14.0000 36.5000
15.0000 36.5000
16.0000 36.5000
17.0000 36.5000
18.0000 36.5000
19.0000 36.5000
20.0000 36.4991
21.0000 36.4975
22.0000 36.4953
23.0000 36.4925
24.0000 36.4892
25.0000 36.4857
26.0000 36.4819
27.0000 36.4779
28.0000 36.4738
29.0000 36.4697
30.0000 36.4657
31.0000 36.4617
32.0000 36.4579
33.0000 36.4795
34.0000 36.5488
35.0000 36.6602
36.0000 36.8058
37.0000 36.9781
38.0000 37.1698
39.0000 37.3744
40.0000 37.5858
41.0000 37.7986
42.0000 38.0081
43.0000 38.2101
44.0000 38.4013
45.0000 38.5790
46.0000 38.7412
47.0000 38.8863
48.0000 39.0147
49.0000 39.1278
50.0000 39.2278
51.0000 39.3164
52.0000 39.3954
53.0000 39.4664
54.0000 39.5306
55.0000 39.5891
56.0000 39.6430
57.0000 39.6927
58.0000 39.7388
59.0000 39.7815
60.0000 39.8209
61.0000 39.8569
62.0000 39.8896
63.0000 39.9186
64.0000 39.9441
65.0000 39.9661
66.0000 39.9845
67.0000 39.9996
68.0000 40.0116
69.0000 40.0208
70.0000 40.0275
71.0000 40.0321
72.0000 40.0348
73.0000 40.0361
74.0000 40.0361
75.0000 40.0352
76.0000 40.0336
77.0000 40.0315
78.0000 40.0290
79.0000 40.0264
80.0000 40.0236
81.0000 40.0207
82.0000 40.0178
83.0000 40.0149
84.0000 40.0120
85.0000 40.0091
86.0000 40.0062
87.0000 40.0033
88.0000 40.0005
89.0000 39.9977
90.0000 39.9949
91.0000 39.9923
92.0000 39.9897
93.0000 39.9873
94.0000 39.9851
95.0000 39.9830
96.0000 39.9811
97.0000 39.9793
98.0000 39.9778
99.0000 39.9764
100.0000 39.9752
101.0000 39.9741
102.0000 39.9731
103.0000 39.9722
104.0000 39.9715
105.0000 39.9709
106.0000 39.9704
107.0000 39.9700
108.0000 39.9697
109.0000 39.9694
110.0000 39.9692
111.0000 39.9691
112.0000 39.9691
113.0000 39.9691
114.0000 39.9691
115.0000 39.9691
116.0000 39.9693
117.0000 39.9694
118.0000 39.9696
119.0000 39.9699
120.0000 39.9702
121.0000 39.9705
122.0000 39.9708
123.0000 39.9711
124.0000 39.9714
125.0000 39.9718
126.0000 39.9722
127.0000 39.9726
128.0000 39.9730
129.0000 39.9734
130.0000 39.9737
131.0000 39.9741
132.0000 39.9744
133.0000 39.9747
134.0000 39.9750
135.0000 39.9753
136.0000 39.9756
137.0000 39.9759
138.0000 39.9762
139.0000 39.9765
140.0000 39.9768
141.0000 39.9771
142.0000 39.9774
143.0000 39.9777
144.0000 39.9780
145.0000 39.9784
146.0000 39.9788
147.0000 39.9791
148.0000 39.9795
149.0000 39.9798
150.0000 39.9801
151.0000 39.9803
152.0000 39.9806
153.0000 39.9808
154.0000 39.9811
155.0000 39.9813
156.0000 39.9815
157.0000 39.9817
158.0000 39.9819
159.0000 39.9821
160.0000 39.9823
161.0000 39.9826
162.0000 39.9828
163.0000 39.9830
164.0000 39.9833
165.0000 39.9835
166.0000 39.9838
167.0000 39.9840
168.0000 39.9842
169.0000 39.9844
170.0000 39.9846
171.0000 39.9848
172.0000 39.9850
173.0000 39.9851
174.0000 39.9853
175.0000 39.9854
176.0000 39.9855
177.0000 39.9856
178.0000 39.9858
179.0000 39.9859
180.0000 39.9860
181.0000 39.9861
182.0000 39.9862
183.0000 39.9864
184.0000 39.9865
185.0000 39.9866
186.0000 39.9867
187.0000 39.9868
188.0000 39.9870
189.0000 39.9871
190.0000 39.9872
191.0000 39.9873
192.0000 39.9874
193.0000 39.9876
194.0000 39.9877
195.0000 39.9878
196.0000 39.9879
197.0000 39.9881
198.0000 39.9882
199.0000 39.9884
200.0000 39.9885
201.0000 39.9886
202.0000 39.9887
203.0000 39.9889
204.0000 39.9890
205.0000 39.9891
206.0000 39.9893
207.0000 39.9894
208.0000 39.9895
209.0000 39.9896
210.0000 39.9897
211.0000 39.9898
212.0000 39.9899
213.0000 39.9899
214.0000 39.9900
215.0000 39.9901
216.0000 39.9902
217.0000 39.9903
218.0000 39.9904
219.0000 39.9905
220.0000 39.9907
221.0000 39.9909
222.0000 39.9910
223.0000 39.9912
224.0000 39.9913
225.0000 39.9914
226.0000 39.9915
227.0000 39.9916
228.0000 39.9916
229.0000 39.9917
230.0000 39.9917
231.0000 39.9918
232.0000 39.9919
233.0000 39.9920
234.0000 39.9921
235.0000 39.9922
236.0000 39.9923
237.0000 39.9924
238.0000 39.9926
239.0000 39.9927
240.0000 39.9928
241.0000 39.9930
242.0000 39.9930
243.0000 39.9931
244.0000 39.9931
245.0000 39.9932
246.0000 39.9932
247.0000 39.9933
248.0000 39.9934
249.0000 39.9934
250.0000 39.9935
251.0000 39.9935
252.0000 39.9936
253.0000 39.9937
254.0000 39.9938
255.0000 39.9939
256.0000 39.9940
257.0000 39.9941
258.0000 39.9943
259.0000 39.9944
260.0000 39.9944
261.0000 39.9945
262.0000 39.9946
263.0000 39.9946
264.0000 39.9946
265.0000 39.9946
266.0000 39.9947
267.0000 39.9947
268.0000 39.9947
269.0000 39.9947
270.0000 39.9948
271.0000 39.9948
272.0000 39.9948
273.0000 39.9949
274.0000 39.9949
275.0000 39.9950
276.0000 39.9951
277.0000 39.9952
278.0000 39.9953
279.0000 39.9954
280.0000 39.9955
281.0000 39.9955
282.0000 39.9956
283.0000 39.9956
284.0000 39.9957
285.0000 39.9957
286.0000 39.9957
287.0000 39.9958
288.0000 39.9960
289.0000 39.9962
290.0000 39.9965
291.0000 39.9969
292.0000 39.9974
293.0000 39.9980
294.0000 39.9987
295.0000 39.9996
296.0000 40.0006
297.0000 40.0017
298.0000 40.0030
299.0000 40.0044
300.0000 40.0059
301.0000 40.0075
302.0000 40.0091
303.0000 40.0109
304.0000 40.0126
305.0000 40.0144
306.0000 40.0163
307.0000 40.0182
308.0000 40.0201
309.0000 40.0220
310.0000 40.0239
311.0000 40.0258
312.0000 40.0277
313.0000 40.0296
314.0000 40.0315
315.0000 40.0333
316.0000 40.0351
317.0000 40.0369
318.0000 40.0386
319.0000 40.0402
320.0000 40.0418
321.0000 40.0434
322.0000 40.0448
323.0000 40.0462
324.0000 40.0475
325.0000 40.0487
326.0000 40.0499
327.0000 40.0509
328.0000 40.0520
329.0000 40.0529
330.0000 40.0538
331.0000 40.0546
332.0000 40.0553
333.0000 40.0416
334.0000 40.0006
335.0000 39.9355
336.0000 39.8507
337.0000 39.7504
338.0000 39.6389
339.0000 39.5197
340.0000 39.3965
341.0000 39.2722
342.0000 39.1496
343.0000 39.0311
344.0000 38.9186
345.0000 38.8138
346.0000 38.7179
347.0000 38.6317
348.0000 38.5552
349.0000 38.4875
350.0000 38.4275
351.0000 38.3742
352.0000 38.3266
353.0000 38.2838
354.0000 38.2451
355.0000 38.2098
356.0000 38.1775
357.0000 38.1476
358.0000 38.1200
359.0000 38.0945
360.0000 38.0710
361.0000 38.0495
362.0000 38.0301
363.0000 38.0127
364.0000 37.9975
365.0000 37.9845
366.0000 37.9735
367.0000 37.9645
368.0000 37.9573
369.0000 37.9518
370.0000 37.9478
371.0000 37.9451
372.0000 37.9435
373.0000 37.9429
374.0000 37.9430
375.0000 37.9437
376.0000 37.9449
377.0000 37.9464
378.0000 37.9481
379.0000 37.9500
380.0000 37.9520
381.0000 37.9540
382.0000 37.9561
383.0000 37.9582
384.0000 37.9603
385.0000 37.9624
386.0000 37.9645
387.0000 37.9666
388.0000 37.9687
389.0000 37.9708
390.0000 37.9728
391.0000 37.9748
392.0000 37.9767
393.0000 37.9785
394.0000 37.9802
395.0000 37.9818
396.0000 37.9833
397.0000 37.9847
398.0000 37.9860
399.0000 37.9872
400.0000 37.9883
401.0000 37.9893
402.0000 37.9903
403.0000 37.9911
404.0000 37.9919
405.0000 37.9926
406.0000 37.9932
407.0000 37.9937
408.0000 37.9942
409.0000 37.9947
410.0000 37.9951
411.0000 37.9955
412.0000 37.9958
413.0000 37.9961
414.0000 37.9963
415.0000 37.9966
416.0000 37.9967
417.0000 37.9969
418.0000 37.9970
419.0000 37.9971
420.0000 37.9972
421.0000 37.9973
422.0000 37.9973
423.0000 37.9974
424.0000 37.9974
425.0000 37.9974
426.0000 37.9974
427.0000 37.9974
428.0000 37.9974
429.0000 37.9974
430.0000 37.9973
431.0000 37.9973
432.0000 37.9973
433.0000 37.9974
434.0000 37.9974
435.0000 37.9974
436.0000 37.9974
437.0000 37.9974
438.0000 37.9974
439.0000 37.9974
440.0000 37.9975
441.0000 37.9975
442.0000 37.9975
443.0000 37.9974
444.0000 37.9974
445.0000 37.9974
446.0000 37.9973
447.0000 37.9973
448.0000 37.9973
449.0000 37.9972
450.0000 37.9972
451.0000 37.9972
452.0000 37.9972
453.0000 37.9972
454.0000 37.9973
455.0000 37.9973
456.0000 37.9973
457.0000 37.9973
458.0000 37.9974
459.0000 37.9974
460.0000 37.9974
461.0000 37.9974
462.0000 37.9974
463.0000 37.9974
464.0000 37.9974
465.0000 37.9974
466.0000 37.9974
467.0000 37.9974
468.0000 37.9974
469.0000 37.9974
470.0000 37.9975
471.0000 37.9975
472.0000 37.9975
473.0000 37.9975
474.0000 37.9976
475.0000 37.9976
476.0000 37.9977
477.0000 37.9977
478.0000 37.9978
479.0000 37.9978
480.0000 37.9979
481.0000 37.9979
482.0000 37.9980
483.0000 37.9980
484.0000 37.9980
485.0000 37.9981
486.0000 37.9981
487.0000 37.9982
488.0000 37.9982
489.0000 37.9982
490.0000 37.9983
491.0000 37.9983
492.0000 37.9983
493.0000 37.9984
494.0000 37.9984
495.0000 37.9984
496.0000 37.9984
497.0000 37.9985
498.0000 37.9985
499.0000 37.9985
500.0000 37.9985
501.0000 37.9985
502.0000 37.9985
503.0000 37.9986
504.0000 37.9986
505.0000 37.9986
506.0000 37.9986
507.0000 37.9986
508.0000 37.9986
509.0000 37.9986
510.0000 37.9987
511.0000 37.9987
512.0000 37.9987
513.0000 37.9988
514.0000 37.9988
515.0000 37.9989
516.0000 37.9989
517.0000 37.9989
518.0000 37.9989
519.0000 37.9989
520.0000 37.9989
521.0000 37.9989
522.0000 37.9988
523.0000 37.9988
524.0000 37.9988
525.0000 37.9988
526.0000 37.9988
527.0000 37.9989
528.0000 37.9989
529.0000 37.9989
530.0000 37.9990
531.0000 37.9990
532.0000 37.9990
533.0000 37.9990
534.0000 37.9990
535.0000 37.9990
536.0000 37.9990
537.0000 37.9990
538.0000 37.9990
539.0000 37.9990
540.0000 37.9989
541.0000 37.9989
542.0000 37.9990
543.0000 37.9990
544.0000 37.9990
545.0000 37.9990
546.0000 37.9991
547.0000 37.9991
548.0000 37.9991
549.0000 37.9991
550.0000 37.9991
551.0000 37.9992
552.0000 37.9992
553.0000 37.9992
554.0000 37.9992
555.0000 37.9992
556.0000 37.9992
557.0000 37.9992
558.0000 37.9991
559.0000 37.9991
560.0000 37.9992
561.0000 37.9992
562.0000 37.9992
563.0000 37.9992
564.0000 37.9993
565.0000 37.9993
566.0000 37.9994
567.0000 37.9994
568.0000 37.9995
569.0000 37.9995
570.0000 37.9996
571.0000 37.9996
572.0000 37.9997
573.0000 37.9997
574.0000 37.9998
575.0000 37.9998
576.0000 37.9998
577.0000 37.9998
578.0000 37.9998
579.0000 37.9998
580.0000 37.9998
581.0000 37.9998
582.0000 37.9999
583.0000 37.9999
584.0000 38.0000
585.0000 38.0000
586.0000 38.0001
587.0000 38.0001
588.0000 38.0000
589.0000 37.9999
590.0000 37.9998
591.0000 37.9997
592.0000 37.9995
593.0000 37.9992
594.0000 37.9988
595.0000 37.9983
596.0000 37.9978
597.0000 37.9972
598.0000 37.9965
599.0000 37.9958
600.0000 37.9949
