1.0000 36.5000
2.0000 36.5000
3.0000 36.5000
4.0000 36.5000
5.0000 36.5000
6.0000 36.5000
7.0000 36.5000
8.0000 36.5000
9.0000 36.5000
10.0000 36.5000
11.0000 36.5000
12.0000 36.5000
13.0000 36.5000
14.0000 36.5000
15.0000 36.5000
16.0000 36.5000
17.0000 36.5000
18.0000 36.5000
19.0000 36.5000
20.0000 36.4991
21.0000 36.4975
22.0000 36.4953
23.0000 36.4925
24.0000 36.4892
25.0000 36.4856
26.0000 36.4817
27.0000 36.4776
28.0000 36.4734
29.0000 36.4690
30.0000 36.4647
31.0000 36.4605
32.0000 36.4563
33.0000 36.4614
34.0000 36.4893
35.0000 36.5463
36.0000 36.6345
37.0000 36.7531
38.0000 36.8992
39.0000 37.0690
40.0000 37.2581
41.0000 37.4616
42.0000 37.6748
43.0000 37.8929
44.0000 38.1115
45.0000 38.3264
46.0000 38.5338
47.0000 38.7306
48.0000 38.9139
49.0000 39.0820
50.0000 39.2338
51.0000 39.3689
52.0000 39.4876
53.0000 39.5905
54.0000 39.6787
55.0000 39.7534
56.0000 39.8161
57.0000 39.8683
58.0000 39.9113
59.0000 39.9467
60.0000 39.9756
61.0000 39.9993
62.0000 40.0186
63.0000 40.0345
64.0000 40.0475
65.0000 40.0583
66.0000 40.0671
67.0000 40.0742
68.0000 40.0798
69.0000 40.0840
70.0000 40.0869
71.0000 40.0886
72.0000 40.0891
73.0000 40.0884
74.0000 40.0865
75.0000 40.0837
76.0000 40.0799
77.0000 40.0752
78.0000 40.0698
79.0000 40.0638
80.0000 40.0574
81.0000 40.0506
82.0000 40.0437
83.0000 40.0367
84.0000 40.0298
85.0000 40.0230
86.0000 40.0165
87.0000 40.0103
88.0000 40.0045
89.0000 39.9991
90.0000 39.9942
91.0000 39.9897
92.0000 39.9857
93.0000 39.9821
94.0000 39.9789
95.0000 39.9762
96.0000 39.9738
97.0000 39.9718
98.0000 39.9701
99.0000 39.9686
100.0000 39.9675
101.0000 39.9665
102.0000 39.9658
103.0000 39.9652
104.0000 39.9647
105.0000 39.9644
106.0000 39.9642
107.0000 39.9641
108.0000 39.9641
109.0000 39.9641
110.0000 39.9642
111.0000 39.9644
112.0000 39.9647
113.0000 39.9649
114.0000 39.9653
115.0000 39.9656
116.0000 39.9660
117.0000 39.9665
118.0000 39.9669
119.0000 39.9674
120.0000 39.9679
121.0000 39.9684
122.0000 39.9689
123.0000 39.9695
124.0000 39.9700
125.0000 39.9706
126.0000 39.9711
127.0000 39.9716
128.0000 39.9722
129.0000 39.9727
130.0000 39.9732
131.0000 39.9737
132.0000 39.9742
133.0000 39.9746
134.0000 39.9751
135.0000 39.9755
136.0000 39.9758
137.0000 39.9762
138.0000 39.9766
139.0000 39.9769
140.0000 39.9772
141.0000 39.9775
142.0000 39.9778
143.0000 39.9780
144.0000 39.9783
145.0000 39.9786
146.0000 39.9789
147.0000 39.9792
148.0000 39.9795
149.0000 39.9798
150.0000 39.9801
151.0000 39.9804
152.0000 39.9807
153.0000 39.9809
154.0000 39.9812
155.0000 39.9815
156.0000 39.9817
157.0000 39.9819
158.0000 39.9822
159.0000 39.9824
160.0000 39.9826
161.0000 39.9828
162.0000 39.9830
163.0000 39.9832
164.0000 39.9834
165.0000 39.9836
166.0000 39.9838
167.0000 39.9840
168.0000 39.9842
169.0000 39.9844
170.0000 39.9846
171.0000 39.9848
172.0000 39.9850
173.0000 39.9852
174.0000 39.9853
175.0000 39.9855
176.0000 39.9857
177.0000 39.9858
178.0000 39.9860
179.0000 39.9861
180.0000 39.9862
181.0000 39.9863
182.0000 39.9864
183.0000 39.9865
184.0000 39.9866
185.0000 39.9867
186.0000 39.9868
187.0000 39.9869
188.0000 39.9870
189.0000 39.9871
190.0000 39.9872
191.0000 39.9873
192.0000 39.9874
193.0000 39.9875
194.0000 39.9876
195.0000 39.9877
196.0000 39.9879
197.0000 39.9880
198.0000 39.9881
199.0000 39.9882
200.0000 39.9884
201.0000 39.9885
202.0000 39.9886
203.0000 39.9888
204.0000 39.9889
205.0000 39.9891
206.0000 39.9892
207.0000 39.9893
208.0000 39.9895
209.0000 39.9896
210.0000 39.9897
211.0000 39.9898
212.0000 39.9900
213.0000 39.9900
214.0000 39.9901
215.0000 39.9902
216.0000 39.9903
217.0000 39.9904
218.0000 39.9904
219.0000 39.9905
220.0000 39.9906
221.0000 39.9907
222.0000 39.9909
223.0000 39.9910
224.0000 39.9911
225.0000 39.9913
226.0000 39.9914
227.0000 39.9915
228.0000 39.9916
229.0000 39.9917
230.0000 39.9918
231.0000 39.9919
232.0000 39.9920
233.0000 39.9921
234.0000 39.9922
235.0000 39.9922
236.0000 39.9923
237.0000 39.9924
238.0000 39.9925
239.0000 39.9926
240.0000 39.9927
241.0000 39.9928
242.0000 39.9929
243.0000 39.9930
244.0000 39.9931
245.0000 39.9932
246.0000 39.9933
247.0000 39.9934
248.0000 39.9934
249.0000 39.9935
250.0000 39.9936
251.0000 39.9936
252.0000 39.9937
253.0000 39.9938
254.0000 39.9938
255.0000 39.9939
256.0000 39.9940
257.0000 39.9941
258.0000 39.9941
259.0000 39.9942
260.0000 39.9943
261.0000 39.9944
262.0000 39.9945
263.0000 39.9946
264.0000 39.9946
265.0000 39.9947
266.0000 39.9948
267.0000 39.9948
268.0000 39.9949
269.0000 39.9949
270.0000 39.9949
271.0000 39.9950
272.0000 39.9950
273.0000 39.9950
274.0000 39.9950
275.0000 39.9950
276.0000 39.9951
277.0000 39.9951
278.0000 39.9952
279.0000 39.9952
280.0000 39.9953
281.0000 39.9954
282.0000 39.9954
283.0000 39.9955
284.0000 39.9956
285.0000 39.9956
286.0000 39.9957
287.0000 39.9958
288.0000 39.9958
289.0000 39.9960
290.0000 39.9961
291.0000 39.9963
292.0000 39.9965
293.0000 39.9968
294.0000 39.9972
295.0000 39.9977
296.0000 39.9984
297.0000 39.9991
298.0000 40.0000
299.0000 40.0010
300.0000 40.0022
301.0000 40.0035
302.0000 40.0049
303.0000 40.0065
304.0000 40.0082
305.0000 40.0101
306.0000 40.0120
307.0000 40.0140
308.0000 40.0161
309.0000 40.0182
310.0000 40.0204
311.0000 40.0226
312.0000 40.0248
313.0000 40.0271
314.0000 40.0293
315.0000 40.0315
316.0000 40.0337
317.0000 40.0358
318.0000 40.0378
319.0000 40.0398
320.0000 40.0417
321.0000 40.0435
322.0000 40.0453
323.0000 40.0469
324.0000 40.0485
325.0000 40.0500
326.0000 40.0514
327.0000 40.0526
328.0000 40.0538
329.0000 40.0549
330.0000 40.0559
331.0000 40.0568
332.0000 40.0576
333.0000 40.0532
334.0000 40.0357
335.0000 40.0016
336.0000 39.9497
337.0000 39.8804
338.0000 39.7954
339.0000 39.6967
340.0000 39.5869
341.0000 39.4687
342.0000 39.3448
343.0000 39.2179
344.0000 39.0905
345.0000 38.9650
346.0000 38.8436
347.0000 38.7282
348.0000 38.6202
349.0000 38.5209
350.0000 38.4308
351.0000 38.3502
352.0000 38.2791
353.0000 38.2170
354.0000 38.1635
355.0000 38.1178
356.0000 38.0792
357.0000 38.0468
358.0000 38.0199
359.0000 37.9976
360.0000 37.9793
361.0000 37.9642
362.0000 37.9519
363.0000 37.9417
364.0000 37.9334
365.0000 37.9267
366.0000 37.9212
367.0000 37.9168
368.0000 37.9135
369.0000 37.9111
370.0000 37.9095
371.0000 37.9087
372.0000 37.9087
373.0000 37.9094
374.0000 37.9108
375.0000 37.9128
376.0000 37.9155
377.0000 37.9186
378.0000 37.9222
379.0000 37.9261
380.0000 37.9303
381.0000 37.9347
382.0000 37.9392
383.0000 37.9438
384.0000 37.9484
385.0000 37.9528
386.0000 37.9572
387.0000 37.9613
388.0000 37.9652
389.0000 37.9689
390.0000 37.9723
391.0000 37.9755
392.0000 37.9784
393.0000 37.9810
394.0000 37.9834
395.0000 37.9855
396.0000 37.9874
397.0000 37.9891
398.0000 37.9905
399.0000 37.9918
400.0000 37.9929
401.0000 37.9939
402.0000 37.9948
403.0000 37.9955
404.0000 37.9961
405.0000 37.9967
406.0000 37.9971
407.0000 37.9975
408.0000 37.9979
409.0000 37.9981
410.0000 37.9984
411.0000 37.9985
412.0000 37.9987
413.0000 37.9988
414.0000 37.9989
415.0000 37.9989
416.0000 37.9989
417.0000 37.9989
418.0000 37.9989
419.0000 37.9988
420.0000 37.9988
421.0000 37.9987
422.0000 37.9986
423.0000 37.9985
424.0000 37.9984
425.0000 37.9983
426.0000 37.9982
427.0000 37.9981
428.0000 37.9980
429.0000 37.9979
430.0000 37.9977
431.0000 37.9976
432.0000 37.9976
433.0000 37.9975
434.0000 37.9974
435.0000 37.9974
436.0000 37.9973
437.0000 37.9973
438.0000 37.9973
439.0000 37.9972
440.0000 37.9972
441.0000 37.9972
442.0000 37.9972
443.0000 37.9972
444.0000 37.9973
445.0000 37.9973
446.0000 37.9972
447.0000 37.9972
448.0000 37.9972
449.0000 37.9972
450.0000 37.9972
451.0000 37.9972
452.0000 37.9972
453.0000 37.9972
454.0000 37.9972
455.0000 37.9972
456.0000 37.9972
457.0000 37.9972
458.0000 37.9972
459.0000 37.9972
460.0000 37.9973
461.0000 37.9973
462.0000 37.9973
463.0000 37.9973
464.0000 37.9974
465.0000 37.9974
466.0000 37.9974
467.0000 37.9974
468.0000 37.9974
469.0000 37.9974
470.0000 37.9975
471.0000 37.9975
472.0000 37.9975
473.0000 37.9975
474.0000 37.9975
475.0000 37.9976
476.0000 37.9976
477.0000 37.9976
478.0000 37.9977
479.0000 37.9977
480.0000 37.9977
481.0000 37.9978
482.0000 37.9978
483.0000 37.9979
484.0000 37.9979
485.0000 37.9980
486.0000 37.9980
487.0000 37.9981
488.0000 37.9982
489.0000 37.9982
490.0000 37.9983
491.0000 37.9983
492.0000 37.9983
493.0000 37.9984
494.0000 37.9984
495.0000 37.9985
496.0000 37.9985
497.0000 37.9985
498.0000 37.9985
499.0000 37.9986
500.0000 37.9986
501.0000 37.9986
502.0000 37.9986
503.0000 37.9986
504.0000 37.9986
505.0000 37.9986
506.0000 37.9986
507.0000 37.9986
508.0000 37.9987
509.0000 37.9987
510.0000 37.9987
511.0000 37.9987
512.0000 37.9987
513.0000 37.9987
514.0000 37.9987
515.0000 37.9988
516.0000 37.9988
517.0000 37.9988
518.0000 37.9989
519.0000 37.9989
520.0000 37.9989
521.0000 37.9989
522.0000 37.9989
523.0000 37.9989
524.0000 37.9989
525.0000 37.9989
526.0000 37.9989
527.0000 37.9989
528.0000 37.9989
529.0000 37.9989
530.0000 37.9989
531.0000 37.9989
532.0000 37.9990
533.0000 37.9990
534.0000 37.9990
535.0000 37.9990
536.0000 37.9990
537.0000 37.9990
538.0000 37.9990
539.0000 37.9990
540.0000 37.9990
541.0000 37.9990
542.0000 37.9990
543.0000 37.9990
544.0000 37.9990
545.0000 37.9990
546.0000 37.9990
547.0000 37.9990
548.0000 37.9991
549.0000 37.9991
550.0000 37.9991
551.0000 37.9991
552.0000 37.9991
553.0000 37.9991
554.0000 37.9991
555.0000 37.9992
556.0000 37.9992
557.0000 37.9992
558.0000 37.9992
559.0000 37.9992
560.0000 37.9992
561.0000 37.9992
562.0000 37.9992
563.0000 37.9992
564.0000 37.9992
565.0000 37.9992
566.0000 37.9993
567.0000 37.9993
568.0000 37.9993
569.0000 37.9994
570.0000 37.9994
571.0000 37.9995
572.0000 37.9995
573.0000 37.9996
574.0000 37.9996
575.0000 37.9997
576.0000 37.9997
577.0000 37.9998
578.0000 37.9998
579.0000 37.9998
580.0000 37.9999
581.0000 37.9999
582.0000 37.9999
583.0000 37.9999
584.0000 38.0000
585.0000 38.0000
586.0000 38.0000
587.0000 38.0001
588.0000 38.0001
589.0000 38.0001
590.0000 38.0001
591.0000 38.0000
592.0000 37.9999
593.0000 37.9998
594.0000 37.9996
595.0000 37.9994
596.0000 37.9991
597.0000 37.9987
598.0000 37.9983
599.0000 37.9978
600.0000 37.9971
