1.0000 36.5000
2.0000 36.5000
3.0000 36.5000
4.0000 36.5000
5.0000 36.5000
6.0000 36.5000
7.0000 36.5000
8.0000 36.5000
9.0000 36.5000
10.0000 36.5000
11.0000 36.5000
12.0000 36.5000
13.0000 36.5000
14.0000 36.5000
15.0000 36.5000
16.0000 36.5000
17.0000 36.5000
18.0000 36.5000
19.0000 36.5000
20.0000 36.4991
21.0000 36.4975
22.0000 36.4953
23.0000 36.4925
24.0000 36.4892
25.0000 36.4856
26.0000 36.4816
27.0000 36.4774
28.0000 36.4730
29.0000 36.4685
30.0000 36.4638
31.0000 36.4592
32.0000 36.4545
33.0000 36.4524
34.0000 36.4572
35.0000 36.4722
36.0000 36.5000
37.0000 36.5423
38.0000 36.6002
39.0000 36.6743
40.0000 36.7648
41.0000 36.8712
42.0000 36.9931
43.0000 37.1295
44.0000 37.2792
45.0000 37.4409
46.0000 37.6130
47.0000 37.7939
48.0000 37.9818
49.0000 38.1748
50.0000 38.3712
51.0000 38.5692
52.0000 38.7669
53.0000 38.9628
54.0000 39.1552
55.0000 39.3428
56.0000 39.5241
57.0000 39.6979
58.0000 39.8632
59.0000 40.0190
60.0000 40.1645
61.0000 40.2991
62.0000 40.4223
63.0000 40.5336
64.0000 40.6329
65.0000 40.7201
66.0000 40.7950
67.0000 40.8578
68.0000 40.9088
69.0000 40.9482
70.0000 40.9765
71.0000 40.9940
72.0000 41.0013
73.0000 40.9991
74.0000 40.9878
75.0000 40.9683
76.0000 40.9412
77.0000 40.9072
78.0000 40.8671
79.0000 40.8217
80.0000 40.7716
81.0000 40.7176
82.0000 40.6604
83.0000 40.6009
84.0000 40.5395
85.0000 40.4770
86.0000 40.4140
87.0000 40.3512
88.0000 40.2890
89.0000 40.2279
90.0000 40.1684
91.0000 40.1110
92.0000 40.0560
93.0000 40.0038
94.0000 39.9546
95.0000 39.9086
96.0000 39.8662
97.0000 39.8273
98.0000 39.7922
99.0000 39.7609
100.0000 39.7335
101.0000 39.7098
102.0000 39.6900
103.0000 39.6739
104.0000 39.6615
105.0000 39.6526
106.0000 39.6470
107.0000 39.6447
108.0000 39.6454
109.0000 39.6489
110.0000 39.6550
111.0000 39.6635
112.0000 39.6742
113.0000 39.6869
114.0000 39.7012
115.0000 39.7170
116.0000 39.7341
117.0000 39.7522
118.0000 39.7711
119.0000 39.7905
120.0000 39.8104
121.0000 39.8304
122.0000 39.8504
123.0000 39.8702
124.0000 39.8897
125.0000 39.9087
126.0000 39.9271
127.0000 39.9447
128.0000 39.9615
129.0000 39.9774
130.0000 39.9922
131.0000 40.0060
132.0000 40.0187
133.0000 40.0302
134.0000 40.0405
135.0000 40.0496
136.0000 40.0575
137.0000 40.0642
138.0000 40.0697
139.0000 40.0741
140.0000 40.0774
141.0000 40.0797
142.0000 40.0809
143.0000 40.0811
144.0000 40.0805
145.0000 40.0791
146.0000 40.0768
147.0000 40.0739
148.0000 40.0704
149.0000 40.0663
150.0000 40.0618
151.0000 40.0568
152.0000 40.0516
153.0000 40.0460
154.0000 40.0403
155.0000 40.0345
156.0000 40.0285
157.0000 40.0226
158.0000 40.0167
159.0000 40.0109
160.0000 40.0053
161.0000 39.9998
162.0000 39.9946
163.0000 39.9896
164.0000 39.9849
165.0000 39.9805
166.0000 39.9765
167.0000 39.9728
168.0000 39.9694
169.0000 39.9665
170.0000 39.9639
171.0000 39.9616
172.0000 39.9598
173.0000 39.9582
174.0000 39.9571
175.0000 39.9563
176.0000 39.9558
177.0000 39.9556
178.0000 39.9558
179.0000 39.9562
180.0000 39.9568
181.0000 39.9577
182.0000 39.9588
183.0000 39.9601
184.0000 39.9616
185.0000 39.9632
186.0000 39.9649
187.0000 39.9667
188.0000 39.9686
189.0000 39.9706
190.0000 39.9726
191.0000 39.9746
192.0000 39.9766
193.0000 39.9785
194.0000 39.9805
195.0000 39.9824
196.0000 39.9842
197.0000 39.9860
198.0000 39.9877
199.0000 39.9893
200.0000 39.9908
201.0000 39.9922
202.0000 39.9935
203.0000 39.9946
204.0000 39.9957
205.0000 39.9966
206.0000 39.9974
207.0000 39.9982
208.0000 39.9988
209.0000 39.9992
210.0000 39.9996
211.0000 39.9999
212.0000 40.0001
213.0000 40.0002
214.0000 40.0002
215.0000 40.0001
216.0000 40.0000
217.0000 39.9998
218.0000 39.9995
219.0000 39.9992
220.0000 39.9989
221.0000 39.9985
222.0000 39.9980
223.0000 39.9976
224.0000 39.9971
225.0000 39.9966
226.0000 39.9962
227.0000 39.9957
228.0000 39.9952
229.0000 39.9947
230.0000 39.9943
231.0000 39.9938
232.0000 39.9934
233.0000 39.9930
234.0000 39.9927
235.0000 39.9923
236.0000 39.9920
237.0000 39.9918
238.0000 39.9915
239.0000 39.9913
240.0000 39.9912
241.0000 39.9910
242.0000 39.9910
243.0000 39.9909
244.0000 39.9909
245.0000 39.9909
246.0000 39.9909
247.0000 39.9910
248.0000 39.9910
249.0000 39.9912
250.0000 39.9913
251.0000 39.9914
252.0000 39.9916
253.0000 39.9918
254.0000 39.9920
255.0000 39.9922
256.0000 39.9924
257.0000 39.9927
258.0000 39.9929
259.0000 39.9931
260.0000 39.9934
261.0000 39.9936
262.0000 39.9939
263.0000 39.9941
264.0000 39.9944
265.0000 39.9946
266.0000 39.9948
267.0000 39.9950
268.0000 39.9952
269.0000 39.9954
270.0000 39.9956
271.0000 39.9958
272.0000 39.9959
273.0000 39.9961
274.0000 39.9962
275.0000 39.9963
276.0000 39.9965
277.0000 39.9966
278.0000 39.9966
279.0000 39.9967
280.0000 39.9968
281.0000 39.9968
282.0000 39.9969
283.0000 39.9969
284.0000 39.9969
285.0000 39.9969
286.0000 39.9969
287.0000 39.9969
288.0000 39.9969
289.0000 39.9969
290.0000 39.9969
291.0000 39.9969
292.0000 39.9969
293.0000 39.9969
294.0000 39.9969
295.0000 39.9969
296.0000 39.9970
297.0000 39.9971
298.0000 39.9972
299.0000 39.9973
300.0000 39.9975
301.0000 39.9977
302.0000 39.9980
303.0000 39.9984
304.0000 39.9988
305.0000 39.9993
306.0000 39.9999
307.0000 40.0006
308.0000 40.0014
309.0000 40.0023
310.0000 40.0033
311.0000 40.0044
312.0000 40.0056
313.0000 40.0069
314.0000 40.0084
315.0000 40.0100
316.0000 40.0117
317.0000 40.0135
318.0000 40.0155
319.0000 40.0175
320.0000 40.0197
321.0000 40.0220
322.0000 40.0244
323.0000 40.0268
324.0000 40.0294
325.0000 40.0321
326.0000 40.0348
327.0000 40.0375
328.0000 40.0403
329.0000 40.0431
330.0000 40.0460
331.0000 40.0488
332.0000 40.0516
333.0000 40.0530
334.0000 40.0504
335.0000 40.0419
336.0000 40.0262
337.0000 40.0022
338.0000 39.9693
339.0000 39.9271
340.0000 39.8755
341.0000 39.8148
342.0000 39.7452
343.0000 39.6672
344.0000 39.5815
345.0000 39.4889
346.0000 39.3902
347.0000 39.2863
348.0000 39.1783
349.0000 39.0671
350.0000 38.9539
351.0000 38.8395
352.0000 38.7250
353.0000 38.6114
354.0000 38.4995
355.0000 38.3902
356.0000 38.2842
357.0000 38.1822
358.0000 38.0849
359.0000 37.9928
360.0000 37.9064
361.0000 37.8260
362.0000 37.7521
363.0000 37.6847
364.0000 37.6241
365.0000 37.5704
366.0000 37.5237
367.0000 37.4838
368.0000 37.4507
369.0000 37.4242
370.0000 37.4042
371.0000 37.3904
372.0000 37.3826
373.0000 37.3804
374.0000 37.3835
375.0000 37.3916
376.0000 37.4042
377.0000 37.4210
378.0000 37.4416
379.0000 37.4655
380.0000 37.4924
381.0000 37.5218
382.0000 37.5534
383.0000 37.5866
384.0000 37.6212
385.0000 37.6568
386.0000 37.6930
387.0000 37.7294
388.0000 37.7658
389.0000 37.8017
390.0000 37.8371
391.0000 37.8715
392.0000 37.9048
393.0000 37.9368
394.0000 37.9673
395.0000 37.9960
396.0000 38.0229
397.0000 38.0479
398.0000 38.0709
399.0000 38.0918
400.0000 38.1106
401.0000 38.1272
402.0000 38.1416
403.0000 38.1539
404.0000 38.1641
405.0000 38.1723
406.0000 38.1784
407.0000 38.1826
408.0000 38.1850
409.0000 38.1856
410.0000 38.1846
411.0000 38.1821
412.0000 38.1782
413.0000 38.1729
414.0000 38.1666
415.0000 38.1591
416.0000 38.1508
417.0000 38.1417
418.0000 38.1320
419.0000 38.1217
420.0000 38.1111
421.0000 38.1001
422.0000 38.0890
423.0000 38.0778
424.0000 38.0666
425.0000 38.0555
426.0000 38.0447
427.0000 38.0341
428.0000 38.0239
429.0000 38.0141
430.0000 38.0047
431.0000 37.9959
432.0000 37.9877
433.0000 37.9801
434.0000 37.9731
435.0000 37.9667
436.0000 37.9610
437.0000 37.9560
438.0000 37.9516
439.0000 37.9479
440.0000 37.9449
441.0000 37.9424
442.0000 37.9407
443.0000 37.9395
444.0000 37.9388
445.0000 37.9387
446.0000 37.9391
447.0000 37.9400
448.0000 37.9413
449.0000 37.9430
450.0000 37.9451
451.0000 37.9474
452.0000 37.9501
453.0000 37.9530
454.0000 37.9560
455.0000 37.9593
456.0000 37.9626
457.0000 37.9661
458.0000 37.9696
459.0000 37.9731
460.0000 37.9766
461.0000 37.9800
462.0000 37.9834
463.0000 37.9867
464.0000 37.9899
465.0000 37.9929
466.0000 37.9958
467.0000 37.9985
468.0000 38.0011
469.0000 38.0034
470.0000 38.0056
471.0000 38.0076
472.0000 38.0093
473.0000 38.0109
474.0000 38.0122
475.0000 38.0133
476.0000 38.0143
477.0000 38.0150
478.0000 38.0155
479.0000 38.0159
480.0000 38.0161
481.0000 38.0161
482.0000 38.0160
483.0000 38.0157
484.0000 38.0153
485.0000 38.0148
486.0000 38.0141
487.0000 38.0134
488.0000 38.0126
489.0000 38.0117
490.0000 38.0108
491.0000 38.0098
492.0000 38.0088
493.0000 38.0078
494.0000 38.0067
495.0000 38.0057
496.0000 38.0047
497.0000 38.0036
498.0000 38.0026
499.0000 38.0017
500.0000 38.0007
501.0000 37.9999
502.0000 37.9990
503.0000 37.9982
504.0000 37.9975
505.0000 37.9968
506.0000 37.9962
507.0000 37.9957
508.0000 37.9952
509.0000 37.9948
510.0000 37.9944
511.0000 37.9941
512.0000 37.9939
513.0000 37.9937
514.0000 37.9935
515.0000 37.9935
516.0000 37.9935
517.0000 37.9935
518.0000 37.9936
519.0000 37.9937
520.0000 37.9939
521.0000 37.9941
522.0000 37.9943
523.0000 37.9945
524.0000 37.9948
525.0000 37.9951
526.0000 37.9954
527.0000 37.9957
528.0000 37.9960
529.0000 37.9964
530.0000 37.9967
531.0000 37.9970
532.0000 37.9974
533.0000 37.9977
534.0000 37.9980
535.0000 37.9983
536.0000 37.9986
537.0000 37.9989
538.0000 37.9992
539.0000 37.9994
540.0000 37.9996
541.0000 37.9998
542.0000 38.0000
543.0000 38.0002
544.0000 38.0003
545.0000 38.0005
546.0000 38.0006
547.0000 38.0007
548.0000 38.0007
549.0000 38.0008
550.0000 38.0008
551.0000 38.0009
552.0000 38.0009
553.0000 38.0009
554.0000 38.0008
555.0000 38.0008
556.0000 38.0007
557.0000 38.0007
558.0000 38.0006
559.0000 38.0006
560.0000 38.0005
561.0000 38.0004
562.0000 38.0003
563.0000 38.0002
564.0000 38.0001
565.0000 38.0000
566.0000 37.9999
567.0000 37.9998
568.0000 37.9997
569.0000 37.9996
570.0000 37.9995
571.0000 37.9995
572.0000 37.9994
573.0000 37.9993
574.0000 37.9993
575.0000 37.9992
576.0000 37.9992
577.0000 37.9991
578.0000 37.9991
579.0000 37.9991
580.0000 37.9990
581.0000 37.9990
582.0000 37.9990
583.0000 37.9990
584.0000 37.9990
585.0000 37.9991
586.0000 37.9991
587.0000 37.9991
588.0000 37.9992
589.0000 37.9992
590.0000 37.9993
591.0000 37.9993
592.0000 37.9994
593.0000 37.9994
594.0000 37.9995
595.0000 37.9995
596.0000 37.9995
597.0000 37.9996
598.0000 37.9996
599.0000 37.9995
600.0000 37.9995
