1.0000 36.5000
2.0000 36.5000
3.0000 36.5000
4.0000 36.5000
5.0000 36.5000
6.0000 36.5000
7.0000 36.5000
8.0000 36.5000
9.0000 36.5000
10.0000 36.5000
11.0000 36.5000
12.0000 36.5000
13.0000 36.5000
14.0000 36.5000
15.0000 36.5000
16.0000 36.5000
17.0000 36.5000
18.0000 36.5000
19.0000 36.5000
20.0000 36.4991
21.0000 36.4975
22.0000 36.4953
23.0000 36.4925
24.0000 36.4892
25.0000 36.4856
26.0000 36.4816
27.0000 36.4775
28.0000 36.4731
29.0000 36.4686
30.0000 36.4641
31.0000 36.4596
32.0000 36.4551
33.0000 36.4547
34.0000 36.4654
35.0000 36.4917
36.0000 36.5367
37.0000 36.6022
38.0000 36.6886
39.0000 36.7957
40.0000 36.9226
41.0000 37.0676
42.0000 37.2289
43.0000 37.4042
44.0000 37.5908
45.0000 37.7863
46.0000 37.9877
47.0000 38.1923
48.0000 38.3975
49.0000 38.6005
50.0000 38.7991
51.0000 38.9911
52.0000 39.1748
53.0000 39.3484
54.0000 39.5109
55.0000 39.6612
56.0000 39.7986
57.0000 39.9228
58.0000 40.0334
59.0000 40.1306
60.0000 40.2146
61.0000 40.2858
62.0000 40.3447
63.0000 40.3919
64.0000 40.4282
65.0000 40.4543
66.0000 40.4713
67.0000 40.4798
68.0000 40.4809
69.0000 40.4754
70.0000 40.4641
71.0000 40.4480
72.0000 40.4278
73.0000 40.4042
74.0000 40.3780
75.0000 40.3498
76.0000 40.3203
77.0000 40.2899
78.0000 40.2591
79.0000 40.2284
80.0000 40.1982
81.0000 40.1688
82.0000 40.1403
83.0000 40.1132
84.0000 40.0875
85.0000 40.0634
86.0000 40.0409
87.0000 40.0203
88.0000 40.0014
89.0000 39.9843
90.0000 39.9691
91.0000 39.9556
92.0000 39.9438
93.0000 39.9337
94.0000 39.9252
95.0000 39.9181
96.0000 39.9125
97.0000 39.9082
98.0000 39.9051
99.0000 39.9031
100.0000 39.9021
101.0000 39.9020
102.0000 39.9028
103.0000 39.9042
104.0000 39.9062
105.0000 39.9087
106.0000 39.9117
107.0000 39.9150
108.0000 39.9186
109.0000 39.9223
110.0000 39.9263
111.0000 39.9302
112.0000 39.9342
113.0000 39.9382
114.0000 39.9421
115.0000 39.9460
116.0000 39.9496
117.0000 39.9532
118.0000 39.9565
119.0000 39.9597
120.0000 39.9627
121.0000 39.9654
122.0000 39.9679
123.0000 39.9703
124.0000 39.9724
125.0000 39.9743
126.0000 39.9760
127.0000 39.9775
128.0000 39.9788
129.0000 39.9799
130.0000 39.9809
131.0000 39.9817
132.0000 39.9824
133.0000 39.9829
134.0000 39.9833
135.0000 39.9837
136.0000 39.9839
137.0000 39.9840
138.0000 39.9841
139.0000 39.9841
140.0000 39.9840
141.0000 39.9839
142.0000 39.9838
143.0000 39.9836
144.0000 39.9834
145.0000 39.9833
146.0000 39.9831
147.0000 39.9829
148.0000 39.9827
149.0000 39.9826
150.0000 39.9824
151.0000 39.9823
152.0000 39.9822
153.0000 39.9821
154.0000 39.9820
155.0000 39.9820
156.0000 39.9820
157.0000 39.9820
158.0000 39.9820
159.0000 39.9821
160.0000 39.9821
161.0000 39.9822
162.0000 39.9823
163.0000 39.9825
164.0000 39.9826
165.0000 39.9828
166.0000 39.9830
167.0000 39.9831
168.0000 39.9833
169.0000 39.9836
170.0000 39.9838
171.0000 39.9840
172.0000 39.9842
173.0000 39.9845
174.0000 39.9847
175.0000 39.9849
176.0000 39.9851
177.0000 39.9854
178.0000 39.9856
179.0000 39.9858
180.0000 39.9860
181.0000 39.9862
182.0000 39.9864
183.0000 39.9866
184.0000 39.9867
185.0000 39.9869
186.0000 39.9871
187.0000 39.9872
188.0000 39.9873
189.0000 39.9875
190.0000 39.9876
191.0000 39.9877
192.0000 39.9878
193.0000 39.9879
194.0000 39.9880
195.0000 39.9881
196.0000 39.9882
197.0000 39.9883
198.0000 39.9884
199.0000 39.9884
200.0000 39.9885
201.0000 39.9886
202.0000 39.9887
203.0000 39.9888
204.0000 39.9889
205.0000 39.9890
206.0000 39.9891
207.0000 39.9892
208.0000 39.9893
209.0000 39.9894
210.0000 39.9895
211.0000 39.9897
212.0000 39.9898
213.0000 39.9899
214.0000 39.9900
215.0000 39.9901
216.0000 39.9902
217.0000 39.9904
218.0000 39.9905
219.0000 39.9906
220.0000 39.9907
221.0000 39.9908
222.0000 39.9909
223.0000 39.9910
224.0000 39.9911
225.0000 39.9912
226.0000 39.9913
227.0000 39.9915
228.0000 39.9916
229.0000 39.9917
230.0000 39.9918
231.0000 39.9919
232.0000 39.9920
233.0000 39.9921
234.0000 39.9922
235.0000 39.9923
236.0000 39.9924
237.0000 39.9925
238.0000 39.9926
239.0000 39.9927
240.0000 39.9928
241.0000 39.9929
242.0000 39.9930
243.0000 39.9931
244.0000 39.9931
245.0000 39.9932
246.0000 39.9933
247.0000 39.9934
248.0000 39.9935
249.0000 39.9936
250.0000 39.9937
251.0000 39.9937
252.0000 39.9938
253.0000 39.9939
254.0000 39.9939
255.0000 39.9940
256.0000 39.9941
257.0000 39.9941
258.0000 39.9942
259.0000 39.9943
260.0000 39.9944
261.0000 39.9944
262.0000 39.9945
263.0000 39.9946
264.0000 39.9946
265.0000 39.9947
266.0000 39.9948
267.0000 39.9948
268.0000 39.9949
269.0000 39.9950
270.0000 39.9950
271.0000 39.9951
272.0000 39.9951
273.0000 39.9951
274.0000 39.9952
275.0000 39.9952
276.0000 39.9953
277.0000 39.9953
278.0000 39.9953
279.0000 39.9954
280.0000 39.9954
281.0000 39.9955
282.0000 39.9955
283.0000 39.9955
284.0000 39.9956
285.0000 39.9956
286.0000 39.9957
287.0000 39.9957
288.0000 39.9958
289.0000 39.9958
290.0000 39.9959
291.0000 39.9960
292.0000 39.9961
293.0000 39.9962
294.0000 39.9964
295.0000 39.9966
296.0000 39.9969
297.0000 39.9972
298.0000 39.9977
299.0000 39.9982
300.0000 39.9988
301.0000 39.9995
302.0000 40.0003
303.0000 40.0012
304.0000 40.0023
305.0000 40.0034
306.0000 40.0048
307.0000 40.0062
308.0000 40.0078
309.0000 40.0095
310.0000 40.0114
311.0000 40.0134
312.0000 40.0154
313.0000 40.0176
314.0000 40.0199
315.0000 40.0223
316.0000 40.0247
317.0000 40.0272
318.0000 40.0298
319.0000 40.0323
320.0000 40.0349
321.0000 40.0375
322.0000 40.0401
323.0000 40.0426
324.0000 40.0451
325.0000 40.0475
326.0000 40.0498
327.0000 40.0520
328.0000 40.0542
329.0000 40.0562
330.0000 40.0581
331.0000 40.0599
332.0000 40.0615
333.0000 40.0607
334.0000 40.0535
335.0000 40.0373
336.0000 40.0103
337.0000 39.9717
338.0000 39.9210
339.0000 39.8584
340.0000 39.7845
341.0000 39.7002
342.0000 39.6065
343.0000 39.5047
344.0000 39.3963
345.0000 39.2827
346.0000 39.1656
347.0000 39.0465
348.0000 38.9270
349.0000 38.8085
350.0000 38.6924
351.0000 38.5799
352.0000 38.4721
353.0000 38.3699
354.0000 38.2739
355.0000 38.1848
356.0000 38.1030
357.0000 38.0287
358.0000 37.9621
359.0000 37.9032
360.0000 37.8520
361.0000 37.8081
362.0000 37.7714
363.0000 37.7414
364.0000 37.7179
365.0000 37.7003
366.0000 37.6881
367.0000 37.6810
368.0000 37.6784
369.0000 37.6798
370.0000 37.6848
371.0000 37.6928
372.0000 37.7034
373.0000 37.7161
374.0000 37.7306
375.0000 37.7465
376.0000 37.7634
377.0000 37.7810
378.0000 37.7990
379.0000 37.8172
380.0000 37.8353
381.0000 37.8531
382.0000 37.8704
383.0000 37.8872
384.0000 37.9032
385.0000 37.9184
386.0000 37.9327
387.0000 37.9461
388.0000 37.9584
389.0000 37.9698
390.0000 37.9801
391.0000 37.9894
392.0000 37.9976
393.0000 38.0049
394.0000 38.0113
395.0000 38.0167
396.0000 38.0212
397.0000 38.0250
398.0000 38.0279
399.0000 38.0302
400.0000 38.0318
401.0000 38.0328
402.0000 38.0333
403.0000 38.0333
404.0000 38.0329
405.0000 38.0321
406.0000 38.0310
407.0000 38.0296
408.0000 38.0280
409.0000 38.0262
410.0000 38.0243
411.0000 38.0223
412.0000 38.0202
413.0000 38.0181
414.0000 38.0160
415.0000 38.0139
416.0000 38.0118
417.0000 38.0098
418.0000 38.0079
419.0000 38.0061
420.0000 38.0044
421.0000 38.0028
422.0000 38.0014
423.0000 38.0000
424.0000 37.9988
425.0000 37.9976
426.0000 37.9966
427.0000 37.9958
428.0000 37.9950
429.0000 37.9944
430.0000 37.9938
431.0000 37.9934
432.0000 37.9930
433.0000 37.9927
434.0000 37.9926
435.0000 37.9924
436.0000 37.9924
437.0000 37.9924
438.0000 37.9925
439.0000 37.9926
440.0000 37.9928
441.0000 37.9929
442.0000 37.9932
443.0000 37.9934
444.0000 37.9937
445.0000 37.9940
446.0000 37.9942
447.0000 37.9945
448.0000 37.9948
449.0000 37.9951
450.0000 37.9954
451.0000 37.9956
452.0000 37.9959
453.0000 37.9961
454.0000 37.9963
455.0000 37.9966
456.0000 37.9968
457.0000 37.9969
458.0000 37.9971
459.0000 37.9973
460.0000 37.9974
461.0000 37.9975
462.0000 37.9976
463.0000 37.9977
464.0000 37.9978
465.0000 37.9979
466.0000 37.9979
467.0000 37.9980
468.0000 37.9980
469.0000 37.9980
470.0000 37.9981
471.0000 37.9981
472.0000 37.9981
473.0000 37.9981
474.0000 37.9981
475.0000 37.9981
476.0000 37.9981
477.0000 37.9980
478.0000 37.9980
479.0000 37.9980
480.0000 37.9980
481.0000 37.9980
482.0000 37.9980
483.0000 37.9980
484.0000 37.9980
485.0000 37.9980
486.0000 37.9981
487.0000 37.9981
488.0000 37.9981
489.0000 37.9981
490.0000 37.9981
491.0000 37.9982
492.0000 37.9982
493.0000 37.9982
494.0000 37.9983
495.0000 37.9983
496.0000 37.9984
497.0000 37.9984
498.0000 37.9984
499.0000 37.9985
500.0000 37.9985
501.0000 37.9986
502.0000 37.9986
503.0000 37.9986
504.0000 37.9987
505.0000 37.9987
506.0000 37.9987
507.0000 37.9987
508.0000 37.9988
509.0000 37.9988
510.0000 37.9988
511.0000 37.9988
512.0000 37.9988
513.0000 37.9988
514.0000 37.9989
515.0000 37.9989
516.0000 37.9989
517.0000 37.9989
518.0000 37.9989
519.0000 37.9989
520.0000 37.9989
521.0000 37.9989
522.0000 37.9990
523.0000 37.9990
524.0000 37.9990
525.0000 37.9990
526.0000 37.9990
527.0000 37.9990
528.0000 37.9990
529.0000 37.9990
530.0000 37.9990
531.0000 37.9990
532.0000 37.9990
533.0000 37.9990
534.0000 37.9990
535.0000 37.9990
536.0000 37.9990
537.0000 37.9990
538.0000 37.9990
539.0000 37.9990
540.0000 37.9990
541.0000 37.9990
542.0000 37.9990
543.0000 37.9990
544.0000 37.9990
545.0000 37.9990
546.0000 37.9990
547.0000 37.9990
548.0000 37.9990
549.0000 37.9991
550.0000 37.9991
551.0000 37.9991
552.0000 37.9991
553.0000 37.9991
554.0000 37.9991
555.0000 37.9991
556.0000 37.9991
557.0000 37.9991
558.0000 37.9991
559.0000 37.9991
560.0000 37.9991
561.0000 37.9992
562.0000 37.9992
563.0000 37.9992
564.0000 37.9992
565.0000 37.9992
566.0000 37.9992
567.0000 37.9992
568.0000 37.9992
569.0000 37.9993
570.0000 37.9993
571.0000 37.9993
572.0000 37.9993
573.0000 37.9994
574.0000 37.9994
575.0000 37.9994
576.0000 37.9995
577.0000 37.9995
578.0000 37.9996
579.0000 37.9996
580.0000 37.9997
581.0000 37.9997
582.0000 37.9997
583.0000 37.9998
584.0000 37.9998
585.0000 37.9999
586.0000 37.9999
587.0000 38.0000
588.0000 38.0000
589.0000 38.0000
590.0000 38.0001
591.0000 38.0001
592.0000 38.0001
593.0000 38.0001
594.0000 38.0001
595.0000 38.0000
596.0000 37.9999
597.0000 37.9998
598.0000 37.9996
599.0000 37.9994
600.0000 37.9991
