1.0000 0.0000
2.0000 0.0000
3.0000 0.0000
4.0000 0.0000
5.0000 0.0000
6.0000 0.0000
7.0000 0.0000
8.0000 0.0000
9.0000 0.0000
10.0000 0.0000
11.0000 0.0000
12.0000 0.0000
13.0000 0.0000
14.0000 0.0000
15.0000 0.0000
16.0000 0.0000
17.0000 0.0000
18.0000 0.0000
19.0000 0.0000
20.0000 0.0000
21.0000 0.0000
22.0000 0.0000
23.0000 0.0000
24.0000 0.0000
25.0000 0.0000
26.0000 0.0000
27.0000 0.0000
28.0000 0.0000
29.0000 0.0000
30.0000 0.0000
31.0000 0.0000
32.0000 0.0000
33.0000 0.0000
34.0000 0.0000
35.0000 0.0000
36.0000 0.0000
37.0000 0.0000
38.0000 0.0000
39.0000 0.0000
40.0000 0.0000
41.0000 0.0000
42.0000 0.0000
43.0000 0.0000
44.0000 0.0000
45.0000 0.0000
46.0000 0.0000
47.0000 0.0000
48.0000 0.0000
49.0000 0.0000
50.0000 0.0000
51.0000 0.0000
52.0000 0.0000
53.0000 0.0000
54.0000 0.0000
55.0000 0.0000
56.0000 0.0000
57.0000 0.0000
58.0000 0.0000
59.0000 0.0000
60.0000 0.0000
61.0000 0.0000
62.0000 0.0000
63.0000 0.0000
64.0000 0.0000
65.0000 0.0000
66.0000 0.0000
67.0000 0.0000
68.0000 0.0000
69.0000 0.0000
70.0000 0.0000
71.0000 0.0000
72.0000 0.0000
73.0000 0.0000
74.0000 0.0000
75.0000 0.0000
76.0000 0.0000
77.0000 0.0000
78.0000 0.0000
79.0000 0.0000
80.0000 0.0000
81.0000 0.0000
82.0000 0.0000
83.0000 0.0000
84.0000 0.0000
85.0000 0.0000
86.0000 0.0000
87.0000 0.0000
88.0000 0.0000
89.0000 0.0000
90.0000 0.0000
91.0000 0.0000
92.0000 0.0000
93.0000 0.0000
94.0000 0.0000
95.0000 0.0000
96.0000 0.0000
97.0000 0.0000
98.0000 0.0000
99.0000 0.0000
100.0000 0.0000
101.0000 0.0000
102.0000 0.0000
103.0000 0.0000
104.0000 0.0000
105.0000 0.0000
106.0000 0.0000
107.0000 0.0000
108.0000 0.0000
109.0000 0.0000
110.0000 18.1970
111.0000 -16.4654
112.0000 18.1971
113.0000 -16.4655
114.0000 18.1972
115.0000 -16.4656
116.0000 18.1974
117.0000 -16.4657
118.0000 18.1975
119.0000 -16.4659
120.0000 18.1976
121.0000 -16.4660
122.0000 18.1977
123.0000 -16.4661
124.0000 18.1978
125.0000 -16.4662
126.0000 18.1980
127.0000 -16.4663
128.0000 18.1981
129.0000 -16.4665
130.0000 18.1982
131.0000 -16.4666
132.0000 18.1983
133.0000 -16.4667
134.0000 18.1984
135.0000 -16.4668
136.0000 18.1985
137.0000 -16.4669
138.0000 18.1987
139.0000 -16.4671
140.0000 18.1988
141.0000 -16.4672
142.0000 18.1989
143.0000 -16.4673
144.0000 18.1990
145.0000 -16.4674
146.0000 18.1991
147.0000 -16.4675
148.0000 18.1993
149.0000 -16.4677
150.0000 18.1994
151.0000 -16.4678
152.0000 18.1995
153.0000 -16.4679
154.0000 18.1996
155.0000 -16.4680
156.0000 18.1997
157.0000 -16.4681
158.0000 18.1999
159.0000 -16.4682
160.0000 18.2000
161.0000 -16.4684
162.0000 18.2001
163.0000 -16.4685
164.0000 18.2002
165.0000 -16.4686
166.0000 18.2003
167.0000 -16.4687
168.0000 18.2005
169.0000 -16.4688
170.0000 18.2006
171.0000 -16.4690
172.0000 18.2007
173.0000 -16.4691
174.0000 18.2008
175.0000 -16.4692
176.0000 18.2009
177.0000 -16.4693
178.0000 18.2011
179.0000 -16.4694
180.0000 18.2012
181.0000 -16.4696
182.0000 18.2013
183.0000 -16.4697
184.0000 18.2014
185.0000 -16.4698
186.0000 18.2015
187.0000 -16.4699
188.0000 18.2016
189.0000 -16.4700
190.0000 18.2018
191.0000 -16.4702
192.0000 18.2019
193.0000 -16.4703
194.0000 18.2020
195.0000 -16.4704
196.0000 18.2021
197.0000 -16.4705
198.0000 18.2022
199.0000 -16.4706
200.0000 18.2024
201.0000 -16.4707
202.0000 18.2025
203.0000 -16.4709
204.0000 18.2026
205.0000 -16.4710
206.0000 18.2027
207.0000 -16.4711
208.0000 18.2028
209.0000 -16.4712
210.0000 18.2030
211.0000 -16.4713
212.0000 18.2031
213.0000 -16.4715
214.0000 18.2032
215.0000 -16.4716
216.0000 18.2033
217.0000 -16.4717
218.0000 18.2034
219.0000 -16.4718
220.0000 18.2036
221.0000 -16.4719
222.0000 18.2037
223.0000 -16.4721
224.0000 18.2038
225.0000 -16.4722
226.0000 18.2039
227.0000 -16.4723
228.0000 18.2040
229.0000 -16.4724
230.0000 18.2041
231.0000 -16.4725
232.0000 18.2043
233.0000 -16.4727
234.0000 18.2044
235.0000 -16.4728
236.0000 18.2045
237.0000 -16.4729
238.0000 18.2046
239.0000 -16.4730
240.0000 18.2047
241.0000 -16.4731
242.0000 18.2049
243.0000 -16.4733
244.0000 18.2050
245.0000 -16.4734
246.0000 18.2051
247.0000 -16.4735
248.0000 18.2052
249.0000 -16.4736
250.0000 18.2053
251.0000 -16.4737
252.0000 18.2055
253.0000 -16.4738
254.0000 18.2056
255.0000 -16.4740
256.0000 18.2057
257.0000 -16.4741
258.0000 18.2058
259.0000 -16.4742
260.0000 18.2059
261.0000 -16.4743
262.0000 18.2061
263.0000 -16.4744
264.0000 18.2062
265.0000 -16.4746
266.0000 18.2063
267.0000 -16.4747
268.0000 18.2064
269.0000 -16.4748
270.0000 18.2065
271.0000 -16.4749
272.0000 18.2067
273.0000 -16.4750
274.0000 18.2068
275.0000 -16.4752
276.0000 18.2069
277.0000 -16.4753
278.0000 18.2070
279.0000 -16.4754
280.0000 18.2071
281.0000 -16.4755
282.0000 18.2072
283.0000 -16.4756
284.0000 18.2074
285.0000 -16.4758
286.0000 18.2075
287.0000 -16.4759
288.0000 18.2076
289.0000 -16.4760
290.0000 18.2077
291.0000 -16.4761
292.0000 18.2078
293.0000 -16.4762
294.0000 18.2080
295.0000 -16.4764
296.0000 18.2081
297.0000 -16.4765
298.0000 18.2082
299.0000 -16.4766
300.0000 18.2083
301.0000 -16.4767
302.0000 18.2084
303.0000 -16.4768
304.0000 18.2086
305.0000 -16.4769
306.0000 18.2087
307.0000 -16.4771
308.0000 18.2088
309.0000 -16.4772
310.0000 18.2089
311.0000 -16.4773
312.0000 18.2090
313.0000 -16.4774
314.0000 18.2092
315.0000 -16.4775
316.0000 18.2093
317.0000 -16.4777
318.0000 18.2094
319.0000 -16.4778
320.0000 18.2095
321.0000 -16.4779
322.0000 18.2096
323.0000 -16.4780
324.0000 18.2097
325.0000 -16.4781
326.0000 18.2099
327.0000 -16.4783
328.0000 18.2100
329.0000 -16.4784
330.0000 18.2101
331.0000 -16.4785
332.0000 18.2102
333.0000 -16.4786
334.0000 18.2103
335.0000 -16.4787
336.0000 18.2105
337.0000 -16.4789
338.0000 18.2106
339.0000 -16.4790
340.0000 18.2107
341.0000 -16.4791
342.0000 18.2108
343.0000 -16.4792
344.0000 18.2109
345.0000 -16.4793
346.0000 18.2111
347.0000 -16.4795
348.0000 18.2112
349.0000 -16.4796
350.0000 18.2113
351.0000 -16.4797
352.0000 18.2114
353.0000 -16.4798
354.0000 18.2115
355.0000 -16.4799
356.0000 18.2117
357.0000 -16.4800
358.0000 18.2118
359.0000 -16.4802
360.0000 18.2119
361.0000 -16.4803
362.0000 18.2120
363.0000 -16.4804
364.0000 18.2121
365.0000 -16.4805
366.0000 18.2123
367.0000 -16.4806
368.0000 18.2124
369.0000 -16.4808
370.0000 18.2125
371.0000 -16.4809
372.0000 18.2126
373.0000 -16.4810
374.0000 18.2127
375.0000 -16.4811
376.0000 18.2128
377.0000 -16.4812
378.0000 18.2130
379.0000 -16.4814
380.0000 18.2131
381.0000 -16.4815
382.0000 18.2132
383.0000 -16.4816
384.0000 18.2133
385.0000 -16.4817
386.0000 18.2134
387.0000 -16.4818
388.0000 18.2136
389.0000 -16.4820
390.0000 18.2137
391.0000 -16.4821
392.0000 18.2138
393.0000 -16.4822
394.0000 18.2139
395.0000 -16.4823
396.0000 18.2140
397.0000 -16.4824
398.0000 18.2142
399.0000 -16.4825
400.0000 18.2143
401.0000 -16.4827
402.0000 18.2144
403.0000 -16.4828
404.0000 18.2145
405.0000 -16.4829
406.0000 18.2146
407.0000 -16.4830
408.0000 18.2148
409.0000 -16.4831
410.0000 -18.1791
411.0000 16.4475
412.0000 -18.1792
413.0000 16.4476
414.0000 -18.1794
415.0000 16.4478
416.0000 -18.1795
417.0000 16.4479
418.0000 -18.1796
419.0000 16.4480
420.0000 -18.1797
421.0000 16.4481
422.0000 -18.1798
423.0000 16.4482
424.0000 -18.1800
425.0000 16.4483
426.0000 -18.1801
427.0000 16.4485
428.0000 -18.1802
429.0000 16.4486
430.0000 -18.1803
431.0000 16.4487
432.0000 -18.1804
433.0000 16.4488
434.0000 -18.1806
435.0000 16.4489
436.0000 -18.1807
437.0000 16.4491
438.0000 -18.1808
439.0000 16.4492
440.0000 -18.1809
441.0000 16.4493
442.0000 -18.1810
443.0000 16.4494
444.0000 -18.1811
445.0000 16.4495
446.0000 -18.1813
447.0000 16.4497
448.0000 -18.1814
449.0000 16.4498
450.0000 -18.1815
451.0000 16.4499
452.0000 -18.1816
453.0000 16.4500
454.0000 -18.1817
455.0000 16.4501
456.0000 -18.1819
457.0000 16.4502
458.0000 -18.1820
459.0000 16.4504
460.0000 -18.1821
461.0000 16.4505
462.0000 -18.1822
463.0000 16.4506
464.0000 -18.1823
465.0000 16.4507
466.0000 -18.1825
467.0000 16.4508
468.0000 -18.1826
469.0000 16.4510
470.0000 -18.1827
471.0000 16.4511
472.0000 -18.1828
473.0000 16.4512
474.0000 -18.1829
475.0000 16.4513
476.0000 -18.1831
477.0000 16.4514
478.0000 -18.1832
479.0000 16.4516
480.0000 -18.1833
481.0000 16.4517
482.0000 -18.1834
483.0000 16.4518
484.0000 -18.1835
485.0000 16.4519
486.0000 -18.1836
487.0000 16.4520
488.0000 -18.1838
489.0000 16.4522
490.0000 -18.1839
491.0000 16.4523
492.0000 -18.1840
493.0000 16.4524
494.0000 -18.1841
495.0000 16.4525
496.0000 -18.1842
497.0000 16.4526
498.0000 -18.1844
499.0000 16.4527
500.0000 -18.1845
501.0000 16.4529
502.0000 -18.1846
503.0000 16.4530
504.0000 -18.1847
505.0000 16.4531
506.0000 -18.1848
507.0000 16.4532
508.0000 -18.1850
509.0000 16.4533
510.0000 -18.1851
511.0000 16.4535
512.0000 -18.1852
513.0000 16.4536
514.0000 -18.1853
515.0000 16.4537
516.0000 -18.1854
517.0000 16.4538
518.0000 -18.1856
519.0000 16.4539
520.0000 -18.1857
521.0000 16.4541
522.0000 -18.1858
523.0000 16.4542
524.0000 -18.1859
525.0000 16.4543
526.0000 -18.1860
527.0000 16.4544
528.0000 -18.1861
529.0000 16.4545
530.0000 -18.1863
531.0000 16.4547
532.0000 -18.1864
533.0000 16.4548
534.0000 -18.1865
535.0000 16.4549
536.0000 -18.1866
537.0000 16.4550
538.0000 -18.1867
539.0000 16.4551
540.0000 -18.1869
541.0000 16.4552
542.0000 -18.1870
543.0000 16.4554
544.0000 -18.1871
545.0000 16.4555
546.0000 -18.1872
547.0000 16.4556
548.0000 -18.1873
549.0000 16.4557
550.0000 -18.1875
551.0000 16.4558
552.0000 -18.1876
553.0000 16.4560
554.0000 -18.1877
555.0000 16.4561
556.0000 -18.1878
557.0000 16.4562
558.0000 -18.1879
559.0000 16.4563
560.0000 -18.1881
561.0000 16.4564
562.0000 -18.1882
563.0000 16.4566
564.0000 -18.1883
565.0000 16.4567
566.0000 -18.1884
567.0000 16.4568
568.0000 -18.1885
569.0000 16.4569
570.0000 -18.1886
571.0000 16.4570
572.0000 -18.1888
573.0000 16.4572
574.0000 -18.1889
575.0000 16.4573
576.0000 -18.1890
577.0000 16.4574
578.0000 -18.1891
579.0000 16.4575
580.0000 -18.1892
581.0000 16.4576
582.0000 -18.1894
583.0000 16.4577
584.0000 -18.1895
585.0000 16.4579
586.0000 -18.1896
587.0000 16.4580
588.0000 -18.1897
589.0000 16.4581
590.0000 -18.1898
591.0000 16.4582
592.0000 -18.1900
593.0000 16.4583
594.0000 -18.1901
595.0000 16.4585
596.0000 -18.1902
597.0000 16.4586
598.0000 -18.1903
599.0000 16.4587
600.0000 -18.1904
601.0000 16.4588
602.0000 -18.1906
603.0000 16.4589
604.0000 -18.1907
605.0000 16.4591
606.0000 -18.1908
607.0000 16.4592
608.0000 -18.1909
609.0000 16.4593
610.0000 -18.1910
611.0000 16.4594
612.0000 -18.1911
613.0000 16.4595
614.0000 -18.1913
615.0000 16.4597
616.0000 -18.1914
617.0000 16.4598
618.0000 -18.1915
619.0000 16.4599
620.0000 -18.1916
621.0000 16.4600
622.0000 -18.1917
623.0000 16.4601
624.0000 -18.1919
625.0000 16.4602
626.0000 -18.1920
627.0000 16.4604
628.0000 -18.1921
629.0000 16.4605
630.0000 -18.1922
631.0000 16.4606
632.0000 -18.1923
633.0000 16.4607
634.0000 -18.1925
635.0000 16.4608
636.0000 -18.1926
637.0000 16.4610
638.0000 -18.1927
639.0000 16.4611
640.0000 -18.1928
641.0000 16.4612
642.0000 -18.1929
643.0000 16.4613
644.0000 -18.1931
645.0000 16.4614
646.0000 -18.1932
647.0000 16.4616
648.0000 -18.1933
649.0000 16.4617
650.0000 -18.1934
651.0000 16.4618
652.0000 -18.1935
653.0000 16.4619
654.0000 -18.1936
655.0000 16.4620
656.0000 -18.1938
657.0000 16.4622
658.0000 -18.1939
659.0000 16.4623
660.0000 -18.1940
661.0000 16.4624
662.0000 -18.1941
663.0000 16.4625
664.0000 -18.1942
665.0000 16.4626
666.0000 -18.1944
667.0000 16.4628
668.0000 -18.1945
669.0000 16.4629
670.0000 -18.1946
671.0000 16.4630
672.0000 -18.1947
673.0000 16.4631
674.0000 -18.1948
675.0000 16.4632
676.0000 -18.1950
677.0000 16.4633
678.0000 -18.1951
679.0000 16.4635
680.0000 -18.1952
681.0000 16.4636
682.0000 -18.1953
683.0000 16.4637
684.0000 -18.1954
685.0000 16.4638
686.0000 -18.1956
687.0000 16.4639
688.0000 -18.1957
689.0000 16.4641
690.0000 -18.1958
691.0000 16.4642
692.0000 -18.1959
693.0000 16.4643
694.0000 -18.1960
695.0000 16.4644
696.0000 -18.1961
697.0000 16.4645
698.0000 -18.1963
699.0000 16.4647
700.0000 -18.1964
701.0000 16.4648
702.0000 -18.1965
703.0000 16.4649
704.0000 -18.1966
705.0000 16.4650
706.0000 -18.1967
707.0000 16.4651
708.0000 -18.1969
709.0000 16.4653
710.0000 36.3940
711.0000 -32.9308
712.0000 36.3943
713.0000 -32.9310
714.0000 36.3945
715.0000 -32.9313
716.0000 36.3947
717.0000 -32.9315
718.0000 36.3950
719.0000 -32.9317
720.0000 36.3952
721.0000 -32.9320
722.0000 36.3954
723.0000 -32.9322
724.0000 36.3957
725.0000 -32.9325
726.0000 36.3959
727.0000 -32.9327
728.0000 36.3962
729.0000 -32.9329
730.0000 36.3964
731.0000 -32.9332
732.0000 36.3966
733.0000 -32.9334
734.0000 36.3969
735.0000 -32.9337
736.0000 36.3971
737.0000 -32.9339
738.0000 36.3974
739.0000 -32.9341
740.0000 36.3976
741.0000 -32.9344
742.0000 36.3978
743.0000 -32.9346
744.0000 36.3981
745.0000 -32.9348
746.0000 36.3983
747.0000 -32.9351
748.0000 36.3985
749.0000 -32.9353
750.0000 36.3988
751.0000 -32.9356
752.0000 36.3990
753.0000 -32.9358
754.0000 36.3993
755.0000 -32.9360
756.0000 36.3995
757.0000 -32.9363
758.0000 36.3997
759.0000 -32.9365
760.0000 36.4000
761.0000 -32.9368
762.0000 36.4002
763.0000 -32.9370
764.0000 36.4005
765.0000 -32.9372
766.0000 36.4007
767.0000 -32.9375
768.0000 36.4009
769.0000 -32.9377
770.0000 36.4012
771.0000 -32.9379
772.0000 36.4014
773.0000 -32.9382
774.0000 36.4016
775.0000 -32.9384
776.0000 36.4019
777.0000 -32.9387
778.0000 36.4021
779.0000 -32.9389
780.0000 36.4024
781.0000 -32.9391
782.0000 36.4026
783.0000 -32.9394
784.0000 36.4028
785.0000 -32.9396
786.0000 36.4031
787.0000 -32.9399
788.0000 36.4033
789.0000 -32.9401
790.0000 36.4035
791.0000 -32.9403
792.0000 36.4038
793.0000 -32.9406
794.0000 36.4040
795.0000 -32.9408
796.0000 36.4043
797.0000 -32.9410
798.0000 36.4045
799.0000 -32.9413
800.0000 36.4047
801.0000 -32.9415
802.0000 36.4050
803.0000 -32.9418
804.0000 36.4052
805.0000 -32.9420
806.0000 36.4055
807.0000 -32.9422
808.0000 36.4057
809.0000 -32.9425
810.0000 36.4059
811.0000 -32.9427
812.0000 36.4062
813.0000 -32.9429
814.0000 36.4064
815.0000 -32.9432
816.0000 36.4066
817.0000 -32.9434
818.0000 36.4069
819.0000 -32.9437
820.0000 36.4071
821.0000 -32.9439
822.0000 36.4074
823.0000 -32.9441
824.0000 36.4076
825.0000 -32.9444
826.0000 36.4078
827.0000 -32.9446
828.0000 36.4081
829.0000 -32.9449
830.0000 36.4083
831.0000 -32.9451
832.0000 36.4086
833.0000 -32.9453
834.0000 36.4088
835.0000 -32.9456
836.0000 36.4090
837.0000 -32.9458
838.0000 36.4093
839.0000 -32.9460
840.0000 36.4095
841.0000 -32.9463
842.0000 36.4097
843.0000 -32.9465
844.0000 36.4100
845.0000 -32.9468
846.0000 36.4102
847.0000 -32.9470
848.0000 36.4105
849.0000 -32.9472
850.0000 36.4107
851.0000 -32.9475
852.0000 36.4109
853.0000 -32.9477
854.0000 36.4112
855.0000 -32.9480
856.0000 36.4114
857.0000 -32.9482
858.0000 36.4117
859.0000 -32.9484
860.0000 36.4119
861.0000 -32.9487
862.0000 36.4121
863.0000 -32.9489
864.0000 36.4124
865.0000 -32.9491
866.0000 36.4126
867.0000 -32.9494
868.0000 36.4128
869.0000 -32.9496
870.0000 36.4131
871.0000 -32.9499
872.0000 36.4133
873.0000 -32.9501
874.0000 36.4136
875.0000 -32.9503
876.0000 36.4138
877.0000 -32.9506
878.0000 36.4140
879.0000 -32.9508
880.0000 36.4143
881.0000 -32.9511
882.0000 36.4145
883.0000 -32.9513
884.0000 36.4148
885.0000 -32.9515
886.0000 36.4150
887.0000 -32.9518
888.0000 36.4152
889.0000 -32.9520
890.0000 36.4155
891.0000 -32.9522
892.0000 36.4157
893.0000 -32.9525
894.0000 36.4159
895.0000 -32.9527
896.0000 36.4162
897.0000 -32.9530
898.0000 36.4164
899.0000 -32.9532
900.0000 36.4167
901.0000 -32.9534
902.0000 36.4169
903.0000 -32.9537
904.0000 36.4171
905.0000 -32.9539
906.0000 36.4174
907.0000 -32.9542
908.0000 36.4176
909.0000 -32.9544
910.0000 36.4178
