1.0000 0.0000
2.0000 0.0000
3.0000 0.0000
4.0000 0.0000
5.0000 0.0000
6.0000 0.0000
7.0000 0.0000
8.0000 0.0000
9.0000 0.0000
10.0000 0.0000
11.0000 -0.7058
12.0000 -0.0984
13.0000 -0.3400
14.0000 -0.0840
15.0000 -0.1333
16.0000 0.0384
17.0000 0.0858
18.0000 0.2051
19.0000 0.2593
20.0000 0.3307
21.0000 0.3678
22.0000 0.4041
23.0000 0.4197
24.0000 0.4292
25.0000 0.4265
26.0000 0.4189
27.0000 0.4055
28.0000 0.3904
29.0000 0.3740
30.0000 0.3585
31.0000 0.3445
32.0000 0.3329
33.0000 0.3241
34.0000 0.3182
35.0000 0.3151
36.0000 0.3146
37.0000 0.3163
38.0000 0.3196
39.0000 0.3243
40.0000 0.3297
41.0000 0.3356
42.0000 0.3415
43.0000 0.3472
44.0000 0.3524
45.0000 0.3571
46.0000 0.3612
47.0000 0.3646
48.0000 0.3673
49.0000 0.3695
50.0000 0.3713
51.0000 0.3726
52.0000 0.3737
53.0000 0.3746
54.0000 0.3753
55.0000 0.3760
56.0000 0.3768
57.0000 0.3776
58.0000 0.3785
59.0000 0.3795
60.0000 0.3805
61.0000 0.3817
62.0000 0.3830
63.0000 0.3843
64.0000 0.3857
65.0000 0.3871
66.0000 0.3885
67.0000 0.3899
68.0000 0.3912
69.0000 0.3925
70.0000 0.3938
71.0000 0.3950
72.0000 0.3962
73.0000 0.3973
74.0000 0.3984
75.0000 0.3995
76.0000 0.4004
77.0000 0.4014
78.0000 0.4023
79.0000 0.4032
80.0000 0.4041
81.0000 0.4049
82.0000 0.4058
83.0000 0.4066
84.0000 0.4074
85.0000 0.4082
86.0000 0.4090
87.0000 0.4098
88.0000 0.4105
89.0000 0.4113
90.0000 0.4120
91.0000 0.4127
92.0000 0.4134
93.0000 0.4141
94.0000 0.4147
95.0000 0.4154
96.0000 0.4160
97.0000 0.4166
98.0000 0.4172
99.0000 0.4178
100.0000 0.4184
101.0000 0.4190
102.0000 0.4195
103.0000 0.4200
104.0000 0.4206
105.0000 0.4211
106.0000 0.4216
107.0000 0.4220
108.0000 0.4225
109.0000 0.4230
110.0000 0.4234
111.0000 -0.4085
112.0000 0.0970
113.0000 -0.1188
114.0000 0.0331
115.0000 -0.1221
116.0000 -0.0854
117.0000 -0.1363
118.0000 -0.1051
119.0000 -0.1162
120.0000 -0.1007
121.0000 -0.1033
122.0000 -0.0948
123.0000 -0.0938
124.0000 -0.0899
125.0000 -0.0907
126.0000 -0.0917
127.0000 -0.0958
128.0000 -0.1007
129.0000 -0.1074
130.0000 -0.1147
131.0000 -0.1229
132.0000 -0.1313
133.0000 -0.1398
134.0000 -0.1480
135.0000 -0.1558
136.0000 -0.1631
137.0000 -0.1697
138.0000 -0.1757
139.0000 -0.1811
140.0000 -0.1859
141.0000 -0.1901
142.0000 -0.1939
143.0000 -0.1973
144.0000 -0.2004
145.0000 -0.2032
146.0000 -0.2059
147.0000 -0.2085
148.0000 -0.2111
149.0000 -0.2136
150.0000 -0.2161
151.0000 -0.2187
152.0000 -0.2212
153.0000 -0.2237
154.0000 -0.2263
155.0000 -0.2288
156.0000 -0.2313
157.0000 -0.2337
158.0000 -0.2361
159.0000 -0.2385
160.0000 -0.2407
161.0000 -0.2429
162.0000 -0.2450
163.0000 -0.2471
164.0000 -0.2490
165.0000 -0.2509
166.0000 -0.2527
167.0000 -0.2545
168.0000 -0.2561
169.0000 -0.2577
170.0000 -0.2593
171.0000 -0.2608
172.0000 -0.2623
173.0000 -0.2637
174.0000 -0.2651
175.0000 -0.2665
176.0000 -0.2678
177.0000 -0.2691
178.0000 -0.2703
179.0000 -0.2715
180.0000 -0.2727
181.0000 -0.2739
182.0000 -0.2750
183.0000 -0.2761
184.0000 -0.2772
185.0000 -0.2782
186.0000 -0.2793
187.0000 -0.2802
188.0000 -0.2812
189.0000 -0.2821
190.0000 -0.2830
191.0000 -0.2839
192.0000 -0.2848
193.0000 -0.2856
194.0000 -0.2864
195.0000 -0.2872
196.0000 -0.2880
197.0000 -0.2887
198.0000 -0.2895
199.0000 -0.2902
200.0000 -0.2908
201.0000 -0.2915
202.0000 -0.2922
203.0000 -0.2928
204.0000 -0.2934
205.0000 -0.2940
206.0000 -0.2946
207.0000 -0.2952
208.0000 -0.2957
209.0000 -0.2963
210.0000 1.2514
211.0000 0.2200
212.0000 0.9486
213.0000 0.4522
214.0000 0.7293
215.0000 0.5279
216.0000 0.6114
217.0000 0.4889
218.0000 0.4799
219.0000 0.3975
220.0000 0.3691
221.0000 0.3183
222.0000 0.2945
223.0000 0.2672
224.0000 0.2558
225.0000 0.2475
226.0000 0.2488
227.0000 0.2536
228.0000 0.2636
229.0000 0.2754
230.0000 0.2890
231.0000 0.3027
232.0000 0.3161
233.0000 0.3282
234.0000 0.3387
235.0000 0.3474
236.0000 0.3542
237.0000 0.3591
238.0000 0.3624
239.0000 0.3643
240.0000 0.3650
241.0000 0.3649
242.0000 0.3642
243.0000 0.3632
244.0000 0.3621
245.0000 0.3611
246.0000 0.3602
247.0000 0.3597
248.0000 0.3595
249.0000 0.3596
250.0000 0.3601
251.0000 0.3608
252.0000 0.3618
253.0000 0.3629
254.0000 0.3642
255.0000 0.3655
256.0000 0.3669
257.0000 0.3682
258.0000 0.3695
259.0000 0.3706
260.0000 0.3717
261.0000 0.3727
262.0000 0.3735
263.0000 0.3743
264.0000 0.3749
265.0000 0.3755
266.0000 0.3760
267.0000 0.3765
268.0000 0.3769
269.0000 0.3773
270.0000 0.3777
271.0000 0.3781
272.0000 0.3784
273.0000 0.3788
274.0000 0.3791
275.0000 0.3795
276.0000 0.3799
277.0000 0.3802
278.0000 0.3806
279.0000 0.3809
280.0000 0.3813
281.0000 0.3816
282.0000 0.3819
283.0000 0.3822
284.0000 0.3825
285.0000 0.3828
286.0000 0.3831
287.0000 0.3834
288.0000 0.3836
289.0000 0.3838
290.0000 0.3841
291.0000 0.3843
292.0000 0.3845
293.0000 0.3847
294.0000 0.3848
295.0000 0.3850
296.0000 0.3852
297.0000 0.3853
298.0000 0.3855
299.0000 0.3856
300.0000 0.3858
301.0000 0.3859
302.0000 0.3860
303.0000 0.3862
304.0000 0.3863
305.0000 0.3864
306.0000 0.3865
307.0000 0.3866
308.0000 0.3867
309.0000 0.3868
310.0000 0.3869
311.0000 1.7986
312.0000 0.5839
313.0000 1.0672
314.0000 0.5553
315.0000 0.6540
316.0000 0.3107
317.0000 0.2159
318.0000 -0.0225
319.0000 -0.1309
320.0000 -0.2738
321.0000 -0.3479
322.0000 -0.4204
323.0000 -0.4516
324.0000 -0.4705
325.0000 -0.4649
326.0000 -0.4498
327.0000 -0.4230
328.0000 -0.3928
329.0000 -0.3599
330.0000 -0.3288
331.0000 -0.3007
332.0000 -0.2776
333.0000 -0.2599
334.0000 -0.2481
335.0000 -0.2419
336.0000 -0.2409
337.0000 -0.2441
338.0000 -0.2508
339.0000 -0.2601
340.0000 -0.2709
341.0000 -0.2826
342.0000 -0.2944
343.0000 -0.3058
344.0000 -0.3163
345.0000 -0.3256
346.0000 -0.3337
347.0000 -0.3405
348.0000 -0.3460
349.0000 -0.3504
350.0000 -0.3539
351.0000 -0.3566
352.0000 -0.3587
353.0000 -0.3604
354.0000 -0.3619
355.0000 -0.3633
356.0000 -0.3648
357.0000 -0.3664
358.0000 -0.3682
359.0000 -0.3701
360.0000 -0.3723
361.0000 -0.3747
362.0000 -0.3772
363.0000 -0.3798
364.0000 -0.3826
365.0000 -0.3853
366.0000 -0.3881
367.0000 -0.3909
368.0000 -0.3936
369.0000 -0.3963
370.0000 -0.3988
371.0000 -0.4013
372.0000 -0.4036
373.0000 -0.4059
374.0000 -0.4080
375.0000 -0.4101
376.0000 -0.4121
377.0000 -0.4140
378.0000 -0.4158
379.0000 -0.4176
380.0000 -0.4193
381.0000 -0.4211
382.0000 -0.4227
383.0000 -0.4244
384.0000 -0.4260
385.0000 -0.4276
386.0000 -0.4291
387.0000 -0.4307
388.0000 -0.4322
389.0000 -0.4337
390.0000 -0.4351
391.0000 -0.4366
392.0000 -0.4380
393.0000 -0.4393
394.0000 -0.4407
395.0000 -0.4420
396.0000 -0.4432
397.0000 -0.4445
398.0000 -0.4457
399.0000 -0.4468
400.0000 -0.4480
401.0000 -0.4491
402.0000 -0.4502
403.0000 -0.4513
404.0000 -0.4523
405.0000 -0.4533
406.0000 -0.4543
407.0000 -0.4553
408.0000 -0.4562
409.0000 -0.4572
410.0000 -0.4581
411.0000 1.2059
412.0000 0.1948
413.0000 0.6264
414.0000 0.3225
415.0000 0.6329
416.0000 0.5595
417.0000 0.6613
418.0000 0.5990
419.0000 0.6213
420.0000 0.5902
421.0000 0.5953
422.0000 0.5784
423.0000 0.5765
424.0000 0.5685
425.0000 0.5701
426.0000 0.5722
427.0000 0.5803
428.0000 0.5901
429.0000 0.6035
430.0000 0.6182
431.0000 0.6346
432.0000 0.6513
433.0000 0.6683
434.0000 0.6847
435.0000 0.7003
436.0000 0.7149
437.0000 0.7282
438.0000 0.7402
439.0000 0.7510
440.0000 0.7605
441.0000 0.7690
442.0000 0.7765
443.0000 0.7833
444.0000 0.7895
445.0000 0.7952
446.0000 0.8006
447.0000 0.8058
448.0000 0.8109
449.0000 0.8159
450.0000 0.8210
451.0000 0.8260
452.0000 0.8311
453.0000 0.8362
454.0000 0.8412
455.0000 0.8463
456.0000 0.8513
457.0000 0.8562
458.0000 0.8610
459.0000 0.8656
460.0000 0.8702
461.0000 0.8746
462.0000 0.8788
463.0000 0.8828
464.0000 0.8867
465.0000 0.8905
466.0000 0.8941
467.0000 0.8976
468.0000 0.9009
469.0000 0.9042
470.0000 0.9073
471.0000 0.9103
472.0000 0.9132
473.0000 0.9161
474.0000 0.9189
475.0000 0.9216
476.0000 0.9242
477.0000 0.9268
478.0000 0.9293
479.0000 0.9317
480.0000 0.9341
481.0000 0.9365
482.0000 0.9387
483.0000 0.9409
484.0000 0.9431
485.0000 0.9452
486.0000 0.9472
487.0000 0.9492
488.0000 0.9511
489.0000 0.9529
490.0000 0.9547
491.0000 0.9565
492.0000 0.9582
493.0000 0.9599
494.0000 0.9615
495.0000 0.9631
496.0000 0.9646
497.0000 0.9661
498.0000 0.9676
499.0000 0.9690
500.0000 0.9703
501.0000 0.9717
502.0000 0.9730
503.0000 0.9743
504.0000 0.9755
505.0000 0.9767
506.0000 0.9779
507.0000 0.9790
508.0000 0.9801
509.0000 0.9812
510.0000 -2.1142
511.0000 -0.0514
512.0000 -1.5086
513.0000 -0.5157
514.0000 -1.0700
515.0000 -0.6672
516.0000 -0.8342
517.0000 -0.5892
518.0000 -0.5712
519.0000 -0.4065
520.0000 -0.3496
521.0000 -0.2480
522.0000 -0.2004
523.0000 -0.1458
524.0000 -0.1231
525.0000 -0.1063
526.0000 -0.1090
527.0000 -0.1186
528.0000 -0.1385
529.0000 -0.1621
530.0000 -0.1895
531.0000 -0.2169
532.0000 -0.2436
533.0000 -0.2677
534.0000 -0.2888
535.0000 -0.3062
536.0000 -0.3197
537.0000 -0.3296
538.0000 -0.3362
539.0000 -0.3399
540.0000 -0.3414
541.0000 -0.3412
542.0000 -0.3398
543.0000 -0.3378
544.0000 -0.3355
545.0000 -0.3335
546.0000 -0.3318
547.0000 -0.3307
548.0000 -0.3303
549.0000 -0.3306
550.0000 -0.3315
551.0000 -0.3330
552.0000 -0.3349
553.0000 -0.3372
554.0000 -0.3398
555.0000 -0.3425
556.0000 -0.3452
557.0000 -0.3478
558.0000 -0.3503
559.0000 -0.3527
560.0000 -0.3548
561.0000 -0.3567
562.0000 -0.3584
563.0000 -0.3599
564.0000 -0.3613
565.0000 -0.3624
566.0000 -0.3635
567.0000 -0.3644
568.0000 -0.3652
569.0000 -0.3660
570.0000 -0.3668
571.0000 -0.3675
572.0000 -0.3682
573.0000 -0.3690
574.0000 -0.3697
575.0000 -0.3704
576.0000 -0.3711
577.0000 -0.3718
578.0000 -0.3726
579.0000 -0.3733
580.0000 -0.3739
581.0000 -0.3746
582.0000 -0.3753
583.0000 -0.3759
584.0000 -0.3765
585.0000 -0.3770
586.0000 -0.3776
587.0000 -0.3781
588.0000 -0.3786
589.0000 -0.3791
590.0000 -0.3795
591.0000 -0.3799
592.0000 -0.3803
593.0000 -0.3807
594.0000 -0.3810
595.0000 -0.3814
596.0000 -0.3817
597.0000 -0.3821
598.0000 -0.3824
599.0000 -0.3827
600.0000 -0.3829
601.0000 -0.3832
602.0000 -0.3835
603.0000 -0.3837
604.0000 -0.3840
605.0000 -0.3842
606.0000 -0.3845
607.0000 -0.3847
608.0000 -0.3849
609.0000 -0.3851
610.0000 -0.3853
611.0000 -2.5028
612.0000 -0.6808
613.0000 -1.4058
614.0000 -0.6380
615.0000 -0.7860
616.0000 -0.2711
617.0000 -0.1289
618.0000 0.2286
619.0000 0.3911
620.0000 0.6054
621.0000 0.7166
622.0000 0.8253
623.0000 0.8720
624.0000 0.9005
625.0000 0.8920
626.0000 0.8693
627.0000 0.8291
628.0000 0.7837
629.0000 0.7344
630.0000 0.6878
631.0000 0.6456
632.0000 0.6109
633.0000 0.5843
634.0000 0.5667
635.0000 0.5573
636.0000 0.5557
637.0000 0.5606
638.0000 0.5706
639.0000 0.5845
640.0000 0.6008
641.0000 0.6183
642.0000 0.6360
643.0000 0.6530
644.0000 0.6687
645.0000 0.6828
646.0000 0.6949
647.0000 0.7050
648.0000 0.7133
649.0000 0.7199
650.0000 0.7251
651.0000 0.7291
652.0000 0.7323
653.0000 0.7349
654.0000 0.7371
655.0000 0.7393
656.0000 0.7415
657.0000 0.7438
658.0000 0.7465
659.0000 0.7494
660.0000 0.7527
661.0000 0.7562
662.0000 0.7600
663.0000 0.7640
664.0000 0.7681
665.0000 0.7722
666.0000 0.7764
667.0000 0.7806
668.0000 0.7846
669.0000 0.7886
670.0000 0.7924
671.0000 0.7961
672.0000 0.7996
673.0000 0.8030
674.0000 0.8062
675.0000 0.8093
676.0000 0.8123
677.0000 0.8151
678.0000 0.8179
679.0000 0.8206
680.0000 0.8232
681.0000 0.8258
682.0000 0.8283
683.0000 0.8307
684.0000 0.8332
685.0000 0.8356
686.0000 0.8379
687.0000 0.8402
688.0000 0.8425
689.0000 0.8447
690.0000 0.8469
691.0000 0.8490
692.0000 0.8511
693.0000 0.8532
694.0000 0.8552
695.0000 0.8571
696.0000 0.8590
697.0000 0.8609
698.0000 0.8627
699.0000 0.8645
700.0000 0.8662
701.0000 0.8679
702.0000 0.8695
703.0000 0.8711
704.0000 0.8727
705.0000 0.8742
706.0000 0.8757
707.0000 0.8771
708.0000 0.8786
709.0000 0.8799
710.0000 0.8813
711.0000 -1.6146
712.0000 -0.0980
713.0000 -0.7454
714.0000 -0.2896
715.0000 -0.7552
716.0000 -0.6451
717.0000 -0.7977
718.0000 -0.7043
719.0000 -0.7377
720.0000 -0.6911
721.0000 -0.6988
722.0000 -0.6734
723.0000 -0.6705
724.0000 -0.6586
725.0000 -0.6609
726.0000 -0.6641
727.0000 -0.6762
728.0000 -0.6910
729.0000 -0.7110
730.0000 -0.7331
731.0000 -0.7576
732.0000 -0.7828
733.0000 -0.8082
734.0000 -0.8328
735.0000 -0.8563
736.0000 -0.8781
737.0000 -0.8981
738.0000 -0.9161
739.0000 -0.9322
740.0000 -0.9465
741.0000 -0.9592
742.0000 -0.9705
743.0000 -0.9807
744.0000 -0.9899
745.0000 -0.9985
746.0000 -1.0066
747.0000 -1.0145
748.0000 -1.0221
749.0000 -1.0297
750.0000 -1.0372
751.0000 -1.0448
752.0000 -1.0524
753.0000 -1.0600
754.0000 -1.0676
755.0000 -1.0752
756.0000 -1.0826
757.0000 -1.0900
758.0000 -1.0972
759.0000 -1.1042
760.0000 -1.1110
761.0000 -1.1176
762.0000 -1.1239
763.0000 -1.1300
764.0000 -1.1359
765.0000 -1.1415
766.0000 -1.1469
767.0000 -1.1521
768.0000 -1.1571
769.0000 -1.1620
770.0000 -1.1667
771.0000 -1.1712
772.0000 -1.1756
773.0000 -1.1799
774.0000 -1.1841
775.0000 -1.1881
776.0000 -1.1921
777.0000 -1.1959
778.0000 -1.1997
779.0000 -1.2033
780.0000 -1.2069
781.0000 -1.2104
782.0000 -1.2138
783.0000 -1.2171
784.0000 -1.2203
785.0000 -1.2234
786.0000 -1.2265
787.0000 -1.2295
788.0000 -1.2323
789.0000 -1.2351
790.0000 -1.2378
791.0000 -1.2405
792.0000 -1.2431
793.0000 -1.2455
794.0000 -1.2480
795.0000 -1.2503
796.0000 -1.2526
797.0000 -1.2549
798.0000 -1.2571
799.0000 -1.2592
800.0000 -1.2612
801.0000 -1.2632
802.0000 -1.2652
803.0000 -1.2671
804.0000 -1.2690
805.0000 -1.2708
806.0000 -1.2725
807.0000 -1.2742
808.0000 -1.2759
809.0000 -1.2775
810.0000 3.3656
811.0000 0.2714
812.0000 2.4572
813.0000 0.9679
814.0000 1.7992
815.0000 1.1950
816.0000 1.4455
817.0000 1.0780
818.0000 1.0511
819.0000 0.8040
820.0000 0.7187
821.0000 0.5662
822.0000 0.4949
823.0000 0.4131
824.0000 0.3789
825.0000 0.3538
826.0000 0.3578
827.0000 0.3722
828.0000 0.4020
829.0000 0.4375
830.0000 0.4785
831.0000 0.5196
832.0000 0.5597
833.0000 0.5959
834.0000 0.6275
835.0000 0.6535
836.0000 0.6739
837.0000 0.6887
838.0000 0.6986
839.0000 0.7042
840.0000 0.7064
841.0000 0.7060
842.0000 0.7040
843.0000 0.7009
844.0000 0.6976
845.0000 0.6945
846.0000 0.6920
847.0000 0.6904
848.0000 0.6898
849.0000 0.6902
850.0000 0.6915
851.0000 0.6938
852.0000 0.6967
853.0000 0.7002
854.0000 0.7040
855.0000 0.7080
856.0000 0.7120
857.0000 0.7160
858.0000 0.7198
859.0000 0.7233
860.0000 0.7265
861.0000 0.7294
862.0000 0.7319
863.0000 0.7342
864.0000 0.7362
865.0000 0.7379
866.0000 0.7395
867.0000 0.7409
868.0000 0.7421
869.0000 0.7433
870.0000 0.7445
871.0000 0.7456
872.0000 0.7467
873.0000 0.7477
874.0000 0.7488
875.0000 0.7499
876.0000 0.7510
877.0000 0.7521
878.0000 0.7531
879.0000 0.7542
880.0000 0.7552
881.0000 0.7562
882.0000 0.7572
883.0000 0.7581
884.0000 0.7590
885.0000 0.7599
886.0000 0.7607
887.0000 0.7615
888.0000 0.7622
889.0000 0.7629
890.0000 0.7635
891.0000 0.7642
892.0000 0.7648
893.0000 0.7653
894.0000 0.7659
895.0000 0.7664
896.0000 0.7669
897.0000 0.7674
898.0000 0.7678
899.0000 0.7683
900.0000 0.7687
901.0000 0.7691
902.0000 0.7695
903.0000 0.7699
904.0000 0.7703
905.0000 0.7706
906.0000 0.7710
907.0000 0.7713
908.0000 0.7716
909.0000 0.7719
910.0000 0.7722
