1.0000 0.0000
2.0000 0.0000
3.0000 0.0000
4.0000 0.0000
5.0000 0.0000
6.0000 0.0000
7.0000 0.0000
8.0000 0.0000
9.0000 0.0000
10.0000 0.0000
11.0000 0.3679
12.0000 0.2190
13.0000 0.5476
14.0000 0.6032
15.0000 0.7914
16.0000 0.8524
17.0000 0.9643
18.0000 1.0204
19.0000 1.0847
20.0000 1.1132
21.0000 1.1342
22.0000 1.1340
23.0000 1.1265
24.0000 1.1083
25.0000 1.0865
26.0000 1.0609
27.0000 1.0355
28.0000 1.0111
29.0000 0.9898
30.0000 0.9718
31.0000 0.9581
32.0000 0.9484
33.0000 0.9426
34.0000 0.9404
35.0000 0.9410
36.0000 0.9440
37.0000 0.9486
38.0000 0.9542
39.0000 0.9603
40.0000 0.9664
41.0000 0.9722
42.0000 0.9773
43.0000 0.9816
44.0000 0.9851
45.0000 0.9877
46.0000 0.9894
47.0000 0.9905
48.0000 0.9909
49.0000 0.9908
50.0000 0.9905
51.0000 0.9899
52.0000 0.9892
53.0000 0.9885
54.0000 0.9879
55.0000 0.9874
56.0000 0.9871
57.0000 0.9869
58.0000 0.9869
59.0000 0.9871
60.0000 0.9874
61.0000 0.9878
62.0000 0.9882
63.0000 0.9888
64.0000 0.9893
65.0000 0.9899
66.0000 0.9904
67.0000 0.9909
68.0000 0.9914
69.0000 0.9918
70.0000 0.9922
71.0000 0.9925
72.0000 0.9928
73.0000 0.9931
74.0000 0.9933
75.0000 0.9935
76.0000 0.9936
77.0000 0.9938
78.0000 0.9940
79.0000 0.9941
80.0000 0.9943
81.0000 0.9944
82.0000 0.9946
83.0000 0.9947
84.0000 0.9949
85.0000 0.9950
86.0000 0.9952
87.0000 0.9953
88.0000 0.9955
89.0000 0.9956
90.0000 0.9958
91.0000 0.9959
92.0000 0.9961
93.0000 0.9962
94.0000 0.9963
95.0000 0.9965
96.0000 0.9966
97.0000 0.9967
98.0000 0.9968
99.0000 0.9969
100.0000 0.9970
101.0000 0.9971
102.0000 0.9972
103.0000 0.9973
104.0000 0.9974
105.0000 0.9975
106.0000 0.9975
107.0000 0.9976
108.0000 0.9977
109.0000 0.9978
110.0000 0.9978
111.0000 1.0692
112.0000 0.6629
113.0000 0.7834
114.0000 0.7477
115.0000 0.8459
116.0000 0.8303
117.0000 0.8642
118.0000 0.8672
119.0000 0.8981
120.0000 0.9149
121.0000 0.9376
122.0000 0.9505
123.0000 0.9633
124.0000 0.9708
125.0000 0.9770
126.0000 0.9796
127.0000 0.9806
128.0000 0.9796
129.0000 0.9776
130.0000 0.9747
131.0000 0.9717
132.0000 0.9686
133.0000 0.9659
134.0000 0.9637
135.0000 0.9621
136.0000 0.9610
137.0000 0.9607
138.0000 0.9608
139.0000 0.9615
140.0000 0.9626
141.0000 0.9639
142.0000 0.9655
143.0000 0.9671
144.0000 0.9688
145.0000 0.9704
146.0000 0.9719
147.0000 0.9733
148.0000 0.9745
149.0000 0.9756
150.0000 0.9765
151.0000 0.9772
152.0000 0.9779
153.0000 0.9784
154.0000 0.9789
155.0000 0.9793
156.0000 0.9796
157.0000 0.9800
158.0000 0.9803
159.0000 0.9807
160.0000 0.9810
161.0000 0.9814
162.0000 0.9818
163.0000 0.9822
164.0000 0.9826
165.0000 0.9830
166.0000 0.9835
167.0000 0.9839
168.0000 0.9844
169.0000 0.9848
170.0000 0.9852
171.0000 0.9856
172.0000 0.9860
173.0000 0.9864
174.0000 0.9868
175.0000 0.9871
176.0000 0.9875
177.0000 0.9878
178.0000 0.9881
179.0000 0.9884
180.0000 0.9887
181.0000 0.9890
182.0000 0.9892
183.0000 0.9895
184.0000 0.9898
185.0000 0.9900
186.0000 0.9903
187.0000 0.9905
188.0000 0.9908
189.0000 0.9910
190.0000 0.9912
191.0000 0.9914
192.0000 0.9917
193.0000 0.9919
194.0000 0.9921
195.0000 0.9923
196.0000 0.9925
197.0000 0.9927
198.0000 0.9929
199.0000 0.9931
200.0000 0.9932
201.0000 0.9934
202.0000 0.9936
203.0000 0.9937
204.0000 0.9939
205.0000 0.9941
206.0000 0.9942
207.0000 0.9944
208.0000 0.9945
209.0000 0.9947
210.0000 0.9948
211.0000 1.7259
212.0000 1.4118
213.0000 1.6108
214.0000 1.3719
215.0000 1.3753
216.0000 1.2363
217.0000 1.2036
218.0000 1.1155
219.0000 1.0737
220.0000 1.0182
221.0000 0.9905
222.0000 0.9653
223.0000 0.9569
224.0000 0.9535
225.0000 0.9593
226.0000 0.9688
227.0000 0.9825
228.0000 0.9972
229.0000 1.0125
230.0000 1.0266
231.0000 1.0392
232.0000 1.0495
233.0000 1.0573
234.0000 1.0626
235.0000 1.0654
236.0000 1.0662
237.0000 1.0651
238.0000 1.0627
239.0000 1.0592
240.0000 1.0552
241.0000 1.0509
242.0000 1.0466
243.0000 1.0426
244.0000 1.0389
245.0000 1.0358
246.0000 1.0332
247.0000 1.0312
248.0000 1.0296
249.0000 1.0286
250.0000 1.0279
251.0000 1.0275
252.0000 1.0273
253.0000 1.0272
254.0000 1.0272
255.0000 1.0272
256.0000 1.0272
257.0000 1.0271
258.0000 1.0269
259.0000 1.0266
260.0000 1.0262
261.0000 1.0257
262.0000 1.0252
263.0000 1.0246
264.0000 1.0239
265.0000 1.0232
266.0000 1.0225
267.0000 1.0218
268.0000 1.0212
269.0000 1.0205
270.0000 1.0199
271.0000 1.0193
272.0000 1.0188
273.0000 1.0183
274.0000 1.0178
275.0000 1.0174
276.0000 1.0169
277.0000 1.0165
278.0000 1.0161
279.0000 1.0158
280.0000 1.0154
281.0000 1.0150
282.0000 1.0147
283.0000 1.0144
284.0000 1.0140
285.0000 1.0137
286.0000 1.0133
287.0000 1.0130
288.0000 1.0127
289.0000 1.0124
290.0000 1.0120
291.0000 1.0117
292.0000 1.0114
293.0000 1.0111
294.0000 1.0109
295.0000 1.0106
296.0000 1.0103
297.0000 1.0100
298.0000 1.0098
299.0000 1.0095
300.0000 1.0093
301.0000 1.0090
302.0000 1.0088
303.0000 1.0086
304.0000 1.0084
305.0000 1.0082
306.0000 1.0079
307.0000 1.0077
308.0000 1.0075
309.0000 1.0073
310.0000 1.0072
311.0000 0.2712
312.0000 0.5689
313.0000 -0.0886
314.0000 -0.1999
315.0000 -0.5765
316.0000 -0.6986
317.0000 -0.9226
318.0000 -1.0351
319.0000 -1.1638
320.0000 -1.2209
321.0000 -1.2631
322.0000 -1.2627
323.0000 -1.2480
324.0000 -1.2117
325.0000 -1.1681
326.0000 -1.1171
327.0000 -1.0664
328.0000 -1.0178
329.0000 -0.9752
330.0000 -0.9395
331.0000 -0.9121
332.0000 -0.8928
333.0000 -0.8814
334.0000 -0.8770
335.0000 -0.8784
336.0000 -0.8844
337.0000 -0.8937
338.0000 -0.9050
339.0000 -0.9173
340.0000 -0.9296
341.0000 -0.9412
342.0000 -0.9515
343.0000 -0.9602
344.0000 -0.9672
345.0000 -0.9725
346.0000 -0.9761
347.0000 -0.9782
348.0000 -0.9792
349.0000 -0.9792
350.0000 -0.9785
351.0000 -0.9774
352.0000 -0.9761
353.0000 -0.9748
354.0000 -0.9736
355.0000 -0.9727
356.0000 -0.9721
357.0000 -0.9718
358.0000 -0.9718
359.0000 -0.9722
360.0000 -0.9728
361.0000 -0.9737
362.0000 -0.9747
363.0000 -0.9758
364.0000 -0.9769
365.0000 -0.9781
366.0000 -0.9792
367.0000 -0.9803
368.0000 -0.9812
369.0000 -0.9821
370.0000 -0.9829
371.0000 -0.9836
372.0000 -0.9843
373.0000 -0.9848
374.0000 -0.9853
375.0000 -0.9857
376.0000 -0.9861
377.0000 -0.9864
378.0000 -0.9868
379.0000 -0.9871
380.0000 -0.9874
381.0000 -0.9878
382.0000 -0.9881
383.0000 -0.9884
384.0000 -0.9888
385.0000 -0.9891
386.0000 -0.9894
387.0000 -0.9898
388.0000 -0.9901
389.0000 -0.9904
390.0000 -0.9908
391.0000 -0.9911
392.0000 -0.9914
393.0000 -0.9917
394.0000 -0.9920
395.0000 -0.9922
396.0000 -0.9925
397.0000 -0.9927
398.0000 -0.9930
399.0000 -0.9932
400.0000 -0.9934
401.0000 -0.9936
402.0000 -0.9938
403.0000 -0.9940
404.0000 -0.9942
405.0000 -0.9944
406.0000 -0.9946
407.0000 -0.9947
408.0000 -0.9949
409.0000 -0.9951
410.0000 -0.9952
411.0000 -1.1379
412.0000 -0.3254
413.0000 -0.5664
414.0000 -0.4950
415.0000 -0.6915
416.0000 -0.6603
417.0000 -0.7280
418.0000 -0.7341
419.0000 -0.7957
420.0000 -0.8295
421.0000 -0.8748
422.0000 -0.9006
423.0000 -0.9263
424.0000 -0.9413
425.0000 -0.9536
426.0000 -0.9589
427.0000 -0.9609
428.0000 -0.9589
429.0000 -0.9549
430.0000 -0.9492
431.0000 -0.9431
432.0000 -0.9370
433.0000 -0.9316
434.0000 -0.9272
435.0000 -0.9239
436.0000 -0.9219
437.0000 -0.9211
438.0000 -0.9215
439.0000 -0.9228
440.0000 -0.9250
441.0000 -0.9277
442.0000 -0.9308
443.0000 -0.9341
444.0000 -0.9374
445.0000 -0.9406
446.0000 -0.9437
447.0000 -0.9464
448.0000 -0.9488
449.0000 -0.9510
450.0000 -0.9528
451.0000 -0.9543
452.0000 -0.9556
453.0000 -0.9566
454.0000 -0.9576
455.0000 -0.9584
456.0000 -0.9591
457.0000 -0.9598
458.0000 -0.9605
459.0000 -0.9612
460.0000 -0.9619
461.0000 -0.9627
462.0000 -0.9635
463.0000 -0.9643
464.0000 -0.9651
465.0000 -0.9660
466.0000 -0.9669
467.0000 -0.9678
468.0000 -0.9686
469.0000 -0.9695
470.0000 -0.9703
471.0000 -0.9712
472.0000 -0.9720
473.0000 -0.9727
474.0000 -0.9735
475.0000 -0.9742
476.0000 -0.9748
477.0000 -0.9755
478.0000 -0.9761
479.0000 -0.9767
480.0000 -0.9773
481.0000 -0.9779
482.0000 -0.9784
483.0000 -0.9790
484.0000 -0.9795
485.0000 -0.9800
486.0000 -0.9805
487.0000 -0.9810
488.0000 -0.9815
489.0000 -0.9819
490.0000 -0.9824
491.0000 -0.9828
492.0000 -0.9833
493.0000 -0.9837
494.0000 -0.9841
495.0000 -0.9845
496.0000 -0.9849
497.0000 -0.9853
498.0000 -0.9857
499.0000 -0.9861
500.0000 -0.9864
501.0000 -0.9868
502.0000 -0.9871
503.0000 -0.9875
504.0000 -0.9878
505.0000 -0.9881
506.0000 -0.9884
507.0000 -0.9887
508.0000 -0.9890
509.0000 -0.9893
510.0000 -0.9896
511.0000 -2.4519
512.0000 -1.8235
513.0000 -2.2217
514.0000 -1.7438
515.0000 -1.7506
516.0000 -1.4726
517.0000 -1.4072
518.0000 -1.2310
519.0000 -1.1473
520.0000 -1.0363
521.0000 -0.9810
522.0000 -0.9307
523.0000 -0.9138
524.0000 -0.9069
525.0000 -0.9187
526.0000 -0.9375
527.0000 -0.9649
528.0000 -0.9943
529.0000 -1.0249
530.0000 -1.0532
531.0000 -1.0784
532.0000 -1.0990
533.0000 -1.1146
534.0000 -1.1251
535.0000 -1.1309
536.0000 -1.1323
537.0000 -1.1302
538.0000 -1.1253
539.0000 -1.1184
540.0000 -1.1104
541.0000 -1.1018
542.0000 -1.0932
543.0000 -1.0851
544.0000 -1.0779
545.0000 -1.0716
546.0000 -1.0664
547.0000 -1.0623
548.0000 -1.0593
549.0000 -1.0571
550.0000 -1.0557
551.0000 -1.0549
552.0000 -1.0545
553.0000 -1.0544
554.0000 -1.0544
555.0000 -1.0544
556.0000 -1.0544
557.0000 -1.0541
558.0000 -1.0538
559.0000 -1.0532
560.0000 -1.0524
561.0000 -1.0514
562.0000 -1.0503
563.0000 -1.0491
564.0000 -1.0478
565.0000 -1.0464
566.0000 -1.0451
567.0000 -1.0437
568.0000 -1.0424
569.0000 -1.0411
570.0000 -1.0398
571.0000 -1.0387
572.0000 -1.0376
573.0000 -1.0366
574.0000 -1.0356
575.0000 -1.0347
576.0000 -1.0339
577.0000 -1.0330
578.0000 -1.0323
579.0000 -1.0315
580.0000 -1.0308
581.0000 -1.0301
582.0000 -1.0294
583.0000 -1.0287
584.0000 -1.0280
585.0000 -1.0273
586.0000 -1.0267
587.0000 -1.0260
588.0000 -1.0254
589.0000 -1.0247
590.0000 -1.0241
591.0000 -1.0235
592.0000 -1.0229
593.0000 -1.0223
594.0000 -1.0217
595.0000 -1.0211
596.0000 -1.0206
597.0000 -1.0201
598.0000 -1.0195
599.0000 -1.0190
600.0000 -1.0186
601.0000 -1.0181
602.0000 -1.0176
603.0000 -1.0172
604.0000 -1.0167
605.0000 -1.0163
606.0000 -1.0159
607.0000 -1.0155
608.0000 -1.0151
609.0000 -1.0147
610.0000 -1.0143
611.0000 0.0897
612.0000 -0.3567
613.0000 0.6297
614.0000 0.7967
615.0000 1.3616
616.0000 1.5449
617.0000 1.8810
618.0000 2.0497
619.0000 2.2429
620.0000 2.3286
621.0000 2.3919
622.0000 2.3914
623.0000 2.3694
624.0000 2.3151
625.0000 2.2498
626.0000 2.1732
627.0000 2.0974
628.0000 2.0245
629.0000 1.9606
630.0000 1.9071
631.0000 1.8660
632.0000 1.8372
633.0000 1.8202
634.0000 1.8135
635.0000 1.8158
636.0000 1.8248
637.0000 1.8388
638.0000 1.8559
639.0000 1.8743
640.0000 1.8928
641.0000 1.9102
642.0000 1.9257
643.0000 1.9389
644.0000 1.9494
645.0000 1.9573
646.0000 1.9628
647.0000 1.9660
648.0000 1.9674
649.0000 1.9675
650.0000 1.9665
651.0000 1.9648
652.0000 1.9629
653.0000 1.9610
654.0000 1.9593
655.0000 1.9579
656.0000 1.9571
657.0000 1.9567
658.0000 1.9568
659.0000 1.9573
660.0000 1.9583
661.0000 1.9596
662.0000 1.9611
663.0000 1.9628
664.0000 1.9645
665.0000 1.9663
666.0000 1.9680
667.0000 1.9696
668.0000 1.9711
669.0000 1.9725
670.0000 1.9737
671.0000 1.9748
672.0000 1.9757
673.0000 1.9765
674.0000 1.9773
675.0000 1.9779
676.0000 1.9785
677.0000 1.9791
678.0000 1.9796
679.0000 1.9801
680.0000 1.9806
681.0000 1.9811
682.0000 1.9816
683.0000 1.9821
684.0000 1.9827
685.0000 1.9832
686.0000 1.9837
687.0000 1.9842
688.0000 1.9847
689.0000 1.9853
690.0000 1.9857
691.0000 1.9862
692.0000 1.9867
693.0000 1.9871
694.0000 1.9876
695.0000 1.9880
696.0000 1.9884
697.0000 1.9888
698.0000 1.9891
699.0000 1.9895
700.0000 1.9898
701.0000 1.9901
702.0000 1.9904
703.0000 1.9907
704.0000 1.9910
705.0000 1.9913
706.0000 1.9916
707.0000 1.9918
708.0000 1.9921
709.0000 1.9924
710.0000 1.9926
711.0000 2.2066
712.0000 0.9879
713.0000 1.3494
714.0000 1.2423
715.0000 1.5370
716.0000 1.4902
717.0000 1.5919
718.0000 1.6009
719.0000 1.6934
720.0000 1.7441
721.0000 1.8120
722.0000 1.8507
723.0000 1.8893
724.0000 1.9119
725.0000 1.9303
726.0000 1.9382
727.0000 1.9413
728.0000 1.9381
729.0000 1.9321
730.0000 1.9236
731.0000 1.9145
732.0000 1.9054
733.0000 1.8973
734.0000 1.8906
735.0000 1.8857
736.0000 1.8827
737.0000 1.8815
738.0000 1.8821
739.0000 1.8841
740.0000 1.8873
741.0000 1.8914
742.0000 1.8961
743.0000 1.9010
744.0000 1.9060
745.0000 1.9109
746.0000 1.9154
747.0000 1.9195
748.0000 1.9232
749.0000 1.9263
750.0000 1.9291
751.0000 1.9314
752.0000 1.9333
753.0000 1.9349
754.0000 1.9363
755.0000 1.9375
756.0000 1.9386
757.0000 1.9397
758.0000 1.9407
759.0000 1.9417
760.0000 1.9428
761.0000 1.9440
762.0000 1.9451
763.0000 1.9464
764.0000 1.9476
765.0000 1.9489
766.0000 1.9503
767.0000 1.9516
768.0000 1.9529
769.0000 1.9542
770.0000 1.9555
771.0000 1.9567
772.0000 1.9579
773.0000 1.9590
774.0000 1.9602
775.0000 1.9612
776.0000 1.9622
777.0000 1.9632
778.0000 1.9641
779.0000 1.9650
780.0000 1.9659
781.0000 1.9668
782.0000 1.9676
783.0000 1.9684
784.0000 1.9692
785.0000 1.9700
786.0000 1.9707
787.0000 1.9714
788.0000 1.9722
789.0000 1.9729
790.0000 1.9736
791.0000 1.9742
792.0000 1.9749
793.0000 1.9755
794.0000 1.9762
795.0000 1.9768
796.0000 1.9774
797.0000 1.9780
798.0000 1.9785
799.0000 1.9791
800.0000 1.9796
801.0000 1.9802
802.0000 1.9807
803.0000 1.9812
804.0000 1.9817
805.0000 1.9821
806.0000 1.9826
807.0000 1.9830
808.0000 1.9835
809.0000 1.9839
810.0000 1.9843
811.0000 4.1778
812.0000 3.2352
813.0000 3.8325
814.0000 3.1156
815.0000 3.1258
816.0000 2.7088
817.0000 2.6108
818.0000 2.3465
819.0000 2.2209
820.0000 2.0544
821.0000 1.9715
822.0000 1.8960
823.0000 1.8707
824.0000 1.8603
825.0000 1.8780
826.0000 1.9063
827.0000 1.9473
828.0000 1.9914
829.0000 2.0374
830.0000 2.0799
831.0000 2.1177
832.0000 2.1484
833.0000 2.1719
834.0000 2.1877
835.0000 2.1963
836.0000 2.1984
837.0000 2.1953
838.0000 2.1880
839.0000 2.1777
840.0000 2.1656
841.0000 2.1527
842.0000 2.1398
843.0000 2.1277
844.0000 2.1168
845.0000 2.1074
846.0000 2.0996
847.0000 2.0935
848.0000 2.0889
849.0000 2.0857
850.0000 2.0836
851.0000 2.0824
852.0000 2.0818
853.0000 2.0816
854.0000 2.0816
855.0000 2.0816
856.0000 2.0815
857.0000 2.0812
858.0000 2.0806
859.0000 2.0798
860.0000 2.0786
861.0000 2.0772
862.0000 2.0755
863.0000 2.0737
864.0000 2.0717
865.0000 2.0697
866.0000 2.0676
867.0000 2.0655
868.0000 2.0635
869.0000 2.0616
870.0000 2.0598
871.0000 2.0580
872.0000 2.0564
873.0000 2.0549
874.0000 2.0534
875.0000 2.0521
876.0000 2.0508
877.0000 2.0496
878.0000 2.0484
879.0000 2.0473
880.0000 2.0462
881.0000 2.0451
882.0000 2.0441
883.0000 2.0430
884.0000 2.0420
885.0000 2.0410
886.0000 2.0400
887.0000 2.0390
888.0000 2.0380
889.0000 2.0371
890.0000 2.0361
891.0000 2.0352
892.0000 2.0343
893.0000 2.0334
894.0000 2.0326
895.0000 2.0317
896.0000 2.0309
897.0000 2.0301
898.0000 2.0293
899.0000 2.0286
900.0000 2.0278
901.0000 2.0271
902.0000 2.0264
903.0000 2.0258
904.0000 2.0251
905.0000 2.0245
906.0000 2.0238
907.0000 2.0232
908.0000 2.0226
909.0000 2.0220
910.0000 2.0215
