1.0000 0.0000
2.0000 0.0000
3.0000 0.0000
4.0000 0.0000
5.0000 0.0000
6.0000 0.0000
7.0000 0.0000
8.0000 0.0000
9.0000 0.0000
10.0000 0.0000
11.0000 0.5393
12.0000 0.0546
13.0000 0.0035
14.0000 -0.1371
15.0000 -0.0448
16.0000 -0.0559
17.0000 -0.0299
18.0000 -0.0522
19.0000 -0.0445
20.0000 -0.0447
21.0000 -0.0316
22.0000 -0.0247
23.0000 -0.0151
24.0000 -0.0090
25.0000 -0.0023
26.0000 0.0025
27.0000 0.0067
28.0000 0.0092
29.0000 0.0108
30.0000 0.0112
31.0000 0.0109
32.0000 0.0099
33.0000 0.0086
34.0000 0.0070
35.0000 0.0053
36.0000 0.0037
37.0000 0.0022
38.0000 0.0009
39.0000 -0.0001
40.0000 -0.0009
41.0000 -0.0014
42.0000 -0.0017
43.0000 -0.0018
44.0000 -0.0017
45.0000 -0.0015
46.0000 -0.0012
47.0000 -0.0008
48.0000 -0.0005
49.0000 -0.0002
50.0000 0.0001
51.0000 0.0004
52.0000 0.0006
53.0000 0.0007
54.0000 0.0008
55.0000 0.0008
56.0000 0.0008
57.0000 0.0008
58.0000 0.0007
59.0000 0.0007
60.0000 0.0006
61.0000 0.0005
62.0000 0.0004
63.0000 0.0004
64.0000 0.0003
65.0000 0.0002
66.0000 0.0002
67.0000 0.0002
68.0000 0.0002
69.0000 0.0002
70.0000 0.0002
71.0000 0.0002
72.0000 0.0002
73.0000 0.0002
74.0000 0.0002
75.0000 0.0002
76.0000 0.0002
77.0000 0.0002
78.0000 0.0002
79.0000 0.0002
80.0000 0.0002
81.0000 0.0002
82.0000 0.0002
83.0000 0.0002
84.0000 0.0002
85.0000 0.0002
86.0000 0.0002
87.0000 0.0002
88.0000 0.0002
89.0000 0.0002
90.0000 0.0002
91.0000 0.0001
92.0000 0.0001
93.0000 0.0001
94.0000 0.0001
95.0000 0.0001
96.0000 0.0001
97.0000 0.0001
98.0000 0.0001
99.0000 0.0001
100.0000 0.0001
101.0000 0.0001
102.0000 0.0001
103.0000 0.0001
104.0000 0.0001
105.0000 0.0001
106.0000 0.0001
107.0000 0.0001
108.0000 0.0001
109.0000 0.0001
110.0000 0.0001
111.0000 1.4421
112.0000 1.3789
113.0000 1.2219
114.0000 0.9261
115.0000 0.9496
116.0000 0.9663
117.0000 1.0205
118.0000 1.0068
119.0000 1.0016
120.0000 0.9876
121.0000 0.9896
122.0000 0.9895
123.0000 0.9925
124.0000 0.9925
125.0000 0.9938
126.0000 0.9945
127.0000 0.9960
128.0000 0.9972
129.0000 0.9984
130.0000 0.9993
131.0000 1.0000
132.0000 1.0005
133.0000 1.0009
134.0000 1.0010
135.0000 1.0010
136.0000 1.0009
137.0000 1.0008
138.0000 1.0005
139.0000 1.0003
140.0000 1.0000
141.0000 0.9998
142.0000 0.9996
143.0000 0.9994
144.0000 0.9993
145.0000 0.9992
146.0000 0.9991
147.0000 0.9991
148.0000 0.9991
149.0000 0.9992
150.0000 0.9992
151.0000 0.9993
152.0000 0.9994
153.0000 0.9994
154.0000 0.9995
155.0000 0.9996
156.0000 0.9996
157.0000 0.9996
158.0000 0.9997
159.0000 0.9997
160.0000 0.9997
161.0000 0.9997
162.0000 0.9997
163.0000 0.9997
164.0000 0.9997
165.0000 0.9997
166.0000 0.9997
167.0000 0.9997
168.0000 0.9997
169.0000 0.9997
170.0000 0.9997
171.0000 0.9997
172.0000 0.9997
173.0000 0.9997
174.0000 0.9997
175.0000 0.9997
176.0000 0.9997
177.0000 0.9998
178.0000 0.9998
179.0000 0.9998
180.0000 0.9998
181.0000 0.9998
182.0000 0.9998
183.0000 0.9998
184.0000 0.9998
185.0000 0.9998
186.0000 0.9998
187.0000 0.9998
188.0000 0.9998
189.0000 0.9998
190.0000 0.9998
191.0000 0.9998
192.0000 0.9998
193.0000 0.9998
194.0000 0.9999
195.0000 0.9999
196.0000 0.9999
197.0000 0.9999
198.0000 0.9999
199.0000 0.9999
200.0000 0.9999
201.0000 0.9999
202.0000 0.9999
203.0000 0.9999
204.0000 0.9999
205.0000 0.9999
206.0000 0.9999
207.0000 0.9999
208.0000 0.9999
209.0000 0.9999
210.0000 0.9999
211.0000 1.0283
212.0000 0.6014
213.0000 0.9804
214.0000 0.9619
215.0000 1.0815
216.0000 1.0109
217.0000 1.0351
218.0000 1.0150
219.0000 1.0358
220.0000 1.0296
221.0000 1.0328
222.0000 1.0243
223.0000 1.0211
224.0000 1.0146
225.0000 1.0108
226.0000 1.0058
227.0000 1.0022
228.0000 0.9988
229.0000 0.9965
230.0000 0.9948
231.0000 0.9940
232.0000 0.9937
233.0000 0.9939
234.0000 0.9945
235.0000 0.9953
236.0000 0.9963
237.0000 0.9973
238.0000 0.9983
239.0000 0.9992
240.0000 1.0000
241.0000 1.0006
242.0000 1.0010
243.0000 1.0013
244.0000 1.0015
245.0000 1.0015
246.0000 1.0014
247.0000 1.0013
248.0000 1.0011
249.0000 1.0009
250.0000 1.0006
251.0000 1.0004
252.0000 1.0002
253.0000 1.0001
254.0000 0.9999
255.0000 0.9999
256.0000 0.9998
257.0000 0.9998
258.0000 0.9998
259.0000 0.9998
260.0000 0.9998
261.0000 0.9998
262.0000 0.9999
263.0000 0.9999
264.0000 1.0000
265.0000 1.0000
266.0000 1.0000
267.0000 1.0001
268.0000 1.0001
269.0000 1.0001
270.0000 1.0001
271.0000 1.0001
272.0000 1.0001
273.0000 1.0001
274.0000 1.0001
275.0000 1.0000
276.0000 1.0000
277.0000 1.0000
278.0000 1.0000
279.0000 1.0000
280.0000 1.0000
281.0000 1.0000
282.0000 1.0000
283.0000 1.0000
284.0000 1.0000
285.0000 1.0000
286.0000 1.0000
287.0000 1.0000
288.0000 1.0000
289.0000 1.0000
290.0000 1.0000
291.0000 1.0000
292.0000 1.0000
293.0000 1.0000
294.0000 1.0000
295.0000 1.0000
296.0000 1.0000
297.0000 1.0000
298.0000 1.0000
299.0000 1.0000
300.0000 1.0000
301.0000 1.0000
302.0000 1.0000
303.0000 1.0000
304.0000 1.0000
305.0000 1.0000
306.0000 1.0000
307.0000 1.0000
308.0000 1.0000
309.0000 1.0000
310.0000 1.0000
311.0000 -0.0786
312.0000 0.8907
313.0000 0.9930
314.0000 1.2742
315.0000 1.0897
316.0000 1.1118
317.0000 1.0598
318.0000 1.1043
319.0000 1.0890
320.0000 1.0894
321.0000 1.0631
322.0000 1.0493
323.0000 1.0302
324.0000 1.0181
325.0000 1.0046
326.0000 0.9951
327.0000 0.9867
328.0000 0.9816
329.0000 0.9785
330.0000 0.9776
331.0000 0.9782
332.0000 0.9801
333.0000 0.9828
334.0000 0.9860
335.0000 0.9894
336.0000 0.9927
337.0000 0.9957
338.0000 0.9982
339.0000 1.0003
340.0000 1.0018
341.0000 1.0028
342.0000 1.0034
343.0000 1.0035
344.0000 1.0033
345.0000 1.0029
346.0000 1.0024
347.0000 1.0017
348.0000 1.0010
349.0000 1.0003
350.0000 0.9998
351.0000 0.9993
352.0000 0.9989
353.0000 0.9986
354.0000 0.9984
355.0000 0.9983
356.0000 0.9983
357.0000 0.9984
358.0000 0.9985
359.0000 0.9987
360.0000 0.9988
361.0000 0.9990
362.0000 0.9992
363.0000 0.9993
364.0000 0.9994
365.0000 0.9995
366.0000 0.9996
367.0000 0.9996
368.0000 0.9997
369.0000 0.9997
370.0000 0.9997
371.0000 0.9997
372.0000 0.9996
373.0000 0.9996
374.0000 0.9996
375.0000 0.9996
376.0000 0.9996
377.0000 0.9996
378.0000 0.9996
379.0000 0.9996
380.0000 0.9996
381.0000 0.9996
382.0000 0.9996
383.0000 0.9996
384.0000 0.9996
385.0000 0.9996
386.0000 0.9996
387.0000 0.9996
388.0000 0.9997
389.0000 0.9997
390.0000 0.9997
391.0000 0.9997
392.0000 0.9997
393.0000 0.9997
394.0000 0.9997
395.0000 0.9997
396.0000 0.9997
397.0000 0.9997
398.0000 0.9997
399.0000 0.9998
400.0000 0.9998
401.0000 0.9998
402.0000 0.9998
403.0000 0.9998
404.0000 0.9998
405.0000 0.9998
406.0000 0.9998
407.0000 0.9998
408.0000 0.9998
409.0000 0.9998
410.0000 0.9998
411.0000 -1.8842
412.0000 -1.7578
413.0000 -1.4439
414.0000 -0.8521
415.0000 -0.8991
416.0000 -0.9326
417.0000 -1.0410
418.0000 -1.0137
419.0000 -1.0032
420.0000 -0.9753
421.0000 -0.9793
422.0000 -0.9790
423.0000 -0.9850
424.0000 -0.9851
425.0000 -0.9875
426.0000 -0.9890
427.0000 -0.9920
428.0000 -0.9943
429.0000 -0.9968
430.0000 -0.9985
431.0000 -1.0000
432.0000 -1.0010
433.0000 -1.0017
434.0000 -1.0020
435.0000 -1.0021
436.0000 -1.0019
437.0000 -1.0015
438.0000 -1.0010
439.0000 -1.0005
440.0000 -1.0000
441.0000 -0.9995
442.0000 -0.9991
443.0000 -0.9988
444.0000 -0.9985
445.0000 -0.9983
446.0000 -0.9983
447.0000 -0.9982
448.0000 -0.9983
449.0000 -0.9983
450.0000 -0.9985
451.0000 -0.9986
452.0000 -0.9987
453.0000 -0.9989
454.0000 -0.9990
455.0000 -0.9991
456.0000 -0.9992
457.0000 -0.9993
458.0000 -0.9993
459.0000 -0.9994
460.0000 -0.9994
461.0000 -0.9994
462.0000 -0.9994
463.0000 -0.9994
464.0000 -0.9994
465.0000 -0.9994
466.0000 -0.9994
467.0000 -0.9994
468.0000 -0.9994
469.0000 -0.9994
470.0000 -0.9994
471.0000 -0.9994
472.0000 -0.9994
473.0000 -0.9994
474.0000 -0.9995
475.0000 -0.9995
476.0000 -0.9995
477.0000 -0.9995
478.0000 -0.9995
479.0000 -0.9995
480.0000 -0.9996
481.0000 -0.9996
482.0000 -0.9996
483.0000 -0.9996
484.0000 -0.9996
485.0000 -0.9996
486.0000 -0.9996
487.0000 -0.9996
488.0000 -0.9997
489.0000 -0.9997
490.0000 -0.9997
491.0000 -0.9997
492.0000 -0.9997
493.0000 -0.9997
494.0000 -0.9997
495.0000 -0.9997
496.0000 -0.9997
497.0000 -0.9997
498.0000 -0.9997
499.0000 -0.9997
500.0000 -0.9997
501.0000 -0.9997
502.0000 -0.9998
503.0000 -0.9998
504.0000 -0.9998
505.0000 -0.9998
506.0000 -0.9998
507.0000 -0.9998
508.0000 -0.9998
509.0000 -0.9998
510.0000 -0.9998
511.0000 -1.0567
512.0000 -0.2029
513.0000 -0.9607
514.0000 -0.9237
515.0000 -1.1631
516.0000 -1.0217
517.0000 -1.0702
518.0000 -1.0300
519.0000 -1.0716
520.0000 -1.0593
521.0000 -1.0657
522.0000 -1.0486
523.0000 -1.0422
524.0000 -1.0292
525.0000 -1.0215
526.0000 -1.0116
527.0000 -1.0045
528.0000 -0.9976
529.0000 -0.9931
530.0000 -0.9897
531.0000 -0.9880
532.0000 -0.9873
533.0000 -0.9878
534.0000 -0.9889
535.0000 -0.9906
536.0000 -0.9926
537.0000 -0.9946
538.0000 -0.9966
539.0000 -0.9984
540.0000 -0.9999
541.0000 -1.0012
542.0000 -1.0021
543.0000 -1.0026
544.0000 -1.0029
545.0000 -1.0030
546.0000 -1.0029
547.0000 -1.0026
548.0000 -1.0022
549.0000 -1.0017
550.0000 -1.0013
551.0000 -1.0009
552.0000 -1.0005
553.0000 -1.0002
554.0000 -0.9999
555.0000 -0.9997
556.0000 -0.9996
557.0000 -0.9995
558.0000 -0.9995
559.0000 -0.9995
560.0000 -0.9996
561.0000 -0.9997
562.0000 -0.9998
563.0000 -0.9998
564.0000 -0.9999
565.0000 -1.0000
566.0000 -1.0001
567.0000 -1.0001
568.0000 -1.0001
569.0000 -1.0002
570.0000 -1.0002
571.0000 -1.0002
572.0000 -1.0002
573.0000 -1.0001
574.0000 -1.0001
575.0000 -1.0001
576.0000 -1.0001
577.0000 -1.0001
578.0000 -1.0000
579.0000 -1.0000
580.0000 -1.0000
581.0000 -1.0000
582.0000 -1.0000
583.0000 -1.0000
584.0000 -1.0000
585.0000 -1.0000
586.0000 -1.0000
587.0000 -1.0000
588.0000 -1.0000
589.0000 -1.0000
590.0000 -1.0000
591.0000 -1.0000
592.0000 -1.0000
593.0000 -1.0000
594.0000 -1.0000
595.0000 -1.0000
596.0000 -1.0000
597.0000 -1.0000
598.0000 -1.0000
599.0000 -1.0000
600.0000 -1.0000
601.0000 -1.0000
602.0000 -1.0000
603.0000 -1.0000
604.0000 -1.0000
605.0000 -1.0000
606.0000 -1.0000
607.0000 -1.0000
608.0000 -1.0000
609.0000 -1.0000
610.0000 -1.0000
611.0000 0.6179
612.0000 -0.8361
613.0000 -0.9895
614.0000 -1.4113
615.0000 -1.1345
616.0000 -1.1677
617.0000 -1.0897
618.0000 -1.1565
619.0000 -1.1335
620.0000 -1.1341
621.0000 -1.0947
622.0000 -1.0740
623.0000 -1.0452
624.0000 -1.0271
625.0000 -1.0069
626.0000 -0.9926
627.0000 -0.9800
628.0000 -0.9724
629.0000 -0.9677
630.0000 -0.9664
631.0000 -0.9673
632.0000 -0.9702
633.0000 -0.9742
634.0000 -0.9791
635.0000 -0.9841
636.0000 -0.9890
637.0000 -0.9935
638.0000 -0.9973
639.0000 -1.0004
640.0000 -1.0027
641.0000 -1.0042
642.0000 -1.0051
643.0000 -1.0053
644.0000 -1.0050
645.0000 -1.0044
646.0000 -1.0035
647.0000 -1.0025
648.0000 -1.0015
649.0000 -1.0005
650.0000 -0.9996
651.0000 -0.9989
652.0000 -0.9983
653.0000 -0.9979
654.0000 -0.9976
655.0000 -0.9975
656.0000 -0.9975
657.0000 -0.9976
658.0000 -0.9978
659.0000 -0.9980
660.0000 -0.9983
661.0000 -0.9985
662.0000 -0.9987
663.0000 -0.9989
664.0000 -0.9991
665.0000 -0.9993
666.0000 -0.9994
667.0000 -0.9994
668.0000 -0.9995
669.0000 -0.9995
670.0000 -0.9995
671.0000 -0.9995
672.0000 -0.9995
673.0000 -0.9994
674.0000 -0.9994
675.0000 -0.9994
676.0000 -0.9994
677.0000 -0.9993
678.0000 -0.9993
679.0000 -0.9993
680.0000 -0.9993
681.0000 -0.9994
682.0000 -0.9994
683.0000 -0.9994
684.0000 -0.9994
685.0000 -0.9994
686.0000 -0.9994
687.0000 -0.9995
688.0000 -0.9995
689.0000 -0.9995
690.0000 -0.9995
691.0000 -0.9995
692.0000 -0.9996
693.0000 -0.9996
694.0000 -0.9996
695.0000 -0.9996
696.0000 -0.9996
697.0000 -0.9996
698.0000 -0.9996
699.0000 -0.9996
700.0000 -0.9996
701.0000 -0.9996
702.0000 -0.9996
703.0000 -0.9997
704.0000 -0.9997
705.0000 -0.9997
706.0000 -0.9997
707.0000 -0.9997
708.0000 -0.9997
709.0000 -0.9997
710.0000 -0.9997
711.0000 3.3263
712.0000 3.1367
713.0000 2.6658
714.0000 1.7782
715.0000 1.8487
716.0000 1.8989
717.0000 2.0615
718.0000 2.0205
719.0000 2.0049
720.0000 1.9629
721.0000 1.9689
722.0000 1.9684
723.0000 1.9775
724.0000 1.9776
725.0000 1.9813
726.0000 1.9834
727.0000 1.9879
728.0000 1.9915
729.0000 1.9952
730.0000 1.9978
731.0000 2.0000
732.0000 2.0015
733.0000 2.0026
734.0000 2.0030
735.0000 2.0031
736.0000 2.0028
737.0000 2.0023
738.0000 2.0016
739.0000 2.0008
740.0000 2.0000
741.0000 1.9993
742.0000 1.9987
743.0000 1.9982
744.0000 1.9978
745.0000 1.9975
746.0000 1.9974
747.0000 1.9973
748.0000 1.9974
749.0000 1.9975
750.0000 1.9977
751.0000 1.9979
752.0000 1.9981
753.0000 1.9983
754.0000 1.9985
755.0000 1.9987
756.0000 1.9988
757.0000 1.9989
758.0000 1.9990
759.0000 1.9991
760.0000 1.9991
761.0000 1.9992
762.0000 1.9992
763.0000 1.9992
764.0000 1.9992
765.0000 1.9991
766.0000 1.9991
767.0000 1.9991
768.0000 1.9991
769.0000 1.9991
770.0000 1.9991
771.0000 1.9991
772.0000 1.9992
773.0000 1.9992
774.0000 1.9992
775.0000 1.9992
776.0000 1.9992
777.0000 1.9993
778.0000 1.9993
779.0000 1.9993
780.0000 1.9993
781.0000 1.9994
782.0000 1.9994
783.0000 1.9994
784.0000 1.9994
785.0000 1.9994
786.0000 1.9995
787.0000 1.9995
788.0000 1.9995
789.0000 1.9995
790.0000 1.9995
791.0000 1.9995
792.0000 1.9995
793.0000 1.9995
794.0000 1.9996
795.0000 1.9996
796.0000 1.9996
797.0000 1.9996
798.0000 1.9996
799.0000 1.9996
800.0000 1.9996
801.0000 1.9996
802.0000 1.9996
803.0000 1.9996
804.0000 1.9997
805.0000 1.9997
806.0000 1.9997
807.0000 1.9997
808.0000 1.9997
809.0000 1.9997
810.0000 1.9997
811.0000 2.0850
812.0000 0.8043
813.0000 1.9411
814.0000 1.8856
815.0000 2.2446
816.0000 2.0326
817.0000 2.1052
818.0000 2.0450
819.0000 2.1075
820.0000 2.0889
821.0000 2.0985
822.0000 2.0729
823.0000 2.0633
824.0000 2.0438
825.0000 2.0323
826.0000 2.0174
827.0000 2.0067
828.0000 1.9964
829.0000 1.9896
830.0000 1.9845
831.0000 1.9820
832.0000 1.9810
833.0000 1.9817
834.0000 1.9834
835.0000 1.9859
836.0000 1.9888
837.0000 1.9919
838.0000 1.9949
839.0000 1.9976
840.0000 1.9999
841.0000 2.0017
842.0000 2.0031
843.0000 2.0040
844.0000 2.0044
845.0000 2.0045
846.0000 2.0043
847.0000 2.0038
848.0000 2.0033
849.0000 2.0026
850.0000 2.0019
851.0000 2.0013
852.0000 2.0007
853.0000 2.0002
854.0000 1.9998
855.0000 1.9996
856.0000 1.9994
857.0000 1.9993
858.0000 1.9993
859.0000 1.9993
860.0000 1.9994
861.0000 1.9995
862.0000 1.9996
863.0000 1.9998
864.0000 1.9999
865.0000 2.0000
866.0000 2.0001
867.0000 2.0002
868.0000 2.0002
869.0000 2.0002
870.0000 2.0003
871.0000 2.0002
872.0000 2.0002
873.0000 2.0002
874.0000 2.0002
875.0000 2.0001
876.0000 2.0001
877.0000 2.0001
878.0000 2.0001
879.0000 2.0000
880.0000 2.0000
881.0000 2.0000
882.0000 2.0000
883.0000 2.0000
884.0000 2.0000
885.0000 2.0000
886.0000 2.0000
887.0000 2.0000
888.0000 2.0000
889.0000 2.0000
890.0000 2.0000
891.0000 2.0000
892.0000 2.0000
893.0000 2.0000
894.0000 2.0000
895.0000 2.0000
896.0000 2.0000
897.0000 2.0000
898.0000 2.0000
899.0000 2.0000
900.0000 2.0000
901.0000 2.0000
902.0000 2.0000
903.0000 2.0000
904.0000 2.0000
905.0000 2.0000
906.0000 2.0000
907.0000 2.0000
908.0000 2.0000
909.0000 2.0000
910.0000 2.0000
