1.0000 0.0000
2.0000 0.0000
3.0000 0.0000
4.0000 0.0000
5.0000 0.0000
6.0000 0.0000
7.0000 0.0000
8.0000 0.0000
9.0000 0.0000
10.0000 0.0000
11.0000 0.4559
12.0000 0.2425
13.0000 0.2854
14.0000 0.1212
15.0000 0.0702
16.0000 -0.0685
17.0000 -0.1581
18.0000 -0.2659
19.0000 -0.3330
20.0000 -0.3884
21.0000 -0.4126
22.0000 -0.4205
23.0000 -0.4070
24.0000 -0.3808
25.0000 -0.3424
26.0000 -0.2980
27.0000 -0.2498
28.0000 -0.2019
29.0000 -0.1564
30.0000 -0.1155
31.0000 -0.0803
32.0000 -0.0516
33.0000 -0.0294
34.0000 -0.0136
35.0000 -0.0035
36.0000 0.0017
37.0000 0.0029
38.0000 0.0011
39.0000 -0.0028
40.0000 -0.0079
41.0000 -0.0135
42.0000 -0.0191
43.0000 -0.0240
44.0000 -0.0281
45.0000 -0.0312
46.0000 -0.0332
47.0000 -0.0342
48.0000 -0.0342
49.0000 -0.0335
50.0000 -0.0321
51.0000 -0.0303
52.0000 -0.0281
53.0000 -0.0259
54.0000 -0.0237
55.0000 -0.0217
56.0000 -0.0198
57.0000 -0.0182
58.0000 -0.0169
59.0000 -0.0158
60.0000 -0.0150
61.0000 -0.0144
62.0000 -0.0140
63.0000 -0.0138
64.0000 -0.0137
65.0000 -0.0137
66.0000 -0.0137
67.0000 -0.0137
68.0000 -0.0137
69.0000 -0.0137
70.0000 -0.0136
71.0000 -0.0135
72.0000 -0.0133
73.0000 -0.0131
74.0000 -0.0129
75.0000 -0.0126
76.0000 -0.0123
77.0000 -0.0120
78.0000 -0.0117
79.0000 -0.0113
80.0000 -0.0110
81.0000 -0.0107
82.0000 -0.0104
83.0000 -0.0102
84.0000 -0.0099
85.0000 -0.0097
86.0000 -0.0094
87.0000 -0.0092
88.0000 -0.0090
89.0000 -0.0088
90.0000 -0.0086
91.0000 -0.0084
92.0000 -0.0083
93.0000 -0.0081
94.0000 -0.0079
95.0000 -0.0078
96.0000 -0.0076
97.0000 -0.0074
98.0000 -0.0073
99.0000 -0.0071
100.0000 -0.0069
101.0000 -0.0068
102.0000 -0.0066
103.0000 -0.0065
104.0000 -0.0063
105.0000 -0.0062
106.0000 -0.0060
107.0000 -0.0059
108.0000 -0.0057
109.0000 -0.0056
110.0000 -0.0055
111.0000 0.5323
112.0000 0.4172
113.0000 0.4771
114.0000 0.3756
115.0000 0.4052
116.0000 0.3689
117.0000 0.3614
118.0000 0.3145
119.0000 0.2800
120.0000 0.2362
121.0000 0.2025
122.0000 0.1686
123.0000 0.1416
124.0000 0.1176
125.0000 0.0995
126.0000 0.0856
127.0000 0.0763
128.0000 0.0703
129.0000 0.0673
130.0000 0.0664
131.0000 0.0670
132.0000 0.0683
133.0000 0.0700
134.0000 0.0716
135.0000 0.0727
136.0000 0.0732
137.0000 0.0731
138.0000 0.0722
139.0000 0.0706
140.0000 0.0684
141.0000 0.0657
142.0000 0.0627
143.0000 0.0594
144.0000 0.0561
145.0000 0.0528
146.0000 0.0497
147.0000 0.0467
148.0000 0.0440
149.0000 0.0415
150.0000 0.0394
151.0000 0.0375
152.0000 0.0358
153.0000 0.0344
154.0000 0.0332
155.0000 0.0321
156.0000 0.0311
157.0000 0.0303
158.0000 0.0295
159.0000 0.0287
160.0000 0.0280
161.0000 0.0273
162.0000 0.0265
163.0000 0.0258
164.0000 0.0251
165.0000 0.0243
166.0000 0.0236
167.0000 0.0229
168.0000 0.0221
169.0000 0.0214
170.0000 0.0207
171.0000 0.0200
172.0000 0.0194
173.0000 0.0188
174.0000 0.0182
175.0000 0.0176
176.0000 0.0170
177.0000 0.0165
178.0000 0.0160
179.0000 0.0156
180.0000 0.0151
181.0000 0.0147
182.0000 0.0143
183.0000 0.0139
184.0000 0.0135
185.0000 0.0131
186.0000 0.0128
187.0000 0.0124
188.0000 0.0121
189.0000 0.0117
190.0000 0.0114
191.0000 0.0111
192.0000 0.0108
193.0000 0.0105
194.0000 0.0102
195.0000 0.0099
196.0000 0.0097
197.0000 0.0094
198.0000 0.0091
199.0000 0.0089
200.0000 0.0086
201.0000 0.0084
202.0000 0.0082
203.0000 0.0080
204.0000 0.0077
205.0000 0.0075
206.0000 0.0073
207.0000 0.0071
208.0000 0.0069
209.0000 0.0068
210.0000 0.0066
211.0000 0.2797
212.0000 -0.0196
213.0000 0.2301
214.0000 0.2148
215.0000 0.3885
216.0000 0.4535
217.0000 0.5975
218.0000 0.6951
219.0000 0.8125
220.0000 0.8967
221.0000 0.9746
222.0000 1.0272
223.0000 1.0671
224.0000 1.0884
225.0000 1.0978
226.0000 1.0950
227.0000 1.0844
228.0000 1.0677
229.0000 1.0481
230.0000 1.0272
231.0000 1.0071
232.0000 0.9888
233.0000 0.9733
234.0000 0.9612
235.0000 0.9525
236.0000 0.9473
237.0000 0.9451
238.0000 0.9455
239.0000 0.9480
240.0000 0.9520
241.0000 0.9570
242.0000 0.9625
243.0000 0.9681
244.0000 0.9734
245.0000 0.9782
246.0000 0.9824
247.0000 0.9858
248.0000 0.9884
249.0000 0.9902
250.0000 0.9914
251.0000 0.9920
252.0000 0.9922
253.0000 0.9920
254.0000 0.9916
255.0000 0.9911
256.0000 0.9906
257.0000 0.9901
258.0000 0.9897
259.0000 0.9894
260.0000 0.9893
261.0000 0.9893
262.0000 0.9895
263.0000 0.9897
264.0000 0.9901
265.0000 0.9905
266.0000 0.9910
267.0000 0.9915
268.0000 0.9920
269.0000 0.9925
270.0000 0.9929
271.0000 0.9934
272.0000 0.9938
273.0000 0.9941
274.0000 0.9944
275.0000 0.9947
276.0000 0.9949
277.0000 0.9951
278.0000 0.9953
279.0000 0.9955
280.0000 0.9956
281.0000 0.9957
282.0000 0.9959
283.0000 0.9960
284.0000 0.9961
285.0000 0.9962
286.0000 0.9964
287.0000 0.9965
288.0000 0.9966
289.0000 0.9967
290.0000 0.9969
291.0000 0.9970
292.0000 0.9971
293.0000 0.9972
294.0000 0.9973
295.0000 0.9975
296.0000 0.9976
297.0000 0.9977
298.0000 0.9978
299.0000 0.9979
300.0000 0.9979
301.0000 0.9980
302.0000 0.9981
303.0000 0.9982
304.0000 0.9983
305.0000 0.9983
306.0000 0.9984
307.0000 0.9985
308.0000 0.9985
309.0000 0.9986
310.0000 0.9986
311.0000 0.0870
312.0000 0.5138
313.0000 0.4280
314.0000 0.7564
315.0000 0.8584
316.0000 1.1359
317.0000 1.3152
318.0000 1.5308
319.0000 1.6650
320.0000 1.7758
321.0000 1.8243
322.0000 1.8401
323.0000 1.8133
324.0000 1.7608
325.0000 1.6842
326.0000 1.5952
327.0000 1.4989
328.0000 1.4031
329.0000 1.3122
330.0000 1.2304
331.0000 1.1600
332.0000 1.1026
333.0000 1.0583
334.0000 1.0267
335.0000 1.0065
336.0000 0.9962
337.0000 0.9938
338.0000 0.9975
339.0000 1.0053
340.0000 1.0155
341.0000 1.0267
342.0000 1.0378
343.0000 1.0477
344.0000 1.0560
345.0000 1.0622
346.0000 1.0662
347.0000 1.0682
348.0000 1.0682
349.0000 1.0667
350.0000 1.0640
351.0000 1.0603
352.0000 1.0561
353.0000 1.0517
354.0000 1.0473
355.0000 1.0432
356.0000 1.0394
357.0000 1.0362
358.0000 1.0336
359.0000 1.0315
360.0000 1.0299
361.0000 1.0287
362.0000 1.0280
363.0000 1.0276
364.0000 1.0273
365.0000 1.0273
366.0000 1.0273
367.0000 1.0273
368.0000 1.0273
369.0000 1.0273
370.0000 1.0271
371.0000 1.0269
372.0000 1.0266
373.0000 1.0262
374.0000 1.0257
375.0000 1.0251
376.0000 1.0246
377.0000 1.0239
378.0000 1.0233
379.0000 1.0227
380.0000 1.0220
381.0000 1.0214
382.0000 1.0209
383.0000 1.0203
384.0000 1.0198
385.0000 1.0193
386.0000 1.0189
387.0000 1.0184
388.0000 1.0180
389.0000 1.0176
390.0000 1.0172
391.0000 1.0169
392.0000 1.0165
393.0000 1.0162
394.0000 1.0158
395.0000 1.0155
396.0000 1.0152
397.0000 1.0148
398.0000 1.0145
399.0000 1.0142
400.0000 1.0139
401.0000 1.0135
402.0000 1.0132
403.0000 1.0129
404.0000 1.0126
405.0000 1.0123
406.0000 1.0120
407.0000 1.0118
408.0000 1.0115
409.0000 1.0112
410.0000 1.0109
411.0000 -0.0646
412.0000 0.1655
413.0000 0.0458
414.0000 0.2489
415.0000 0.1897
416.0000 0.2622
417.0000 0.2773
418.0000 0.3710
419.0000 0.4400
420.0000 0.5277
421.0000 0.5950
422.0000 0.6627
423.0000 0.7167
424.0000 0.7648
425.0000 0.8009
426.0000 0.8289
427.0000 0.8475
428.0000 0.8595
429.0000 0.8654
430.0000 0.8673
431.0000 0.8661
432.0000 0.8634
433.0000 0.8600
434.0000 0.8569
435.0000 0.8546
436.0000 0.8535
437.0000 0.8539
438.0000 0.8557
439.0000 0.8589
440.0000 0.8633
441.0000 0.8687
442.0000 0.8747
443.0000 0.8812
444.0000 0.8878
445.0000 0.8944
446.0000 0.9007
447.0000 0.9066
448.0000 0.9121
449.0000 0.9170
450.0000 0.9213
451.0000 0.9251
452.0000 0.9284
453.0000 0.9312
454.0000 0.9337
455.0000 0.9358
456.0000 0.9377
457.0000 0.9395
458.0000 0.9410
459.0000 0.9426
460.0000 0.9440
461.0000 0.9455
462.0000 0.9469
463.0000 0.9484
464.0000 0.9499
465.0000 0.9513
466.0000 0.9528
467.0000 0.9543
468.0000 0.9558
469.0000 0.9572
470.0000 0.9586
471.0000 0.9600
472.0000 0.9613
473.0000 0.9625
474.0000 0.9637
475.0000 0.9648
476.0000 0.9659
477.0000 0.9670
478.0000 0.9679
479.0000 0.9689
480.0000 0.9698
481.0000 0.9706
482.0000 0.9715
483.0000 0.9723
484.0000 0.9730
485.0000 0.9738
486.0000 0.9745
487.0000 0.9752
488.0000 0.9759
489.0000 0.9765
490.0000 0.9772
491.0000 0.9778
492.0000 0.9784
493.0000 0.9790
494.0000 0.9796
495.0000 0.9802
496.0000 0.9807
497.0000 0.9812
498.0000 0.9818
499.0000 0.9823
500.0000 0.9827
501.0000 0.9832
502.0000 0.9837
503.0000 0.9841
504.0000 0.9845
505.0000 0.9849
506.0000 0.9854
507.0000 0.9857
508.0000 0.9861
509.0000 0.9865
510.0000 0.9869
511.0000 0.4405
512.0000 1.0392
513.0000 0.5399
514.0000 0.5704
515.0000 0.2229
516.0000 0.0931
517.0000 -0.1950
518.0000 -0.3901
519.0000 -0.6251
520.0000 -0.7933
521.0000 -0.9492
522.0000 -1.0544
523.0000 -1.1342
524.0000 -1.1768
525.0000 -1.1956
526.0000 -1.1899
527.0000 -1.1688
528.0000 -1.1355
529.0000 -1.0962
530.0000 -1.0544
531.0000 -1.0141
532.0000 -0.9775
533.0000 -0.9466
534.0000 -0.9223
535.0000 -0.9051
536.0000 -0.8945
537.0000 -0.8901
538.0000 -0.8909
539.0000 -0.8959
540.0000 -0.9040
541.0000 -0.9140
542.0000 -0.9250
543.0000 -0.9362
544.0000 -0.9469
545.0000 -0.9565
546.0000 -0.9648
547.0000 -0.9715
548.0000 -0.9767
549.0000 -0.9804
550.0000 -0.9828
551.0000 -0.9840
552.0000 -0.9844
553.0000 -0.9840
554.0000 -0.9833
555.0000 -0.9823
556.0000 -0.9812
557.0000 -0.9802
558.0000 -0.9794
559.0000 -0.9789
560.0000 -0.9786
561.0000 -0.9786
562.0000 -0.9789
563.0000 -0.9794
564.0000 -0.9801
565.0000 -0.9810
566.0000 -0.9819
567.0000 -0.9829
568.0000 -0.9839
569.0000 -0.9849
570.0000 -0.9859
571.0000 -0.9867
572.0000 -0.9875
573.0000 -0.9882
574.0000 -0.9888
575.0000 -0.9894
576.0000 -0.9898
577.0000 -0.9902
578.0000 -0.9906
579.0000 -0.9909
580.0000 -0.9912
581.0000 -0.9915
582.0000 -0.9917
583.0000 -0.9920
584.0000 -0.9922
585.0000 -0.9925
586.0000 -0.9927
587.0000 -0.9930
588.0000 -0.9932
589.0000 -0.9935
590.0000 -0.9937
591.0000 -0.9940
592.0000 -0.9942
593.0000 -0.9945
594.0000 -0.9947
595.0000 -0.9949
596.0000 -0.9951
597.0000 -0.9953
598.0000 -0.9955
599.0000 -0.9957
600.0000 -0.9959
601.0000 -0.9961
602.0000 -0.9962
603.0000 -0.9964
604.0000 -0.9965
605.0000 -0.9966
606.0000 -0.9968
607.0000 -0.9969
608.0000 -0.9970
609.0000 -0.9971
610.0000 -0.9973
611.0000 0.3702
612.0000 -0.2701
613.0000 -0.1415
614.0000 -0.6340
615.0000 -0.7870
616.0000 -1.2033
617.0000 -1.4723
618.0000 -1.7957
619.0000 -1.9971
620.0000 -2.1633
621.0000 -2.2360
622.0000 -2.2597
623.0000 -2.2195
624.0000 -2.1408
625.0000 -2.0259
626.0000 -1.8925
627.0000 -1.7480
628.0000 -1.6044
629.0000 -1.4679
630.0000 -1.3453
631.0000 -1.2397
632.0000 -1.1536
633.0000 -1.0872
634.0000 -1.0398
635.0000 -1.0096
636.0000 -0.9941
637.0000 -0.9905
638.0000 -0.9960
639.0000 -1.0077
640.0000 -1.0231
641.0000 -1.0399
642.0000 -1.0565
643.0000 -1.0714
644.0000 -1.0838
645.0000 -1.0931
646.0000 -1.0992
647.0000 -1.1021
648.0000 -1.1022
649.0000 -1.1000
650.0000 -1.0958
651.0000 -1.0903
652.0000 -1.0840
653.0000 -1.0774
654.0000 -1.0708
655.0000 -1.0647
656.0000 -1.0591
657.0000 -1.0543
658.0000 -1.0503
659.0000 -1.0471
660.0000 -1.0447
661.0000 -1.0430
662.0000 -1.0419
663.0000 -1.0413
664.0000 -1.0410
665.0000 -1.0409
666.0000 -1.0409
667.0000 -1.0410
668.0000 -1.0410
669.0000 -1.0409
670.0000 -1.0407
671.0000 -1.0403
672.0000 -1.0399
673.0000 -1.0392
674.0000 -1.0385
675.0000 -1.0377
676.0000 -1.0368
677.0000 -1.0359
678.0000 -1.0349
679.0000 -1.0340
680.0000 -1.0330
681.0000 -1.0321
682.0000 -1.0313
683.0000 -1.0305
684.0000 -1.0297
685.0000 -1.0290
686.0000 -1.0283
687.0000 -1.0276
688.0000 -1.0270
689.0000 -1.0264
690.0000 -1.0259
691.0000 -1.0253
692.0000 -1.0248
693.0000 -1.0243
694.0000 -1.0238
695.0000 -1.0233
696.0000 -1.0228
697.0000 -1.0223
698.0000 -1.0218
699.0000 -1.0213
700.0000 -1.0208
701.0000 -1.0203
702.0000 -1.0199
703.0000 -1.0194
704.0000 -1.0189
705.0000 -1.0185
706.0000 -1.0181
707.0000 -1.0176
708.0000 -1.0172
709.0000 -1.0168
710.0000 -1.0164
711.0000 0.5969
712.0000 0.2517
713.0000 0.4313
714.0000 0.1267
715.0000 0.2155
716.0000 0.1066
717.0000 0.0841
718.0000 -0.0565
719.0000 -0.1600
720.0000 -0.2916
721.0000 -0.3924
722.0000 -0.4941
723.0000 -0.5751
724.0000 -0.6472
725.0000 -0.7014
726.0000 -0.7434
727.0000 -0.7713
728.0000 -0.7892
729.0000 -0.7981
730.0000 -0.8009
731.0000 -0.7992
732.0000 -0.7951
733.0000 -0.7900
734.0000 -0.7854
735.0000 -0.7819
736.0000 -0.7803
737.0000 -0.7808
738.0000 -0.7836
739.0000 -0.7884
740.0000 -0.7950
741.0000 -0.8030
742.0000 -0.8121
743.0000 -0.8218
744.0000 -0.8317
745.0000 -0.8416
746.0000 -0.8511
747.0000 -0.8599
748.0000 -0.8681
749.0000 -0.8755
750.0000 -0.8820
751.0000 -0.8877
752.0000 -0.8926
753.0000 -0.8969
754.0000 -0.9006
755.0000 -0.9038
756.0000 -0.9066
757.0000 -0.9092
758.0000 -0.9116
759.0000 -0.9138
760.0000 -0.9161
761.0000 -0.9182
762.0000 -0.9204
763.0000 -0.9226
764.0000 -0.9248
765.0000 -0.9270
766.0000 -0.9293
767.0000 -0.9315
768.0000 -0.9337
769.0000 -0.9358
770.0000 -0.9379
771.0000 -0.9399
772.0000 -0.9419
773.0000 -0.9438
774.0000 -0.9456
775.0000 -0.9473
776.0000 -0.9489
777.0000 -0.9504
778.0000 -0.9519
779.0000 -0.9533
780.0000 -0.9547
781.0000 -0.9560
782.0000 -0.9572
783.0000 -0.9584
784.0000 -0.9595
785.0000 -0.9607
786.0000 -0.9617
787.0000 -0.9628
788.0000 -0.9638
789.0000 -0.9648
790.0000 -0.9658
791.0000 -0.9667
792.0000 -0.9676
793.0000 -0.9685
794.0000 -0.9694
795.0000 -0.9702
796.0000 -0.9711
797.0000 -0.9719
798.0000 -0.9726
799.0000 -0.9734
800.0000 -0.9741
801.0000 -0.9748
802.0000 -0.9755
803.0000 -0.9762
804.0000 -0.9768
805.0000 -0.9774
806.0000 -0.9780
807.0000 -0.9786
808.0000 -0.9792
809.0000 -0.9797
810.0000 -0.9803
811.0000 -0.1608
812.0000 -1.0587
813.0000 -0.3098
814.0000 -0.3556
815.0000 0.1656
816.0000 0.3603
817.0000 0.7925
818.0000 1.0852
819.0000 1.4376
820.0000 1.6900
821.0000 1.9238
822.0000 2.0816
823.0000 2.2014
824.0000 2.2652
825.0000 2.2934
826.0000 2.2849
827.0000 2.2533
828.0000 2.2032
829.0000 2.1443
830.0000 2.0816
831.0000 2.0212
832.0000 1.9663
833.0000 1.9200
834.0000 1.8835
835.0000 1.8576
836.0000 1.8418
837.0000 1.8352
838.0000 1.8364
839.0000 1.8439
840.0000 1.8560
841.0000 1.8710
842.0000 1.8876
843.0000 1.9043
844.0000 1.9203
845.0000 1.9347
846.0000 1.9471
847.0000 1.9573
848.0000 1.9651
849.0000 1.9706
850.0000 1.9742
851.0000 1.9760
852.0000 1.9765
853.0000 1.9760
854.0000 1.9749
855.0000 1.9734
856.0000 1.9718
857.0000 1.9703
858.0000 1.9692
859.0000 1.9683
860.0000 1.9679
861.0000 1.9679
862.0000 1.9684
863.0000 1.9691
864.0000 1.9702
865.0000 1.9715
866.0000 1.9729
867.0000 1.9744
868.0000 1.9759
869.0000 1.9774
870.0000 1.9788
871.0000 1.9801
872.0000 1.9813
873.0000 1.9823
874.0000 1.9832
875.0000 1.9840
876.0000 1.9847
877.0000 1.9853
878.0000 1.9859
879.0000 1.9863
880.0000 1.9868
881.0000 1.9872
882.0000 1.9876
883.0000 1.9879
884.0000 1.9883
885.0000 1.9887
886.0000 1.9891
887.0000 1.9894
888.0000 1.9898
889.0000 1.9902
890.0000 1.9906
891.0000 1.9910
892.0000 1.9913
893.0000 1.9917
894.0000 1.9920
895.0000 1.9924
896.0000 1.9927
897.0000 1.9930
898.0000 1.9933
899.0000 1.9936
900.0000 1.9938
901.0000 1.9941
902.0000 1.9943
903.0000 1.9946
904.0000 1.9948
905.0000 1.9950
906.0000 1.9952
907.0000 1.9954
908.0000 1.9955
909.0000 1.9957
910.0000 1.9959
