1.0000 25.8700
2.0000 25.8700
3.0000 25.9300
4.0000 26.0600
5.0000 26.1200
6.0000 26.2500
7.0000 26.3700
8.0000 26.5000
9.0000 26.5600
10.0000 26.6800
11.0000 26.8100
12.0000 26.9300
13.0000 27.0000
14.0000 27.1200
15.0000 27.2500
16.0000 27.3100
17.0000 27.4300
18.0000 27.5600
19.0000 27.6200
20.0000 27.7500
21.0000 27.8700
22.0000 27.9300
23.0000 28.0600
24.0000 28.1800
25.0000 28.2500
26.0000 28.3700
27.0000 28.4300
28.0000 28.5600
29.0000 28.6200
30.0000 28.7500
31.0000 28.8700
32.0000 28.9300
33.0000 29.0600
34.0000 29.1200
35.0000 29.1800
36.0000 29.3100
37.0000 29.3700
38.0000 29.5000
39.0000 29.5600
40.0000 29.6200
41.0000 29.6800
42.0000 29.8100
43.0000 29.8700
44.0000 29.9300
45.0000 30.0000
46.0000 30.0600
47.0000 30.1200
48.0000 30.1800
49.0000 30.3100
50.0000 30.3700
51.0000 30.3700
52.0000 30.4300
53.0000 30.5000
54.0000 30.5600
55.0000 30.6800
56.0000 30.6800
57.0000 30.8100
58.0000 30.8700
59.0000 30.9300
60.0000 30.9300
61.0000 31.0600
62.0000 31.1200
63.0000 31.1800
64.0000 31.1800
65.0000 31.2500
66.0000 31.3100
67.0000 31.3700
68.0000 31.4300
69.0000 31.5000
70.0000 31.5600
71.0000 31.5600
72.0000 31.6200
73.0000 31.6800
74.0000 31.7500
75.0000 31.8100
76.0000 31.8100
77.0000 31.8700
78.0000 31.9300
79.0000 31.9300
80.0000 32.0000
81.0000 32.0000
82.0000 32.0600
83.0000 32.1200
84.0000 32.1200
85.0000 32.1800
86.0000 32.1800
87.0000 32.2500
88.0000 32.3100
89.0000 32.3100
90.0000 32.3700
91.0000 32.4300
92.0000 32.4300
93.0000 32.5000
94.0000 32.5600
95.0000 32.5600
96.0000 32.6200
97.0000 32.6200
98.0000 32.6800
99.0000 32.6800
100.0000 32.7500
101.0000 32.7500
102.0000 32.7500
103.0000 32.8100
104.0000 32.8100
105.0000 32.8700
106.0000 32.8700
107.0000 32.8700
108.0000 32.9300
109.0000 32.9300
110.0000 32.9300
111.0000 33.0000
112.0000 33.0000
113.0000 33.0000
114.0000 33.0600
115.0000 33.0600
116.0000 33.1200
117.0000 33.1200
118.0000 33.1200
119.0000 33.1800
120.0000 33.1800
121.0000 33.2500
122.0000 33.2500
123.0000 33.3100
124.0000 33.3100
125.0000 33.3100
126.0000 33.3700
127.0000 33.3700
128.0000 33.3700
129.0000 33.4300
130.0000 33.4300
131.0000 33.4300
132.0000 33.4300
133.0000 33.5000
134.0000 33.5000
135.0000 33.5000
136.0000 33.5000
137.0000 33.5600
138.0000 33.5600
139.0000 33.5600
140.0000 33.6200
141.0000 33.6200
142.0000 33.6200
143.0000 33.6800
144.0000 33.6800
145.0000 33.6800
146.0000 33.6800
147.0000 33.7500
148.0000 33.7500
149.0000 33.7500
150.0000 33.7500
151.0000 33.7500
152.0000 33.8100
153.0000 33.8100
154.0000 33.8100
155.0000 33.8700
156.0000 33.8700
157.0000 33.8700
158.0000 33.8700
159.0000 33.8700
160.0000 33.8700
161.0000 33.8700
162.0000 33.8700
163.0000 33.9300
164.0000 33.9300
165.0000 33.9300
166.0000 33.9300
167.0000 33.9300
168.0000 34.0000
169.0000 34.0000
170.0000 34.0000
171.0000 34.0000
172.0000 34.0000
173.0000 34.0600
174.0000 34.0600
175.0000 34.0600
176.0000 34.0600
177.0000 34.0600
178.0000 34.0600
179.0000 34.1200
180.0000 34.1200
181.0000 34.1200
182.0000 34.1200
183.0000 34.1200
184.0000 34.1800
185.0000 34.1800
186.0000 34.1800
187.0000 34.1800
188.0000 34.1800
189.0000 34.1800
190.0000 34.1800
191.0000 34.2500
192.0000 34.2500
193.0000 34.2500
194.0000 34.2500
195.0000 34.2500
196.0000 34.2500
197.0000 34.3100
198.0000 34.3100
199.0000 34.3100
200.0000 34.3100
201.0000 34.3100
202.0000 34.3100
203.0000 34.3100
204.0000 34.3100
205.0000 34.3100
206.0000 34.3100
207.0000 34.3100
208.0000 34.3100
209.0000 34.3100
210.0000 34.3100
211.0000 34.3100
212.0000 34.3100
213.0000 34.3700
214.0000 34.3700
215.0000 34.3700
216.0000 34.3700
217.0000 34.3700
218.0000 34.3700
219.0000 34.4300
220.0000 34.4300
221.0000 34.4300
222.0000 34.4300
223.0000 34.4300
224.0000 34.4300
225.0000 34.4300
226.0000 34.4300
227.0000 34.4300
228.0000 34.5000
229.0000 34.5000
230.0000 34.5000
231.0000 34.5000
232.0000 34.5000
233.0000 34.5600
234.0000 34.5600
235.0000 34.5600
236.0000 34.5600
237.0000 34.5600
238.0000 34.5600
239.0000 34.5600
240.0000 34.6200
241.0000 34.6200
242.0000 34.6200
243.0000 34.6200
244.0000 34.6200
245.0000 34.6200
246.0000 34.6200
247.0000 34.6200
248.0000 34.6200
249.0000 34.6200
250.0000 34.6200
251.0000 34.6200
252.0000 34.6200
253.0000 34.6200
254.0000 34.6200
255.0000 34.6200
256.0000 34.6200
257.0000 34.6200
258.0000 34.6800
259.0000 34.6800
260.0000 34.6800
261.0000 34.6800
262.0000 34.6800
263.0000 34.6800
264.0000 34.6800
265.0000 34.6800
266.0000 34.6800
267.0000 34.6800
268.0000 34.6800
269.0000 34.6800
270.0000 34.6800
271.0000 34.7500
272.0000 34.7500
273.0000 34.7500
274.0000 34.7500
275.0000 34.7500
276.0000 34.7500
277.0000 34.7500
278.0000 34.7500
279.0000 34.7500
280.0000 34.7500
281.0000 34.7500
282.0000 34.7500
283.0000 34.7500
284.0000 34.7500
285.0000 34.7500
286.0000 34.7500
287.0000 34.7500
288.0000 34.8100
289.0000 34.7500
290.0000 34.7500
291.0000 34.8100
292.0000 34.8100
293.0000 34.8100
294.0000 34.8100
295.0000 34.8100
296.0000 34.8100
297.0000 34.8100
298.0000 34.8700
299.0000 34.8100
300.0000 34.8100
