1.0000 35.6200
2.0000 35.6200
3.0000 35.6200
4.0000 35.6200
5.0000 35.6200
6.0000 35.6200
7.0000 35.6200
8.0000 35.6200
9.0000 35.6200
10.0000 35.6200
11.0000 35.6800
12.0000 35.6200
13.0000 35.6800
14.0000 35.6800
15.0000 35.6800
16.0000 35.6800
17.0000 35.6800
18.0000 35.6800
19.0000 35.6800
20.0000 35.6800
21.0000 35.6800
22.0000 35.7500
23.0000 35.7500
24.0000 35.7500
25.0000 35.7500
26.0000 35.8100
27.0000 35.8100
28.0000 35.8700
29.0000 35.8700
30.0000 35.9300
31.0000 36.0000
32.0000 36.0000
33.0000 36.0600
34.0000 36.1200
35.0000 36.1800
36.0000 36.1800
37.0000 36.2500
38.0000 36.3100
39.0000 36.3700
40.0000 36.3700
41.0000 36.4300
42.0000 36.5000
43.0000 36.5000
44.0000 36.5600
45.0000 36.5600
46.0000 36.6200
47.0000 36.6800
48.0000 36.6800
49.0000 36.7500
50.0000 36.7500
51.0000 36.8100
52.0000 36.8700
53.0000 36.9300
54.0000 36.9300
55.0000 37.0000
56.0000 37.0600
57.0000 37.0600
58.0000 37.1200
59.0000 37.1200
60.0000 37.1800
61.0000 37.2500
62.0000 37.2500
63.0000 37.3100
64.0000 37.3100
65.0000 37.3700
66.0000 37.3700
67.0000 37.4300
68.0000 37.4300
69.0000 37.4300
70.0000 37.5000
71.0000 37.5600
72.0000 37.5600
73.0000 37.6200
74.0000 37.6200
75.0000 37.6200
76.0000 37.6800
77.0000 37.6800
78.0000 37.7500
79.0000 37.7500
80.0000 37.8100
81.0000 37.8100
82.0000 37.8100
83.0000 37.8100
84.0000 37.8100
85.0000 37.8700
86.0000 37.8700
87.0000 37.8700
88.0000 37.9300
89.0000 38.0000
90.0000 38.0000
91.0000 38.0600
92.0000 38.1200
93.0000 38.1200
94.0000 38.1800
95.0000 38.1800
96.0000 38.2500
97.0000 38.2500
98.0000 38.3100
99.0000 38.3100
100.0000 38.3100
101.0000 38.3700
102.0000 38.3700
103.0000 38.4300
104.0000 38.4300
105.0000 38.5000
106.0000 38.5000
107.0000 38.5000
108.0000 38.5600
109.0000 38.5600
110.0000 38.5600
111.0000 38.6200
112.0000 38.6200
113.0000 38.6200
114.0000 38.6800
115.0000 38.6800
116.0000 38.6800
117.0000 38.7500
118.0000 38.7500
119.0000 38.7500
120.0000 38.7500
121.0000 38.8100
122.0000 38.8100
123.0000 38.8100
124.0000 38.8100
125.0000 38.8100
126.0000 38.8100
127.0000 38.8700
128.0000 38.8100
129.0000 38.8100
130.0000 38.8100
131.0000 38.8100
132.0000 38.8100
133.0000 38.8100
134.0000 38.8100
135.0000 38.8100
136.0000 38.8100
137.0000 38.8100
138.0000 38.8700
139.0000 38.8700
140.0000 38.8700
141.0000 38.9300
142.0000 38.9300
143.0000 38.9300
144.0000 38.9300
145.0000 39.0000
146.0000 39.0000
147.0000 39.0600
148.0000 39.0600
149.0000 39.0600
150.0000 39.1200
151.0000 39.1200
152.0000 39.1200
153.0000 39.1200
154.0000 39.1200
155.0000 39.1200
156.0000 39.1200
157.0000 39.1800
158.0000 39.1800
159.0000 39.1800
160.0000 39.1800
161.0000 39.2500
162.0000 39.2500
163.0000 39.2500
164.0000 39.2500
165.0000 39.2500
166.0000 39.2500
167.0000 39.2500
168.0000 39.2500
169.0000 39.2500
170.0000 39.3100
171.0000 39.2500
172.0000 39.3100
173.0000 39.3100
174.0000 39.3100
175.0000 39.3100
176.0000 39.3100
177.0000 39.3700
178.0000 39.3700
179.0000 39.3700
180.0000 39.3700
181.0000 39.3700
182.0000 39.3700
183.0000 39.3700
184.0000 39.3700
185.0000 39.3700
186.0000 39.3700
187.0000 39.4300
188.0000 39.4300
189.0000 39.4300
190.0000 39.4300
191.0000 39.4300
192.0000 39.4300
193.0000 39.4300
194.0000 39.4300
195.0000 39.4300
196.0000 39.4300
197.0000 39.4300
198.0000 39.4300
199.0000 39.4300
200.0000 39.4300
201.0000 39.4300
202.0000 39.4300
203.0000 39.4300
204.0000 39.4300
205.0000 39.4300
206.0000 39.4300
207.0000 39.4300
208.0000 39.4300
209.0000 39.4300
210.0000 39.3700
211.0000 39.3700
212.0000 39.3700
213.0000 39.3700
214.0000 39.3700
215.0000 39.3700
216.0000 39.3700
217.0000 39.3700
218.0000 39.3700
219.0000 39.3700
220.0000 39.3700
221.0000 39.4300
222.0000 39.4300
223.0000 39.4300
224.0000 39.4300
225.0000 39.4300
226.0000 39.4300
227.0000 39.5000
228.0000 39.5000
229.0000 39.5000
230.0000 39.5000
231.0000 39.5600
232.0000 39.5600
233.0000 39.6200
234.0000 39.6200
235.0000 39.6200
236.0000 39.6200
237.0000 39.6200
238.0000 39.6200
239.0000 39.6200
240.0000 39.6200
241.0000 39.6200
242.0000 39.6200
243.0000 39.6200
244.0000 39.6200
245.0000 39.6200
246.0000 39.6200
247.0000 39.6800
248.0000 39.6800
249.0000 39.6800
250.0000 39.6800
251.0000 39.6800
252.0000 39.7500
253.0000 39.6800
254.0000 39.7500
255.0000 39.7500
256.0000 39.7500
257.0000 39.7500
258.0000 39.6800
259.0000 39.6800
260.0000 39.7500
261.0000 39.7500
262.0000 39.7500
263.0000 39.7500
264.0000 39.7500
265.0000 39.7500
266.0000 39.7500
267.0000 39.6800
268.0000 39.7500
269.0000 39.6800
270.0000 39.6800
271.0000 39.6800
272.0000 39.6800
273.0000 39.6800
274.0000 39.6800
275.0000 39.6800
276.0000 39.6800
277.0000 39.6800
278.0000 39.6800
279.0000 39.6800
280.0000 39.6800
281.0000 39.6800
282.0000 39.6800
283.0000 39.6800
284.0000 39.6800
285.0000 39.6800
286.0000 39.6800
287.0000 39.6800
288.0000 39.6800
289.0000 39.7500
290.0000 39.7500
291.0000 39.8100
292.0000 39.8100
293.0000 39.8100
294.0000 39.8100
295.0000 39.8100
296.0000 39.8100
297.0000 39.8100
298.0000 39.8700
299.0000 39.8700
300.0000 39.8700
301.0000 39.8700
302.0000 39.8700
303.0000 39.8700
304.0000 39.8700
305.0000 39.8700
306.0000 39.8700
307.0000 39.8700
308.0000 39.8700
309.0000 39.8700
310.0000 39.8700
