1.0000 36.1200
2.0000 36.5000
3.0000 36.5000
4.0000 36.5000
5.0000 36.5000
6.0000 36.5600
7.0000 36.5600
8.0000 36.5000
9.0000 36.5000
10.0000 36.5600
11.0000 36.5600
12.0000 36.5600
13.0000 36.5600
14.0000 36.5000
15.0000 36.5000
16.0000 36.5000
17.0000 36.5000
18.0000 36.5000
19.0000 36.5000
20.0000 36.5000
21.0000 36.5600
22.0000 36.5600
23.0000 36.6200
24.0000 36.6200
25.0000 36.6800
26.0000 36.6800
27.0000 36.7500
28.0000 36.8100
29.0000 36.8700
30.0000 36.9300
31.0000 37.0000
32.0000 37.0600
33.0000 37.1200
34.0000 37.1800
35.0000 37.3100
36.0000 37.3100
37.0000 37.4300
38.0000 37.5000
39.0000 37.6200
40.0000 37.6800
41.0000 37.8100
42.0000 37.8700
43.0000 37.9300
44.0000 38.0600
45.0000 38.1200
46.0000 38.2500
47.0000 38.3100
48.0000 38.3700
49.0000 38.4300
50.0000 38.5600
51.0000 38.6200
52.0000 38.6800
53.0000 38.7500
54.0000 38.8700
55.0000 38.9300
56.0000 39.0000
57.0000 39.0600
58.0000 39.1200
59.0000 39.1800
60.0000 39.2500
61.0000 39.3100
62.0000 39.3100
63.0000 39.3700
64.0000 39.4300
65.0000 39.4300
66.0000 39.5000
67.0000 39.5600
68.0000 39.6200
69.0000 39.6200
70.0000 39.6800
71.0000 39.7500
72.0000 39.8100
73.0000 39.8100
74.0000 39.8700
75.0000 39.9300
76.0000 39.9300
77.0000 40.0000
78.0000 40.0000
79.0000 40.0000
80.0000 40.0600
81.0000 40.0600
82.0000 40.0600
83.0000 40.1200
84.0000 40.1200
85.0000 40.1200
86.0000 40.1800
87.0000 40.1800
88.0000 40.1800
89.0000 40.2500
90.0000 40.2500
91.0000 40.2500
92.0000 40.3100
93.0000 40.3100
94.0000 40.3100
95.0000 40.3700
96.0000 40.3700
97.0000 40.3700
98.0000 40.3700
99.0000 40.3700
100.0000 40.3700
101.0000 40.3700
102.0000 40.3700
103.0000 40.3700
104.0000 40.3700
105.0000 40.3700
106.0000 40.3700
107.0000 40.3700
108.0000 40.4300
109.0000 40.4300
110.0000 40.4300
111.0000 40.3700
112.0000 40.3700
113.0000 40.3700
114.0000 40.3700
115.0000 40.3700
116.0000 40.3100
117.0000 40.3100
118.0000 40.3100
119.0000 40.3100
120.0000 40.3100
121.0000 40.3100
122.0000 40.3100
123.0000 40.3100
124.0000 40.3100
125.0000 40.3100
126.0000 40.3100
127.0000 40.3100
128.0000 40.3100
129.0000 40.3100
130.0000 40.3100
131.0000 40.3100
132.0000 40.2500
133.0000 40.3100
134.0000 40.3100
135.0000 40.2500
136.0000 40.2500
137.0000 40.2500
138.0000 40.2500
139.0000 40.1800
140.0000 40.1800
141.0000 40.1800
142.0000 40.1800
143.0000 40.1800
144.0000 40.1800
145.0000 40.1800
146.0000 40.1800
147.0000 40.1800
148.0000 40.1200
149.0000 40.1200
150.0000 40.1200
151.0000 40.0600
152.0000 40.0600
153.0000 40.0600
154.0000 40.0600
155.0000 40.0600
156.0000 40.0600
157.0000 40.0600
158.0000 40.0600
159.0000 40.0600
160.0000 40.1200
161.0000 40.1200
162.0000 40.1200
163.0000 40.1800
164.0000 40.1200
165.0000 40.1800
166.0000 40.1800
167.0000 40.1800
168.0000 40.1800
169.0000 40.1800
170.0000 40.1800
171.0000 40.1800
172.0000 40.1800
173.0000 40.1800
174.0000 40.1800
175.0000 40.1800
176.0000 40.1800
177.0000 40.1800
178.0000 40.1800
179.0000 40.1800
180.0000 40.1800
181.0000 40.1800
182.0000 40.1800
183.0000 40.2500
184.0000 40.2500
185.0000 40.2500
186.0000 40.2500
187.0000 40.3100
188.0000 40.3100
189.0000 40.3100
190.0000 40.3100
191.0000 40.3100
192.0000 40.3100
193.0000 40.3100
194.0000 40.3100
195.0000 40.3100
196.0000 40.3100
197.0000 40.3100
198.0000 40.2500
199.0000 40.2500
200.0000 40.2500
201.0000 40.2500
202.0000 40.2500
203.0000 40.3100
204.0000 40.2500
205.0000 40.2500
206.0000 40.2500
207.0000 40.3100
208.0000 40.3100
209.0000 40.2500
210.0000 40.2500
211.0000 40.2500
212.0000 40.2500
213.0000 40.2500
214.0000 40.2500
215.0000 40.1800
216.0000 40.1800
217.0000 40.1800
218.0000 40.1800
219.0000 40.1800
220.0000 40.1800
221.0000 40.1200
222.0000 40.1200
223.0000 40.1200
224.0000 40.0600
225.0000 40.0000
226.0000 40.0000
227.0000 39.9300
228.0000 39.8700
229.0000 39.8100
230.0000 39.8100
231.0000 39.7500
232.0000 39.6800
233.0000 39.6200
234.0000 39.5600
235.0000 39.5000
236.0000 39.4300
237.0000 39.3700
238.0000 39.3100
239.0000 39.2500
240.0000 39.1800
241.0000 39.1200
242.0000 39.0600
243.0000 39.0000
244.0000 38.9300
245.0000 38.8700
246.0000 38.8100
247.0000 38.7500
248.0000 38.6800
249.0000 38.6200
250.0000 38.5600
251.0000 38.5600
252.0000 38.5000
253.0000 38.4300
254.0000 38.4300
255.0000 38.3700
256.0000 38.3100
257.0000 38.3100
258.0000 38.3100
259.0000 38.2500
260.0000 38.2500
261.0000 38.1800
262.0000 38.1800
263.0000 38.1200
264.0000 38.1200
265.0000 38.1200
266.0000 38.1200
267.0000 38.0600
268.0000 38.0600
269.0000 38.0600
270.0000 38.0600
271.0000 38.0600
272.0000 38.0600
273.0000 38.0000
274.0000 38.0000
275.0000 38.0000
276.0000 38.0000
277.0000 38.0000
278.0000 38.0000
279.0000 38.0000
280.0000 38.0000
281.0000 38.0000
282.0000 38.0000
283.0000 38.0000
284.0000 38.0000
285.0000 38.0000
286.0000 38.0000
287.0000 38.0000
288.0000 38.0000
289.0000 38.0600
290.0000 38.0600
291.0000 38.0600
292.0000 38.0600
293.0000 38.0600
294.0000 38.0600
295.0000 38.0600
296.0000 38.0600
297.0000 38.1200
298.0000 38.0600
299.0000 38.1200
300.0000 38.1200
301.0000 38.1200
302.0000 38.1200
303.0000 38.1200
304.0000 38.1200
305.0000 38.1200
306.0000 38.1200
307.0000 38.1200
308.0000 38.1200
309.0000 38.1200
310.0000 38.1200
311.0000 38.1200
312.0000 38.1800
313.0000 38.1800
314.0000 38.1800
315.0000 38.1800
316.0000 38.1800
317.0000 38.1800
318.0000 38.1800
319.0000 38.1800
320.0000 38.1800
321.0000 38.1800
322.0000 38.1800
323.0000 38.1800
324.0000 38.2500
325.0000 38.1800
326.0000 38.1800
327.0000 38.1800
328.0000 38.2500
329.0000 38.2500
330.0000 38.2500
331.0000 38.2500
332.0000 38.2500
333.0000 38.2500
334.0000 38.2500
335.0000 38.2500
336.0000 38.2500
337.0000 38.3100
338.0000 38.2500
339.0000 38.3100
340.0000 38.2500
341.0000 38.2500
342.0000 38.2500
343.0000 38.2500
344.0000 38.2500
345.0000 38.2500
346.0000 38.2500
347.0000 38.2500
348.0000 38.1800
349.0000 38.1800
350.0000 38.1800
351.0000 38.1800
352.0000 38.1800
353.0000 38.1800
354.0000 38.1800
355.0000 38.1800
356.0000 38.1800
357.0000 38.1800
358.0000 38.2500
359.0000 38.1800
360.0000 38.2500
361.0000 38.2500
362.0000 38.1800
363.0000 38.1800
364.0000 38.1800
365.0000 38.1800
366.0000 38.1800
367.0000 38.1200
368.0000 38.1200
369.0000 38.1200
370.0000 38.1200
371.0000 38.1200
372.0000 38.1200
373.0000 38.1800
374.0000 38.1200
375.0000 38.1800
376.0000 38.1800
377.0000 38.1800
378.0000 38.1800
379.0000 38.1800
380.0000 38.1800
381.0000 38.1800
382.0000 38.1800
383.0000 38.1800
384.0000 38.1200
385.0000 38.1200
386.0000 38.1200
387.0000 38.1200
388.0000 38.1200
389.0000 38.1200
390.0000 38.1200
391.0000 38.1200
392.0000 38.1200
393.0000 38.1200
394.0000 38.1800
395.0000 38.1800
396.0000 38.1800
397.0000 38.1800
398.0000 38.1800
399.0000 38.2500
400.0000 38.1800
401.0000 38.1800
402.0000 38.1800
403.0000 38.1800
404.0000 38.1800
405.0000 38.1800
406.0000 38.1800
407.0000 38.1800
408.0000 38.1800
409.0000 38.1200
410.0000 38.1200
411.0000 38.1200
412.0000 38.1200
413.0000 38.0600
414.0000 38.0600
415.0000 38.0000
416.0000 38.0000
417.0000 38.0000
418.0000 38.0000
419.0000 38.0000
420.0000 38.0600
421.0000 38.1200
422.0000 38.1800
423.0000 38.2500
424.0000 38.3100
425.0000 38.3700
426.0000 38.4300
427.0000 38.5600
428.0000 38.6200
429.0000 38.7500
430.0000 38.8700
431.0000 38.9300
432.0000 39.0600
433.0000 39.1800
434.0000 39.3100
435.0000 39.4300
436.0000 39.5600
437.0000 39.6800
438.0000 39.8100
439.0000 40.0000
440.0000 40.1200
441.0000 40.2500
442.0000 40.4300
443.0000 40.5600
444.0000 40.7500
445.0000 40.8700
446.0000 41.0000
447.0000 41.1800
448.0000 41.3100
449.0000 41.5000
450.0000 41.6200
451.0000 41.7500
452.0000 41.8700
453.0000 42.0000
454.0000 42.1200
455.0000 42.2500
456.0000 42.3700
457.0000 42.5000
458.0000 42.5600
459.0000 42.6800
460.0000 42.7500
461.0000 42.8700
462.0000 42.9300
463.0000 43.0600
464.0000 43.1200
465.0000 43.2500
466.0000 43.3100
467.0000 43.3700
468.0000 43.4300
469.0000 43.5000
470.0000 43.5600
471.0000 43.6200
472.0000 43.7500
473.0000 43.8100
474.0000 43.8700
475.0000 43.9300
476.0000 44.0000
477.0000 44.0600
478.0000 44.0600
479.0000 44.1200
480.0000 44.1800
481.0000 44.2500
482.0000 44.2500
483.0000 44.3100
484.0000 44.3100
485.0000 44.3700
486.0000 44.3700
487.0000 44.4300
488.0000 44.4300
489.0000 44.4300
490.0000 44.5000
491.0000 44.5000
492.0000 44.5600
493.0000 44.5600
494.0000 44.6200
495.0000 44.6200
496.0000 44.6800
497.0000 44.6800
498.0000 44.7500
499.0000 44.7500
500.0000 44.7500
501.0000 44.7500
502.0000 44.8100
503.0000 44.8100
504.0000 44.8100
505.0000 44.8100
506.0000 44.8100
507.0000 44.8100
508.0000 44.8100
509.0000 44.8700
510.0000 44.8700
511.0000 44.8700
512.0000 44.9300
513.0000 44.9300
514.0000 45.0000
515.0000 45.0000
516.0000 45.0000
517.0000 44.9300
518.0000 44.9300
519.0000 44.8700
520.0000 44.8700
521.0000 44.8700
522.0000 44.9300
523.0000 44.9300
524.0000 45.0000
525.0000 45.0000
526.0000 45.0600
527.0000 45.0600
528.0000 45.0600
529.0000 45.0600
530.0000 45.0600
531.0000 45.0600
532.0000 45.0600
533.0000 45.0600
534.0000 45.0600
535.0000 45.0600
536.0000 45.0600
537.0000 45.0600
538.0000 45.0600
539.0000 45.1200
540.0000 45.1200
541.0000 45.1200
542.0000 45.1200
543.0000 45.1200
544.0000 45.1200
545.0000 45.1200
546.0000 45.1200
547.0000 45.1200
548.0000 45.1200
549.0000 45.1800
550.0000 45.1800
551.0000 45.1800
552.0000 45.1800
553.0000 45.1800
554.0000 45.2500
555.0000 45.2500
556.0000 45.2500
557.0000 45.1800
558.0000 45.1800
559.0000 45.1800
560.0000 45.2500
561.0000 45.2500
562.0000 45.2500
563.0000 45.1800
564.0000 45.1800
565.0000 45.1800
566.0000 45.1200
567.0000 45.1200
568.0000 45.1200
569.0000 45.1200
570.0000 45.1200
571.0000 45.1200
572.0000 45.1200
573.0000 45.1800
574.0000 45.1800
575.0000 45.1800
576.0000 45.1800
577.0000 45.1800
578.0000 45.1800
579.0000 45.1800
580.0000 45.1800
581.0000 45.1800
582.0000 45.2500
583.0000 45.2500
584.0000 45.2500
585.0000 45.2500
586.0000 45.1800
587.0000 45.1800
588.0000 45.1800
589.0000 45.1800
590.0000 45.1800
591.0000 45.1800
592.0000 45.1800
593.0000 45.1800
594.0000 45.1800
595.0000 45.1800
596.0000 45.1800
597.0000 45.1800
598.0000 45.1800
599.0000 45.1800
600.0000 45.1800
601.0000 45.1800
602.0000 45.2500
603.0000 45.2500
604.0000 45.2500
605.0000 45.2500
606.0000 45.2500
607.0000 45.2500
608.0000 45.2500
609.0000 45.2500
610.0000 45.2500
611.0000 45.2500
612.0000 45.2500
613.0000 45.2500
614.0000 45.2500
615.0000 45.3100
616.0000 45.2500
617.0000 45.2500
618.0000 45.2500
619.0000 45.3100
620.0000 45.3100
621.0000 45.2500
622.0000 45.2500
623.0000 45.2500
624.0000 45.1800
625.0000 45.1800
626.0000 45.1200
627.0000 45.0600
628.0000 45.0600
629.0000 45.0000
630.0000 44.9300
631.0000 44.9300
632.0000 44.8700
633.0000 44.8100
634.0000 44.7500
635.0000 44.6800
636.0000 44.6200
637.0000 44.5000
638.0000 44.4300
639.0000 44.3700
640.0000 44.3100
641.0000 44.2500
642.0000 44.1200
643.0000 44.0600
644.0000 44.0000
645.0000 43.9300
646.0000 43.8700
647.0000 43.8100
648.0000 43.7500
649.0000 43.6800
650.0000 43.6200
651.0000 43.5600
652.0000 43.5000
653.0000 43.5000
654.0000 43.4300
655.0000 43.3700
656.0000 43.3100
657.0000 43.3100
658.0000 43.3100
659.0000 43.2500
660.0000 43.1800
661.0000 43.1800
662.0000 43.1200
663.0000 43.1200
664.0000 43.0600
665.0000 43.0600
666.0000 43.0600
667.0000 43.0000
668.0000 43.0000
669.0000 43.0000
670.0000 42.9300
671.0000 42.9300
672.0000 42.9300
673.0000 42.9300
674.0000 42.9300
675.0000 42.9300
676.0000 42.9300
677.0000 42.9300
678.0000 42.8700
679.0000 42.8700
680.0000 42.8100
681.0000 42.8100
682.0000 42.8100
683.0000 42.8100
684.0000 42.8100
685.0000 42.8100
686.0000 42.8100
687.0000 42.8100
688.0000 42.8100
689.0000 42.7500
690.0000 42.7500
691.0000 42.7500
692.0000 42.7500
693.0000 42.7500
694.0000 42.7500
695.0000 42.7500
696.0000 42.7500
697.0000 42.6800
698.0000 42.6800
699.0000 42.6800
700.0000 42.6800
701.0000 42.6800
702.0000 42.6800
703.0000 42.6800
704.0000 42.6800
705.0000 42.6800
706.0000 42.6800
707.0000 42.6800
708.0000 42.6800
709.0000 42.6800
710.0000 42.6800
711.0000 42.6800
712.0000 42.6800
713.0000 42.6800
714.0000 42.6800
715.0000 42.6800
716.0000 42.6800
717.0000 42.7500
718.0000 42.7500
719.0000 42.7500
720.0000 42.7500
721.0000 42.7500
722.0000 42.7500
723.0000 42.7500
724.0000 42.6800
725.0000 42.6800
726.0000 42.6800
727.0000 42.6800
728.0000 42.6800
729.0000 42.6800
730.0000 42.6800
731.0000 42.6800
732.0000 42.6800
733.0000 42.6800
734.0000 42.6800
735.0000 42.6200
736.0000 42.6200
737.0000 42.6200
738.0000 42.6200
739.0000 42.6200
740.0000 42.6200
741.0000 42.6200
742.0000 42.5600
743.0000 42.5600
744.0000 42.5600
745.0000 42.5600
746.0000 42.5600
747.0000 42.5600
748.0000 42.5600
749.0000 42.5000
750.0000 42.5000
751.0000 42.5000
752.0000 42.5000
753.0000 42.5000
754.0000 42.5000
755.0000 42.5000
756.0000 42.5000
757.0000 42.4300
758.0000 42.5000
759.0000 42.4300
760.0000 42.5000
761.0000 42.4300
762.0000 42.5000
763.0000 42.4300
764.0000 42.4300
765.0000 42.4300
766.0000 42.5000
767.0000 42.4300
768.0000 42.4300
769.0000 42.4300
770.0000 42.4300
771.0000 42.4300
772.0000 42.4300
773.0000 42.4300
774.0000 42.4300
775.0000 42.5000
776.0000 42.5000
777.0000 42.4300
778.0000 42.5000
779.0000 42.4300
780.0000 42.4300
781.0000 42.4300
782.0000 42.4300
783.0000 42.4300
784.0000 42.4300
785.0000 42.4300
786.0000 42.4300
787.0000 42.4300
788.0000 42.4300
789.0000 42.4300
790.0000 42.3700
791.0000 42.3700
792.0000 42.3700
793.0000 42.3700
794.0000 42.3700
795.0000 42.3700
796.0000 42.3700
797.0000 42.3100
798.0000 42.3100
799.0000 42.3100
800.0000 42.3100
801.0000 42.2500
802.0000 42.2500
803.0000 42.2500
804.0000 42.2500
805.0000 42.2500
806.0000 42.2500
807.0000 42.2500
808.0000 42.2500
809.0000 42.1800
810.0000 42.1800
811.0000 42.1800
812.0000 42.1800
813.0000 42.1800
814.0000 42.1800
815.0000 42.1800
816.0000 42.1800
817.0000 42.1800
818.0000 42.2500
819.0000 42.2500
820.0000 42.2500
821.0000 42.2500
822.0000 42.2500
823.0000 42.2500
824.0000 42.2500
825.0000 42.2500
826.0000 42.2500
827.0000 42.1800
828.0000 42.1800
829.0000 42.1800
830.0000 42.1800
831.0000 42.1800
832.0000 42.2500
833.0000 42.2500
834.0000 42.2500
835.0000 42.3100
836.0000 42.3100
837.0000 42.3100
838.0000 42.3700
839.0000 42.3700
840.0000 42.4300
841.0000 42.4300
842.0000 42.5000
843.0000 42.5000
844.0000 42.5000
845.0000 42.5600
846.0000 42.5600
847.0000 42.6200
848.0000 42.6200
849.0000 42.6200
850.0000 42.6800
851.0000 42.6800
852.0000 42.6800
853.0000 42.7500
854.0000 42.7500
855.0000 42.7500
856.0000 42.7500
857.0000 42.7500
858.0000 42.8100
859.0000 42.8100
860.0000 42.8100
861.0000 42.8700
862.0000 42.8700
863.0000 42.8700
864.0000 42.9300
865.0000 42.9300
866.0000 42.9300
867.0000 42.9300
868.0000 42.9300
869.0000 43.0000
870.0000 43.0000
871.0000 43.0000
872.0000 43.0000
873.0000 43.0600
874.0000 43.0000
875.0000 43.0000
876.0000 43.0000
877.0000 43.0600
878.0000 43.0000
879.0000 43.0000
880.0000 43.0000
881.0000 43.0000
882.0000 43.0000
883.0000 43.0000
884.0000 43.0000
885.0000 43.0000
886.0000 43.0600
887.0000 43.0000
888.0000 43.0000
889.0000 43.0000
890.0000 43.0000
891.0000 43.0000
892.0000 43.0600
893.0000 43.0600
894.0000 43.0600
895.0000 43.0600
896.0000 43.0600
897.0000 43.0600
898.0000 43.1200
899.0000 43.1200
900.0000 43.1200
901.0000 43.0600
902.0000 43.0600
903.0000 43.1200
904.0000 43.1200
905.0000 43.1200
906.0000 43.1200
907.0000 43.1200
908.0000 43.1200
909.0000 43.1200
910.0000 43.1200
911.0000 43.1200
912.0000 43.1200
913.0000 43.1200
914.0000 43.1200
915.0000 43.1200
916.0000 43.1200
917.0000 43.1200
918.0000 43.1200
919.0000 43.1200
920.0000 43.1200
921.0000 43.1200
922.0000 43.1200
923.0000 43.1200
924.0000 43.1200
925.0000 43.1200
926.0000 43.1200
927.0000 43.1200
928.0000 43.0600
929.0000 43.1200
930.0000 43.0600
931.0000 43.0600
932.0000 43.0600
933.0000 43.0600
934.0000 43.0600
935.0000 43.1200
936.0000 43.1200
937.0000 43.1200
938.0000 43.1200
939.0000 43.0600
940.0000 43.0600
941.0000 43.0600
942.0000 43.0600
943.0000 43.0600
944.0000 43.0600
945.0000 43.0600
946.0000 43.0600
947.0000 43.0600
948.0000 43.0600
949.0000 43.0600
950.0000 43.0600
951.0000 43.0600
952.0000 43.0600
953.0000 43.0600
954.0000 43.0600
955.0000 43.0600
956.0000 43.0600
957.0000 43.0600
958.0000 43.0600
959.0000 43.1200
960.0000 43.1200
961.0000 43.1200
962.0000 43.1200
963.0000 43.1200
964.0000 43.1200
965.0000 43.1200
966.0000 43.1200
967.0000 43.1200
968.0000 43.1200
969.0000 43.1200
970.0000 43.1200
971.0000 43.1200
972.0000 43.1200
973.0000 43.1200
974.0000 43.1200
975.0000 43.1200
976.0000 43.1200
977.0000 43.1200
978.0000 43.1200
979.0000 43.1200
980.0000 43.1200
981.0000 43.1200
982.0000 43.1200
983.0000 43.1200
984.0000 43.1200
985.0000 43.1200
986.0000 43.1200
987.0000 43.1200
988.0000 43.1200
989.0000 43.1200
990.0000 43.1200
991.0000 43.1200
992.0000 43.1200
993.0000 43.1200
994.0000 43.1200
995.0000 43.1800
996.0000 43.1800
997.0000 43.1800
998.0000 43.1800
999.0000 43.1800
1000.0000 43.1800
1001.0000 43.1800
1002.0000 43.1800
1003.0000 43.1800
1004.0000 43.1200
1005.0000 43.1200
1006.0000 43.1200
1007.0000 43.1200
1008.0000 43.1200
1009.0000 43.1200
1010.0000 43.1200
1011.0000 43.1200
1012.0000 43.1200
1013.0000 43.1200
1014.0000 43.1200
1015.0000 43.1200
1016.0000 43.1200
1017.0000 43.1200
1018.0000 43.1200
1019.0000 43.0600
1020.0000 43.0600
1021.0000 43.0000
1022.0000 43.0000
1023.0000 42.9300
1024.0000 42.8700
1025.0000 42.8100
1026.0000 42.6800
1027.0000 42.6200
1028.0000 42.5000
1029.0000 42.4300
1030.0000 42.2500
1031.0000 42.1200
1032.0000 42.0000
1033.0000 41.8700
1034.0000 41.6800
1035.0000 41.5600
1036.0000 41.4300
1037.0000 41.2500
1038.0000 41.0600
1039.0000 40.8700
1040.0000 40.7500
1041.0000 40.5600
1042.0000 40.3700
1043.0000 40.2500
1044.0000 40.0600
1045.0000 39.8700
1046.0000 39.6800
1047.0000 39.5000
1048.0000 39.3700
1049.0000 39.1800
1050.0000 39.0600
1051.0000 38.9300
1052.0000 38.7500
1053.0000 38.6200
1054.0000 38.5000
1055.0000 38.3700
1056.0000 38.2500
1057.0000 38.1800
1058.0000 38.0600
1059.0000 37.9300
1060.0000 37.8700
1061.0000 37.7500
1062.0000 37.6800
1063.0000 37.6200
1064.0000 37.5600
1065.0000 37.5000
1066.0000 37.4300
1067.0000 37.3700
1068.0000 37.3100
1069.0000 37.2500
1070.0000 37.1800
1071.0000 37.1200
1072.0000 37.1200
1073.0000 37.0600
1074.0000 37.0000
1075.0000 36.9300
1076.0000 36.8700
1077.0000 36.8700
1078.0000 36.8100
1079.0000 36.8100
1080.0000 36.8100
1081.0000 36.8100
1082.0000 36.8100
1083.0000 36.8100
1084.0000 36.8100
1085.0000 36.8100
1086.0000 36.8100
1087.0000 36.8100
1088.0000 36.8100
1089.0000 36.8700
1090.0000 36.8700
1091.0000 36.8700
1092.0000 36.8700
1093.0000 36.9300
1094.0000 36.9300
1095.0000 36.9300
1096.0000 37.0000
1097.0000 37.0000
1098.0000 37.0000
1099.0000 37.0000
1100.0000 37.0600
1101.0000 37.0600
1102.0000 37.0600
1103.0000 37.0600
1104.0000 37.0600
1105.0000 37.1200
1106.0000 37.1200
1107.0000 37.1200
1108.0000 37.1200
1109.0000 37.1200
1110.0000 37.1200
1111.0000 37.1200
1112.0000 37.1800
1113.0000 37.1800
1114.0000 37.1800
1115.0000 37.2500
1116.0000 37.2500
1117.0000 37.2500
1118.0000 37.3100
1119.0000 37.3100
1120.0000 37.3100
1121.0000 37.3100
1122.0000 37.3100
1123.0000 37.3100
1124.0000 37.3100
1125.0000 37.3100
1126.0000 37.3100
1127.0000 37.3100
1128.0000 37.3100
1129.0000 37.3100
1130.0000 37.3100
1131.0000 37.3100
1132.0000 37.3100
1133.0000 37.3100
1134.0000 37.3100
1135.0000 37.3100
1136.0000 37.3100
1137.0000 37.3100
1138.0000 37.3100
1139.0000 37.3100
1140.0000 37.3100
1141.0000 37.3100
1142.0000 37.2500
1143.0000 37.2500
1144.0000 37.2500
1145.0000 37.2500
1146.0000 37.2500
1147.0000 37.2500
1148.0000 37.2500
1149.0000 37.2500
1150.0000 37.2500
1151.0000 37.2500
1152.0000 37.2500
1153.0000 37.2500
1154.0000 37.2500
1155.0000 37.2500
1156.0000 37.2500
1157.0000 37.2500
1158.0000 37.1800
1159.0000 37.1800
1160.0000 37.1800
1161.0000 37.1800
1162.0000 37.1800
1163.0000 37.1800
1164.0000 37.1800
1165.0000 37.1800
1166.0000 37.1800
1167.0000 37.1800
1168.0000 37.1800
1169.0000 37.1800
1170.0000 37.1800
1171.0000 37.1800
1172.0000 37.1800
1173.0000 37.1800
1174.0000 37.1800
1175.0000 37.1800
1176.0000 37.1800
1177.0000 37.1800
1178.0000 37.1800
1179.0000 37.1800
1180.0000 37.1800
1181.0000 37.1800
1182.0000 37.1800
1183.0000 37.1200
1184.0000 37.1200
1185.0000 37.1200
1186.0000 37.1200
1187.0000 37.1200
1188.0000 37.1200
1189.0000 37.1200
1190.0000 37.1200
1191.0000 37.1200
1192.0000 37.1200
1193.0000 37.1200
1194.0000 37.1200
1195.0000 37.1200
1196.0000 37.1200
1197.0000 37.1200
1198.0000 37.1200
1199.0000 37.1200
1200.0000 37.1200
1201.0000 37.1200
1202.0000 37.1200
1203.0000 37.1200
1204.0000 37.1200
1205.0000 37.1200
1206.0000 37.1200
1207.0000 37.1200
1208.0000 37.1200
1209.0000 37.1200
1210.0000 37.1200
