1.0000 36.1200
2.0000 36.1200
3.0000 35.7500
4.0000 35.7500
5.0000 35.7500
6.0000 35.7500
7.0000 35.7500
8.0000 35.8100
9.0000 35.8100
10.0000 35.7500
11.0000 35.7500
12.0000 35.7500
13.0000 35.8100
14.0000 35.8100
15.0000 35.8100
16.0000 35.8100
17.0000 35.8100
18.0000 35.8700
19.0000 35.8700
20.0000 35.9300
21.0000 35.9300
22.0000 36.0000
23.0000 36.0600
24.0000 36.1200
25.0000 36.1200
26.0000 36.1800
27.0000 36.3100
28.0000 36.3700
29.0000 36.4300
30.0000 36.5000
31.0000 36.5600
32.0000 36.6800
33.0000 36.7500
34.0000 36.8100
35.0000 36.9300
36.0000 37.0000
37.0000 37.0600
38.0000 37.1800
39.0000 37.2500
40.0000 37.3100
41.0000 37.4300
42.0000 37.5000
43.0000 37.5600
44.0000 37.6800
45.0000 37.7500
46.0000 37.8700
47.0000 37.9300
48.0000 38.0000
49.0000 38.1200
50.0000 38.1800
51.0000 38.2500
52.0000 38.3700
53.0000 38.4300
54.0000 38.5000
55.0000 38.5600
56.0000 38.6200
57.0000 38.6800
58.0000 38.7500
59.0000 38.8100
60.0000 38.8700
61.0000 38.9300
62.0000 39.0000
63.0000 39.0000
64.0000 39.0600
65.0000 39.1200
66.0000 39.1800
67.0000 39.2500
68.0000 39.3100
69.0000 39.3700
70.0000 39.4300
71.0000 39.5000
72.0000 39.5600
73.0000 39.6200
74.0000 39.6800
75.0000 39.7500
76.0000 39.8100
77.0000 39.8700
78.0000 39.9300
79.0000 40.0000
80.0000 40.0600
81.0000 40.1200
82.0000 40.1200
83.0000 40.1800
84.0000 40.1800
85.0000 40.2500
86.0000 40.3100
87.0000 40.3100
88.0000 40.3700
89.0000 40.3700
90.0000 40.4300
91.0000 40.4300
92.0000 40.4300
93.0000 40.5000
94.0000 40.5000
95.0000 40.5600
96.0000 40.5600
97.0000 40.5600
98.0000 40.5600
99.0000 40.6200
100.0000 40.6200
101.0000 40.6200
102.0000 40.6200
103.0000 40.6800
104.0000 40.6800
105.0000 40.6800
106.0000 40.6800
107.0000 40.6800
108.0000 40.7500
109.0000 40.6800
110.0000 40.6800
111.0000 40.6800
112.0000 40.6800
113.0000 40.6800
114.0000 40.6800
115.0000 40.6800
116.0000 40.6800
117.0000 40.6800
118.0000 40.6800
119.0000 40.6200
120.0000 40.6200
121.0000 40.6200
122.0000 40.6200
123.0000 40.6200
124.0000 40.5600
125.0000 40.5600
126.0000 40.5600
127.0000 40.5600
128.0000 40.5600
129.0000 40.5600
130.0000 40.5600
131.0000 40.5600
132.0000 40.5000
133.0000 40.5000
134.0000 40.5000
135.0000 40.5000
136.0000 40.5000
137.0000 40.4300
138.0000 40.4300
139.0000 40.4300
140.0000 40.4300
141.0000 40.4300
142.0000 40.3700
143.0000 40.3700
144.0000 40.3700
145.0000 40.3100
146.0000 40.3100
147.0000 40.3100
148.0000 40.3100
149.0000 40.3100
150.0000 40.3100
151.0000 40.3100
152.0000 40.3100
153.0000 40.3100
154.0000 40.3100
155.0000 40.2500
156.0000 40.2500
157.0000 40.2500
158.0000 40.2500
159.0000 40.3100
160.0000 40.3100
161.0000 40.3100
162.0000 40.3100
163.0000 40.2500
164.0000 40.2500
165.0000 40.2500
166.0000 40.2500
167.0000 40.2500
168.0000 40.2500
169.0000 40.2500
170.0000 40.2500
171.0000 40.2500
172.0000 40.2500
173.0000 40.2500
174.0000 40.2500
175.0000 40.2500
176.0000 40.2500
177.0000 40.2500
178.0000 40.2500
179.0000 40.2500
180.0000 40.2500
181.0000 40.2500
182.0000 40.2500
183.0000 40.2500
184.0000 40.2500
185.0000 40.2500
186.0000 40.2500
187.0000 40.1800
188.0000 40.1800
189.0000 40.1800
190.0000 40.1800
191.0000 40.1800
192.0000 40.1800
193.0000 40.1800
194.0000 40.2500
195.0000 40.2500
196.0000 40.2500
197.0000 40.2500
198.0000 40.2500
199.0000 40.2500
200.0000 40.2500
201.0000 40.2500
202.0000 40.2500
203.0000 40.2500
204.0000 40.2500
205.0000 40.2500
206.0000 40.2500
207.0000 40.2500
208.0000 40.2500
209.0000 40.2500
210.0000 40.2500
211.0000 40.2500
212.0000 40.2500
213.0000 40.2500
214.0000 40.2500
215.0000 40.2500
216.0000 40.2500
217.0000 40.2500
218.0000 40.2500
219.0000 40.1800
220.0000 40.1800
221.0000 40.1800
222.0000 40.1200
223.0000 40.1200
224.0000 40.0600
225.0000 40.0600
226.0000 40.0600
227.0000 40.0000
228.0000 39.9300
229.0000 39.9300
230.0000 39.8700
231.0000 39.8100
232.0000 39.7500
233.0000 39.6800
234.0000 39.6800
235.0000 39.6200
236.0000 39.5600
237.0000 39.5600
238.0000 39.5000
239.0000 39.4300
240.0000 39.3700
241.0000 39.3700
242.0000 39.3100
243.0000 39.2500
244.0000 39.1800
245.0000 39.1800
246.0000 39.1200
247.0000 39.0600
248.0000 39.0000
249.0000 38.9300
250.0000 38.9300
251.0000 38.8700
252.0000 38.8100
253.0000 38.7500
254.0000 38.7500
255.0000 38.6800
256.0000 38.6200
257.0000 38.6200
258.0000 38.5600
259.0000 38.5600
260.0000 38.5000
261.0000 38.4300
262.0000 38.4300
263.0000 38.4300
264.0000 38.3700
265.0000 38.3700
266.0000 38.3100
267.0000 38.3100
268.0000 38.3100
269.0000 38.2500
270.0000 38.2500
271.0000 38.2500
272.0000 38.2500
273.0000 38.1800
274.0000 38.1800
275.0000 38.1800
276.0000 38.1800
277.0000 38.1800
278.0000 38.1200
279.0000 38.1200
280.0000 38.1200
281.0000 38.1200
282.0000 38.1200
283.0000 38.1200
284.0000 38.1200
285.0000 38.0600
286.0000 38.0600
287.0000 38.0600
288.0000 38.0600
289.0000 38.0600
290.0000 38.0600
291.0000 38.0600
292.0000 38.0600
293.0000 38.0600
294.0000 38.0600
295.0000 38.0600
296.0000 38.0600
297.0000 38.0600
298.0000 38.0600
299.0000 38.0600
300.0000 38.0600
301.0000 38.0600
302.0000 38.0600
303.0000 38.0600
304.0000 38.0600
305.0000 38.0600
306.0000 38.0600
307.0000 38.0600
308.0000 38.0600
309.0000 38.0600
310.0000 38.0600
311.0000 38.0600
312.0000 38.0600
313.0000 38.0600
314.0000 38.0600
315.0000 38.0600
316.0000 38.0600
317.0000 38.0600
318.0000 38.0600
319.0000 38.0600
320.0000 38.0600
321.0000 38.1200
322.0000 38.1200
323.0000 38.1200
324.0000 38.1200
325.0000 38.1200
326.0000 38.1200
327.0000 38.1200
328.0000 38.1200
329.0000 38.1200
330.0000 38.1200
331.0000 38.1200
332.0000 38.1200
333.0000 38.1200
334.0000 38.1200
335.0000 38.1200
336.0000 38.1200
337.0000 38.1200
338.0000 38.1200
339.0000 38.1200
340.0000 38.1200
341.0000 38.0600
342.0000 38.0600
343.0000 38.1200
344.0000 38.1200
345.0000 38.1200
346.0000 38.1200
347.0000 38.1200
348.0000 38.1200
349.0000 38.1200
350.0000 38.1200
351.0000 38.1800
352.0000 38.1200
353.0000 38.1200
354.0000 38.1200
355.0000 38.1200
356.0000 38.1200
357.0000 38.1200
358.0000 38.1200
359.0000 38.1200
360.0000 38.1200
361.0000 38.1200
362.0000 38.1200
363.0000 38.1200
364.0000 38.1200
365.0000 38.1200
366.0000 38.1200
367.0000 38.1200
368.0000 38.1200
369.0000 38.1200
370.0000 38.1200
371.0000 38.1200
372.0000 38.1200
373.0000 38.1200
374.0000 38.1200
375.0000 38.1200
376.0000 38.1200
377.0000 38.1200
378.0000 38.1200
379.0000 38.1200
380.0000 38.1200
381.0000 38.1200
382.0000 38.1800
383.0000 38.1800
384.0000 38.1200
385.0000 38.1800
386.0000 38.1800
387.0000 38.1800
388.0000 38.1200
389.0000 38.1200
390.0000 38.1200
391.0000 38.1200
392.0000 38.1200
393.0000 38.1200
394.0000 38.1200
395.0000 38.1200
396.0000 38.1200
397.0000 38.1200
398.0000 38.1200
399.0000 38.1200
400.0000 38.1200
401.0000 38.1200
402.0000 38.1200
403.0000 38.1200
404.0000 38.1200
405.0000 38.1200
406.0000 38.1200
407.0000 38.1200
408.0000 38.1200
409.0000 38.1200
410.0000 38.1200
411.0000 38.1200
412.0000 38.1200
413.0000 38.1200
414.0000 38.1200
415.0000 38.1200
416.0000 38.1200
417.0000 38.1200
418.0000 38.1800
419.0000 38.1800
420.0000 38.2500
421.0000 38.2500
422.0000 38.3100
423.0000 38.3100
424.0000 38.3700
425.0000 38.4300
426.0000 38.5000
427.0000 38.5600
428.0000 38.6200
429.0000 38.6800
430.0000 38.7500
431.0000 38.8100
432.0000 38.9300
433.0000 39.0000
434.0000 39.1200
435.0000 39.1800
436.0000 39.2500
437.0000 39.3700
438.0000 39.4300
439.0000 39.5600
440.0000 39.6200
441.0000 39.6800
442.0000 39.8100
443.0000 39.8700
444.0000 39.9300
445.0000 40.0000
446.0000 40.1200
447.0000 40.1800
448.0000 40.3100
449.0000 40.3700
450.0000 40.5000
451.0000 40.6200
452.0000 40.6800
453.0000 40.7500
454.0000 40.8700
455.0000 40.9300
456.0000 41.0000
457.0000 41.1200
458.0000 41.1800
459.0000 41.2500
460.0000 41.3700
461.0000 41.4300
462.0000 41.5000
463.0000 41.5600
464.0000 41.6200
465.0000 41.6800
466.0000 41.7500
467.0000 41.8100
468.0000 41.9300
469.0000 42.0000
470.0000 42.0600
471.0000 42.1200
472.0000 42.2500
473.0000 42.3100
474.0000 42.3700
475.0000 42.4300
476.0000 42.5000
477.0000 42.6200
478.0000 42.6200
479.0000 42.6800
480.0000 42.7500
481.0000 42.8100
482.0000 42.8700
483.0000 42.9300
484.0000 43.0000
485.0000 43.0600
486.0000 43.1200
487.0000 43.1800
488.0000 43.2500
489.0000 43.2500
490.0000 43.3100
491.0000 43.3700
492.0000 43.4300
493.0000 43.4300
494.0000 43.5000
495.0000 43.5000
496.0000 43.5600
497.0000 43.6200
498.0000 43.6800
499.0000 43.6800
500.0000 43.7500
501.0000 43.8100
502.0000 43.8100
503.0000 43.8100
504.0000 43.8700
505.0000 43.9300
506.0000 43.9300
507.0000 44.0000
508.0000 44.0000
509.0000 44.0000
510.0000 44.0000
511.0000 44.0000
512.0000 44.0000
513.0000 44.0000
514.0000 44.0000
515.0000 44.0600
516.0000 44.0600
517.0000 44.0600
518.0000 44.0600
519.0000 44.1200
520.0000 44.1200
521.0000 44.1200
522.0000 44.1200
523.0000 44.1200
524.0000 44.1800
525.0000 44.1800
526.0000 44.2500
527.0000 44.2500
528.0000 44.2500
529.0000 44.2500
530.0000 44.3100
531.0000 44.3100
532.0000 44.3100
533.0000 44.3100
534.0000 44.3100
535.0000 44.3100
536.0000 44.3100
537.0000 44.3100
538.0000 44.3100
539.0000 44.3100
540.0000 44.3100
541.0000 44.3100
542.0000 44.3100
543.0000 44.3100
544.0000 44.3100
545.0000 44.3700
546.0000 44.3700
547.0000 44.4300
548.0000 44.4300
549.0000 44.4300
550.0000 44.5000
551.0000 44.5000
552.0000 44.5000
553.0000 44.5000
554.0000 44.5000
555.0000 44.5600
556.0000 44.5600
557.0000 44.5600
558.0000 44.5600
559.0000 44.6200
560.0000 44.6200
561.0000 44.6200
562.0000 44.6800
563.0000 44.6800
564.0000 44.6800
565.0000 44.7500
566.0000 44.7500
567.0000 44.7500
568.0000 44.7500
569.0000 44.7500
570.0000 44.8100
571.0000 44.8100
572.0000 44.8700
573.0000 44.8700
574.0000 44.8700
575.0000 44.9300
576.0000 44.9300
577.0000 44.9300
578.0000 45.0000
579.0000 45.0000
580.0000 45.0000
581.0000 45.0000
582.0000 45.0600
583.0000 45.0600
584.0000 45.0600
585.0000 45.0600
586.0000 45.0600
587.0000 45.0600
588.0000 45.0600
589.0000 45.0600
590.0000 45.0600
591.0000 45.0600
592.0000 45.0600
593.0000 45.1200
594.0000 45.1200
595.0000 45.1200
596.0000 45.1200
597.0000 45.1200
598.0000 45.1200
599.0000 45.1200
600.0000 45.1200
601.0000 45.1200
602.0000 45.1200
603.0000 45.1200
604.0000 45.1200
605.0000 45.1200
606.0000 45.1200
607.0000 45.1200
608.0000 45.1200
609.0000 45.1800
610.0000 45.1800
611.0000 45.1800
612.0000 45.1800
613.0000 45.1800
614.0000 45.1800
615.0000 45.1800
616.0000 45.1800
617.0000 45.1200
618.0000 45.1200
619.0000 45.1200
620.0000 45.0600
621.0000 45.0600
622.0000 45.0000
623.0000 44.9300
624.0000 44.8700
625.0000 44.8700
626.0000 44.8700
627.0000 44.8100
628.0000 44.8100
629.0000 44.7500
630.0000 44.7500
631.0000 44.6800
632.0000 44.6800
633.0000 44.6200
634.0000 44.5600
635.0000 44.5600
636.0000 44.5000
637.0000 44.5000
638.0000 44.4300
639.0000 44.3700
640.0000 44.3100
641.0000 44.3100
642.0000 44.2500
643.0000 44.2500
644.0000 44.1800
645.0000 44.1200
646.0000 44.0600
647.0000 44.0600
648.0000 44.0000
649.0000 43.9300
650.0000 43.8700
651.0000 43.8100
652.0000 43.7500
653.0000 43.6800
654.0000 43.6200
655.0000 43.5600
656.0000 43.5600
657.0000 43.5000
658.0000 43.5000
659.0000 43.4300
660.0000 43.4300
661.0000 43.3700
662.0000 43.3100
663.0000 43.2500
664.0000 43.2500
665.0000 43.1800
666.0000 43.1200
667.0000 43.1200
668.0000 43.0600
669.0000 43.0600
670.0000 43.0600
671.0000 43.0000
672.0000 43.0000
673.0000 42.9300
674.0000 42.9300
675.0000 42.8700
676.0000 42.8700
677.0000 42.8100
678.0000 42.8100
679.0000 42.8100
680.0000 42.8100
681.0000 42.7500
682.0000 42.7500
683.0000 42.6800
684.0000 42.6800
685.0000 42.6200
686.0000 42.6200
687.0000 42.6200
688.0000 42.6200
689.0000 42.6200
690.0000 42.6200
691.0000 42.6200
692.0000 42.6200
693.0000 42.6200
694.0000 42.6200
695.0000 42.6200
696.0000 42.6200
697.0000 42.6200
698.0000 42.6200
699.0000 42.5600
700.0000 42.5600
701.0000 42.5600
702.0000 42.5600
703.0000 42.5600
704.0000 42.5600
705.0000 42.5600
706.0000 42.5600
707.0000 42.5600
708.0000 42.6200
709.0000 42.6200
710.0000 42.6200
711.0000 42.6200
712.0000 42.6200
713.0000 42.6200
714.0000 42.6200
715.0000 42.6200
716.0000 42.6200
717.0000 42.6200
718.0000 42.6200
719.0000 42.6200
720.0000 42.6200
721.0000 42.6200
722.0000 42.6200
723.0000 42.6200
724.0000 42.6200
725.0000 42.6200
726.0000 42.6200
727.0000 42.6200
728.0000 42.6200
729.0000 42.6200
730.0000 42.5600
731.0000 42.5600
732.0000 42.5600
733.0000 42.5000
734.0000 42.5000
735.0000 42.4300
736.0000 42.3700
737.0000 42.3100
738.0000 42.3100
739.0000 42.2500
740.0000 42.2500
741.0000 42.2500
742.0000 42.2500
743.0000 42.2500
744.0000 42.2500
745.0000 42.2500
746.0000 42.3100
747.0000 42.3100
748.0000 42.3100
749.0000 42.3100
750.0000 42.3100
751.0000 42.3100
752.0000 42.3100
753.0000 42.3100
754.0000 42.3100
755.0000 42.3100
756.0000 42.3100
757.0000 42.3100
758.0000 42.3100
759.0000 42.3100
760.0000 42.3100
761.0000 42.3100
762.0000 42.3100
763.0000 42.3100
764.0000 42.3100
765.0000 42.3700
766.0000 42.3700
767.0000 42.3700
768.0000 42.3700
769.0000 42.3700
770.0000 42.3700
771.0000 42.3700
772.0000 42.3700
773.0000 42.3700
774.0000 42.3100
775.0000 42.3100
776.0000 42.3100
777.0000 42.3100
778.0000 42.3100
779.0000 42.3100
780.0000 42.3100
781.0000 42.3100
782.0000 42.3100
783.0000 42.3100
784.0000 42.3100
785.0000 42.3100
786.0000 42.3100
787.0000 42.2500
788.0000 42.2500
789.0000 42.2500
790.0000 42.1800
791.0000 42.1800
792.0000 42.1800
793.0000 42.1800
794.0000 42.1800
795.0000 42.1800
796.0000 42.1800
797.0000 42.1800
798.0000 42.1800
799.0000 42.1800
800.0000 42.1800
801.0000 42.1800
802.0000 42.1800
803.0000 42.1800
804.0000 42.1800
805.0000 42.1200
806.0000 42.1800
807.0000 42.1800
808.0000 42.1800
809.0000 42.1200
810.0000 42.1200
811.0000 42.1200
812.0000 42.1200
813.0000 42.1200
814.0000 42.1200
815.0000 42.1200
816.0000 42.1800
817.0000 42.1800
818.0000 42.1800
819.0000 42.1800
820.0000 42.1800
821.0000 42.1800
822.0000 42.1800
823.0000 42.1800
824.0000 42.2500
825.0000 42.2500
826.0000 42.2500
827.0000 42.3100
828.0000 42.3100
829.0000 42.3100
830.0000 42.3700
831.0000 42.3700
832.0000 42.3700
833.0000 42.3700
834.0000 42.3700
835.0000 42.4300
836.0000 42.4300
837.0000 42.4300
838.0000 42.5000
839.0000 42.5000
840.0000 42.5000
841.0000 42.5000
842.0000 42.5000
843.0000 42.5000
844.0000 42.5000
845.0000 42.5000
846.0000 42.5000
847.0000 42.5600
848.0000 42.5600
849.0000 42.5600
850.0000 42.5600
851.0000 42.6200
852.0000 42.6200
853.0000 42.6200
854.0000 42.6200
855.0000 42.6800
856.0000 42.6800
857.0000 42.6800
858.0000 42.6800
859.0000 42.6800
860.0000 42.6800
861.0000 42.6800
862.0000 42.6800
863.0000 42.6800
864.0000 42.7500
865.0000 42.7500
866.0000 42.7500
867.0000 42.7500
868.0000 42.7500
869.0000 42.7500
870.0000 42.7500
871.0000 42.7500
872.0000 42.8100
873.0000 42.8100
874.0000 42.8100
875.0000 42.8100
876.0000 42.8700
877.0000 42.8100
878.0000 42.8700
879.0000 42.8100
880.0000 42.8700
881.0000 42.8700
882.0000 42.8700
883.0000 42.8700
884.0000 42.8700
885.0000 42.8700
886.0000 42.8700
887.0000 42.8700
888.0000 42.8700
889.0000 42.8700
890.0000 42.8700
891.0000 42.8700
892.0000 42.8700
893.0000 42.8700
894.0000 42.9300
895.0000 42.9300
896.0000 42.9300
897.0000 42.9300
898.0000 42.9300
899.0000 42.9300
900.0000 42.9300
901.0000 42.9300
902.0000 42.9300
903.0000 43.0000
904.0000 43.0000
905.0000 43.0000
906.0000 43.0000
907.0000 43.0000
908.0000 43.0000
909.0000 43.0600
910.0000 43.0600
911.0000 43.0600
912.0000 43.0600
913.0000 43.0600
914.0000 43.0600
915.0000 43.0600
916.0000 43.0600
917.0000 43.0600
918.0000 43.0600
919.0000 43.0600
920.0000 43.1200
921.0000 43.1200
922.0000 43.1200
923.0000 43.0600
924.0000 43.0600
925.0000 43.0600
926.0000 43.1200
927.0000 43.0600
928.0000 43.0600
929.0000 43.0600
930.0000 43.0600
931.0000 43.0600
932.0000 43.0600
933.0000 43.0600
934.0000 43.0600
935.0000 43.0600
936.0000 43.0600
937.0000 43.1200
938.0000 43.1200
939.0000 43.1200
940.0000 43.1200
941.0000 43.1200
942.0000 43.1200
943.0000 43.1200
944.0000 43.1800
945.0000 43.1800
946.0000 43.1800
947.0000 43.1800
948.0000 43.1800
949.0000 43.1200
950.0000 43.1200
951.0000 43.1800
952.0000 43.1800
953.0000 43.1800
954.0000 43.1800
955.0000 43.1800
956.0000 43.1800
957.0000 43.1800
958.0000 43.1800
959.0000 43.1800
960.0000 43.1800
961.0000 43.1800
962.0000 43.1800
963.0000 43.1800
964.0000 43.1800
965.0000 43.1800
966.0000 43.1800
967.0000 43.1800
968.0000 43.1800
969.0000 43.1800
970.0000 43.1800
971.0000 43.1800
972.0000 43.1800
973.0000 43.1200
974.0000 43.1800
975.0000 43.1800
976.0000 43.1800
977.0000 43.1800
978.0000 43.1800
979.0000 43.1800
980.0000 43.1800
981.0000 43.1800
982.0000 43.1800
983.0000 43.1800
984.0000 43.1800
985.0000 43.1800
986.0000 43.1800
987.0000 43.1800
988.0000 43.1800
989.0000 43.1800
990.0000 43.1800
991.0000 43.1800
992.0000 43.1800
993.0000 43.1800
994.0000 43.1800
995.0000 43.1800
996.0000 43.1800
997.0000 43.1800
998.0000 43.1800
999.0000 43.1800
1000.0000 43.1800
1001.0000 43.1800
1002.0000 43.1800
1003.0000 43.1800
1004.0000 43.1200
1005.0000 43.1200
1006.0000 43.1200
1007.0000 43.1200
1008.0000 43.1200
1009.0000 43.1200
1010.0000 43.1200
1011.0000 43.1200
1012.0000 43.1200
1013.0000 43.1200
1014.0000 43.1200
1015.0000 43.1200
1016.0000 43.1200
1017.0000 43.1200
1018.0000 43.0600
1019.0000 43.0000
1020.0000 43.0000
1021.0000 42.9300
1022.0000 42.8700
1023.0000 42.8100
1024.0000 42.7500
1025.0000 42.6800
1026.0000 42.6200
1027.0000 42.5600
1028.0000 42.4300
1029.0000 42.3700
1030.0000 42.3100
1031.0000 42.1800
1032.0000 42.1200
1033.0000 42.0000
1034.0000 41.8700
1035.0000 41.8100
1036.0000 41.6800
1037.0000 41.5600
1038.0000 41.4300
1039.0000 41.3700
1040.0000 41.2500
1041.0000 41.1200
1042.0000 41.0000
1043.0000 40.9300
1044.0000 40.8100
1045.0000 40.6800
1046.0000 40.5600
1047.0000 40.5000
1048.0000 40.3700
1049.0000 40.2500
1050.0000 40.1200
1051.0000 40.0600
1052.0000 39.9300
1053.0000 39.8100
1054.0000 39.7500
1055.0000 39.6200
1056.0000 39.5600
1057.0000 39.4300
1058.0000 39.3700
1059.0000 39.2500
1060.0000 39.1800
1061.0000 39.0600
1062.0000 39.0000
1063.0000 38.9300
1064.0000 38.8700
1065.0000 38.7500
1066.0000 38.6800
1067.0000 38.6200
1068.0000 38.5600
1069.0000 38.5000
1070.0000 38.4300
1071.0000 38.3700
1072.0000 38.3100
1073.0000 38.2500
1074.0000 38.1800
1075.0000 38.1200
1076.0000 38.0600
1077.0000 38.0000
1078.0000 38.0000
1079.0000 37.9300
1080.0000 37.8700
1081.0000 37.8700
1082.0000 37.8100
1083.0000 37.7500
1084.0000 37.7500
1085.0000 37.6800
1086.0000 37.6800
1087.0000 37.6200
1088.0000 37.5600
1089.0000 37.5600
1090.0000 37.5000
1091.0000 37.5000
1092.0000 37.5000
1093.0000 37.4300
1094.0000 37.4300
1095.0000 37.4300
1096.0000 37.4300
1097.0000 37.4300
1098.0000 37.3700
1099.0000 37.3700
1100.0000 37.3700
1101.0000 37.3700
1102.0000 37.3700
1103.0000 37.3100
1104.0000 37.3100
1105.0000 37.3100
1106.0000 37.3100
1107.0000 37.3100
1108.0000 37.3100
1109.0000 37.3100
1110.0000 37.3100
1111.0000 37.3100
1112.0000 37.3100
1113.0000 37.3100
1114.0000 37.3700
1115.0000 37.3700
1116.0000 37.3700
1117.0000 37.3700
1118.0000 37.3100
1119.0000 37.3100
1120.0000 37.3100
1121.0000 37.3100
1122.0000 37.3100
1123.0000 37.3100
1124.0000 37.3100
1125.0000 37.3100
1126.0000 37.3100
1127.0000 37.3100
1128.0000 37.2500
1129.0000 37.2500
1130.0000 37.3100
1131.0000 37.3100
1132.0000 37.3100
1133.0000 37.3100
1134.0000 37.3100
1135.0000 37.3100
1136.0000 37.3100
1137.0000 37.3100
1138.0000 37.3100
1139.0000 37.3100
1140.0000 37.3100
1141.0000 37.3100
1142.0000 37.3100
1143.0000 37.3100
1144.0000 37.3100
1145.0000 37.3100
1146.0000 37.3100
1147.0000 37.3100
1148.0000 37.3100
1149.0000 37.3100
1150.0000 37.3100
1151.0000 37.3100
1152.0000 37.3700
1153.0000 37.3700
1154.0000 37.3100
1155.0000 37.3100
1156.0000 37.3100
1157.0000 37.3100
1158.0000 37.3700
1159.0000 37.3100
1160.0000 37.3100
1161.0000 37.3100
1162.0000 37.3100
1163.0000 37.3100
1164.0000 37.3100
1165.0000 37.3100
1166.0000 37.3100
1167.0000 37.3100
1168.0000 37.3100
1169.0000 37.3100
1170.0000 37.3100
1171.0000 37.3100
1172.0000 37.3700
1173.0000 37.3700
1174.0000 37.3700
1175.0000 37.3700
1176.0000 37.3700
1177.0000 37.3700
1178.0000 37.3700
1179.0000 37.3700
1180.0000 37.3700
1181.0000 37.3100
1182.0000 37.3100
1183.0000 37.3100
1184.0000 37.3100
1185.0000 37.3100
1186.0000 37.3100
1187.0000 37.3100
1188.0000 37.3100
1189.0000 37.3100
1190.0000 37.3100
1191.0000 37.3100
1192.0000 37.3100
1193.0000 37.3700
1194.0000 37.3700
1195.0000 37.3700
1196.0000 37.3700
1197.0000 37.3700
1198.0000 37.3700
1199.0000 37.3700
1200.0000 37.3700
1201.0000 37.3700
1202.0000 37.3700
1203.0000 37.3100
1204.0000 37.3100
1205.0000 37.3100
1206.0000 37.3100
1207.0000 37.3100
1208.0000 37.3100
1209.0000 37.3100
1210.0000 37.3100
