1.0000 0.0000
2.0000 0.0000
3.0000 0.0000
4.0000 0.0000
5.0000 0.0000
6.0000 0.0000
7.0000 0.0000
8.0000 0.0000
9.0000 0.0000
10.0000 0.0000
11.0000 0.0000
12.0000 0.0000
13.0000 0.0000
14.0000 0.0000
15.0000 0.0000
16.0000 0.0000
17.0000 0.0000
18.0000 0.0000
19.0000 0.0000
20.0000 0.0000
21.0000 0.0000
22.0000 0.0000
23.0000 0.0000
24.0000 0.0001
25.0000 0.0001
26.0000 0.0002
27.0000 0.0003
28.0000 0.0005
29.0000 0.0006
30.0000 0.0008
31.0000 0.0010
32.0000 0.0012
33.0000 0.0014
34.0000 0.0017
35.0000 0.0020
36.0000 0.0023
37.0000 0.0026
38.0000 0.0029
39.0000 0.0032
40.0000 0.0036
41.0000 0.0039
42.0000 0.0043
43.0000 0.0047
44.0000 0.0051
45.0000 0.0055
46.0000 0.0059
47.0000 0.0064
48.0000 0.0068
49.0000 0.0073
50.0000 0.0077
51.0000 0.0082
52.0000 0.0087
53.0000 0.0092
54.0000 0.0097
55.0000 0.0102
56.0000 0.0107
57.0000 0.0112
58.0000 0.0117
59.0000 0.0122
60.0000 0.0127
61.0000 0.0133
62.0000 0.0138
63.0000 0.0143
64.0000 0.0149
65.0000 0.0154
66.0000 0.0160
67.0000 0.0165
68.0000 0.0171
69.0000 0.0177
70.0000 0.0182
71.0000 0.0188
72.0000 0.0193
73.0000 0.0199
74.0000 0.0205
75.0000 0.0210
76.0000 0.0216
77.0000 0.0222
78.0000 0.0227
79.0000 0.0233
80.0000 0.0239
81.0000 0.0244
82.0000 0.0250
83.0000 0.0256
84.0000 0.0261
85.0000 0.0267
86.0000 0.0273
87.0000 0.0278
88.0000 0.0284
89.0000 0.0290
90.0000 0.0295
91.0000 0.0301
92.0000 0.0306
93.0000 0.0312
94.0000 0.0317
95.0000 0.0323
96.0000 0.0328
97.0000 0.0334
98.0000 0.0339
99.0000 0.0345
100.0000 0.0350
101.0000 0.0355
102.0000 0.0361
103.0000 0.0366
104.0000 0.0371
105.0000 0.0377
106.0000 0.0382
107.0000 0.0387
108.0000 0.0392
109.0000 0.0397
110.0000 0.0402
111.0000 0.0407
112.0000 0.0412
113.0000 0.0417
114.0000 0.0422
115.0000 0.0427
116.0000 0.0432
117.0000 0.0437
118.0000 0.0442
119.0000 0.0447
120.0000 0.0451
121.0000 0.0456
122.0000 0.0461
123.0000 0.0466
124.0000 0.0470
125.0000 0.0475
126.0000 0.0479
127.0000 0.0484
128.0000 0.0488
129.0000 0.0493
130.0000 0.0497
131.0000 0.0502
132.0000 0.0506
133.0000 0.0510
134.0000 0.0514
135.0000 0.0519
136.0000 0.0523
137.0000 0.0527
138.0000 0.0531
139.0000 0.0535
140.0000 0.0539
141.0000 0.0543
142.0000 0.0547
143.0000 0.0551
144.0000 0.0555
145.0000 0.0559
146.0000 0.0563
147.0000 0.0566
148.0000 0.0570
149.0000 0.0574
150.0000 0.0577
151.0000 0.0581
152.0000 0.0585
153.0000 0.0588
154.0000 0.0592
155.0000 0.0595
156.0000 0.0599
157.0000 0.0602
158.0000 0.0606
159.0000 0.0609
160.0000 0.0612
161.0000 0.0615
162.0000 0.0619
163.0000 0.0622
164.0000 0.0625
165.0000 0.0628
166.0000 0.0631
167.0000 0.0634
168.0000 0.0638
169.0000 0.0641
170.0000 0.0644
171.0000 0.0646
172.0000 0.0649
173.0000 0.0652
174.0000 0.0655
175.0000 0.0658
176.0000 0.0661
177.0000 0.0664
178.0000 0.0666
179.0000 0.0669
180.0000 0.0672
181.0000 0.0674
182.0000 0.0677
183.0000 0.0679
184.0000 0.0682
185.0000 0.0685
186.0000 0.0687
187.0000 0.0689
188.0000 0.0692
189.0000 0.0694
190.0000 0.0697
191.0000 0.0699
192.0000 0.0701
193.0000 0.0704
194.0000 0.0706
195.0000 0.0708
196.0000 0.0710
197.0000 0.0713
198.0000 0.0715
199.0000 0.0717
200.0000 0.0719
201.0000 0.0721
202.0000 0.0723
203.0000 0.0725
204.0000 0.0727
205.0000 0.0729
206.0000 0.0731
207.0000 0.0733
208.0000 0.0735
209.0000 0.0737
210.0000 0.0739
211.0000 0.0741
212.0000 0.0743
213.0000 0.0744
214.0000 0.0746
215.0000 0.0748
216.0000 0.0750
217.0000 0.0751
218.0000 0.0753
219.0000 0.0755
220.0000 0.0756
221.0000 0.0758
222.0000 0.0760
223.0000 0.0761
224.0000 0.0763
225.0000 0.0764
226.0000 0.0766
227.0000 0.0767
228.0000 0.0769
229.0000 0.0770
230.0000 0.0772
231.0000 0.0773
232.0000 0.0775
233.0000 0.0776
234.0000 0.0777
235.0000 0.0779
236.0000 0.0780
237.0000 0.0782
238.0000 0.0783
239.0000 0.0784
240.0000 0.0785
241.0000 0.0787
242.0000 0.0788
243.0000 0.0789
244.0000 0.0790
245.0000 0.0792
246.0000 0.0793
247.0000 0.0794
248.0000 0.0795
249.0000 0.0796
250.0000 0.0797
251.0000 0.0798
252.0000 0.0800
253.0000 0.0801
254.0000 0.0802
255.0000 0.0803
256.0000 0.0804
257.0000 0.0805
258.0000 0.0806
259.0000 0.0807
260.0000 0.0808
261.0000 0.0809
262.0000 0.0810
263.0000 0.0811
264.0000 0.0812
265.0000 0.0813
266.0000 0.0813
267.0000 0.0814
268.0000 0.0815
269.0000 0.0816
270.0000 0.0817
271.0000 0.0818
272.0000 0.0819
273.0000 0.0819
274.0000 0.0820
275.0000 0.0821
276.0000 0.0822
277.0000 0.0823
278.0000 0.0823
279.0000 0.0824
280.0000 0.0825
281.0000 0.0826
282.0000 0.0826
283.0000 0.0827
284.0000 0.0828
285.0000 0.0829
286.0000 0.0829
287.0000 0.0830
288.0000 0.0831
289.0000 0.0831
290.0000 0.0832
291.0000 0.0833
292.0000 0.0833
293.0000 0.0834
294.0000 0.0834
295.0000 0.0835
296.0000 0.0836
297.0000 0.0836
298.0000 0.0837
299.0000 0.0837
300.0000 0.0838
