1.0000 41.6200
2.0000 41.6200
3.0000 41.6200
4.0000 41.6200
5.0000 41.6200
6.0000 41.6200
7.0000 41.6200
8.0000 41.6800
9.0000 41.6800
10.0000 41.6800
11.0000 41.6800
12.0000 41.6800
13.0000 41.6800
14.0000 41.6800
15.0000 41.6800
16.0000 41.6800
17.0000 41.6800
18.0000 41.6800
19.0000 41.6800
20.0000 41.6800
21.0000 41.6800
22.0000 41.6800
23.0000 41.6800
24.0000 41.6800
25.0000 41.6800
26.0000 41.6800
27.0000 41.6800
28.0000 41.6800
29.0000 41.6800
30.0000 41.7500
31.0000 41.6800
32.0000 41.7500
33.0000 41.6800
34.0000 41.6800
35.0000 41.6800
36.0000 41.6800
37.0000 41.7500
38.0000 41.6800
39.0000 41.7500
40.0000 41.7500
41.0000 41.7500
42.0000 41.7500
43.0000 41.7500
44.0000 41.7500
45.0000 41.7500
46.0000 41.7500
47.0000 41.7500
48.0000 41.7500
49.0000 41.7500
50.0000 41.7500
51.0000 41.7500
52.0000 41.7500
53.0000 41.7500
54.0000 41.7500
55.0000 41.7500
56.0000 41.6800
57.0000 41.6800
58.0000 41.6800
59.0000 41.6800
60.0000 41.6800
61.0000 41.6800
62.0000 41.6800
63.0000 41.6800
64.0000 41.6800
65.0000 41.6800
66.0000 41.6800
67.0000 41.6800
68.0000 41.6800
69.0000 41.6800
70.0000 41.6800
71.0000 41.6800
72.0000 41.6800
73.0000 41.6800
74.0000 41.6800
75.0000 41.6800
76.0000 41.6800
77.0000 41.6800
78.0000 41.6800
79.0000 41.6800
80.0000 41.6800
81.0000 41.6800
82.0000 41.6800
83.0000 41.6800
84.0000 41.6800
85.0000 41.6800
86.0000 41.6800
87.0000 41.6800
88.0000 41.7500
89.0000 41.7500
90.0000 41.7500
91.0000 41.7500
92.0000 41.7500
93.0000 41.7500
94.0000 41.8100
95.0000 41.8100
96.0000 41.8100
97.0000 41.8700
98.0000 41.8700
99.0000 41.8700
100.0000 41.8700
101.0000 41.8700
102.0000 41.8700
103.0000 41.8700
104.0000 41.8700
105.0000 41.8700
106.0000 41.8700
107.0000 41.8700
108.0000 41.8700
109.0000 41.8700
110.0000 41.8700
111.0000 41.8700
112.0000 41.8700
113.0000 41.8700
114.0000 41.8700
115.0000 41.8700
116.0000 41.8700
117.0000 41.8700
118.0000 41.8700
119.0000 41.8700
120.0000 41.8700
121.0000 41.8700
122.0000 41.8700
123.0000 41.8700
124.0000 41.8700
125.0000 41.8700
126.0000 41.8700
127.0000 41.8700
128.0000 41.8700
129.0000 41.8700
130.0000 41.8700
131.0000 41.8700
132.0000 41.8700
133.0000 41.8700
134.0000 41.8700
135.0000 41.8700
136.0000 41.8700
137.0000 41.8700
138.0000 41.8700
139.0000 41.8700
140.0000 41.8700
141.0000 41.8700
142.0000 41.8700
143.0000 41.8700
144.0000 41.8700
145.0000 41.8700
146.0000 41.8700
147.0000 41.9300
148.0000 41.9300
149.0000 41.9300
150.0000 41.9300
151.0000 41.9300
152.0000 41.9300
153.0000 41.9300
154.0000 41.9300
155.0000 41.9300
156.0000 41.9300
157.0000 41.9300
158.0000 41.9300
159.0000 41.9300
160.0000 42.0000
161.0000 41.9300
162.0000 41.9300
163.0000 41.9300
164.0000 41.9300
165.0000 41.9300
166.0000 41.9300
167.0000 41.9300
168.0000 41.9300
169.0000 41.9300
170.0000 41.9300
171.0000 41.9300
172.0000 41.9300
173.0000 41.9300
174.0000 41.9300
175.0000 41.9300
176.0000 41.9300
177.0000 41.9300
178.0000 41.9300
179.0000 41.9300
180.0000 41.9300
181.0000 41.9300
182.0000 41.9300
183.0000 41.9300
184.0000 41.9300
185.0000 41.9300
186.0000 41.9300
187.0000 41.9300
188.0000 41.9300
189.0000 41.9300
190.0000 41.9300
191.0000 42.0000
192.0000 42.0000
193.0000 42.0000
194.0000 42.0000
195.0000 42.0000
196.0000 42.0000
197.0000 42.0000
198.0000 42.0000
199.0000 42.0000
200.0000 42.0000
201.0000 42.0000
202.0000 42.0000
203.0000 42.0000
204.0000 42.0000
205.0000 42.0000
206.0000 42.0000
207.0000 42.0600
208.0000 42.0600
209.0000 42.0600
210.0000 42.0600
211.0000 42.0600
212.0000 42.0600
213.0000 42.0600
214.0000 42.1200
215.0000 42.0600
216.0000 42.1200
217.0000 42.0600
218.0000 42.0600
219.0000 42.1200
220.0000 42.0600
221.0000 42.1200
222.0000 42.0600
223.0000 42.1200
224.0000 42.1200
225.0000 42.1200
226.0000 42.0600
227.0000 42.1200
228.0000 42.0600
229.0000 42.0600
230.0000 42.0600
231.0000 42.0600
232.0000 42.1200
233.0000 42.1200
234.0000 42.1200
235.0000 42.1200
236.0000 42.1200
237.0000 42.1200
238.0000 42.1200
239.0000 42.0600
240.0000 42.0600
241.0000 42.0600
242.0000 42.0600
243.0000 42.0600
244.0000 42.0600
245.0000 42.0600
246.0000 42.0600
247.0000 42.0600
248.0000 42.0600
249.0000 42.0600
250.0000 42.0600
251.0000 42.0600
252.0000 42.0600
253.0000 42.0600
254.0000 42.0600
255.0000 42.0600
256.0000 42.0600
257.0000 42.1200
258.0000 42.1200
259.0000 42.1200
260.0000 42.1200
261.0000 42.1200
262.0000 42.1200
263.0000 42.1200
264.0000 42.1200
265.0000 42.1200
266.0000 42.1200
267.0000 42.1200
268.0000 42.1200
269.0000 42.1200
270.0000 42.1200
271.0000 42.1200
272.0000 42.1200
273.0000 42.1200
274.0000 42.1200
275.0000 42.1200
276.0000 42.1200
277.0000 42.1200
278.0000 42.1200
279.0000 42.1200
280.0000 42.1200
281.0000 42.1200
282.0000 42.1200
283.0000 42.1200
284.0000 42.1200
285.0000 42.1200
286.0000 42.1200
287.0000 42.1200
288.0000 42.1200
289.0000 42.1200
290.0000 42.1200
291.0000 42.1200
292.0000 42.1200
293.0000 42.1200
294.0000 42.1200
295.0000 42.1200
296.0000 42.1200
297.0000 42.1200
298.0000 42.1200
299.0000 42.1200
300.0000 42.1200
301.0000 42.1200
302.0000 42.1200
303.0000 42.1200
304.0000 42.1200
305.0000 42.1200
306.0000 42.1200
307.0000 42.1200
308.0000 42.1200
309.0000 42.1200
310.0000 42.1200
