1.0000 39.2500
2.0000 39.2500
3.0000 39.2500
4.0000 39.1900
5.0000 39.1900
6.0000 39.1900
7.0000 39.1900
8.0000 39.1900
9.0000 39.1300
10.0000 39.1300
11.0000 39.1300
12.0000 39.1300
13.0000 39.1300
14.0000 39.1300
15.0000 39.1300
16.0000 39.1300
17.0000 39.1300
18.0000 39.0600
19.0000 39.0600
20.0000 39.1300
21.0000 39.1300
22.0000 39.1300
23.0000 39.1900
24.0000 39.1900
25.0000 39.1900
26.0000 39.2500
27.0000 39.2500
28.0000 39.2500
29.0000 39.3100
30.0000 39.3800
31.0000 39.3800
32.0000 39.4400
33.0000 39.5000
34.0000 39.5600
35.0000 39.5600
36.0000 39.6300
37.0000 39.6900
38.0000 39.6900
39.0000 39.7500
40.0000 39.8100
41.0000 39.8100
42.0000 39.8800
43.0000 39.9400
44.0000 39.9400
45.0000 40.0000
46.0000 40.0600
47.0000 40.1300
48.0000 40.1900
49.0000 40.1900
50.0000 40.2500
51.0000 40.3100
52.0000 40.3100
53.0000 40.3800
54.0000 40.3800
55.0000 40.4400
56.0000 40.4400
57.0000 40.5000
58.0000 40.5000
59.0000 40.5600
60.0000 40.5600
61.0000 40.6300
62.0000 40.6300
63.0000 40.6900
64.0000 40.6900
65.0000 40.7500
66.0000 40.8100
67.0000 40.8800
68.0000 40.9400
69.0000 40.9400
70.0000 41.0000
71.0000 41.0600
72.0000 41.1300
73.0000 41.1300
74.0000 41.1900
75.0000 41.2500
76.0000 41.3100
77.0000 41.3100
78.0000 41.3800
79.0000 41.3800
80.0000 41.4400
81.0000 41.4400
82.0000 41.5000
83.0000 41.5000
84.0000 41.5000
85.0000 41.5600
86.0000 41.5600
87.0000 41.6300
88.0000 41.6300
89.0000 41.6900
90.0000 41.6900
91.0000 41.7500
92.0000 41.7500
93.0000 41.7500
94.0000 41.7500
95.0000 41.8100
96.0000 41.8100
97.0000 41.8800
98.0000 41.8800
99.0000 41.9400
100.0000 41.9400
101.0000 42.0000
102.0000 42.0000
103.0000 42.0000
104.0000 42.0600
105.0000 42.0600
106.0000 42.0600
107.0000 42.0600
108.0000 42.0600
109.0000 42.1300
110.0000 42.1300
111.0000 42.1300
112.0000 42.1300
113.0000 42.1900
114.0000 42.1900
115.0000 42.1900
116.0000 42.2500
117.0000 42.2500
118.0000 42.2500
119.0000 42.2500
120.0000 42.3100
121.0000 42.3100
122.0000 42.3100
123.0000 42.3100
124.0000 42.3800
125.0000 42.3800
126.0000 42.3800
127.0000 42.3800
128.0000 42.3800
129.0000 42.3800
130.0000 42.3800
131.0000 42.3800
132.0000 42.3800
133.0000 42.3800
134.0000 42.4400
135.0000 42.4400
136.0000 42.4400
137.0000 42.5000
138.0000 42.5000
139.0000 42.5000
140.0000 42.5000
141.0000 42.5600
142.0000 42.5000
143.0000 42.5000
144.0000 42.5000
145.0000 42.5000
146.0000 42.5600
147.0000 42.5600
148.0000 42.5000
149.0000 42.5000
150.0000 42.5000
151.0000 42.5600
152.0000 42.5600
153.0000 42.5600
154.0000 42.5600
155.0000 42.5600
156.0000 42.6300
157.0000 42.6300
158.0000 42.6300
159.0000 42.6300
160.0000 42.6300
161.0000 42.6300
162.0000 42.6300
163.0000 42.6300
164.0000 42.6900
165.0000 42.6900
166.0000 42.6900
167.0000 42.6900
168.0000 42.6900
169.0000 42.6900
170.0000 42.6900
171.0000 42.6900
172.0000 42.6900
173.0000 42.6900
174.0000 42.6900
175.0000 42.7500
176.0000 42.7500
177.0000 42.7500
178.0000 42.7500
179.0000 42.8100
180.0000 42.8100
181.0000 42.8100
182.0000 42.8100
183.0000 42.8100
184.0000 42.8100
185.0000 42.8100
186.0000 42.8100
187.0000 42.8100
188.0000 42.8800
189.0000 42.8800
190.0000 42.8800
191.0000 42.8800
192.0000 42.8800
193.0000 42.9400
194.0000 42.9400
195.0000 42.9400
196.0000 43.0000
197.0000 43.0000
198.0000 43.0000
199.0000 43.0600
200.0000 43.0000
201.0000 43.0000
202.0000 43.0000
203.0000 43.0600
204.0000 43.0600
205.0000 43.0600
206.0000 43.0600
207.0000 43.1300
208.0000 43.1300
209.0000 43.1300
210.0000 43.1300
211.0000 43.1300
212.0000 43.1300
213.0000 43.1900
214.0000 43.1300
215.0000 43.1300
216.0000 43.1300
217.0000 43.1300
218.0000 43.1300
219.0000 43.1300
220.0000 43.1300
221.0000 43.1900
222.0000 43.1300
223.0000 43.1300
224.0000 43.1300
225.0000 43.1300
226.0000 43.1300
227.0000 43.1300
228.0000 43.1300
229.0000 43.1300
230.0000 43.1300
231.0000 43.1300
232.0000 43.1300
233.0000 43.1900
234.0000 43.1900
235.0000 43.1900
236.0000 43.1900
237.0000 43.1900
238.0000 43.1900
239.0000 43.1900
240.0000 43.1300
241.0000 43.1300
242.0000 43.1300
243.0000 43.1300
244.0000 43.1300
245.0000 43.1300
246.0000 43.1300
247.0000 43.1300
248.0000 43.1300
249.0000 43.1300
250.0000 43.1300
251.0000 43.1300
252.0000 43.1300
253.0000 43.1300
254.0000 43.1300
255.0000 43.1300
256.0000 43.1300
257.0000 43.1300
258.0000 43.1300
259.0000 43.1300
260.0000 43.1300
261.0000 43.1300
262.0000 43.1300
263.0000 43.1900
264.0000 43.1900
265.0000 43.1900
266.0000 43.1900
267.0000 43.1900
268.0000 43.1900
269.0000 43.2500
270.0000 43.1900
271.0000 43.1900
272.0000 43.1900
273.0000 43.1900
274.0000 43.1300
275.0000 43.1300
276.0000 43.1300
277.0000 43.1300
278.0000 43.1300
279.0000 43.1300
280.0000 43.1300
281.0000 43.1300
282.0000 43.1300
283.0000 43.1300
284.0000 43.1900
285.0000 43.1900
286.0000 43.1900
287.0000 43.1300
288.0000 43.1300
289.0000 43.1300
290.0000 43.1300
291.0000 43.0600
292.0000 43.0600
293.0000 43.0000
294.0000 43.0000
295.0000 43.0000
296.0000 43.0000
297.0000 43.0000
298.0000 43.0000
299.0000 43.0000
300.0000 43.0600
301.0000 43.0600
302.0000 43.0600
303.0000 43.0600
304.0000 43.0600
305.0000 43.0600
306.0000 43.0600
307.0000 43.0600
308.0000 43.0600
309.0000 43.1300
310.0000 43.1300
