1.0000 0.0000
2.0000 0.0000
3.0000 0.0000
4.0000 0.0000
5.0000 0.0000
6.0000 0.0000
7.0000 0.0000
8.0000 0.0000
9.0000 0.0000
10.0000 0.0000
11.0000 -0.2384
12.0000 -0.1473
13.0000 -0.1330
14.0000 -0.1102
15.0000 -0.0989
16.0000 -0.0923
17.0000 -0.0892
18.0000 -0.0879
19.0000 -0.0873
20.0000 -0.0870
21.0000 -0.0867
22.0000 -0.0862
23.0000 -0.0857
24.0000 -0.0851
25.0000 -0.0844
26.0000 -0.0837
27.0000 -0.0829
28.0000 -0.0821
29.0000 -0.0812
30.0000 -0.0804
31.0000 -0.0794
32.0000 -0.0785
33.0000 -0.0775
34.0000 -0.0765
35.0000 -0.0755
36.0000 -0.0744
37.0000 -0.0733
38.0000 -0.0722
39.0000 -0.0710
40.0000 -0.0699
41.0000 -0.0687
42.0000 -0.0675
43.0000 -0.0663
44.0000 -0.0651
45.0000 -0.0638
46.0000 -0.0626
47.0000 -0.0614
48.0000 -0.0601
49.0000 -0.0589
50.0000 -0.0576
51.0000 -0.0564
52.0000 -0.0551
53.0000 -0.0538
54.0000 -0.0526
55.0000 -0.0513
56.0000 -0.0501
57.0000 -0.0488
58.0000 -0.0476
59.0000 -0.0463
60.0000 -0.0451
61.0000 -0.0439
62.0000 -0.0427
63.0000 -0.0415
64.0000 -0.0402
65.0000 -0.0391
66.0000 -0.0379
67.0000 -0.0367
68.0000 -0.0355
69.0000 -0.0344
70.0000 -0.0332
71.0000 -0.0321
72.0000 -0.0310
73.0000 -0.0298
74.0000 -0.0287
75.0000 -0.0277
76.0000 -0.0266
77.0000 -0.0255
78.0000 -0.0245
79.0000 -0.0234
80.0000 -0.0224
81.0000 -0.0214
82.0000 -0.0204
83.0000 -0.0194
84.0000 -0.0184
85.0000 -0.0175
86.0000 -0.0165
87.0000 -0.0156
88.0000 -0.0147
89.0000 -0.0138
90.0000 -0.0129
91.0000 -0.0120
92.0000 -0.0111
93.0000 -0.0103
94.0000 -0.0094
95.0000 -0.0086
96.0000 -0.0078
97.0000 -0.0070
98.0000 -0.0062
99.0000 -0.0054
100.0000 -0.0046
101.0000 -0.0039
102.0000 -0.0031
103.0000 -0.0024
104.0000 -0.0017
105.0000 -0.0010
106.0000 -0.0003
107.0000 0.0004
108.0000 0.0010
109.0000 0.0017
110.0000 4.7790
111.0000 2.8461
112.0000 2.0662
113.0000 1.5223
114.0000 1.2682
115.0000 1.1521
116.0000 1.1109
117.0000 1.1002
118.0000 1.0995
119.0000 1.1001
120.0000 1.0995
121.0000 1.0980
122.0000 1.0963
123.0000 1.0949
124.0000 1.0942
125.0000 1.0944
126.0000 1.0952
127.0000 1.0965
128.0000 1.0982
129.0000 1.1001
130.0000 1.1021
131.0000 1.1041
132.0000 1.1060
133.0000 1.1079
134.0000 1.1097
135.0000 1.1114
136.0000 1.1130
137.0000 1.1145
138.0000 1.1159
139.0000 1.1171
140.0000 1.1183
141.0000 1.1194
142.0000 1.1204
143.0000 1.1213
144.0000 1.1221
145.0000 1.1228
146.0000 1.1234
147.0000 1.1240
148.0000 1.1245
149.0000 1.1249
150.0000 1.1253
151.0000 1.1256
152.0000 1.1258
153.0000 1.1260
154.0000 1.1261
155.0000 1.1262
156.0000 1.1262
157.0000 1.1262
158.0000 1.1261
159.0000 1.1260
160.0000 1.1259
161.0000 1.1257
162.0000 1.1255
163.0000 1.1252
164.0000 1.1249
165.0000 1.1246
166.0000 1.1243
167.0000 1.1239
168.0000 1.1235
169.0000 1.1231
170.0000 1.1226
171.0000 1.1222
172.0000 1.1217
173.0000 1.1212
174.0000 1.1207
175.0000 1.1202
176.0000 1.1196
177.0000 1.1191
178.0000 1.1185
179.0000 1.1179
180.0000 1.1173
181.0000 1.1167
182.0000 1.1161
183.0000 1.1155
184.0000 1.1149
185.0000 1.1142
186.0000 1.1136
187.0000 1.1130
188.0000 1.1123
189.0000 1.1117
190.0000 1.1110
191.0000 1.1104
192.0000 1.1097
193.0000 1.1091
194.0000 1.1084
195.0000 1.1078
196.0000 1.1071
197.0000 1.1065
198.0000 1.1058
199.0000 1.1052
200.0000 1.1045
201.0000 1.1039
202.0000 1.1032
203.0000 1.1026
204.0000 1.1020
205.0000 1.1014
206.0000 1.1007
207.0000 1.1001
208.0000 1.0995
209.0000 1.0989
210.0000 1.0983
211.0000 0.8492
212.0000 1.1157
213.0000 1.0755
214.0000 1.0367
215.0000 0.9874
216.0000 0.9522
217.0000 0.9295
218.0000 0.9165
219.0000 0.9089
220.0000 0.9040
221.0000 0.8998
222.0000 0.8955
223.0000 0.8907
224.0000 0.8854
225.0000 0.8797
226.0000 0.8737
227.0000 0.8677
228.0000 0.8616
229.0000 0.8555
230.0000 0.8496
231.0000 0.8437
232.0000 0.8379
233.0000 0.8322
234.0000 0.8266
235.0000 0.8212
236.0000 0.8158
237.0000 0.8106
238.0000 0.8055
239.0000 0.8006
240.0000 0.7957
241.0000 0.7910
242.0000 0.7864
243.0000 0.7818
244.0000 0.7774
245.0000 0.7731
246.0000 0.7690
247.0000 0.7649
248.0000 0.7609
249.0000 0.7570
250.0000 0.7532
251.0000 0.7496
252.0000 0.7460
253.0000 0.7425
254.0000 0.7391
255.0000 0.7357
256.0000 0.7325
257.0000 0.7294
258.0000 0.7263
259.0000 0.7233
260.0000 0.7204
261.0000 0.7176
262.0000 0.7148
263.0000 0.7121
264.0000 0.7095
265.0000 0.7070
266.0000 0.7045
267.0000 0.7021
268.0000 0.6998
269.0000 0.6975
270.0000 0.6953
271.0000 0.6931
272.0000 0.6910
273.0000 0.6890
274.0000 0.6870
275.0000 0.6851
276.0000 0.6832
277.0000 0.6814
278.0000 0.6796
279.0000 0.6779
280.0000 0.6763
281.0000 0.6746
282.0000 0.6731
283.0000 0.6715
284.0000 0.6701
285.0000 0.6686
286.0000 0.6672
287.0000 0.6659
288.0000 0.6645
289.0000 0.6633
290.0000 0.6620
291.0000 0.6608
292.0000 0.6596
293.0000 0.6585
294.0000 0.6574
295.0000 0.6563
296.0000 0.6553
297.0000 0.6543
298.0000 0.6533
299.0000 0.6524
300.0000 0.6515
301.0000 0.6506
302.0000 0.6497
303.0000 0.6489
304.0000 0.6481
305.0000 0.6473
306.0000 0.6466
307.0000 0.6458
308.0000 0.6451
309.0000 0.6444
310.0000 0.6438
311.0000 1.1199
312.0000 0.9371
313.0000 0.9078
314.0000 0.8617
315.0000 0.8386
316.0000 0.8248
317.0000 0.8181
318.0000 0.8149
319.0000 0.8133
320.0000 0.8122
321.0000 0.8110
322.0000 0.8097
323.0000 0.8082
324.0000 0.8066
325.0000 0.8048
326.0000 0.8030
327.0000 0.8011
328.0000 0.7991
329.0000 0.7970
330.0000 0.7949
331.0000 0.7928
332.0000 0.7906
333.0000 0.7883
334.0000 0.7860
335.0000 0.7836
336.0000 0.7812
337.0000 0.7787
338.0000 0.7762
339.0000 0.7737
340.0000 0.7712
341.0000 0.7686
342.0000 0.7660
343.0000 0.7634
344.0000 0.7607
345.0000 0.7581
346.0000 0.7554
347.0000 0.7528
348.0000 0.7501
349.0000 0.7474
350.0000 0.7448
351.0000 0.7421
352.0000 0.7394
353.0000 0.7368
354.0000 0.7341
355.0000 0.7315
356.0000 0.7289
357.0000 0.7263
358.0000 0.7237
359.0000 0.7211
360.0000 0.7185
361.0000 0.7159
362.0000 0.7134
363.0000 0.7109
364.0000 0.7084
365.0000 0.7059
366.0000 0.7035
367.0000 0.7010
368.0000 0.6986
369.0000 0.6963
370.0000 0.6939
371.0000 0.6916
372.0000 0.6893
373.0000 0.6870
374.0000 0.6847
375.0000 0.6825
376.0000 0.6803
377.0000 0.6781
378.0000 0.6760
379.0000 0.6739
380.0000 0.6718
381.0000 0.6697
382.0000 0.6677
383.0000 0.6657
384.0000 0.6637
385.0000 0.6618
386.0000 0.6598
387.0000 0.6579
388.0000 0.6561
389.0000 0.6542
390.0000 0.6524
391.0000 0.6506
392.0000 0.6489
393.0000 0.6472
394.0000 0.6455
395.0000 0.6438
396.0000 0.6422
397.0000 0.6405
398.0000 0.6390
399.0000 0.6374
400.0000 0.6359
401.0000 0.6343
402.0000 0.6329
403.0000 0.6314
404.0000 0.6300
405.0000 0.6286
406.0000 0.6272
407.0000 0.6258
408.0000 0.6245
409.0000 0.6232
410.0000 -8.9315
411.0000 -5.0657
412.0000 -3.5058
413.0000 -2.4181
414.0000 -1.9098
415.0000 -1.6777
416.0000 -1.5953
417.0000 -1.5738
418.0000 -1.5724
419.0000 -1.5735
420.0000 -1.5725
421.0000 -1.5695
422.0000 -1.5659
423.0000 -1.5632
424.0000 -1.5618
425.0000 -1.5621
426.0000 -1.5637
427.0000 -1.5664
428.0000 -1.5697
429.0000 -1.5735
430.0000 -1.5775
431.0000 -1.5815
432.0000 -1.5854
433.0000 -1.5892
434.0000 -1.5928
435.0000 -1.5961
436.0000 -1.5993
437.0000 -1.6023
438.0000 -1.6050
439.0000 -1.6076
440.0000 -1.6099
441.0000 -1.6121
442.0000 -1.6140
443.0000 -1.6158
444.0000 -1.6174
445.0000 -1.6188
446.0000 -1.6201
447.0000 -1.6212
448.0000 -1.6222
449.0000 -1.6230
450.0000 -1.6237
451.0000 -1.6243
452.0000 -1.6248
453.0000 -1.6251
454.0000 -1.6253
455.0000 -1.6255
456.0000 -1.6255
457.0000 -1.6255
458.0000 -1.6253
459.0000 -1.6251
460.0000 -1.6248
461.0000 -1.6244
462.0000 -1.6240
463.0000 -1.6235
464.0000 -1.6229
465.0000 -1.6223
466.0000 -1.6216
467.0000 -1.6208
468.0000 -1.6200
469.0000 -1.6192
470.0000 -1.6183
471.0000 -1.6174
472.0000 -1.6164
473.0000 -1.6154
474.0000 -1.6144
475.0000 -1.6133
476.0000 -1.6122
477.0000 -1.6111
478.0000 -1.6099
479.0000 -1.6088
480.0000 -1.6076
481.0000 -1.6064
482.0000 -1.6051
483.0000 -1.6039
484.0000 -1.6026
485.0000 -1.6014
486.0000 -1.6001
487.0000 -1.5988
488.0000 -1.5975
489.0000 -1.5962
490.0000 -1.5949
491.0000 -1.5936
492.0000 -1.5923
493.0000 -1.5910
494.0000 -1.5897
495.0000 -1.5884
496.0000 -1.5871
497.0000 -1.5858
498.0000 -1.5845
499.0000 -1.5832
500.0000 -1.5819
501.0000 -1.5806
502.0000 -1.5793
503.0000 -1.5780
504.0000 -1.5768
505.0000 -1.5755
506.0000 -1.5743
507.0000 -1.5730
508.0000 -1.5718
509.0000 -1.5706
510.0000 -1.5693
511.0000 -1.0712
512.0000 -1.6042
513.0000 -1.5237
514.0000 -1.4462
515.0000 -1.3475
516.0000 -1.2772
517.0000 -1.2318
518.0000 -1.2057
519.0000 -1.1907
520.0000 -1.1808
521.0000 -1.1724
522.0000 -1.1637
523.0000 -1.1541
524.0000 -1.1435
525.0000 -1.1321
526.0000 -1.1202
527.0000 -1.1081
528.0000 -1.0959
529.0000 -1.0838
530.0000 -1.0718
531.0000 -1.0600
532.0000 -1.0485
533.0000 -1.0371
534.0000 -1.0260
535.0000 -1.0151
536.0000 -1.0044
537.0000 -0.9940
538.0000 -0.9838
539.0000 -0.9738
540.0000 -0.9641
541.0000 -0.9547
542.0000 -0.9454
543.0000 -0.9364
544.0000 -0.9276
545.0000 -0.9190
546.0000 -0.9106
547.0000 -0.9024
548.0000 -0.8945
549.0000 -0.8867
550.0000 -0.8792
551.0000 -0.8718
552.0000 -0.8646
553.0000 -0.8576
554.0000 -0.8508
555.0000 -0.8441
556.0000 -0.8377
557.0000 -0.8314
558.0000 -0.8252
559.0000 -0.8193
560.0000 -0.8134
561.0000 -0.8078
562.0000 -0.8023
563.0000 -0.7969
564.0000 -0.7917
565.0000 -0.7866
566.0000 -0.7816
567.0000 -0.7768
568.0000 -0.7722
569.0000 -0.7676
570.0000 -0.7632
571.0000 -0.7589
572.0000 -0.7547
573.0000 -0.7506
574.0000 -0.7467
575.0000 -0.7428
576.0000 -0.7391
577.0000 -0.7354
578.0000 -0.7319
579.0000 -0.7285
580.0000 -0.7252
581.0000 -0.7219
582.0000 -0.7188
583.0000 -0.7157
584.0000 -0.7127
585.0000 -0.7099
586.0000 -0.7071
587.0000 -0.7044
588.0000 -0.7017
589.0000 -0.6992
590.0000 -0.6967
591.0000 -0.6943
592.0000 -0.6919
593.0000 -0.6897
594.0000 -0.6875
595.0000 -0.6853
596.0000 -0.6833
597.0000 -0.6812
598.0000 -0.6793
599.0000 -0.6774
600.0000 -0.6756
601.0000 -0.6738
602.0000 -0.6721
603.0000 -0.6704
604.0000 -0.6688
605.0000 -0.6672
606.0000 -0.6657
607.0000 -0.6643
608.0000 -0.6628
609.0000 -0.6615
610.0000 -0.6601
611.0000 -1.3740
612.0000 -1.0995
613.0000 -1.0553
614.0000 -0.9858
615.0000 -0.9509
616.0000 -0.9299
617.0000 -0.9196
618.0000 -0.9146
619.0000 -0.9119
620.0000 -0.9100
621.0000 -0.9080
622.0000 -0.9059
623.0000 -0.9034
624.0000 -0.9007
625.0000 -0.8979
626.0000 -0.8949
627.0000 -0.8919
628.0000 -0.8887
629.0000 -0.8855
630.0000 -0.8821
631.0000 -0.8787
632.0000 -0.8753
633.0000 -0.8717
634.0000 -0.8681
635.0000 -0.8644
636.0000 -0.8606
637.0000 -0.8568
638.0000 -0.8529
639.0000 -0.8490
640.0000 -0.8451
641.0000 -0.8411
642.0000 -0.8371
643.0000 -0.8331
644.0000 -0.8290
645.0000 -0.8249
646.0000 -0.8209
647.0000 -0.8168
648.0000 -0.8127
649.0000 -0.8086
650.0000 -0.8045
651.0000 -0.8005
652.0000 -0.7964
653.0000 -0.7923
654.0000 -0.7883
655.0000 -0.7843
656.0000 -0.7803
657.0000 -0.7763
658.0000 -0.7723
659.0000 -0.7684
660.0000 -0.7645
661.0000 -0.7606
662.0000 -0.7568
663.0000 -0.7529
664.0000 -0.7492
665.0000 -0.7454
666.0000 -0.7417
667.0000 -0.7380
668.0000 -0.7344
669.0000 -0.7308
670.0000 -0.7272
671.0000 -0.7237
672.0000 -0.7202
673.0000 -0.7167
674.0000 -0.7133
675.0000 -0.7100
676.0000 -0.7066
677.0000 -0.7034
678.0000 -0.7001
679.0000 -0.6969
680.0000 -0.6938
681.0000 -0.6907
682.0000 -0.6876
683.0000 -0.6846
684.0000 -0.6816
685.0000 -0.6786
686.0000 -0.6757
687.0000 -0.6729
688.0000 -0.6701
689.0000 -0.6673
690.0000 -0.6646
691.0000 -0.6619
692.0000 -0.6593
693.0000 -0.6567
694.0000 -0.6541
695.0000 -0.6516
696.0000 -0.6492
697.0000 -0.6467
698.0000 -0.6443
699.0000 -0.6420
700.0000 -0.6397
701.0000 -0.6374
702.0000 -0.6352
703.0000 -0.6330
704.0000 -0.6309
705.0000 -0.6287
706.0000 -0.6267
707.0000 -0.6246
708.0000 -0.6226
709.0000 -0.6207
710.0000 13.7114
711.0000 7.9127
712.0000 5.5728
713.0000 3.9413
714.0000 3.1788
715.0000 2.8306
716.0000 2.7070
717.0000 2.6748
718.0000 2.6727
719.0000 2.6744
720.0000 2.6728
721.0000 2.6683
722.0000 2.6630
723.0000 2.6588
724.0000 2.6569
725.0000 2.6572
726.0000 2.6597
727.0000 2.6636
728.0000 2.6687
729.0000 2.6743
730.0000 2.6803
731.0000 2.6863
732.0000 2.6921
733.0000 2.6978
734.0000 2.7032
735.0000 2.7083
736.0000 2.7130
737.0000 2.7175
738.0000 2.7216
739.0000 2.7254
740.0000 2.7289
741.0000 2.7321
742.0000 2.7350
743.0000 2.7377
744.0000 2.7401
745.0000 2.7422
746.0000 2.7441
747.0000 2.7458
748.0000 2.7472
749.0000 2.7485
750.0000 2.7496
751.0000 2.7504
752.0000 2.7511
753.0000 2.7516
754.0000 2.7520
755.0000 2.7522
756.0000 2.7523
757.0000 2.7522
758.0000 2.7520
759.0000 2.7516
760.0000 2.7512
761.0000 2.7506
762.0000 2.7499
763.0000 2.7491
764.0000 2.7483
765.0000 2.7473
766.0000 2.7463
767.0000 2.7451
768.0000 2.7439
769.0000 2.7427
770.0000 2.7413
771.0000 2.7399
772.0000 2.7385
773.0000 2.7370
774.0000 2.7354
775.0000 2.7338
776.0000 2.7322
777.0000 2.7305
778.0000 2.7288
779.0000 2.7270
780.0000 2.7252
781.0000 2.7234
782.0000 2.7216
783.0000 2.7197
784.0000 2.7178
785.0000 2.7159
786.0000 2.7140
787.0000 2.7121
788.0000 2.7101
789.0000 2.7082
790.0000 2.7062
791.0000 2.7043
792.0000 2.7023
793.0000 2.7004
794.0000 2.6984
795.0000 2.6964
796.0000 2.6945
797.0000 2.6925
798.0000 2.6905
799.0000 2.6886
800.0000 2.6866
801.0000 2.6847
802.0000 2.6828
803.0000 2.6809
804.0000 2.6790
805.0000 2.6771
806.0000 2.6752
807.0000 2.6733
808.0000 2.6715
809.0000 2.6696
810.0000 2.6678
811.0000 1.9205
812.0000 2.7200
813.0000 2.5994
814.0000 2.4831
815.0000 2.3350
816.0000 2.2296
817.0000 2.1615
818.0000 2.1223
819.0000 2.0997
820.0000 2.0850
821.0000 2.0724
822.0000 2.0594
823.0000 2.0449
824.0000 2.0290
825.0000 2.0119
826.0000 1.9940
827.0000 1.9759
828.0000 1.9576
829.0000 1.9395
830.0000 1.9215
831.0000 1.9038
832.0000 1.8864
833.0000 1.8694
834.0000 1.8527
835.0000 1.8363
836.0000 1.8203
837.0000 1.8047
838.0000 1.7894
839.0000 1.7745
840.0000 1.7599
841.0000 1.7457
842.0000 1.7318
843.0000 1.7183
844.0000 1.7051
845.0000 1.6922
846.0000 1.6796
847.0000 1.6674
848.0000 1.6554
849.0000 1.6438
850.0000 1.6325
851.0000 1.6214
852.0000 1.6106
853.0000 1.6001
854.0000 1.5899
855.0000 1.5799
856.0000 1.5702
857.0000 1.5608
858.0000 1.5516
859.0000 1.5426
860.0000 1.5339
861.0000 1.5254
862.0000 1.5171
863.0000 1.5091
864.0000 1.5012
865.0000 1.4936
866.0000 1.4862
867.0000 1.4790
868.0000 1.4720
869.0000 1.4651
870.0000 1.4585
871.0000 1.4520
872.0000 1.4458
873.0000 1.4396
874.0000 1.4337
875.0000 1.4279
876.0000 1.4223
877.0000 1.4169
878.0000 1.4116
879.0000 1.4064
880.0000 1.4014
881.0000 1.3966
882.0000 1.3919
883.0000 1.3873
884.0000 1.3828
885.0000 1.3785
886.0000 1.3743
887.0000 1.3702
888.0000 1.3663
889.0000 1.3624
890.0000 1.3587
891.0000 1.3551
892.0000 1.3516
893.0000 1.3482
894.0000 1.3449
895.0000 1.3417
896.0000 1.3386
897.0000 1.3356
898.0000 1.3327
899.0000 1.3298
900.0000 1.3271
901.0000 1.3244
902.0000 1.3218
903.0000 1.3193
904.0000 1.3169
905.0000 1.3146
906.0000 1.3123
907.0000 1.3101
908.0000 1.3080
909.0000 1.3059
910.0000 1.3039
