1.0000 0.0000
2.0000 0.0000
3.0000 0.0000
4.0000 0.0000
5.0000 0.0000
6.0000 0.0000
7.0000 0.0000
8.0000 0.0000
9.0000 0.0000
10.0000 0.0000
11.0000 0.0595
12.0000 0.0162
13.0000 0.0127
14.0000 0.0097
15.0000 0.0109
16.0000 0.0127
17.0000 0.0143
18.0000 0.0153
19.0000 0.0159
20.0000 0.0160
21.0000 0.0160
22.0000 0.0158
23.0000 0.0155
24.0000 0.0153
25.0000 0.0150
26.0000 0.0147
27.0000 0.0145
28.0000 0.0143
29.0000 0.0140
30.0000 0.0138
31.0000 0.0136
32.0000 0.0134
33.0000 0.0132
34.0000 0.0130
35.0000 0.0128
36.0000 0.0126
37.0000 0.0124
38.0000 0.0122
39.0000 0.0120
40.0000 0.0118
41.0000 0.0116
42.0000 0.0115
43.0000 0.0113
44.0000 0.0111
45.0000 0.0109
46.0000 0.0107
47.0000 0.0105
48.0000 0.0104
49.0000 0.0102
50.0000 0.0100
51.0000 0.0098
52.0000 0.0097
53.0000 0.0095
54.0000 0.0093
55.0000 0.0092
56.0000 0.0090
57.0000 0.0088
58.0000 0.0087
59.0000 0.0085
60.0000 0.0084
61.0000 0.0082
62.0000 0.0080
63.0000 0.0079
64.0000 0.0077
65.0000 0.0076
66.0000 0.0074
67.0000 0.0073
68.0000 0.0072
69.0000 0.0070
70.0000 0.0069
71.0000 0.0067
72.0000 0.0066
73.0000 0.0065
74.0000 0.0063
75.0000 0.0062
76.0000 0.0061
77.0000 0.0060
78.0000 0.0058
79.0000 0.0057
80.0000 0.0056
81.0000 0.0055
82.0000 0.0054
83.0000 0.0052
84.0000 0.0051
85.0000 0.0050
86.0000 0.0049
87.0000 0.0048
88.0000 0.0047
89.0000 0.0046
90.0000 0.0045
91.0000 0.0044
92.0000 0.0043
93.0000 0.0042
94.0000 0.0041
95.0000 0.0040
96.0000 0.0039
97.0000 0.0038
98.0000 0.0038
99.0000 0.0037
100.0000 0.0036
101.0000 0.0035
102.0000 0.0034
103.0000 0.0033
104.0000 0.0033
105.0000 0.0032
106.0000 0.0031
107.0000 0.0030
108.0000 0.0030
109.0000 0.0029
110.0000 0.0028
111.0000 0.4254
112.0000 0.3518
113.0000 0.2513
114.0000 0.1338
115.0000 0.0466
116.0000 -0.0090
117.0000 -0.0383
118.0000 -0.0500
119.0000 -0.0514
120.0000 -0.0478
121.0000 -0.0422
122.0000 -0.0365
123.0000 -0.0313
124.0000 -0.0269
125.0000 -0.0232
126.0000 -0.0203
127.0000 -0.0179
128.0000 -0.0159
129.0000 -0.0143
130.0000 -0.0131
131.0000 -0.0121
132.0000 -0.0113
133.0000 -0.0107
134.0000 -0.0102
135.0000 -0.0098
136.0000 -0.0095
137.0000 -0.0093
138.0000 -0.0091
139.0000 -0.0090
140.0000 -0.0089
141.0000 -0.0089
142.0000 -0.0088
143.0000 -0.0088
144.0000 -0.0087
145.0000 -0.0087
146.0000 -0.0087
147.0000 -0.0087
148.0000 -0.0086
149.0000 -0.0086
150.0000 -0.0086
151.0000 -0.0085
152.0000 -0.0085
153.0000 -0.0084
154.0000 -0.0084
155.0000 -0.0083
156.0000 -0.0083
157.0000 -0.0082
158.0000 -0.0082
159.0000 -0.0081
160.0000 -0.0080
161.0000 -0.0080
162.0000 -0.0079
163.0000 -0.0078
164.0000 -0.0077
165.0000 -0.0077
166.0000 -0.0076
167.0000 -0.0075
168.0000 -0.0074
169.0000 -0.0073
170.0000 -0.0072
171.0000 -0.0072
172.0000 -0.0071
173.0000 -0.0070
174.0000 -0.0069
175.0000 -0.0068
176.0000 -0.0067
177.0000 -0.0066
178.0000 -0.0065
179.0000 -0.0064
180.0000 -0.0063
181.0000 -0.0062
182.0000 -0.0062
183.0000 -0.0061
184.0000 -0.0060
185.0000 -0.0059
186.0000 -0.0058
187.0000 -0.0057
188.0000 -0.0056
189.0000 -0.0055
190.0000 -0.0054
191.0000 -0.0053
192.0000 -0.0052
193.0000 -0.0052
194.0000 -0.0051
195.0000 -0.0050
196.0000 -0.0049
197.0000 -0.0048
198.0000 -0.0047
199.0000 -0.0046
200.0000 -0.0046
201.0000 -0.0045
202.0000 -0.0044
203.0000 -0.0043
204.0000 -0.0042
205.0000 -0.0042
206.0000 -0.0041
207.0000 -0.0040
208.0000 -0.0039
209.0000 -0.0038
210.0000 -0.0038
211.0000 0.4964
212.0000 0.6451
213.0000 0.7979
214.0000 0.8798
215.0000 0.9273
216.0000 0.9508
217.0000 0.9620
218.0000 0.9672
219.0000 0.9700
220.0000 0.9718
221.0000 0.9734
222.0000 0.9748
223.0000 0.9761
224.0000 0.9773
225.0000 0.9784
226.0000 0.9792
227.0000 0.9800
228.0000 0.9806
229.0000 0.9812
230.0000 0.9817
231.0000 0.9822
232.0000 0.9827
233.0000 0.9831
234.0000 0.9836
235.0000 0.9840
236.0000 0.9844
237.0000 0.9848
238.0000 0.9852
239.0000 0.9856
240.0000 0.9860
241.0000 0.9864
242.0000 0.9868
243.0000 0.9872
244.0000 0.9875
245.0000 0.9879
246.0000 0.9882
247.0000 0.9886
248.0000 0.9889
249.0000 0.9892
250.0000 0.9896
251.0000 0.9899
252.0000 0.9902
253.0000 0.9905
254.0000 0.9908
255.0000 0.9911
256.0000 0.9913
257.0000 0.9916
258.0000 0.9919
259.0000 0.9921
260.0000 0.9924
261.0000 0.9926
262.0000 0.9929
263.0000 0.9931
264.0000 0.9933
265.0000 0.9935
266.0000 0.9937
267.0000 0.9939
268.0000 0.9941
269.0000 0.9943
270.0000 0.9945
271.0000 0.9947
272.0000 0.9949
273.0000 0.9951
274.0000 0.9952
275.0000 0.9954
276.0000 0.9956
277.0000 0.9957
278.0000 0.9959
279.0000 0.9960
280.0000 0.9962
281.0000 0.9963
282.0000 0.9964
283.0000 0.9966
284.0000 0.9967
285.0000 0.9968
286.0000 0.9969
287.0000 0.9970
288.0000 0.9971
289.0000 0.9973
290.0000 0.9974
291.0000 0.9975
292.0000 0.9976
293.0000 0.9977
294.0000 0.9977
295.0000 0.9978
296.0000 0.9979
297.0000 0.9980
298.0000 0.9981
299.0000 0.9982
300.0000 0.9982
301.0000 0.9983
302.0000 0.9984
303.0000 0.9985
304.0000 0.9985
305.0000 0.9986
306.0000 0.9986
307.0000 0.9987
308.0000 0.9988
309.0000 0.9988
310.0000 0.9989
311.0000 0.8799
312.0000 0.9667
313.0000 0.9735
314.0000 0.9798
315.0000 0.9773
316.0000 0.9738
317.0000 0.9707
318.0000 0.9686
319.0000 0.9675
320.0000 0.9672
321.0000 0.9674
322.0000 0.9678
323.0000 0.9684
324.0000 0.9689
325.0000 0.9695
326.0000 0.9700
327.0000 0.9706
328.0000 0.9711
329.0000 0.9716
330.0000 0.9720
331.0000 0.9725
332.0000 0.9729
333.0000 0.9733
334.0000 0.9738
335.0000 0.9742
336.0000 0.9746
337.0000 0.9750
338.0000 0.9754
339.0000 0.9758
340.0000 0.9762
341.0000 0.9766
342.0000 0.9770
343.0000 0.9773
344.0000 0.9777
345.0000 0.9781
346.0000 0.9785
347.0000 0.9788
348.0000 0.9792
349.0000 0.9796
350.0000 0.9799
351.0000 0.9803
352.0000 0.9806
353.0000 0.9810
354.0000 0.9813
355.0000 0.9817
356.0000 0.9820
357.0000 0.9824
358.0000 0.9827
359.0000 0.9830
360.0000 0.9833
361.0000 0.9837
362.0000 0.9840
363.0000 0.9843
364.0000 0.9846
365.0000 0.9849
366.0000 0.9852
367.0000 0.9855
368.0000 0.9858
369.0000 0.9861
370.0000 0.9863
371.0000 0.9866
372.0000 0.9869
373.0000 0.9872
374.0000 0.9874
375.0000 0.9877
376.0000 0.9879
377.0000 0.9882
378.0000 0.9884
379.0000 0.9887
380.0000 0.9889
381.0000 0.9892
382.0000 0.9894
383.0000 0.9896
384.0000 0.9899
385.0000 0.9901
386.0000 0.9903
387.0000 0.9905
388.0000 0.9907
389.0000 0.9909
390.0000 0.9911
391.0000 0.9913
392.0000 0.9915
393.0000 0.9917
394.0000 0.9919
395.0000 0.9921
396.0000 0.9923
397.0000 0.9924
398.0000 0.9926
399.0000 0.9928
400.0000 0.9929
401.0000 0.9931
402.0000 0.9933
403.0000 0.9934
404.0000 0.9936
405.0000 0.9937
406.0000 0.9939
407.0000 0.9940
408.0000 0.9942
409.0000 0.9943
410.0000 0.9945
411.0000 0.1493
412.0000 0.2966
413.0000 0.4976
414.0000 0.7326
415.0000 0.9069
416.0000 1.0182
417.0000 1.0768
418.0000 1.1001
419.0000 1.1029
420.0000 1.0956
421.0000 1.0846
422.0000 1.0731
423.0000 1.0627
424.0000 1.0538
425.0000 1.0465
426.0000 1.0406
427.0000 1.0358
428.0000 1.0319
429.0000 1.0288
430.0000 1.0263
431.0000 1.0243
432.0000 1.0227
433.0000 1.0214
434.0000 1.0205
435.0000 1.0197
436.0000 1.0191
437.0000 1.0187
438.0000 1.0184
439.0000 1.0181
440.0000 1.0180
441.0000 1.0178
442.0000 1.0177
443.0000 1.0176
444.0000 1.0176
445.0000 1.0175
446.0000 1.0174
447.0000 1.0174
448.0000 1.0173
449.0000 1.0172
450.0000 1.0172
451.0000 1.0171
452.0000 1.0170
453.0000 1.0169
454.0000 1.0168
455.0000 1.0167
456.0000 1.0166
457.0000 1.0165
458.0000 1.0164
459.0000 1.0162
460.0000 1.0161
461.0000 1.0160
462.0000 1.0158
463.0000 1.0157
464.0000 1.0155
465.0000 1.0154
466.0000 1.0152
467.0000 1.0150
468.0000 1.0149
469.0000 1.0147
470.0000 1.0145
471.0000 1.0143
472.0000 1.0142
473.0000 1.0140
474.0000 1.0138
475.0000 1.0136
476.0000 1.0134
477.0000 1.0133
478.0000 1.0131
479.0000 1.0129
480.0000 1.0127
481.0000 1.0125
482.0000 1.0123
483.0000 1.0122
484.0000 1.0120
485.0000 1.0118
486.0000 1.0116
487.0000 1.0114
488.0000 1.0112
489.0000 1.0111
490.0000 1.0109
491.0000 1.0107
492.0000 1.0105
493.0000 1.0103
494.0000 1.0102
495.0000 1.0100
496.0000 1.0098
497.0000 1.0096
498.0000 1.0095
499.0000 1.0093
500.0000 1.0091
501.0000 1.0090
502.0000 1.0088
503.0000 1.0086
504.0000 1.0085
505.0000 1.0083
506.0000 1.0082
507.0000 1.0080
508.0000 1.0079
509.0000 1.0077
510.0000 1.0076
511.0000 0.0072
512.0000 -0.2901
513.0000 -0.5957
514.0000 -0.7596
515.0000 -0.8545
516.0000 -0.9016
517.0000 -0.9240
518.0000 -0.9344
519.0000 -0.9399
520.0000 -0.9436
521.0000 -0.9467
522.0000 -0.9496
523.0000 -0.9523
524.0000 -0.9547
525.0000 -0.9567
526.0000 -0.9585
527.0000 -0.9600
528.0000 -0.9613
529.0000 -0.9624
530.0000 -0.9635
531.0000 -0.9644
532.0000 -0.9653
533.0000 -0.9662
534.0000 -0.9671
535.0000 -0.9680
536.0000 -0.9688
537.0000 -0.9696
538.0000 -0.9704
539.0000 -0.9712
540.0000 -0.9720
541.0000 -0.9728
542.0000 -0.9736
543.0000 -0.9743
544.0000 -0.9750
545.0000 -0.9758
546.0000 -0.9765
547.0000 -0.9771
548.0000 -0.9778
549.0000 -0.9785
550.0000 -0.9791
551.0000 -0.9797
552.0000 -0.9804
553.0000 -0.9810
554.0000 -0.9815
555.0000 -0.9821
556.0000 -0.9827
557.0000 -0.9832
558.0000 -0.9837
559.0000 -0.9842
560.0000 -0.9847
561.0000 -0.9852
562.0000 -0.9857
563.0000 -0.9862
564.0000 -0.9866
565.0000 -0.9870
566.0000 -0.9875
567.0000 -0.9879
568.0000 -0.9883
569.0000 -0.9887
570.0000 -0.9891
571.0000 -0.9894
572.0000 -0.9898
573.0000 -0.9901
574.0000 -0.9905
575.0000 -0.9908
576.0000 -0.9911
577.0000 -0.9914
578.0000 -0.9917
579.0000 -0.9920
580.0000 -0.9923
581.0000 -0.9926
582.0000 -0.9928
583.0000 -0.9931
584.0000 -0.9934
585.0000 -0.9936
586.0000 -0.9938
587.0000 -0.9941
588.0000 -0.9943
589.0000 -0.9945
590.0000 -0.9947
591.0000 -0.9949
592.0000 -0.9951
593.0000 -0.9953
594.0000 -0.9955
595.0000 -0.9957
596.0000 -0.9958
597.0000 -0.9960
598.0000 -0.9962
599.0000 -0.9963
600.0000 -0.9965
601.0000 -0.9966
602.0000 -0.9968
603.0000 -0.9969
604.0000 -0.9970
605.0000 -0.9972
606.0000 -0.9973
607.0000 -0.9974
608.0000 -0.9975
609.0000 -0.9976
610.0000 -0.9977
611.0000 -0.8194
612.0000 -0.9495
613.0000 -0.9598
614.0000 -0.9692
615.0000 -0.9654
616.0000 -0.9604
617.0000 -0.9556
618.0000 -0.9526
619.0000 -0.9510
620.0000 -0.9505
621.0000 -0.9508
622.0000 -0.9514
623.0000 -0.9522
624.0000 -0.9531
625.0000 -0.9540
626.0000 -0.9548
627.0000 -0.9556
628.0000 -0.9564
629.0000 -0.9571
630.0000 -0.9578
631.0000 -0.9585
632.0000 -0.9592
633.0000 -0.9599
634.0000 -0.9605
635.0000 -0.9611
636.0000 -0.9618
637.0000 -0.9624
638.0000 -0.9630
639.0000 -0.9636
640.0000 -0.9642
641.0000 -0.9648
642.0000 -0.9654
643.0000 -0.9660
644.0000 -0.9665
645.0000 -0.9671
646.0000 -0.9677
647.0000 -0.9682
648.0000 -0.9688
649.0000 -0.9693
650.0000 -0.9699
651.0000 -0.9704
652.0000 -0.9710
653.0000 -0.9715
654.0000 -0.9720
655.0000 -0.9725
656.0000 -0.9730
657.0000 -0.9736
658.0000 -0.9741
659.0000 -0.9745
660.0000 -0.9750
661.0000 -0.9755
662.0000 -0.9760
663.0000 -0.9765
664.0000 -0.9769
665.0000 -0.9774
666.0000 -0.9778
667.0000 -0.9783
668.0000 -0.9787
669.0000 -0.9791
670.0000 -0.9796
671.0000 -0.9800
672.0000 -0.9804
673.0000 -0.9808
674.0000 -0.9812
675.0000 -0.9816
676.0000 -0.9820
677.0000 -0.9824
678.0000 -0.9827
679.0000 -0.9831
680.0000 -0.9835
681.0000 -0.9838
682.0000 -0.9842
683.0000 -0.9845
684.0000 -0.9848
685.0000 -0.9852
686.0000 -0.9855
687.0000 -0.9858
688.0000 -0.9861
689.0000 -0.9864
690.0000 -0.9867
691.0000 -0.9870
692.0000 -0.9873
693.0000 -0.9876
694.0000 -0.9879
695.0000 -0.9882
696.0000 -0.9885
697.0000 -0.9887
698.0000 -0.9890
699.0000 -0.9892
700.0000 -0.9895
701.0000 -0.9897
702.0000 -0.9900
703.0000 -0.9902
704.0000 -0.9904
705.0000 -0.9907
706.0000 -0.9909
707.0000 -0.9911
708.0000 -0.9913
709.0000 -0.9915
710.0000 -0.9917
711.0000 0.2760
712.0000 0.0551
713.0000 -0.2465
714.0000 -0.5989
715.0000 -0.8603
716.0000 -1.0273
717.0000 -1.1152
718.0000 -1.1502
719.0000 -1.1545
720.0000 -1.1435
721.0000 -1.1269
722.0000 -1.1097
723.0000 -1.0941
724.0000 -1.0808
725.0000 -1.0699
726.0000 -1.0609
727.0000 -1.0537
728.0000 -1.0479
729.0000 -1.0432
730.0000 -1.0395
731.0000 -1.0364
732.0000 -1.0341
733.0000 -1.0322
734.0000 -1.0307
735.0000 -1.0296
736.0000 -1.0287
737.0000 -1.0281
738.0000 -1.0276
739.0000 -1.0272
740.0000 -1.0270
741.0000 -1.0268
742.0000 -1.0266
743.0000 -1.0265
744.0000 -1.0264
745.0000 -1.0263
746.0000 -1.0262
747.0000 -1.0261
748.0000 -1.0260
749.0000 -1.0259
750.0000 -1.0258
751.0000 -1.0257
752.0000 -1.0256
753.0000 -1.0254
754.0000 -1.0253
755.0000 -1.0251
756.0000 -1.0250
757.0000 -1.0248
758.0000 -1.0246
759.0000 -1.0244
760.0000 -1.0242
761.0000 -1.0240
762.0000 -1.0238
763.0000 -1.0235
764.0000 -1.0233
765.0000 -1.0231
766.0000 -1.0228
767.0000 -1.0226
768.0000 -1.0223
769.0000 -1.0221
770.0000 -1.0218
771.0000 -1.0215
772.0000 -1.0213
773.0000 -1.0210
774.0000 -1.0207
775.0000 -1.0205
776.0000 -1.0202
777.0000 -1.0199
778.0000 -1.0196
779.0000 -1.0194
780.0000 -1.0191
781.0000 -1.0188
782.0000 -1.0185
783.0000 -1.0182
784.0000 -1.0180
785.0000 -1.0177
786.0000 -1.0174
787.0000 -1.0171
788.0000 -1.0169
789.0000 -1.0166
790.0000 -1.0163
791.0000 -1.0160
792.0000 -1.0158
793.0000 -1.0155
794.0000 -1.0153
795.0000 -1.0150
796.0000 -1.0147
797.0000 -1.0145
798.0000 -1.0142
799.0000 -1.0140
800.0000 -1.0137
801.0000 -1.0135
802.0000 -1.0132
803.0000 -1.0130
804.0000 -1.0127
805.0000 -1.0125
806.0000 -1.0123
807.0000 -1.0120
808.0000 -1.0118
809.0000 -1.0116
810.0000 -1.0114
811.0000 0.4891
812.0000 0.9352
813.0000 1.3935
814.0000 1.6394
815.0000 1.7818
816.0000 1.8523
817.0000 1.8860
818.0000 1.9017
819.0000 1.9098
820.0000 1.9153
821.0000 1.9200
822.0000 1.9244
823.0000 1.9284
824.0000 1.9320
825.0000 1.9351
826.0000 1.9377
827.0000 1.9400
828.0000 1.9419
829.0000 1.9436
830.0000 1.9452
831.0000 1.9466
832.0000 1.9480
833.0000 1.9493
834.0000 1.9506
835.0000 1.9519
836.0000 1.9532
837.0000 1.9544
838.0000 1.9556
839.0000 1.9568
840.0000 1.9580
841.0000 1.9592
842.0000 1.9603
843.0000 1.9614
844.0000 1.9625
845.0000 1.9636
846.0000 1.9647
847.0000 1.9657
848.0000 1.9667
849.0000 1.9677
850.0000 1.9687
851.0000 1.9696
852.0000 1.9705
853.0000 1.9714
854.0000 1.9723
855.0000 1.9732
856.0000 1.9740
857.0000 1.9748
858.0000 1.9756
859.0000 1.9764
860.0000 1.9771
861.0000 1.9778
862.0000 1.9785
863.0000 1.9792
864.0000 1.9799
865.0000 1.9806
866.0000 1.9812
867.0000 1.9818
868.0000 1.9824
869.0000 1.9830
870.0000 1.9836
871.0000 1.9841
872.0000 1.9847
873.0000 1.9852
874.0000 1.9857
875.0000 1.9862
876.0000 1.9867
877.0000 1.9871
878.0000 1.9876
879.0000 1.9880
880.0000 1.9885
881.0000 1.9889
882.0000 1.9893
883.0000 1.9897
884.0000 1.9900
885.0000 1.9904
886.0000 1.9908
887.0000 1.9911
888.0000 1.9914
889.0000 1.9918
890.0000 1.9921
891.0000 1.9924
892.0000 1.9927
893.0000 1.9930
894.0000 1.9932
895.0000 1.9935
896.0000 1.9938
897.0000 1.9940
898.0000 1.9943
899.0000 1.9945
900.0000 1.9947
901.0000 1.9949
902.0000 1.9952
903.0000 1.9954
904.0000 1.9956
905.0000 1.9958
906.0000 1.9959
907.0000 1.9961
908.0000 1.9963
909.0000 1.9965
910.0000 1.9966
