1.0000 0.0000
2.0000 0.0000
3.0000 0.0000
4.0000 0.0000
5.0000 0.0000
6.0000 0.0000
7.0000 0.0000
8.0000 0.0000
9.0000 0.0000
10.0000 8.7795
11.0000 -0.0313
12.0000 1.9835
13.0000 1.2183
14.0000 1.3538
15.0000 1.2952
16.0000 1.3217
17.0000 1.3361
18.0000 1.3568
19.0000 1.3742
20.0000 1.3895
21.0000 1.4025
22.0000 1.4136
23.0000 1.4233
24.0000 1.4321
25.0000 1.4403
26.0000 1.4480
27.0000 1.4556
28.0000 1.4629
29.0000 1.4701
30.0000 1.4772
31.0000 1.4841
32.0000 1.4909
33.0000 1.4975
34.0000 1.5040
35.0000 1.5103
36.0000 1.5164
37.0000 1.5223
38.0000 1.5281
39.0000 1.5336
40.0000 1.5390
41.0000 1.5442
42.0000 1.5493
43.0000 1.5541
44.0000 1.5588
45.0000 1.5633
46.0000 1.5677
47.0000 1.5719
48.0000 1.5760
49.0000 1.5800
50.0000 1.5837
51.0000 1.5874
52.0000 1.5909
53.0000 1.5943
54.0000 1.5976
55.0000 1.6008
56.0000 1.6038
57.0000 1.6068
58.0000 1.6096
59.0000 1.6123
60.0000 1.6150
61.0000 1.6175
62.0000 1.6199
63.0000 1.6222
64.0000 1.6245
65.0000 1.6267
66.0000 1.6287
67.0000 1.6307
68.0000 1.6326
69.0000 1.6345
70.0000 1.6363
71.0000 1.6380
72.0000 1.6396
73.0000 1.6411
74.0000 1.6426
75.0000 1.6441
76.0000 1.6455
77.0000 1.6468
78.0000 1.6480
79.0000 1.6492
80.0000 1.6504
81.0000 1.6515
82.0000 1.6526
83.0000 1.6536
84.0000 1.6545
85.0000 1.6554
86.0000 1.6563
87.0000 1.6572
88.0000 1.6580
89.0000 1.6587
90.0000 1.6594
91.0000 1.6601
92.0000 1.6608
93.0000 1.6614
94.0000 1.6620
95.0000 1.6625
96.0000 1.6630
97.0000 1.6635
98.0000 1.6640
99.0000 1.6645
100.0000 1.6649
101.0000 1.6653
102.0000 1.6656
103.0000 1.6660
104.0000 1.6663
105.0000 1.6666
106.0000 1.6669
107.0000 1.6672
108.0000 1.6674
109.0000 1.6677
110.0000 1.6679
111.0000 -1.2437
112.0000 3.2856
113.0000 2.8114
114.0000 2.6429
115.0000 2.0123
116.0000 1.5012
117.0000 1.0914
118.0000 0.8211
119.0000 0.6609
120.0000 0.5830
121.0000 0.5581
122.0000 0.5641
123.0000 0.5848
124.0000 0.6098
125.0000 0.6330
126.0000 0.6513
127.0000 0.6636
128.0000 0.6700
129.0000 0.6710
130.0000 0.6676
131.0000 0.6607
132.0000 0.6511
133.0000 0.6397
134.0000 0.6271
135.0000 0.6137
136.0000 0.5999
137.0000 0.5861
138.0000 0.5723
139.0000 0.5588
140.0000 0.5456
141.0000 0.5329
142.0000 0.5205
143.0000 0.5086
144.0000 0.4972
145.0000 0.4862
146.0000 0.4756
147.0000 0.4654
148.0000 0.4556
149.0000 0.4461
150.0000 0.4370
151.0000 0.4283
152.0000 0.4198
153.0000 0.4116
154.0000 0.4037
155.0000 0.3961
156.0000 0.3888
157.0000 0.3816
158.0000 0.3748
159.0000 0.3681
160.0000 0.3617
161.0000 0.3555
162.0000 0.3494
163.0000 0.3436
164.0000 0.3380
165.0000 0.3326
166.0000 0.3273
167.0000 0.3222
168.0000 0.3173
169.0000 0.3125
170.0000 0.3079
171.0000 0.3035
172.0000 0.2992
173.0000 0.2951
174.0000 0.2911
175.0000 0.2872
176.0000 0.2834
177.0000 0.2798
178.0000 0.2763
179.0000 0.2730
180.0000 0.2697
181.0000 0.2665
182.0000 0.2635
183.0000 0.2606
184.0000 0.2578
185.0000 0.2550
186.0000 0.2524
187.0000 0.2498
188.0000 0.2474
189.0000 0.2450
190.0000 0.2427
191.0000 0.2405
192.0000 0.2384
193.0000 0.2364
194.0000 0.2344
195.0000 0.2325
196.0000 0.2307
197.0000 0.2289
198.0000 0.2272
199.0000 0.2256
200.0000 0.2240
201.0000 0.2225
202.0000 0.2210
203.0000 0.2196
204.0000 0.2183
205.0000 0.2170
206.0000 0.2157
207.0000 0.2145
208.0000 0.2134
209.0000 0.2123
210.0000 0.2112
211.0000 -7.5152
212.0000 -3.6114
213.0000 -3.1884
214.0000 -2.1713
215.0000 -1.6792
216.0000 -1.3204
217.0000 -1.1287
218.0000 -1.0286
219.0000 -0.9908
220.0000 -0.9878
221.0000 -1.0033
222.0000 -1.0267
223.0000 -1.0519
224.0000 -1.0756
225.0000 -1.0963
226.0000 -1.1135
227.0000 -1.1272
228.0000 -1.1377
229.0000 -1.1455
230.0000 -1.1510
231.0000 -1.1546
232.0000 -1.1567
233.0000 -1.1576
234.0000 -1.1576
235.0000 -1.1569
236.0000 -1.1556
237.0000 -1.1540
238.0000 -1.1520
239.0000 -1.1498
240.0000 -1.1475
241.0000 -1.1450
242.0000 -1.1425
243.0000 -1.1400
244.0000 -1.1374
245.0000 -1.1348
246.0000 -1.1323
247.0000 -1.1297
248.0000 -1.1271
249.0000 -1.1246
250.0000 -1.1220
251.0000 -1.1195
252.0000 -1.1169
253.0000 -1.1144
254.0000 -1.1119
255.0000 -1.1094
256.0000 -1.1069
257.0000 -1.1045
258.0000 -1.1020
259.0000 -1.0996
260.0000 -1.0972
261.0000 -1.0948
262.0000 -1.0924
263.0000 -1.0900
264.0000 -1.0877
265.0000 -1.0853
266.0000 -1.0830
267.0000 -1.0808
268.0000 -1.0785
269.0000 -1.0763
270.0000 -1.0741
271.0000 -1.0719
272.0000 -1.0698
273.0000 -1.0676
274.0000 -1.0655
275.0000 -1.0635
276.0000 -1.0614
277.0000 -1.0594
278.0000 -1.0574
279.0000 -1.0555
280.0000 -1.0536
281.0000 -1.0517
282.0000 -1.0498
283.0000 -1.0480
284.0000 -1.0461
285.0000 -1.0444
286.0000 -1.0426
287.0000 -1.0409
288.0000 -1.0392
289.0000 -1.0375
290.0000 -1.0359
291.0000 -1.0343
292.0000 -1.0327
293.0000 -1.0311
294.0000 -1.0296
295.0000 -1.0281
296.0000 -1.0266
297.0000 -1.0252
298.0000 -1.0238
299.0000 -1.0224
300.0000 -1.0210
301.0000 -1.0197
302.0000 -1.0184
303.0000 -1.0171
304.0000 -1.0158
305.0000 -1.0146
306.0000 -1.0134
307.0000 -1.0122
308.0000 -1.0110
309.0000 -1.0099
310.0000 -18.5677
311.0000 -0.9451
312.0000 -4.9736
313.0000 -3.4421
314.0000 -3.7122
315.0000 -3.5938
316.0000 -3.6459
317.0000 -3.6738
318.0000 -3.7142
319.0000 -3.7480
320.0000 -3.7779
321.0000 -3.8029
322.0000 -3.8242
323.0000 -3.8428
324.0000 -3.8596
325.0000 -3.8751
326.0000 -3.8899
327.0000 -3.9042
328.0000 -3.9181
329.0000 -3.9318
330.0000 -3.9452
331.0000 -3.9584
332.0000 -3.9713
333.0000 -3.9838
334.0000 -3.9961
335.0000 -4.0080
336.0000 -4.0196
337.0000 -4.0309
338.0000 -4.0418
339.0000 -4.0523
340.0000 -4.0625
341.0000 -4.0724
342.0000 -4.0819
343.0000 -4.0911
344.0000 -4.1000
345.0000 -4.1085
346.0000 -4.1168
347.0000 -4.1247
348.0000 -4.1324
349.0000 -4.1398
350.0000 -4.1470
351.0000 -4.1539
352.0000 -4.1605
353.0000 -4.1669
354.0000 -4.1731
355.0000 -4.1790
356.0000 -4.1847
357.0000 -4.1902
358.0000 -4.1955
359.0000 -4.2006
360.0000 -4.2055
361.0000 -4.2102
362.0000 -4.2148
363.0000 -4.2191
364.0000 -4.2233
365.0000 -4.2273
366.0000 -4.2312
367.0000 -4.2349
368.0000 -4.2384
369.0000 -4.2419
370.0000 -4.2451
371.0000 -4.2483
372.0000 -4.2513
373.0000 -4.2542
374.0000 -4.2569
375.0000 -4.2596
376.0000 -4.2621
377.0000 -4.2645
378.0000 -4.2668
379.0000 -4.2690
380.0000 -4.2711
381.0000 -4.2731
382.0000 -4.2751
383.0000 -4.2769
384.0000 -4.2786
385.0000 -4.2803
386.0000 -4.2819
387.0000 -4.2834
388.0000 -4.2848
389.0000 -4.2862
390.0000 -4.2875
391.0000 -4.2887
392.0000 -4.2898
393.0000 -4.2909
394.0000 -4.2920
395.0000 -4.2929
396.0000 -4.2939
397.0000 -4.2947
398.0000 -4.2956
399.0000 -4.2963
400.0000 -4.2970
401.0000 -4.2977
402.0000 -4.2984
403.0000 -4.2990
404.0000 -4.2995
405.0000 -4.3000
406.0000 -4.3005
407.0000 -4.3009
408.0000 -4.3013
409.0000 -4.3017
410.0000 -4.3021
411.0000 1.5212
412.0000 -7.5374
413.0000 -6.5889
414.0000 -6.2518
415.0000 -4.9905
416.0000 -3.9683
417.0000 -3.1486
418.0000 -2.6080
419.0000 -2.2875
420.0000 -2.1315
421.0000 -2.0819
422.0000 -2.0938
423.0000 -2.1350
424.0000 -2.1849
425.0000 -2.2313
426.0000 -2.2678
427.0000 -2.2924
428.0000 -2.3051
429.0000 -2.3071
430.0000 -2.3002
431.0000 -2.2864
432.0000 -2.2673
433.0000 -2.2444
434.0000 -2.2191
435.0000 -2.1923
436.0000 -2.1647
437.0000 -2.1369
438.0000 -2.1094
439.0000 -2.0823
440.0000 -2.0560
441.0000 -2.0304
442.0000 -2.0057
443.0000 -1.9819
444.0000 -1.9590
445.0000 -1.9369
446.0000 -1.9157
447.0000 -1.8953
448.0000 -1.8757
449.0000 -1.8568
450.0000 -1.8385
451.0000 -1.8210
452.0000 -1.8040
453.0000 -1.7877
454.0000 -1.7719
455.0000 -1.7566
456.0000 -1.7419
457.0000 -1.7276
458.0000 -1.7138
459.0000 -1.7005
460.0000 -1.6876
461.0000 -1.6752
462.0000 -1.6631
463.0000 -1.6515
464.0000 -1.6402
465.0000 -1.6293
466.0000 -1.6188
467.0000 -1.6086
468.0000 -1.5988
469.0000 -1.5893
470.0000 -1.5801
471.0000 -1.5712
472.0000 -1.5626
473.0000 -1.5543
474.0000 -1.5462
475.0000 -1.5385
476.0000 -1.5310
477.0000 -1.5237
478.0000 -1.5167
479.0000 -1.5100
480.0000 -1.5035
481.0000 -1.4972
482.0000 -1.4911
483.0000 -1.4852
484.0000 -1.4796
485.0000 -1.4741
486.0000 -1.4688
487.0000 -1.4637
488.0000 -1.4588
489.0000 -1.4541
490.0000 -1.4495
491.0000 -1.4451
492.0000 -1.4409
493.0000 -1.4368
494.0000 -1.4328
495.0000 -1.4290
496.0000 -1.4253
497.0000 -1.4218
498.0000 -1.4184
499.0000 -1.4151
500.0000 -1.4120
501.0000 -1.4090
502.0000 -1.4060
503.0000 -1.4032
504.0000 -1.4005
505.0000 -1.3979
506.0000 -1.3954
507.0000 -1.3930
508.0000 -1.3907
509.0000 -1.3885
510.0000 -1.3864
511.0000 14.0664
512.0000 6.2589
513.0000 5.4128
514.0000 3.3787
515.0000 2.3945
516.0000 1.6768
517.0000 1.2935
518.0000 1.0932
519.0000 1.0177
520.0000 1.0117
521.0000 1.0427
522.0000 1.0894
523.0000 1.1398
524.0000 1.1872
525.0000 1.2286
526.0000 1.2629
527.0000 1.2903
528.0000 1.3114
529.0000 1.3270
530.0000 1.3380
531.0000 1.3452
532.0000 1.3494
533.0000 1.3513
534.0000 1.3512
535.0000 1.3498
536.0000 1.3473
537.0000 1.3439
538.0000 1.3400
539.0000 1.3356
540.0000 1.3310
541.0000 1.3261
542.0000 1.3211
543.0000 1.3160
544.0000 1.3109
545.0000 1.3057
546.0000 1.3005
547.0000 1.2954
548.0000 1.2903
549.0000 1.2851
550.0000 1.2800
551.0000 1.2749
552.0000 1.2699
553.0000 1.2648
554.0000 1.2598
555.0000 1.2548
556.0000 1.2499
557.0000 1.2449
558.0000 1.2400
559.0000 1.2352
560.0000 1.2303
561.0000 1.2255
562.0000 1.2208
563.0000 1.2160
564.0000 1.2113
565.0000 1.2067
566.0000 1.2021
567.0000 1.1975
568.0000 1.1930
569.0000 1.1886
570.0000 1.1842
571.0000 1.1798
572.0000 1.1755
573.0000 1.1713
574.0000 1.1671
575.0000 1.1629
576.0000 1.1589
577.0000 1.1548
578.0000 1.1509
579.0000 1.1470
580.0000 1.1431
581.0000 1.1393
582.0000 1.1356
583.0000 1.1319
584.0000 1.1283
585.0000 1.1247
586.0000 1.1212
587.0000 1.1178
588.0000 1.1144
589.0000 1.1110
590.0000 1.1078
591.0000 1.1045
592.0000 1.1014
593.0000 1.0983
594.0000 1.0952
595.0000 1.0922
596.0000 1.0893
597.0000 1.0864
598.0000 1.0836
599.0000 1.0808
600.0000 1.0781
601.0000 1.0754
602.0000 1.0728
603.0000 1.0702
604.0000 1.0677
605.0000 1.0652
606.0000 1.0628
607.0000 1.0604
608.0000 1.0581
609.0000 1.0558
610.0000 27.3920
611.0000 0.9574
612.0000 6.9997
613.0000 4.7019
614.0000 5.1066
615.0000 4.9285
616.0000 5.0061
617.0000 5.0475
618.0000 5.1075
619.0000 5.1579
620.0000 5.2022
621.0000 5.2393
622.0000 5.2708
623.0000 5.2983
624.0000 5.3230
625.0000 5.3459
626.0000 5.3677
627.0000 5.3888
628.0000 5.4093
629.0000 5.4294
630.0000 5.4492
631.0000 5.4686
632.0000 5.4876
633.0000 5.5061
634.0000 5.5242
635.0000 5.5418
636.0000 5.5588
637.0000 5.5754
638.0000 5.5915
639.0000 5.6070
640.0000 5.6220
641.0000 5.6365
642.0000 5.6505
643.0000 5.6640
644.0000 5.6771
645.0000 5.6897
646.0000 5.7018
647.0000 5.7135
648.0000 5.7248
649.0000 5.7357
650.0000 5.7462
651.0000 5.7563
652.0000 5.7661
653.0000 5.7754
654.0000 5.7845
655.0000 5.7932
656.0000 5.8016
657.0000 5.8096
658.0000 5.8174
659.0000 5.8249
660.0000 5.8320
661.0000 5.8389
662.0000 5.8456
663.0000 5.8520
664.0000 5.8581
665.0000 5.8640
666.0000 5.8696
667.0000 5.8750
668.0000 5.8802
669.0000 5.8852
670.0000 5.8900
671.0000 5.8946
672.0000 5.8989
673.0000 5.9031
674.0000 5.9072
675.0000 5.9110
676.0000 5.9147
677.0000 5.9182
678.0000 5.9215
679.0000 5.9248
680.0000 5.9278
681.0000 5.9307
682.0000 5.9335
683.0000 5.9362
684.0000 5.9387
685.0000 5.9411
686.0000 5.9434
687.0000 5.9456
688.0000 5.9476
689.0000 5.9496
690.0000 5.9514
691.0000 5.9532
692.0000 5.9549
693.0000 5.9564
694.0000 5.9579
695.0000 5.9593
696.0000 5.9606
697.0000 5.9619
698.0000 5.9631
699.0000 5.9642
700.0000 5.9652
701.0000 5.9661
702.0000 5.9670
703.0000 5.9679
704.0000 5.9687
705.0000 5.9694
706.0000 5.9700
707.0000 5.9707
708.0000 5.9712
709.0000 5.9717
710.0000 5.9722
711.0000 -2.7628
712.0000 10.8251
713.0000 9.4023
714.0000 8.8967
715.0000 7.0046
716.0000 5.4714
717.0000 4.2417
718.0000 3.4308
719.0000 2.9501
720.0000 2.7161
721.0000 2.6415
722.0000 2.6593
723.0000 2.7213
724.0000 2.7961
725.0000 2.8655
726.0000 2.9204
727.0000 2.9572
728.0000 2.9762
729.0000 2.9792
730.0000 2.9689
731.0000 2.9481
732.0000 2.9194
733.0000 2.8851
734.0000 2.8471
735.0000 2.8068
736.0000 2.7654
737.0000 2.7238
738.0000 2.6824
739.0000 2.6418
740.0000 2.6023
741.0000 2.5639
742.0000 2.5269
743.0000 2.4911
744.0000 2.4568
745.0000 2.4237
746.0000 2.3918
747.0000 2.3612
748.0000 2.3317
749.0000 2.3034
750.0000 2.2760
751.0000 2.2496
752.0000 2.2242
753.0000 2.1997
754.0000 2.1760
755.0000 2.1531
756.0000 2.1309
757.0000 2.1096
758.0000 2.0889
759.0000 2.0689
760.0000 2.0496
761.0000 2.0309
762.0000 2.0128
763.0000 1.9953
764.0000 1.9784
765.0000 1.9621
766.0000 1.9463
767.0000 1.9310
768.0000 1.9162
769.0000 1.9019
770.0000 1.8881
771.0000 1.8748
772.0000 1.8619
773.0000 1.8494
774.0000 1.8374
775.0000 1.8257
776.0000 1.8145
777.0000 1.8036
778.0000 1.7931
779.0000 1.7830
780.0000 1.7732
781.0000 1.7638
782.0000 1.7546
783.0000 1.7458
784.0000 1.7373
785.0000 1.7291
786.0000 1.7212
787.0000 1.7136
788.0000 1.7062
789.0000 1.6991
790.0000 1.6922
791.0000 1.6856
792.0000 1.6793
793.0000 1.6731
794.0000 1.6672
795.0000 1.6615
796.0000 1.6560
797.0000 1.6507
798.0000 1.6456
799.0000 1.6407
800.0000 1.6359
801.0000 1.6314
802.0000 1.6270
803.0000 1.6228
804.0000 1.6187
805.0000 1.6148
806.0000 1.6111
807.0000 1.6075
808.0000 1.6040
809.0000 1.6007
810.0000 1.5975
811.0000 -21.5817
812.0000 -9.8704
813.0000 -8.6013
814.0000 -5.5501
815.0000 -4.0737
816.0000 -2.9973
817.0000 -2.4222
818.0000 -2.1218
819.0000 -2.0086
820.0000 -1.9996
821.0000 -2.0460
822.0000 -2.1161
823.0000 -2.1917
824.0000 -2.2628
825.0000 -2.3249
826.0000 -2.3765
827.0000 -2.4175
828.0000 -2.4491
829.0000 -2.4725
830.0000 -2.4890
831.0000 -2.4998
832.0000 -2.5062
833.0000 -2.5090
834.0000 -2.5089
835.0000 -2.5067
836.0000 -2.5029
837.0000 -2.4979
838.0000 -2.4920
839.0000 -2.4855
840.0000 -2.4785
841.0000 -2.4712
842.0000 -2.4637
843.0000 -2.4560
844.0000 -2.4483
845.0000 -2.4406
846.0000 -2.4329
847.0000 -2.4251
848.0000 -2.4174
849.0000 -2.4097
850.0000 -2.4021
851.0000 -2.3945
852.0000 -2.3869
853.0000 -2.3793
854.0000 -2.3718
855.0000 -2.3643
856.0000 -2.3569
857.0000 -2.3495
858.0000 -2.3421
859.0000 -2.3348
860.0000 -2.3275
861.0000 -2.3203
862.0000 -2.3132
863.0000 -2.3061
864.0000 -2.2991
865.0000 -2.2921
866.0000 -2.2852
867.0000 -2.2784
868.0000 -2.2716
869.0000 -2.2649
870.0000 -2.2583
871.0000 -2.2518
872.0000 -2.2453
873.0000 -2.2390
874.0000 -2.2327
875.0000 -2.2265
876.0000 -2.2203
877.0000 -2.2143
878.0000 -2.2083
879.0000 -2.2025
880.0000 -2.1967
881.0000 -2.1910
882.0000 -2.1854
883.0000 -2.1799
884.0000 -2.1744
885.0000 -2.1691
886.0000 -2.1638
887.0000 -2.1587
888.0000 -2.1536
889.0000 -2.1486
890.0000 -2.1437
891.0000 -2.1388
892.0000 -2.1341
893.0000 -2.1294
894.0000 -2.1249
895.0000 -2.1204
896.0000 -2.1160
897.0000 -2.1116
898.0000 -2.1074
899.0000 -2.1032
900.0000 -2.0991
901.0000 -2.0951
902.0000 -2.0912
903.0000 -2.0873
904.0000 -2.0835
905.0000 -2.0798
906.0000 -2.0762
907.0000 -2.0726
908.0000 -2.0691
909.0000 -2.0657
910.0000 -2.0623
