1.0000 0.0000
2.0000 0.0000
3.0000 0.0000
4.0000 0.0000
5.0000 0.0000
6.0000 0.0000
7.0000 0.0000
8.0000 0.0000
9.0000 0.0000
10.0000 0.0000
11.0000 -0.1345
12.0000 -0.0711
13.0000 -0.0785
14.0000 -0.0753
15.0000 -0.0811
16.0000 -0.0877
17.0000 -0.0958
18.0000 -0.1040
19.0000 -0.1121
20.0000 -0.1198
21.0000 -0.1272
22.0000 -0.1341
23.0000 -0.1407
24.0000 -0.1470
25.0000 -0.1531
26.0000 -0.1590
27.0000 -0.1648
28.0000 -0.1704
29.0000 -0.1759
30.0000 -0.1813
31.0000 -0.1867
32.0000 -0.1920
33.0000 -0.1972
34.0000 -0.2023
35.0000 -0.2074
36.0000 -0.2123
37.0000 -0.2172
38.0000 -0.2221
39.0000 -0.2268
40.0000 -0.2315
41.0000 -0.2361
42.0000 -0.2406
43.0000 -0.2451
44.0000 -0.2495
45.0000 -0.2538
46.0000 -0.2580
47.0000 -0.2621
48.0000 -0.2662
49.0000 -0.2702
50.0000 -0.2741
51.0000 -0.2780
52.0000 -0.2817
53.0000 -0.2854
54.0000 -0.2891
55.0000 -0.2926
56.0000 -0.2961
57.0000 -0.2996
58.0000 -0.3029
59.0000 -0.3062
60.0000 -0.3095
61.0000 -0.3126
62.0000 -0.3157
63.0000 -0.3188
64.0000 -0.3218
65.0000 -0.3247
66.0000 -0.3275
67.0000 -0.3303
68.0000 -0.3331
69.0000 -0.3358
70.0000 -0.3384
71.0000 -0.3410
72.0000 -0.3435
73.0000 -0.3460
74.0000 -0.3484
75.0000 -0.3507
76.0000 -0.3531
77.0000 -0.3553
78.0000 -0.3575
79.0000 -0.3597
80.0000 -0.3618
81.0000 -0.3639
82.0000 -0.3659
83.0000 -0.3679
84.0000 -0.3698
85.0000 -0.3717
86.0000 -0.3736
87.0000 -0.3754
88.0000 -0.3772
89.0000 -0.3789
90.0000 -0.3806
91.0000 -0.3822
92.0000 -0.3838
93.0000 -0.3854
94.0000 -0.3870
95.0000 -0.3885
96.0000 -0.3899
97.0000 -0.3914
98.0000 -0.3928
99.0000 -0.3941
100.0000 -0.3955
101.0000 -0.3968
102.0000 -0.3980
103.0000 -0.3993
104.0000 -0.4005
105.0000 -0.4017
106.0000 -0.4028
107.0000 -0.4039
108.0000 -0.4050
109.0000 -0.4061
110.0000 -0.4072
111.0000 -1.1740
112.0000 -1.3440
113.0000 -1.3926
114.0000 -1.3198
115.0000 -1.2112
116.0000 -1.0940
117.0000 -0.9882
118.0000 -0.9006
119.0000 -0.8326
120.0000 -0.7826
121.0000 -0.7474
122.0000 -0.7238
123.0000 -0.7087
124.0000 -0.6997
125.0000 -0.6947
126.0000 -0.6922
127.0000 -0.6911
128.0000 -0.6908
129.0000 -0.6907
130.0000 -0.6904
131.0000 -0.6898
132.0000 -0.6888
133.0000 -0.6874
134.0000 -0.6856
135.0000 -0.6834
136.0000 -0.6808
137.0000 -0.6779
138.0000 -0.6748
139.0000 -0.6715
140.0000 -0.6681
141.0000 -0.6645
142.0000 -0.6609
143.0000 -0.6571
144.0000 -0.6534
145.0000 -0.6496
146.0000 -0.6458
147.0000 -0.6421
148.0000 -0.6383
149.0000 -0.6346
150.0000 -0.6308
151.0000 -0.6272
152.0000 -0.6235
153.0000 -0.6199
154.0000 -0.6163
155.0000 -0.6128
156.0000 -0.6092
157.0000 -0.6058
158.0000 -0.6023
159.0000 -0.5990
160.0000 -0.5956
161.0000 -0.5923
162.0000 -0.5890
163.0000 -0.5858
164.0000 -0.5826
165.0000 -0.5795
166.0000 -0.5763
167.0000 -0.5733
168.0000 -0.5703
169.0000 -0.5673
170.0000 -0.5643
171.0000 -0.5614
172.0000 -0.5586
173.0000 -0.5558
174.0000 -0.5530
175.0000 -0.5503
176.0000 -0.5476
177.0000 -0.5449
178.0000 -0.5423
179.0000 -0.5398
180.0000 -0.5372
181.0000 -0.5348
182.0000 -0.5323
183.0000 -0.5299
184.0000 -0.5276
185.0000 -0.5253
186.0000 -0.5230
187.0000 -0.5207
188.0000 -0.5185
189.0000 -0.5164
190.0000 -0.5143
191.0000 -0.5122
192.0000 -0.5101
193.0000 -0.5081
194.0000 -0.5061
195.0000 -0.5042
196.0000 -0.5023
197.0000 -0.5004
198.0000 -0.4986
199.0000 -0.4968
200.0000 -0.4951
201.0000 -0.4933
202.0000 -0.4916
203.0000 -0.4900
204.0000 -0.4884
205.0000 -0.4868
206.0000 -0.4852
207.0000 -0.4837
208.0000 -0.4822
209.0000 -0.4807
210.0000 1.3844
211.0000 1.2078
212.0000 1.1852
213.0000 1.0698
214.0000 0.9738
215.0000 0.8850
216.0000 0.8147
217.0000 0.7608
218.0000 0.7219
219.0000 0.6953
220.0000 0.6785
221.0000 0.6690
222.0000 0.6650
223.0000 0.6650
224.0000 0.6679
225.0000 0.6727
226.0000 0.6787
227.0000 0.6856
228.0000 0.6930
229.0000 0.7005
230.0000 0.7080
231.0000 0.7154
232.0000 0.7227
233.0000 0.7297
234.0000 0.7364
235.0000 0.7429
236.0000 0.7491
237.0000 0.7551
238.0000 0.7608
239.0000 0.7663
240.0000 0.7715
241.0000 0.7766
242.0000 0.7814
243.0000 0.7861
244.0000 0.7906
245.0000 0.7950
246.0000 0.7992
247.0000 0.8033
248.0000 0.8072
249.0000 0.8110
250.0000 0.8147
251.0000 0.8182
252.0000 0.8217
253.0000 0.8250
254.0000 0.8282
255.0000 0.8314
256.0000 0.8344
257.0000 0.8373
258.0000 0.8401
259.0000 0.8429
260.0000 0.8455
261.0000 0.8481
262.0000 0.8505
263.0000 0.8529
264.0000 0.8552
265.0000 0.8574
266.0000 0.8596
267.0000 0.8616
268.0000 0.8636
269.0000 0.8656
270.0000 0.8674
271.0000 0.8692
272.0000 0.8709
273.0000 0.8726
274.0000 0.8742
275.0000 0.8758
276.0000 0.8773
277.0000 0.8787
278.0000 0.8801
279.0000 0.8814
280.0000 0.8827
281.0000 0.8839
282.0000 0.8851
283.0000 0.8862
284.0000 0.8873
285.0000 0.8884
286.0000 0.8894
287.0000 0.8903
288.0000 0.8913
289.0000 0.8922
290.0000 0.8930
291.0000 0.8938
292.0000 0.8946
293.0000 0.8954
294.0000 0.8961
295.0000 0.8968
296.0000 0.8974
297.0000 0.8981
298.0000 0.8987
299.0000 0.8993
300.0000 0.8998
301.0000 0.9003
302.0000 0.9008
303.0000 0.9013
304.0000 0.9018
305.0000 0.9022
306.0000 0.9026
307.0000 0.9030
308.0000 0.9034
309.0000 0.9037
310.0000 0.9041
311.0000 1.1733
312.0000 1.0469
313.0000 1.0619
314.0000 1.0557
315.0000 1.0676
316.0000 1.0812
317.0000 1.0976
318.0000 1.1142
319.0000 1.1306
320.0000 1.1462
321.0000 1.1611
322.0000 1.1751
323.0000 1.1884
324.0000 1.2012
325.0000 1.2135
326.0000 1.2254
327.0000 1.2371
328.0000 1.2484
329.0000 1.2596
330.0000 1.2705
331.0000 1.2813
332.0000 1.2919
333.0000 1.3024
334.0000 1.3127
335.0000 1.3228
336.0000 1.3328
337.0000 1.3427
338.0000 1.3524
339.0000 1.3619
340.0000 1.3713
341.0000 1.3805
342.0000 1.3896
343.0000 1.3985
344.0000 1.4072
345.0000 1.4158
346.0000 1.4243
347.0000 1.4325
348.0000 1.4407
349.0000 1.4486
350.0000 1.4565
351.0000 1.4641
352.0000 1.4717
353.0000 1.4791
354.0000 1.4863
355.0000 1.4934
356.0000 1.5004
357.0000 1.5072
358.0000 1.5139
359.0000 1.5204
360.0000 1.5268
361.0000 1.5331
362.0000 1.5393
363.0000 1.5453
364.0000 1.5513
365.0000 1.5570
366.0000 1.5627
367.0000 1.5683
368.0000 1.5737
369.0000 1.5790
370.0000 1.5842
371.0000 1.5893
372.0000 1.5943
373.0000 1.5992
374.0000 1.6040
375.0000 1.6086
376.0000 1.6132
377.0000 1.6177
378.0000 1.6221
379.0000 1.6263
380.0000 1.6305
381.0000 1.6346
382.0000 1.6386
383.0000 1.6425
384.0000 1.6463
385.0000 1.6501
386.0000 1.6537
387.0000 1.6573
388.0000 1.6607
389.0000 1.6641
390.0000 1.6675
391.0000 1.6707
392.0000 1.6739
393.0000 1.6770
394.0000 1.6800
395.0000 1.6830
396.0000 1.6858
397.0000 1.6886
398.0000 1.6914
399.0000 1.6941
400.0000 1.6967
401.0000 1.6992
402.0000 1.7017
403.0000 1.7042
404.0000 1.7065
405.0000 1.7089
406.0000 1.7111
407.0000 1.7133
408.0000 1.7155
409.0000 1.7176
410.0000 1.7196
411.0000 3.2533
412.0000 3.5931
413.0000 3.6903
414.0000 3.5447
415.0000 3.3275
416.0000 3.0930
417.0000 2.8814
418.0000 2.7060
419.0000 2.5701
420.0000 2.4700
421.0000 2.3996
422.0000 2.3523
423.0000 2.3222
424.0000 2.3040
425.0000 2.2940
426.0000 2.2890
427.0000 2.2869
428.0000 2.2861
429.0000 2.2858
430.0000 2.2852
431.0000 2.2840
432.0000 2.2820
433.0000 2.2792
434.0000 2.2755
435.0000 2.2710
436.0000 2.2659
437.0000 2.2601
438.0000 2.2539
439.0000 2.2473
440.0000 2.2403
441.0000 2.2331
442.0000 2.2258
443.0000 2.2183
444.0000 2.2108
445.0000 2.2032
446.0000 2.1956
447.0000 2.1881
448.0000 2.1805
449.0000 2.1730
450.0000 2.1656
451.0000 2.1582
452.0000 2.1508
453.0000 2.1436
454.0000 2.1364
455.0000 2.1293
456.0000 2.1222
457.0000 2.1153
458.0000 2.1084
459.0000 2.1016
460.0000 2.0949
461.0000 2.0882
462.0000 2.0817
463.0000 2.0752
464.0000 2.0688
465.0000 2.0625
466.0000 2.0562
467.0000 2.0501
468.0000 2.0440
469.0000 2.0380
470.0000 2.0321
471.0000 2.0263
472.0000 2.0206
473.0000 2.0150
474.0000 2.0094
475.0000 2.0039
476.0000 1.9985
477.0000 1.9932
478.0000 1.9880
479.0000 1.9829
480.0000 1.9778
481.0000 1.9728
482.0000 1.9680
483.0000 1.9631
484.0000 1.9584
485.0000 1.9538
486.0000 1.9492
487.0000 1.9447
488.0000 1.9403
489.0000 1.9360
490.0000 1.9317
491.0000 1.9275
492.0000 1.9234
493.0000 1.9194
494.0000 1.9155
495.0000 1.9116
496.0000 1.9078
497.0000 1.9040
498.0000 1.9004
499.0000 1.8968
500.0000 1.8933
501.0000 1.8898
502.0000 1.8864
503.0000 1.8831
504.0000 1.8798
505.0000 1.8766
506.0000 1.8735
507.0000 1.8704
508.0000 1.8674
509.0000 1.8645
510.0000 -1.8657
511.0000 -1.5125
512.0000 -1.4674
513.0000 -1.2366
514.0000 -1.0445
515.0000 -0.8671
516.0000 -0.7264
517.0000 -0.6186
518.0000 -0.5409
519.0000 -0.4877
520.0000 -0.4539
521.0000 -0.4349
522.0000 -0.4270
523.0000 -0.4270
524.0000 -0.4327
525.0000 -0.4423
526.0000 -0.4545
527.0000 -0.4683
528.0000 -0.4829
529.0000 -0.4980
530.0000 -0.5130
531.0000 -0.5279
532.0000 -0.5424
533.0000 -0.5564
534.0000 -0.5699
535.0000 -0.5829
536.0000 -0.5953
537.0000 -0.6072
538.0000 -0.6186
539.0000 -0.6296
540.0000 -0.6401
541.0000 -0.6502
542.0000 -0.6599
543.0000 -0.6693
544.0000 -0.6783
545.0000 -0.6871
546.0000 -0.6955
547.0000 -0.7036
548.0000 -0.7115
549.0000 -0.7191
550.0000 -0.7265
551.0000 -0.7336
552.0000 -0.7405
553.0000 -0.7471
554.0000 -0.7536
555.0000 -0.7598
556.0000 -0.7659
557.0000 -0.7717
558.0000 -0.7774
559.0000 -0.7828
560.0000 -0.7881
561.0000 -0.7932
562.0000 -0.7982
563.0000 -0.8029
564.0000 -0.8075
565.0000 -0.8120
566.0000 -0.8163
567.0000 -0.8204
568.0000 -0.8244
569.0000 -0.8283
570.0000 -0.8320
571.0000 -0.8356
572.0000 -0.8390
573.0000 -0.8424
574.0000 -0.8456
575.0000 -0.8487
576.0000 -0.8517
577.0000 -0.8545
578.0000 -0.8573
579.0000 -0.8599
580.0000 -0.8625
581.0000 -0.8650
582.0000 -0.8673
583.0000 -0.8696
584.0000 -0.8718
585.0000 -0.8739
586.0000 -0.8759
587.0000 -0.8778
588.0000 -0.8797
589.0000 -0.8815
590.0000 -0.8832
591.0000 -0.8848
592.0000 -0.8864
593.0000 -0.8879
594.0000 -0.8894
595.0000 -0.8907
596.0000 -0.8920
597.0000 -0.8933
598.0000 -0.8945
599.0000 -0.8957
600.0000 -0.8968
601.0000 -0.8978
602.0000 -0.8988
603.0000 -0.8998
604.0000 -0.9007
605.0000 -0.9015
606.0000 -0.9024
607.0000 -0.9032
608.0000 -0.9039
609.0000 -0.9046
610.0000 -0.9053
611.0000 -1.3093
612.0000 -1.1198
613.0000 -1.1425
614.0000 -1.1334
615.0000 -1.1513
616.0000 -1.1718
617.0000 -1.1965
618.0000 -1.2215
619.0000 -1.2462
620.0000 -1.2698
621.0000 -1.2921
622.0000 -1.3132
623.0000 -1.3333
624.0000 -1.3526
625.0000 -1.3711
626.0000 -1.3890
627.0000 -1.4065
628.0000 -1.4236
629.0000 -1.4404
630.0000 -1.4568
631.0000 -1.4731
632.0000 -1.4890
633.0000 -1.5047
634.0000 -1.5202
635.0000 -1.5355
636.0000 -1.5505
637.0000 -1.5653
638.0000 -1.5799
639.0000 -1.5942
640.0000 -1.6083
641.0000 -1.6221
642.0000 -1.6357
643.0000 -1.6491
644.0000 -1.6622
645.0000 -1.6751
646.0000 -1.6877
647.0000 -1.7001
648.0000 -1.7123
649.0000 -1.7243
650.0000 -1.7360
651.0000 -1.7475
652.0000 -1.7588
653.0000 -1.7699
654.0000 -1.7807
655.0000 -1.7913
656.0000 -1.8018
657.0000 -1.8120
658.0000 -1.8220
659.0000 -1.8318
660.0000 -1.8414
661.0000 -1.8508
662.0000 -1.8600
663.0000 -1.8691
664.0000 -1.8779
665.0000 -1.8866
666.0000 -1.8951
667.0000 -1.9034
668.0000 -1.9115
669.0000 -1.9195
670.0000 -1.9272
671.0000 -1.9349
672.0000 -1.9423
673.0000 -1.9496
674.0000 -1.9567
675.0000 -1.9637
676.0000 -1.9706
677.0000 -1.9772
678.0000 -1.9838
679.0000 -1.9901
680.0000 -1.9964
681.0000 -2.0025
682.0000 -2.0085
683.0000 -2.0143
684.0000 -2.0200
685.0000 -2.0255
686.0000 -2.0310
687.0000 -2.0363
688.0000 -2.0415
689.0000 -2.0466
690.0000 -2.0515
691.0000 -2.0564
692.0000 -2.0611
693.0000 -2.0657
694.0000 -2.0702
695.0000 -2.0746
696.0000 -2.0789
697.0000 -2.0831
698.0000 -2.0872
699.0000 -2.0912
700.0000 -2.0951
701.0000 -2.0989
702.0000 -2.1026
703.0000 -2.1062
704.0000 -2.1098
705.0000 -2.1132
706.0000 -2.1166
707.0000 -2.1199
708.0000 -2.1231
709.0000 -2.1262
710.0000 -2.1292
711.0000 -4.4297
712.0000 -4.9395
713.0000 -5.0851
714.0000 -4.8668
715.0000 -4.5409
716.0000 -4.1892
717.0000 -3.8717
718.0000 -3.6087
719.0000 -3.4048
720.0000 -3.2546
721.0000 -3.1490
722.0000 -3.0780
723.0000 -3.0328
724.0000 -3.0056
725.0000 -2.9905
726.0000 -2.9829
727.0000 -2.9798
728.0000 -2.9787
729.0000 -2.9781
730.0000 -2.9772
731.0000 -2.9754
732.0000 -2.9724
733.0000 -2.9681
734.0000 -2.9626
735.0000 -2.9558
736.0000 -2.9481
737.0000 -2.9395
738.0000 -2.9301
739.0000 -2.9201
740.0000 -2.9097
741.0000 -2.8989
742.0000 -2.8879
743.0000 -2.8767
744.0000 -2.8654
745.0000 -2.8540
746.0000 -2.8426
747.0000 -2.8312
748.0000 -2.8199
749.0000 -2.8086
750.0000 -2.7975
751.0000 -2.7863
752.0000 -2.7753
753.0000 -2.7644
754.0000 -2.7536
755.0000 -2.7430
756.0000 -2.7324
757.0000 -2.7219
758.0000 -2.7116
759.0000 -2.7014
760.0000 -2.6913
761.0000 -2.6813
762.0000 -2.6715
763.0000 -2.6617
764.0000 -2.6521
765.0000 -2.6426
766.0000 -2.6333
767.0000 -2.6240
768.0000 -2.6149
769.0000 -2.6060
770.0000 -2.5971
771.0000 -2.5884
772.0000 -2.5798
773.0000 -2.5713
774.0000 -2.5630
775.0000 -2.5548
776.0000 -2.5467
777.0000 -2.5387
778.0000 -2.5309
779.0000 -2.5231
780.0000 -2.5156
781.0000 -2.5081
782.0000 -2.5008
783.0000 -2.4935
784.0000 -2.4864
785.0000 -2.4795
786.0000 -2.4726
787.0000 -2.4659
788.0000 -2.4592
789.0000 -2.4527
790.0000 -2.4464
791.0000 -2.4401
792.0000 -2.4339
793.0000 -2.4279
794.0000 -2.4219
795.0000 -2.4161
796.0000 -2.4104
797.0000 -2.4048
798.0000 -2.3993
799.0000 -2.3939
800.0000 -2.3886
801.0000 -2.3834
802.0000 -2.3783
803.0000 -2.3733
804.0000 -2.3684
805.0000 -2.3637
806.0000 -2.3590
807.0000 -2.3543
808.0000 -2.3498
809.0000 -2.3454
810.0000 3.2498
811.0000 2.7200
812.0000 2.6524
813.0000 2.3062
814.0000 2.0181
815.0000 1.7519
816.0000 1.5409
817.0000 1.3792
818.0000 1.2627
819.0000 1.1829
820.0000 1.1322
821.0000 1.1037
822.0000 1.0918
823.0000 1.0919
824.0000 1.1004
825.0000 1.1149
826.0000 1.1331
827.0000 1.1538
828.0000 1.1758
829.0000 1.1983
830.0000 1.2209
831.0000 1.2432
832.0000 1.2649
833.0000 1.2859
834.0000 1.3062
835.0000 1.3256
836.0000 1.3443
837.0000 1.3622
838.0000 1.3793
839.0000 1.3957
840.0000 1.4115
841.0000 1.4267
842.0000 1.4413
843.0000 1.4553
844.0000 1.4689
845.0000 1.4820
846.0000 1.4946
847.0000 1.5068
848.0000 1.5186
849.0000 1.5300
850.0000 1.5411
851.0000 1.5517
852.0000 1.5621
853.0000 1.5721
854.0000 1.5818
855.0000 1.5911
856.0000 1.6002
857.0000 1.6090
858.0000 1.6175
859.0000 1.6256
860.0000 1.6336
861.0000 1.6412
862.0000 1.6486
863.0000 1.6558
864.0000 1.6627
865.0000 1.6694
866.0000 1.6758
867.0000 1.6820
868.0000 1.6880
869.0000 1.6938
870.0000 1.6994
871.0000 1.7048
872.0000 1.7100
873.0000 1.7150
874.0000 1.7198
875.0000 1.7244
876.0000 1.7289
877.0000 1.7332
878.0000 1.7373
879.0000 1.7413
880.0000 1.7452
881.0000 1.7489
882.0000 1.7524
883.0000 1.7558
884.0000 1.7591
885.0000 1.7622
886.0000 1.7653
887.0000 1.7682
888.0000 1.7710
889.0000 1.7736
890.0000 1.7762
891.0000 1.7787
892.0000 1.7810
893.0000 1.7833
894.0000 1.7854
895.0000 1.7875
896.0000 1.7895
897.0000 1.7914
898.0000 1.7932
899.0000 1.7949
900.0000 1.7966
901.0000 1.7981
902.0000 1.7996
903.0000 1.8011
904.0000 1.8024
905.0000 1.8037
906.0000 1.8050
907.0000 1.8061
908.0000 1.8073
909.0000 1.8083
910.0000 1.8093
