1.0000 0.0000
2.0000 0.0000
3.0000 0.0000
4.0000 0.0000
5.0000 0.0000
6.0000 0.0000
7.0000 0.0000
8.0000 0.0000
9.0000 0.0000
10.0000 0.0000
11.0000 1.2130
12.0000 0.9389
13.0000 1.0389
14.0000 1.0153
15.0000 1.0188
16.0000 1.0118
17.0000 1.0077
18.0000 1.0037
19.0000 1.0010
20.0000 0.9990
21.0000 0.9977
22.0000 0.9970
23.0000 0.9965
24.0000 0.9962
25.0000 0.9961
26.0000 0.9960
27.0000 0.9960
28.0000 0.9960
29.0000 0.9960
30.0000 0.9960
31.0000 0.9961
32.0000 0.9961
33.0000 0.9962
34.0000 0.9962
35.0000 0.9963
36.0000 0.9964
37.0000 0.9965
38.0000 0.9966
39.0000 0.9966
40.0000 0.9967
41.0000 0.9968
42.0000 0.9969
43.0000 0.9970
44.0000 0.9971
45.0000 0.9972
46.0000 0.9973
47.0000 0.9974
48.0000 0.9975
49.0000 0.9975
50.0000 0.9976
51.0000 0.9977
52.0000 0.9978
53.0000 0.9979
54.0000 0.9979
55.0000 0.9980
56.0000 0.9981
57.0000 0.9981
58.0000 0.9982
59.0000 0.9983
60.0000 0.9983
61.0000 0.9984
62.0000 0.9985
63.0000 0.9985
64.0000 0.9986
65.0000 0.9986
66.0000 0.9987
67.0000 0.9987
68.0000 0.9988
69.0000 0.9988
70.0000 0.9989
71.0000 0.9989
72.0000 0.9990
73.0000 0.9990
74.0000 0.9990
75.0000 0.9991
76.0000 0.9991
77.0000 0.9991
78.0000 0.9992
79.0000 0.9992
80.0000 0.9992
81.0000 0.9993
82.0000 0.9993
83.0000 0.9993
84.0000 0.9994
85.0000 0.9994
86.0000 0.9994
87.0000 0.9994
88.0000 0.9995
89.0000 0.9995
90.0000 0.9995
91.0000 0.9995
92.0000 0.9996
93.0000 0.9996
94.0000 0.9996
95.0000 0.9996
96.0000 0.9996
97.0000 0.9997
98.0000 0.9997
99.0000 0.9997
100.0000 0.9997
101.0000 0.9997
102.0000 0.9997
103.0000 0.9998
104.0000 0.9998
105.0000 0.9998
106.0000 0.9998
107.0000 0.9998
108.0000 0.9998
109.0000 0.9998
110.0000 0.9998
111.0000 1.3315
112.0000 0.7462
113.0000 0.8534
114.0000 0.9033
115.0000 0.9954
116.0000 1.0545
117.0000 1.0898
118.0000 1.1018
119.0000 1.0987
120.0000 1.0869
121.0000 1.0715
122.0000 1.0559
123.0000 1.0418
124.0000 1.0302
125.0000 1.0212
126.0000 1.0147
127.0000 1.0102
128.0000 1.0074
129.0000 1.0057
130.0000 1.0049
131.0000 1.0047
132.0000 1.0048
133.0000 1.0051
134.0000 1.0054
135.0000 1.0058
136.0000 1.0062
137.0000 1.0065
138.0000 1.0067
139.0000 1.0068
140.0000 1.0069
141.0000 1.0069
142.0000 1.0069
143.0000 1.0068
144.0000 1.0067
145.0000 1.0065
146.0000 1.0064
147.0000 1.0062
148.0000 1.0060
149.0000 1.0058
150.0000 1.0056
151.0000 1.0055
152.0000 1.0053
153.0000 1.0051
154.0000 1.0049
155.0000 1.0048
156.0000 1.0046
157.0000 1.0045
158.0000 1.0043
159.0000 1.0042
160.0000 1.0040
161.0000 1.0039
162.0000 1.0038
163.0000 1.0036
164.0000 1.0035
165.0000 1.0034
166.0000 1.0033
167.0000 1.0032
168.0000 1.0031
169.0000 1.0030
170.0000 1.0029
171.0000 1.0028
172.0000 1.0027
173.0000 1.0026
174.0000 1.0025
175.0000 1.0024
176.0000 1.0023
177.0000 1.0023
178.0000 1.0022
179.0000 1.0021
180.0000 1.0020
181.0000 1.0020
182.0000 1.0019
183.0000 1.0018
184.0000 1.0018
185.0000 1.0017
186.0000 1.0017
187.0000 1.0016
188.0000 1.0015
189.0000 1.0015
190.0000 1.0014
191.0000 1.0014
192.0000 1.0013
193.0000 1.0013
194.0000 1.0012
195.0000 1.0012
196.0000 1.0012
197.0000 1.0011
198.0000 1.0011
199.0000 1.0010
200.0000 1.0010
201.0000 1.0010
202.0000 1.0009
203.0000 1.0009
204.0000 1.0009
205.0000 1.0008
206.0000 1.0008
207.0000 1.0008
208.0000 1.0007
209.0000 1.0007
210.0000 1.0007
211.0000 1.8806
212.0000 1.2515
213.0000 1.1506
214.0000 1.0032
215.0000 0.9465
216.0000 0.9168
217.0000 0.9124
218.0000 0.9194
219.0000 0.9320
220.0000 0.9459
221.0000 0.9590
222.0000 0.9702
223.0000 0.9793
224.0000 0.9864
225.0000 0.9916
226.0000 0.9953
227.0000 0.9978
228.0000 0.9995
229.0000 1.0005
230.0000 1.0010
231.0000 1.0012
232.0000 1.0012
233.0000 1.0011
234.0000 1.0008
235.0000 1.0006
236.0000 1.0003
237.0000 1.0001
238.0000 0.9998
239.0000 0.9996
240.0000 0.9994
241.0000 0.9993
242.0000 0.9991
243.0000 0.9990
244.0000 0.9989
245.0000 0.9989
246.0000 0.9988
247.0000 0.9988
248.0000 0.9987
249.0000 0.9987
250.0000 0.9987
251.0000 0.9987
252.0000 0.9987
253.0000 0.9987
254.0000 0.9987
255.0000 0.9986
256.0000 0.9987
257.0000 0.9987
258.0000 0.9987
259.0000 0.9987
260.0000 0.9987
261.0000 0.9987
262.0000 0.9987
263.0000 0.9987
264.0000 0.9987
265.0000 0.9987
266.0000 0.9987
267.0000 0.9987
268.0000 0.9987
269.0000 0.9987
270.0000 0.9988
271.0000 0.9988
272.0000 0.9988
273.0000 0.9988
274.0000 0.9988
275.0000 0.9988
276.0000 0.9988
277.0000 0.9989
278.0000 0.9989
279.0000 0.9989
280.0000 0.9989
281.0000 0.9989
282.0000 0.9989
283.0000 0.9989
284.0000 0.9990
285.0000 0.9990
286.0000 0.9990
287.0000 0.9990
288.0000 0.9990
289.0000 0.9990
290.0000 0.9991
291.0000 0.9991
292.0000 0.9991
293.0000 0.9991
294.0000 0.9991
295.0000 0.9991
296.0000 0.9991
297.0000 0.9992
298.0000 0.9992
299.0000 0.9992
300.0000 0.9992
301.0000 0.9992
302.0000 0.9992
303.0000 0.9992
304.0000 0.9993
305.0000 0.9993
306.0000 0.9993
307.0000 0.9993
308.0000 0.9993
309.0000 0.9993
310.0000 0.9993
311.0000 -1.4267
312.0000 -0.8785
313.0000 -1.0784
314.0000 -1.0312
315.0000 -1.0381
316.0000 -1.0242
317.0000 -1.0160
318.0000 -1.0080
319.0000 -1.0025
320.0000 -0.9986
321.0000 -0.9960
322.0000 -0.9944
323.0000 -0.9935
324.0000 -0.9929
325.0000 -0.9926
326.0000 -0.9925
327.0000 -0.9924
328.0000 -0.9924
329.0000 -0.9925
330.0000 -0.9925
331.0000 -0.9926
332.0000 -0.9927
333.0000 -0.9928
334.0000 -0.9929
335.0000 -0.9930
336.0000 -0.9932
337.0000 -0.9933
338.0000 -0.9935
339.0000 -0.9936
340.0000 -0.9938
341.0000 -0.9940
342.0000 -0.9942
343.0000 -0.9943
344.0000 -0.9945
345.0000 -0.9947
346.0000 -0.9949
347.0000 -0.9950
348.0000 -0.9952
349.0000 -0.9954
350.0000 -0.9955
351.0000 -0.9957
352.0000 -0.9958
353.0000 -0.9960
354.0000 -0.9961
355.0000 -0.9962
356.0000 -0.9964
357.0000 -0.9965
358.0000 -0.9966
359.0000 -0.9968
360.0000 -0.9969
361.0000 -0.9970
362.0000 -0.9971
363.0000 -0.9972
364.0000 -0.9973
365.0000 -0.9974
366.0000 -0.9975
367.0000 -0.9976
368.0000 -0.9977
369.0000 -0.9978
370.0000 -0.9979
371.0000 -0.9980
372.0000 -0.9981
373.0000 -0.9981
374.0000 -0.9982
375.0000 -0.9983
376.0000 -0.9984
377.0000 -0.9984
378.0000 -0.9985
379.0000 -0.9986
380.0000 -0.9986
381.0000 -0.9987
382.0000 -0.9987
383.0000 -0.9988
384.0000 -0.9988
385.0000 -0.9989
386.0000 -0.9990
387.0000 -0.9990
388.0000 -0.9990
389.0000 -0.9991
390.0000 -0.9991
391.0000 -0.9992
392.0000 -0.9992
393.0000 -0.9993
394.0000 -0.9993
395.0000 -0.9993
396.0000 -0.9994
397.0000 -0.9994
398.0000 -0.9994
399.0000 -0.9995
400.0000 -0.9995
401.0000 -0.9995
402.0000 -0.9995
403.0000 -0.9996
404.0000 -0.9996
405.0000 -0.9996
406.0000 -0.9997
407.0000 -0.9997
408.0000 -0.9997
409.0000 -0.9997
410.0000 -0.9997
411.0000 -1.6631
412.0000 -0.4924
413.0000 -0.7068
414.0000 -0.8066
415.0000 -0.9908
416.0000 -1.1091
417.0000 -1.1796
418.0000 -1.2036
419.0000 -1.1974
420.0000 -1.1738
421.0000 -1.1431
422.0000 -1.1118
423.0000 -1.0837
424.0000 -1.0604
425.0000 -1.0425
426.0000 -1.0294
427.0000 -1.0205
428.0000 -1.0147
429.0000 -1.0114
430.0000 -1.0098
431.0000 -1.0093
432.0000 -1.0096
433.0000 -1.0102
434.0000 -1.0109
435.0000 -1.0117
436.0000 -1.0124
437.0000 -1.0129
438.0000 -1.0134
439.0000 -1.0137
440.0000 -1.0138
441.0000 -1.0138
442.0000 -1.0137
443.0000 -1.0136
444.0000 -1.0133
445.0000 -1.0131
446.0000 -1.0127
447.0000 -1.0124
448.0000 -1.0120
449.0000 -1.0117
450.0000 -1.0113
451.0000 -1.0109
452.0000 -1.0106
453.0000 -1.0102
454.0000 -1.0099
455.0000 -1.0095
456.0000 -1.0092
457.0000 -1.0089
458.0000 -1.0086
459.0000 -1.0083
460.0000 -1.0081
461.0000 -1.0078
462.0000 -1.0075
463.0000 -1.0073
464.0000 -1.0070
465.0000 -1.0068
466.0000 -1.0066
467.0000 -1.0064
468.0000 -1.0061
469.0000 -1.0059
470.0000 -1.0057
471.0000 -1.0056
472.0000 -1.0054
473.0000 -1.0052
474.0000 -1.0050
475.0000 -1.0049
476.0000 -1.0047
477.0000 -1.0045
478.0000 -1.0044
479.0000 -1.0042
480.0000 -1.0041
481.0000 -1.0039
482.0000 -1.0038
483.0000 -1.0037
484.0000 -1.0036
485.0000 -1.0034
486.0000 -1.0033
487.0000 -1.0032
488.0000 -1.0031
489.0000 -1.0030
490.0000 -1.0029
491.0000 -1.0028
492.0000 -1.0027
493.0000 -1.0026
494.0000 -1.0025
495.0000 -1.0024
496.0000 -1.0023
497.0000 -1.0022
498.0000 -1.0022
499.0000 -1.0021
500.0000 -1.0020
501.0000 -1.0019
502.0000 -1.0019
503.0000 -1.0018
504.0000 -1.0017
505.0000 -1.0017
506.0000 -1.0016
507.0000 -1.0015
508.0000 -1.0015
509.0000 -1.0014
510.0000 -1.0014
511.0000 -2.7612
512.0000 -1.5030
513.0000 -1.3013
514.0000 -1.0065
515.0000 -0.8930
516.0000 -0.8337
517.0000 -0.8248
518.0000 -0.8387
519.0000 -0.8639
520.0000 -0.8917
521.0000 -0.9179
522.0000 -0.9405
523.0000 -0.9587
524.0000 -0.9727
525.0000 -0.9832
526.0000 -0.9906
527.0000 -0.9957
528.0000 -0.9990
529.0000 -1.0010
530.0000 -1.0020
531.0000 -1.0024
532.0000 -1.0024
533.0000 -1.0021
534.0000 -1.0017
535.0000 -1.0011
536.0000 -1.0006
537.0000 -1.0001
538.0000 -0.9996
539.0000 -0.9992
540.0000 -0.9988
541.0000 -0.9985
542.0000 -0.9983
543.0000 -0.9981
544.0000 -0.9979
545.0000 -0.9977
546.0000 -0.9976
547.0000 -0.9975
548.0000 -0.9975
549.0000 -0.9974
550.0000 -0.9974
551.0000 -0.9973
552.0000 -0.9973
553.0000 -0.9973
554.0000 -0.9973
555.0000 -0.9973
556.0000 -0.9973
557.0000 -0.9973
558.0000 -0.9973
559.0000 -0.9973
560.0000 -0.9973
561.0000 -0.9973
562.0000 -0.9974
563.0000 -0.9974
564.0000 -0.9974
565.0000 -0.9974
566.0000 -0.9974
567.0000 -0.9974
568.0000 -0.9975
569.0000 -0.9975
570.0000 -0.9975
571.0000 -0.9975
572.0000 -0.9976
573.0000 -0.9976
574.0000 -0.9976
575.0000 -0.9976
576.0000 -0.9977
577.0000 -0.9977
578.0000 -0.9977
579.0000 -0.9978
580.0000 -0.9978
581.0000 -0.9978
582.0000 -0.9979
583.0000 -0.9979
584.0000 -0.9979
585.0000 -0.9979
586.0000 -0.9980
587.0000 -0.9980
588.0000 -0.9980
589.0000 -0.9981
590.0000 -0.9981
591.0000 -0.9981
592.0000 -0.9982
593.0000 -0.9982
594.0000 -0.9982
595.0000 -0.9983
596.0000 -0.9983
597.0000 -0.9983
598.0000 -0.9983
599.0000 -0.9984
600.0000 -0.9984
601.0000 -0.9984
602.0000 -0.9985
603.0000 -0.9985
604.0000 -0.9985
605.0000 -0.9985
606.0000 -0.9986
607.0000 -0.9986
608.0000 -0.9986
609.0000 -0.9987
610.0000 -0.9987
611.0000 2.6404
612.0000 1.8180
613.0000 2.1179
614.0000 2.0471
615.0000 2.0575
616.0000 2.0366
617.0000 2.0242
618.0000 2.0123
619.0000 2.0040
620.0000 1.9981
621.0000 1.9943
622.0000 1.9919
623.0000 1.9905
624.0000 1.9896
625.0000 1.9892
626.0000 1.9890
627.0000 1.9889
628.0000 1.9889
629.0000 1.9889
630.0000 1.9890
631.0000 1.9891
632.0000 1.9892
633.0000 1.9894
634.0000 1.9895
635.0000 1.9897
636.0000 1.9899
637.0000 1.9902
638.0000 1.9904
639.0000 1.9906
640.0000 1.9909
641.0000 1.9911
642.0000 1.9914
643.0000 1.9917
644.0000 1.9919
645.0000 1.9922
646.0000 1.9924
647.0000 1.9927
648.0000 1.9929
649.0000 1.9932
650.0000 1.9934
651.0000 1.9936
652.0000 1.9939
653.0000 1.9941
654.0000 1.9943
655.0000 1.9945
656.0000 1.9947
657.0000 1.9949
658.0000 1.9951
659.0000 1.9953
660.0000 1.9954
661.0000 1.9956
662.0000 1.9958
663.0000 1.9959
664.0000 1.9961
665.0000 1.9962
666.0000 1.9964
667.0000 1.9965
668.0000 1.9967
669.0000 1.9968
670.0000 1.9969
671.0000 1.9970
672.0000 1.9972
673.0000 1.9973
674.0000 1.9974
675.0000 1.9975
676.0000 1.9976
677.0000 1.9977
678.0000 1.9978
679.0000 1.9979
680.0000 1.9980
681.0000 1.9981
682.0000 1.9982
683.0000 1.9982
684.0000 1.9983
685.0000 1.9984
686.0000 1.9985
687.0000 1.9985
688.0000 1.9986
689.0000 1.9987
690.0000 1.9987
691.0000 1.9988
692.0000 1.9989
693.0000 1.9989
694.0000 1.9990
695.0000 1.9990
696.0000 1.9991
697.0000 1.9991
698.0000 1.9992
699.0000 1.9992
700.0000 1.9993
701.0000 1.9993
702.0000 1.9994
703.0000 1.9994
704.0000 1.9994
705.0000 1.9995
706.0000 1.9995
707.0000 1.9995
708.0000 1.9996
709.0000 1.9996
710.0000 1.9996
711.0000 2.9946
712.0000 1.2386
713.0000 1.5602
714.0000 1.7099
715.0000 1.9862
716.0000 2.1637
717.0000 2.2695
718.0000 2.3054
719.0000 2.2962
720.0000 2.2608
721.0000 2.2147
722.0000 2.1677
723.0000 2.1255
724.0000 2.0907
725.0000 2.0638
726.0000 2.0442
727.0000 2.0307
728.0000 2.0221
729.0000 2.0172
730.0000 2.0147
731.0000 2.0140
732.0000 2.0143
733.0000 2.0152
734.0000 2.0164
735.0000 2.0175
736.0000 2.0186
737.0000 2.0194
738.0000 2.0201
739.0000 2.0205
740.0000 2.0207
741.0000 2.0207
742.0000 2.0206
743.0000 2.0204
744.0000 2.0200
745.0000 2.0196
746.0000 2.0191
747.0000 2.0186
748.0000 2.0181
749.0000 2.0175
750.0000 2.0170
751.0000 2.0164
752.0000 2.0159
753.0000 2.0153
754.0000 2.0148
755.0000 2.0143
756.0000 2.0138
757.0000 2.0134
758.0000 2.0129
759.0000 2.0125
760.0000 2.0121
761.0000 2.0117
762.0000 2.0113
763.0000 2.0109
764.0000 2.0106
765.0000 2.0102
766.0000 2.0099
767.0000 2.0095
768.0000 2.0092
769.0000 2.0089
770.0000 2.0086
771.0000 2.0083
772.0000 2.0081
773.0000 2.0078
774.0000 2.0075
775.0000 2.0073
776.0000 2.0070
777.0000 2.0068
778.0000 2.0066
779.0000 2.0063
780.0000 2.0061
781.0000 2.0059
782.0000 2.0057
783.0000 2.0055
784.0000 2.0053
785.0000 2.0052
786.0000 2.0050
787.0000 2.0048
788.0000 2.0046
789.0000 2.0045
790.0000 2.0043
791.0000 2.0042
792.0000 2.0040
793.0000 2.0039
794.0000 2.0037
795.0000 2.0036
796.0000 2.0035
797.0000 2.0034
798.0000 2.0032
799.0000 2.0031
800.0000 2.0030
801.0000 2.0029
802.0000 2.0028
803.0000 2.0027
804.0000 2.0026
805.0000 2.0025
806.0000 2.0024
807.0000 2.0023
808.0000 2.0022
809.0000 2.0021
810.0000 2.0020
811.0000 4.6418
812.0000 2.7545
813.0000 2.4519
814.0000 2.0097
815.0000 1.8395
816.0000 1.7505
817.0000 1.7373
818.0000 1.7581
819.0000 1.7959
820.0000 1.8376
821.0000 1.8769
822.0000 1.9107
823.0000 1.9380
824.0000 1.9591
825.0000 1.9747
826.0000 1.9859
827.0000 1.9935
828.0000 1.9985
829.0000 2.0015
830.0000 2.0030
831.0000 2.0036
832.0000 2.0036
833.0000 2.0032
834.0000 2.0025
835.0000 2.0017
836.0000 2.0009
837.0000 2.0002
838.0000 1.9995
839.0000 1.9988
840.0000 1.9983
841.0000 1.9978
842.0000 1.9974
843.0000 1.9971
844.0000 1.9968
845.0000 1.9966
846.0000 1.9964
847.0000 1.9963
848.0000 1.9962
849.0000 1.9961
850.0000 1.9961
851.0000 1.9960
852.0000 1.9960
853.0000 1.9960
854.0000 1.9960
855.0000 1.9959
856.0000 1.9959
857.0000 1.9960
858.0000 1.9960
859.0000 1.9960
860.0000 1.9960
861.0000 1.9960
862.0000 1.9960
863.0000 1.9961
864.0000 1.9961
865.0000 1.9961
866.0000 1.9961
867.0000 1.9962
868.0000 1.9962
869.0000 1.9962
870.0000 1.9963
871.0000 1.9963
872.0000 1.9963
873.0000 1.9964
874.0000 1.9964
875.0000 1.9965
876.0000 1.9965
877.0000 1.9966
878.0000 1.9966
879.0000 1.9966
880.0000 1.9967
881.0000 1.9967
882.0000 1.9968
883.0000 1.9968
884.0000 1.9969
885.0000 1.9969
886.0000 1.9970
887.0000 1.9970
888.0000 1.9971
889.0000 1.9971
890.0000 1.9972
891.0000 1.9972
892.0000 1.9972
893.0000 1.9973
894.0000 1.9973
895.0000 1.9974
896.0000 1.9974
897.0000 1.9975
898.0000 1.9975
899.0000 1.9976
900.0000 1.9976
901.0000 1.9977
902.0000 1.9977
903.0000 1.9977
904.0000 1.9978
905.0000 1.9978
906.0000 1.9979
907.0000 1.9979
908.0000 1.9979
909.0000 1.9980
910.0000 1.9980
