1.0000 0.0000
2.0000 0.0000
3.0000 0.0000
4.0000 0.0000
5.0000 0.0000
6.0000 0.0000
7.0000 0.0000
8.0000 0.0000
9.0000 0.0000
10.0000 0.0000
11.0000 0.0605
12.0000 0.0242
13.0000 0.0214
14.0000 0.0134
15.0000 0.0099
16.0000 0.0072
17.0000 0.0056
18.0000 0.0045
19.0000 0.0037
20.0000 0.0032
21.0000 0.0027
22.0000 0.0023
23.0000 0.0019
24.0000 0.0015
25.0000 0.0012
26.0000 0.0009
27.0000 0.0006
28.0000 0.0003
29.0000 0.0001
30.0000 -0.0001
31.0000 -0.0003
32.0000 -0.0005
33.0000 -0.0007
34.0000 -0.0009
35.0000 -0.0010
36.0000 -0.0012
37.0000 -0.0013
38.0000 -0.0014
39.0000 -0.0015
40.0000 -0.0016
41.0000 -0.0017
42.0000 -0.0018
43.0000 -0.0019
44.0000 -0.0019
45.0000 -0.0020
46.0000 -0.0021
47.0000 -0.0021
48.0000 -0.0022
49.0000 -0.0022
50.0000 -0.0023
51.0000 -0.0023
52.0000 -0.0023
53.0000 -0.0024
54.0000 -0.0024
55.0000 -0.0024
56.0000 -0.0024
57.0000 -0.0024
58.0000 -0.0025
59.0000 -0.0025
60.0000 -0.0025
61.0000 -0.0025
62.0000 -0.0025
63.0000 -0.0025
64.0000 -0.0025
65.0000 -0.0025
66.0000 -0.0025
67.0000 -0.0025
68.0000 -0.0025
69.0000 -0.0024
70.0000 -0.0024
71.0000 -0.0024
72.0000 -0.0024
73.0000 -0.0024
74.0000 -0.0024
75.0000 -0.0024
76.0000 -0.0023
77.0000 -0.0023
78.0000 -0.0023
79.0000 -0.0023
80.0000 -0.0023
81.0000 -0.0022
82.0000 -0.0022
83.0000 -0.0022
84.0000 -0.0022
85.0000 -0.0021
86.0000 -0.0021
87.0000 -0.0021
88.0000 -0.0021
89.0000 -0.0020
90.0000 -0.0020
91.0000 -0.0020
92.0000 -0.0020
93.0000 -0.0019
94.0000 -0.0019
95.0000 -0.0019
96.0000 -0.0019
97.0000 -0.0018
98.0000 -0.0018
99.0000 -0.0018
100.0000 -0.0018
101.0000 -0.0017
102.0000 -0.0017
103.0000 -0.0017
104.0000 -0.0016
105.0000 -0.0016
106.0000 -0.0016
107.0000 -0.0016
108.0000 -0.0015
109.0000 -0.0015
110.0000 -0.0015
111.0000 0.4847
112.0000 0.6939
113.0000 0.8406
114.0000 0.9155
115.0000 0.9563
116.0000 0.9756
117.0000 0.9844
118.0000 0.9881
119.0000 0.9897
120.0000 0.9908
121.0000 0.9917
122.0000 0.9927
123.0000 0.9937
124.0000 0.9947
125.0000 0.9955
126.0000 0.9962
127.0000 0.9967
128.0000 0.9971
129.0000 0.9973
130.0000 0.9974
131.0000 0.9974
132.0000 0.9974
133.0000 0.9974
134.0000 0.9973
135.0000 0.9973
136.0000 0.9972
137.0000 0.9972
138.0000 0.9972
139.0000 0.9972
140.0000 0.9973
141.0000 0.9973
142.0000 0.9974
143.0000 0.9975
144.0000 0.9976
145.0000 0.9977
146.0000 0.9978
147.0000 0.9979
148.0000 0.9981
149.0000 0.9982
150.0000 0.9983
151.0000 0.9985
152.0000 0.9986
153.0000 0.9987
154.0000 0.9988
155.0000 0.9990
156.0000 0.9991
157.0000 0.9992
158.0000 0.9993
159.0000 0.9994
160.0000 0.9995
161.0000 0.9996
162.0000 0.9997
163.0000 0.9998
164.0000 0.9999
165.0000 1.0000
166.0000 1.0001
167.0000 1.0002
168.0000 1.0003
169.0000 1.0003
170.0000 1.0004
171.0000 1.0005
172.0000 1.0005
173.0000 1.0006
174.0000 1.0006
175.0000 1.0007
176.0000 1.0008
177.0000 1.0008
178.0000 1.0008
179.0000 1.0009
180.0000 1.0009
181.0000 1.0010
182.0000 1.0010
183.0000 1.0010
184.0000 1.0011
185.0000 1.0011
186.0000 1.0011
187.0000 1.0011
188.0000 1.0012
189.0000 1.0012
190.0000 1.0012
191.0000 1.0012
192.0000 1.0012
193.0000 1.0012
194.0000 1.0013
195.0000 1.0013
196.0000 1.0013
197.0000 1.0013
198.0000 1.0013
199.0000 1.0013
200.0000 1.0013
201.0000 1.0013
202.0000 1.0013
203.0000 1.0013
204.0000 1.0013
205.0000 1.0013
206.0000 1.0013
207.0000 1.0013
208.0000 1.0013
209.0000 1.0013
210.0000 1.0013
211.0000 1.0355
212.0000 0.9952
213.0000 1.0036
214.0000 1.0086
215.0000 1.0168
216.0000 1.0226
217.0000 1.0264
218.0000 1.0281
219.0000 1.0283
220.0000 1.0275
221.0000 1.0262
222.0000 1.0246
223.0000 1.0230
224.0000 1.0215
225.0000 1.0201
226.0000 1.0189
227.0000 1.0179
228.0000 1.0171
229.0000 1.0163
230.0000 1.0157
231.0000 1.0152
232.0000 1.0147
233.0000 1.0143
234.0000 1.0139
235.0000 1.0136
236.0000 1.0133
237.0000 1.0130
238.0000 1.0127
239.0000 1.0124
240.0000 1.0121
241.0000 1.0119
242.0000 1.0116
243.0000 1.0113
244.0000 1.0111
245.0000 1.0108
246.0000 1.0106
247.0000 1.0103
248.0000 1.0101
249.0000 1.0098
250.0000 1.0096
251.0000 1.0093
252.0000 1.0091
253.0000 1.0089
254.0000 1.0087
255.0000 1.0084
256.0000 1.0082
257.0000 1.0080
258.0000 1.0078
259.0000 1.0076
260.0000 1.0074
261.0000 1.0072
262.0000 1.0070
263.0000 1.0069
264.0000 1.0067
265.0000 1.0065
266.0000 1.0063
267.0000 1.0062
268.0000 1.0060
269.0000 1.0058
270.0000 1.0057
271.0000 1.0055
272.0000 1.0054
273.0000 1.0052
274.0000 1.0051
275.0000 1.0050
276.0000 1.0048
277.0000 1.0047
278.0000 1.0046
279.0000 1.0044
280.0000 1.0043
281.0000 1.0042
282.0000 1.0041
283.0000 1.0040
284.0000 1.0039
285.0000 1.0037
286.0000 1.0036
287.0000 1.0035
288.0000 1.0034
289.0000 1.0033
290.0000 1.0032
291.0000 1.0031
292.0000 1.0031
293.0000 1.0030
294.0000 1.0029
295.0000 1.0028
296.0000 1.0027
297.0000 1.0026
298.0000 1.0026
299.0000 1.0025
300.0000 1.0024
301.0000 1.0023
302.0000 1.0023
303.0000 1.0022
304.0000 1.0021
305.0000 1.0021
306.0000 1.0020
307.0000 1.0019
308.0000 1.0019
309.0000 1.0018
310.0000 1.0018
311.0000 0.8807
312.0000 0.9532
313.0000 0.9587
314.0000 0.9748
315.0000 0.9817
316.0000 0.9871
317.0000 0.9902
318.0000 0.9924
319.0000 0.9938
320.0000 0.9950
321.0000 0.9959
322.0000 0.9967
323.0000 0.9974
324.0000 0.9981
325.0000 0.9987
326.0000 0.9993
327.0000 0.9998
328.0000 1.0003
329.0000 1.0008
330.0000 1.0012
331.0000 1.0016
332.0000 1.0019
333.0000 1.0022
334.0000 1.0025
335.0000 1.0028
336.0000 1.0031
337.0000 1.0033
338.0000 1.0035
339.0000 1.0037
340.0000 1.0039
341.0000 1.0040
342.0000 1.0042
343.0000 1.0043
344.0000 1.0044
345.0000 1.0046
346.0000 1.0047
347.0000 1.0048
348.0000 1.0048
349.0000 1.0049
350.0000 1.0050
351.0000 1.0050
352.0000 1.0051
353.0000 1.0051
354.0000 1.0052
355.0000 1.0052
356.0000 1.0052
357.0000 1.0052
358.0000 1.0052
359.0000 1.0052
360.0000 1.0052
361.0000 1.0052
362.0000 1.0052
363.0000 1.0052
364.0000 1.0052
365.0000 1.0052
366.0000 1.0052
367.0000 1.0051
368.0000 1.0051
369.0000 1.0051
370.0000 1.0051
371.0000 1.0050
372.0000 1.0050
373.0000 1.0049
374.0000 1.0049
375.0000 1.0049
376.0000 1.0048
377.0000 1.0048
378.0000 1.0047
379.0000 1.0047
380.0000 1.0046
381.0000 1.0046
382.0000 1.0045
383.0000 1.0045
384.0000 1.0044
385.0000 1.0044
386.0000 1.0043
387.0000 1.0043
388.0000 1.0042
389.0000 1.0042
390.0000 1.0041
391.0000 1.0040
392.0000 1.0040
393.0000 1.0039
394.0000 1.0039
395.0000 1.0038
396.0000 1.0038
397.0000 1.0037
398.0000 1.0036
399.0000 1.0036
400.0000 1.0035
401.0000 1.0035
402.0000 1.0034
403.0000 1.0034
404.0000 1.0033
405.0000 1.0033
406.0000 1.0032
407.0000 1.0032
408.0000 1.0031
409.0000 1.0030
410.0000 1.0030
411.0000 0.0306
412.0000 -0.3878
413.0000 -0.6812
414.0000 -0.8310
415.0000 -0.9126
416.0000 -0.9512
417.0000 -0.9688
418.0000 -0.9762
419.0000 -0.9795
420.0000 -0.9815
421.0000 -0.9834
422.0000 -0.9854
423.0000 -0.9874
424.0000 -0.9894
425.0000 -0.9911
426.0000 -0.9924
427.0000 -0.9935
428.0000 -0.9942
429.0000 -0.9946
430.0000 -0.9948
431.0000 -0.9949
432.0000 -0.9949
433.0000 -0.9948
434.0000 -0.9947
435.0000 -0.9946
436.0000 -0.9945
437.0000 -0.9944
438.0000 -0.9944
439.0000 -0.9945
440.0000 -0.9945
441.0000 -0.9947
442.0000 -0.9948
443.0000 -0.9950
444.0000 -0.9952
445.0000 -0.9954
446.0000 -0.9956
447.0000 -0.9959
448.0000 -0.9961
449.0000 -0.9964
450.0000 -0.9967
451.0000 -0.9969
452.0000 -0.9972
453.0000 -0.9974
454.0000 -0.9977
455.0000 -0.9979
456.0000 -0.9982
457.0000 -0.9984
458.0000 -0.9987
459.0000 -0.9989
460.0000 -0.9991
461.0000 -0.9993
462.0000 -0.9995
463.0000 -0.9997
464.0000 -0.9999
465.0000 -1.0000
466.0000 -1.0002
467.0000 -1.0004
468.0000 -1.0005
469.0000 -1.0007
470.0000 -1.0008
471.0000 -1.0010
472.0000 -1.0011
473.0000 -1.0012
474.0000 -1.0013
475.0000 -1.0014
476.0000 -1.0015
477.0000 -1.0016
478.0000 -1.0017
479.0000 -1.0018
480.0000 -1.0019
481.0000 -1.0019
482.0000 -1.0020
483.0000 -1.0021
484.0000 -1.0021
485.0000 -1.0022
486.0000 -1.0022
487.0000 -1.0023
488.0000 -1.0023
489.0000 -1.0024
490.0000 -1.0024
491.0000 -1.0024
492.0000 -1.0025
493.0000 -1.0025
494.0000 -1.0025
495.0000 -1.0025
496.0000 -1.0026
497.0000 -1.0026
498.0000 -1.0026
499.0000 -1.0026
500.0000 -1.0026
501.0000 -1.0026
502.0000 -1.0026
503.0000 -1.0026
504.0000 -1.0026
505.0000 -1.0026
506.0000 -1.0026
507.0000 -1.0026
508.0000 -1.0026
509.0000 -1.0026
510.0000 -1.0026
511.0000 -1.0710
512.0000 -0.9903
513.0000 -1.0072
514.0000 -1.0173
515.0000 -1.0337
516.0000 -1.0452
517.0000 -1.0528
518.0000 -1.0562
519.0000 -1.0566
520.0000 -1.0550
521.0000 -1.0524
522.0000 -1.0492
523.0000 -1.0460
524.0000 -1.0430
525.0000 -1.0402
526.0000 -1.0379
527.0000 -1.0358
528.0000 -1.0341
529.0000 -1.0327
530.0000 -1.0314
531.0000 -1.0304
532.0000 -1.0294
533.0000 -1.0286
534.0000 -1.0279
535.0000 -1.0272
536.0000 -1.0266
537.0000 -1.0260
538.0000 -1.0254
539.0000 -1.0248
540.0000 -1.0243
541.0000 -1.0237
542.0000 -1.0232
543.0000 -1.0227
544.0000 -1.0221
545.0000 -1.0216
546.0000 -1.0211
547.0000 -1.0206
548.0000 -1.0201
549.0000 -1.0196
550.0000 -1.0192
551.0000 -1.0187
552.0000 -1.0182
553.0000 -1.0178
554.0000 -1.0173
555.0000 -1.0169
556.0000 -1.0165
557.0000 -1.0160
558.0000 -1.0156
559.0000 -1.0152
560.0000 -1.0149
561.0000 -1.0145
562.0000 -1.0141
563.0000 -1.0137
564.0000 -1.0134
565.0000 -1.0130
566.0000 -1.0127
567.0000 -1.0123
568.0000 -1.0120
569.0000 -1.0117
570.0000 -1.0114
571.0000 -1.0111
572.0000 -1.0108
573.0000 -1.0105
574.0000 -1.0102
575.0000 -1.0099
576.0000 -1.0097
577.0000 -1.0094
578.0000 -1.0091
579.0000 -1.0089
580.0000 -1.0086
581.0000 -1.0084
582.0000 -1.0082
583.0000 -1.0079
584.0000 -1.0077
585.0000 -1.0075
586.0000 -1.0073
587.0000 -1.0071
588.0000 -1.0069
589.0000 -1.0067
590.0000 -1.0065
591.0000 -1.0063
592.0000 -1.0061
593.0000 -1.0059
594.0000 -1.0058
595.0000 -1.0056
596.0000 -1.0054
597.0000 -1.0053
598.0000 -1.0051
599.0000 -1.0050
600.0000 -1.0048
601.0000 -1.0047
602.0000 -1.0045
603.0000 -1.0044
604.0000 -1.0043
605.0000 -1.0041
606.0000 -1.0040
607.0000 -1.0039
608.0000 -1.0038
609.0000 -1.0036
610.0000 -1.0035
611.0000 -0.8219
612.0000 -0.9306
613.0000 -0.9389
614.0000 -0.9630
615.0000 -0.9734
616.0000 -0.9814
617.0000 -0.9861
618.0000 -0.9892
619.0000 -0.9914
620.0000 -0.9931
621.0000 -0.9944
622.0000 -0.9956
623.0000 -0.9967
624.0000 -0.9977
625.0000 -0.9986
626.0000 -0.9995
627.0000 -1.0003
628.0000 -1.0010
629.0000 -1.0016
630.0000 -1.0023
631.0000 -1.0028
632.0000 -1.0033
633.0000 -1.0038
634.0000 -1.0042
635.0000 -1.0046
636.0000 -1.0050
637.0000 -1.0053
638.0000 -1.0056
639.0000 -1.0059
640.0000 -1.0061
641.0000 -1.0064
642.0000 -1.0066
643.0000 -1.0068
644.0000 -1.0069
645.0000 -1.0071
646.0000 -1.0073
647.0000 -1.0074
648.0000 -1.0075
649.0000 -1.0076
650.0000 -1.0077
651.0000 -1.0078
652.0000 -1.0078
653.0000 -1.0079
654.0000 -1.0079
655.0000 -1.0080
656.0000 -1.0080
657.0000 -1.0080
658.0000 -1.0080
659.0000 -1.0080
660.0000 -1.0080
661.0000 -1.0080
662.0000 -1.0080
663.0000 -1.0080
664.0000 -1.0079
665.0000 -1.0079
666.0000 -1.0079
667.0000 -1.0078
668.0000 -1.0078
669.0000 -1.0077
670.0000 -1.0077
671.0000 -1.0076
672.0000 -1.0076
673.0000 -1.0075
674.0000 -1.0074
675.0000 -1.0074
676.0000 -1.0073
677.0000 -1.0072
678.0000 -1.0072
679.0000 -1.0071
680.0000 -1.0070
681.0000 -1.0069
682.0000 -1.0068
683.0000 -1.0068
684.0000 -1.0067
685.0000 -1.0066
686.0000 -1.0065
687.0000 -1.0064
688.0000 -1.0063
689.0000 -1.0063
690.0000 -1.0062
691.0000 -1.0061
692.0000 -1.0060
693.0000 -1.0059
694.0000 -1.0058
695.0000 -1.0057
696.0000 -1.0057
697.0000 -1.0056
698.0000 -1.0055
699.0000 -1.0054
700.0000 -1.0053
701.0000 -1.0052
702.0000 -1.0052
703.0000 -1.0051
704.0000 -1.0050
705.0000 -1.0049
706.0000 -1.0048
707.0000 -1.0047
708.0000 -1.0047
709.0000 -1.0046
710.0000 -1.0045
711.0000 0.4541
712.0000 1.0816
713.0000 1.5218
714.0000 1.7466
715.0000 1.8689
716.0000 1.9268
717.0000 1.9532
718.0000 1.9643
719.0000 1.9692
720.0000 1.9723
721.0000 1.9751
722.0000 1.9781
723.0000 1.9811
724.0000 1.9840
725.0000 1.9866
726.0000 1.9886
727.0000 1.9902
728.0000 1.9913
729.0000 1.9919
730.0000 1.9922
731.0000 1.9923
732.0000 1.9923
733.0000 1.9922
734.0000 1.9920
735.0000 1.9918
736.0000 1.9917
737.0000 1.9917
738.0000 1.9916
739.0000 1.9917
740.0000 1.9918
741.0000 1.9920
742.0000 1.9922
743.0000 1.9925
744.0000 1.9928
745.0000 1.9931
746.0000 1.9935
747.0000 1.9938
748.0000 1.9942
749.0000 1.9946
750.0000 1.9950
751.0000 1.9954
752.0000 1.9958
753.0000 1.9962
754.0000 1.9965
755.0000 1.9969
756.0000 1.9973
757.0000 1.9976
758.0000 1.9980
759.0000 1.9983
760.0000 1.9986
761.0000 1.9990
762.0000 1.9993
763.0000 1.9995
764.0000 1.9998
765.0000 2.0001
766.0000 2.0003
767.0000 2.0006
768.0000 2.0008
769.0000 2.0010
770.0000 2.0012
771.0000 2.0014
772.0000 2.0016
773.0000 2.0018
774.0000 2.0020
775.0000 2.0021
776.0000 2.0023
777.0000 2.0024
778.0000 2.0026
779.0000 2.0027
780.0000 2.0028
781.0000 2.0029
782.0000 2.0030
783.0000 2.0031
784.0000 2.0032
785.0000 2.0033
786.0000 2.0034
787.0000 2.0034
788.0000 2.0035
789.0000 2.0036
790.0000 2.0036
791.0000 2.0037
792.0000 2.0037
793.0000 2.0037
794.0000 2.0038
795.0000 2.0038
796.0000 2.0038
797.0000 2.0039
798.0000 2.0039
799.0000 2.0039
800.0000 2.0039
801.0000 2.0039
802.0000 2.0039
803.0000 2.0039
804.0000 2.0039
805.0000 2.0039
806.0000 2.0039
807.0000 2.0039
808.0000 2.0039
809.0000 2.0039
810.0000 2.0038
811.0000 2.1065
812.0000 1.9855
813.0000 2.0108
814.0000 2.0260
815.0000 2.0505
816.0000 2.0678
817.0000 2.0791
818.0000 2.0842
819.0000 2.0849
820.0000 2.0826
821.0000 2.0786
822.0000 2.0738
823.0000 2.0690
824.0000 2.0645
825.0000 2.0604
826.0000 2.0568
827.0000 2.0538
828.0000 2.0512
829.0000 2.0490
830.0000 2.0471
831.0000 2.0455
832.0000 2.0442
833.0000 2.0429
834.0000 2.0418
835.0000 2.0408
836.0000 2.0399
837.0000 2.0389
838.0000 2.0381
839.0000 2.0372
840.0000 2.0364
841.0000 2.0356
842.0000 2.0348
843.0000 2.0340
844.0000 2.0332
845.0000 2.0324
846.0000 2.0317
847.0000 2.0309
848.0000 2.0302
849.0000 2.0294
850.0000 2.0287
851.0000 2.0280
852.0000 2.0273
853.0000 2.0267
854.0000 2.0260
855.0000 2.0253
856.0000 2.0247
857.0000 2.0241
858.0000 2.0235
859.0000 2.0229
860.0000 2.0223
861.0000 2.0217
862.0000 2.0211
863.0000 2.0206
864.0000 2.0201
865.0000 2.0195
866.0000 2.0190
867.0000 2.0185
868.0000 2.0180
869.0000 2.0175
870.0000 2.0171
871.0000 2.0166
872.0000 2.0162
873.0000 2.0157
874.0000 2.0153
875.0000 2.0149
876.0000 2.0145
877.0000 2.0141
878.0000 2.0137
879.0000 2.0133
880.0000 2.0130
881.0000 2.0126
882.0000 2.0122
883.0000 2.0119
884.0000 2.0116
885.0000 2.0112
886.0000 2.0109
887.0000 2.0106
888.0000 2.0103
889.0000 2.0100
890.0000 2.0097
891.0000 2.0094
892.0000 2.0092
893.0000 2.0089
894.0000 2.0086
895.0000 2.0084
896.0000 2.0081
897.0000 2.0079
898.0000 2.0077
899.0000 2.0074
900.0000 2.0072
901.0000 2.0070
902.0000 2.0068
903.0000 2.0066
904.0000 2.0064
905.0000 2.0062
906.0000 2.0060
907.0000 2.0058
908.0000 2.0056
909.0000 2.0055
910.0000 2.0053
