-1.0000 -1.0000 -1.6604
-1.0000 -0.9000 -1.5396
-1.0000 -0.8000 -1.4189
-1.0000 -0.7000 -1.2981
-1.0000 -0.6000 -1.1773
-1.0000 -0.5000 -1.0566
-1.0000 -0.4000 -0.9358
-1.0000 -0.3000 -0.8151
-1.0000 -0.2000 -0.6943
-1.0000 -0.1000 -0.5735
-1.0000 0.0000 -0.4528
-1.0000 0.1000 -0.3320
-1.0000 0.2000 -0.2113
-1.0000 0.3000 -0.0905
-1.0000 0.4000 0.0303
-1.0000 0.5000 0.1510
-1.0000 0.6000 0.2718
-1.0000 0.7000 0.3926
-1.0000 0.8000 0.5133
-1.0000 0.9000 0.6341
-1.0000 1.0000 0.7548
-0.9000 -1.0000 -1.6151
-0.9000 -0.9000 -1.4943
-0.9000 -0.8000 -1.3736
-0.9000 -0.7000 -1.2528
-0.9000 -0.6000 -1.1321
-0.9000 -0.5000 -1.0113
-0.9000 -0.4000 -0.8905
-0.9000 -0.3000 -0.7698
-0.9000 -0.2000 -0.6490
-0.9000 -0.1000 -0.5283
-0.9000 0.0000 -0.4075
-0.9000 0.1000 -0.2867
-0.9000 0.2000 -0.1660
-0.9000 0.3000 -0.0452
-0.9000 0.4000 0.0755
-0.9000 0.5000 0.1963
-0.9000 0.6000 0.3171
-0.9000 0.7000 0.4378
-0.9000 0.8000 0.5586
-0.9000 0.9000 0.6794
-0.9000 1.0000 0.8001
-0.8000 -1.0000 -1.5698
-0.8000 -0.9000 -1.4491
-0.8000 -0.8000 -1.3283
-0.8000 -0.7000 -1.2075
-0.8000 -0.6000 -1.0868
-0.8000 -0.5000 -0.9660
-0.8000 -0.4000 -0.8453
-0.8000 -0.3000 -0.7245
-0.8000 -0.2000 -0.6037
-0.8000 -0.1000 -0.4830
-0.8000 0.0000 -0.3622
-0.8000 0.1000 -0.2415
-0.8000 0.2000 -0.1207
-0.8000 0.3000 0.0001
-0.8000 0.4000 0.1208
-0.8000 0.5000 0.2416
-0.8000 0.6000 0.3623
-0.8000 0.7000 0.4831
-0.8000 0.8000 0.6039
-0.8000 0.9000 0.7246
-0.8000 1.0000 0.8454
-0.7000 -1.0000 -1.5245
-0.7000 -0.9000 -1.4038
-0.7000 -0.8000 -1.2830
-0.7000 -0.7000 -1.1623
-0.7000 -0.6000 -1.0415
-0.7000 -0.5000 -0.9207
-0.7000 -0.4000 -0.8000
-0.7000 -0.3000 -0.6792
-0.7000 -0.2000 -0.5585
-0.7000 -0.1000 -0.4377
-0.7000 0.0000 -0.3169
-0.7000 0.1000 -0.1962
-0.7000 0.2000 -0.0754
-0.7000 0.3000 0.0453
-0.7000 0.4000 0.1661
-0.7000 0.5000 0.2869
-0.7000 0.6000 0.4076
-0.7000 0.7000 0.5284
-0.7000 0.8000 0.6491
-0.7000 0.9000 0.7699
-0.7000 1.0000 0.8907
-0.6000 -1.0000 -1.4793
-0.6000 -0.9000 -1.3585
-0.6000 -0.8000 -1.2377
-0.6000 -0.7000 -1.1170
-0.6000 -0.6000 -0.9962
-0.6000 -0.5000 -0.8755
-0.6000 -0.4000 -0.7547
-0.6000 -0.3000 -0.6339
-0.6000 -0.2000 -0.5132
-0.6000 -0.1000 -0.3924
-0.6000 0.0000 -0.2717
-0.6000 0.1000 -0.1509
-0.6000 0.2000 -0.0301
-0.6000 0.3000 0.0906
-0.6000 0.4000 0.2114
-0.6000 0.5000 0.3321
-0.6000 0.6000 0.4529
-0.6000 0.7000 0.5737
-0.6000 0.8000 0.6944
-0.6000 0.9000 0.8152
-0.6000 1.0000 0.9359
-0.5000 -1.0000 -1.4340
-0.5000 -0.9000 -1.3132
-0.5000 -0.8000 -1.1925
-0.5000 -0.7000 -1.0717
-0.5000 -0.6000 -0.9510
-0.5000 -0.5000 -0.8302
-0.5000 -0.4000 -0.7094
-0.5000 -0.3000 -0.5887
-0.5000 -0.2000 -0.4679
-0.5000 -0.1000 -0.3471
-0.5000 0.0000 -0.2264
-0.5000 0.1000 -0.1056
-0.5000 0.2000 0.0151
-0.5000 0.3000 0.1359
-0.5000 0.4000 0.2567
-0.5000 0.5000 0.3774
-0.5000 0.6000 0.4982
-0.5000 0.7000 0.6189
-0.5000 0.8000 0.7397
-0.5000 0.9000 0.8605
-0.5000 1.0000 0.9812
-0.4000 -1.0000 -1.3887
-0.4000 -0.9000 -1.2680
-0.4000 -0.8000 -1.1472
-0.4000 -0.7000 -1.0264
-0.4000 -0.6000 -0.9057
-0.4000 -0.5000 -0.7849
-0.4000 -0.4000 -0.6642
-0.4000 -0.3000 -0.5434
-0.4000 -0.2000 -0.4226
-0.4000 -0.1000 -0.3019
-0.4000 0.0000 -0.1811
-0.4000 0.1000 -0.0603
-0.4000 0.2000 0.0604
-0.4000 0.3000 0.1812
-0.4000 0.4000 0.3019
-0.4000 0.5000 0.4227
-0.4000 0.6000 0.5435
-0.4000 0.7000 0.6642
-0.4000 0.8000 0.7850
-0.4000 0.9000 0.9057
-0.4000 1.0000 1.0265
-0.3000 -1.0000 -1.3434
-0.3000 -0.9000 -1.2227
-0.3000 -0.8000 -1.1019
-0.3000 -0.7000 -0.9812
-0.3000 -0.6000 -0.8604
-0.3000 -0.5000 -0.7396
-0.3000 -0.4000 -0.6189
-0.3000 -0.3000 -0.4981
-0.3000 -0.2000 -0.3774
-0.3000 -0.1000 -0.2566
-0.3000 0.0000 -0.1358
-0.3000 0.1000 -0.0151
-0.3000 0.2000 0.1057
-0.3000 0.3000 0.2265
-0.3000 0.4000 0.3472
-0.3000 0.5000 0.4680
-0.3000 0.6000 0.5887
-0.3000 0.7000 0.7095
-0.3000 0.8000 0.8303
-0.3000 0.9000 0.9510
-0.3000 1.0000 1.0718
-0.2000 -1.0000 -1.2982
-0.2000 -0.9000 -1.1774
-0.2000 -0.8000 -1.0566
-0.2000 -0.7000 -0.9359
-0.2000 -0.6000 -0.8151
-0.2000 -0.5000 -0.6944
-0.2000 -0.4000 -0.5736
-0.2000 -0.3000 -0.4528
-0.2000 -0.2000 -0.3321
-0.2000 -0.1000 -0.2113
-0.2000 0.0000 -0.0906
-0.2000 0.1000 0.0302
-0.2000 0.2000 0.1510
-0.2000 0.3000 0.2717
-0.2000 0.4000 0.3925
-0.2000 0.5000 0.5132
-0.2000 0.6000 0.6340
-0.2000 0.7000 0.7548
-0.2000 0.8000 0.8755
-0.2000 0.9000 0.9963
-0.2000 1.0000 1.1171
-0.1000 -1.0000 -1.2529
-0.1000 -0.9000 -1.1321
-0.1000 -0.8000 -1.0114
-0.1000 -0.7000 -0.8906
-0.1000 -0.6000 -0.7698
-0.1000 -0.5000 -0.6491
-0.1000 -0.4000 -0.5283
-0.1000 -0.3000 -0.4076
-0.1000 -0.2000 -0.2868
-0.1000 -0.1000 -0.1660
-0.1000 0.0000 -0.0453
-0.1000 0.1000 0.0755
-0.1000 0.2000 0.1962
-0.1000 0.3000 0.3170
-0.1000 0.4000 0.4378
-0.1000 0.5000 0.5585
-0.1000 0.6000 0.6793
-0.1000 0.7000 0.8000
-0.1000 0.8000 0.9208
-0.1000 0.9000 1.0416
-0.1000 1.0000 1.1623
0.0000 -1.0000 -1.2076
0.0000 -0.9000 -1.0868
0.0000 -0.8000 -0.9661
0.0000 -0.7000 -0.8453
0.0000 -0.6000 -0.7246
0.0000 -0.5000 -0.6038
0.0000 -0.4000 -0.4830
0.0000 -0.3000 -0.3623
0.0000 -0.2000 -0.2415
0.0000 -0.1000 -0.1208
0.0000 0.0000 0.0000
0.0000 0.1000 0.1208
0.0000 0.2000 0.2415
0.0000 0.3000 0.3623
0.0000 0.4000 0.4830
0.0000 0.5000 0.6038
0.0000 0.6000 0.7246
0.0000 0.7000 0.8453
0.0000 0.8000 0.9661
0.0000 0.9000 1.0868
0.0000 1.0000 1.2076
0.1000 -1.0000 -1.1623
0.1000 -0.9000 -1.0416
0.1000 -0.8000 -0.9208
0.1000 -0.7000 -0.8000
0.1000 -0.6000 -0.6793
0.1000 -0.5000 -0.5585
0.1000 -0.4000 -0.4378
0.1000 -0.3000 -0.3170
0.1000 -0.2000 -0.1962
0.1000 -0.1000 -0.0755
0.1000 0.0000 0.0453
0.1000 0.1000 0.1660
0.1000 0.2000 0.2868
0.1000 0.3000 0.4076
0.1000 0.4000 0.5283
0.1000 0.5000 0.6491
0.1000 0.6000 0.7698
0.1000 0.7000 0.8906
0.1000 0.8000 1.0114
0.1000 0.9000 1.1321
0.1000 1.0000 1.2529
0.2000 -1.0000 -1.1171
0.2000 -0.9000 -0.9963
0.2000 -0.8000 -0.8755
0.2000 -0.7000 -0.7548
0.2000 -0.6000 -0.6340
0.2000 -0.5000 -0.5132
0.2000 -0.4000 -0.3925
0.2000 -0.3000 -0.2717
0.2000 -0.2000 -0.1510
0.2000 -0.1000 -0.0302
0.2000 0.0000 0.0906
0.2000 0.1000 0.2113
0.2000 0.2000 0.3321
0.2000 0.3000 0.4528
0.2000 0.4000 0.5736
0.2000 0.5000 0.6944
0.2000 0.6000 0.8151
0.2000 0.7000 0.9359
0.2000 0.8000 1.0566
0.2000 0.9000 1.1774
0.2000 1.0000 1.2982
0.3000 -1.0000 -1.0718
0.3000 -0.9000 -0.9510
0.3000 -0.8000 -0.8303
0.3000 -0.7000 -0.7095
0.3000 -0.6000 -0.5887
0.3000 -0.5000 -0.4680
0.3000 -0.4000 -0.3472
0.3000 -0.3000 -0.2265
0.3000 -0.2000 -0.1057
0.3000 -0.1000 0.0151
0.3000 0.0000 0.1358
0.3000 0.1000 0.2566
0.3000 0.2000 0.3774
0.3000 0.3000 0.4981
0.3000 0.4000 0.6189
0.3000 0.5000 0.7396
0.3000 0.6000 0.8604
0.3000 0.7000 0.9812
0.3000 0.8000 1.1019
0.3000 0.9000 1.2227
0.3000 1.0000 1.3434
0.4000 -1.0000 -1.0265
0.4000 -0.9000 -0.9057
0.4000 -0.8000 -0.7850
0.4000 -0.7000 -0.6642
0.4000 -0.6000 -0.5435
0.4000 -0.5000 -0.4227
0.4000 -0.4000 -0.3019
0.4000 -0.3000 -0.1812
0.4000 -0.2000 -0.0604
0.4000 -0.1000 0.0603
0.4000 0.0000 0.1811
0.4000 0.1000 0.3019
0.4000 0.2000 0.4226
0.4000 0.3000 0.5434
0.4000 0.4000 0.6642
0.4000 0.5000 0.7849
0.4000 0.6000 0.9057
0.4000 0.7000 1.0264
0.4000 0.8000 1.1472
0.4000 0.9000 1.2680
0.4000 1.0000 1.3887
0.5000 -1.0000 -0.9812
0.5000 -0.9000 -0.8605
0.5000 -0.8000 -0.7397
0.5000 -0.7000 -0.6189
0.5000 -0.6000 -0.4982
0.5000 -0.5000 -0.3774
0.5000 -0.4000 -0.2567
0.5000 -0.3000 -0.1359
0.5000 -0.2000 -0.0151
0.5000 -0.1000 0.1056
0.5000 0.0000 0.2264
0.5000 0.1000 0.3471
0.5000 0.2000 0.4679
0.5000 0.3000 0.5887
0.5000 0.4000 0.7094
0.5000 0.5000 0.8302
0.5000 0.6000 0.9510
0.5000 0.7000 1.0717
0.5000 0.8000 1.1925
0.5000 0.9000 1.3132
0.5000 1.0000 1.4340
0.6000 -1.0000 -0.9359
0.6000 -0.9000 -0.8152
0.6000 -0.8000 -0.6944
0.6000 -0.7000 -0.5737
0.6000 -0.6000 -0.4529
0.6000 -0.5000 -0.3321
0.6000 -0.4000 -0.2114
0.6000 -0.3000 -0.0906
0.6000 -0.2000 0.0301
0.6000 -0.1000 0.1509
0.6000 0.0000 0.2717
0.6000 0.1000 0.3924
0.6000 0.2000 0.5132
0.6000 0.3000 0.6339
0.6000 0.4000 0.7547
0.6000 0.5000 0.8755
0.6000 0.6000 0.9962
0.6000 0.7000 1.1170
0.6000 0.8000 1.2377
0.6000 0.9000 1.3585
0.6000 1.0000 1.4793
0.7000 -1.0000 -0.8907
0.7000 -0.9000 -0.7699
0.7000 -0.8000 -0.6491
0.7000 -0.7000 -0.5284
0.7000 -0.6000 -0.4076
0.7000 -0.5000 -0.2869
0.7000 -0.4000 -0.1661
0.7000 -0.3000 -0.0453
0.7000 -0.2000 0.0754
0.7000 -0.1000 0.1962
0.7000 0.0000 0.3169
0.7000 0.1000 0.4377
0.7000 0.2000 0.5585
0.7000 0.3000 0.6792
0.7000 0.4000 0.8000
0.7000 0.5000 0.9207
0.7000 0.6000 1.0415
0.7000 0.7000 1.1623
0.7000 0.8000 1.2830
0.7000 0.9000 1.4038
0.7000 1.0000 1.5245
0.8000 -1.0000 -0.8454
0.8000 -0.9000 -0.7246
0.8000 -0.8000 -0.6039
0.8000 -0.7000 -0.4831
0.8000 -0.6000 -0.3623
0.8000 -0.5000 -0.2416
0.8000 -0.4000 -0.1208
0.8000 -0.3000 -0.0001
0.8000 -0.2000 0.1207
0.8000 -0.1000 0.2415
0.8000 0.0000 0.3622
0.8000 0.1000 0.4830
0.8000 0.2000 0.6037
0.8000 0.3000 0.7245
0.8000 0.4000 0.8453
0.8000 0.5000 0.9660
0.8000 0.6000 1.0868
0.8000 0.7000 1.2075
0.8000 0.8000 1.3283
0.8000 0.9000 1.4491
0.8000 1.0000 1.5698
0.9000 -1.0000 -0.8001
0.9000 -0.9000 -0.6794
0.9000 -0.8000 -0.5586
0.9000 -0.7000 -0.4378
0.9000 -0.6000 -0.3171
0.9000 -0.5000 -0.1963
0.9000 -0.4000 -0.0755
0.9000 -0.3000 0.0452
0.9000 -0.2000 0.1660
0.9000 -0.1000 0.2867
0.9000 0.0000 0.4075
0.9000 0.1000 0.5283
0.9000 0.2000 0.6490
0.9000 0.3000 0.7698
0.9000 0.4000 0.8905
0.9000 0.5000 1.0113
0.9000 0.6000 1.1321
0.9000 0.7000 1.2528
0.9000 0.8000 1.3736
0.9000 0.9000 1.4943
0.9000 1.0000 1.6151
1.0000 -1.0000 -0.7548
1.0000 -0.9000 -0.6341
1.0000 -0.8000 -0.5133
1.0000 -0.7000 -0.3926
1.0000 -0.6000 -0.2718
1.0000 -0.5000 -0.1510
1.0000 -0.4000 -0.0303
1.0000 -0.3000 0.0905
1.0000 -0.2000 0.2113
1.0000 -0.1000 0.3320
1.0000 0.0000 0.4528
1.0000 0.1000 0.5735
1.0000 0.2000 0.6943
1.0000 0.3000 0.8151
1.0000 0.4000 0.9358
1.0000 0.5000 1.0566
1.0000 0.6000 1.1773
1.0000 0.7000 1.2981
1.0000 0.8000 1.4189
1.0000 0.9000 1.5396
1.0000 1.0000 1.6604
