1.0000 0.0000
2.0000 0.1464
3.0000 0.2734
4.0000 0.3834
5.0000 0.4787
6.0000 0.5613
7.0000 0.6329
8.0000 0.6950
9.0000 0.7487
10.0000 0.7953
11.0000 0.8356
12.0000 0.8705
13.0000 0.9008
14.0000 0.9270
15.0000 0.9496
16.0000 0.9692
17.0000 0.9862
18.0000 1.0009
19.0000 1.0136
20.0000 1.0246
21.0000 1.0340
22.0000 1.0422
23.0000 1.0493
24.0000 1.0554
25.0000 1.0607
26.0000 1.0652
27.0000 1.0691
28.0000 1.0725
29.0000 1.0754
30.0000 1.0779
31.0000 1.0800
32.0000 1.0819
33.0000 1.0835
34.0000 1.0848
35.0000 1.0860
36.0000 1.0869
37.0000 1.0878
38.0000 1.0885
39.0000 1.0891
40.0000 1.0896
41.0000 1.0900
42.0000 1.0904
43.0000 1.0907
44.0000 1.0909
45.0000 1.0911
46.0000 1.0913
47.0000 1.0914
48.0000 1.0915
49.0000 1.0916
50.0000 1.0916
51.0000 1.0917
52.0000 1.0917
53.0000 1.0917
54.0000 1.0917
55.0000 1.0917
56.0000 1.0917
57.0000 1.0917
58.0000 1.0917
59.0000 1.0917
60.0000 1.0917
61.0000 1.0916
62.0000 1.0916
63.0000 1.0916
64.0000 1.0916
65.0000 1.0915
66.0000 1.0915
67.0000 1.0915
68.0000 1.0914
69.0000 1.0914
70.0000 1.0914
71.0000 1.0913
72.0000 1.0913
73.0000 1.0913
74.0000 1.0913
75.0000 1.0912
76.0000 1.0912
77.0000 1.0912
78.0000 1.0912
79.0000 1.0911
80.0000 1.0911
81.0000 1.0911
82.0000 1.0911
83.0000 1.0910
84.0000 1.0910
85.0000 1.0910
86.0000 1.0910
87.0000 1.0910
88.0000 1.0910
89.0000 1.0909
90.0000 1.0909
91.0000 1.0909
92.0000 1.0909
93.0000 1.0909
94.0000 1.0909
95.0000 1.0909
96.0000 1.0909
97.0000 1.0908
98.0000 1.0908
99.0000 1.0908
100.0000 1.0908
101.0000 1.0908
102.0000 1.0908
103.0000 1.0908
104.0000 1.0908
105.0000 1.0908
106.0000 1.0908
107.0000 1.0908
108.0000 1.0907
109.0000 1.0907
110.0000 1.0907
111.0000 1.0907
112.0000 1.0907
113.0000 1.0907
114.0000 1.0907
115.0000 1.0907
116.0000 1.0907
117.0000 1.0907
118.0000 1.0907
119.0000 1.0907
120.0000 1.0907
121.0000 1.0907
122.0000 1.0907
123.0000 1.0907
124.0000 1.0907
125.0000 1.0907
126.0000 1.0907
127.0000 1.0907
128.0000 1.0907
129.0000 1.0907
130.0000 1.0907
131.0000 1.0907
132.0000 1.0907
133.0000 1.0906
134.0000 1.0906
135.0000 1.0906
136.0000 1.0906
137.0000 1.0906
138.0000 1.0906
139.0000 1.0906
140.0000 1.0906
141.0000 1.0906
142.0000 1.0906
143.0000 1.0906
144.0000 1.0906
145.0000 1.0906
146.0000 1.0906
147.0000 1.0906
148.0000 1.0906
149.0000 1.0906
150.0000 1.0906
151.0000 1.0906
152.0000 1.0906
153.0000 1.0906
154.0000 1.0906
155.0000 1.0906
156.0000 1.0906
157.0000 1.0906
158.0000 1.0906
159.0000 1.0906
160.0000 1.0906
161.0000 1.0906
162.0000 1.0906
163.0000 1.0906
164.0000 1.0906
165.0000 1.0906
166.0000 1.0906
167.0000 1.0906
168.0000 1.0906
169.0000 1.0906
170.0000 1.0906
171.0000 1.0906
172.0000 1.0906
173.0000 1.0906
174.0000 1.0906
175.0000 1.0906
176.0000 1.0906
177.0000 1.0906
178.0000 1.0906
179.0000 1.0906
180.0000 1.0906
181.0000 1.0906
182.0000 1.0906
183.0000 1.0906
184.0000 1.0906
185.0000 1.0906
186.0000 1.0906
187.0000 1.0906
188.0000 1.0906
189.0000 1.0906
190.0000 1.0906
191.0000 1.0906
192.0000 1.0906
193.0000 1.0906
194.0000 1.0906
195.0000 1.0906
196.0000 1.0906
197.0000 1.0906
198.0000 1.0906
199.0000 1.0906
200.0000 1.0906
201.0000 1.0906
202.0000 1.0906
203.0000 1.0906
204.0000 1.0906
205.0000 1.0906
206.0000 1.0906
207.0000 1.0906
208.0000 1.0906
209.0000 1.0906
210.0000 1.0906
211.0000 1.0906
212.0000 1.0906
213.0000 1.0906
214.0000 1.0906
215.0000 1.0906
216.0000 1.0906
217.0000 1.0906
218.0000 1.0906
219.0000 1.0906
220.0000 1.0906
221.0000 1.0906
222.0000 1.0906
223.0000 1.0906
224.0000 1.0906
225.0000 1.0906
226.0000 1.0906
227.0000 1.0906
228.0000 1.0906
229.0000 1.0906
230.0000 1.0906
231.0000 1.0906
232.0000 1.0906
233.0000 1.0906
234.0000 1.0906
235.0000 1.0906
236.0000 1.0906
237.0000 1.0906
238.0000 1.0906
239.0000 1.0906
240.0000 1.0906
241.0000 1.0906
242.0000 1.0906
243.0000 1.0906
244.0000 1.0906
245.0000 1.0906
246.0000 1.0906
247.0000 1.0906
248.0000 1.0906
249.0000 1.0906
250.0000 1.0906
251.0000 1.0906
252.0000 1.0906
253.0000 1.0906
254.0000 1.0906
255.0000 1.0906
256.0000 1.0906
257.0000 1.0906
258.0000 1.0906
259.0000 1.0906
260.0000 1.0906
261.0000 1.0906
262.0000 1.0906
263.0000 1.0906
264.0000 1.0906
265.0000 1.0906
266.0000 1.0906
267.0000 1.0906
268.0000 1.0906
269.0000 1.0906
270.0000 1.0906
271.0000 1.0906
272.0000 1.0906
273.0000 1.0906
274.0000 1.0906
275.0000 1.0906
276.0000 1.0906
277.0000 1.0906
278.0000 1.0906
279.0000 1.0906
280.0000 1.0906
281.0000 1.0906
282.0000 1.0906
283.0000 1.0906
284.0000 1.0906
285.0000 1.0906
286.0000 1.0906
287.0000 1.0906
288.0000 1.0906
289.0000 1.0906
290.0000 1.0906
291.0000 1.0906
292.0000 1.0906
293.0000 1.0906
294.0000 1.0906
295.0000 1.0906
296.0000 1.0906
297.0000 1.0906
298.0000 1.0906
299.0000 1.0906
300.0000 1.0906
301.0000 1.0906
302.0000 1.0906
303.0000 1.0906
304.0000 1.0906
305.0000 1.0906
306.0000 1.0906
307.0000 1.0906
308.0000 1.0906
309.0000 1.0906
310.0000 1.0906
311.0000 1.0906
312.0000 1.0906
313.0000 1.0906
314.0000 1.0906
315.0000 1.0906
316.0000 1.0906
317.0000 1.0906
318.0000 1.0906
319.0000 1.0906
320.0000 1.0906
321.0000 1.0906
322.0000 1.0906
323.0000 1.0906
324.0000 1.0906
325.0000 1.0906
326.0000 1.0906
327.0000 1.0906
328.0000 1.0906
329.0000 1.0906
330.0000 1.0906
331.0000 1.0906
332.0000 1.0906
333.0000 1.0906
334.0000 1.0906
335.0000 1.0906
336.0000 1.0906
337.0000 1.0906
338.0000 1.0906
339.0000 1.0906
340.0000 1.0906
341.0000 1.0906
342.0000 1.0906
343.0000 1.0906
344.0000 1.0906
345.0000 1.0906
346.0000 1.0906
347.0000 1.0906
348.0000 1.0906
349.0000 1.0906
350.0000 1.0906
351.0000 1.0906
352.0000 1.0906
353.0000 1.0906
354.0000 1.0906
355.0000 1.0906
356.0000 1.0906
357.0000 1.0906
358.0000 1.0906
359.0000 1.0906
360.0000 1.0906
361.0000 1.0906
362.0000 1.0906
363.0000 1.0906
364.0000 1.0906
365.0000 1.0906
366.0000 1.0906
367.0000 1.0906
368.0000 1.0906
369.0000 1.0906
370.0000 1.0906
371.0000 1.0906
372.0000 1.0906
373.0000 1.0906
374.0000 1.0906
375.0000 1.0906
376.0000 1.0906
377.0000 1.0906
378.0000 1.0906
379.0000 1.0906
380.0000 1.0906
381.0000 1.0906
382.0000 1.0906
383.0000 1.0906
384.0000 1.0906
385.0000 1.0906
386.0000 1.0906
387.0000 1.0906
388.0000 1.0906
389.0000 1.0906
390.0000 1.0906
391.0000 1.0906
392.0000 1.0906
393.0000 1.0906
394.0000 1.0906
395.0000 1.0906
396.0000 1.0906
397.0000 1.0906
398.0000 1.0906
399.0000 1.0906
400.0000 1.0906
401.0000 1.0906
402.0000 1.0906
403.0000 1.0906
404.0000 1.0906
405.0000 1.0906
406.0000 1.0906
407.0000 1.0906
408.0000 1.0906
409.0000 1.0906
410.0000 1.0906
411.0000 1.0906
412.0000 1.0906
413.0000 1.0906
414.0000 1.0906
415.0000 1.0906
416.0000 1.0906
417.0000 1.0906
418.0000 1.0906
419.0000 1.0906
420.0000 1.0906
421.0000 1.0906
422.0000 1.0906
423.0000 1.0906
424.0000 1.0906
425.0000 1.0906
426.0000 1.0906
427.0000 1.0906
428.0000 1.0906
429.0000 1.0906
430.0000 1.0906
431.0000 1.0906
432.0000 1.0906
433.0000 1.0906
434.0000 1.0906
435.0000 1.0906
436.0000 1.0906
437.0000 1.0906
438.0000 1.0906
439.0000 1.0906
440.0000 1.0906
441.0000 1.0906
442.0000 1.0906
443.0000 1.0906
444.0000 1.0906
445.0000 1.0906
446.0000 1.0906
447.0000 1.0906
448.0000 1.0906
449.0000 1.0906
450.0000 1.0906
451.0000 1.0906
452.0000 1.0906
453.0000 1.0906
454.0000 1.0906
455.0000 1.0906
456.0000 1.0906
457.0000 1.0906
458.0000 1.0906
459.0000 1.0906
460.0000 1.0906
461.0000 1.0906
462.0000 1.0906
463.0000 1.0906
464.0000 1.0906
465.0000 1.0906
466.0000 1.0906
467.0000 1.0906
468.0000 1.0906
469.0000 1.0906
470.0000 1.0906
471.0000 1.0906
472.0000 1.0906
473.0000 1.0906
474.0000 1.0906
475.0000 1.0906
476.0000 1.0906
477.0000 1.0906
478.0000 1.0906
479.0000 1.0906
480.0000 1.0906
481.0000 1.0906
482.0000 1.0906
483.0000 1.0906
484.0000 1.0906
485.0000 1.0906
486.0000 1.0906
487.0000 1.0906
488.0000 1.0906
489.0000 1.0906
490.0000 1.0906
491.0000 1.0906
492.0000 1.0906
493.0000 1.0906
494.0000 1.0906
495.0000 1.0906
496.0000 1.0906
497.0000 1.0906
498.0000 1.0906
499.0000 1.0906
500.0000 1.0906
501.0000 1.0906
502.0000 1.0906
503.0000 1.0906
504.0000 1.0906
505.0000 1.0906
506.0000 1.0906
507.0000 1.0906
508.0000 1.0906
509.0000 1.0906
510.0000 1.0906
511.0000 1.0906
512.0000 1.0906
513.0000 1.0906
514.0000 1.0906
515.0000 1.0906
516.0000 1.0906
517.0000 1.0906
518.0000 1.0906
519.0000 1.0906
520.0000 1.0906
521.0000 1.0906
522.0000 1.0906
523.0000 1.0906
524.0000 1.0906
525.0000 1.0906
526.0000 1.0906
527.0000 1.0906
528.0000 1.0906
529.0000 1.0906
530.0000 1.0906
531.0000 1.0906
532.0000 1.0906
533.0000 1.0906
534.0000 1.0906
535.0000 1.0906
536.0000 1.0906
537.0000 1.0906
538.0000 1.0906
539.0000 1.0906
540.0000 1.0906
541.0000 1.0906
542.0000 1.0906
543.0000 1.0906
544.0000 1.0906
545.0000 1.0906
546.0000 1.0906
547.0000 1.0906
548.0000 1.0906
549.0000 1.0906
550.0000 1.0906
551.0000 1.0906
552.0000 1.0906
553.0000 1.0906
554.0000 1.0906
555.0000 1.0906
556.0000 1.0906
557.0000 1.0906
558.0000 1.0906
559.0000 1.0906
560.0000 1.0906
561.0000 1.0906
562.0000 1.0906
563.0000 1.0906
564.0000 1.0906
565.0000 1.0906
566.0000 1.0906
567.0000 1.0906
568.0000 1.0906
569.0000 1.0906
570.0000 1.0906
571.0000 1.0906
572.0000 1.0906
573.0000 1.0906
574.0000 1.0906
575.0000 1.0906
576.0000 1.0906
577.0000 1.0906
578.0000 1.0906
579.0000 1.0906
580.0000 1.0906
581.0000 1.0906
582.0000 1.0906
583.0000 1.0906
584.0000 1.0906
585.0000 1.0906
586.0000 1.0906
587.0000 1.0906
588.0000 1.0906
589.0000 1.0906
590.0000 1.0906
591.0000 1.0906
592.0000 1.0906
593.0000 1.0906
594.0000 1.0906
595.0000 1.0906
596.0000 1.0906
597.0000 1.0906
598.0000 1.0906
599.0000 1.0906
600.0000 1.0906
601.0000 1.0906
602.0000 1.0906
603.0000 1.0906
604.0000 1.0906
605.0000 1.0906
606.0000 1.0906
607.0000 1.0906
608.0000 1.0906
609.0000 1.0906
610.0000 1.0906
611.0000 1.0906
612.0000 1.0906
613.0000 1.0906
614.0000 1.0906
615.0000 1.0906
616.0000 1.0906
617.0000 1.0906
618.0000 1.0906
619.0000 1.0906
620.0000 1.0906
621.0000 1.0906
622.0000 1.0906
623.0000 1.0906
624.0000 1.0906
625.0000 1.0906
626.0000 1.0906
627.0000 1.0906
628.0000 1.0906
629.0000 1.0906
630.0000 1.0906
631.0000 1.0906
632.0000 1.0906
633.0000 1.0906
634.0000 1.0906
635.0000 1.0906
636.0000 1.0906
637.0000 1.0906
638.0000 1.0906
639.0000 1.0906
640.0000 1.0906
641.0000 1.0906
642.0000 1.0906
643.0000 1.0906
644.0000 1.0906
645.0000 1.0906
646.0000 1.0906
647.0000 1.0906
648.0000 1.0906
649.0000 1.0906
650.0000 1.0906
651.0000 1.0906
652.0000 1.0906
653.0000 1.0906
654.0000 1.0906
655.0000 1.0906
656.0000 1.0906
657.0000 1.0906
658.0000 1.0906
659.0000 1.0906
660.0000 1.0906
661.0000 1.0906
662.0000 1.0906
663.0000 1.0906
664.0000 1.0906
665.0000 1.0906
666.0000 1.0906
667.0000 1.0906
668.0000 1.0906
669.0000 1.0906
670.0000 1.0906
671.0000 1.0906
672.0000 1.0906
673.0000 1.0906
674.0000 1.0906
675.0000 1.0906
676.0000 1.0906
677.0000 1.0906
678.0000 1.0906
679.0000 1.0906
680.0000 1.0906
681.0000 1.0906
682.0000 1.0906
683.0000 1.0906
684.0000 1.0906
685.0000 1.0906
686.0000 1.0906
687.0000 1.0906
688.0000 1.0906
689.0000 1.0906
690.0000 1.0906
691.0000 1.0906
692.0000 1.0906
693.0000 1.0906
694.0000 1.0906
695.0000 1.0906
696.0000 1.0906
697.0000 1.0906
698.0000 1.0906
699.0000 1.0906
700.0000 1.0906
701.0000 1.0906
702.0000 1.0906
703.0000 1.0906
704.0000 1.0906
705.0000 1.0906
706.0000 1.0906
707.0000 1.0906
708.0000 1.0906
709.0000 1.0906
710.0000 1.0906
711.0000 1.0906
712.0000 1.0906
713.0000 1.0906
714.0000 1.0906
715.0000 1.0906
716.0000 1.0906
717.0000 1.0906
718.0000 1.0906
719.0000 1.0906
720.0000 1.0906
721.0000 1.0906
722.0000 1.0906
723.0000 1.0906
724.0000 1.0906
725.0000 1.0906
726.0000 1.0906
727.0000 1.0906
728.0000 1.0906
729.0000 1.0906
730.0000 1.0906
731.0000 1.0906
732.0000 1.0906
733.0000 1.0906
734.0000 1.0906
735.0000 1.0906
736.0000 1.0906
737.0000 1.0906
738.0000 1.0906
739.0000 1.0906
740.0000 1.0906
741.0000 1.0906
742.0000 1.0906
743.0000 1.0906
744.0000 1.0906
745.0000 1.0906
746.0000 1.0906
747.0000 1.0906
748.0000 1.0906
749.0000 1.0906
750.0000 1.0906
751.0000 1.0906
752.0000 1.0906
753.0000 1.0906
754.0000 1.0906
755.0000 1.0906
756.0000 1.0906
757.0000 1.0906
758.0000 1.0906
759.0000 1.0906
760.0000 1.0906
761.0000 1.0906
762.0000 1.0906
763.0000 1.0906
764.0000 1.0906
765.0000 1.0906
766.0000 1.0906
767.0000 1.0906
768.0000 1.0906
769.0000 1.0906
770.0000 1.0906
771.0000 1.0906
772.0000 1.0906
773.0000 1.0906
774.0000 1.0906
775.0000 1.0906
776.0000 1.0906
777.0000 1.0906
778.0000 1.0906
779.0000 1.0906
780.0000 1.0906
781.0000 1.0906
782.0000 1.0906
783.0000 1.0906
784.0000 1.0906
785.0000 1.0906
786.0000 1.0906
787.0000 1.0906
788.0000 1.0906
789.0000 1.0906
790.0000 1.0906
791.0000 1.0906
792.0000 1.0906
793.0000 1.0906
794.0000 1.0906
795.0000 1.0906
796.0000 1.0906
797.0000 1.0906
798.0000 1.0906
799.0000 1.0906
800.0000 1.0906
801.0000 1.0906
802.0000 1.0906
803.0000 1.0906
804.0000 1.0906
805.0000 1.0906
806.0000 1.0906
807.0000 1.0906
808.0000 1.0906
809.0000 1.0906
810.0000 1.0906
811.0000 1.0906
812.0000 1.0906
813.0000 1.0906
814.0000 1.0906
815.0000 1.0906
816.0000 1.0906
817.0000 1.0906
818.0000 1.0906
819.0000 1.0906
820.0000 1.0906
821.0000 1.0906
822.0000 1.0906
823.0000 1.0906
824.0000 1.0906
825.0000 1.0906
826.0000 1.0906
827.0000 1.0906
828.0000 1.0906
829.0000 1.0906
830.0000 1.0906
831.0000 1.0906
832.0000 1.0906
833.0000 1.0906
834.0000 1.0906
835.0000 1.0906
836.0000 1.0906
837.0000 1.0906
838.0000 1.0906
839.0000 1.0906
840.0000 1.0906
841.0000 1.0906
842.0000 1.0906
843.0000 1.0906
844.0000 1.0906
845.0000 1.0906
846.0000 1.0906
847.0000 1.0906
848.0000 1.0906
849.0000 1.0906
850.0000 1.0906
851.0000 1.0906
852.0000 1.0906
853.0000 1.0906
854.0000 1.0906
855.0000 1.0906
856.0000 1.0906
857.0000 1.0906
858.0000 1.0906
859.0000 1.0906
860.0000 1.0906
861.0000 1.0906
862.0000 1.0906
863.0000 1.0906
864.0000 1.0906
865.0000 1.0906
866.0000 1.0906
867.0000 1.0906
868.0000 1.0906
869.0000 1.0906
870.0000 1.0906
871.0000 1.0906
872.0000 1.0906
873.0000 1.0906
874.0000 1.0906
875.0000 1.0906
876.0000 1.0906
877.0000 1.0906
878.0000 1.0906
879.0000 1.0906
880.0000 1.0906
881.0000 1.0906
882.0000 1.0906
883.0000 1.0906
884.0000 1.0906
885.0000 1.0906
886.0000 1.0906
887.0000 1.0906
888.0000 1.0906
889.0000 1.0906
890.0000 1.0906
891.0000 1.0906
892.0000 1.0906
893.0000 1.0906
894.0000 1.0906
895.0000 1.0906
896.0000 1.0906
897.0000 1.0906
898.0000 1.0906
899.0000 1.0906
900.0000 1.0906
901.0000 1.0906
902.0000 1.0906
903.0000 1.0906
904.0000 1.0906
905.0000 1.0906
906.0000 1.0906
907.0000 1.0906
908.0000 1.0906
909.0000 1.0906
910.0000 1.0906
911.0000 1.0906
912.0000 1.0906
913.0000 1.0906
914.0000 1.0906
915.0000 1.0906
916.0000 1.0906
917.0000 1.0906
918.0000 1.0906
919.0000 1.0906
920.0000 1.0906
921.0000 1.0906
922.0000 1.0906
923.0000 1.0906
924.0000 1.0906
925.0000 1.0906
926.0000 1.0906
927.0000 1.0906
928.0000 1.0906
929.0000 1.0906
930.0000 1.0906
931.0000 1.0906
932.0000 1.0906
933.0000 1.0906
934.0000 1.0906
935.0000 1.0906
936.0000 1.0906
937.0000 1.0906
938.0000 1.0906
939.0000 1.0906
940.0000 1.0906
941.0000 1.0906
942.0000 1.0906
943.0000 1.0906
944.0000 1.0906
945.0000 1.0906
946.0000 1.0906
947.0000 1.0906
948.0000 1.0906
949.0000 1.0906
950.0000 1.0906
951.0000 1.0906
952.0000 1.0906
953.0000 1.0906
954.0000 1.0906
955.0000 1.0906
956.0000 1.0906
957.0000 1.0906
958.0000 1.0906
959.0000 1.0906
960.0000 1.0906
961.0000 1.0906
962.0000 1.0906
963.0000 1.0906
964.0000 1.0906
965.0000 1.0906
966.0000 1.0906
967.0000 1.0906
968.0000 1.0906
969.0000 1.0906
970.0000 1.0906
971.0000 1.0906
972.0000 1.0906
973.0000 1.0906
974.0000 1.0906
975.0000 1.0906
976.0000 1.0906
977.0000 1.0906
978.0000 1.0906
979.0000 1.0906
980.0000 1.0906
981.0000 1.0906
982.0000 1.0906
983.0000 1.0906
984.0000 1.0906
985.0000 1.0906
986.0000 1.0906
987.0000 1.0906
988.0000 1.0906
989.0000 1.0906
990.0000 1.0906
