1.0000 0.0000
2.0000 0.0000
3.0000 0.0000
4.0000 0.0000
5.0000 0.0000
6.0000 0.0000
7.0000 0.0000
8.0000 0.0000
9.0000 0.0000
10.0000 0.0000
11.0000 0.0000
12.0000 0.0000
13.0000 0.0000
14.0000 0.0000
15.0000 0.0000
16.0000 0.0000
17.0000 0.0000
18.0000 0.0000
19.0000 0.0000
20.0000 0.0000
21.0000 0.0000
22.0000 0.0000
23.0000 0.0000
24.0000 0.0000
25.0000 0.0000
26.0000 0.0000
27.0000 0.0000
28.0000 0.0000
29.0000 0.0000
30.0000 0.0000
31.0000 0.0000
32.0000 0.0000
33.0000 0.0000
34.0000 0.0000
35.0000 0.0000
36.0000 0.0000
37.0000 0.0000
38.0000 0.0000
39.0000 0.0000
40.0000 0.0000
41.0000 0.0000
42.0000 0.0000
43.0000 0.0000
44.0000 0.0000
45.0000 0.0000
46.0000 0.0000
47.0000 0.0000
48.0000 0.0000
49.0000 0.0000
50.0000 0.0000
51.0000 0.0000
52.0000 0.0000
53.0000 0.0000
54.0000 0.0000
55.0000 0.0000
56.0000 0.0000
57.0000 0.0000
58.0000 0.0000
59.0000 0.0000
60.0000 0.0000
61.0000 0.0000
62.0000 0.0000
63.0000 0.0000
64.0000 0.0000
65.0000 0.0000
66.0000 0.0000
67.0000 0.0000
68.0000 0.0000
69.0000 0.0000
70.0000 0.0000
71.0000 0.0000
72.0000 0.0000
73.0000 0.0000
74.0000 0.0000
75.0000 0.0000
76.0000 0.0000
77.0000 0.0000
78.0000 0.0000
79.0000 0.0000
80.0000 0.0000
81.0000 0.0000
82.0000 0.0000
83.0000 0.0000
84.0000 0.0000
85.0000 0.0000
86.0000 0.0000
87.0000 0.0000
88.0000 0.0000
89.0000 0.0000
90.0000 0.0000
91.0000 0.0000
92.0000 0.0000
93.0000 0.0000
94.0000 0.0000
95.0000 0.0000
96.0000 0.0000
97.0000 0.0000
98.0000 0.0000
99.0000 0.0000
100.0000 0.0000
101.0000 0.0000
102.0000 0.0000
103.0000 0.0000
104.0000 0.0000
105.0000 0.0000
106.0000 0.0000
107.0000 0.0000
108.0000 0.0000
109.0000 0.0000
110.0000 0.0000
111.0000 0.0000
112.0000 0.0000
113.0000 0.0000
114.0000 0.0000
115.0000 0.0000
116.0000 0.0000
117.0000 0.0000
118.0000 0.0000
119.0000 0.0000
120.0000 0.0000
121.0000 0.0000
122.0000 0.0000
123.0000 0.0000
124.0000 0.0000
125.0000 0.0000
126.0000 0.0000
127.0000 0.0000
128.0000 0.0000
129.0000 0.0000
130.0000 0.0000
131.0000 0.0000
132.0000 0.0000
133.0000 0.0000
134.0000 0.0000
135.0000 0.0000
136.0000 0.0000
137.0000 0.0000
138.0000 0.0000
139.0000 0.0000
140.0000 0.0000
141.0000 0.0000
142.0000 0.0000
143.0000 0.0000
144.0000 0.0000
145.0000 0.0000
146.0000 0.0000
147.0000 0.0000
148.0000 0.0000
149.0000 0.0000
150.0000 0.0000
151.0000 0.0000
152.0000 0.0000
153.0000 0.0000
154.0000 0.0000
155.0000 0.0000
156.0000 0.0000
157.0000 0.0000
158.0000 0.0000
159.0000 0.0000
160.0000 0.0000
161.0000 0.0000
162.0000 0.0000
163.0000 0.0000
164.0000 0.0000
165.0000 0.0000
166.0000 0.0000
167.0000 0.0000
168.0000 0.0000
169.0000 0.0000
170.0000 0.0000
171.0000 0.0000
172.0000 0.0000
173.0000 0.0000
174.0000 0.0000
175.0000 0.0000
176.0000 0.0000
177.0000 0.0000
178.0000 0.0000
179.0000 0.0000
180.0000 0.0000
181.0000 0.0000
182.0000 0.0000
183.0000 0.0000
184.0000 0.0000
185.0000 0.0000
186.0000 0.0000
187.0000 0.0000
188.0000 0.0000
189.0000 0.0000
190.0000 0.0000
191.0000 0.0000
192.0000 0.0000
193.0000 0.0000
194.0000 0.0000
195.0000 0.0000
196.0000 0.0000
197.0000 0.0000
198.0000 0.0000
199.0000 0.0000
200.0000 0.0000
201.0000 0.0000
202.0000 0.0000
203.0000 0.0000
204.0000 0.0000
205.0000 0.0000
206.0000 0.0000
207.0000 0.0000
208.0000 0.0000
209.0000 0.0000
210.0000 0.0000
211.0000 4.9384
212.0000 -1.1850
213.0000 4.2197
214.0000 -1.6210
215.0000 3.9554
216.0000 -1.7815
217.0000 3.8582
218.0000 -1.8405
219.0000 3.8225
220.0000 -1.8623
221.0000 3.8094
222.0000 -1.8704
223.0000 3.8046
224.0000 -1.8734
225.0000 3.8029
226.0000 -1.8745
227.0000 3.8023
228.0000 -1.8750
229.0000 3.8022
230.0000 -1.8752
231.0000 3.8022
232.0000 -1.8754
233.0000 3.8022
234.0000 -1.8754
235.0000 3.8023
236.0000 -1.8755
237.0000 3.8023
238.0000 -1.8756
239.0000 3.8024
240.0000 -1.8757
241.0000 3.8025
242.0000 -1.8758
243.0000 3.8026
244.0000 -1.8758
245.0000 3.8026
246.0000 -1.8759
247.0000 3.8027
248.0000 -1.8760
249.0000 3.8028
250.0000 -1.8761
251.0000 3.8029
252.0000 -1.8761
253.0000 3.8029
254.0000 -1.8762
255.0000 3.8030
256.0000 -1.8763
257.0000 3.8031
258.0000 -1.8763
259.0000 3.8032
260.0000 -1.8764
261.0000 3.8032
262.0000 -1.8765
263.0000 3.8033
264.0000 -1.8766
265.0000 3.8034
266.0000 -1.8766
267.0000 3.8034
268.0000 -1.8767
269.0000 3.8035
270.0000 -1.8768
271.0000 3.8036
272.0000 -1.8769
273.0000 3.8037
274.0000 -1.8769
275.0000 3.8037
276.0000 -1.8770
277.0000 3.8038
278.0000 -1.8771
279.0000 3.8039
280.0000 -1.8772
281.0000 3.8040
282.0000 -1.8772
283.0000 3.8040
284.0000 -1.8773
285.0000 3.8041
286.0000 -1.8774
287.0000 3.8042
288.0000 -1.8775
289.0000 3.8043
290.0000 -1.8775
291.0000 3.8043
292.0000 -1.8776
293.0000 3.8044
294.0000 -1.8777
295.0000 3.8045
296.0000 -1.8778
297.0000 3.8046
298.0000 -1.8778
299.0000 3.8046
300.0000 -1.8779
301.0000 3.8047
302.0000 -1.8780
303.0000 3.8048
304.0000 -1.8781
305.0000 3.8049
306.0000 -1.8781
307.0000 3.8049
308.0000 -1.8782
309.0000 3.8050
310.0000 -1.8783
311.0000 3.8051
312.0000 -1.8784
313.0000 3.8052
314.0000 -1.8784
315.0000 3.8052
316.0000 -1.8785
317.0000 3.8053
318.0000 -1.8786
319.0000 3.8054
320.0000 -1.8786
321.0000 3.8055
322.0000 -1.8787
323.0000 3.8055
324.0000 -1.8788
325.0000 3.8056
326.0000 -1.8789
327.0000 3.8057
328.0000 -1.8789
329.0000 3.8057
330.0000 -1.8790
331.0000 3.8058
332.0000 -1.8791
333.0000 3.8059
334.0000 -1.8792
335.0000 3.8060
336.0000 -1.8792
337.0000 3.8060
338.0000 -1.8793
339.0000 3.8061
340.0000 -1.8794
341.0000 3.8062
342.0000 -1.8795
343.0000 3.8063
344.0000 -1.8795
345.0000 3.8063
346.0000 -1.8796
347.0000 3.8064
348.0000 -1.8797
349.0000 3.8065
350.0000 -1.8798
351.0000 3.8066
352.0000 -1.8798
353.0000 3.8066
354.0000 -1.8799
355.0000 3.8067
356.0000 -1.8800
357.0000 3.8068
358.0000 -1.8801
359.0000 3.8069
360.0000 -1.8801
361.0000 3.8069
362.0000 -1.8802
363.0000 3.8070
364.0000 -1.8803
365.0000 3.8071
366.0000 -1.8804
367.0000 3.8072
368.0000 -1.8804
369.0000 3.8072
370.0000 -1.8805
371.0000 3.8073
372.0000 -1.8806
373.0000 3.8074
374.0000 -1.8807
375.0000 3.8075
376.0000 -1.8807
377.0000 3.8075
378.0000 -1.8808
379.0000 3.8076
380.0000 -1.8809
381.0000 3.8077
382.0000 -1.8810
383.0000 3.8078
384.0000 -1.8810
385.0000 3.8078
386.0000 -1.8811
387.0000 3.8079
388.0000 -1.8812
389.0000 3.8080
390.0000 -1.8812
391.0000 3.8081
392.0000 -1.8813
393.0000 3.8081
394.0000 -1.8814
395.0000 3.8082
396.0000 -1.8815
397.0000 3.8083
398.0000 -1.8815
399.0000 3.8083
400.0000 -1.8816
401.0000 3.8084
402.0000 -1.8817
403.0000 3.8085
404.0000 -1.8818
405.0000 3.8086
406.0000 -1.8818
407.0000 3.8086
408.0000 -1.8819
409.0000 3.8087
410.0000 -1.8820
411.0000 3.8088
412.0000 -1.8821
413.0000 3.8089
414.0000 -1.8821
415.0000 3.8089
416.0000 -1.8822
417.0000 3.8090
418.0000 -1.8823
419.0000 3.8091
420.0000 -1.8824
421.0000 3.8092
422.0000 -1.8824
423.0000 3.8092
424.0000 -1.8825
425.0000 3.8093
426.0000 -1.8826
427.0000 3.8094
428.0000 -1.8827
429.0000 3.8095
430.0000 -1.8827
431.0000 3.8095
432.0000 -1.8828
433.0000 3.8096
434.0000 -1.8829
435.0000 3.8097
436.0000 -1.8830
437.0000 3.8098
438.0000 -1.8830
439.0000 3.8098
440.0000 -1.8831
441.0000 3.8099
442.0000 -1.8832
443.0000 3.8100
444.0000 -1.8833
445.0000 3.8101
446.0000 -1.8833
447.0000 3.8101
448.0000 -1.8834
449.0000 3.8102
450.0000 -1.8835
451.0000 3.8103
452.0000 -1.8836
453.0000 3.8104
454.0000 -1.8836
455.0000 3.8104
456.0000 -1.8837
457.0000 3.8105
458.0000 -1.8838
459.0000 3.8106
460.0000 -1.8839
461.0000 3.8107
462.0000 -1.8839
463.0000 3.8107
464.0000 -1.8840
465.0000 3.8108
466.0000 -1.8841
467.0000 3.8109
468.0000 -1.8841
469.0000 3.8110
470.0000 -1.8842
471.0000 3.8110
472.0000 -1.8843
473.0000 3.8111
474.0000 -1.8844
475.0000 3.8112
476.0000 -1.8844
477.0000 3.8112
478.0000 -1.8845
479.0000 3.8113
480.0000 -1.8846
481.0000 3.8114
482.0000 -1.8847
483.0000 3.8115
484.0000 -1.8847
485.0000 3.8115
486.0000 -1.8848
487.0000 3.8116
488.0000 -1.8849
489.0000 3.8117
490.0000 -1.8850
491.0000 3.8118
492.0000 -1.8850
493.0000 3.8118
494.0000 -1.8851
495.0000 3.8119
496.0000 -1.8852
497.0000 3.8120
498.0000 -1.8853
499.0000 3.8121
500.0000 -1.8853
501.0000 3.8121
502.0000 -1.8854
503.0000 3.8122
504.0000 -1.8855
505.0000 3.8123
506.0000 -1.8856
507.0000 3.8124
508.0000 -1.8856
509.0000 3.8124
510.0000 -1.8857
511.0000 -6.0642
512.0000 0.4843
513.0000 -4.6268
514.0000 1.3562
515.0000 -4.0981
516.0000 1.6770
517.0000 -3.9037
518.0000 1.7951
519.0000 -3.8322
520.0000 1.8385
521.0000 -3.8059
522.0000 1.8546
523.0000 -3.7963
524.0000 1.8605
525.0000 -3.7928
526.0000 1.8628
527.0000 -3.7916
528.0000 1.8636
529.0000 -3.7912
530.0000 1.8640
531.0000 -3.7911
532.0000 1.8642
533.0000 -3.7911
534.0000 1.8643
535.0000 -3.7911
536.0000 1.8644
537.0000 -3.7912
538.0000 1.8645
539.0000 -3.7913
540.0000 1.8645
541.0000 -3.7913
542.0000 1.8646
543.0000 -3.7914
544.0000 1.8647
545.0000 -3.7915
546.0000 1.8648
547.0000 -3.7916
548.0000 1.8648
549.0000 -3.7916
550.0000 1.8649
551.0000 -3.7917
552.0000 1.8650
553.0000 -3.7918
554.0000 1.8651
555.0000 -3.7919
556.0000 1.8651
557.0000 -3.7919
558.0000 1.8652
559.0000 -3.7920
560.0000 1.8653
561.0000 -3.7921
562.0000 1.8653
563.0000 -3.7922
564.0000 1.8654
565.0000 -3.7922
566.0000 1.8655
567.0000 -3.7923
568.0000 1.8656
569.0000 -3.7924
570.0000 1.8656
571.0000 -3.7924
572.0000 1.8657
573.0000 -3.7925
574.0000 1.8658
575.0000 -3.7926
576.0000 1.8659
577.0000 -3.7927
578.0000 1.8659
579.0000 -3.7927
580.0000 1.8660
581.0000 -3.7928
582.0000 1.8661
583.0000 -3.7929
584.0000 1.8662
585.0000 -3.7930
586.0000 1.8662
587.0000 -3.7930
588.0000 1.8663
589.0000 -3.7931
590.0000 1.8664
591.0000 -3.7932
592.0000 1.8665
593.0000 -3.7933
594.0000 1.8665
595.0000 -3.7933
596.0000 1.8666
597.0000 -3.7934
598.0000 1.8667
599.0000 -3.7935
600.0000 1.8668
601.0000 -3.7936
602.0000 1.8668
603.0000 -3.7936
604.0000 1.8669
605.0000 -3.7937
606.0000 1.8670
607.0000 -3.7938
608.0000 1.8670
609.0000 -3.7939
610.0000 1.8671
611.0000 -3.7939
612.0000 1.8672
613.0000 -3.7940
614.0000 1.8673
615.0000 -3.7941
616.0000 1.8673
617.0000 -3.7941
618.0000 1.8674
619.0000 -3.7942
620.0000 1.8675
621.0000 -3.7943
622.0000 1.8676
623.0000 -3.7944
624.0000 1.8676
625.0000 -3.7944
626.0000 1.8677
627.0000 -3.7945
628.0000 1.8678
629.0000 -3.7946
630.0000 1.8679
631.0000 -3.7947
632.0000 1.8679
633.0000 -3.7947
634.0000 1.8680
635.0000 -3.7948
636.0000 1.8681
637.0000 -3.7949
638.0000 1.8682
639.0000 -3.7950
640.0000 1.8682
641.0000 -3.7950
642.0000 1.8683
643.0000 -3.7951
644.0000 1.8684
645.0000 -3.7952
646.0000 1.8685
647.0000 -3.7953
648.0000 1.8685
649.0000 -3.7953
650.0000 1.8686
651.0000 -3.7954
652.0000 1.8687
653.0000 -3.7955
654.0000 1.8687
655.0000 -3.7956
656.0000 1.8688
657.0000 -3.7956
658.0000 1.8689
659.0000 -3.7957
660.0000 1.8690
661.0000 -3.7958
662.0000 1.8690
663.0000 -3.7958
664.0000 1.8691
665.0000 -3.7959
666.0000 1.8692
667.0000 -3.7960
668.0000 1.8693
669.0000 -3.7961
670.0000 1.8693
671.0000 -3.7961
672.0000 1.8694
673.0000 -3.7962
674.0000 1.8695
675.0000 -3.7963
676.0000 1.8696
677.0000 -3.7964
678.0000 1.8696
679.0000 -3.7964
680.0000 1.8697
681.0000 -3.7965
682.0000 1.8698
683.0000 -3.7966
684.0000 1.8699
685.0000 -3.7967
686.0000 1.8699
687.0000 -3.7967
688.0000 1.8700
689.0000 -3.7968
690.0000 1.8701
691.0000 -3.7969
692.0000 1.8702
693.0000 -3.7970
694.0000 1.8702
695.0000 -3.7970
696.0000 1.8703
697.0000 -3.7971
698.0000 1.8704
699.0000 -3.7972
700.0000 1.8705
701.0000 -3.7973
702.0000 1.8705
703.0000 -3.7973
704.0000 1.8706
705.0000 -3.7974
706.0000 1.8707
707.0000 -3.7975
708.0000 1.8707
709.0000 -3.7975
710.0000 1.8708
711.0000 -3.7976
712.0000 1.8709
713.0000 -3.7977
714.0000 1.8710
715.0000 -3.7978
716.0000 1.8710
717.0000 -3.7978
718.0000 1.8711
719.0000 -3.7979
720.0000 1.8712
721.0000 -3.7980
722.0000 1.8713
723.0000 -3.7981
724.0000 1.8713
725.0000 -3.7981
726.0000 1.8714
727.0000 -3.7982
728.0000 1.8715
729.0000 -3.7983
730.0000 1.8716
731.0000 -3.7984
732.0000 1.8716
733.0000 -3.7984
734.0000 1.8717
735.0000 -3.7985
736.0000 1.8718
737.0000 -3.7986
738.0000 1.8719
739.0000 -3.7987
740.0000 1.8719
741.0000 -3.7987
742.0000 1.8720
743.0000 -3.7988
744.0000 1.8721
745.0000 -3.7989
746.0000 1.8722
747.0000 -3.7990
748.0000 1.8722
749.0000 -3.7990
750.0000 1.8723
751.0000 -3.7991
752.0000 1.8724
753.0000 -3.7992
754.0000 1.8725
755.0000 -3.7993
756.0000 1.8725
757.0000 -3.7993
758.0000 1.8726
759.0000 -3.7994
760.0000 1.8727
761.0000 -3.7995
762.0000 1.8727
763.0000 -3.7995
764.0000 1.8728
765.0000 -3.7996
766.0000 1.8729
767.0000 -3.7997
768.0000 1.8730
769.0000 -3.7998
770.0000 1.8730
771.0000 -3.7998
772.0000 1.8731
773.0000 -3.7999
774.0000 1.8732
775.0000 -3.8000
776.0000 1.8733
777.0000 -3.8001
778.0000 1.8733
779.0000 -3.8001
780.0000 1.8734
781.0000 -3.8002
782.0000 1.8735
783.0000 -3.8003
784.0000 1.8736
785.0000 -3.8004
786.0000 1.8736
787.0000 -3.8004
788.0000 1.8737
789.0000 -3.8005
790.0000 1.8738
791.0000 -3.8006
792.0000 1.8739
793.0000 -3.8007
794.0000 1.8739
795.0000 -3.8007
796.0000 1.8740
797.0000 -3.8008
798.0000 1.8741
799.0000 -3.8009
800.0000 1.8742
801.0000 -3.8010
802.0000 1.8742
803.0000 -3.8010
804.0000 1.8743
805.0000 -3.8011
806.0000 1.8744
807.0000 -3.8012
808.0000 1.8745
809.0000 -3.8013
810.0000 1.8745
811.0000 11.0137
812.0000 -1.6805
813.0000 8.8578
814.0000 -2.9884
815.0000 8.0647
816.0000 -3.4696
817.0000 7.7731
818.0000 -3.6468
819.0000 7.6659
820.0000 -3.7120
821.0000 7.6265
822.0000 -3.7361
823.0000 7.6121
824.0000 -3.7451
825.0000 7.6069
826.0000 -3.7485
827.0000 7.6051
828.0000 -3.7498
829.0000 7.6045
830.0000 -3.7504
831.0000 7.6044
832.0000 -3.7507
833.0000 7.6045
834.0000 -3.7509
835.0000 7.6046
836.0000 -3.7511
837.0000 7.6047
838.0000 -3.7513
839.0000 7.6049
840.0000 -3.7514
841.0000 7.6050
842.0000 -3.7516
843.0000 7.6052
844.0000 -3.7517
845.0000 7.6053
846.0000 -3.7519
847.0000 7.6055
848.0000 -3.7520
849.0000 7.6056
850.0000 -3.7521
851.0000 7.6058
852.0000 -3.7523
853.0000 7.6059
854.0000 -3.7524
855.0000 7.6060
856.0000 -3.7526
857.0000 7.6062
858.0000 -3.7527
859.0000 7.6063
860.0000 -3.7529
861.0000 7.6065
862.0000 -3.7530
863.0000 7.6066
864.0000 -3.7532
865.0000 7.6068
866.0000 -3.7533
867.0000 7.6069
868.0000 -3.7535
869.0000 7.6071
870.0000 -3.7536
871.0000 7.6072
872.0000 -3.7538
873.0000 7.6074
874.0000 -3.7539
875.0000 7.6075
876.0000 -3.7541
877.0000 7.6077
878.0000 -3.7542
879.0000 7.6078
880.0000 -3.7544
881.0000 7.6080
882.0000 -3.7545
883.0000 7.6081
884.0000 -3.7547
885.0000 7.6083
886.0000 -3.7548
887.0000 7.6084
888.0000 -3.7550
889.0000 7.6086
890.0000 -3.7551
891.0000 7.6087
892.0000 -3.7553
893.0000 7.6089
894.0000 -3.7554
895.0000 7.6090
896.0000 -3.7556
897.0000 7.6092
898.0000 -3.7557
899.0000 7.6093
900.0000 -3.7559
901.0000 7.6095
902.0000 -3.7560
903.0000 7.6096
904.0000 -3.7562
905.0000 7.6098
906.0000 -3.7563
907.0000 7.6099
908.0000 -3.7565
909.0000 7.6101
910.0000 -3.7566
