1.0000 0.0000
2.0000 0.0000
3.0000 0.0000
4.0000 0.0000
5.0000 0.0000
6.0000 0.0000
7.0000 0.0000
8.0000 0.0000
9.0000 0.0000
10.0000 0.0000
11.0000 0.0000
12.0000 0.0000
13.0000 0.0000
14.0000 0.0000
15.0000 0.0678
16.0000 0.2802
17.0000 0.6236
18.0000 1.0512
19.0000 1.5148
20.0000 1.9684
21.0000 2.3709
22.0000 2.6891
23.0000 2.9043
24.0000 3.0193
25.0000 3.0572
26.0000 3.0510
27.0000 3.0328
28.0000 3.0274
29.0000 3.0506
30.0000 3.1099
31.0000 3.2064
32.0000 3.3363
33.0000 3.4925
34.0000 3.6661
35.0000 3.8479
36.0000 4.0290
37.0000 4.2018
38.0000 4.3605
39.0000 4.5012
40.0000 4.6220
41.0000 4.7225
42.0000 4.8037
43.0000 4.8674
44.0000 4.9160
45.0000 4.9519
46.0000 4.9775
47.0000 4.9950
48.0000 5.0064
49.0000 5.0132
50.0000 5.0169
51.0000 5.0184
52.0000 5.0184
53.0000 5.0177
54.0000 5.0164
55.0000 5.0150
56.0000 5.0136
57.0000 5.0123
58.0000 5.0110
59.0000 5.0099
60.0000 5.0089
61.0000 5.0080
62.0000 5.0071
63.0000 5.0064
64.0000 5.0057
65.0000 5.0051
66.0000 5.0045
67.0000 5.0039
68.0000 5.0034
69.0000 5.0029
70.0000 5.0024
71.0000 5.0020
72.0000 5.0017
73.0000 5.0013
74.0000 5.0010
75.0000 5.0008
76.0000 5.0006
77.0000 5.0004
78.0000 5.0003
79.0000 5.0002
80.0000 5.0001
81.0000 5.0000
82.0000 5.0000
83.0000 5.0000
84.0000 5.0000
85.0000 4.9999
86.0000 4.9999
87.0000 4.9999
88.0000 4.9999
89.0000 4.9999
90.0000 5.0000
91.0000 5.0000
92.0000 5.0000
93.0000 5.0000
94.0000 5.0000
95.0000 5.0000
96.0000 5.0000
97.0000 5.0000
98.0000 5.0000
99.0000 5.0000
100.0000 5.0000
101.0000 5.0000
102.0000 5.0000
103.0000 5.0000
104.0000 5.0000
105.0000 5.0000
106.0000 5.0000
107.0000 5.0000
108.0000 5.0000
109.0000 5.0000
110.0000 5.0000
111.0000 5.0000
112.0000 5.0000
113.0000 5.0000
114.0000 5.0000
115.0000 5.0000
116.0000 5.0000
117.0000 5.0000
118.0000 5.0000
119.0000 5.0000
120.0000 5.0000
121.0000 5.0000
122.0000 5.0000
123.0000 5.0000
124.0000 5.0000
125.0000 5.0000
126.0000 5.0000
127.0000 5.0000
128.0000 5.0000
129.0000 5.0000
130.0000 5.0000
131.0000 5.0000
132.0000 5.0000
133.0000 5.0000
134.0000 5.0000
135.0000 5.0000
136.0000 5.0000
137.0000 5.0000
138.0000 5.0000
139.0000 5.0000
140.0000 5.0000
141.0000 5.0000
142.0000 5.0000
143.0000 5.0000
144.0000 5.0000
145.0000 5.0000
146.0000 5.0000
147.0000 5.0000
148.0000 5.0000
149.0000 5.0000
150.0000 5.0000
151.0000 5.0000
152.0000 5.0000
153.0000 5.0000
154.0000 5.0000
155.0000 5.0000
156.0000 5.0000
157.0000 5.0000
158.0000 5.0000
159.0000 5.0000
160.0000 5.0000
161.0000 5.0000
162.0000 5.0000
163.0000 5.0000
164.0000 5.0000
165.0000 5.0000
166.0000 5.0000
167.0000 5.0000
168.0000 5.0000
169.0000 5.0000
170.0000 5.0000
171.0000 5.0000
172.0000 5.0000
173.0000 5.0000
174.0000 5.0000
175.0000 5.0000
176.0000 5.0000
177.0000 5.0000
178.0000 5.0000
179.0000 5.0000
180.0000 5.0000
181.0000 5.0000
182.0000 5.0000
183.0000 5.0000
184.0000 5.0000
185.0000 5.0000
186.0000 5.0000
187.0000 5.0000
188.0000 5.0000
189.0000 5.0000
190.0000 5.0000
191.0000 5.0000
192.0000 5.0000
193.0000 5.0000
194.0000 5.0000
195.0000 5.0000
196.0000 5.0000
197.0000 5.0000
198.0000 5.0000
199.0000 5.0000
200.0000 5.0000
201.0000 5.0000
202.0000 5.0000
203.0000 5.0000
204.0000 5.0000
205.0000 5.0000
206.0000 5.0000
207.0000 5.0000
208.0000 5.0000
209.0000 5.0000
210.0000 5.0000
211.0000 5.0000
212.0000 5.0000
213.0000 5.0000
214.0000 5.0000
215.0000 4.7644
216.0000 4.3421
217.0000 3.8590
218.0000 3.3947
219.0000 2.9901
220.0000 2.6654
221.0000 2.4269
222.0000 2.2707
223.0000 2.1863
224.0000 2.1593
225.0000 2.1743
226.0000 2.2164
227.0000 2.2718
228.0000 2.3288
229.0000 2.3783
230.0000 2.4138
231.0000 2.4319
232.0000 2.4320
233.0000 2.4155
234.0000 2.3858
235.0000 2.3469
236.0000 2.3030
237.0000 2.2582
238.0000 2.2156
239.0000 2.1775
240.0000 2.1453
241.0000 2.1197
242.0000 2.1004
243.0000 2.0868
244.0000 2.0779
245.0000 2.0725
246.0000 2.0695
247.0000 2.0678
248.0000 2.0666
249.0000 2.0651
250.0000 2.0629
251.0000 2.0599
252.0000 2.0561
253.0000 2.0516
254.0000 2.0466
255.0000 2.0414
256.0000 2.0363
257.0000 2.0315
258.0000 2.0272
259.0000 2.0234
260.0000 2.0202
261.0000 2.0177
262.0000 2.0157
263.0000 2.0142
264.0000 2.0130
265.0000 2.0121
266.0000 2.0114
267.0000 2.0107
268.0000 2.0101
269.0000 2.0095
270.0000 2.0088
271.0000 2.0082
272.0000 2.0075
273.0000 2.0068
274.0000 2.0061
275.0000 2.0054
276.0000 2.0048
277.0000 2.0042
278.0000 2.0037
279.0000 2.0033
280.0000 2.0029
281.0000 2.0026
282.0000 2.0024
283.0000 2.0022
284.0000 2.0020
285.0000 2.0018
286.0000 2.0017
287.0000 2.0016
288.0000 2.0015
289.0000 2.0013
290.0000 2.0012
291.0000 2.0011
292.0000 2.0010
293.0000 2.0009
294.0000 2.0008
295.0000 2.0007
296.0000 2.0007
297.0000 2.0006
298.0000 2.0005
299.0000 2.0005
300.0000 2.0004
301.0000 2.0004
302.0000 2.0004
303.0000 2.0003
304.0000 2.0003
305.0000 2.0003
306.0000 2.0003
307.0000 2.0002
308.0000 2.0002
309.0000 2.0002
310.0000 2.0002
311.0000 2.0002
312.0000 2.0001
313.0000 2.0001
314.0000 2.0001
315.0000 2.0001
316.0000 2.0001
317.0000 2.0001
318.0000 2.0001
319.0000 2.0001
320.0000 2.0001
321.0000 2.0001
322.0000 2.0001
323.0000 2.0000
324.0000 2.0000
325.0000 2.0000
326.0000 2.0000
327.0000 2.0000
328.0000 2.0000
329.0000 2.0000
330.0000 2.0000
331.0000 2.0000
332.0000 2.0000
333.0000 2.0000
334.0000 2.0000
335.0000 2.0000
336.0000 2.0000
337.0000 2.0000
338.0000 2.0000
339.0000 2.0000
340.0000 2.0000
341.0000 2.0000
342.0000 2.0000
343.0000 2.0000
344.0000 2.0000
345.0000 2.0000
346.0000 2.0000
347.0000 2.0000
348.0000 2.0000
349.0000 2.0000
350.0000 2.0000
351.0000 2.0000
352.0000 2.0000
353.0000 2.0000
354.0000 2.0000
355.0000 2.0000
356.0000 2.0000
357.0000 2.0000
358.0000 2.0000
359.0000 2.0000
360.0000 2.0000
361.0000 2.0000
362.0000 2.0000
363.0000 2.0000
364.0000 2.0000
365.0000 2.0000
366.0000 2.0000
367.0000 2.0000
368.0000 2.0000
369.0000 2.0000
370.0000 2.0000
371.0000 2.0000
372.0000 2.0000
373.0000 2.0000
374.0000 2.0000
375.0000 2.0000
376.0000 2.0000
377.0000 2.0000
378.0000 2.0000
379.0000 2.0000
380.0000 2.0000
381.0000 2.0000
382.0000 2.0000
383.0000 2.0000
384.0000 2.0000
385.0000 2.0000
386.0000 2.0000
387.0000 2.0000
388.0000 2.0000
389.0000 2.0000
390.0000 2.0000
391.0000 2.0000
392.0000 2.0000
393.0000 2.0000
394.0000 2.0000
395.0000 2.0000
396.0000 2.0000
397.0000 2.0000
398.0000 2.0000
399.0000 2.0000
400.0000 2.0000
401.0000 2.0000
402.0000 2.0000
403.0000 2.0000
404.0000 2.0000
405.0000 2.0000
406.0000 2.0000
407.0000 2.0000
408.0000 2.0000
409.0000 2.0000
410.0000 2.0000
411.0000 2.0000
412.0000 2.0000
413.0000 2.0000
414.0000 2.0000
415.0000 2.0715
416.0000 2.2344
417.0000 2.4634
418.0000 2.7245
419.0000 2.9884
420.0000 3.2333
421.0000 3.4445
422.0000 3.6140
423.0000 3.7395
424.0000 3.8241
425.0000 3.8743
426.0000 3.8982
427.0000 3.9042
428.0000 3.8996
429.0000 3.8906
430.0000 3.8813
431.0000 3.8746
432.0000 3.8721
433.0000 3.8742
434.0000 3.8807
435.0000 3.8907
436.0000 3.9033
437.0000 3.9173
438.0000 3.9318
439.0000 3.9459
440.0000 3.9589
441.0000 3.9703
442.0000 3.9798
443.0000 3.9875
444.0000 3.9933
445.0000 3.9974
446.0000 4.0002
447.0000 4.0017
448.0000 4.0024
449.0000 4.0024
450.0000 4.0021
451.0000 4.0015
452.0000 4.0009
453.0000 4.0002
454.0000 3.9997
455.0000 3.9993
456.0000 3.9991
457.0000 3.9989
458.0000 3.9989
459.0000 3.9990
460.0000 3.9991
461.0000 3.9993
462.0000 3.9995
463.0000 3.9997
464.0000 3.9998
465.0000 4.0000
466.0000 4.0001
467.0000 4.0001
468.0000 4.0002
469.0000 4.0002
470.0000 4.0002
471.0000 4.0002
472.0000 4.0002
473.0000 4.0001
474.0000 4.0001
475.0000 4.0001
476.0000 4.0001
477.0000 4.0000
478.0000 4.0000
479.0000 4.0000
480.0000 4.0000
481.0000 4.0000
482.0000 4.0000
483.0000 4.0000
484.0000 4.0000
485.0000 4.0000
486.0000 4.0000
487.0000 4.0000
488.0000 4.0000
489.0000 4.0000
490.0000 4.0000
491.0000 4.0000
492.0000 4.0000
493.0000 4.0000
494.0000 4.0000
495.0000 4.0000
496.0000 4.0000
497.0000 4.0000
498.0000 4.0000
499.0000 4.0000
500.0000 4.0000
501.0000 4.0000
502.0000 4.0000
503.0000 4.0000
504.0000 4.0000
505.0000 4.0000
506.0000 4.0000
507.0000 4.0000
508.0000 4.0000
509.0000 4.0000
510.0000 4.0000
511.0000 4.0000
512.0000 4.0000
513.0000 4.0000
514.0000 4.0000
515.0000 4.0000
516.0000 4.0000
517.0000 4.0000
518.0000 4.0000
519.0000 4.0000
520.0000 4.0000
521.0000 4.0000
522.0000 4.0000
523.0000 4.0000
524.0000 4.0000
525.0000 4.0000
526.0000 4.0000
527.0000 4.0000
528.0000 4.0000
529.0000 4.0000
530.0000 4.0000
531.0000 4.0000
532.0000 4.0000
533.0000 4.0000
534.0000 4.0000
535.0000 4.0000
536.0000 4.0000
537.0000 4.0000
538.0000 4.0000
539.0000 4.0000
540.0000 4.0000
541.0000 4.0000
542.0000 4.0000
543.0000 4.0000
544.0000 4.0000
545.0000 4.0000
546.0000 4.0000
547.0000 4.0000
548.0000 4.0000
549.0000 4.0000
550.0000 4.0000
551.0000 4.0000
552.0000 4.0000
553.0000 4.0000
554.0000 4.0000
555.0000 4.0000
556.0000 4.0000
557.0000 4.0000
558.0000 4.0000
559.0000 4.0000
560.0000 4.0000
561.0000 4.0000
562.0000 4.0000
563.0000 4.0000
564.0000 4.0000
565.0000 4.0000
566.0000 4.0000
567.0000 4.0000
568.0000 4.0000
569.0000 4.0000
570.0000 4.0000
571.0000 4.0000
572.0000 4.0000
573.0000 4.0000
574.0000 4.0000
575.0000 4.0000
576.0000 4.0000
577.0000 4.0000
578.0000 4.0000
579.0000 4.0000
580.0000 4.0000
581.0000 4.0000
582.0000 4.0000
583.0000 4.0000
584.0000 4.0000
585.0000 4.0000
586.0000 4.0000
587.0000 4.0000
588.0000 4.0000
589.0000 4.0000
590.0000 4.0000
591.0000 4.0000
592.0000 4.0000
593.0000 4.0000
594.0000 4.0000
595.0000 4.0000
596.0000 4.0000
597.0000 4.0000
598.0000 4.0000
599.0000 4.0000
600.0000 4.0000
601.0000 4.0000
602.0000 4.0000
603.0000 4.0000
604.0000 4.0000
605.0000 4.0000
606.0000 4.0000
607.0000 4.0000
608.0000 4.0000
609.0000 4.0000
610.0000 4.0000
611.0000 4.0000
612.0000 4.0000
613.0000 4.0000
614.0000 4.0000
615.0000 3.5790
616.0000 2.8829
617.0000 2.1757
618.0000 1.5771
619.0000 1.1218
620.0000 0.8100
621.0000 0.6275
622.0000 0.5519
623.0000 0.5571
624.0000 0.6162
625.0000 0.7032
626.0000 0.7953
627.0000 0.8733
628.0000 0.9230
629.0000 0.9367
630.0000 0.9138
631.0000 0.8599
632.0000 0.7853
633.0000 0.7018
634.0000 0.6199
635.0000 0.5470
636.0000 0.4875
637.0000 0.4425
638.0000 0.4112
639.0000 0.3909
640.0000 0.3782
641.0000 0.3700
642.0000 0.3630
643.0000 0.3550
644.0000 0.3447
645.0000 0.3316
646.0000 0.3162
647.0000 0.2991
648.0000 0.2815
649.0000 0.2643
650.0000 0.2484
651.0000 0.2341
652.0000 0.2217
653.0000 0.2110
654.0000 0.2017
655.0000 0.1935
656.0000 0.1859
657.0000 0.1786
658.0000 0.1715
659.0000 0.1644
660.0000 0.1572
661.0000 0.1502
662.0000 0.1432
663.0000 0.1364
664.0000 0.1300
665.0000 0.1239
666.0000 0.1181
667.0000 0.1127
668.0000 0.1075
669.0000 0.1027
670.0000 0.0980
671.0000 0.0935
672.0000 0.0892
673.0000 0.0850
674.0000 0.0809
675.0000 0.0769
676.0000 0.0731
677.0000 0.0694
678.0000 0.0658
679.0000 0.0623
680.0000 0.0590
681.0000 0.0557
682.0000 0.0526
683.0000 0.0496
684.0000 0.0467
685.0000 0.0439
686.0000 0.0411
687.0000 0.0385
688.0000 0.0359
689.0000 0.0334
690.0000 0.0309
691.0000 0.0286
692.0000 0.0263
693.0000 0.0240
694.0000 0.0218
695.0000 0.0197
696.0000 0.0176
697.0000 0.0156
698.0000 0.0137
699.0000 0.0118
700.0000 0.0099
701.0000 0.0081
702.0000 0.0063
703.0000 0.0046
704.0000 0.0029
705.0000 0.0013
706.0000 -0.0003
707.0000 -0.0019
708.0000 -0.0034
709.0000 -0.0049
710.0000 -0.0063
711.0000 -0.0078
712.0000 -0.0091
713.0000 -0.0105
714.0000 -0.0118
715.0000 -0.0131
716.0000 -0.0144
717.0000 -0.0157
718.0000 -0.0169
719.0000 -0.0181
720.0000 -0.0193
721.0000 -0.0204
722.0000 -0.0215
723.0000 -0.0226
724.0000 -0.0237
725.0000 -0.0248
726.0000 -0.0258
727.0000 -0.0268
728.0000 -0.0278
729.0000 -0.0288
730.0000 -0.0298
731.0000 -0.0307
732.0000 -0.0316
733.0000 -0.0325
734.0000 -0.0334
735.0000 -0.0343
736.0000 -0.0352
737.0000 -0.0360
738.0000 -0.0369
739.0000 -0.0377
740.0000 -0.0385
741.0000 -0.0393
742.0000 -0.0400
743.0000 -0.0408
744.0000 -0.0416
745.0000 -0.0423
746.0000 -0.0430
747.0000 -0.0437
748.0000 -0.0444
749.0000 -0.0451
750.0000 -0.0458
751.0000 -0.0465
752.0000 -0.0471
753.0000 -0.0478
754.0000 -0.0484
755.0000 -0.0490
756.0000 -0.0497
757.0000 -0.0503
758.0000 -0.0509
759.0000 -0.0515
760.0000 -0.0521
761.0000 -0.0526
762.0000 -0.0532
763.0000 -0.0538
764.0000 -0.0543
765.0000 -0.0549
766.0000 -0.0554
767.0000 -0.0559
768.0000 -0.0564
769.0000 -0.0570
770.0000 -0.0575
771.0000 -0.0580
772.0000 -0.0585
773.0000 -0.0589
774.0000 -0.0594
775.0000 -0.0599
776.0000 -0.0604
777.0000 -0.0608
778.0000 -0.0613
779.0000 -0.0617
780.0000 -0.0622
781.0000 -0.0626
782.0000 -0.0630
783.0000 -0.0635
784.0000 -0.0639
785.0000 -0.0643
786.0000 -0.0647
787.0000 -0.0651
788.0000 -0.0655
789.0000 -0.0659
790.0000 -0.0663
791.0000 -0.0667
792.0000 -0.0671
793.0000 -0.0675
794.0000 -0.0679
795.0000 -0.0682
796.0000 -0.0686
797.0000 -0.0690
798.0000 -0.0693
799.0000 -0.0697
800.0000 -0.0700
801.0000 -0.0704
802.0000 -0.0707
803.0000 -0.0711
804.0000 -0.0714
805.0000 -0.0717
806.0000 -0.0720
807.0000 -0.0724
808.0000 -0.0727
809.0000 -0.0730
810.0000 -0.0733
811.0000 -0.0736
812.0000 -0.0740
813.0000 -0.0743
814.0000 -0.0746
815.0000 -0.0746
816.0000 -0.0739
817.0000 -0.0729
818.0000 -0.0720
819.0000 -0.0714
820.0000 -0.0712
821.0000 -0.0712
822.0000 -0.0715
823.0000 -0.0717
824.0000 -0.0719
825.0000 -0.0721
826.0000 -0.0721
827.0000 -0.0720
828.0000 -0.0718
829.0000 -0.0716
830.0000 -0.0715
831.0000 -0.0713
832.0000 -0.0712
833.0000 -0.0711
834.0000 -0.0710
835.0000 -0.0710
836.0000 -0.0709
837.0000 -0.0708
838.0000 -0.0707
839.0000 -0.0706
840.0000 -0.0706
841.0000 -0.0705
842.0000 -0.0704
843.0000 -0.0703
844.0000 -0.0702
845.0000 -0.0701
846.0000 -0.0700
847.0000 -0.0699
848.0000 -0.0698
849.0000 -0.0698
850.0000 -0.0697
851.0000 -0.0696
852.0000 -0.0695
853.0000 -0.0694
854.0000 -0.0693
855.0000 -0.0692
856.0000 -0.0692
857.0000 -0.0691
858.0000 -0.0690
859.0000 -0.0689
860.0000 -0.0688
861.0000 -0.0687
862.0000 -0.0686
863.0000 -0.0686
864.0000 -0.0685
865.0000 -0.0684
866.0000 -0.0683
867.0000 -0.0682
868.0000 -0.0681
869.0000 -0.0681
870.0000 -0.0680
871.0000 -0.0679
872.0000 -0.0678
873.0000 -0.0677
874.0000 -0.0677
875.0000 -0.0676
876.0000 -0.0675
877.0000 -0.0674
878.0000 -0.0673
879.0000 -0.0673
880.0000 -0.0672
881.0000 -0.0671
882.0000 -0.0670
883.0000 -0.0669
884.0000 -0.0669
885.0000 -0.0668
886.0000 -0.0667
887.0000 -0.0666
888.0000 -0.0666
889.0000 -0.0665
890.0000 -0.0664
891.0000 -0.0663
892.0000 -0.0662
893.0000 -0.0662
894.0000 -0.0661
895.0000 -0.0660
896.0000 -0.0659
897.0000 -0.0659
898.0000 -0.0658
899.0000 -0.0657
900.0000 -0.0656
901.0000 -0.0656
902.0000 -0.0655
903.0000 -0.0654
904.0000 -0.0654
905.0000 -0.0653
906.0000 -0.0652
907.0000 -0.0651
908.0000 -0.0651
909.0000 -0.0650
910.0000 -0.0649
911.0000 -0.0648
912.0000 -0.0648
913.0000 -0.0647
914.0000 -0.0646
915.0000 -0.0646
916.0000 -0.0645
917.0000 -0.0644
918.0000 -0.0644
919.0000 -0.0643
920.0000 -0.0642
921.0000 -0.0641
922.0000 -0.0641
923.0000 -0.0640
924.0000 -0.0639
925.0000 -0.0639
926.0000 -0.0638
927.0000 -0.0637
928.0000 -0.0637
929.0000 -0.0636
930.0000 -0.0635
931.0000 -0.0635
932.0000 -0.0634
933.0000 -0.0633
934.0000 -0.0633
935.0000 -0.0632
936.0000 -0.0631
937.0000 -0.0631
938.0000 -0.0630
939.0000 -0.0629
940.0000 -0.0629
941.0000 -0.0628
942.0000 -0.0628
943.0000 -0.0627
944.0000 -0.0626
945.0000 -0.0626
946.0000 -0.0625
947.0000 -0.0624
948.0000 -0.0624
949.0000 -0.0623
950.0000 -0.0623
951.0000 -0.0622
952.0000 -0.0621
953.0000 -0.0621
954.0000 -0.0620
955.0000 -0.0620
956.0000 -0.0619
957.0000 -0.0618
958.0000 -0.0618
959.0000 -0.0617
960.0000 -0.0617
961.0000 -0.0616
962.0000 -0.0615
963.0000 -0.0615
964.0000 -0.0614
965.0000 -0.0614
966.0000 -0.0613
967.0000 -0.0612
968.0000 -0.0612
969.0000 -0.0611
970.0000 -0.0611
971.0000 -0.0610
972.0000 -0.0610
973.0000 -0.0609
974.0000 -0.0608
975.0000 -0.0608
976.0000 -0.0607
977.0000 -0.0607
978.0000 -0.0606
979.0000 -0.0606
980.0000 -0.0605
981.0000 -0.0605
982.0000 -0.0604
983.0000 -0.0604
984.0000 -0.0603
985.0000 -0.0602
986.0000 -0.0602
987.0000 -0.0601
988.0000 -0.0601
989.0000 -0.0600
990.0000 -0.0600
991.0000 -0.0599
992.0000 -0.0599
993.0000 -0.0598
994.0000 -0.0598
995.0000 -0.0597
996.0000 -0.0597
997.0000 -0.0596
998.0000 -0.0596
999.0000 -0.0595
1000.0000 -0.0595
1001.0000 -0.0594
1002.0000 -0.0594
1003.0000 -0.0593
1004.0000 -0.0593
1005.0000 -0.0592
1006.0000 -0.0592
1007.0000 -0.0591
1008.0000 -0.0591
1009.0000 -0.0590
1010.0000 -0.0590
1011.0000 -0.0589
1012.0000 -0.0589
1013.0000 -0.0588
1014.0000 -0.0588
1015.0000 -0.0590
1016.0000 -0.0595
1017.0000 -0.0603
1018.0000 -0.0610
1019.0000 -0.0615
1020.0000 -0.0618
1021.0000 -0.0619
1022.0000 -0.0619
1023.0000 -0.0619
1024.0000 -0.0619
1025.0000 -0.0620
1026.0000 -0.0621
1027.0000 -0.0623
1028.0000 -0.0625
1029.0000 -0.0628
1030.0000 -0.0630
1031.0000 -0.0632
1032.0000 -0.0634
1033.0000 -0.0636
1034.0000 -0.0638
1035.0000 -0.0639
1036.0000 -0.0641
1037.0000 -0.0643
1038.0000 -0.0644
1039.0000 -0.0646
1040.0000 -0.0648
1041.0000 -0.0649
1042.0000 -0.0651
1043.0000 -0.0653
1044.0000 -0.0654
1045.0000 -0.0656
1046.0000 -0.0658
1047.0000 -0.0659
1048.0000 -0.0661
1049.0000 -0.0662
1050.0000 -0.0664
1051.0000 -0.0666
1052.0000 -0.0667
1053.0000 -0.0669
1054.0000 -0.0670
1055.0000 -0.0672
1056.0000 -0.0673
1057.0000 -0.0675
1058.0000 -0.0676
1059.0000 -0.0678
1060.0000 -0.0679
1061.0000 -0.0681
1062.0000 -0.0682
1063.0000 -0.0683
1064.0000 -0.0685
1065.0000 -0.0686
1066.0000 -0.0688
1067.0000 -0.0689
1068.0000 -0.0690
1069.0000 -0.0692
1070.0000 -0.0693
1071.0000 -0.0695
1072.0000 -0.0696
1073.0000 -0.0697
1074.0000 -0.0699
1075.0000 -0.0700
1076.0000 -0.0701
1077.0000 -0.0702
1078.0000 -0.0704
1079.0000 -0.0705
1080.0000 -0.0706
1081.0000 -0.0708
1082.0000 -0.0709
1083.0000 -0.0710
1084.0000 -0.0711
1085.0000 -0.0713
1086.0000 -0.0714
1087.0000 -0.0715
1088.0000 -0.0716
1089.0000 -0.0717
1090.0000 -0.0719
1091.0000 -0.0720
1092.0000 -0.0721
1093.0000 -0.0722
1094.0000 -0.0723
1095.0000 -0.0724
1096.0000 -0.0726
1097.0000 -0.0727
1098.0000 -0.0728
1099.0000 -0.0729
1100.0000 -0.0730
1101.0000 -0.0731
1102.0000 -0.0732
1103.0000 -0.0733
1104.0000 -0.0734
1105.0000 -0.0736
1106.0000 -0.0737
1107.0000 -0.0738
1108.0000 -0.0739
1109.0000 -0.0740
1110.0000 -0.0741
1111.0000 -0.0742
1112.0000 -0.0743
1113.0000 -0.0744
1114.0000 -0.0745
1115.0000 -0.0746
1116.0000 -0.0747
1117.0000 -0.0748
1118.0000 -0.0749
1119.0000 -0.0750
1120.0000 -0.0751
1121.0000 -0.0752
1122.0000 -0.0753
1123.0000 -0.0754
1124.0000 -0.0755
1125.0000 -0.0756
1126.0000 -0.0757
1127.0000 -0.0758
1128.0000 -0.0759
1129.0000 -0.0760
1130.0000 -0.0761
1131.0000 -0.0761
1132.0000 -0.0762
1133.0000 -0.0763
1134.0000 -0.0764
1135.0000 -0.0765
1136.0000 -0.0766
1137.0000 -0.0767
1138.0000 -0.0768
1139.0000 -0.0769
1140.0000 -0.0770
1141.0000 -0.0770
1142.0000 -0.0771
1143.0000 -0.0772
1144.0000 -0.0773
1145.0000 -0.0774
1146.0000 -0.0775
1147.0000 -0.0776
1148.0000 -0.0776
1149.0000 -0.0777
1150.0000 -0.0778
1151.0000 -0.0779
1152.0000 -0.0780
1153.0000 -0.0781
1154.0000 -0.0781
1155.0000 -0.0782
1156.0000 -0.0783
1157.0000 -0.0784
1158.0000 -0.0785
1159.0000 -0.0785
1160.0000 -0.0786
1161.0000 -0.0787
1162.0000 -0.0788
1163.0000 -0.0788
1164.0000 -0.0789
1165.0000 -0.0790
1166.0000 -0.0791
1167.0000 -0.0792
1168.0000 -0.0792
1169.0000 -0.0793
1170.0000 -0.0794
1171.0000 -0.0795
1172.0000 -0.0795
1173.0000 -0.0796
1174.0000 -0.0797
1175.0000 -0.0797
1176.0000 -0.0798
1177.0000 -0.0799
1178.0000 -0.0800
1179.0000 -0.0800
1180.0000 -0.0801
1181.0000 -0.0802
1182.0000 -0.0802
1183.0000 -0.0803
1184.0000 -0.0804
1185.0000 -0.0805
1186.0000 -0.0805
1187.0000 -0.0806
1188.0000 -0.0807
1189.0000 -0.0807
1190.0000 -0.0808
1191.0000 -0.0809
1192.0000 -0.0809
1193.0000 -0.0810
1194.0000 -0.0811
1195.0000 -0.0811
1196.0000 -0.0812
1197.0000 -0.0813
1198.0000 -0.0813
1199.0000 -0.0814
1200.0000 -0.0815
1201.0000 -0.0815
1202.0000 -0.0816
1203.0000 -0.0816
1204.0000 -0.0817
1205.0000 -0.0818
1206.0000 -0.0818
1207.0000 -0.0819
1208.0000 -0.0820
1209.0000 -0.0820
1210.0000 -0.0821
1211.0000 -0.0821
1212.0000 -0.0822
1213.0000 -0.0823
1214.0000 -0.0823
1215.0000 -0.0799
1216.0000 -0.0665
1217.0000 -0.0451
1218.0000 -0.0219
1219.0000 -0.0026
1220.0000 0.0102
1221.0000 0.0166
1222.0000 0.0189
1223.0000 0.0197
1224.0000 0.0214
1225.0000 0.0256
1226.0000 0.0335
1227.0000 0.0452
1228.0000 0.0606
1229.0000 0.0789
1230.0000 0.0991
1231.0000 0.1204
1232.0000 0.1419
1233.0000 0.1631
1234.0000 0.1837
1235.0000 0.2037
1236.0000 0.2233
1237.0000 0.2428
1238.0000 0.2624
1239.0000 0.2826
1240.0000 0.3035
1241.0000 0.3250
1242.0000 0.3473
1243.0000 0.3702
1244.0000 0.3934
1245.0000 0.4167
1246.0000 0.4399
1247.0000 0.4628
1248.0000 0.4852
1249.0000 0.5071
1250.0000 0.5283
1251.0000 0.5489
1252.0000 0.5688
1253.0000 0.5882
1254.0000 0.6070
1255.0000 0.6253
1256.0000 0.6431
1257.0000 0.6604
1258.0000 0.6773
1259.0000 0.6936
1260.0000 0.7093
1261.0000 0.7245
1262.0000 0.7391
1263.0000 0.7531
1264.0000 0.7665
1265.0000 0.7792
1266.0000 0.7914
1267.0000 0.8029
1268.0000 0.8138
1269.0000 0.8242
1270.0000 0.8341
1271.0000 0.8435
1272.0000 0.8524
1273.0000 0.8609
1274.0000 0.8689
1275.0000 0.8766
1276.0000 0.8838
1277.0000 0.8907
1278.0000 0.8972
1279.0000 0.9033
1280.0000 0.9091
1281.0000 0.9145
1282.0000 0.9197
1283.0000 0.9245
1284.0000 0.9291
1285.0000 0.9334
1286.0000 0.9374
1287.0000 0.9412
1288.0000 0.9448
1289.0000 0.9482
1290.0000 0.9514
1291.0000 0.9544
1292.0000 0.9572
1293.0000 0.9598
1294.0000 0.9623
1295.0000 0.9646
1296.0000 0.9668
1297.0000 0.9689
1298.0000 0.9708
1299.0000 0.9726
1300.0000 0.9744
1301.0000 0.9760
1302.0000 0.9775
1303.0000 0.9789
1304.0000 0.9802
1305.0000 0.9814
1306.0000 0.9826
1307.0000 0.9837
1308.0000 0.9847
1309.0000 0.9857
1310.0000 0.9866
1311.0000 0.9874
1312.0000 0.9882
1313.0000 0.9889
1314.0000 0.9896
1315.0000 0.9903
1316.0000 0.9909
1317.0000 0.9915
1318.0000 0.9920
1319.0000 0.9925
1320.0000 0.9930
1321.0000 0.9934
1322.0000 0.9938
1323.0000 0.9942
1324.0000 0.9946
1325.0000 0.9949
1326.0000 0.9953
1327.0000 0.9956
1328.0000 0.9958
1329.0000 0.9961
1330.0000 0.9963
1331.0000 0.9966
1332.0000 0.9968
1333.0000 0.9970
1334.0000 0.9972
1335.0000 0.9974
1336.0000 0.9975
1337.0000 0.9977
1338.0000 0.9978
1339.0000 0.9980
1340.0000 0.9981
1341.0000 0.9982
1342.0000 0.9983
1343.0000 0.9984
1344.0000 0.9985
1345.0000 0.9986
1346.0000 0.9987
1347.0000 0.9988
1348.0000 0.9989
1349.0000 0.9989
1350.0000 0.9990
1351.0000 0.9991
1352.0000 0.9991
1353.0000 0.9992
1354.0000 0.9992
1355.0000 0.9993
1356.0000 0.9993
1357.0000 0.9994
1358.0000 0.9994
1359.0000 0.9995
1360.0000 0.9995
1361.0000 0.9995
1362.0000 0.9995
1363.0000 0.9996
1364.0000 0.9996
1365.0000 0.9996
1366.0000 0.9997
1367.0000 0.9997
1368.0000 0.9997
1369.0000 0.9997
1370.0000 0.9997
1371.0000 0.9997
1372.0000 0.9998
1373.0000 0.9998
1374.0000 0.9998
1375.0000 0.9998
1376.0000 0.9998
1377.0000 0.9998
1378.0000 0.9998
1379.0000 0.9999
1380.0000 0.9999
1381.0000 0.9999
1382.0000 0.9999
1383.0000 0.9999
1384.0000 0.9999
1385.0000 0.9999
1386.0000 0.9999
1387.0000 0.9999
1388.0000 0.9999
1389.0000 0.9999
1390.0000 0.9999
1391.0000 0.9999
1392.0000 0.9999
1393.0000 0.9999
1394.0000 0.9999
1395.0000 0.9999
1396.0000 1.0000
1397.0000 1.0000
1398.0000 1.0000
1399.0000 1.0000
1400.0000 1.0000
1401.0000 1.0000
1402.0000 1.0000
1403.0000 1.0000
1404.0000 1.0000
1405.0000 1.0000
1406.0000 1.0000
1407.0000 1.0000
1408.0000 1.0000
1409.0000 1.0000
1410.0000 1.0000
