1.0000 0.0000
2.0000 0.0000
3.0000 0.0000
4.0000 0.0000
5.0000 0.0000
6.0000 0.0000
7.0000 0.0000
8.0000 0.0000
9.0000 0.0000
10.0000 0.0000
11.0000 0.0000
12.0000 0.0000
13.0000 0.0000
14.0000 0.0000
15.0000 0.0747
16.0000 0.3030
17.0000 0.6610
18.0000 1.0966
19.0000 1.5611
20.0000 2.0101
21.0000 2.4097
22.0000 2.7380
23.0000 2.9865
24.0000 3.1598
25.0000 3.2724
26.0000 3.3442
27.0000 3.3952
28.0000 3.4424
29.0000 3.4983
30.0000 3.5703
31.0000 3.6612
32.0000 3.7704
33.0000 3.8945
34.0000 4.0288
35.0000 4.1676
36.0000 4.3056
37.0000 4.4378
38.0000 4.5603
39.0000 4.6701
40.0000 4.7656
41.0000 4.8460
42.0000 4.9116
43.0000 4.9630
44.0000 5.0018
45.0000 5.0294
46.0000 5.0476
47.0000 5.0583
48.0000 5.0629
49.0000 5.0630
50.0000 5.0600
51.0000 5.0549
52.0000 5.0485
53.0000 5.0417
54.0000 5.0348
55.0000 5.0283
56.0000 5.0225
57.0000 5.0174
58.0000 5.0130
59.0000 5.0095
60.0000 5.0067
61.0000 5.0046
62.0000 5.0031
63.0000 5.0020
64.0000 5.0013
65.0000 5.0009
66.0000 5.0006
67.0000 5.0006
68.0000 5.0006
69.0000 5.0006
70.0000 5.0007
71.0000 5.0007
72.0000 5.0007
73.0000 5.0007
74.0000 5.0007
75.0000 5.0006
76.0000 5.0006
77.0000 5.0005
78.0000 5.0004
79.0000 5.0003
80.0000 5.0002
81.0000 5.0001
82.0000 5.0000
83.0000 5.0000
84.0000 4.9999
85.0000 4.9999
86.0000 4.9999
87.0000 4.9999
88.0000 4.9999
89.0000 4.9999
90.0000 4.9999
91.0000 4.9999
92.0000 4.9999
93.0000 4.9999
94.0000 4.9999
95.0000 4.9999
96.0000 5.0000
97.0000 5.0000
98.0000 5.0000
99.0000 5.0000
100.0000 5.0000
101.0000 5.0000
102.0000 5.0000
103.0000 5.0000
104.0000 5.0000
105.0000 5.0000
106.0000 5.0000
107.0000 5.0000
108.0000 5.0000
109.0000 5.0000
110.0000 5.0000
111.0000 5.0000
112.0000 5.0000
113.0000 5.0000
114.0000 5.0000
115.0000 5.0000
116.0000 5.0000
117.0000 5.0000
118.0000 5.0000
119.0000 5.0000
120.0000 5.0000
121.0000 5.0000
122.0000 5.0000
123.0000 5.0000
124.0000 5.0000
125.0000 5.0000
126.0000 5.0000
127.0000 5.0000
128.0000 5.0000
129.0000 5.0000
130.0000 5.0000
131.0000 5.0000
132.0000 5.0000
133.0000 5.0000
134.0000 5.0000
135.0000 5.0000
136.0000 5.0000
137.0000 5.0000
138.0000 5.0000
139.0000 5.0000
140.0000 5.0000
141.0000 5.0000
142.0000 5.0000
143.0000 5.0000
144.0000 5.0000
145.0000 5.0000
146.0000 5.0000
147.0000 5.0000
148.0000 5.0000
149.0000 5.0000
150.0000 5.0000
151.0000 5.0000
152.0000 5.0000
153.0000 5.0000
154.0000 5.0000
155.0000 5.0000
156.0000 5.0000
157.0000 5.0000
158.0000 5.0000
159.0000 5.0000
160.0000 5.0000
161.0000 5.0000
162.0000 5.0000
163.0000 5.0000
164.0000 5.0000
165.0000 5.0000
166.0000 5.0000
167.0000 5.0000
168.0000 5.0000
169.0000 5.0000
170.0000 5.0000
171.0000 5.0000
172.0000 5.0000
173.0000 5.0000
174.0000 5.0000
175.0000 5.0000
176.0000 5.0000
177.0000 5.0000
178.0000 5.0000
179.0000 5.0000
180.0000 5.0000
181.0000 5.0000
182.0000 5.0000
183.0000 5.0000
184.0000 5.0000
185.0000 5.0000
186.0000 5.0000
187.0000 5.0000
188.0000 5.0000
189.0000 5.0000
190.0000 5.0000
191.0000 5.0000
192.0000 5.0000
193.0000 5.0000
194.0000 5.0000
195.0000 5.0000
196.0000 5.0000
197.0000 5.0000
198.0000 5.0000
199.0000 5.0000
200.0000 5.0000
201.0000 5.0000
202.0000 5.0000
203.0000 5.0000
204.0000 5.0000
205.0000 5.0000
206.0000 5.0000
207.0000 5.0000
208.0000 5.0000
209.0000 5.0000
210.0000 5.0000
211.0000 5.0000
212.0000 5.0000
213.0000 5.0000
214.0000 5.0000
215.0000 4.7315
216.0000 4.2672
217.0000 3.7470
218.0000 3.2542
219.0000 2.8293
220.0000 2.4923
221.0000 2.2485
222.0000 2.0924
223.0000 2.0118
224.0000 1.9915
225.0000 2.0152
226.0000 2.0674
227.0000 2.1343
228.0000 2.2041
229.0000 2.2672
230.0000 2.3170
231.0000 2.3494
232.0000 2.3631
233.0000 2.3589
234.0000 2.3395
235.0000 2.3084
236.0000 2.2699
237.0000 2.2279
238.0000 2.1861
239.0000 2.1472
240.0000 2.1131
241.0000 2.0849
242.0000 2.0631
243.0000 2.0473
244.0000 2.0369
245.0000 2.0309
246.0000 2.0283
247.0000 2.0279
248.0000 2.0288
249.0000 2.0301
250.0000 2.0313
251.0000 2.0318
252.0000 2.0316
253.0000 2.0304
254.0000 2.0285
255.0000 2.0259
256.0000 2.0229
257.0000 2.0197
258.0000 2.0165
259.0000 2.0136
260.0000 2.0109
261.0000 2.0086
262.0000 2.0068
263.0000 2.0054
264.0000 2.0044
265.0000 2.0037
266.0000 2.0033
267.0000 2.0030
268.0000 2.0029
269.0000 2.0029
270.0000 2.0028
271.0000 2.0028
272.0000 2.0027
273.0000 2.0025
274.0000 2.0023
275.0000 2.0021
276.0000 2.0019
277.0000 2.0016
278.0000 2.0014
279.0000 2.0012
280.0000 2.0010
281.0000 2.0008
282.0000 2.0006
283.0000 2.0005
284.0000 2.0004
285.0000 2.0004
286.0000 2.0003
287.0000 2.0003
288.0000 2.0003
289.0000 2.0003
290.0000 2.0003
291.0000 2.0002
292.0000 2.0002
293.0000 2.0002
294.0000 2.0002
295.0000 2.0002
296.0000 2.0002
297.0000 2.0001
298.0000 2.0001
299.0000 2.0001
300.0000 2.0001
301.0000 2.0001
302.0000 2.0001
303.0000 2.0001
304.0000 2.0000
305.0000 2.0000
306.0000 2.0000
307.0000 2.0000
308.0000 2.0000
309.0000 2.0000
310.0000 2.0000
311.0000 2.0000
312.0000 2.0000
313.0000 2.0000
314.0000 2.0000
315.0000 2.0000
316.0000 2.0000
317.0000 2.0000
318.0000 2.0000
319.0000 2.0000
320.0000 2.0000
321.0000 2.0000
322.0000 2.0000
323.0000 2.0000
324.0000 2.0000
325.0000 2.0000
326.0000 2.0000
327.0000 2.0000
328.0000 2.0000
329.0000 2.0000
330.0000 2.0000
331.0000 2.0000
332.0000 2.0000
333.0000 2.0000
334.0000 2.0000
335.0000 2.0000
336.0000 2.0000
337.0000 2.0000
338.0000 2.0000
339.0000 2.0000
340.0000 2.0000
341.0000 2.0000
342.0000 2.0000
343.0000 2.0000
344.0000 2.0000
345.0000 2.0000
346.0000 2.0000
347.0000 2.0000
348.0000 2.0000
349.0000 2.0000
350.0000 2.0000
351.0000 2.0000
352.0000 2.0000
353.0000 2.0000
354.0000 2.0000
355.0000 2.0000
356.0000 2.0000
357.0000 2.0000
358.0000 2.0000
359.0000 2.0000
360.0000 2.0000
361.0000 2.0000
362.0000 2.0000
363.0000 2.0000
364.0000 2.0000
365.0000 2.0000
366.0000 2.0000
367.0000 2.0000
368.0000 2.0000
369.0000 2.0000
370.0000 2.0000
371.0000 2.0000
372.0000 2.0000
373.0000 2.0000
374.0000 2.0000
375.0000 2.0000
376.0000 2.0000
377.0000 2.0000
378.0000 2.0000
379.0000 2.0000
380.0000 2.0000
381.0000 2.0000
382.0000 2.0000
383.0000 2.0000
384.0000 2.0000
385.0000 2.0000
386.0000 2.0000
387.0000 2.0000
388.0000 2.0000
389.0000 2.0000
390.0000 2.0000
391.0000 2.0000
392.0000 2.0000
393.0000 2.0000
394.0000 2.0000
395.0000 2.0000
396.0000 2.0000
397.0000 2.0000
398.0000 2.0000
399.0000 2.0000
400.0000 2.0000
401.0000 2.0000
402.0000 2.0000
403.0000 2.0000
404.0000 2.0000
405.0000 2.0000
406.0000 2.0000
407.0000 2.0000
408.0000 2.0000
409.0000 2.0000
410.0000 2.0000
411.0000 2.0000
412.0000 2.0000
413.0000 2.0000
414.0000 2.0000
415.0000 2.0795
416.0000 2.2588
417.0000 2.5076
418.0000 2.7890
419.0000 3.0727
420.0000 3.3368
421.0000 3.5664
422.0000 3.7531
423.0000 3.8940
424.0000 3.9907
425.0000 4.0486
426.0000 4.0751
427.0000 4.0782
428.0000 4.0657
429.0000 4.0444
430.0000 4.0198
431.0000 3.9957
432.0000 3.9750
433.0000 3.9591
434.0000 3.9485
435.0000 3.9431
436.0000 3.9423
437.0000 3.9454
438.0000 3.9513
439.0000 3.9590
440.0000 3.9677
441.0000 3.9766
442.0000 3.9850
443.0000 3.9925
444.0000 3.9988
445.0000 4.0038
446.0000 4.0074
447.0000 4.0098
448.0000 4.0110
449.0000 4.0113
450.0000 4.0109
451.0000 4.0099
452.0000 4.0086
453.0000 4.0071
454.0000 4.0055
455.0000 4.0041
456.0000 4.0027
457.0000 4.0016
458.0000 4.0007
459.0000 4.0001
460.0000 3.9996
461.0000 3.9993
462.0000 3.9992
463.0000 3.9991
464.0000 3.9992
465.0000 3.9993
466.0000 3.9995
467.0000 3.9997
468.0000 3.9998
469.0000 4.0000
470.0000 4.0001
471.0000 4.0002
472.0000 4.0002
473.0000 4.0002
474.0000 4.0003
475.0000 4.0002
476.0000 4.0002
477.0000 4.0002
478.0000 4.0001
479.0000 4.0001
480.0000 4.0001
481.0000 4.0000
482.0000 4.0000
483.0000 4.0000
484.0000 4.0000
485.0000 4.0000
486.0000 4.0000
487.0000 4.0000
488.0000 4.0000
489.0000 4.0000
490.0000 4.0000
491.0000 4.0000
492.0000 4.0000
493.0000 4.0000
494.0000 4.0000
495.0000 4.0000
496.0000 4.0000
497.0000 4.0000
498.0000 4.0000
499.0000 4.0000
500.0000 4.0000
501.0000 4.0000
502.0000 4.0000
503.0000 4.0000
504.0000 4.0000
505.0000 4.0000
506.0000 4.0000
507.0000 4.0000
508.0000 4.0000
509.0000 4.0000
510.0000 4.0000
511.0000 4.0000
512.0000 4.0000
513.0000 4.0000
514.0000 4.0000
515.0000 4.0000
516.0000 4.0000
517.0000 4.0000
518.0000 4.0000
519.0000 4.0000
520.0000 4.0000
521.0000 4.0000
522.0000 4.0000
523.0000 4.0000
524.0000 4.0000
525.0000 4.0000
526.0000 4.0000
527.0000 4.0000
528.0000 4.0000
529.0000 4.0000
530.0000 4.0000
531.0000 4.0000
532.0000 4.0000
533.0000 4.0000
534.0000 4.0000
535.0000 4.0000
536.0000 4.0000
537.0000 4.0000
538.0000 4.0000
539.0000 4.0000
540.0000 4.0000
541.0000 4.0000
542.0000 4.0000
543.0000 4.0000
544.0000 4.0000
545.0000 4.0000
546.0000 4.0000
547.0000 4.0000
548.0000 4.0000
549.0000 4.0000
550.0000 4.0000
551.0000 4.0000
552.0000 4.0000
553.0000 4.0000
554.0000 4.0000
555.0000 4.0000
556.0000 4.0000
557.0000 4.0000
558.0000 4.0000
559.0000 4.0000
560.0000 4.0000
561.0000 4.0000
562.0000 4.0000
563.0000 4.0000
564.0000 4.0000
565.0000 4.0000
566.0000 4.0000
567.0000 4.0000
568.0000 4.0000
569.0000 4.0000
570.0000 4.0000
571.0000 4.0000
572.0000 4.0000
573.0000 4.0000
574.0000 4.0000
575.0000 4.0000
576.0000 4.0000
577.0000 4.0000
578.0000 4.0000
579.0000 4.0000
580.0000 4.0000
581.0000 4.0000
582.0000 4.0000
583.0000 4.0000
584.0000 4.0000
585.0000 4.0000
586.0000 4.0000
587.0000 4.0000
588.0000 4.0000
589.0000 4.0000
590.0000 4.0000
591.0000 4.0000
592.0000 4.0000
593.0000 4.0000
594.0000 4.0000
595.0000 4.0000
596.0000 4.0000
597.0000 4.0000
598.0000 4.0000
599.0000 4.0000
600.0000 4.0000
601.0000 4.0000
602.0000 4.0000
603.0000 4.0000
604.0000 4.0000
605.0000 4.0000
606.0000 4.0000
607.0000 4.0000
608.0000 4.0000
609.0000 4.0000
610.0000 4.0000
611.0000 4.0000
612.0000 4.0000
613.0000 4.0000
614.0000 4.0000
615.0000 3.4890
616.0000 2.7115
617.0000 1.9616
618.0000 1.3510
619.0000 0.9023
620.0000 0.6065
621.0000 0.4436
622.0000 0.3879
623.0000 0.4107
624.0000 0.4829
625.0000 0.5773
626.0000 0.6705
627.0000 0.7440
628.0000 0.7861
629.0000 0.7921
630.0000 0.7647
631.0000 0.7115
632.0000 0.6434
633.0000 0.5707
634.0000 0.5022
635.0000 0.4433
636.0000 0.3965
637.0000 0.3620
638.0000 0.3380
639.0000 0.3220
640.0000 0.3109
641.0000 0.3021
642.0000 0.2934
643.0000 0.2835
644.0000 0.2719
645.0000 0.2588
646.0000 0.2446
647.0000 0.2302
648.0000 0.2161
649.0000 0.2031
650.0000 0.1912
651.0000 0.1807
652.0000 0.1714
653.0000 0.1631
654.0000 0.1555
655.0000 0.1483
656.0000 0.1415
657.0000 0.1349
658.0000 0.1284
659.0000 0.1220
660.0000 0.1158
661.0000 0.1098
662.0000 0.1040
663.0000 0.0986
664.0000 0.0934
665.0000 0.0885
666.0000 0.0838
667.0000 0.0793
668.0000 0.0751
669.0000 0.0710
670.0000 0.0670
671.0000 0.0632
672.0000 0.0595
673.0000 0.0559
674.0000 0.0524
675.0000 0.0491
676.0000 0.0459
677.0000 0.0428
678.0000 0.0398
679.0000 0.0369
680.0000 0.0341
681.0000 0.0314
682.0000 0.0288
683.0000 0.0262
684.0000 0.0238
685.0000 0.0214
686.0000 0.0191
687.0000 0.0168
688.0000 0.0146
689.0000 0.0125
690.0000 0.0105
691.0000 0.0085
692.0000 0.0065
693.0000 0.0046
694.0000 0.0028
695.0000 0.0010
696.0000 -0.0008
697.0000 -0.0025
698.0000 -0.0041
699.0000 -0.0058
700.0000 -0.0073
701.0000 -0.0089
702.0000 -0.0104
703.0000 -0.0118
704.0000 -0.0133
705.0000 -0.0147
706.0000 -0.0160
707.0000 -0.0173
708.0000 -0.0186
709.0000 -0.0199
710.0000 -0.0212
711.0000 -0.0224
712.0000 -0.0236
713.0000 -0.0247
714.0000 -0.0259
715.0000 -0.0270
716.0000 -0.0281
717.0000 -0.0291
718.0000 -0.0302
719.0000 -0.0312
720.0000 -0.0322
721.0000 -0.0332
722.0000 -0.0342
723.0000 -0.0351
724.0000 -0.0360
725.0000 -0.0369
726.0000 -0.0378
727.0000 -0.0387
728.0000 -0.0396
729.0000 -0.0404
730.0000 -0.0412
731.0000 -0.0420
732.0000 -0.0428
733.0000 -0.0436
734.0000 -0.0444
735.0000 -0.0452
736.0000 -0.0459
737.0000 -0.0466
738.0000 -0.0473
739.0000 -0.0480
740.0000 -0.0487
741.0000 -0.0494
742.0000 -0.0501
743.0000 -0.0508
744.0000 -0.0514
745.0000 -0.0520
746.0000 -0.0527
747.0000 -0.0533
748.0000 -0.0539
749.0000 -0.0545
750.0000 -0.0551
751.0000 -0.0557
752.0000 -0.0562
753.0000 -0.0568
754.0000 -0.0574
755.0000 -0.0579
756.0000 -0.0585
757.0000 -0.0590
758.0000 -0.0595
759.0000 -0.0600
760.0000 -0.0605
761.0000 -0.0610
762.0000 -0.0615
763.0000 -0.0620
764.0000 -0.0625
765.0000 -0.0630
766.0000 -0.0634
767.0000 -0.0639
768.0000 -0.0644
769.0000 -0.0648
770.0000 -0.0653
771.0000 -0.0657
772.0000 -0.0661
773.0000 -0.0665
774.0000 -0.0670
775.0000 -0.0674
776.0000 -0.0678
777.0000 -0.0682
778.0000 -0.0686
779.0000 -0.0690
780.0000 -0.0694
781.0000 -0.0698
782.0000 -0.0702
783.0000 -0.0705
784.0000 -0.0709
785.0000 -0.0713
786.0000 -0.0716
787.0000 -0.0720
788.0000 -0.0724
789.0000 -0.0727
790.0000 -0.0731
791.0000 -0.0734
792.0000 -0.0737
793.0000 -0.0741
794.0000 -0.0744
795.0000 -0.0747
796.0000 -0.0751
797.0000 -0.0754
798.0000 -0.0757
799.0000 -0.0760
800.0000 -0.0763
801.0000 -0.0766
802.0000 -0.0769
803.0000 -0.0772
804.0000 -0.0775
805.0000 -0.0778
806.0000 -0.0781
807.0000 -0.0784
808.0000 -0.0787
809.0000 -0.0790
810.0000 -0.0793
811.0000 -0.0795
812.0000 -0.0798
813.0000 -0.0801
814.0000 -0.0804
815.0000 -0.0804
816.0000 -0.0797
817.0000 -0.0788
818.0000 -0.0779
819.0000 -0.0775
820.0000 -0.0773
821.0000 -0.0774
822.0000 -0.0776
823.0000 -0.0778
824.0000 -0.0779
825.0000 -0.0779
826.0000 -0.0778
827.0000 -0.0776
828.0000 -0.0774
829.0000 -0.0772
830.0000 -0.0771
831.0000 -0.0769
832.0000 -0.0768
833.0000 -0.0767
834.0000 -0.0767
835.0000 -0.0766
836.0000 -0.0765
837.0000 -0.0764
838.0000 -0.0763
839.0000 -0.0761
840.0000 -0.0760
841.0000 -0.0759
842.0000 -0.0758
843.0000 -0.0757
844.0000 -0.0756
845.0000 -0.0755
846.0000 -0.0754
847.0000 -0.0753
848.0000 -0.0751
849.0000 -0.0750
850.0000 -0.0749
851.0000 -0.0748
852.0000 -0.0747
853.0000 -0.0746
854.0000 -0.0745
855.0000 -0.0744
856.0000 -0.0743
857.0000 -0.0742
858.0000 -0.0741
859.0000 -0.0740
860.0000 -0.0739
861.0000 -0.0738
862.0000 -0.0737
863.0000 -0.0735
864.0000 -0.0734
865.0000 -0.0733
866.0000 -0.0732
867.0000 -0.0731
868.0000 -0.0730
869.0000 -0.0729
870.0000 -0.0728
871.0000 -0.0727
872.0000 -0.0726
873.0000 -0.0725
874.0000 -0.0724
875.0000 -0.0723
876.0000 -0.0722
877.0000 -0.0721
878.0000 -0.0720
879.0000 -0.0719
880.0000 -0.0718
881.0000 -0.0717
882.0000 -0.0716
883.0000 -0.0715
884.0000 -0.0714
885.0000 -0.0713
886.0000 -0.0712
887.0000 -0.0711
888.0000 -0.0710
889.0000 -0.0709
890.0000 -0.0708
891.0000 -0.0707
892.0000 -0.0706
893.0000 -0.0705
894.0000 -0.0704
895.0000 -0.0703
896.0000 -0.0702
897.0000 -0.0701
898.0000 -0.0700
899.0000 -0.0699
900.0000 -0.0698
901.0000 -0.0698
902.0000 -0.0697
903.0000 -0.0696
904.0000 -0.0695
905.0000 -0.0694
906.0000 -0.0693
907.0000 -0.0692
908.0000 -0.0691
909.0000 -0.0690
910.0000 -0.0689
911.0000 -0.0688
912.0000 -0.0687
913.0000 -0.0686
914.0000 -0.0685
915.0000 -0.0685
916.0000 -0.0684
917.0000 -0.0683
918.0000 -0.0682
919.0000 -0.0681
920.0000 -0.0680
921.0000 -0.0679
922.0000 -0.0678
923.0000 -0.0677
924.0000 -0.0677
925.0000 -0.0676
926.0000 -0.0675
927.0000 -0.0674
928.0000 -0.0673
929.0000 -0.0672
930.0000 -0.0671
931.0000 -0.0670
932.0000 -0.0670
933.0000 -0.0669
934.0000 -0.0668
935.0000 -0.0667
936.0000 -0.0666
937.0000 -0.0665
938.0000 -0.0664
939.0000 -0.0664
940.0000 -0.0663
941.0000 -0.0662
942.0000 -0.0661
943.0000 -0.0660
944.0000 -0.0660
945.0000 -0.0659
946.0000 -0.0658
947.0000 -0.0657
948.0000 -0.0656
949.0000 -0.0655
950.0000 -0.0655
951.0000 -0.0654
952.0000 -0.0653
953.0000 -0.0652
954.0000 -0.0651
955.0000 -0.0651
956.0000 -0.0650
957.0000 -0.0649
958.0000 -0.0648
959.0000 -0.0648
960.0000 -0.0647
961.0000 -0.0646
962.0000 -0.0645
963.0000 -0.0644
964.0000 -0.0644
965.0000 -0.0643
966.0000 -0.0642
967.0000 -0.0641
968.0000 -0.0641
969.0000 -0.0640
970.0000 -0.0639
971.0000 -0.0638
972.0000 -0.0638
973.0000 -0.0637
974.0000 -0.0636
975.0000 -0.0636
976.0000 -0.0635
977.0000 -0.0634
978.0000 -0.0633
979.0000 -0.0633
980.0000 -0.0632
981.0000 -0.0631
982.0000 -0.0631
983.0000 -0.0630
984.0000 -0.0629
985.0000 -0.0628
986.0000 -0.0628
987.0000 -0.0627
988.0000 -0.0626
989.0000 -0.0626
990.0000 -0.0625
991.0000 -0.0624
992.0000 -0.0624
993.0000 -0.0623
994.0000 -0.0622
995.0000 -0.0622
996.0000 -0.0621
997.0000 -0.0620
998.0000 -0.0620
999.0000 -0.0619
1000.0000 -0.0618
1001.0000 -0.0618
1002.0000 -0.0617
1003.0000 -0.0616
1004.0000 -0.0616
1005.0000 -0.0615
1006.0000 -0.0614
1007.0000 -0.0614
1008.0000 -0.0613
1009.0000 -0.0612
1010.0000 -0.0612
1011.0000 -0.0611
1012.0000 -0.0611
1013.0000 -0.0610
1014.0000 -0.0609
1015.0000 -0.0611
1016.0000 -0.0617
1017.0000 -0.0624
1018.0000 -0.0631
1019.0000 -0.0636
1020.0000 -0.0638
1021.0000 -0.0639
1022.0000 -0.0639
1023.0000 -0.0639
1024.0000 -0.0639
1025.0000 -0.0640
1026.0000 -0.0642
1027.0000 -0.0644
1028.0000 -0.0647
1029.0000 -0.0649
1030.0000 -0.0651
1031.0000 -0.0653
1032.0000 -0.0655
1033.0000 -0.0657
1034.0000 -0.0658
1035.0000 -0.0660
1036.0000 -0.0661
1037.0000 -0.0663
1038.0000 -0.0665
1039.0000 -0.0667
1040.0000 -0.0668
1041.0000 -0.0670
1042.0000 -0.0672
1043.0000 -0.0673
1044.0000 -0.0675
1045.0000 -0.0677
1046.0000 -0.0678
1047.0000 -0.0680
1048.0000 -0.0681
1049.0000 -0.0683
1050.0000 -0.0684
1051.0000 -0.0686
1052.0000 -0.0688
1053.0000 -0.0689
1054.0000 -0.0691
1055.0000 -0.0692
1056.0000 -0.0694
1057.0000 -0.0695
1058.0000 -0.0696
1059.0000 -0.0698
1060.0000 -0.0699
1061.0000 -0.0701
1062.0000 -0.0702
1063.0000 -0.0704
1064.0000 -0.0705
1065.0000 -0.0706
1066.0000 -0.0708
1067.0000 -0.0709
1068.0000 -0.0710
1069.0000 -0.0712
1070.0000 -0.0713
1071.0000 -0.0714
1072.0000 -0.0716
1073.0000 -0.0717
1074.0000 -0.0718
1075.0000 -0.0720
1076.0000 -0.0721
1077.0000 -0.0722
1078.0000 -0.0724
1079.0000 -0.0725
1080.0000 -0.0726
1081.0000 -0.0727
1082.0000 -0.0728
1083.0000 -0.0730
1084.0000 -0.0731
1085.0000 -0.0732
1086.0000 -0.0733
1087.0000 -0.0735
1088.0000 -0.0736
1089.0000 -0.0737
1090.0000 -0.0738
1091.0000 -0.0739
1092.0000 -0.0740
1093.0000 -0.0741
1094.0000 -0.0743
1095.0000 -0.0744
1096.0000 -0.0745
1097.0000 -0.0746
1098.0000 -0.0747
1099.0000 -0.0748
1100.0000 -0.0749
1101.0000 -0.0750
1102.0000 -0.0751
1103.0000 -0.0752
1104.0000 -0.0754
1105.0000 -0.0755
1106.0000 -0.0756
1107.0000 -0.0757
1108.0000 -0.0758
1109.0000 -0.0759
1110.0000 -0.0760
1111.0000 -0.0761
1112.0000 -0.0762
1113.0000 -0.0763
1114.0000 -0.0764
1115.0000 -0.0765
1116.0000 -0.0766
1117.0000 -0.0767
1118.0000 -0.0768
1119.0000 -0.0769
1120.0000 -0.0770
1121.0000 -0.0771
1122.0000 -0.0771
1123.0000 -0.0772
1124.0000 -0.0773
1125.0000 -0.0774
1126.0000 -0.0775
1127.0000 -0.0776
1128.0000 -0.0777
1129.0000 -0.0778
1130.0000 -0.0779
1131.0000 -0.0780
1132.0000 -0.0781
1133.0000 -0.0782
1134.0000 -0.0782
1135.0000 -0.0783
1136.0000 -0.0784
1137.0000 -0.0785
1138.0000 -0.0786
1139.0000 -0.0787
1140.0000 -0.0788
1141.0000 -0.0788
1142.0000 -0.0789
1143.0000 -0.0790
1144.0000 -0.0791
1145.0000 -0.0792
1146.0000 -0.0793
1147.0000 -0.0793
1148.0000 -0.0794
1149.0000 -0.0795
1150.0000 -0.0796
1151.0000 -0.0797
1152.0000 -0.0797
1153.0000 -0.0798
1154.0000 -0.0799
1155.0000 -0.0800
1156.0000 -0.0801
1157.0000 -0.0801
1158.0000 -0.0802
1159.0000 -0.0803
1160.0000 -0.0804
1161.0000 -0.0804
1162.0000 -0.0805
1163.0000 -0.0806
1164.0000 -0.0807
1165.0000 -0.0807
1166.0000 -0.0808
1167.0000 -0.0809
1168.0000 -0.0810
1169.0000 -0.0810
1170.0000 -0.0811
1171.0000 -0.0812
1172.0000 -0.0812
1173.0000 -0.0813
1174.0000 -0.0814
1175.0000 -0.0815
1176.0000 -0.0815
1177.0000 -0.0816
1178.0000 -0.0817
1179.0000 -0.0817
1180.0000 -0.0818
1181.0000 -0.0819
1182.0000 -0.0819
1183.0000 -0.0820
1184.0000 -0.0821
1185.0000 -0.0821
1186.0000 -0.0822
1187.0000 -0.0823
1188.0000 -0.0823
1189.0000 -0.0824
1190.0000 -0.0825
1191.0000 -0.0825
1192.0000 -0.0826
1193.0000 -0.0827
1194.0000 -0.0827
1195.0000 -0.0828
1196.0000 -0.0828
1197.0000 -0.0829
1198.0000 -0.0830
1199.0000 -0.0830
1200.0000 -0.0831
1201.0000 -0.0832
1202.0000 -0.0832
1203.0000 -0.0833
1204.0000 -0.0833
1205.0000 -0.0834
1206.0000 -0.0835
1207.0000 -0.0835
1208.0000 -0.0836
1209.0000 -0.0836
1210.0000 -0.0837
1211.0000 -0.0838
1212.0000 -0.0838
1213.0000 -0.0839
1214.0000 -0.0839
1215.0000 -0.0814
1216.0000 -0.0673
1217.0000 -0.0453
1218.0000 -0.0225
1219.0000 -0.0044
1220.0000 0.0070
1221.0000 0.0127
1222.0000 0.0154
1223.0000 0.0178
1224.0000 0.0223
1225.0000 0.0303
1226.0000 0.0424
1227.0000 0.0584
1228.0000 0.0777
1229.0000 0.0992
1230.0000 0.1219
1231.0000 0.1449
1232.0000 0.1678
1233.0000 0.1904
1234.0000 0.2127
1235.0000 0.2348
1236.0000 0.2572
1237.0000 0.2801
1238.0000 0.3037
1239.0000 0.3280
1240.0000 0.3530
1241.0000 0.3785
1242.0000 0.4045
1243.0000 0.4305
1244.0000 0.4564
1245.0000 0.4820
1246.0000 0.5070
1247.0000 0.5314
1248.0000 0.5551
1249.0000 0.5780
1250.0000 0.6002
1251.0000 0.6216
1252.0000 0.6423
1253.0000 0.6622
1254.0000 0.6813
1255.0000 0.6998
1256.0000 0.7175
1257.0000 0.7345
1258.0000 0.7507
1259.0000 0.7662
1260.0000 0.7809
1261.0000 0.7949
1262.0000 0.8081
1263.0000 0.8205
1264.0000 0.8323
1265.0000 0.8433
1266.0000 0.8537
1267.0000 0.8635
1268.0000 0.8727
1269.0000 0.8813
1270.0000 0.8894
1271.0000 0.8970
1272.0000 0.9041
1273.0000 0.9108
1274.0000 0.9170
1275.0000 0.9228
1276.0000 0.9282
1277.0000 0.9333
1278.0000 0.9381
1279.0000 0.9425
1280.0000 0.9466
1281.0000 0.9504
1282.0000 0.9540
1283.0000 0.9573
1284.0000 0.9604
1285.0000 0.9632
1286.0000 0.9659
1287.0000 0.9683
1288.0000 0.9706
1289.0000 0.9728
1290.0000 0.9748
1291.0000 0.9766
1292.0000 0.9783
1293.0000 0.9799
1294.0000 0.9814
1295.0000 0.9827
1296.0000 0.9840
1297.0000 0.9852
1298.0000 0.9863
1299.0000 0.9873
1300.0000 0.9882
1301.0000 0.9891
1302.0000 0.9899
1303.0000 0.9906
1304.0000 0.9913
1305.0000 0.9920
1306.0000 0.9926
1307.0000 0.9931
1308.0000 0.9936
1309.0000 0.9941
1310.0000 0.9945
1311.0000 0.9949
1312.0000 0.9953
1313.0000 0.9956
1314.0000 0.9960
1315.0000 0.9963
1316.0000 0.9965
1317.0000 0.9968
1318.0000 0.9970
1319.0000 0.9973
1320.0000 0.9975
1321.0000 0.9976
1322.0000 0.9978
1323.0000 0.9980
1324.0000 0.9981
1325.0000 0.9983
1326.0000 0.9984
1327.0000 0.9985
1328.0000 0.9986
1329.0000 0.9987
1330.0000 0.9988
1331.0000 0.9989
1332.0000 0.9990
1333.0000 0.9991
1334.0000 0.9991
1335.0000 0.9992
1336.0000 0.9993
1337.0000 0.9993
1338.0000 0.9994
1339.0000 0.9994
1340.0000 0.9995
1341.0000 0.9995
1342.0000 0.9995
1343.0000 0.9996
1344.0000 0.9996
1345.0000 0.9996
1346.0000 0.9997
1347.0000 0.9997
1348.0000 0.9997
1349.0000 0.9997
1350.0000 0.9997
1351.0000 0.9998
1352.0000 0.9998
1353.0000 0.9998
1354.0000 0.9998
1355.0000 0.9998
1356.0000 0.9998
1357.0000 0.9999
1358.0000 0.9999
1359.0000 0.9999
1360.0000 0.9999
1361.0000 0.9999
1362.0000 0.9999
1363.0000 0.9999
1364.0000 0.9999
1365.0000 0.9999
1366.0000 0.9999
1367.0000 0.9999
1368.0000 0.9999
1369.0000 0.9999
1370.0000 0.9999
1371.0000 1.0000
1372.0000 1.0000
1373.0000 1.0000
1374.0000 1.0000
1375.0000 1.0000
1376.0000 1.0000
1377.0000 1.0000
1378.0000 1.0000
1379.0000 1.0000
1380.0000 1.0000
1381.0000 1.0000
1382.0000 1.0000
1383.0000 1.0000
1384.0000 1.0000
1385.0000 1.0000
1386.0000 1.0000
1387.0000 1.0000
1388.0000 1.0000
1389.0000 1.0000
1390.0000 1.0000
1391.0000 1.0000
1392.0000 1.0000
1393.0000 1.0000
1394.0000 1.0000
1395.0000 1.0000
1396.0000 1.0000
1397.0000 1.0000
1398.0000 1.0000
1399.0000 1.0000
1400.0000 1.0000
1401.0000 1.0000
1402.0000 1.0000
1403.0000 1.0000
1404.0000 1.0000
1405.0000 1.0000
1406.0000 1.0000
1407.0000 1.0000
1408.0000 1.0000
1409.0000 1.0000
1410.0000 1.0000
