1.0000 0.0000
2.0000 0.0000
3.0000 0.0000
4.0000 0.0000
5.0000 0.0000
6.0000 0.0000
7.0000 0.0000
8.0000 0.0000
9.0000 0.0000
10.0000 0.0000
11.0000 0.0000
12.0000 0.0000
13.0000 0.0000
14.0000 0.0000
15.0000 0.0750
16.0000 0.3039
17.0000 0.6622
18.0000 1.0984
19.0000 1.5640
20.0000 2.0155
21.0000 2.4198
22.0000 2.7560
23.0000 3.0160
24.0000 3.2027
25.0000 3.3282
26.0000 3.4098
27.0000 3.4662
28.0000 3.5141
29.0000 3.5664
30.0000 3.6316
31.0000 3.7136
32.0000 3.8130
33.0000 3.9275
34.0000 4.0530
35.0000 4.1846
36.0000 4.3171
37.0000 4.4457
38.0000 4.5662
39.0000 4.6754
40.0000 4.7713
41.0000 4.8527
42.0000 4.9194
43.0000 4.9720
44.0000 5.0115
45.0000 5.0396
46.0000 5.0578
47.0000 5.0679
48.0000 5.0717
49.0000 5.0708
50.0000 5.0665
51.0000 5.0600
52.0000 5.0523
53.0000 5.0442
54.0000 5.0363
55.0000 5.0288
56.0000 5.0222
57.0000 5.0165
58.0000 5.0119
59.0000 5.0081
60.0000 5.0053
61.0000 5.0032
62.0000 5.0017
63.0000 5.0008
64.0000 5.0003
65.0000 5.0001
66.0000 5.0001
67.0000 5.0002
68.0000 5.0004
69.0000 5.0006
70.0000 5.0007
71.0000 5.0008
72.0000 5.0009
73.0000 5.0009
74.0000 5.0009
75.0000 5.0008
76.0000 5.0007
77.0000 5.0006
78.0000 5.0005
79.0000 5.0003
80.0000 5.0002
81.0000 5.0001
82.0000 5.0000
83.0000 4.9999
84.0000 4.9999
85.0000 4.9998
86.0000 4.9998
87.0000 4.9998
88.0000 4.9998
89.0000 4.9998
90.0000 4.9998
91.0000 4.9999
92.0000 4.9999
93.0000 4.9999
94.0000 4.9999
95.0000 4.9999
96.0000 5.0000
97.0000 5.0000
98.0000 5.0000
99.0000 5.0000
100.0000 5.0000
101.0000 5.0000
102.0000 5.0000
103.0000 5.0000
104.0000 5.0000
105.0000 5.0000
106.0000 5.0000
107.0000 5.0000
108.0000 5.0000
109.0000 5.0000
110.0000 5.0000
111.0000 5.0000
112.0000 5.0000
113.0000 5.0000
114.0000 5.0000
115.0000 5.0000
116.0000 5.0000
117.0000 5.0000
118.0000 5.0000
119.0000 5.0000
120.0000 5.0000
121.0000 5.0000
122.0000 5.0000
123.0000 5.0000
124.0000 5.0000
125.0000 5.0000
126.0000 5.0000
127.0000 5.0000
128.0000 5.0000
129.0000 5.0000
130.0000 5.0000
131.0000 5.0000
132.0000 5.0000
133.0000 5.0000
134.0000 5.0000
135.0000 5.0000
136.0000 5.0000
137.0000 5.0000
138.0000 5.0000
139.0000 5.0000
140.0000 5.0000
141.0000 5.0000
142.0000 5.0000
143.0000 5.0000
144.0000 5.0000
145.0000 5.0000
146.0000 5.0000
147.0000 5.0000
148.0000 5.0000
149.0000 5.0000
150.0000 5.0000
151.0000 5.0000
152.0000 5.0000
153.0000 5.0000
154.0000 5.0000
155.0000 5.0000
156.0000 5.0000
157.0000 5.0000
158.0000 5.0000
159.0000 5.0000
160.0000 5.0000
161.0000 5.0000
162.0000 5.0000
163.0000 5.0000
164.0000 5.0000
165.0000 5.0000
166.0000 5.0000
167.0000 5.0000
168.0000 5.0000
169.0000 5.0000
170.0000 5.0000
171.0000 5.0000
172.0000 5.0000
173.0000 5.0000
174.0000 5.0000
175.0000 5.0000
176.0000 5.0000
177.0000 5.0000
178.0000 5.0000
179.0000 5.0000
180.0000 5.0000
181.0000 5.0000
182.0000 5.0000
183.0000 5.0000
184.0000 5.0000
185.0000 5.0000
186.0000 5.0000
187.0000 5.0000
188.0000 5.0000
189.0000 5.0000
190.0000 5.0000
191.0000 5.0000
192.0000 5.0000
193.0000 5.0000
194.0000 5.0000
195.0000 5.0000
196.0000 5.0000
197.0000 5.0000
198.0000 5.0000
199.0000 5.0000
200.0000 5.0000
201.0000 5.0000
202.0000 5.0000
203.0000 5.0000
204.0000 5.0000
205.0000 5.0000
206.0000 5.0000
207.0000 5.0000
208.0000 5.0000
209.0000 5.0000
210.0000 5.0000
211.0000 5.0000
212.0000 5.0000
213.0000 5.0000
214.0000 5.0000
215.0000 4.7260
216.0000 4.2531
217.0000 3.7244
218.0000 3.2245
219.0000 2.7944
220.0000 2.4540
221.0000 2.2082
222.0000 2.0515
223.0000 1.9716
224.0000 1.9529
225.0000 1.9795
226.0000 2.0358
227.0000 2.1079
228.0000 2.1837
229.0000 2.2534
230.0000 2.3098
231.0000 2.3483
232.0000 2.3669
233.0000 2.3661
234.0000 2.3484
235.0000 2.3175
236.0000 2.2777
237.0000 2.2334
238.0000 2.1885
239.0000 2.1463
240.0000 2.1091
241.0000 2.0782
242.0000 2.0543
243.0000 2.0372
244.0000 2.0263
245.0000 2.0205
246.0000 2.0187
247.0000 2.0195
248.0000 2.0220
249.0000 2.0250
250.0000 2.0278
251.0000 2.0299
252.0000 2.0308
253.0000 2.0306
254.0000 2.0292
255.0000 2.0269
256.0000 2.0239
257.0000 2.0205
258.0000 2.0170
259.0000 2.0135
260.0000 2.0104
261.0000 2.0077
262.0000 2.0056
263.0000 2.0040
264.0000 2.0028
265.0000 2.0022
266.0000 2.0018
267.0000 2.0017
268.0000 2.0018
269.0000 2.0020
270.0000 2.0022
271.0000 2.0023
272.0000 2.0024
273.0000 2.0024
274.0000 2.0023
275.0000 2.0021
276.0000 2.0019
277.0000 2.0017
278.0000 2.0014
279.0000 2.0011
280.0000 2.0009
281.0000 2.0007
282.0000 2.0005
283.0000 2.0004
284.0000 2.0003
285.0000 2.0002
286.0000 2.0002
287.0000 2.0001
288.0000 2.0001
289.0000 2.0002
290.0000 2.0002
291.0000 2.0002
292.0000 2.0002
293.0000 2.0002
294.0000 2.0002
295.0000 2.0002
296.0000 2.0002
297.0000 2.0001
298.0000 2.0001
299.0000 2.0001
300.0000 2.0001
301.0000 2.0001
302.0000 2.0000
303.0000 2.0000
304.0000 2.0000
305.0000 2.0000
306.0000 2.0000
307.0000 2.0000
308.0000 2.0000
309.0000 2.0000
310.0000 2.0000
311.0000 2.0000
312.0000 2.0000
313.0000 2.0000
314.0000 2.0000
315.0000 2.0000
316.0000 2.0000
317.0000 2.0000
318.0000 2.0000
319.0000 2.0000
320.0000 2.0000
321.0000 2.0000
322.0000 2.0000
323.0000 2.0000
324.0000 2.0000
325.0000 2.0000
326.0000 2.0000
327.0000 2.0000
328.0000 2.0000
329.0000 2.0000
330.0000 2.0000
331.0000 2.0000
332.0000 2.0000
333.0000 2.0000
334.0000 2.0000
335.0000 2.0000
336.0000 2.0000
337.0000 2.0000
338.0000 2.0000
339.0000 2.0000
340.0000 2.0000
341.0000 2.0000
342.0000 2.0000
343.0000 2.0000
344.0000 2.0000
345.0000 2.0000
346.0000 2.0000
347.0000 2.0000
348.0000 2.0000
349.0000 2.0000
350.0000 2.0000
351.0000 2.0000
352.0000 2.0000
353.0000 2.0000
354.0000 2.0000
355.0000 2.0000
356.0000 2.0000
357.0000 2.0000
358.0000 2.0000
359.0000 2.0000
360.0000 2.0000
361.0000 2.0000
362.0000 2.0000
363.0000 2.0000
364.0000 2.0000
365.0000 2.0000
366.0000 2.0000
367.0000 2.0000
368.0000 2.0000
369.0000 2.0000
370.0000 2.0000
371.0000 2.0000
372.0000 2.0000
373.0000 2.0000
374.0000 2.0000
375.0000 2.0000
376.0000 2.0000
377.0000 2.0000
378.0000 2.0000
379.0000 2.0000
380.0000 2.0000
381.0000 2.0000
382.0000 2.0000
383.0000 2.0000
384.0000 2.0000
385.0000 2.0000
386.0000 2.0000
387.0000 2.0000
388.0000 2.0000
389.0000 2.0000
390.0000 2.0000
391.0000 2.0000
392.0000 2.0000
393.0000 2.0000
394.0000 2.0000
395.0000 2.0000
396.0000 2.0000
397.0000 2.0000
398.0000 2.0000
399.0000 2.0000
400.0000 2.0000
401.0000 2.0000
402.0000 2.0000
403.0000 2.0000
404.0000 2.0000
405.0000 2.0000
406.0000 2.0000
407.0000 2.0000
408.0000 2.0000
409.0000 2.0000
410.0000 2.0000
411.0000 2.0000
412.0000 2.0000
413.0000 2.0000
414.0000 2.0000
415.0000 2.0807
416.0000 2.2614
417.0000 2.5114
418.0000 2.7941
419.0000 3.0788
420.0000 3.3436
421.0000 3.5738
422.0000 3.7608
423.0000 3.9015
424.0000 3.9976
425.0000 4.0540
426.0000 4.0782
427.0000 4.0785
428.0000 4.0628
429.0000 4.0382
430.0000 4.0105
431.0000 3.9839
432.0000 3.9612
433.0000 3.9440
434.0000 3.9330
435.0000 3.9279
436.0000 3.9282
437.0000 3.9328
438.0000 3.9406
439.0000 3.9505
440.0000 3.9615
441.0000 3.9725
442.0000 3.9830
443.0000 3.9922
444.0000 3.9999
445.0000 4.0060
446.0000 4.0103
447.0000 4.0130
448.0000 4.0143
449.0000 4.0144
450.0000 4.0135
451.0000 4.0121
452.0000 4.0102
453.0000 4.0082
454.0000 4.0062
455.0000 4.0043
456.0000 4.0026
457.0000 4.0012
458.0000 4.0001
459.0000 3.9993
460.0000 3.9988
461.0000 3.9986
462.0000 3.9985
463.0000 3.9986
464.0000 3.9988
465.0000 3.9991
466.0000 3.9993
467.0000 3.9996
468.0000 3.9999
469.0000 4.0001
470.0000 4.0002
471.0000 4.0003
472.0000 4.0004
473.0000 4.0004
474.0000 4.0004
475.0000 4.0004
476.0000 4.0003
477.0000 4.0003
478.0000 4.0002
479.0000 4.0001
480.0000 4.0001
481.0000 4.0000
482.0000 4.0000
483.0000 4.0000
484.0000 3.9999
485.0000 3.9999
486.0000 3.9999
487.0000 3.9999
488.0000 3.9999
489.0000 3.9999
490.0000 4.0000
491.0000 4.0000
492.0000 4.0000
493.0000 4.0000
494.0000 4.0000
495.0000 4.0000
496.0000 4.0000
497.0000 4.0000
498.0000 4.0000
499.0000 4.0000
500.0000 4.0000
501.0000 4.0000
502.0000 4.0000
503.0000 4.0000
504.0000 4.0000
505.0000 4.0000
506.0000 4.0000
507.0000 4.0000
508.0000 4.0000
509.0000 4.0000
510.0000 4.0000
511.0000 4.0000
512.0000 4.0000
513.0000 4.0000
514.0000 4.0000
515.0000 4.0000
516.0000 4.0000
517.0000 4.0000
518.0000 4.0000
519.0000 4.0000
520.0000 4.0000
521.0000 4.0000
522.0000 4.0000
523.0000 4.0000
524.0000 4.0000
525.0000 4.0000
526.0000 4.0000
527.0000 4.0000
528.0000 4.0000
529.0000 4.0000
530.0000 4.0000
531.0000 4.0000
532.0000 4.0000
533.0000 4.0000
534.0000 4.0000
535.0000 4.0000
536.0000 4.0000
537.0000 4.0000
538.0000 4.0000
539.0000 4.0000
540.0000 4.0000
541.0000 4.0000
542.0000 4.0000
543.0000 4.0000
544.0000 4.0000
545.0000 4.0000
546.0000 4.0000
547.0000 4.0000
548.0000 4.0000
549.0000 4.0000
550.0000 4.0000
551.0000 4.0000
552.0000 4.0000
553.0000 4.0000
554.0000 4.0000
555.0000 4.0000
556.0000 4.0000
557.0000 4.0000
558.0000 4.0000
559.0000 4.0000
560.0000 4.0000
561.0000 4.0000
562.0000 4.0000
563.0000 4.0000
564.0000 4.0000
565.0000 4.0000
566.0000 4.0000
567.0000 4.0000
568.0000 4.0000
569.0000 4.0000
570.0000 4.0000
571.0000 4.0000
572.0000 4.0000
573.0000 4.0000
574.0000 4.0000
575.0000 4.0000
576.0000 4.0000
577.0000 4.0000
578.0000 4.0000
579.0000 4.0000
580.0000 4.0000
581.0000 4.0000
582.0000 4.0000
583.0000 4.0000
584.0000 4.0000
585.0000 4.0000
586.0000 4.0000
587.0000 4.0000
588.0000 4.0000
589.0000 4.0000
590.0000 4.0000
591.0000 4.0000
592.0000 4.0000
593.0000 4.0000
594.0000 4.0000
595.0000 4.0000
596.0000 4.0000
597.0000 4.0000
598.0000 4.0000
599.0000 4.0000
600.0000 4.0000
601.0000 4.0000
602.0000 4.0000
603.0000 4.0000
604.0000 4.0000
605.0000 4.0000
606.0000 4.0000
607.0000 4.0000
608.0000 4.0000
609.0000 4.0000
610.0000 4.0000
611.0000 4.0000
612.0000 4.0000
613.0000 4.0000
614.0000 4.0000
615.0000 3.4742
616.0000 2.6809
617.0000 1.9217
618.0000 1.3077
619.0000 0.8596
620.0000 0.5663
621.0000 0.4063
622.0000 0.3534
623.0000 0.3785
624.0000 0.4527
625.0000 0.5489
626.0000 0.6437
627.0000 0.7192
628.0000 0.7637
629.0000 0.7724
630.0000 0.7478
631.0000 0.6971
632.0000 0.6308
633.0000 0.5593
634.0000 0.4910
635.0000 0.4319
636.0000 0.3845
637.0000 0.3492
638.0000 0.3246
639.0000 0.3080
640.0000 0.2968
641.0000 0.2881
642.0000 0.2799
643.0000 0.2707
644.0000 0.2600
645.0000 0.2478
646.0000 0.2346
647.0000 0.2209
648.0000 0.2075
649.0000 0.1949
650.0000 0.1834
651.0000 0.1731
652.0000 0.1639
653.0000 0.1557
654.0000 0.1482
655.0000 0.1412
656.0000 0.1345
657.0000 0.1280
658.0000 0.1217
659.0000 0.1156
660.0000 0.1096
661.0000 0.1038
662.0000 0.0983
663.0000 0.0930
664.0000 0.0880
665.0000 0.0832
666.0000 0.0786
667.0000 0.0743
668.0000 0.0701
669.0000 0.0661
670.0000 0.0623
671.0000 0.0586
672.0000 0.0550
673.0000 0.0515
674.0000 0.0482
675.0000 0.0449
676.0000 0.0418
677.0000 0.0388
678.0000 0.0359
679.0000 0.0331
680.0000 0.0304
681.0000 0.0277
682.0000 0.0252
683.0000 0.0227
684.0000 0.0203
685.0000 0.0180
686.0000 0.0157
687.0000 0.0135
688.0000 0.0114
689.0000 0.0094
690.0000 0.0074
691.0000 0.0054
692.0000 0.0035
693.0000 0.0017
694.0000 -0.0001
695.0000 -0.0019
696.0000 -0.0036
697.0000 -0.0052
698.0000 -0.0069
699.0000 -0.0084
700.0000 -0.0100
701.0000 -0.0115
702.0000 -0.0129
703.0000 -0.0143
704.0000 -0.0157
705.0000 -0.0171
706.0000 -0.0184
707.0000 -0.0197
708.0000 -0.0210
709.0000 -0.0222
710.0000 -0.0234
711.0000 -0.0246
712.0000 -0.0258
713.0000 -0.0269
714.0000 -0.0280
715.0000 -0.0291
716.0000 -0.0302
717.0000 -0.0312
718.0000 -0.0322
719.0000 -0.0332
720.0000 -0.0342
721.0000 -0.0352
722.0000 -0.0361
723.0000 -0.0370
724.0000 -0.0379
725.0000 -0.0388
726.0000 -0.0397
727.0000 -0.0405
728.0000 -0.0414
729.0000 -0.0422
730.0000 -0.0430
731.0000 -0.0438
732.0000 -0.0446
733.0000 -0.0453
734.0000 -0.0461
735.0000 -0.0468
736.0000 -0.0476
737.0000 -0.0483
738.0000 -0.0490
739.0000 -0.0497
740.0000 -0.0503
741.0000 -0.0510
742.0000 -0.0517
743.0000 -0.0523
744.0000 -0.0529
745.0000 -0.0536
746.0000 -0.0542
747.0000 -0.0548
748.0000 -0.0554
749.0000 -0.0560
750.0000 -0.0565
751.0000 -0.0571
752.0000 -0.0577
753.0000 -0.0582
754.0000 -0.0588
755.0000 -0.0593
756.0000 -0.0598
757.0000 -0.0603
758.0000 -0.0609
759.0000 -0.0614
760.0000 -0.0619
761.0000 -0.0623
762.0000 -0.0628
763.0000 -0.0633
764.0000 -0.0638
765.0000 -0.0642
766.0000 -0.0647
767.0000 -0.0652
768.0000 -0.0656
769.0000 -0.0660
770.0000 -0.0665
771.0000 -0.0669
772.0000 -0.0673
773.0000 -0.0677
774.0000 -0.0682
775.0000 -0.0686
776.0000 -0.0690
777.0000 -0.0694
778.0000 -0.0698
779.0000 -0.0701
780.0000 -0.0705
781.0000 -0.0709
782.0000 -0.0713
783.0000 -0.0716
784.0000 -0.0720
785.0000 -0.0724
786.0000 -0.0727
787.0000 -0.0731
788.0000 -0.0734
789.0000 -0.0738
790.0000 -0.0741
791.0000 -0.0744
792.0000 -0.0748
793.0000 -0.0751
794.0000 -0.0754
795.0000 -0.0758
796.0000 -0.0761
797.0000 -0.0764
798.0000 -0.0767
799.0000 -0.0770
800.0000 -0.0773
801.0000 -0.0776
802.0000 -0.0779
803.0000 -0.0782
804.0000 -0.0785
805.0000 -0.0788
806.0000 -0.0791
807.0000 -0.0794
808.0000 -0.0796
809.0000 -0.0799
810.0000 -0.0802
811.0000 -0.0805
812.0000 -0.0807
813.0000 -0.0810
814.0000 -0.0813
815.0000 -0.0813
816.0000 -0.0807
817.0000 -0.0797
818.0000 -0.0789
819.0000 -0.0784
820.0000 -0.0782
821.0000 -0.0783
822.0000 -0.0785
823.0000 -0.0787
824.0000 -0.0788
825.0000 -0.0788
826.0000 -0.0787
827.0000 -0.0785
828.0000 -0.0783
829.0000 -0.0781
830.0000 -0.0780
831.0000 -0.0778
832.0000 -0.0777
833.0000 -0.0776
834.0000 -0.0775
835.0000 -0.0774
836.0000 -0.0773
837.0000 -0.0772
838.0000 -0.0771
839.0000 -0.0770
840.0000 -0.0769
841.0000 -0.0768
842.0000 -0.0766
843.0000 -0.0765
844.0000 -0.0764
845.0000 -0.0763
846.0000 -0.0762
847.0000 -0.0761
848.0000 -0.0760
849.0000 -0.0759
850.0000 -0.0757
851.0000 -0.0756
852.0000 -0.0755
853.0000 -0.0754
854.0000 -0.0753
855.0000 -0.0752
856.0000 -0.0751
857.0000 -0.0750
858.0000 -0.0749
859.0000 -0.0748
860.0000 -0.0746
861.0000 -0.0745
862.0000 -0.0744
863.0000 -0.0743
864.0000 -0.0742
865.0000 -0.0741
866.0000 -0.0740
867.0000 -0.0739
868.0000 -0.0738
869.0000 -0.0737
870.0000 -0.0736
871.0000 -0.0735
872.0000 -0.0734
873.0000 -0.0733
874.0000 -0.0731
875.0000 -0.0730
876.0000 -0.0729
877.0000 -0.0728
878.0000 -0.0727
879.0000 -0.0726
880.0000 -0.0725
881.0000 -0.0724
882.0000 -0.0723
883.0000 -0.0722
884.0000 -0.0721
885.0000 -0.0720
886.0000 -0.0719
887.0000 -0.0718
888.0000 -0.0717
889.0000 -0.0716
890.0000 -0.0715
891.0000 -0.0714
892.0000 -0.0713
893.0000 -0.0712
894.0000 -0.0711
895.0000 -0.0710
896.0000 -0.0709
897.0000 -0.0708
898.0000 -0.0707
899.0000 -0.0706
900.0000 -0.0705
901.0000 -0.0704
902.0000 -0.0703
903.0000 -0.0702
904.0000 -0.0701
905.0000 -0.0700
906.0000 -0.0699
907.0000 -0.0698
908.0000 -0.0697
909.0000 -0.0696
910.0000 -0.0695
911.0000 -0.0694
912.0000 -0.0693
913.0000 -0.0692
914.0000 -0.0691
915.0000 -0.0691
916.0000 -0.0690
917.0000 -0.0689
918.0000 -0.0688
919.0000 -0.0687
920.0000 -0.0686
921.0000 -0.0685
922.0000 -0.0684
923.0000 -0.0683
924.0000 -0.0682
925.0000 -0.0681
926.0000 -0.0680
927.0000 -0.0679
928.0000 -0.0679
929.0000 -0.0678
930.0000 -0.0677
931.0000 -0.0676
932.0000 -0.0675
933.0000 -0.0674
934.0000 -0.0673
935.0000 -0.0672
936.0000 -0.0671
937.0000 -0.0671
938.0000 -0.0670
939.0000 -0.0669
940.0000 -0.0668
941.0000 -0.0667
942.0000 -0.0666
943.0000 -0.0665
944.0000 -0.0665
945.0000 -0.0664
946.0000 -0.0663
947.0000 -0.0662
948.0000 -0.0661
949.0000 -0.0660
950.0000 -0.0660
951.0000 -0.0659
952.0000 -0.0658
953.0000 -0.0657
954.0000 -0.0656
955.0000 -0.0655
956.0000 -0.0655
957.0000 -0.0654
958.0000 -0.0653
959.0000 -0.0652
960.0000 -0.0651
961.0000 -0.0651
962.0000 -0.0650
963.0000 -0.0649
964.0000 -0.0648
965.0000 -0.0647
966.0000 -0.0647
967.0000 -0.0646
968.0000 -0.0645
969.0000 -0.0644
970.0000 -0.0643
971.0000 -0.0643
972.0000 -0.0642
973.0000 -0.0641
974.0000 -0.0640
975.0000 -0.0640
976.0000 -0.0639
977.0000 -0.0638
978.0000 -0.0637
979.0000 -0.0637
980.0000 -0.0636
981.0000 -0.0635
982.0000 -0.0634
983.0000 -0.0634
984.0000 -0.0633
985.0000 -0.0632
986.0000 -0.0632
987.0000 -0.0631
988.0000 -0.0630
989.0000 -0.0629
990.0000 -0.0629
991.0000 -0.0628
992.0000 -0.0627
993.0000 -0.0627
994.0000 -0.0626
995.0000 -0.0625
996.0000 -0.0624
997.0000 -0.0624
998.0000 -0.0623
999.0000 -0.0622
1000.0000 -0.0622
1001.0000 -0.0621
1002.0000 -0.0620
1003.0000 -0.0620
1004.0000 -0.0619
1005.0000 -0.0618
1006.0000 -0.0618
1007.0000 -0.0617
1008.0000 -0.0616
1009.0000 -0.0616
1010.0000 -0.0615
1011.0000 -0.0614
1012.0000 -0.0614
1013.0000 -0.0613
1014.0000 -0.0613
1015.0000 -0.0614
1016.0000 -0.0620
1017.0000 -0.0627
1018.0000 -0.0634
1019.0000 -0.0639
1020.0000 -0.0641
1021.0000 -0.0642
1022.0000 -0.0642
1023.0000 -0.0642
1024.0000 -0.0643
1025.0000 -0.0644
1026.0000 -0.0645
1027.0000 -0.0648
1028.0000 -0.0650
1029.0000 -0.0652
1030.0000 -0.0654
1031.0000 -0.0656
1032.0000 -0.0658
1033.0000 -0.0660
1034.0000 -0.0661
1035.0000 -0.0663
1036.0000 -0.0665
1037.0000 -0.0666
1038.0000 -0.0668
1039.0000 -0.0670
1040.0000 -0.0671
1041.0000 -0.0673
1042.0000 -0.0675
1043.0000 -0.0677
1044.0000 -0.0678
1045.0000 -0.0680
1046.0000 -0.0681
1047.0000 -0.0683
1048.0000 -0.0685
1049.0000 -0.0686
1050.0000 -0.0688
1051.0000 -0.0689
1052.0000 -0.0691
1053.0000 -0.0692
1054.0000 -0.0694
1055.0000 -0.0695
1056.0000 -0.0697
1057.0000 -0.0698
1058.0000 -0.0700
1059.0000 -0.0701
1060.0000 -0.0703
1061.0000 -0.0704
1062.0000 -0.0705
1063.0000 -0.0707
1064.0000 -0.0708
1065.0000 -0.0710
1066.0000 -0.0711
1067.0000 -0.0712
1068.0000 -0.0714
1069.0000 -0.0715
1070.0000 -0.0716
1071.0000 -0.0718
1072.0000 -0.0719
1073.0000 -0.0720
1074.0000 -0.0722
1075.0000 -0.0723
1076.0000 -0.0724
1077.0000 -0.0725
1078.0000 -0.0727
1079.0000 -0.0728
1080.0000 -0.0729
1081.0000 -0.0730
1082.0000 -0.0732
1083.0000 -0.0733
1084.0000 -0.0734
1085.0000 -0.0735
1086.0000 -0.0736
1087.0000 -0.0738
1088.0000 -0.0739
1089.0000 -0.0740
1090.0000 -0.0741
1091.0000 -0.0742
1092.0000 -0.0743
1093.0000 -0.0745
1094.0000 -0.0746
1095.0000 -0.0747
1096.0000 -0.0748
1097.0000 -0.0749
1098.0000 -0.0750
1099.0000 -0.0751
1100.0000 -0.0752
1101.0000 -0.0753
1102.0000 -0.0754
1103.0000 -0.0756
1104.0000 -0.0757
1105.0000 -0.0758
1106.0000 -0.0759
1107.0000 -0.0760
1108.0000 -0.0761
1109.0000 -0.0762
1110.0000 -0.0763
1111.0000 -0.0764
1112.0000 -0.0765
1113.0000 -0.0766
1114.0000 -0.0767
1115.0000 -0.0768
1116.0000 -0.0769
1117.0000 -0.0770
1118.0000 -0.0771
1119.0000 -0.0772
1120.0000 -0.0773
1121.0000 -0.0774
1122.0000 -0.0774
1123.0000 -0.0775
1124.0000 -0.0776
1125.0000 -0.0777
1126.0000 -0.0778
1127.0000 -0.0779
1128.0000 -0.0780
1129.0000 -0.0781
1130.0000 -0.0782
1131.0000 -0.0783
1132.0000 -0.0784
1133.0000 -0.0784
1134.0000 -0.0785
1135.0000 -0.0786
1136.0000 -0.0787
1137.0000 -0.0788
1138.0000 -0.0789
1139.0000 -0.0790
1140.0000 -0.0790
1141.0000 -0.0791
1142.0000 -0.0792
1143.0000 -0.0793
1144.0000 -0.0794
1145.0000 -0.0795
1146.0000 -0.0795
1147.0000 -0.0796
1148.0000 -0.0797
1149.0000 -0.0798
1150.0000 -0.0799
1151.0000 -0.0799
1152.0000 -0.0800
1153.0000 -0.0801
1154.0000 -0.0802
1155.0000 -0.0803
1156.0000 -0.0803
1157.0000 -0.0804
1158.0000 -0.0805
1159.0000 -0.0806
1160.0000 -0.0806
1161.0000 -0.0807
1162.0000 -0.0808
1163.0000 -0.0809
1164.0000 -0.0809
1165.0000 -0.0810
1166.0000 -0.0811
1167.0000 -0.0812
1168.0000 -0.0812
1169.0000 -0.0813
1170.0000 -0.0814
1171.0000 -0.0814
1172.0000 -0.0815
1173.0000 -0.0816
1174.0000 -0.0817
1175.0000 -0.0817
1176.0000 -0.0818
1177.0000 -0.0819
1178.0000 -0.0819
1179.0000 -0.0820
1180.0000 -0.0821
1181.0000 -0.0821
1182.0000 -0.0822
1183.0000 -0.0823
1184.0000 -0.0823
1185.0000 -0.0824
1186.0000 -0.0825
1187.0000 -0.0825
1188.0000 -0.0826
1189.0000 -0.0827
1190.0000 -0.0827
1191.0000 -0.0828
1192.0000 -0.0829
1193.0000 -0.0829
1194.0000 -0.0830
1195.0000 -0.0831
1196.0000 -0.0831
1197.0000 -0.0832
1198.0000 -0.0832
1199.0000 -0.0833
1200.0000 -0.0834
1201.0000 -0.0834
1202.0000 -0.0835
1203.0000 -0.0835
1204.0000 -0.0836
1205.0000 -0.0837
1206.0000 -0.0837
1207.0000 -0.0838
1208.0000 -0.0838
1209.0000 -0.0839
1210.0000 -0.0840
1211.0000 -0.0840
1212.0000 -0.0841
1213.0000 -0.0841
1214.0000 -0.0842
1215.0000 -0.0817
1216.0000 -0.0676
1217.0000 -0.0455
1218.0000 -0.0226
1219.0000 -0.0043
1220.0000 0.0074
1221.0000 0.0135
1222.0000 0.0165
1223.0000 0.0195
1224.0000 0.0245
1225.0000 0.0331
1226.0000 0.0457
1227.0000 0.0622
1228.0000 0.0819
1229.0000 0.1036
1230.0000 0.1266
1231.0000 0.1500
1232.0000 0.1733
1233.0000 0.1963
1234.0000 0.2192
1235.0000 0.2421
1236.0000 0.2653
1237.0000 0.2890
1238.0000 0.3134
1239.0000 0.3385
1240.0000 0.3642
1241.0000 0.3903
1242.0000 0.4167
1243.0000 0.4431
1244.0000 0.4693
1245.0000 0.4951
1246.0000 0.5204
1247.0000 0.5450
1248.0000 0.5688
1249.0000 0.5919
1250.0000 0.6141
1251.0000 0.6356
1252.0000 0.6562
1253.0000 0.6761
1254.0000 0.6951
1255.0000 0.7134
1256.0000 0.7309
1257.0000 0.7476
1258.0000 0.7636
1259.0000 0.7787
1260.0000 0.7931
1261.0000 0.8067
1262.0000 0.8195
1263.0000 0.8316
1264.0000 0.8430
1265.0000 0.8537
1266.0000 0.8637
1267.0000 0.8731
1268.0000 0.8819
1269.0000 0.8902
1270.0000 0.8979
1271.0000 0.9051
1272.0000 0.9118
1273.0000 0.9181
1274.0000 0.9240
1275.0000 0.9295
1276.0000 0.9346
1277.0000 0.9394
1278.0000 0.9438
1279.0000 0.9479
1280.0000 0.9517
1281.0000 0.9553
1282.0000 0.9586
1283.0000 0.9616
1284.0000 0.9645
1285.0000 0.9671
1286.0000 0.9696
1287.0000 0.9718
1288.0000 0.9739
1289.0000 0.9759
1290.0000 0.9777
1291.0000 0.9794
1292.0000 0.9809
1293.0000 0.9823
1294.0000 0.9837
1295.0000 0.9849
1296.0000 0.9860
1297.0000 0.9871
1298.0000 0.9881
1299.0000 0.9890
1300.0000 0.9898
1301.0000 0.9906
1302.0000 0.9913
1303.0000 0.9919
1304.0000 0.9925
1305.0000 0.9931
1306.0000 0.9936
1307.0000 0.9941
1308.0000 0.9946
1309.0000 0.9950
1310.0000 0.9954
1311.0000 0.9957
1312.0000 0.9960
1313.0000 0.9963
1314.0000 0.9966
1315.0000 0.9969
1316.0000 0.9971
1317.0000 0.9973
1318.0000 0.9975
1319.0000 0.9977
1320.0000 0.9979
1321.0000 0.9980
1322.0000 0.9982
1323.0000 0.9983
1324.0000 0.9985
1325.0000 0.9986
1326.0000 0.9987
1327.0000 0.9988
1328.0000 0.9989
1329.0000 0.9990
1330.0000 0.9990
1331.0000 0.9991
1332.0000 0.9992
1333.0000 0.9992
1334.0000 0.9993
1335.0000 0.9994
1336.0000 0.9994
1337.0000 0.9994
1338.0000 0.9995
1339.0000 0.9995
1340.0000 0.9996
1341.0000 0.9996
1342.0000 0.9996
1343.0000 0.9997
1344.0000 0.9997
1345.0000 0.9997
1346.0000 0.9997
1347.0000 0.9998
1348.0000 0.9998
1349.0000 0.9998
1350.0000 0.9998
1351.0000 0.9998
1352.0000 0.9998
1353.0000 0.9998
1354.0000 0.9999
1355.0000 0.9999
1356.0000 0.9999
1357.0000 0.9999
1358.0000 0.9999
1359.0000 0.9999
1360.0000 0.9999
1361.0000 0.9999
1362.0000 0.9999
1363.0000 0.9999
1364.0000 0.9999
1365.0000 0.9999
1366.0000 0.9999
1367.0000 0.9999
1368.0000 1.0000
1369.0000 1.0000
1370.0000 1.0000
1371.0000 1.0000
1372.0000 1.0000
1373.0000 1.0000
1374.0000 1.0000
1375.0000 1.0000
1376.0000 1.0000
1377.0000 1.0000
1378.0000 1.0000
1379.0000 1.0000
1380.0000 1.0000
1381.0000 1.0000
1382.0000 1.0000
1383.0000 1.0000
1384.0000 1.0000
1385.0000 1.0000
1386.0000 1.0000
1387.0000 1.0000
1388.0000 1.0000
1389.0000 1.0000
1390.0000 1.0000
1391.0000 1.0000
1392.0000 1.0000
1393.0000 1.0000
1394.0000 1.0000
1395.0000 1.0000
1396.0000 1.0000
1397.0000 1.0000
1398.0000 1.0000
1399.0000 1.0000
1400.0000 1.0000
1401.0000 1.0000
1402.0000 1.0000
1403.0000 1.0000
1404.0000 1.0000
1405.0000 1.0000
1406.0000 1.0000
1407.0000 1.0000
1408.0000 1.0000
1409.0000 1.0000
1410.0000 1.0000
