1.0000 0.0000
2.0000 0.0000
3.0000 0.0000
4.0000 0.0000
5.0000 0.0000
6.0000 0.0000
7.0000 0.0000
8.0000 0.0000
9.0000 0.0000
10.0000 0.0000
11.0000 1.4636
12.0000 1.4057
13.0000 1.3557
14.0000 1.3104
15.0000 1.2694
16.0000 1.2324
17.0000 1.1988
18.0000 1.1685
19.0000 1.1410
20.0000 1.1162
21.0000 1.0937
22.0000 1.0733
23.0000 1.0549
24.0000 1.0383
25.0000 1.0232
26.0000 1.0096
27.0000 0.9972
28.0000 0.9861
29.0000 0.9760
30.0000 0.9668
31.0000 0.9586
32.0000 0.9511
33.0000 0.9443
34.0000 0.9382
35.0000 0.9326
36.0000 0.9276
37.0000 0.9231
38.0000 0.9190
39.0000 0.9153
40.0000 0.9119
41.0000 0.9089
42.0000 0.9061
43.0000 0.9036
44.0000 0.9014
45.0000 0.8993
46.0000 0.8975
47.0000 0.8958
48.0000 0.8943
49.0000 0.8930
50.0000 0.8917
51.0000 0.8906
52.0000 0.8896
53.0000 0.8887
54.0000 0.8879
55.0000 0.8871
56.0000 0.8864
57.0000 0.8858
58.0000 0.8853
59.0000 0.8848
60.0000 0.8843
61.0000 0.8839
62.0000 0.8835
63.0000 0.8832
64.0000 0.8829
65.0000 0.8826
66.0000 0.8824
67.0000 0.8821
68.0000 0.8819
69.0000 0.8817
70.0000 0.8816
71.0000 0.8814
72.0000 0.8813
73.0000 0.8812
74.0000 0.8811
75.0000 0.8810
76.0000 0.8809
77.0000 0.8808
78.0000 0.8807
79.0000 0.8806
80.0000 0.8806
81.0000 0.8805
82.0000 0.8805
83.0000 0.8804
84.0000 0.8804
85.0000 0.8803
86.0000 0.8803
87.0000 0.8803
88.0000 0.8803
89.0000 0.8802
90.0000 0.8802
91.0000 0.8802
92.0000 0.8802
93.0000 0.8802
94.0000 0.8801
95.0000 0.8801
96.0000 0.8801
97.0000 0.8801
98.0000 0.8801
99.0000 0.8801
100.0000 0.8801
101.0000 0.8801
102.0000 0.8801
103.0000 0.8801
104.0000 0.8801
105.0000 0.8800
106.0000 0.8800
107.0000 0.8800
108.0000 0.8800
109.0000 0.8800
110.0000 0.8800
111.0000 0.8800
112.0000 0.8800
113.0000 0.8800
114.0000 0.8800
115.0000 0.8800
116.0000 0.8800
117.0000 0.8800
118.0000 0.8800
119.0000 0.8800
120.0000 0.8800
121.0000 0.8800
122.0000 0.8800
123.0000 0.8800
124.0000 0.8800
125.0000 0.8800
126.0000 0.8800
127.0000 0.8800
128.0000 0.8800
129.0000 0.8800
130.0000 0.8800
131.0000 0.8800
132.0000 0.8800
133.0000 0.8800
134.0000 0.8800
135.0000 0.8800
136.0000 0.8800
137.0000 0.8800
138.0000 0.8800
139.0000 0.8800
140.0000 0.8800
141.0000 0.8800
142.0000 0.8800
143.0000 0.8800
144.0000 0.8800
145.0000 0.8800
146.0000 0.8800
147.0000 0.8800
148.0000 0.8800
149.0000 0.8800
150.0000 0.8800
151.0000 0.8800
152.0000 0.8800
153.0000 0.8800
154.0000 0.8800
155.0000 0.8800
156.0000 0.8800
157.0000 0.8800
158.0000 0.8800
159.0000 0.8800
160.0000 0.8800
161.0000 0.8800
162.0000 0.8800
163.0000 0.8800
164.0000 0.8800
165.0000 0.8800
166.0000 0.8800
167.0000 0.8800
168.0000 0.8800
169.0000 0.8800
170.0000 0.8800
171.0000 0.8800
172.0000 0.8800
173.0000 0.8800
174.0000 0.8800
175.0000 0.8800
176.0000 0.8800
177.0000 0.8800
178.0000 0.8800
179.0000 0.8800
180.0000 0.8800
181.0000 0.8800
182.0000 0.8800
183.0000 0.8800
184.0000 0.8800
185.0000 0.8800
186.0000 0.8800
187.0000 0.8800
188.0000 0.8800
189.0000 0.8800
190.0000 0.8800
191.0000 0.8800
192.0000 0.8800
193.0000 0.8800
194.0000 0.8800
195.0000 0.8800
196.0000 0.8800
197.0000 0.8800
198.0000 0.8800
199.0000 0.8800
200.0000 0.8800
201.0000 0.8800
202.0000 0.8800
203.0000 0.8800
204.0000 0.8800
205.0000 0.8800
206.0000 0.8800
207.0000 0.8800
208.0000 0.8800
209.0000 0.8800
210.0000 0.8800
211.0000 0.8800
212.0000 0.8800
213.0000 0.8800
214.0000 0.8800
215.0000 0.8800
216.0000 0.8800
217.0000 0.8800
218.0000 0.8800
219.0000 0.8800
220.0000 0.8800
221.0000 0.8800
222.0000 0.8800
223.0000 0.8800
224.0000 0.8800
225.0000 0.8800
226.0000 0.8800
227.0000 0.8800
228.0000 0.8800
229.0000 0.8800
230.0000 0.8800
231.0000 0.8800
232.0000 0.8800
233.0000 0.8800
234.0000 0.8800
235.0000 0.8800
236.0000 0.8800
237.0000 0.8800
238.0000 0.8800
239.0000 0.8800
240.0000 0.8800
241.0000 0.8800
242.0000 0.8800
243.0000 0.8800
244.0000 0.8800
245.0000 0.8800
246.0000 0.8800
247.0000 0.8800
248.0000 0.8800
249.0000 0.8800
250.0000 0.8800
251.0000 0.8800
252.0000 0.8800
253.0000 0.8800
254.0000 0.8800
255.0000 0.8800
256.0000 0.8800
257.0000 0.8800
258.0000 0.8800
259.0000 0.8800
260.0000 0.8800
261.0000 0.8800
262.0000 0.8800
263.0000 0.8800
264.0000 0.8800
265.0000 0.8800
266.0000 0.8800
267.0000 0.8800
268.0000 0.8800
269.0000 0.8800
270.0000 0.8800
271.0000 0.8800
272.0000 0.8800
273.0000 0.8800
274.0000 0.8800
275.0000 0.8800
276.0000 0.8800
277.0000 0.8800
278.0000 0.8800
279.0000 0.8800
280.0000 0.8800
281.0000 0.8800
282.0000 0.8800
283.0000 0.8800
284.0000 0.8800
285.0000 0.8800
286.0000 0.8800
287.0000 0.8800
288.0000 0.8800
289.0000 0.8800
290.0000 0.8800
291.0000 0.8800
292.0000 0.8800
293.0000 0.8800
294.0000 0.8800
295.0000 0.8800
296.0000 0.8800
297.0000 0.8800
298.0000 0.8800
299.0000 0.8800
300.0000 0.8800
301.0000 0.8800
302.0000 0.8800
303.0000 0.8800
304.0000 0.8800
305.0000 0.8800
306.0000 0.8800
307.0000 0.8800
308.0000 0.8800
309.0000 0.8800
310.0000 0.8800
311.0000 -2.0472
312.0000 -1.9315
313.0000 -1.8314
314.0000 -1.7408
315.0000 -1.6589
316.0000 -1.5847
317.0000 -1.5177
318.0000 -1.4570
319.0000 -1.4020
320.0000 -1.3523
321.0000 -1.3074
322.0000 -1.2667
323.0000 -1.2299
324.0000 -1.1966
325.0000 -1.1664
326.0000 -1.1391
327.0000 -1.1145
328.0000 -1.0921
329.0000 -1.0719
330.0000 -1.0537
331.0000 -1.0371
332.0000 -1.0222
333.0000 -1.0086
334.0000 -0.9964
335.0000 -0.9853
336.0000 -0.9753
337.0000 -0.9662
338.0000 -0.9580
339.0000 -0.9506
340.0000 -0.9438
341.0000 -0.9378
342.0000 -0.9323
343.0000 -0.9273
344.0000 -0.9228
345.0000 -0.9187
346.0000 -0.9150
347.0000 -0.9117
348.0000 -0.9087
349.0000 -0.9059
350.0000 -0.9035
351.0000 -0.9012
352.0000 -0.8992
353.0000 -0.8974
354.0000 -0.8957
355.0000 -0.8942
356.0000 -0.8929
357.0000 -0.8916
358.0000 -0.8905
359.0000 -0.8895
360.0000 -0.8886
361.0000 -0.8878
362.0000 -0.8870
363.0000 -0.8864
364.0000 -0.8858
365.0000 -0.8852
366.0000 -0.8847
367.0000 -0.8843
368.0000 -0.8839
369.0000 -0.8835
370.0000 -0.8832
371.0000 -0.8829
372.0000 -0.8826
373.0000 -0.8823
374.0000 -0.8821
375.0000 -0.8819
376.0000 -0.8817
377.0000 -0.8816
378.0000 -0.8814
379.0000 -0.8813
380.0000 -0.8812
381.0000 -0.8810
382.0000 -0.8809
383.0000 -0.8809
384.0000 -0.8808
385.0000 -0.8807
386.0000 -0.8806
387.0000 -0.8806
388.0000 -0.8805
389.0000 -0.8805
390.0000 -0.8804
391.0000 -0.8804
392.0000 -0.8803
393.0000 -0.8803
394.0000 -0.8803
395.0000 -0.8803
396.0000 -0.8802
397.0000 -0.8802
398.0000 -0.8802
399.0000 -0.8802
400.0000 -0.8802
401.0000 -0.8801
402.0000 -0.8801
403.0000 -0.8801
404.0000 -0.8801
405.0000 -0.8801
406.0000 -0.8801
407.0000 -0.8801
408.0000 -0.8801
409.0000 -0.8801
410.0000 -0.8801
411.0000 -0.8800
412.0000 -0.8800
413.0000 -0.8800
414.0000 -0.8800
415.0000 -0.8800
416.0000 -0.8800
417.0000 -0.8800
418.0000 -0.8800
419.0000 -0.8800
420.0000 -0.8800
421.0000 -0.8800
422.0000 -0.8800
423.0000 -0.8800
424.0000 -0.8800
425.0000 -0.8800
426.0000 -0.8800
427.0000 -0.8800
428.0000 -0.8800
429.0000 -0.8800
430.0000 -0.8800
431.0000 -0.8800
432.0000 -0.8800
433.0000 -0.8800
434.0000 -0.8800
435.0000 -0.8800
436.0000 -0.8800
437.0000 -0.8800
438.0000 -0.8800
439.0000 -0.8800
440.0000 -0.8800
441.0000 -0.8800
442.0000 -0.8800
443.0000 -0.8800
444.0000 -0.8800
445.0000 -0.8800
446.0000 -0.8800
447.0000 -0.8800
448.0000 -0.8800
449.0000 -0.8800
450.0000 -0.8800
451.0000 -0.8800
452.0000 -0.8800
453.0000 -0.8800
454.0000 -0.8800
455.0000 -0.8800
456.0000 -0.8800
457.0000 -0.8800
458.0000 -0.8800
459.0000 -0.8800
460.0000 -0.8800
461.0000 -0.8800
462.0000 -0.8800
463.0000 -0.8800
464.0000 -0.8800
465.0000 -0.8800
466.0000 -0.8800
467.0000 -0.8800
468.0000 -0.8800
469.0000 -0.8800
470.0000 -0.8800
471.0000 -0.8800
472.0000 -0.8800
473.0000 -0.8800
474.0000 -0.8800
475.0000 -0.8800
476.0000 -0.8800
477.0000 -0.8800
478.0000 -0.8800
479.0000 -0.8800
480.0000 -0.8800
481.0000 -0.8800
482.0000 -0.8800
483.0000 -0.8800
484.0000 -0.8800
485.0000 -0.8800
486.0000 -0.8800
487.0000 -0.8800
488.0000 -0.8800
489.0000 -0.8800
490.0000 -0.8800
491.0000 -0.8800
492.0000 -0.8800
493.0000 -0.8800
494.0000 -0.8800
495.0000 -0.8800
496.0000 -0.8800
497.0000 -0.8800
498.0000 -0.8800
499.0000 -0.8800
500.0000 -0.8800
501.0000 -0.8800
502.0000 -0.8800
503.0000 -0.8800
504.0000 -0.8800
505.0000 -0.8800
506.0000 -0.8800
507.0000 -0.8800
508.0000 -0.8800
509.0000 -0.8800
510.0000 -0.8800
511.0000 -0.8800
512.0000 -0.8800
513.0000 -0.8800
514.0000 -0.8800
515.0000 -0.8800
516.0000 -0.8800
517.0000 -0.8800
518.0000 -0.8800
519.0000 -0.8800
520.0000 -0.8800
521.0000 -0.8800
522.0000 -0.8800
523.0000 -0.8800
524.0000 -0.8800
525.0000 -0.8800
526.0000 -0.8800
527.0000 -0.8800
528.0000 -0.8800
529.0000 -0.8800
530.0000 -0.8800
531.0000 -0.8800
532.0000 -0.8800
533.0000 -0.8800
534.0000 -0.8800
535.0000 -0.8800
536.0000 -0.8800
537.0000 -0.8800
538.0000 -0.8800
539.0000 -0.8800
540.0000 -0.8800
541.0000 -0.8800
542.0000 -0.8800
543.0000 -0.8800
544.0000 -0.8800
545.0000 -0.8800
546.0000 -0.8800
547.0000 -0.8800
548.0000 -0.8800
549.0000 -0.8800
550.0000 -0.8800
551.0000 -0.8800
552.0000 -0.8800
553.0000 -0.8800
554.0000 -0.8800
555.0000 -0.8800
556.0000 -0.8800
557.0000 -0.8800
558.0000 -0.8800
559.0000 -0.8800
560.0000 -0.8800
561.0000 -0.8800
562.0000 -0.8800
563.0000 -0.8800
564.0000 -0.8800
565.0000 -0.8800
566.0000 -0.8800
567.0000 -0.8800
568.0000 -0.8800
569.0000 -0.8800
570.0000 -0.8800
571.0000 -0.8800
572.0000 -0.8800
573.0000 -0.8800
574.0000 -0.8800
575.0000 -0.8800
576.0000 -0.8800
577.0000 -0.8800
578.0000 -0.8800
579.0000 -0.8800
580.0000 -0.8800
581.0000 -0.8800
582.0000 -0.8800
583.0000 -0.8800
584.0000 -0.8800
585.0000 -0.8800
586.0000 -0.8800
587.0000 -0.8800
588.0000 -0.8800
589.0000 -0.8800
590.0000 -0.8800
591.0000 -0.8800
592.0000 -0.8800
593.0000 -0.8800
594.0000 -0.8800
595.0000 -0.8800
596.0000 -0.8800
597.0000 -0.8800
598.0000 -0.8800
599.0000 -0.8800
600.0000 -0.8800
601.0000 -0.8800
602.0000 -0.8800
603.0000 -0.8800
604.0000 -0.8800
605.0000 -0.8800
606.0000 -0.8800
607.0000 -0.8800
608.0000 -0.8800
609.0000 -0.8800
610.0000 -0.8800
611.0000 3.5108
612.0000 3.3372
613.0000 3.1871
614.0000 3.0513
615.0000 2.9283
616.0000 2.8171
617.0000 2.7165
618.0000 2.6254
619.0000 2.5430
620.0000 2.4685
621.0000 2.4010
622.0000 2.3400
623.0000 2.2848
624.0000 2.2348
625.0000 2.1896
626.0000 2.1487
627.0000 2.1117
628.0000 2.0782
629.0000 2.0479
630.0000 2.0205
631.0000 1.9957
632.0000 1.9733
633.0000 1.9529
634.0000 1.9346
635.0000 1.9179
636.0000 1.9029
637.0000 1.8893
638.0000 1.8770
639.0000 1.8658
640.0000 1.8558
641.0000 1.8466
642.0000 1.8384
643.0000 1.8309
644.0000 1.8242
645.0000 1.8180
646.0000 1.8125
647.0000 1.8075
648.0000 1.8030
649.0000 1.7989
650.0000 1.7952
651.0000 1.7918
652.0000 1.7888
653.0000 1.7860
654.0000 1.7836
655.0000 1.7813
656.0000 1.7793
657.0000 1.7774
658.0000 1.7758
659.0000 1.7743
660.0000 1.7729
661.0000 1.7717
662.0000 1.7706
663.0000 1.7696
664.0000 1.7686
665.0000 1.7678
666.0000 1.7671
667.0000 1.7664
668.0000 1.7658
669.0000 1.7652
670.0000 1.7647
671.0000 1.7643
672.0000 1.7639
673.0000 1.7635
674.0000 1.7632
675.0000 1.7629
676.0000 1.7626
677.0000 1.7623
678.0000 1.7621
679.0000 1.7619
680.0000 1.7617
681.0000 1.7616
682.0000 1.7614
683.0000 1.7613
684.0000 1.7612
685.0000 1.7610
686.0000 1.7609
687.0000 1.7609
688.0000 1.7608
689.0000 1.7607
690.0000 1.7606
691.0000 1.7606
692.0000 1.7605
693.0000 1.7605
694.0000 1.7604
695.0000 1.7604
696.0000 1.7603
697.0000 1.7603
698.0000 1.7603
699.0000 1.7603
700.0000 1.7602
701.0000 1.7602
702.0000 1.7602
703.0000 1.7602
704.0000 1.7602
705.0000 1.7601
706.0000 1.7601
707.0000 1.7601
708.0000 1.7601
709.0000 1.7601
710.0000 1.7601
711.0000 1.7601
712.0000 1.7601
713.0000 1.7601
714.0000 1.7601
715.0000 1.7600
716.0000 1.7600
717.0000 1.7600
718.0000 1.7600
719.0000 1.7600
720.0000 1.7600
721.0000 1.7600
722.0000 1.7600
723.0000 1.7600
724.0000 1.7600
725.0000 1.7600
726.0000 1.7600
727.0000 1.7600
728.0000 1.7600
729.0000 1.7600
730.0000 1.7600
731.0000 1.7600
732.0000 1.7600
733.0000 1.7600
734.0000 1.7600
735.0000 1.7600
736.0000 1.7600
737.0000 1.7600
738.0000 1.7600
739.0000 1.7600
740.0000 1.7600
741.0000 1.7600
742.0000 1.7600
743.0000 1.7600
744.0000 1.7600
745.0000 1.7600
746.0000 1.7600
747.0000 1.7600
748.0000 1.7600
749.0000 1.7600
750.0000 1.7600
751.0000 1.7600
752.0000 1.7600
753.0000 1.7600
754.0000 1.7600
755.0000 1.7600
756.0000 1.7600
757.0000 1.7600
758.0000 1.7600
759.0000 1.7600
760.0000 1.7600
761.0000 1.7600
762.0000 1.7600
763.0000 1.7600
764.0000 1.7600
765.0000 1.7600
766.0000 1.7600
767.0000 1.7600
768.0000 1.7600
769.0000 1.7600
770.0000 1.7600
771.0000 1.7600
772.0000 1.7600
773.0000 1.7600
774.0000 1.7600
775.0000 1.7600
776.0000 1.7600
777.0000 1.7600
778.0000 1.7600
779.0000 1.7600
780.0000 1.7600
781.0000 1.7600
782.0000 1.7600
783.0000 1.7600
784.0000 1.7600
785.0000 1.7600
786.0000 1.7600
787.0000 1.7600
788.0000 1.7600
789.0000 1.7600
790.0000 1.7600
791.0000 1.7600
792.0000 1.7600
793.0000 1.7600
794.0000 1.7600
795.0000 1.7600
796.0000 1.7600
797.0000 1.7600
798.0000 1.7600
799.0000 1.7600
800.0000 1.7600
801.0000 1.7600
802.0000 1.7600
803.0000 1.7600
804.0000 1.7600
805.0000 1.7600
806.0000 1.7600
807.0000 1.7600
808.0000 1.7600
809.0000 1.7600
810.0000 1.7600
811.0000 1.7600
812.0000 1.7600
813.0000 1.7600
814.0000 1.7600
815.0000 1.7600
816.0000 1.7600
817.0000 1.7600
818.0000 1.7600
819.0000 1.7600
820.0000 1.7600
821.0000 1.7600
822.0000 1.7600
823.0000 1.7600
824.0000 1.7600
825.0000 1.7600
826.0000 1.7600
827.0000 1.7600
828.0000 1.7600
829.0000 1.7600
830.0000 1.7600
831.0000 1.7600
832.0000 1.7600
833.0000 1.7600
834.0000 1.7600
835.0000 1.7600
836.0000 1.7600
837.0000 1.7600
838.0000 1.7600
839.0000 1.7600
840.0000 1.7600
841.0000 1.7600
842.0000 1.7600
843.0000 1.7600
844.0000 1.7600
845.0000 1.7600
846.0000 1.7600
847.0000 1.7600
848.0000 1.7600
849.0000 1.7600
850.0000 1.7600
851.0000 1.7600
852.0000 1.7600
853.0000 1.7600
854.0000 1.7600
855.0000 1.7600
856.0000 1.7600
857.0000 1.7600
858.0000 1.7600
859.0000 1.7600
860.0000 1.7600
861.0000 1.7600
862.0000 1.7600
863.0000 1.7600
864.0000 1.7600
865.0000 1.7600
866.0000 1.7600
867.0000 1.7600
868.0000 1.7600
869.0000 1.7600
870.0000 1.7600
871.0000 1.7600
872.0000 1.7600
873.0000 1.7600
874.0000 1.7600
875.0000 1.7600
876.0000 1.7600
877.0000 1.7600
878.0000 1.7600
879.0000 1.7600
880.0000 1.7600
881.0000 1.7600
882.0000 1.7600
883.0000 1.7600
884.0000 1.7600
885.0000 1.7600
886.0000 1.7600
887.0000 1.7600
888.0000 1.7600
889.0000 1.7600
890.0000 1.7600
891.0000 1.7600
892.0000 1.7600
893.0000 1.7600
894.0000 1.7600
895.0000 1.7600
896.0000 1.7600
897.0000 1.7600
898.0000 1.7600
899.0000 1.7600
900.0000 1.7600
901.0000 1.7600
902.0000 1.7600
903.0000 1.7600
904.0000 1.7600
905.0000 1.7600
906.0000 1.7600
907.0000 1.7600
908.0000 1.7600
909.0000 1.7600
910.0000 1.7600
