1.0000 0.0000
2.0000 0.0000
3.0000 0.0000
4.0000 0.0000
5.0000 0.0000
6.0000 0.0000
7.0000 0.0000
8.0000 0.0000
9.0000 0.0000
10.0000 0.0000
11.0000 0.0000
12.0000 0.0000
13.0000 0.0000
14.0000 0.0000
15.0000 0.0000
16.0000 0.0000
17.0000 0.0000
18.0000 0.0000
19.0000 0.0000
20.0000 0.0000
21.0000 0.0000
22.0000 0.0000
23.0000 0.0000
24.0000 0.0000
25.0000 0.0000
26.0000 0.0000
27.0000 0.0000
28.0000 0.0000
29.0000 0.0000
30.0000 0.0000
31.0000 0.0000
32.0000 0.0000
33.0000 0.0000
34.0000 0.0000
35.0000 0.0000
36.0000 0.0000
37.0000 0.0000
38.0000 0.0000
39.0000 0.0000
40.0000 0.0000
41.0000 0.0000
42.0000 0.0000
43.0000 0.0000
44.0000 0.0000
45.0000 0.0000
46.0000 0.0000
47.0000 0.0000
48.0000 0.0000
49.0000 0.0000
50.0000 0.0000
51.0000 0.0000
52.0000 0.0000
53.0000 0.0000
54.0000 0.0000
55.0000 0.0000
56.0000 0.0000
57.0000 0.0000
58.0000 0.0000
59.0000 0.0000
60.0000 0.0000
61.0000 0.0000
62.0000 0.0000
63.0000 0.0000
64.0000 0.0000
65.0000 0.0000
66.0000 0.0000
67.0000 0.0000
68.0000 0.0000
69.0000 0.0000
70.0000 0.0000
71.0000 0.0000
72.0000 0.0000
73.0000 0.0000
74.0000 0.0000
75.0000 0.0000
76.0000 0.0000
77.0000 0.0000
78.0000 0.0000
79.0000 0.0000
80.0000 0.0000
81.0000 0.0000
82.0000 0.0000
83.0000 0.0000
84.0000 0.0000
85.0000 0.0000
86.0000 0.0000
87.0000 0.0000
88.0000 0.0000
89.0000 0.0000
90.0000 0.0000
91.0000 0.0000
92.0000 0.0000
93.0000 0.0000
94.0000 0.0000
95.0000 0.0000
96.0000 0.0000
97.0000 0.0000
98.0000 0.0000
99.0000 0.0000
100.0000 0.0000
101.0000 0.0000
102.0000 0.0000
103.0000 0.0000
104.0000 0.0000
105.0000 0.0000
106.0000 0.0000
107.0000 0.0000
108.0000 0.0000
109.0000 0.0000
110.0000 0.0000
111.0000 1.0063
112.0000 0.5115
113.0000 0.7406
114.0000 0.5335
115.0000 0.5744
116.0000 0.4869
117.0000 0.4839
118.0000 0.4441
119.0000 0.4339
120.0000 0.4141
121.0000 0.4054
122.0000 0.3948
123.0000 0.3887
124.0000 0.3827
125.0000 0.3787
126.0000 0.3752
127.0000 0.3728
128.0000 0.3707
129.0000 0.3692
130.0000 0.3679
131.0000 0.3670
132.0000 0.3662
133.0000 0.3657
134.0000 0.3652
135.0000 0.3649
136.0000 0.3646
137.0000 0.3644
138.0000 0.3642
139.0000 0.3641
140.0000 0.3640
141.0000 0.3639
142.0000 0.3638
143.0000 0.3638
144.0000 0.3638
145.0000 0.3637
146.0000 0.3637
147.0000 0.3637
148.0000 0.3637
149.0000 0.3637
150.0000 0.3637
151.0000 0.3637
152.0000 0.3637
153.0000 0.3636
154.0000 0.3636
155.0000 0.3636
156.0000 0.3636
157.0000 0.3636
158.0000 0.3636
159.0000 0.3636
160.0000 0.3636
161.0000 0.3636
162.0000 0.3636
163.0000 0.3636
164.0000 0.3636
165.0000 0.3636
166.0000 0.3636
167.0000 0.3636
168.0000 0.3636
169.0000 0.3636
170.0000 0.3636
171.0000 0.3636
172.0000 0.3636
173.0000 0.3636
174.0000 0.3636
175.0000 0.3636
176.0000 0.3636
177.0000 0.3636
178.0000 0.3636
179.0000 0.3636
180.0000 0.3636
181.0000 0.3636
182.0000 0.3636
183.0000 0.3636
184.0000 0.3636
185.0000 0.3636
186.0000 0.3636
187.0000 0.3636
188.0000 0.3636
189.0000 0.3636
190.0000 0.3636
191.0000 0.3636
192.0000 0.3636
193.0000 0.3636
194.0000 0.3636
195.0000 0.3636
196.0000 0.3636
197.0000 0.3636
198.0000 0.3636
199.0000 0.3636
200.0000 0.3636
201.0000 0.3636
202.0000 0.3636
203.0000 0.3636
204.0000 0.3636
205.0000 0.3636
206.0000 0.3636
207.0000 0.3636
208.0000 0.3636
209.0000 0.3636
210.0000 0.3636
211.0000 0.3636
212.0000 0.3636
213.0000 0.3636
214.0000 0.3636
215.0000 0.3636
216.0000 0.3636
217.0000 0.3636
218.0000 0.3636
219.0000 0.3636
220.0000 0.3636
221.0000 0.3636
222.0000 0.3636
223.0000 0.3636
224.0000 0.3636
225.0000 0.3636
226.0000 0.3636
227.0000 0.3636
228.0000 0.3636
229.0000 0.3636
230.0000 0.3636
231.0000 0.3636
232.0000 0.3636
233.0000 0.3636
234.0000 0.3636
235.0000 0.3636
236.0000 0.3636
237.0000 0.3636
238.0000 0.3636
239.0000 0.3636
240.0000 0.3636
241.0000 0.3636
242.0000 0.3636
243.0000 0.3636
244.0000 0.3636
245.0000 0.3636
246.0000 0.3636
247.0000 0.3636
248.0000 0.3636
249.0000 0.3636
250.0000 0.3636
251.0000 0.3636
252.0000 0.3636
253.0000 0.3636
254.0000 0.3636
255.0000 0.3636
256.0000 0.3636
257.0000 0.3636
258.0000 0.3636
259.0000 0.3636
260.0000 0.3636
261.0000 0.3636
262.0000 0.3636
263.0000 0.3636
264.0000 0.3636
265.0000 0.3636
266.0000 0.3636
267.0000 0.3636
268.0000 0.3636
269.0000 0.3636
270.0000 0.3636
271.0000 0.3636
272.0000 0.3636
273.0000 0.3636
274.0000 0.3636
275.0000 0.3636
276.0000 0.3636
277.0000 0.3636
278.0000 0.3636
279.0000 0.3636
280.0000 0.3636
281.0000 0.3636
282.0000 0.3636
283.0000 0.3636
284.0000 0.3636
285.0000 0.3636
286.0000 0.3636
287.0000 0.3636
288.0000 0.3636
289.0000 0.3636
290.0000 0.3636
291.0000 0.3636
292.0000 0.3636
293.0000 0.3636
294.0000 0.3636
295.0000 0.3636
296.0000 0.3636
297.0000 0.3636
298.0000 0.3636
299.0000 0.3636
300.0000 0.3636
301.0000 0.3636
302.0000 0.3636
303.0000 0.3636
304.0000 0.3636
305.0000 0.3636
306.0000 0.3636
307.0000 0.3636
308.0000 0.3636
309.0000 0.3636
310.0000 0.3636
311.0000 0.3636
312.0000 0.3636
313.0000 0.3636
314.0000 0.3636
315.0000 0.3636
316.0000 0.3636
317.0000 0.3636
318.0000 0.3636
319.0000 0.3636
320.0000 0.3636
321.0000 0.3636
322.0000 0.3636
323.0000 0.3636
324.0000 0.3636
325.0000 0.3636
326.0000 0.3636
327.0000 0.3636
328.0000 0.3636
329.0000 0.3636
330.0000 0.3636
331.0000 0.3636
332.0000 0.3636
333.0000 0.3636
334.0000 0.3636
335.0000 0.3636
336.0000 0.3636
337.0000 0.3636
338.0000 0.3636
339.0000 0.3636
340.0000 0.3636
341.0000 0.3636
342.0000 0.3636
343.0000 0.3636
344.0000 0.3636
345.0000 0.3636
346.0000 0.3636
347.0000 0.3636
348.0000 0.3636
349.0000 0.3636
350.0000 0.3636
351.0000 0.3636
352.0000 0.3636
353.0000 0.3636
354.0000 0.3636
355.0000 0.3636
356.0000 0.3636
357.0000 0.3636
358.0000 0.3636
359.0000 0.3636
360.0000 0.3636
361.0000 0.3636
362.0000 0.3636
363.0000 0.3636
364.0000 0.3636
365.0000 0.3636
366.0000 0.3636
367.0000 0.3636
368.0000 0.3636
369.0000 0.3636
370.0000 0.3636
371.0000 0.3636
372.0000 0.3636
373.0000 0.3636
374.0000 0.3636
375.0000 0.3636
376.0000 0.3636
377.0000 0.3636
378.0000 0.3636
379.0000 0.3636
380.0000 0.3636
381.0000 0.3636
382.0000 0.3636
383.0000 0.3636
384.0000 0.3636
385.0000 0.3636
386.0000 0.3636
387.0000 0.3636
388.0000 0.3636
389.0000 0.3636
390.0000 0.3636
391.0000 0.3636
392.0000 0.3636
393.0000 0.3636
394.0000 0.3636
395.0000 0.3636
396.0000 0.3636
397.0000 0.3636
398.0000 0.3636
399.0000 0.3636
400.0000 0.3636
401.0000 0.3636
402.0000 0.3636
403.0000 0.3636
404.0000 0.3636
405.0000 0.3636
406.0000 0.3636
407.0000 0.3636
408.0000 0.3636
409.0000 0.3636
410.0000 0.3636
411.0000 -1.6489
412.0000 -0.6593
413.0000 -1.1175
414.0000 -0.7033
415.0000 -0.7852
416.0000 -0.6102
417.0000 -0.6042
418.0000 -0.5246
419.0000 -0.5042
420.0000 -0.4647
421.0000 -0.4471
422.0000 -0.4260
423.0000 -0.4137
424.0000 -0.4018
425.0000 -0.3938
426.0000 -0.3869
427.0000 -0.3819
428.0000 -0.3778
429.0000 -0.3747
430.0000 -0.3722
431.0000 -0.3703
432.0000 -0.3688
433.0000 -0.3677
434.0000 -0.3668
435.0000 -0.3661
436.0000 -0.3655
437.0000 -0.3651
438.0000 -0.3648
439.0000 -0.3645
440.0000 -0.3643
441.0000 -0.3642
442.0000 -0.3641
443.0000 -0.3640
444.0000 -0.3639
445.0000 -0.3638
446.0000 -0.3638
447.0000 -0.3638
448.0000 -0.3637
449.0000 -0.3637
450.0000 -0.3637
451.0000 -0.3637
452.0000 -0.3637
453.0000 -0.3637
454.0000 -0.3637
455.0000 -0.3637
456.0000 -0.3636
457.0000 -0.3636
458.0000 -0.3636
459.0000 -0.3636
460.0000 -0.3636
461.0000 -0.3636
462.0000 -0.3636
463.0000 -0.3636
464.0000 -0.3636
465.0000 -0.3636
466.0000 -0.3636
467.0000 -0.3636
468.0000 -0.3636
469.0000 -0.3636
470.0000 -0.3636
471.0000 -0.3636
472.0000 -0.3636
473.0000 -0.3636
474.0000 -0.3636
475.0000 -0.3636
476.0000 -0.3636
477.0000 -0.3636
478.0000 -0.3636
479.0000 -0.3636
480.0000 -0.3636
481.0000 -0.3636
482.0000 -0.3636
483.0000 -0.3636
484.0000 -0.3636
485.0000 -0.3636
486.0000 -0.3636
487.0000 -0.3636
488.0000 -0.3636
489.0000 -0.3636
490.0000 -0.3636
491.0000 -0.3636
492.0000 -0.3636
493.0000 -0.3636
494.0000 -0.3636
495.0000 -0.3636
496.0000 -0.3636
497.0000 -0.3636
498.0000 -0.3636
499.0000 -0.3636
500.0000 -0.3636
501.0000 -0.3636
502.0000 -0.3636
503.0000 -0.3636
504.0000 -0.3636
505.0000 -0.3636
506.0000 -0.3636
507.0000 -0.3636
508.0000 -0.3636
509.0000 -0.3636
510.0000 -0.3636
511.0000 -0.3636
512.0000 -0.3636
513.0000 -0.3636
514.0000 -0.3636
515.0000 -0.3636
516.0000 -0.3636
517.0000 -0.3636
518.0000 -0.3636
519.0000 -0.3636
520.0000 -0.3636
521.0000 -0.3636
522.0000 -0.3636
523.0000 -0.3636
524.0000 -0.3636
525.0000 -0.3636
526.0000 -0.3636
527.0000 -0.3636
528.0000 -0.3636
529.0000 -0.3636
530.0000 -0.3636
531.0000 -0.3636
532.0000 -0.3636
533.0000 -0.3636
534.0000 -0.3636
535.0000 -0.3636
536.0000 -0.3636
537.0000 -0.3636
538.0000 -0.3636
539.0000 -0.3636
540.0000 -0.3636
541.0000 -0.3636
542.0000 -0.3636
543.0000 -0.3636
544.0000 -0.3636
545.0000 -0.3636
546.0000 -0.3636
547.0000 -0.3636
548.0000 -0.3636
549.0000 -0.3636
550.0000 -0.3636
551.0000 -0.3636
552.0000 -0.3636
553.0000 -0.3636
554.0000 -0.3636
555.0000 -0.3636
556.0000 -0.3636
557.0000 -0.3636
558.0000 -0.3636
559.0000 -0.3636
560.0000 -0.3636
561.0000 -0.3636
562.0000 -0.3636
563.0000 -0.3636
564.0000 -0.3636
565.0000 -0.3636
566.0000 -0.3636
567.0000 -0.3636
568.0000 -0.3636
569.0000 -0.3636
570.0000 -0.3636
571.0000 -0.3636
572.0000 -0.3636
573.0000 -0.3636
574.0000 -0.3636
575.0000 -0.3636
576.0000 -0.3636
577.0000 -0.3636
578.0000 -0.3636
579.0000 -0.3636
580.0000 -0.3636
581.0000 -0.3636
582.0000 -0.3636
583.0000 -0.3636
584.0000 -0.3636
585.0000 -0.3636
586.0000 -0.3636
587.0000 -0.3636
588.0000 -0.3636
589.0000 -0.3636
590.0000 -0.3636
591.0000 -0.3636
592.0000 -0.3636
593.0000 -0.3636
594.0000 -0.3636
595.0000 -0.3636
596.0000 -0.3636
597.0000 -0.3636
598.0000 -0.3636
599.0000 -0.3636
600.0000 -0.3636
601.0000 -0.3636
602.0000 -0.3636
603.0000 -0.3636
604.0000 -0.3636
605.0000 -0.3636
606.0000 -0.3636
607.0000 -0.3636
608.0000 -0.3636
609.0000 -0.3636
610.0000 -0.3636
611.0000 -0.3636
612.0000 -0.3636
613.0000 -0.3636
614.0000 -0.3636
615.0000 -0.3636
616.0000 -0.3636
617.0000 -0.3636
618.0000 -0.3636
619.0000 -0.3636
620.0000 -0.3636
621.0000 -0.3636
622.0000 -0.3636
623.0000 -0.3636
624.0000 -0.3636
625.0000 -0.3636
626.0000 -0.3636
627.0000 -0.3636
628.0000 -0.3636
629.0000 -0.3636
630.0000 -0.3636
631.0000 -0.3636
632.0000 -0.3636
633.0000 -0.3636
634.0000 -0.3636
635.0000 -0.3636
636.0000 -0.3636
637.0000 -0.3636
638.0000 -0.3636
639.0000 -0.3636
640.0000 -0.3636
641.0000 -0.3636
642.0000 -0.3636
643.0000 -0.3636
644.0000 -0.3636
645.0000 -0.3636
646.0000 -0.3636
647.0000 -0.3636
648.0000 -0.3636
649.0000 -0.3636
650.0000 -0.3636
651.0000 -0.3636
652.0000 -0.3636
653.0000 -0.3636
654.0000 -0.3636
655.0000 -0.3636
656.0000 -0.3636
657.0000 -0.3636
658.0000 -0.3636
659.0000 -0.3636
660.0000 -0.3636
661.0000 -0.3636
662.0000 -0.3636
663.0000 -0.3636
664.0000 -0.3636
665.0000 -0.3636
666.0000 -0.3636
667.0000 -0.3636
668.0000 -0.3636
669.0000 -0.3636
670.0000 -0.3636
671.0000 -0.3636
672.0000 -0.3636
673.0000 -0.3636
674.0000 -0.3636
675.0000 -0.3636
676.0000 -0.3636
677.0000 -0.3636
678.0000 -0.3636
679.0000 -0.3636
680.0000 -0.3636
681.0000 -0.3636
682.0000 -0.3636
683.0000 -0.3636
684.0000 -0.3636
685.0000 -0.3636
686.0000 -0.3636
687.0000 -0.3636
688.0000 -0.3636
689.0000 -0.3636
690.0000 -0.3636
691.0000 -0.3636
692.0000 -0.3636
693.0000 -0.3636
694.0000 -0.3636
695.0000 -0.3636
696.0000 -0.3636
697.0000 -0.3636
698.0000 -0.3636
699.0000 -0.3636
700.0000 -0.3636
701.0000 -0.3636
702.0000 -0.3636
703.0000 -0.3636
704.0000 -0.3636
705.0000 -0.3636
706.0000 -0.3636
707.0000 -0.3636
708.0000 -0.3636
709.0000 -0.3636
710.0000 -0.3636
711.0000 2.6552
712.0000 1.1708
713.0000 1.8580
714.0000 1.2368
715.0000 1.3597
716.0000 1.0971
717.0000 1.0881
718.0000 0.9687
719.0000 0.9381
720.0000 0.8788
721.0000 0.8525
722.0000 0.8208
723.0000 0.8023
724.0000 0.7845
725.0000 0.7725
726.0000 0.7621
727.0000 0.7546
728.0000 0.7484
729.0000 0.7438
730.0000 0.7401
731.0000 0.7373
732.0000 0.7351
733.0000 0.7334
734.0000 0.7320
735.0000 0.7310
736.0000 0.7301
737.0000 0.7295
738.0000 0.7290
739.0000 0.7286
740.0000 0.7283
741.0000 0.7281
742.0000 0.7279
743.0000 0.7278
744.0000 0.7277
745.0000 0.7276
746.0000 0.7275
747.0000 0.7275
748.0000 0.7274
749.0000 0.7274
750.0000 0.7274
751.0000 0.7273
752.0000 0.7273
753.0000 0.7273
754.0000 0.7273
755.0000 0.7273
756.0000 0.7273
757.0000 0.7273
758.0000 0.7273
759.0000 0.7273
760.0000 0.7273
761.0000 0.7273
762.0000 0.7273
763.0000 0.7273
764.0000 0.7273
765.0000 0.7273
766.0000 0.7273
767.0000 0.7273
768.0000 0.7273
769.0000 0.7273
770.0000 0.7273
771.0000 0.7273
772.0000 0.7273
773.0000 0.7273
774.0000 0.7273
775.0000 0.7273
776.0000 0.7273
777.0000 0.7273
778.0000 0.7273
779.0000 0.7273
780.0000 0.7273
781.0000 0.7273
782.0000 0.7273
783.0000 0.7273
784.0000 0.7273
785.0000 0.7273
786.0000 0.7273
787.0000 0.7273
788.0000 0.7273
789.0000 0.7273
790.0000 0.7273
791.0000 0.7273
792.0000 0.7273
793.0000 0.7273
794.0000 0.7273
795.0000 0.7273
796.0000 0.7273
797.0000 0.7273
798.0000 0.7273
799.0000 0.7273
800.0000 0.7273
801.0000 0.7273
802.0000 0.7273
803.0000 0.7273
804.0000 0.7273
805.0000 0.7273
806.0000 0.7273
807.0000 0.7273
808.0000 0.7273
809.0000 0.7273
810.0000 0.7273
811.0000 0.7273
812.0000 0.7273
813.0000 0.7273
814.0000 0.7273
815.0000 0.7273
816.0000 0.7273
817.0000 0.7273
818.0000 0.7273
819.0000 0.7273
820.0000 0.7273
821.0000 0.7273
822.0000 0.7273
823.0000 0.7273
824.0000 0.7273
825.0000 0.7273
826.0000 0.7273
827.0000 0.7273
828.0000 0.7273
829.0000 0.7273
830.0000 0.7273
831.0000 0.7273
832.0000 0.7273
833.0000 0.7273
834.0000 0.7273
835.0000 0.7273
836.0000 0.7273
837.0000 0.7273
838.0000 0.7273
839.0000 0.7273
840.0000 0.7273
841.0000 0.7273
842.0000 0.7273
843.0000 0.7273
844.0000 0.7273
845.0000 0.7273
846.0000 0.7273
847.0000 0.7273
848.0000 0.7273
849.0000 0.7273
850.0000 0.7273
851.0000 0.7273
852.0000 0.7273
853.0000 0.7273
854.0000 0.7273
855.0000 0.7273
856.0000 0.7273
857.0000 0.7273
858.0000 0.7273
859.0000 0.7273
860.0000 0.7273
861.0000 0.7273
862.0000 0.7273
863.0000 0.7273
864.0000 0.7273
865.0000 0.7273
866.0000 0.7273
867.0000 0.7273
868.0000 0.7273
869.0000 0.7273
870.0000 0.7273
871.0000 0.7273
872.0000 0.7273
873.0000 0.7273
874.0000 0.7273
875.0000 0.7273
876.0000 0.7273
877.0000 0.7273
878.0000 0.7273
879.0000 0.7273
880.0000 0.7273
881.0000 0.7273
882.0000 0.7273
883.0000 0.7273
884.0000 0.7273
885.0000 0.7273
886.0000 0.7273
887.0000 0.7273
888.0000 0.7273
889.0000 0.7273
890.0000 0.7273
891.0000 0.7273
892.0000 0.7273
893.0000 0.7273
894.0000 0.7273
895.0000 0.7273
896.0000 0.7273
897.0000 0.7273
898.0000 0.7273
899.0000 0.7273
900.0000 0.7273
901.0000 0.7273
902.0000 0.7273
903.0000 0.7273
904.0000 0.7273
905.0000 0.7273
906.0000 0.7273
907.0000 0.7273
908.0000 0.7273
909.0000 0.7273
910.0000 0.7273
