1.0000 42.8700
2.0000 42.8700
3.0000 42.8700
4.0000 42.8700
5.0000 42.8700
6.0000 42.8100
7.0000 42.8700
8.0000 42.8700
9.0000 42.8700
10.0000 42.8700
11.0000 42.8700
12.0000 42.8700
13.0000 42.8700
14.0000 42.8700
15.0000 42.8700
16.0000 42.8700
17.0000 42.8700
18.0000 42.9300
19.0000 42.9300
20.0000 42.9300
21.0000 42.9300
22.0000 42.9300
23.0000 42.9300
24.0000 42.9300
25.0000 43.0000
26.0000 43.0000
27.0000 43.0000
28.0000 43.0000
29.0000 43.0600
30.0000 43.0600
31.0000 43.0600
32.0000 43.0600
33.0000 43.0600
34.0000 43.0600
35.0000 43.0600
36.0000 43.1200
37.0000 43.1200
38.0000 43.1200
39.0000 43.1200
40.0000 43.1200
41.0000 43.1800
42.0000 43.1800
43.0000 43.1800
44.0000 43.1800
45.0000 43.1800
46.0000 43.2500
47.0000 43.2500
48.0000 43.2500
49.0000 43.3100
50.0000 43.3100
51.0000 43.3100
52.0000 43.3100
53.0000 43.3100
54.0000 43.3100
55.0000 43.3700
56.0000 43.3100
57.0000 43.3700
58.0000 43.3700
59.0000 43.3700
60.0000 43.4300
61.0000 43.4300
62.0000 43.4300
63.0000 43.4300
64.0000 43.5000
65.0000 43.5000
66.0000 43.5000
67.0000 43.5000
68.0000 43.5000
69.0000 43.5600
70.0000 43.5600
71.0000 43.5600
72.0000 43.5600
73.0000 43.6200
74.0000 43.6200
75.0000 43.6200
76.0000 43.6200
77.0000 43.6200
78.0000 43.6200
79.0000 43.6200
80.0000 43.6200
81.0000 43.6200
82.0000 43.6200
83.0000 43.6800
84.0000 43.6800
85.0000 43.6800
86.0000 43.7500
87.0000 43.7500
88.0000 43.7500
89.0000 43.7500
90.0000 43.8100
91.0000 43.8100
92.0000 43.8100
93.0000 43.8100
94.0000 43.8100
95.0000 43.8100
96.0000 43.8100
97.0000 43.8700
98.0000 43.8700
99.0000 43.8700
100.0000 43.8700
101.0000 43.8700
102.0000 43.8700
103.0000 43.8700
104.0000 43.8700
105.0000 43.8700
106.0000 43.8700
107.0000 43.8700
108.0000 43.9300
109.0000 43.9300
110.0000 43.9300
111.0000 43.9300
112.0000 43.9300
113.0000 43.9300
114.0000 43.9300
115.0000 43.9300
116.0000 43.9300
117.0000 43.9300
118.0000 43.9300
119.0000 43.9300
120.0000 43.9300
121.0000 43.9300
122.0000 44.0000
123.0000 44.0000
124.0000 44.0000
125.0000 44.0000
126.0000 44.0000
127.0000 44.0000
128.0000 44.0000
129.0000 44.0000
130.0000 44.0000
131.0000 44.0000
132.0000 44.0000
133.0000 44.0600
134.0000 44.0600
135.0000 44.0600
136.0000 44.0600
137.0000 44.0600
138.0000 44.0600
139.0000 44.0600
140.0000 44.0600
141.0000 44.0600
142.0000 44.0600
143.0000 44.0600
144.0000 44.1200
145.0000 44.1200
146.0000 44.1200
147.0000 44.1200
148.0000 44.1200
149.0000 44.1200
150.0000 44.1200
151.0000 44.1200
152.0000 44.1200
153.0000 44.1200
154.0000 44.1200
155.0000 44.1200
156.0000 44.1200
157.0000 44.1200
158.0000 44.1200
159.0000 44.1200
160.0000 44.1800
161.0000 44.1800
162.0000 44.1800
163.0000 44.1800
164.0000 44.1800
165.0000 44.1800
166.0000 44.1800
167.0000 44.1800
168.0000 44.1800
169.0000 44.1800
170.0000 44.1800
171.0000 44.1800
172.0000 44.1800
173.0000 44.1800
174.0000 44.1800
175.0000 44.1800
176.0000 44.1800
177.0000 44.1800
178.0000 44.1800
179.0000 44.1800
180.0000 44.1800
181.0000 44.1800
182.0000 44.1800
183.0000 44.1800
184.0000 44.1800
185.0000 44.1800
186.0000 44.1800
187.0000 44.1800
188.0000 44.1800
189.0000 44.1800
190.0000 44.1800
191.0000 44.1800
192.0000 44.1800
193.0000 44.1200
194.0000 44.1800
195.0000 44.1800
196.0000 44.1800
197.0000 44.1800
198.0000 44.1800
199.0000 44.1800
200.0000 44.1800
201.0000 44.1800
202.0000 44.1800
203.0000 44.1800
204.0000 44.1800
205.0000 44.1800
206.0000 44.1800
207.0000 44.1800
208.0000 44.1800
209.0000 44.1800
210.0000 44.2500
211.0000 44.2500
212.0000 44.2500
213.0000 44.2500
214.0000 44.2500
215.0000 44.2500
216.0000 44.2500
217.0000 44.2500
218.0000 44.2500
219.0000 44.2500
220.0000 44.3100
221.0000 44.2500
222.0000 44.2500
223.0000 44.3100
224.0000 44.2500
225.0000 44.2500
226.0000 44.3100
227.0000 44.3100
228.0000 44.3100
229.0000 44.3100
230.0000 44.2500
231.0000 44.2500
232.0000 44.2500
233.0000 44.2500
234.0000 44.2500
235.0000 44.2500
236.0000 44.2500
237.0000 44.2500
238.0000 44.2500
239.0000 44.2500
240.0000 44.2500
241.0000 44.2500
242.0000 44.2500
243.0000 44.2500
244.0000 44.2500
245.0000 44.3100
246.0000 44.3100
247.0000 44.3100
248.0000 44.3100
249.0000 44.3100
250.0000 44.3100
251.0000 44.3100
252.0000 44.3100
253.0000 44.3100
254.0000 44.3100
255.0000 44.3100
256.0000 44.3100
257.0000 44.3100
258.0000 44.3100
259.0000 44.3100
260.0000 44.3100
261.0000 44.3100
262.0000 44.3100
263.0000 44.3100
264.0000 44.3100
265.0000 44.3100
266.0000 44.3100
267.0000 44.3100
268.0000 44.3100
269.0000 44.3100
270.0000 44.3100
271.0000 44.3100
272.0000 44.3100
273.0000 44.3700
274.0000 44.3100
275.0000 44.3100
276.0000 44.3100
277.0000 44.3100
278.0000 44.3100
279.0000 44.3100
280.0000 44.3100
281.0000 44.3100
282.0000 44.3100
283.0000 44.3100
284.0000 44.3100
285.0000 44.3100
286.0000 44.3100
287.0000 44.3100
288.0000 44.3100
289.0000 44.3100
290.0000 44.3100
291.0000 44.3700
292.0000 44.3700
293.0000 44.3100
294.0000 44.3100
295.0000 44.3100
296.0000 44.3100
297.0000 44.3100
298.0000 44.3100
299.0000 44.3100
300.0000 44.3100
301.0000 44.3100
302.0000 44.3100
303.0000 44.3100
304.0000 44.3100
305.0000 44.3100
306.0000 44.3100
307.0000 44.3100
308.0000 44.3100
309.0000 44.3100
310.0000 44.3100
