1.0000 36.1200
2.0000 34.9300
3.0000 34.9300
4.0000 34.9300
5.0000 35.0000
6.0000 35.0000
7.0000 35.0000
8.0000 35.0000
9.0000 35.0000
10.0000 35.0000
11.0000 35.0000
12.0000 35.0000
13.0000 35.0000
14.0000 35.0000
15.0000 35.0600
16.0000 35.0600
17.0000 35.0600
18.0000 35.1200
19.0000 35.1800
20.0000 35.1800
21.0000 35.2500
22.0000 35.3100
23.0000 35.3700
24.0000 35.4300
25.0000 35.5600
26.0000 35.6200
27.0000 35.7500
28.0000 35.8700
29.0000 35.9300
30.0000 36.0600
31.0000 36.1800
32.0000 36.3100
33.0000 36.4300
34.0000 36.6200
35.0000 36.7500
36.0000 36.8700
37.0000 37.0000
38.0000 37.1200
39.0000 37.2500
40.0000 37.3700
41.0000 37.5000
42.0000 37.6200
43.0000 37.7500
44.0000 37.8700
45.0000 38.0000
46.0000 38.0600
47.0000 38.1800
48.0000 38.3100
49.0000 38.3700
50.0000 38.5000
51.0000 38.5600
52.0000 38.6800
53.0000 38.7500
54.0000 38.8700
55.0000 38.9300
56.0000 39.0000
57.0000 39.0600
58.0000 39.1200
59.0000 39.1800
60.0000 39.2500
61.0000 39.3100
62.0000 39.3700
63.0000 39.4300
64.0000 39.5000
65.0000 39.5600
66.0000 39.6200
67.0000 39.6800
68.0000 39.7500
69.0000 39.8100
70.0000 39.8700
71.0000 39.8700
72.0000 39.9300
73.0000 40.0000
74.0000 40.0000
75.0000 40.0600
76.0000 40.1200
77.0000 40.1200
78.0000 40.1800
79.0000 40.1800
80.0000 40.2500
81.0000 40.2500
82.0000 40.3100
83.0000 40.3100
84.0000 40.3100
85.0000 40.3700
86.0000 40.3700
87.0000 40.3700
88.0000 40.3700
89.0000 40.4300
90.0000 40.4300
91.0000 40.4300
92.0000 40.4300
93.0000 40.4300
94.0000 40.4300
95.0000 40.5000
96.0000 40.5000
97.0000 40.5000
98.0000 40.5000
99.0000 40.5000
100.0000 40.5000
101.0000 40.5000
102.0000 40.5000
103.0000 40.5000
104.0000 40.5000
105.0000 40.5000
106.0000 40.5000
107.0000 40.5000
108.0000 40.5000
109.0000 40.5000
110.0000 40.5000
111.0000 40.5000
112.0000 40.5000
113.0000 40.5600
114.0000 40.5000
115.0000 40.5000
116.0000 40.5000
117.0000 40.5000
118.0000 40.5000
119.0000 40.5000
120.0000 40.5000
121.0000 40.5000
122.0000 40.5000
123.0000 40.5000
124.0000 40.4300
125.0000 40.5000
126.0000 40.4300
127.0000 40.4300
128.0000 40.4300
129.0000 40.4300
130.0000 40.4300
131.0000 40.4300
132.0000 40.4300
133.0000 40.4300
134.0000 40.4300
135.0000 40.3700
136.0000 40.3700
137.0000 40.3700
138.0000 40.3700
139.0000 40.3700
140.0000 40.3700
141.0000 40.3700
142.0000 40.4300
143.0000 40.3700
144.0000 40.3700
145.0000 40.3700
146.0000 40.3700
147.0000 40.3700
148.0000 40.3700
149.0000 40.3700
150.0000 40.3700
151.0000 40.3700
152.0000 40.3700
153.0000 40.3700
154.0000 40.3700
155.0000 40.3700
156.0000 40.3700
157.0000 40.3700
158.0000 40.3700
159.0000 40.3700
160.0000 40.3700
161.0000 40.3700
162.0000 40.3700
163.0000 40.3700
164.0000 40.3700
165.0000 40.3700
166.0000 40.3700
167.0000 40.3700
168.0000 40.3700
169.0000 40.3700
170.0000 40.3700
171.0000 40.3700
172.0000 40.3700
173.0000 40.3700
174.0000 40.3700
175.0000 40.3700
176.0000 40.3700
177.0000 40.3700
178.0000 40.3700
179.0000 40.3700
180.0000 40.3100
181.0000 40.3100
182.0000 40.3100
183.0000 40.3100
184.0000 40.3100
185.0000 40.3100
186.0000 40.3100
187.0000 40.3100
188.0000 40.3100
189.0000 40.3100
190.0000 40.3100
191.0000 40.2500
192.0000 40.2500
193.0000 40.3100
194.0000 40.2500
195.0000 40.3100
196.0000 40.2500
197.0000 40.2500
198.0000 40.2500
199.0000 40.2500
200.0000 40.2500
201.0000 40.2500
202.0000 40.2500
203.0000 40.2500
204.0000 40.3100
205.0000 40.3100
206.0000 40.3100
207.0000 40.3100
208.0000 40.3100
209.0000 40.3100
210.0000 40.3100
211.0000 40.3100
212.0000 40.3100
213.0000 40.3100
214.0000 40.3100
215.0000 40.3100
216.0000 40.3100
217.0000 40.3100
218.0000 40.3100
219.0000 40.2500
220.0000 40.2500
221.0000 40.2500
222.0000 40.1800
223.0000 40.1800
224.0000 40.1200
225.0000 40.0600
226.0000 40.0600
227.0000 40.0000
228.0000 39.9300
229.0000 39.8700
230.0000 39.8100
231.0000 39.7500
232.0000 39.6800
233.0000 39.6200
234.0000 39.5000
235.0000 39.4300
236.0000 39.3700
237.0000 39.3100
238.0000 39.2500
239.0000 39.1200
240.0000 39.0600
241.0000 39.0000
242.0000 38.9300
243.0000 38.8700
244.0000 38.8100
245.0000 38.7500
246.0000 38.6800
247.0000 38.6200
248.0000 38.5600
249.0000 38.5000
250.0000 38.5000
251.0000 38.4300
252.0000 38.4300
253.0000 38.3700
254.0000 38.3700
255.0000 38.3100
256.0000 38.3100
257.0000 38.3100
258.0000 38.2500
259.0000 38.2500
260.0000 38.2500
261.0000 38.2500
262.0000 38.1800
263.0000 38.1800
264.0000 38.1800
265.0000 38.1200
266.0000 38.1200
267.0000 38.1200
268.0000 38.1200
269.0000 38.1200
270.0000 38.1200
271.0000 38.1200
272.0000 38.1200
273.0000 38.1200
274.0000 38.1200
275.0000 38.1200
276.0000 38.1200
277.0000 38.1200
278.0000 38.1200
279.0000 38.1200
280.0000 38.1200
281.0000 38.1200
282.0000 38.1200
283.0000 38.1200
284.0000 38.1200
285.0000 38.1200
286.0000 38.1200
287.0000 38.1800
288.0000 38.1800
289.0000 38.1800
290.0000 38.1800
291.0000 38.1800
292.0000 38.1800
293.0000 38.1800
294.0000 38.1800
295.0000 38.1800
296.0000 38.1800
297.0000 38.1800
298.0000 38.1800
299.0000 38.1800
300.0000 38.2500
301.0000 38.2500
302.0000 38.2500
303.0000 38.2500
304.0000 38.2500
305.0000 38.2500
306.0000 38.2500
307.0000 38.2500
308.0000 38.2500
309.0000 38.2500
310.0000 38.3100
311.0000 38.3100
312.0000 38.3100
313.0000 38.3100
314.0000 38.3100
315.0000 38.3100
316.0000 38.3100
317.0000 38.3100
318.0000 38.3100
319.0000 38.3100
320.0000 38.3100
321.0000 38.3100
322.0000 38.3100
323.0000 38.3100
324.0000 38.3100
325.0000 38.3100
326.0000 38.3100
327.0000 38.3100
328.0000 38.3100
329.0000 38.3100
330.0000 38.3100
331.0000 38.3100
332.0000 38.3100
333.0000 38.3100
334.0000 38.3100
335.0000 38.3100
336.0000 38.3100
337.0000 38.2500
338.0000 38.2500
339.0000 38.2500
340.0000 38.2500
341.0000 38.2500
342.0000 38.2500
343.0000 38.2500
344.0000 38.2500
345.0000 38.2500
346.0000 38.2500
347.0000 38.2500
348.0000 38.2500
349.0000 38.2500
350.0000 38.2500
351.0000 38.2500
352.0000 38.2500
353.0000 38.2500
354.0000 38.2500
355.0000 38.2500
356.0000 38.2500
357.0000 38.2500
358.0000 38.2500
359.0000 38.1800
360.0000 38.1800
361.0000 38.1800
362.0000 38.1800
363.0000 38.1800
364.0000 38.1800
365.0000 38.1800
366.0000 38.1800
367.0000 38.1800
368.0000 38.1800
369.0000 38.1800
370.0000 38.1800
371.0000 38.1800
372.0000 38.1800
373.0000 38.1800
374.0000 38.1800
375.0000 38.1800
376.0000 38.1800
377.0000 38.1800
378.0000 38.1800
379.0000 38.1800
380.0000 38.1800
381.0000 38.1800
382.0000 38.1800
383.0000 38.1800
384.0000 38.1800
385.0000 38.1800
386.0000 38.1800
387.0000 38.1800
388.0000 38.1800
389.0000 38.1800
390.0000 38.1800
391.0000 38.1800
392.0000 38.1800
393.0000 38.1800
394.0000 38.1800
395.0000 38.1800
396.0000 38.1800
397.0000 38.1800
398.0000 38.2500
399.0000 38.1800
400.0000 38.1800
401.0000 38.1800
402.0000 38.1800
403.0000 38.1800
404.0000 38.1800
405.0000 38.1800
406.0000 38.1800
407.0000 38.1800
408.0000 38.1800
409.0000 38.1800
410.0000 38.1800
411.0000 38.1800
412.0000 38.1800
413.0000 38.1800
414.0000 38.1800
415.0000 38.1200
416.0000 38.1200
417.0000 38.1200
418.0000 38.1200
419.0000 38.1800
420.0000 38.1800
421.0000 38.2500
422.0000 38.2500
423.0000 38.3100
424.0000 38.3700
425.0000 38.4300
426.0000 38.5000
427.0000 38.6200
428.0000 38.6800
429.0000 38.8100
430.0000 38.9300
431.0000 39.0600
432.0000 39.1200
433.0000 39.3100
434.0000 39.4300
435.0000 39.5600
436.0000 39.6800
437.0000 39.8100
438.0000 39.9300
439.0000 40.0600
440.0000 40.1800
441.0000 40.3100
442.0000 40.4300
443.0000 40.5600
444.0000 40.6200
445.0000 40.7500
446.0000 40.8700
447.0000 40.9300
448.0000 41.0600
449.0000 41.1200
450.0000 41.1800
451.0000 41.3100
452.0000 41.3700
453.0000 41.4300
454.0000 41.5600
455.0000 41.6200
456.0000 41.6800
457.0000 41.7500
458.0000 41.8100
459.0000 41.8700
460.0000 41.9300
461.0000 42.0000
462.0000 42.0600
463.0000 42.1200
464.0000 42.1800
465.0000 42.2500
466.0000 42.3100
467.0000 42.3100
468.0000 42.3700
469.0000 42.4300
470.0000 42.5000
471.0000 42.5600
472.0000 42.6200
473.0000 42.6800
474.0000 42.7500
475.0000 42.7500
476.0000 42.8100
477.0000 42.8700
478.0000 42.9300
479.0000 42.9300
480.0000 43.0000
481.0000 43.0000
482.0000 43.0600
483.0000 43.1200
484.0000 43.1200
485.0000 43.1800
486.0000 43.1800
487.0000 43.2500
488.0000 43.2500
489.0000 43.3100
490.0000 43.3100
491.0000 43.3700
492.0000 43.3700
493.0000 43.4300
494.0000 43.4300
495.0000 43.5000
496.0000 43.5000
497.0000 43.5000
498.0000 43.5600
499.0000 43.5600
500.0000 43.6200
501.0000 43.6200
502.0000 43.6200
503.0000 43.6800
504.0000 43.6800
505.0000 43.6800
506.0000 43.6800
507.0000 43.7500
508.0000 43.7500
509.0000 43.7500
510.0000 43.8100
511.0000 43.8100
512.0000 43.8100
513.0000 43.8100
514.0000 43.8700
515.0000 43.8700
516.0000 43.8700
517.0000 43.8700
518.0000 43.9300
519.0000 43.9300
520.0000 43.9300
521.0000 43.9300
522.0000 44.0000
523.0000 44.0000
524.0000 44.0000
525.0000 44.0000
526.0000 44.0000
527.0000 44.0600
528.0000 44.0600
529.0000 44.0600
530.0000 44.0600
531.0000 44.1200
532.0000 44.1200
533.0000 44.1200
534.0000 44.1200
535.0000 44.1200
536.0000 44.1200
537.0000 44.1800
538.0000 44.1800
539.0000 44.1800
540.0000 44.1800
541.0000 44.1800
542.0000 44.2500
543.0000 44.2500
544.0000 44.2500
545.0000 44.3100
546.0000 44.3100
547.0000 44.3100
548.0000 44.3100
549.0000 44.3100
550.0000 44.3700
551.0000 44.3700
552.0000 44.3700
553.0000 44.3700
554.0000 44.4300
555.0000 44.4300
556.0000 44.4300
557.0000 44.4300
558.0000 44.4300
559.0000 44.4300
560.0000 44.4300
561.0000 44.4300
562.0000 44.4300
563.0000 44.4300
564.0000 44.4300
565.0000 44.5000
566.0000 44.5000
567.0000 44.5000
568.0000 44.5000
569.0000 44.5600
570.0000 44.5600
571.0000 44.5600
572.0000 44.5600
573.0000 44.5600
574.0000 44.6200
575.0000 44.6200
576.0000 44.6200
577.0000 44.6200
578.0000 44.6200
579.0000 44.6200
580.0000 44.6800
581.0000 44.6800
582.0000 44.6800
583.0000 44.6800
584.0000 44.7500
585.0000 44.7500
586.0000 44.7500
587.0000 44.7500
588.0000 44.7500
589.0000 44.8100
590.0000 44.8100
591.0000 44.8100
592.0000 44.8100
593.0000 44.8100
594.0000 44.8100
595.0000 44.8100
596.0000 44.8700
597.0000 44.8700
598.0000 44.8700
599.0000 44.8700
600.0000 44.8700
601.0000 44.8700
602.0000 44.8700
603.0000 44.8700
604.0000 44.8700
605.0000 44.8700
606.0000 44.8700
607.0000 44.9300
608.0000 44.9300
609.0000 44.9300
610.0000 44.9300
611.0000 44.9300
612.0000 44.9300
613.0000 44.9300
614.0000 44.9300
615.0000 44.9300
616.0000 44.9300
617.0000 44.9300
618.0000 44.9300
619.0000 44.9300
620.0000 44.8700
621.0000 44.8700
622.0000 44.8700
623.0000 44.8700
624.0000 44.8100
625.0000 44.8100
626.0000 44.7500
627.0000 44.6800
628.0000 44.6200
629.0000 44.5600
630.0000 44.5000
631.0000 44.4300
632.0000 44.3700
633.0000 44.3100
634.0000 44.2500
635.0000 44.1200
636.0000 44.0600
637.0000 44.0000
638.0000 43.8700
639.0000 43.8100
640.0000 43.7500
641.0000 43.6800
642.0000 43.6200
643.0000 43.5000
644.0000 43.5000
645.0000 43.3700
646.0000 43.3700
647.0000 43.3100
648.0000 43.2500
649.0000 43.1800
650.0000 43.1200
651.0000 43.1200
652.0000 43.0600
653.0000 43.0000
654.0000 43.0000
655.0000 42.9300
656.0000 42.9300
657.0000 42.8700
658.0000 42.8700
659.0000 42.8700
660.0000 42.8100
661.0000 42.8100
662.0000 42.8100
663.0000 42.7500
664.0000 42.7500
665.0000 42.7500
666.0000 42.6800
667.0000 42.6800
668.0000 42.6800
669.0000 42.6200
670.0000 42.6200
671.0000 42.6200
672.0000 42.6200
673.0000 42.6200
674.0000 42.5600
675.0000 42.5600
676.0000 42.5600
677.0000 42.5600
678.0000 42.5600
679.0000 42.5600
680.0000 42.5600
681.0000 42.5000
682.0000 42.5000
683.0000 42.5000
684.0000 42.5000
685.0000 42.5000
686.0000 42.5000
687.0000 42.5000
688.0000 42.5000
689.0000 42.5000
690.0000 42.5000
691.0000 42.5000
692.0000 42.5000
693.0000 42.5000
694.0000 42.5000
695.0000 42.5000
696.0000 42.5000
697.0000 42.5000
698.0000 42.5000
699.0000 42.5000
700.0000 42.5000
701.0000 42.5000
702.0000 42.5000
703.0000 42.5000
704.0000 42.5000
705.0000 42.5000
706.0000 42.5000
707.0000 42.5000
708.0000 42.5000
709.0000 42.5000
710.0000 42.5000
711.0000 42.5000
712.0000 42.5000
713.0000 42.4300
714.0000 42.4300
715.0000 42.4300
716.0000 42.4300
717.0000 42.4300
718.0000 42.4300
719.0000 42.4300
720.0000 42.5000
721.0000 42.4300
722.0000 42.4300
723.0000 42.5000
724.0000 42.5000
725.0000 42.5000
726.0000 42.5000
727.0000 42.5000
728.0000 42.5000
729.0000 42.5000
730.0000 42.5000
731.0000 42.5000
732.0000 42.5000
733.0000 42.5000
734.0000 42.5000
735.0000 42.5000
736.0000 42.5000
737.0000 42.5000
738.0000 42.5000
739.0000 42.5000
740.0000 42.5000
741.0000 42.5000
742.0000 42.5000
743.0000 42.5000
744.0000 42.5000
745.0000 42.5000
746.0000 42.5000
747.0000 42.5000
748.0000 42.5000
749.0000 42.5000
750.0000 42.5000
751.0000 42.5000
752.0000 42.5000
753.0000 42.5000
754.0000 42.5000
755.0000 42.5000
756.0000 42.5000
757.0000 42.5000
758.0000 42.4300
759.0000 42.5000
760.0000 42.5000
761.0000 42.4300
762.0000 42.5000
763.0000 42.4300
764.0000 42.4300
765.0000 42.4300
766.0000 42.4300
767.0000 42.4300
768.0000 42.4300
769.0000 42.4300
770.0000 42.3700
771.0000 42.3700
772.0000 42.3700
773.0000 42.3700
774.0000 42.3700
775.0000 42.3700
776.0000 42.3700
777.0000 42.3700
778.0000 42.3700
779.0000 42.3700
780.0000 42.3700
781.0000 42.3700
782.0000 42.3700
783.0000 42.3700
784.0000 42.3700
785.0000 42.3700
786.0000 42.3700
787.0000 42.3700
788.0000 42.3700
789.0000 42.3700
790.0000 42.3700
791.0000 42.3700
792.0000 42.3700
793.0000 42.3100
794.0000 42.3100
795.0000 42.3100
796.0000 42.3100
797.0000 42.3100
798.0000 42.3100
799.0000 42.3100
800.0000 42.3100
801.0000 42.3100
802.0000 42.3100
803.0000 42.3100
804.0000 42.3100
805.0000 42.3100
806.0000 42.3100
807.0000 42.3100
808.0000 42.3100
809.0000 42.3100
810.0000 42.3100
811.0000 42.3100
812.0000 42.3100
813.0000 42.3100
814.0000 42.3100
815.0000 42.3100
816.0000 42.3100
817.0000 42.3100
818.0000 42.3100
819.0000 42.3100
820.0000 42.3100
821.0000 42.3100
822.0000 42.3100
823.0000 42.3100
824.0000 42.3700
825.0000 42.3700
826.0000 42.3700
827.0000 42.3700
828.0000 42.3700
829.0000 42.4300
830.0000 42.4300
831.0000 42.4300
832.0000 42.5000
833.0000 42.5000
834.0000 42.5000
835.0000 42.5000
836.0000 42.5600
837.0000 42.5600
838.0000 42.5600
839.0000 42.5600
840.0000 42.6200
841.0000 42.6200
842.0000 42.6200
843.0000 42.6200
844.0000 42.6800
845.0000 42.6800
846.0000 42.6800
847.0000 42.7500
848.0000 42.7500
849.0000 42.7500
850.0000 42.8100
851.0000 42.8100
852.0000 42.8100
853.0000 42.8100
854.0000 42.8700
855.0000 42.8700
856.0000 42.8700
857.0000 42.8700
858.0000 42.8700
859.0000 42.8700
860.0000 42.9300
861.0000 42.9300
862.0000 42.9300
863.0000 42.9300
864.0000 42.9300
865.0000 43.0000
866.0000 43.0000
867.0000 43.0000
868.0000 43.0000
869.0000 43.0000
870.0000 43.0000
871.0000 43.0000
872.0000 43.0600
873.0000 43.0600
874.0000 43.0600
875.0000 43.0600
876.0000 43.0600
877.0000 43.0600
878.0000 43.1200
879.0000 43.1200
880.0000 43.1200
881.0000 43.1200
882.0000 43.1200
883.0000 43.1200
884.0000 43.0600
885.0000 43.1200
886.0000 43.0600
887.0000 43.1200
888.0000 43.1200
889.0000 43.1200
890.0000 43.1200
891.0000 43.0600
892.0000 43.0600
893.0000 43.0600
894.0000 43.0600
895.0000 43.0600
896.0000 43.0600
897.0000 43.0600
898.0000 43.0600
899.0000 43.0600
900.0000 43.0600
901.0000 43.0600
902.0000 43.0600
903.0000 43.0600
904.0000 43.0600
905.0000 43.0600
906.0000 43.0600
907.0000 43.0600
908.0000 43.0600
909.0000 43.1200
910.0000 43.1200
911.0000 43.1200
912.0000 43.1200
913.0000 43.0600
914.0000 43.0600
915.0000 43.1200
916.0000 43.1200
917.0000 43.0600
918.0000 43.0600
919.0000 43.0600
920.0000 43.0600
921.0000 43.1200
922.0000 43.1200
923.0000 43.1200
924.0000 43.1200
925.0000 43.1200
926.0000 43.0600
927.0000 43.1200
928.0000 43.0600
929.0000 43.0600
930.0000 43.0600
931.0000 43.0600
932.0000 43.0600
933.0000 43.0600
934.0000 43.0600
935.0000 43.0600
936.0000 43.0600
937.0000 43.0600
938.0000 43.0600
939.0000 43.0600
940.0000 43.0600
941.0000 43.0600
942.0000 43.0600
943.0000 43.0600
944.0000 43.0600
945.0000 43.0600
946.0000 43.0600
947.0000 43.0600
948.0000 43.0600
949.0000 43.0600
950.0000 43.0600
951.0000 43.0600
952.0000 43.0600
953.0000 43.0600
954.0000 43.0600
955.0000 43.0600
956.0000 43.0600
957.0000 43.0600
958.0000 43.0600
959.0000 43.0600
960.0000 43.0600
961.0000 43.0600
962.0000 43.0600
963.0000 43.0600
964.0000 43.0600
965.0000 43.0600
966.0000 43.0600
967.0000 43.0600
968.0000 43.0600
969.0000 43.0600
970.0000 43.0600
971.0000 43.0600
972.0000 43.0600
973.0000 43.0600
974.0000 43.0600
975.0000 43.0600
976.0000 43.0600
977.0000 43.0600
978.0000 43.0600
979.0000 43.0600
980.0000 43.0600
981.0000 43.0600
982.0000 43.0600
983.0000 43.0600
984.0000 43.0600
985.0000 43.0600
986.0000 43.0600
987.0000 43.0600
988.0000 43.0600
989.0000 43.0600
990.0000 43.0600
991.0000 43.0600
992.0000 43.0600
993.0000 43.0600
994.0000 43.0600
995.0000 43.0600
996.0000 43.0600
997.0000 43.0600
998.0000 43.0600
999.0000 43.0600
1000.0000 43.0600
1001.0000 43.0600
1002.0000 43.0600
1003.0000 43.0600
1004.0000 43.0600
1005.0000 43.0600
1006.0000 43.0600
1007.0000 43.0600
1008.0000 43.0600
1009.0000 43.0600
1010.0000 43.0600
1011.0000 43.0600
1012.0000 43.0600
1013.0000 43.1200
1014.0000 43.1200
1015.0000 43.1200
1016.0000 43.1200
1017.0000 43.0600
1018.0000 43.0600
1019.0000 43.0600
1020.0000 43.0000
1021.0000 43.0000
1022.0000 42.9300
1023.0000 42.8700
1024.0000 42.8100
1025.0000 42.6800
1026.0000 42.6200
1027.0000 42.5000
1028.0000 42.3700
1029.0000 42.2500
1030.0000 42.1200
1031.0000 42.0000
1032.0000 41.8100
1033.0000 41.6800
1034.0000 41.5000
1035.0000 41.3700
1036.0000 41.1800
1037.0000 41.0600
1038.0000 40.8700
1039.0000 40.6800
1040.0000 40.5600
1041.0000 40.3700
1042.0000 40.2500
1043.0000 40.1200
1044.0000 39.9300
1045.0000 39.8100
1046.0000 39.6800
1047.0000 39.5600
1048.0000 39.4300
1049.0000 39.3100
1050.0000 39.1800
1051.0000 39.0600
1052.0000 39.0000
1053.0000 38.9300
1054.0000 38.8100
1055.0000 38.7500
1056.0000 38.6800
1057.0000 38.6200
1058.0000 38.5000
1059.0000 38.4300
1060.0000 38.3700
1061.0000 38.3700
1062.0000 38.3100
1063.0000 38.2500
1064.0000 38.1800
1065.0000 38.1200
1066.0000 38.1200
1067.0000 38.0600
1068.0000 38.0000
1069.0000 38.0000
1070.0000 37.9300
1071.0000 37.9300
1072.0000 37.8700
1073.0000 37.8700
1074.0000 37.8100
1075.0000 37.8100
1076.0000 37.8100
1077.0000 37.8100
1078.0000 37.7500
1079.0000 37.7500
1080.0000 37.7500
1081.0000 37.7500
1082.0000 37.7500
1083.0000 37.7500
1084.0000 37.7500
1085.0000 37.7500
1086.0000 37.7500
1087.0000 37.7500
1088.0000 37.6800
1089.0000 37.6800
1090.0000 37.6800
1091.0000 37.6800
1092.0000 37.6800
1093.0000 37.6800
1094.0000 37.6800
1095.0000 37.6800
1096.0000 37.6800
1097.0000 37.7500
1098.0000 37.7500
1099.0000 37.6800
1100.0000 37.6800
1101.0000 37.7500
1102.0000 37.7500
1103.0000 37.7500
1104.0000 37.7500
1105.0000 37.7500
1106.0000 37.7500
1107.0000 37.7500
1108.0000 37.7500
1109.0000 37.7500
1110.0000 37.7500
1111.0000 37.7500
1112.0000 37.7500
1113.0000 37.7500
1114.0000 37.7500
1115.0000 37.6800
1116.0000 37.6800
1117.0000 37.6800
1118.0000 37.6800
1119.0000 37.6800
1120.0000 37.6800
1121.0000 37.6800
1122.0000 37.6800
1123.0000 37.6800
1124.0000 37.6800
1125.0000 37.6800
1126.0000 37.6800
1127.0000 37.6200
1128.0000 37.6200
1129.0000 37.6200
1130.0000 37.6200
1131.0000 37.6200
1132.0000 37.6200
1133.0000 37.6200
1134.0000 37.6200
1135.0000 37.6200
1136.0000 37.6200
1137.0000 37.5600
1138.0000 37.5600
1139.0000 37.5600
1140.0000 37.5600
1141.0000 37.5600
1142.0000 37.5600
1143.0000 37.5600
1144.0000 37.5600
1145.0000 37.5600
1146.0000 37.5600
1147.0000 37.5600
1148.0000 37.5600
1149.0000 37.5000
1150.0000 37.5000
1151.0000 37.5000
1152.0000 37.5000
1153.0000 37.5000
1154.0000 37.5000
1155.0000 37.5000
1156.0000 37.5000
1157.0000 37.5000
1158.0000 37.5000
1159.0000 37.5000
1160.0000 37.5000
1161.0000 37.4300
1162.0000 37.4300
1163.0000 37.4300
1164.0000 37.4300
1165.0000 37.4300
1166.0000 37.4300
1167.0000 37.4300
1168.0000 37.4300
1169.0000 37.4300
1170.0000 37.4300
1171.0000 37.4300
1172.0000 37.4300
1173.0000 37.4300
1174.0000 37.4300
1175.0000 37.4300
1176.0000 37.4300
1177.0000 37.4300
1178.0000 37.4300
1179.0000 37.3700
1180.0000 37.3700
1181.0000 37.3700
1182.0000 37.3700
1183.0000 37.3700
1184.0000 37.3700
1185.0000 37.3700
1186.0000 37.3100
1187.0000 37.3100
1188.0000 37.3100
1189.0000 37.3100
1190.0000 37.3100
1191.0000 37.3100
1192.0000 37.3100
1193.0000 37.3100
1194.0000 37.3100
1195.0000 37.3100
1196.0000 37.3100
1197.0000 37.2500
1198.0000 37.2500
1199.0000 37.2500
1200.0000 37.2500
1201.0000 37.2500
1202.0000 37.2500
1203.0000 37.2500
1204.0000 37.2500
1205.0000 37.2500
1206.0000 37.2500
1207.0000 37.2500
1208.0000 37.2500
1209.0000 37.2500
1210.0000 37.2500
