1.0000 36.0000
2.0000 36.0000
3.0000 36.0000
4.0000 36.0000
5.0000 36.0000
6.0000 36.0000
7.0000 36.0000
8.0000 36.0000
9.0000 36.0000
10.0000 83.5427
11.0000 60.4280
12.0000 60.9533
13.0000 61.4787
14.0000 62.0040
15.0000 62.5293
16.0000 63.0547
17.0000 63.5800
18.0000 64.1053
19.0000 63.7860
20.0000 64.7220
21.0000 64.5140
22.0000 65.3820
23.0000 65.1660
24.0000 65.3020
25.0000 65.3093
26.0000 65.4880
27.0000 65.5987
28.0000 65.7013
29.0000 65.6753
30.0000 65.0967
31.0000 65.5260
32.0000 65.4667
33.0000 64.8547
34.0000 65.2507
35.0000 65.1580
36.0000 64.5127
37.0000 64.8753
38.0000 64.0253
39.0000 64.4227
40.0000 63.5473
41.0000 63.9193
42.0000 63.1393
43.0000 63.3067
44.0000 62.5613
45.0000 61.9793
46.0000 62.2847
47.0000 61.4380
48.0000 61.5387
49.0000 60.7267
50.0000 60.0780
51.0000 60.3167
52.0000 59.4033
53.0000 59.4373
54.0000 58.5587
55.0000 58.6880
56.0000 57.6047
57.0000 57.7687
58.0000 57.5047
59.0000 57.1120
60.0000 56.1667
61.0000 56.2293
62.0000 55.8033
63.0000 55.5487
64.0000 54.5020
65.0000 54.4027
66.0000 54.1147
67.0000 54.4827
68.0000 53.7667
69.0000 53.4027
70.0000 52.9100
71.0000 52.5887
72.0000 52.1993
73.0000 51.8020
74.0000 51.2760
75.0000 51.6453
76.0000 50.8707
77.0000 50.4480
78.0000 50.0173
79.0000 50.3027
80.0000 49.3833
81.0000 48.9953
82.0000 49.2633
83.0000 48.4473
84.0000 48.7073
85.0000 48.6073
86.0000 47.7833
87.0000 48.0353
88.0000 47.9273
89.0000 46.9747
90.0000 47.2773
91.0000 46.4360
92.0000 46.6707
93.0000 46.5453
94.0000 45.6960
95.0000 45.9227
96.0000 45.7893
97.0000 45.6560
98.0000 45.5227
99.0000 45.3893
100.0000 44.5320
101.0000 45.4747
102.0000 44.9813
103.0000 44.1240
104.0000 45.0667
105.0000 44.5733
106.0000 44.4400
107.0000 44.3067
108.0000 44.1733
109.0000 44.0400
110.0000 43.9067
111.0000 44.4973
112.0000 44.0120
113.0000 43.8867
114.0000 44.4853
115.0000 44.0080
116.0000 43.8907
117.0000 43.7733
118.0000 43.6560
119.0000 43.5387
120.0000 44.2660
121.0000 43.7380
122.0000 43.6300
123.0000 43.5220
124.0000 44.1380
125.0000 43.6780
126.0000 43.5780
127.0000 44.2020
128.0000 43.7500
129.0000 43.6580
130.0000 44.2900
131.0000 43.8460
132.0000 43.7620
133.0000 43.6780
134.0000 44.4387
135.0000 43.9440
136.0000 44.5933
137.0000 44.1667
138.0000 44.1000
139.0000 44.7573
140.0000 44.3387
141.0000 45.0040
142.0000 44.5933
143.0000 44.5427
144.0000 44.4920
145.0000 45.2860
146.0000 44.8247
147.0000 44.7833
148.0000 44.7420
149.0000 45.4247
150.0000 45.0313
151.0000 44.9980
152.0000 45.6887
153.0000 45.3033
154.0000 45.2780
155.0000 45.9767
156.0000 45.5993
157.0000 45.5820
158.0000 45.5647
159.0000 46.3920
160.0000 45.9640
161.0000 45.9560
162.0000 45.9480
163.0000 45.9400
164.0000 46.6560
165.0000 45.5720
166.0000 46.6480
167.0000 46.2880
168.0000 46.2880
169.0000 46.2880
170.0000 46.2880
171.0000 46.2880
172.0000 46.2880
173.0000 46.2880
174.0000 46.2880
175.0000 46.2880
176.0000 46.2880
177.0000 46.2880
178.0000 47.0120
179.0000 45.9360
180.0000 46.2960
181.0000 47.0200
182.0000 46.6680
183.0000 45.9520
184.0000 47.0360
185.0000 46.6840
186.0000 46.6920
187.0000 46.7000
188.0000 45.9840
189.0000 46.3440
190.0000 46.3440
191.0000 46.3440
192.0000 46.3440
193.0000 46.3440
194.0000 46.3440
195.0000 46.3440
196.0000 46.3440
197.0000 45.6200
198.0000 45.9720
199.0000 45.9640
200.0000 45.9560
201.0000 45.9480
202.0000 45.9400
203.0000 45.9320
204.0000 45.9240
205.0000 45.9160
206.0000 45.0633
207.0000 45.4660
208.0000 45.4487
209.0000 45.4313
210.0000 21.2807
211.0000 32.9967
212.0000 32.7127
213.0000 32.4287
214.0000 32.1447
215.0000 31.8607
216.0000 31.5767
217.0000 31.2927
218.0000 31.8533
219.0000 31.1587
220.0000 30.8840
221.0000 31.3333
222.0000 30.7067
223.0000 31.1640
224.0000 30.5453
225.0000 31.0107
226.0000 30.4000
227.0000 30.9940
228.0000 31.0567
229.0000 31.1873
230.0000 30.6020
231.0000 31.1007
232.0000 31.3680
233.0000 31.4640
234.0000 31.6280
235.0000 31.8000
236.0000 32.1007
237.0000 32.2300
238.0000 33.1513
239.0000 33.1253
240.0000 33.2880
241.0000 33.5187
242.0000 33.7573
243.0000 34.1247
244.0000 34.3207
245.0000 34.5847
246.0000 35.7013
247.0000 34.8467
248.0000 35.4960
249.0000 35.7933
250.0000 36.0987
251.0000 36.5327
252.0000 36.7953
253.0000 37.1260
254.0000 37.4647
255.0000 37.0873
256.0000 37.9147
257.0000 38.2107
258.0000 38.5747
259.0000 38.9467
260.0000 38.6027
261.0000 39.4633
262.0000 39.7927
263.0000 39.4660
264.0000 40.2233
265.0000 39.9047
266.0000 40.6700
267.0000 40.3593
268.0000 41.2533
269.0000 40.8920
270.0000 40.9507
271.0000 41.7333
272.0000 41.4400
273.0000 41.5067
274.0000 42.2973
275.0000 42.0120
276.0000 42.0867
277.0000 42.1613
278.0000 42.2360
279.0000 42.3107
280.0000 42.3853
281.0000 42.4600
282.0000 43.2587
283.0000 42.9813
284.0000 43.0640
285.0000 43.1467
286.0000 42.5053
287.0000 42.9400
288.0000 43.0147
289.0000 43.0893
290.0000 43.1640
291.0000 43.2387
292.0000 43.3133
293.0000 42.6640
294.0000 43.0907
295.0000 43.1573
296.0000 43.2240
297.0000 42.5667
298.0000 42.9853
299.0000 43.0440
300.0000 43.1027
301.0000 43.1613
302.0000 42.3753
303.0000 42.8447
304.0000 42.8940
305.0000 42.9433
306.0000 42.2687
307.0000 42.6700
308.0000 42.7113
309.0000 42.7527
310.0000 42.7940
311.0000 42.8353
312.0000 42.1527
313.0000 42.5460
314.0000 42.5793
315.0000 41.8887
316.0000 42.2740
317.0000 42.2993
318.0000 42.3247
319.0000 42.3500
320.0000 42.3753
321.0000 41.5560
322.0000 41.9920
323.0000 42.0080
324.0000 42.0240
325.0000 42.0400
326.0000 41.3320
327.0000 41.7000
328.0000 41.7080
329.0000 41.7160
330.0000 41.7240
331.0000 41.7320
332.0000 41.7400
333.0000 41.7480
334.0000 41.7560
335.0000 41.7640
336.0000 41.0480
337.0000 41.4080
338.0000 41.4080
339.0000 41.4080
340.0000 40.6840
341.0000 41.0360
342.0000 41.0280
343.0000 41.0200
344.0000 41.0120
345.0000 41.0040
346.0000 40.1513
347.0000 40.5540
348.0000 40.5367
349.0000 40.5193
350.0000 40.5020
351.0000 41.3293
352.0000 40.9013
353.0000 40.8933
354.0000 40.8853
355.0000 40.8773
356.0000 40.8693
357.0000 40.8613
358.0000 40.8533
359.0000 40.8453
360.0000 40.8373
361.0000 40.8293
362.0000 40.8213
363.0000 40.8133
364.0000 40.8053
365.0000 40.7973
366.0000 41.5133
367.0000 41.1533
368.0000 41.1533
369.0000 41.1533
370.0000 41.1533
371.0000 41.1533
372.0000 41.1533
373.0000 40.4293
374.0000 41.5053
375.0000 41.1453
376.0000 41.1453
377.0000 41.1453
378.0000 40.4213
379.0000 40.7733
380.0000 40.7653
381.0000 41.4813
382.0000 41.1213
383.0000 40.3973
384.0000 40.7493
385.0000 40.7413
386.0000 40.7333
387.0000 40.7253
388.0000 41.4413
389.0000 40.3573
390.0000 40.7093
391.0000 41.4253
392.0000 41.0653
393.0000 41.0653
394.0000 41.0653
395.0000 41.0653
396.0000 41.0653
397.0000 41.0653
398.0000 41.0653
399.0000 41.0653
400.0000 41.0653
401.0000 41.0653
402.0000 41.0653
403.0000 41.0653
404.0000 41.0653
405.0000 41.0653
406.0000 41.0653
407.0000 41.0653
408.0000 41.0653
409.0000 41.0653
410.0000 100.0000
411.0000 58.9333
412.0000 59.8667
413.0000 60.8000
414.0000 61.7333
415.0000 62.6667
416.0000 63.6000
417.0000 64.5333
418.0000 64.7427
419.0000 66.0280
420.0000 66.1087
421.0000 67.4447
422.0000 68.3607
423.0000 68.5527
424.0000 69.8207
425.0000 70.0047
426.0000 70.5407
427.0000 70.9480
428.0000 71.5267
429.0000 72.0373
430.0000 72.5400
431.0000 72.9140
432.0000 73.4593
433.0000 73.9367
434.0000 74.4060
435.0000 74.7467
436.0000 75.2587
437.0000 75.7027
438.0000 75.2940
439.0000 76.1327
440.0000 76.5433
441.0000 76.9460
442.0000 76.4960
443.0000 77.2933
444.0000 76.8180
445.0000 77.5900
446.0000 77.2100
447.0000 77.7773
448.0000 78.1560
449.0000 77.7427
450.0000 77.5527
451.0000 78.2500
452.0000 77.6747
453.0000 78.3467
454.0000 77.8667
455.0000 77.6100
456.0000 78.2407
457.0000 77.5987
458.0000 78.2040
459.0000 77.6573
460.0000 78.0580
461.0000 77.5460
462.0000 77.1973
463.0000 77.7360
464.0000 77.1227
465.0000 77.4567
466.0000 76.8780
467.0000 77.3073
468.0000 77.2480
469.0000 76.6360
470.0000 77.0320
471.0000 76.9393
472.0000 76.2940
473.0000 76.6567
474.0000 75.8067
475.0000 76.2040
476.0000 76.1733
477.0000 76.0140
478.0000 76.0260
479.0000 75.2460
480.0000 75.4133
481.0000 75.3920
482.0000 75.3027
483.0000 75.2053
484.0000 74.2553
485.0000 74.5527
486.0000 74.4220
487.0000 74.1627
488.0000 74.0747
489.0000 73.9187
490.0000 73.7547
491.0000 73.4620
492.0000 73.3407
493.0000 73.1513
494.0000 72.9540
495.0000 72.6280
496.0000 73.1973
497.0000 72.6227
498.0000 72.4000
499.0000 72.1693
500.0000 71.8100
501.0000 72.3460
502.0000 71.7380
503.0000 71.4820
504.0000 71.2180
505.0000 71.6700
506.0000 70.9173
507.0000 70.6960
508.0000 71.1307
509.0000 70.4813
510.0000 70.1840
511.0000 70.6027
512.0000 69.8167
513.0000 70.2860
514.0000 69.6113
515.0000 69.2887
516.0000 69.6820
517.0000 68.9913
518.0000 69.3767
519.0000 68.5573
520.0000 68.9933
521.0000 69.0093
522.0000 68.3013
523.0000 68.6693
524.0000 68.6773
525.0000 67.9613
526.0000 68.3213
527.0000 68.3213
528.0000 68.3213
529.0000 67.5973
530.0000 67.9493
531.0000 67.9413
532.0000 67.0887
533.0000 67.4913
534.0000 67.4740
535.0000 67.4567
536.0000 67.4393
537.0000 67.4220
538.0000 67.4047
539.0000 66.6633
540.0000 66.9980
541.0000 66.9727
542.0000 66.9473
543.0000 66.9220
544.0000 66.8967
545.0000 66.1473
546.0000 66.4740
547.0000 66.4407
548.0000 65.6833
549.0000 66.0020
550.0000 65.9607
551.0000 65.9193
552.0000 65.8780
553.0000 65.8367
554.0000 65.7953
555.0000 65.7540
556.0000 65.7127
557.0000 65.6713
558.0000 64.7853
559.0000 65.1547
560.0000 65.1040
561.0000 65.0533
562.0000 65.0027
563.0000 64.9520
564.0000 64.9013
565.0000 64.8507
566.0000 65.6447
567.0000 64.3387
568.0000 64.7080
569.0000 64.6573
570.0000 64.6067
571.0000 64.5560
572.0000 64.5053
573.0000 64.4547
574.0000 64.4040
575.0000 64.3533
576.0000 65.1473
577.0000 64.6860
578.0000 64.6447
579.0000 64.6033
580.0000 64.5620
581.0000 64.5207
582.0000 64.4793
583.0000 64.4380
584.0000 64.3967
585.0000 64.3553
586.0000 64.3140
587.0000 64.2727
588.0000 64.9553
589.0000 64.5620
590.0000 64.5287
591.0000 64.4953
592.0000 64.4620
593.0000 64.4287
594.0000 64.3953
595.0000 64.3620
596.0000 64.3287
597.0000 64.2953
598.0000 64.2620
599.0000 64.2287
600.0000 64.9193
601.0000 64.5340
602.0000 64.5087
603.0000 64.4833
604.0000 64.4580
605.0000 64.4327
606.0000 64.4073
607.0000 64.3820
608.0000 64.3567
609.0000 64.3313
610.0000 28.1060
611.0000 46.4047
612.0000 45.6273
613.0000 45.2100
614.0000 44.7927
615.0000 44.3753
616.0000 43.9580
617.0000 43.5407
618.0000 43.1233
619.0000 42.7060
620.0000 43.1333
621.0000 42.3053
622.0000 41.8973
623.0000 42.2133
624.0000 41.4533
625.0000 41.7773
626.0000 41.7493
627.0000 41.0053
628.0000 41.4660
629.0000 41.3953
630.0000 41.3927
631.0000 41.3980
632.0000 41.5320
633.0000 41.4947
634.0000 41.5253
635.0000 41.5640
636.0000 41.7313
637.0000 41.7273
638.0000 41.7913
639.0000 41.8633
640.0000 42.0640
641.0000 42.0933
642.0000 42.1907
643.0000 42.2960
644.0000 42.5300
645.0000 43.3167
646.0000 43.0953
647.0000 43.3627
648.0000 43.4587
649.0000 43.6227
650.0000 43.7947
651.0000 44.0953
652.0000 44.2247
653.0000 44.4220
654.0000 45.4720
655.0000 45.2747
656.0000 45.5053
657.0000 45.7440
658.0000 46.1113
659.0000 46.3073
660.0000 46.5713
661.0000 46.8433
662.0000 46.3993
663.0000 47.1600
664.0000 47.3893
665.0000 47.6867
666.0000 47.9920
667.0000 48.4260
668.0000 47.9647
669.0000 48.6473
670.0000 48.2540
671.0000 48.9447
672.0000 48.5593
673.0000 49.2580
674.0000 48.8807
675.0000 49.7080
676.0000 50.0040
677.0000 49.6440
678.0000 49.6440
679.0000 50.3680
680.0000 50.0160
681.0000 50.7480
682.0000 50.4040
683.0000 50.4200
684.0000 51.2807
685.0000 50.8860
686.0000 50.9113
687.0000 50.9367
688.0000 50.9620
689.0000 50.9873
690.0000 51.0127
691.0000 51.0380
692.0000 51.0633
693.0000 51.0887
694.0000 51.1140
695.0000 51.8633
696.0000 50.8127
697.0000 51.1980
698.0000 51.9473
699.0000 51.6207
700.0000 51.6540
701.0000 51.6873
702.0000 50.9967
703.0000 52.1060
704.0000 51.0553
705.0000 51.4407
706.0000 51.4660
707.0000 51.4913
708.0000 51.5167
709.0000 51.5420
710.0000 51.5673
711.0000 51.5927
712.0000 51.6180
713.0000 51.6433
714.0000 51.6687
715.0000 50.8493
716.0000 51.2853
717.0000 51.3013
718.0000 51.3173
719.0000 51.3333
720.0000 51.3493
721.0000 51.3653
722.0000 51.3813
723.0000 51.3973
724.0000 51.4133
725.0000 51.4293
726.0000 50.7213
727.0000 51.0893
728.0000 51.0973
729.0000 51.1053
730.0000 51.1133
731.0000 51.1213
732.0000 51.1293
733.0000 51.1373
734.0000 50.4213
735.0000 51.5053
736.0000 51.1533
737.0000 51.1613
738.0000 51.1693
739.0000 51.1773
740.0000 51.1853
741.0000 51.1933
742.0000 51.2013
743.0000 50.4853
744.0000 50.8453
745.0000 50.8453
746.0000 50.8453
747.0000 50.8453
748.0000 50.8453
749.0000 50.8453
750.0000 50.8453
751.0000 50.8453
752.0000 50.8453
753.0000 50.8453
754.0000 50.1213
755.0000 50.4733
756.0000 50.4653
757.0000 50.4573
758.0000 50.4493
759.0000 50.4413
760.0000 50.4333
761.0000 50.4253
762.0000 50.4173
763.0000 50.4093
764.0000 50.4013
765.0000 49.5487
766.0000 49.9513
767.0000 49.9340
768.0000 49.9167
769.0000 49.8993
770.0000 49.8820
771.0000 49.8647
772.0000 49.8473
773.0000 49.8300
774.0000 49.8127
775.0000 49.7953
776.0000 49.7780
777.0000 49.7607
778.0000 49.7433
779.0000 49.7260
780.0000 49.7087
781.0000 49.6913
782.0000 49.6740
783.0000 49.6567
784.0000 49.6393
785.0000 49.6220
786.0000 49.6047
787.0000 49.5873
788.0000 49.5700
789.0000 49.5527
790.0000 49.5353
791.0000 49.5180
792.0000 49.5007
793.0000 49.4833
794.0000 49.4660
795.0000 49.4487
796.0000 49.4313
797.0000 49.4140
798.0000 49.3967
799.0000 49.3793
800.0000 49.3620
801.0000 49.3447
802.0000 50.1720
803.0000 49.7440
804.0000 49.7360
805.0000 49.7280
806.0000 49.7200
807.0000 49.7120
808.0000 49.7040
809.0000 49.6960
810.0000 61.7547
811.0000 55.8800
812.0000 56.0053
813.0000 56.1307
814.0000 56.2560
815.0000 56.3813
816.0000 56.5067
817.0000 56.6320
818.0000 56.7573
819.0000 56.8827
820.0000 57.0080
821.0000 57.1333
822.0000 57.2587
823.0000 57.3840
824.0000 57.5093
825.0000 56.7900
826.0000 57.3260
827.0000 57.4420
828.0000 57.5580
829.0000 57.6740
830.0000 57.7900
831.0000 57.9060
832.0000 57.2980
833.0000 57.7660
834.0000 57.8740
835.0000 57.9820
836.0000 58.0900
837.0000 57.4740
838.0000 57.9340
839.0000 58.0340
840.0000 58.1340
841.0000 57.5100
842.0000 57.9620
843.0000 58.0540
844.0000 58.1460
845.0000 57.3933
846.0000 57.8960
847.0000 57.9787
848.0000 57.3373
849.0000 57.7720
850.0000 57.8467
851.0000 57.9213
852.0000 57.2720
853.0000 57.6987
854.0000 57.7653
855.0000 57.1080
856.0000 57.5267
857.0000 57.5853
858.0000 56.7993
859.0000 57.2687
860.0000 57.3180
861.0000 57.3673
862.0000 56.6927
863.0000 57.0940
864.0000 57.1353
865.0000 57.1767
866.0000 57.2180
867.0000 56.5353
868.0000 56.9287
869.0000 56.9620
870.0000 56.9953
871.0000 56.3047
872.0000 56.6900
873.0000 56.7153
874.0000 55.8960
875.0000 56.3320
876.0000 56.3480
877.0000 55.6400
878.0000 56.0080
879.0000 56.0160
880.0000 56.0240
881.0000 56.0320
882.0000 56.0400
883.0000 56.0480
884.0000 56.0560
885.0000 56.0640
886.0000 56.0720
887.0000 56.0800
888.0000 56.0880
889.0000 56.0960
890.0000 55.3800
891.0000 55.7400
892.0000 55.7400
893.0000 55.7400
894.0000 55.7400
895.0000 55.7400
896.0000 55.7400
897.0000 55.7400
898.0000 55.7400
899.0000 55.0160
900.0000 55.3680
901.0000 55.3600
902.0000 55.3520
903.0000 55.3440
904.0000 55.3360
905.0000 55.3280
906.0000 55.3200
907.0000 55.3120
908.0000 55.3040
909.0000 55.2960
910.0000 55.2880
911.0000 55.2800
912.0000 55.2720
913.0000 55.2640
914.0000 55.2560
915.0000 55.2480
916.0000 55.2400
917.0000 55.2320
918.0000 55.2240
919.0000 55.2160
920.0000 55.2080
921.0000 55.2000
922.0000 55.1920
923.0000 55.1840
924.0000 55.1760
925.0000 55.1680
926.0000 55.1600
927.0000 55.1520
928.0000 55.1440
929.0000 55.1360
930.0000 55.1280
931.0000 55.1200
932.0000 55.1120
933.0000 55.1040
934.0000 55.0960
935.0000 55.0880
936.0000 55.0800
937.0000 55.0720
938.0000 55.0640
939.0000 55.0560
940.0000 55.0480
941.0000 55.0400
942.0000 55.0320
943.0000 55.0240
944.0000 55.0160
945.0000 55.0080
946.0000 55.0000
947.0000 54.9920
948.0000 54.1393
949.0000 54.5420
950.0000 54.5247
951.0000 54.5073
952.0000 54.4900
953.0000 54.4727
954.0000 54.4553
955.0000 54.4380
956.0000 54.4207
957.0000 54.4033
958.0000 54.3860
959.0000 54.3687
960.0000 54.3513
961.0000 54.3340
962.0000 54.3167
963.0000 54.2993
964.0000 53.5580
965.0000 53.8927
966.0000 53.8673
967.0000 53.8420
968.0000 53.8167
969.0000 53.7913
970.0000 53.7660
971.0000 53.7407
972.0000 53.7153
973.0000 53.6900
974.0000 53.6647
975.0000 53.6393
976.0000 53.6140
977.0000 53.5887
978.0000 53.5633
979.0000 53.5380
980.0000 54.2367
981.0000 53.8593
982.0000 53.8420
983.0000 53.8247
984.0000 53.8073
985.0000 53.7900
986.0000 53.7727
987.0000 53.7553
988.0000 53.7380
989.0000 53.7207
990.0000 53.7033
991.0000 53.6860
992.0000 53.6687
993.0000 53.6513
994.0000 53.6340
995.0000 53.6167
996.0000 53.5993
997.0000 53.5820
998.0000 53.5647
999.0000 53.5473
1000.0000 53.5300
1001.0000 53.5127
1002.0000 53.4953
1003.0000 54.3227
1004.0000 53.8947
1005.0000 53.0420
1006.0000 53.4447
1007.0000 53.4273
1008.0000 53.4100
1009.0000 53.3927
1010.0000 0.0000
1011.0000 35.1827
1012.0000 34.3653
1013.0000 33.5480
1014.0000 33.5753
1015.0000 32.3473
1016.0000 31.5393
1017.0000 30.7313
1018.0000 30.6473
1019.0000 29.4873
1020.0000 29.4113
1021.0000 28.2593
1022.0000 28.1913
1023.0000 27.8920
1024.0000 27.4213
1025.0000 26.2947
1026.0000 26.2520
1027.0000 25.8573
1028.0000 26.3153
1029.0000 25.5260
1030.0000 25.1647
1031.0000 24.9320
1032.0000 24.5280
1033.0000 24.9160
1034.0000 25.0807
1035.0000 24.3580
1036.0000 24.0633
1037.0000 24.6213
1038.0000 24.6560
1039.0000 24.1633
1040.0000 24.5833
1041.0000 24.8400
1042.0000 24.9333
1043.0000 25.2233
1044.0000 24.6260
1045.0000 25.1807
1046.0000 25.5120
1047.0000 25.6800
1048.0000 26.0447
1049.0000 26.2460
1050.0000 26.6440
1051.0000 26.8787
1052.0000 27.3100
1053.0000 27.5780
1054.0000 28.0427
1055.0000 28.3440
1056.0000 28.8420
1057.0000 29.1767
1058.0000 28.9840
1059.0000 29.7040
1060.0000 30.2607
1061.0000 29.9300
1062.0000 30.7513
1063.0000 31.3493
1064.0000 31.7840
1065.0000 31.6913
1066.0000 31.7873
1067.0000 32.6753
1068.0000 32.6160
1069.0000 33.4693
1070.0000 33.3147
1071.0000 33.6487
1072.0000 34.5353
1073.0000 34.4140
1074.0000 34.7813
1075.0000 34.9773
1076.0000 35.2413
1077.0000 35.5133
1078.0000 35.9140
1079.0000 36.1433
1080.0000 36.4407
1081.0000 36.7460
1082.0000 37.1800
1083.0000 36.7187
1084.0000 37.4013
1085.0000 37.7320
1086.0000 38.0707
1087.0000 37.6933
1088.0000 37.6760
1089.0000 38.5033
1090.0000 38.0753
1091.0000 38.0673
1092.0000 38.7833
1093.0000 38.4233
1094.0000 39.1473
1095.0000 38.7953
1096.0000 38.8033
1097.0000 38.8113
1098.0000 38.8193
1099.0000 39.5513
1100.0000 39.2073
1101.0000 39.2233
1102.0000 39.2393
1103.0000 39.2553
1104.0000 39.2713
1105.0000 39.2873
1106.0000 39.3033
1107.0000 39.3193
1108.0000 39.3353
1109.0000 39.3513
1110.0000 39.3673
1111.0000 39.3833
1112.0000 39.3993
1113.0000 39.4153
1114.0000 39.4313
1115.0000 39.4473
1116.0000 39.4633
1117.0000 38.7553
1118.0000 39.1233
1119.0000 39.1313
1120.0000 39.1393
1121.0000 39.1473
1122.0000 38.4313
1123.0000 38.7913
1124.0000 38.7913
1125.0000 38.7913
1126.0000 38.7913
1127.0000 38.7913
1128.0000 38.7913
1129.0000 38.0673
1130.0000 38.4193
1131.0000 38.4113
1132.0000 38.4033
1133.0000 38.3953
1134.0000 38.3873
1135.0000 37.5347
1136.0000 38.7820
1137.0000 37.5093
1138.0000 38.7567
1139.0000 38.3287
1140.0000 38.3207
1141.0000 38.3127
1142.0000 38.3047
1143.0000 37.4520
1144.0000 37.8547
1145.0000 37.8373
1146.0000 37.8200
1147.0000 37.8027
1148.0000 37.7853
1149.0000 37.7680
1150.0000 37.7507
1151.0000 37.7333
1152.0000 37.7160
1153.0000 37.6987
1154.0000 37.6813
1155.0000 37.6640
1156.0000 36.9227
1157.0000 37.9813
1158.0000 37.6040
1159.0000 36.8627
1160.0000 37.9213
1161.0000 37.5440
1162.0000 37.5267
1163.0000 37.5093
1164.0000 37.4920
1165.0000 37.4747
1166.0000 37.4573
1167.0000 37.4400
1168.0000 37.4227
1169.0000 37.4053
1170.0000 37.3880
1171.0000 37.3707
1172.0000 37.3533
1173.0000 38.1807
1174.0000 36.9080
1175.0000 37.3107
1176.0000 37.2933
1177.0000 38.1207
1178.0000 37.6927
1179.0000 37.6847
1180.0000 37.6767
1181.0000 37.6687
1182.0000 37.6607
1183.0000 37.6527
1184.0000 37.6447
1185.0000 37.6367
1186.0000 37.6287
1187.0000 37.6207
1188.0000 37.6127
1189.0000 38.3287
1190.0000 37.9687
1191.0000 37.9687
1192.0000 37.9687
1193.0000 37.9687
1194.0000 37.9687
1195.0000 37.9687
1196.0000 37.9687
1197.0000 37.9687
1198.0000 37.9687
1199.0000 37.9687
1200.0000 37.9687
1201.0000 37.9687
1202.0000 38.6927
1203.0000 38.3407
1204.0000 38.3487
1205.0000 38.3567
1206.0000 38.3647
1207.0000 38.3727
1208.0000 38.3807
1209.0000 38.3887
1210.0000 38.3967
