1.0000 36.1200
2.0000 36.1200
3.0000 36.1200
4.0000 36.1200
5.0000 36.1200
6.0000 36.1200
7.0000 36.1200
8.0000 36.1200
9.0000 36.1200
10.0000 36.1800
11.0000 36.1800
12.0000 36.1800
13.0000 36.1800
14.0000 36.1800
15.0000 36.1800
16.0000 36.1800
17.0000 36.1800
18.0000 36.1800
19.0000 36.2500
20.0000 36.2500
21.0000 36.3100
22.0000 36.3100
23.0000 36.3700
24.0000 36.4300
25.0000 36.5000
26.0000 36.5600
27.0000 36.6200
28.0000 36.6800
29.0000 36.7500
30.0000 36.8700
31.0000 36.9300
32.0000 37.0000
33.0000 37.1200
34.0000 37.1800
35.0000 37.2500
36.0000 37.3700
37.0000 37.4300
38.0000 37.5600
39.0000 37.6200
40.0000 37.7500
41.0000 37.8100
42.0000 37.9300
43.0000 38.0000
44.0000 38.1200
45.0000 38.2500
46.0000 38.3100
47.0000 38.4300
48.0000 38.5000
49.0000 38.6200
50.0000 38.7500
51.0000 38.8100
52.0000 38.9300
53.0000 39.0000
54.0000 39.1200
55.0000 39.1800
56.0000 39.3100
57.0000 39.3700
58.0000 39.4300
59.0000 39.5000
60.0000 39.6200
61.0000 39.6800
62.0000 39.7500
63.0000 39.8100
64.0000 39.9300
65.0000 40.0000
66.0000 40.0600
67.0000 40.0600
68.0000 40.1200
69.0000 40.1800
70.0000 40.2500
71.0000 40.3100
72.0000 40.3700
73.0000 40.4300
74.0000 40.5000
75.0000 40.5000
76.0000 40.5600
77.0000 40.6200
78.0000 40.6800
79.0000 40.6800
80.0000 40.7500
81.0000 40.8100
82.0000 40.8100
83.0000 40.8700
84.0000 40.8700
85.0000 40.8700
86.0000 40.9300
87.0000 40.9300
88.0000 40.9300
89.0000 41.0000
90.0000 41.0000
91.0000 41.0600
92.0000 41.0600
93.0000 41.0600
94.0000 41.1200
95.0000 41.1200
96.0000 41.1200
97.0000 41.1200
98.0000 41.1200
99.0000 41.1200
100.0000 41.1800
101.0000 41.1200
102.0000 41.1200
103.0000 41.1800
104.0000 41.1200
105.0000 41.1200
106.0000 41.1200
107.0000 41.1200
108.0000 41.1200
109.0000 41.1200
110.0000 41.1200
111.0000 41.0600
112.0000 41.0600
113.0000 41.0600
114.0000 41.0000
115.0000 41.0000
116.0000 41.0000
117.0000 41.0000
118.0000 41.0000
119.0000 41.0000
120.0000 40.9300
121.0000 40.9300
122.0000 40.9300
123.0000 40.9300
124.0000 40.8700
125.0000 40.8700
126.0000 40.8700
127.0000 40.8100
128.0000 40.8100
129.0000 40.8100
130.0000 40.7500
131.0000 40.7500
132.0000 40.7500
133.0000 40.7500
134.0000 40.6800
135.0000 40.6800
136.0000 40.6200
137.0000 40.6200
138.0000 40.6200
139.0000 40.5600
140.0000 40.5600
141.0000 40.5000
142.0000 40.5000
143.0000 40.5000
144.0000 40.5000
145.0000 40.4300
146.0000 40.4300
147.0000 40.4300
148.0000 40.4300
149.0000 40.3700
150.0000 40.3700
151.0000 40.3700
152.0000 40.3100
153.0000 40.3100
154.0000 40.3100
155.0000 40.2500
156.0000 40.2500
157.0000 40.2500
158.0000 40.2500
159.0000 40.1800
160.0000 40.1800
161.0000 40.1800
162.0000 40.1800
163.0000 40.1800
164.0000 40.1200
165.0000 40.1800
166.0000 40.1200
167.0000 40.1200
168.0000 40.1200
169.0000 40.1200
170.0000 40.1200
171.0000 40.1200
172.0000 40.1200
173.0000 40.1200
174.0000 40.1200
175.0000 40.1200
176.0000 40.1200
177.0000 40.1200
178.0000 40.0600
179.0000 40.1200
180.0000 40.1200
181.0000 40.0600
182.0000 40.0600
183.0000 40.1200
184.0000 40.0600
185.0000 40.0600
186.0000 40.0600
187.0000 40.0600
188.0000 40.1200
189.0000 40.1200
190.0000 40.1200
191.0000 40.1200
192.0000 40.1200
193.0000 40.1200
194.0000 40.1200
195.0000 40.1200
196.0000 40.1200
197.0000 40.1800
198.0000 40.1800
199.0000 40.1800
200.0000 40.1800
201.0000 40.1800
202.0000 40.1800
203.0000 40.1800
204.0000 40.1800
205.0000 40.1800
206.0000 40.2500
207.0000 40.2500
208.0000 40.2500
209.0000 40.2500
210.0000 40.2500
211.0000 40.2500
212.0000 40.2500
213.0000 40.2500
214.0000 40.2500
215.0000 40.2500
216.0000 40.2500
217.0000 40.2500
218.0000 40.1800
219.0000 40.1800
220.0000 40.1800
221.0000 40.1200
222.0000 40.1200
223.0000 40.0600
224.0000 40.0600
225.0000 40.0000
226.0000 40.0000
227.0000 39.9300
228.0000 39.8700
229.0000 39.8100
230.0000 39.8100
231.0000 39.7500
232.0000 39.6800
233.0000 39.6200
234.0000 39.5600
235.0000 39.5000
236.0000 39.4300
237.0000 39.3700
238.0000 39.2500
239.0000 39.1800
240.0000 39.1200
241.0000 39.0600
242.0000 39.0000
243.0000 38.9300
244.0000 38.8700
245.0000 38.8100
246.0000 38.6800
247.0000 38.6800
248.0000 38.6200
249.0000 38.5600
250.0000 38.5000
251.0000 38.4300
252.0000 38.3700
253.0000 38.3100
254.0000 38.2500
255.0000 38.2500
256.0000 38.1800
257.0000 38.1200
258.0000 38.0600
259.0000 38.0000
260.0000 38.0000
261.0000 37.9300
262.0000 37.8700
263.0000 37.8700
264.0000 37.8100
265.0000 37.8100
266.0000 37.7500
267.0000 37.7500
268.0000 37.6800
269.0000 37.6800
270.0000 37.6800
271.0000 37.6200
272.0000 37.6200
273.0000 37.6200
274.0000 37.5600
275.0000 37.5600
276.0000 37.5600
277.0000 37.5600
278.0000 37.5600
279.0000 37.5600
280.0000 37.5600
281.0000 37.5600
282.0000 37.5000
283.0000 37.5000
284.0000 37.5000
285.0000 37.5000
286.0000 37.5600
287.0000 37.5600
288.0000 37.5600
289.0000 37.5600
290.0000 37.5600
291.0000 37.5600
292.0000 37.5600
293.0000 37.6200
294.0000 37.6200
295.0000 37.6200
296.0000 37.6200
297.0000 37.6800
298.0000 37.6800
299.0000 37.6800
300.0000 37.6800
301.0000 37.6800
302.0000 37.7500
303.0000 37.7500
304.0000 37.7500
305.0000 37.7500
306.0000 37.8100
307.0000 37.8100
308.0000 37.8100
309.0000 37.8100
310.0000 37.8100
311.0000 37.8100
312.0000 37.8700
313.0000 37.8700
314.0000 37.8700
315.0000 37.9300
316.0000 37.9300
317.0000 37.9300
318.0000 37.9300
319.0000 37.9300
320.0000 37.9300
321.0000 38.0000
322.0000 38.0000
323.0000 38.0000
324.0000 38.0000
325.0000 38.0000
326.0000 38.0600
327.0000 38.0600
328.0000 38.0600
329.0000 38.0600
330.0000 38.0600
331.0000 38.0600
332.0000 38.0600
333.0000 38.0600
334.0000 38.0600
335.0000 38.0600
336.0000 38.1200
337.0000 38.1200
338.0000 38.1200
339.0000 38.1200
340.0000 38.1800
341.0000 38.1800
342.0000 38.1800
343.0000 38.1800
344.0000 38.1800
345.0000 38.1800
346.0000 38.2500
347.0000 38.2500
348.0000 38.2500
349.0000 38.2500
350.0000 38.2500
351.0000 38.1800
352.0000 38.1800
353.0000 38.1800
354.0000 38.1800
355.0000 38.1800
356.0000 38.1800
357.0000 38.1800
358.0000 38.1800
359.0000 38.1800
360.0000 38.1800
361.0000 38.1800
362.0000 38.1800
363.0000 38.1800
364.0000 38.1800
365.0000 38.1800
366.0000 38.1200
367.0000 38.1200
368.0000 38.1200
369.0000 38.1200
370.0000 38.1200
371.0000 38.1200
372.0000 38.1200
373.0000 38.1800
374.0000 38.1200
375.0000 38.1200
376.0000 38.1200
377.0000 38.1200
378.0000 38.1800
379.0000 38.1800
380.0000 38.1800
381.0000 38.1200
382.0000 38.1200
383.0000 38.1800
384.0000 38.1800
385.0000 38.1800
386.0000 38.1800
387.0000 38.1800
388.0000 38.1200
389.0000 38.1800
390.0000 38.1800
391.0000 38.1200
392.0000 38.1200
393.0000 38.1200
394.0000 38.1200
395.0000 38.1200
396.0000 38.1200
397.0000 38.1200
398.0000 38.1200
399.0000 38.1200
400.0000 38.1200
401.0000 38.1200
402.0000 38.1200
403.0000 38.1200
404.0000 38.1200
405.0000 38.1200
406.0000 38.1200
407.0000 38.1200
408.0000 38.1200
409.0000 38.1200
410.0000 38.1200
411.0000 38.1200
412.0000 38.1200
413.0000 38.1200
414.0000 38.1200
415.0000 38.1200
416.0000 38.1200
417.0000 38.1200
418.0000 38.1800
419.0000 38.1800
420.0000 38.2500
421.0000 38.2500
422.0000 38.2500
423.0000 38.3100
424.0000 38.3100
425.0000 38.3700
426.0000 38.4300
427.0000 38.5000
428.0000 38.5600
429.0000 38.6200
430.0000 38.6800
431.0000 38.7500
432.0000 38.8100
433.0000 38.8700
434.0000 38.9300
435.0000 39.0000
436.0000 39.0600
437.0000 39.1200
438.0000 39.2500
439.0000 39.3100
440.0000 39.3700
441.0000 39.4300
442.0000 39.5600
443.0000 39.6200
444.0000 39.7500
445.0000 39.8100
446.0000 39.9300
447.0000 40.0000
448.0000 40.0600
449.0000 40.1800
450.0000 40.3100
451.0000 40.3700
452.0000 40.5000
453.0000 40.5600
454.0000 40.6800
455.0000 40.8100
456.0000 40.8700
457.0000 41.0000
458.0000 41.0600
459.0000 41.1800
460.0000 41.2500
461.0000 41.3700
462.0000 41.5000
463.0000 41.5600
464.0000 41.6800
465.0000 41.7500
466.0000 41.8700
467.0000 41.9300
468.0000 42.0000
469.0000 42.1200
470.0000 42.1800
471.0000 42.2500
472.0000 42.3700
473.0000 42.4300
474.0000 42.5600
475.0000 42.6200
476.0000 42.6800
477.0000 42.7500
478.0000 42.8100
479.0000 42.9300
480.0000 43.0000
481.0000 43.0600
482.0000 43.1200
483.0000 43.1800
484.0000 43.3100
485.0000 43.3700
486.0000 43.4300
487.0000 43.5000
488.0000 43.5600
489.0000 43.6200
490.0000 43.6800
491.0000 43.7500
492.0000 43.8100
493.0000 43.8700
494.0000 43.9300
495.0000 44.0000
496.0000 44.0000
497.0000 44.0600
498.0000 44.1200
499.0000 44.1800
500.0000 44.2500
501.0000 44.2500
502.0000 44.3100
503.0000 44.3700
504.0000 44.4300
505.0000 44.4300
506.0000 44.5000
507.0000 44.5600
508.0000 44.5600
509.0000 44.6200
510.0000 44.6800
511.0000 44.6800
512.0000 44.7500
513.0000 44.7500
514.0000 44.8100
515.0000 44.8700
516.0000 44.8700
517.0000 44.9300
518.0000 44.9300
519.0000 45.0000
520.0000 45.0000
521.0000 45.0000
522.0000 45.0600
523.0000 45.0600
524.0000 45.0600
525.0000 45.1200
526.0000 45.1200
527.0000 45.1200
528.0000 45.1200
529.0000 45.1800
530.0000 45.1800
531.0000 45.1800
532.0000 45.2500
533.0000 45.2500
534.0000 45.2500
535.0000 45.2500
536.0000 45.2500
537.0000 45.2500
538.0000 45.2500
539.0000 45.3100
540.0000 45.3100
541.0000 45.3100
542.0000 45.3100
543.0000 45.3100
544.0000 45.3100
545.0000 45.3700
546.0000 45.3700
547.0000 45.3700
548.0000 45.4300
549.0000 45.4300
550.0000 45.4300
551.0000 45.4300
552.0000 45.4300
553.0000 45.4300
554.0000 45.4300
555.0000 45.4300
556.0000 45.4300
557.0000 45.4300
558.0000 45.5000
559.0000 45.5000
560.0000 45.5000
561.0000 45.5000
562.0000 45.5000
563.0000 45.5000
564.0000 45.5000
565.0000 45.5000
566.0000 45.4300
567.0000 45.5000
568.0000 45.5000
569.0000 45.5000
570.0000 45.5000
571.0000 45.5000
572.0000 45.5000
573.0000 45.5000
574.0000 45.5000
575.0000 45.5000
576.0000 45.4300
577.0000 45.4300
578.0000 45.4300
579.0000 45.4300
580.0000 45.4300
581.0000 45.4300
582.0000 45.4300
583.0000 45.4300
584.0000 45.4300
585.0000 45.4300
586.0000 45.4300
587.0000 45.4300
588.0000 45.3700
589.0000 45.3700
590.0000 45.3700
591.0000 45.3700
592.0000 45.3700
593.0000 45.3700
594.0000 45.3700
595.0000 45.3700
596.0000 45.3700
597.0000 45.3700
598.0000 45.3700
599.0000 45.3700
600.0000 45.3100
601.0000 45.3100
602.0000 45.3100
603.0000 45.3100
604.0000 45.3100
605.0000 45.3100
606.0000 45.3100
607.0000 45.3100
608.0000 45.3100
609.0000 45.3100
610.0000 45.3100
611.0000 45.2500
612.0000 45.2500
613.0000 45.2500
614.0000 45.2500
615.0000 45.2500
616.0000 45.2500
617.0000 45.2500
618.0000 45.2500
619.0000 45.2500
620.0000 45.1800
621.0000 45.1800
622.0000 45.1800
623.0000 45.1200
624.0000 45.1200
625.0000 45.0600
626.0000 45.0000
627.0000 45.0000
628.0000 44.9300
629.0000 44.8700
630.0000 44.8100
631.0000 44.7500
632.0000 44.6800
633.0000 44.6200
634.0000 44.5600
635.0000 44.5000
636.0000 44.4300
637.0000 44.3700
638.0000 44.3100
639.0000 44.2500
640.0000 44.1800
641.0000 44.1200
642.0000 44.0600
643.0000 44.0000
644.0000 43.9300
645.0000 43.8100
646.0000 43.7500
647.0000 43.6800
648.0000 43.6200
649.0000 43.5600
650.0000 43.5000
651.0000 43.4300
652.0000 43.3700
653.0000 43.3100
654.0000 43.1800
655.0000 43.1200
656.0000 43.0600
657.0000 43.0000
658.0000 42.9300
659.0000 42.8700
660.0000 42.8100
661.0000 42.7500
662.0000 42.7500
663.0000 42.6800
664.0000 42.6200
665.0000 42.5600
666.0000 42.5000
667.0000 42.4300
668.0000 42.4300
669.0000 42.3700
670.0000 42.3700
671.0000 42.3100
672.0000 42.3100
673.0000 42.2500
674.0000 42.2500
675.0000 42.1800
676.0000 42.1200
677.0000 42.1200
678.0000 42.1200
679.0000 42.0600
680.0000 42.0600
681.0000 42.0000
682.0000 42.0000
683.0000 42.0000
684.0000 41.9300
685.0000 41.9300
686.0000 41.9300
687.0000 41.9300
688.0000 41.9300
689.0000 41.9300
690.0000 41.9300
691.0000 41.9300
692.0000 41.9300
693.0000 41.9300
694.0000 41.9300
695.0000 41.8700
696.0000 41.9300
697.0000 41.9300
698.0000 41.8700
699.0000 41.8700
700.0000 41.8700
701.0000 41.8700
702.0000 41.9300
703.0000 41.8700
704.0000 41.9300
705.0000 41.9300
706.0000 41.9300
707.0000 41.9300
708.0000 41.9300
709.0000 41.9300
710.0000 41.9300
711.0000 41.9300
712.0000 41.9300
713.0000 41.9300
714.0000 41.9300
715.0000 42.0000
716.0000 42.0000
717.0000 42.0000
718.0000 42.0000
719.0000 42.0000
720.0000 42.0000
721.0000 42.0000
722.0000 42.0000
723.0000 42.0000
724.0000 42.0000
725.0000 42.0000
726.0000 42.0600
727.0000 42.0600
728.0000 42.0600
729.0000 42.0600
730.0000 42.0600
731.0000 42.0600
732.0000 42.0600
733.0000 42.0600
734.0000 42.1200
735.0000 42.0600
736.0000 42.0600
737.0000 42.0600
738.0000 42.0600
739.0000 42.0600
740.0000 42.0600
741.0000 42.0600
742.0000 42.0600
743.0000 42.1200
744.0000 42.1200
745.0000 42.1200
746.0000 42.1200
747.0000 42.1200
748.0000 42.1200
749.0000 42.1200
750.0000 42.1200
751.0000 42.1200
752.0000 42.1200
753.0000 42.1200
754.0000 42.1800
755.0000 42.1800
756.0000 42.1800
757.0000 42.1800
758.0000 42.1800
759.0000 42.1800
760.0000 42.1800
761.0000 42.1800
762.0000 42.1800
763.0000 42.1800
764.0000 42.1800
765.0000 42.2500
766.0000 42.2500
767.0000 42.2500
768.0000 42.2500
769.0000 42.2500
770.0000 42.2500
771.0000 42.2500
772.0000 42.2500
773.0000 42.2500
774.0000 42.2500
775.0000 42.2500
776.0000 42.2500
777.0000 42.2500
778.0000 42.2500
779.0000 42.2500
780.0000 42.2500
781.0000 42.2500
782.0000 42.2500
783.0000 42.2500
784.0000 42.2500
785.0000 42.2500
786.0000 42.2500
787.0000 42.2500
788.0000 42.2500
789.0000 42.2500
790.0000 42.2500
791.0000 42.2500
792.0000 42.2500
793.0000 42.2500
794.0000 42.2500
795.0000 42.2500
796.0000 42.2500
797.0000 42.2500
798.0000 42.2500
799.0000 42.2500
800.0000 42.2500
801.0000 42.2500
802.0000 42.1800
803.0000 42.1800
804.0000 42.1800
805.0000 42.1800
806.0000 42.1800
807.0000 42.1800
808.0000 42.1800
809.0000 42.1800
810.0000 42.1800
811.0000 42.1800
812.0000 42.1800
813.0000 42.1800
814.0000 42.1800
815.0000 42.1800
816.0000 42.1800
817.0000 42.1800
818.0000 42.1800
819.0000 42.1800
820.0000 42.1800
821.0000 42.1800
822.0000 42.1800
823.0000 42.1800
824.0000 42.1800
825.0000 42.2500
826.0000 42.2500
827.0000 42.2500
828.0000 42.2500
829.0000 42.2500
830.0000 42.2500
831.0000 42.2500
832.0000 42.3100
833.0000 42.3100
834.0000 42.3100
835.0000 42.3100
836.0000 42.3100
837.0000 42.3700
838.0000 42.3700
839.0000 42.3700
840.0000 42.3700
841.0000 42.4300
842.0000 42.4300
843.0000 42.4300
844.0000 42.4300
845.0000 42.5000
846.0000 42.5000
847.0000 42.5000
848.0000 42.5600
849.0000 42.5600
850.0000 42.5600
851.0000 42.5600
852.0000 42.6200
853.0000 42.6200
854.0000 42.6200
855.0000 42.6800
856.0000 42.6800
857.0000 42.6800
858.0000 42.7500
859.0000 42.7500
860.0000 42.7500
861.0000 42.7500
862.0000 42.8100
863.0000 42.8100
864.0000 42.8100
865.0000 42.8100
866.0000 42.8100
867.0000 42.8700
868.0000 42.8700
869.0000 42.8700
870.0000 42.8700
871.0000 42.9300
872.0000 42.9300
873.0000 42.9300
874.0000 43.0000
875.0000 43.0000
876.0000 43.0000
877.0000 43.0600
878.0000 43.0600
879.0000 43.0600
880.0000 43.0600
881.0000 43.0600
882.0000 43.0600
883.0000 43.0600
884.0000 43.0600
885.0000 43.0600
886.0000 43.0600
887.0000 43.0600
888.0000 43.0600
889.0000 43.0600
890.0000 43.1200
891.0000 43.1200
892.0000 43.1200
893.0000 43.1200
894.0000 43.1200
895.0000 43.1200
896.0000 43.1200
897.0000 43.1200
898.0000 43.1200
899.0000 43.1800
900.0000 43.1800
901.0000 43.1800
902.0000 43.1800
903.0000 43.1800
904.0000 43.1800
905.0000 43.1800
906.0000 43.1800
907.0000 43.1800
908.0000 43.1800
909.0000 43.1800
910.0000 43.1800
911.0000 43.1800
912.0000 43.1800
913.0000 43.1800
914.0000 43.1800
915.0000 43.1800
916.0000 43.1800
917.0000 43.1800
918.0000 43.1800
919.0000 43.1800
920.0000 43.1800
921.0000 43.1800
922.0000 43.1800
923.0000 43.1800
924.0000 43.1800
925.0000 43.1800
926.0000 43.1800
927.0000 43.1800
928.0000 43.1800
929.0000 43.1800
930.0000 43.1800
931.0000 43.1800
932.0000 43.1800
933.0000 43.1800
934.0000 43.1800
935.0000 43.1800
936.0000 43.1800
937.0000 43.1800
938.0000 43.1800
939.0000 43.1800
940.0000 43.1800
941.0000 43.1800
942.0000 43.1800
943.0000 43.1800
944.0000 43.1800
945.0000 43.1800
946.0000 43.1800
947.0000 43.1800
948.0000 43.2500
949.0000 43.2500
950.0000 43.2500
951.0000 43.2500
952.0000 43.2500
953.0000 43.2500
954.0000 43.2500
955.0000 43.2500
956.0000 43.2500
957.0000 43.2500
958.0000 43.2500
959.0000 43.2500
960.0000 43.2500
961.0000 43.2500
962.0000 43.2500
963.0000 43.2500
964.0000 43.3100
965.0000 43.3100
966.0000 43.3100
967.0000 43.3100
968.0000 43.3100
969.0000 43.3100
970.0000 43.3100
971.0000 43.3100
972.0000 43.3100
973.0000 43.3100
974.0000 43.3100
975.0000 43.3100
976.0000 43.3100
977.0000 43.3100
978.0000 43.3100
979.0000 43.3100
980.0000 43.2500
981.0000 43.2500
982.0000 43.2500
983.0000 43.2500
984.0000 43.2500
985.0000 43.2500
986.0000 43.2500
987.0000 43.2500
988.0000 43.2500
989.0000 43.2500
990.0000 43.2500
991.0000 43.2500
992.0000 43.2500
993.0000 43.2500
994.0000 43.2500
995.0000 43.2500
996.0000 43.2500
997.0000 43.2500
998.0000 43.2500
999.0000 43.2500
1000.0000 43.2500
1001.0000 43.2500
1002.0000 43.2500
1003.0000 43.1800
1004.0000 43.1800
1005.0000 43.2500
1006.0000 43.2500
1007.0000 43.2500
1008.0000 43.2500
1009.0000 43.2500
1010.0000 43.2500
1011.0000 43.2500
1012.0000 43.2500
1013.0000 43.2500
1014.0000 43.1800
1015.0000 43.1800
1016.0000 43.1800
1017.0000 43.1800
1018.0000 43.1200
1019.0000 43.1200
1020.0000 43.0600
1021.0000 43.0600
1022.0000 43.0000
1023.0000 42.9300
1024.0000 42.8700
1025.0000 42.8700
1026.0000 42.8100
1027.0000 42.7500
1028.0000 42.6200
1029.0000 42.5600
1030.0000 42.5000
1031.0000 42.4300
1032.0000 42.3700
1033.0000 42.2500
1034.0000 42.1200
1035.0000 42.0600
1036.0000 42.0000
1037.0000 41.8700
1038.0000 41.7500
1039.0000 41.6800
1040.0000 41.5600
1041.0000 41.4300
1042.0000 41.3100
1043.0000 41.1800
1044.0000 41.1200
1045.0000 41.0000
1046.0000 40.8700
1047.0000 40.7500
1048.0000 40.6200
1049.0000 40.5000
1050.0000 40.3700
1051.0000 40.2500
1052.0000 40.1200
1053.0000 40.0000
1054.0000 39.8700
1055.0000 39.7500
1056.0000 39.6200
1057.0000 39.5000
1058.0000 39.4300
1059.0000 39.3100
1060.0000 39.1800
1061.0000 39.1200
1062.0000 39.0000
1063.0000 38.8700
1064.0000 38.7500
1065.0000 38.6800
1066.0000 38.6200
1067.0000 38.5000
1068.0000 38.4300
1069.0000 38.3100
1070.0000 38.2500
1071.0000 38.1800
1072.0000 38.0600
1073.0000 38.0000
1074.0000 37.9300
1075.0000 37.8700
1076.0000 37.8100
1077.0000 37.7500
1078.0000 37.6800
1079.0000 37.6200
1080.0000 37.5600
1081.0000 37.5000
1082.0000 37.4300
1083.0000 37.4300
1084.0000 37.3700
1085.0000 37.3100
1086.0000 37.2500
1087.0000 37.2500
1088.0000 37.2500
1089.0000 37.1800
1090.0000 37.1800
1091.0000 37.1800
1092.0000 37.1200
1093.0000 37.1200
1094.0000 37.0600
1095.0000 37.0600
1096.0000 37.0600
1097.0000 37.0600
1098.0000 37.0600
1099.0000 37.0000
1100.0000 37.0000
1101.0000 37.0000
1102.0000 37.0000
1103.0000 37.0000
1104.0000 37.0000
1105.0000 37.0000
1106.0000 37.0000
1107.0000 37.0000
1108.0000 37.0000
1109.0000 37.0000
1110.0000 37.0000
1111.0000 37.0000
1112.0000 37.0000
1113.0000 37.0000
1114.0000 37.0000
1115.0000 37.0000
1116.0000 37.0000
1117.0000 37.0600
1118.0000 37.0600
1119.0000 37.0600
1120.0000 37.0600
1121.0000 37.0600
1122.0000 37.1200
1123.0000 37.1200
1124.0000 37.1200
1125.0000 37.1200
1126.0000 37.1200
1127.0000 37.1200
1128.0000 37.1200
1129.0000 37.1800
1130.0000 37.1800
1131.0000 37.1800
1132.0000 37.1800
1133.0000 37.1800
1134.0000 37.1800
1135.0000 37.2500
1136.0000 37.1800
1137.0000 37.2500
1138.0000 37.1800
1139.0000 37.1800
1140.0000 37.1800
1141.0000 37.1800
1142.0000 37.1800
1143.0000 37.2500
1144.0000 37.2500
1145.0000 37.2500
1146.0000 37.2500
1147.0000 37.2500
1148.0000 37.2500
1149.0000 37.2500
1150.0000 37.2500
1151.0000 37.2500
1152.0000 37.2500
1153.0000 37.2500
1154.0000 37.2500
1155.0000 37.2500
1156.0000 37.3100
1157.0000 37.2500
1158.0000 37.2500
1159.0000 37.3100
1160.0000 37.2500
1161.0000 37.2500
1162.0000 37.2500
1163.0000 37.2500
1164.0000 37.2500
1165.0000 37.2500
1166.0000 37.2500
1167.0000 37.2500
1168.0000 37.2500
1169.0000 37.2500
1170.0000 37.2500
1171.0000 37.2500
1172.0000 37.2500
1173.0000 37.1800
1174.0000 37.2500
1175.0000 37.2500
1176.0000 37.2500
1177.0000 37.1800
1178.0000 37.1800
1179.0000 37.1800
1180.0000 37.1800
1181.0000 37.1800
1182.0000 37.1800
1183.0000 37.1800
1184.0000 37.1800
1185.0000 37.1800
1186.0000 37.1800
1187.0000 37.1800
1188.0000 37.1800
1189.0000 37.1200
1190.0000 37.1200
1191.0000 37.1200
1192.0000 37.1200
1193.0000 37.1200
1194.0000 37.1200
1195.0000 37.1200
1196.0000 37.1200
1197.0000 37.1200
1198.0000 37.1200
1199.0000 37.1200
1200.0000 37.1200
1201.0000 37.1200
1202.0000 37.0600
1203.0000 37.0600
1204.0000 37.0600
1205.0000 37.0600
1206.0000 37.0600
1207.0000 37.0600
1208.0000 37.0600
1209.0000 37.0600
1210.0000 37.0600
