1.0000 36.0000
2.0000 35.3282
3.0000 34.7353
4.0000 34.2141
5.0000 33.7578
6.0000 33.3603
7.0000 33.0161
8.0000 32.7200
9.0000 32.5257
10.0000 35.2844
11.0000 37.7290
12.0000 39.8879
13.0000 41.7876
14.0000 43.4520
15.0000 44.9033
16.0000 46.1617
17.0000 47.3015
18.0000 48.2720
19.0000 49.1562
20.0000 49.8916
21.0000 50.4919
22.0000 50.9698
23.0000 51.3372
24.0000 51.6054
25.0000 51.7974
26.0000 51.9325
27.0000 51.9583
28.0000 51.9635
29.0000 51.8995
30.0000 51.7808
31.0000 51.6777
32.0000 51.5355
33.0000 51.4212
34.0000 51.3359
35.0000 51.2112
36.0000 51.0641
37.0000 50.9576
38.0000 50.8303
39.0000 50.6860
40.0000 50.5178
41.0000 50.3974
42.0000 50.2609
43.0000 50.1104
44.0000 50.0058
45.0000 49.8830
46.0000 49.8020
47.0000 49.6891
48.0000 49.5573
49.0000 49.4086
50.0000 49.2444
51.0000 49.0564
52.0000 48.8568
53.0000 48.6468
54.0000 48.4273
55.0000 48.2574
56.0000 48.0631
57.0000 47.9152
58.0000 47.8077
59.0000 47.7355
60.0000 47.6941
61.0000 47.6795
62.0000 47.6294
63.0000 47.6642
64.0000 47.6561
65.0000 47.6677
66.0000 47.6957
67.0000 47.7371
68.0000 47.7309
69.0000 47.7398
70.0000 47.7611
71.0000 47.7340
72.0000 47.6536
73.0000 47.5936
74.0000 47.5517
75.0000 47.4670
76.0000 47.3447
77.0000 47.2473
78.0000 47.1137
79.0000 47.0069
80.0000 46.8558
81.0000 46.7343
82.0000 46.6395
83.0000 46.5098
84.0000 46.3495
85.0000 46.1625
86.0000 46.0106
87.0000 45.8897
88.0000 45.7282
89.0000 45.5989
90.0000 45.4395
91.0000 45.2533
92.0000 45.1018
93.0000 44.9810
94.0000 44.8870
95.0000 44.7577
96.0000 44.6554
97.0000 44.5766
98.0000 44.5184
99.0000 44.4095
100.0000 44.3233
101.0000 44.2569
102.0000 44.1488
103.0000 44.0622
104.0000 43.9939
105.0000 43.9414
106.0000 43.9019
107.0000 43.8735
108.0000 43.9127
109.0000 43.9527
110.0000 43.9344
111.0000 43.9224
112.0000 43.9158
113.0000 43.9719
114.0000 44.0245
115.0000 44.0735
116.0000 44.1188
117.0000 44.1603
118.0000 44.1978
119.0000 44.2316
120.0000 44.3299
121.0000 44.3484
122.0000 44.3644
123.0000 44.3781
124.0000 44.3900
125.0000 44.4682
126.0000 44.5368
127.0000 44.5965
128.0000 44.6485
129.0000 44.6939
130.0000 44.7334
131.0000 44.6997
132.0000 44.6696
133.0000 44.5844
134.0000 44.5093
135.0000 44.3855
136.0000 44.2774
137.0000 44.1252
138.0000 43.9925
139.0000 43.8779
140.0000 43.7117
141.0000 43.5687
142.0000 43.5152
143.0000 43.4728
144.0000 43.3726
145.0000 43.2896
146.0000 43.2220
147.0000 43.1681
148.0000 43.1260
149.0000 43.0941
150.0000 43.0123
151.0000 42.9444
152.0000 42.8884
153.0000 42.8423
154.0000 42.8049
155.0000 42.7744
156.0000 42.7494
157.0000 42.7292
158.0000 42.7715
159.0000 42.8103
160.0000 42.8452
161.0000 42.8764
162.0000 42.9040
163.0000 42.9282
164.0000 42.9492
165.0000 42.9670
166.0000 42.9814
167.0000 43.0609
168.0000 43.1879
169.0000 43.2981
170.0000 43.4512
171.0000 43.5835
172.0000 43.6967
173.0000 43.8517
174.0000 44.0529
175.0000 44.2265
176.0000 44.3753
177.0000 44.5603
178.0000 44.7186
179.0000 44.8530
180.0000 44.9077
181.0000 44.9498
182.0000 44.9814
183.0000 45.0624
184.0000 45.1292
185.0000 45.2422
186.0000 45.3379
187.0000 45.4186
188.0000 45.4865
189.0000 45.5437
190.0000 45.5921
191.0000 45.6334
192.0000 45.6106
193.0000 45.6488
194.0000 45.6245
195.0000 45.6037
196.0000 45.5860
197.0000 45.5131
198.0000 45.4501
199.0000 45.3282
200.0000 45.2912
201.0000 45.1935
202.0000 45.1109
203.0000 45.0422
204.0000 44.9862
205.0000 45.0099
206.0000 45.0363
207.0000 45.0650
208.0000 45.0954
209.0000 45.1272
210.0000 45.1600
211.0000 45.1935
212.0000 45.2855
213.0000 45.3705
214.0000 45.4485
215.0000 45.5196
216.0000 45.5841
217.0000 45.7006
218.0000 45.8039
219.0000 45.8952
220.0000 45.9756
221.0000 45.9879
222.0000 45.9984
223.0000 46.0076
224.0000 46.0739
225.0000 46.1324
226.0000 46.1841
227.0000 46.2884
228.0000 46.3809
229.0000 46.5311
230.0000 46.6644
231.0000 46.7823
232.0000 46.9452
233.0000 47.0897
234.0000 47.2178
235.0000 47.3312
236.0000 47.4313
237.0000 47.5195
238.0000 47.5968
239.0000 47.6646
240.0000 47.7241
241.0000 47.7762
242.0000 47.8223
243.0000 47.8633
244.0000 47.9000
245.0000 47.8752
246.0000 47.7869
247.0000 47.6527
248.0000 47.5376
249.0000 47.4404
250.0000 47.3011
251.0000 47.1839
252.0000 47.0870
253.0000 47.0086
254.0000 46.8886
255.0000 46.7906
256.0000 46.7124
257.0000 46.5843
258.0000 46.4804
259.0000 46.3401
260.0000 46.1675
261.0000 46.0249
262.0000 45.9086
263.0000 45.8155
264.0000 45.7429
265.0000 45.6295
266.0000 45.5962
267.0000 45.5166
268.0000 45.4545
269.0000 45.4074
270.0000 45.3053
271.0000 45.2224
272.0000 45.0977
273.0000 44.9943
274.0000 44.9095
275.0000 44.8407
276.0000 44.8440
277.0000 44.8521
278.0000 44.9321
279.0000 45.0656
280.0000 45.1870
281.0000 45.2973
282.0000 45.4553
283.0000 45.5967
284.0000 45.7227
285.0000 45.8927
286.0000 46.0424
287.0000 46.1731
288.0000 46.2279
289.0000 46.2735
290.0000 46.2520
291.0000 46.2296
292.0000 46.1481
293.0000 46.0737
294.0000 46.0647
295.0000 46.0558
296.0000 46.0475
297.0000 46.0404
298.0000 46.0934
299.0000 46.2001
300.0000 46.2963
301.0000 46.4516
302.0000 46.5914
303.0000 46.7171
304.0000 46.8304
305.0000 46.9323
306.0000 47.0238
307.0000 47.1055
308.0000 47.1778
309.0000 47.2417
310.0000 47.2979
