1.0000 37.6800
2.0000 38.4300
3.0000 38.4300
4.0000 38.4300
5.0000 38.4300
6.0000 38.4300
7.0000 38.4300
8.0000 38.5000
9.0000 38.5000
10.0000 38.5000
11.0000 38.5000
12.0000 38.4300
13.0000 38.4300
14.0000 38.4300
15.0000 38.3700
16.0000 38.3700
17.0000 38.3100
18.0000 38.3100
19.0000 38.3100
20.0000 38.3100
21.0000 38.2500
22.0000 38.2500
23.0000 38.2500
24.0000 38.2500
25.0000 38.3100
26.0000 38.3100
27.0000 38.3100
28.0000 38.3700
29.0000 38.3700
30.0000 38.4300
31.0000 38.4300
32.0000 38.4300
33.0000 38.5000
34.0000 38.5600
35.0000 38.5600
36.0000 38.6200
37.0000 38.6800
38.0000 38.7500
39.0000 38.8100
40.0000 38.8700
41.0000 38.8700
42.0000 38.8700
43.0000 38.9300
44.0000 39.0000
45.0000 39.0000
46.0000 39.0600
47.0000 39.1200
48.0000 39.1200
49.0000 39.1800
50.0000 39.2500
51.0000 39.3700
52.0000 39.4300
53.0000 39.5000
54.0000 39.5600
55.0000 39.6200
56.0000 39.6800
57.0000 39.7500
58.0000 39.8100
59.0000 39.8100
60.0000 39.8700
61.0000 39.9300
62.0000 40.0000
63.0000 40.0600
64.0000 40.1200
65.0000 40.1200
66.0000 40.1800
67.0000 40.1800
68.0000 40.1800
69.0000 40.1800
70.0000 40.2500
71.0000 40.2500
72.0000 40.3100
73.0000 40.3700
74.0000 40.4300
75.0000 40.4300
76.0000 40.5000
77.0000 40.5000
78.0000 40.5000
79.0000 40.5600
80.0000 40.5600
81.0000 40.5600
82.0000 40.5600
83.0000 40.5600
84.0000 40.6200
85.0000 40.6200
86.0000 40.6200
87.0000 40.6200
88.0000 40.6200
89.0000 40.6200
90.0000 40.6200
91.0000 40.6200
92.0000 40.6200
93.0000 40.6200
94.0000 40.6200
95.0000 40.6200
96.0000 40.6200
97.0000 40.6200
98.0000 40.6200
99.0000 40.6200
100.0000 40.6800
101.0000 40.6800
102.0000 40.6800
103.0000 40.6800
104.0000 40.7500
105.0000 40.7500
106.0000 40.7500
107.0000 40.6800
108.0000 40.6800
109.0000 40.6800
110.0000 40.6800
111.0000 40.6800
112.0000 40.6200
113.0000 40.6200
114.0000 40.6200
115.0000 40.6200
116.0000 40.6200
117.0000 40.6200
118.0000 40.6800
119.0000 40.6800
120.0000 40.7500
121.0000 40.7500
122.0000 40.7500
123.0000 40.7500
124.0000 40.6800
125.0000 40.6800
126.0000 40.6800
127.0000 40.6800
128.0000 40.6200
129.0000 40.6200
130.0000 40.6800
131.0000 40.6800
132.0000 40.6800
133.0000 40.6200
134.0000 40.6800
135.0000 40.6800
136.0000 40.6800
137.0000 40.6800
138.0000 40.6800
139.0000 40.6800
140.0000 40.6800
141.0000 40.6800
142.0000 40.6800
143.0000 40.6200
144.0000 40.6200
145.0000 40.6200
146.0000 40.6200
147.0000 40.6200
148.0000 40.5600
149.0000 40.5600
150.0000 40.5000
151.0000 40.5000
152.0000 40.5600
153.0000 40.5000
154.0000 40.5000
155.0000 40.5000
156.0000 40.5000
157.0000 40.4300
158.0000 40.4300
159.0000 40.4300
160.0000 40.3700
161.0000 40.3700
162.0000 40.3700
163.0000 40.4300
164.0000 40.4300
165.0000 40.4300
166.0000 40.4300
167.0000 40.4300
168.0000 40.4300
169.0000 40.4300
170.0000 40.4300
171.0000 40.4300
172.0000 40.4300
173.0000 40.4300
174.0000 40.4300
175.0000 40.4300
176.0000 40.4300
177.0000 40.5000
178.0000 40.5000
179.0000 40.5600
180.0000 40.5600
181.0000 40.6200
182.0000 40.6200
183.0000 40.6800
184.0000 40.6800
185.0000 40.6800
186.0000 40.7500
187.0000 40.8100
188.0000 40.8100
189.0000 40.8100
190.0000 40.8100
191.0000 40.8100
192.0000 40.8700
193.0000 40.8700
194.0000 40.8700
195.0000 40.8700
196.0000 40.8100
197.0000 40.8100
198.0000 40.8100
199.0000 40.8100
200.0000 40.7500
201.0000 40.8100
202.0000 40.8100
203.0000 40.8100
204.0000 40.8100
205.0000 40.8100
206.0000 40.8100
207.0000 40.8100
208.0000 40.8100
209.0000 40.7500
210.0000 40.7500
211.0000 40.7500
212.0000 40.7500
213.0000 40.6800
214.0000 40.6800
215.0000 40.6800
216.0000 40.6200
217.0000 40.6200
218.0000 40.6200
219.0000 40.6200
220.0000 40.6200
221.0000 40.6200
222.0000 40.5600
223.0000 40.5600
224.0000 40.5600
225.0000 40.5000
226.0000 40.5000
227.0000 40.4300
228.0000 40.4300
229.0000 40.4300
230.0000 40.4300
231.0000 40.4300
232.0000 40.4300
233.0000 40.4300
234.0000 40.4300
235.0000 40.4300
236.0000 40.4300
237.0000 40.4300
238.0000 40.4300
239.0000 40.4300
240.0000 40.4300
241.0000 40.4300
242.0000 40.4300
243.0000 40.4300
244.0000 40.4300
245.0000 40.5000
246.0000 40.4300
247.0000 40.5000
248.0000 40.5000
249.0000 40.5000
250.0000 40.5000
251.0000 40.5600
252.0000 40.5600
253.0000 40.5600
254.0000 40.5600
255.0000 40.5600
256.0000 40.6200
257.0000 40.6200
258.0000 40.6200
259.0000 40.6200
260.0000 40.6200
261.0000 40.6200
262.0000 40.6200
263.0000 40.6200
264.0000 40.6200
265.0000 40.5600
266.0000 40.5600
267.0000 40.5600
268.0000 40.5600
269.0000 40.5600
270.0000 40.5600
271.0000 40.5600
272.0000 40.5600
273.0000 40.5600
274.0000 40.5600
275.0000 40.5600
276.0000 40.5600
277.0000 40.6200
278.0000 40.6800
279.0000 40.6800
280.0000 40.7500
281.0000 40.7500
282.0000 40.7500
283.0000 40.7500
284.0000 40.7500
285.0000 40.7500
286.0000 40.7500
287.0000 40.6800
288.0000 40.6800
289.0000 40.6200
290.0000 40.6200
291.0000 40.6200
292.0000 40.6200
293.0000 40.5600
294.0000 40.5600
295.0000 40.5600
296.0000 40.5600
297.0000 40.5600
298.0000 40.5600
299.0000 40.5600
300.0000 40.5600
301.0000 40.5600
302.0000 40.5600
303.0000 40.5600
304.0000 40.5600
305.0000 40.5600
306.0000 40.5600
307.0000 40.6200
308.0000 40.6200
309.0000 40.6800
310.0000 40.6800
