1.0000 36.0000
2.0000 33.6922
3.0000 31.6641
4.0000 29.8973
5.0000 28.3738
6.0000 27.0758
7.0000 25.9858
8.0000 25.0868
9.0000 24.4732
10.0000 29.5438
11.0000 34.0745
12.0000 38.0954
13.0000 41.6374
14.0000 44.7310
15.0000 47.4069
16.0000 49.6950
17.0000 51.6063
18.0000 53.1553
19.0000 54.3601
20.0000 55.3522
21.0000 56.0299
22.0000 56.4177
23.0000 56.6519
24.0000 56.6351
25.0000 56.4397
26.0000 56.1269
27.0000 55.7463
28.0000 55.3376
29.0000 54.9328
30.0000 54.5570
31.0000 54.2277
32.0000 53.9577
33.0000 53.7542
34.0000 53.6205
35.0000 53.4461
36.0000 53.2414
37.0000 53.0134
38.0000 52.8783
39.0000 52.6967
40.0000 52.4912
41.0000 52.2627
42.0000 52.0112
43.0000 51.7187
44.0000 51.4071
45.0000 51.0764
46.0000 50.5991
47.0000 50.1208
48.0000 49.6429
49.0000 49.1671
50.0000 48.6758
51.0000 48.1903
52.0000 47.8210
53.0000 47.4456
54.0000 47.0644
55.0000 46.7895
56.0000 46.4789
57.0000 46.1549
58.0000 45.8175
59.0000 45.5778
60.0000 45.3126
61.0000 45.1323
62.0000 44.8950
63.0000 44.7335
64.0000 44.5246
65.0000 44.3819
66.0000 44.1833
67.0000 44.0448
68.0000 43.8458
69.0000 43.7023
70.0000 43.6059
71.0000 43.4204
72.0000 43.2834
73.0000 43.1863
74.0000 43.0130
75.0000 42.8815
76.0000 42.7868
77.0000 42.7221
78.0000 42.6828
79.0000 42.5536
80.0000 42.4553
81.0000 42.3839
82.0000 42.2246
83.0000 42.0976
84.0000 41.9977
85.0000 41.9222
86.0000 41.8670
87.0000 41.8290
88.0000 41.8059
89.0000 41.9051
90.0000 41.9995
91.0000 42.0885
92.0000 42.2824
93.0000 42.4573
94.0000 42.6128
95.0000 42.8598
96.0000 43.0750
97.0000 43.2586
98.0000 43.4131
99.0000 43.5394
100.0000 43.6398
101.0000 43.7164
102.0000 43.7706
103.0000 43.6943
104.0000 43.6145
105.0000 43.5331
106.0000 43.4510
107.0000 43.3711
108.0000 43.2948
109.0000 43.2232
110.0000 43.1586
111.0000 43.1025
112.0000 43.0562
113.0000 43.0198
114.0000 42.9930
115.0000 42.9760
116.0000 42.9683
117.0000 43.0806
118.0000 43.0756
119.0000 43.1882
120.0000 43.2926
121.0000 43.3881
122.0000 43.6040
123.0000 43.7942
124.0000 43.9604
125.0000 43.9743
126.0000 43.9817
127.0000 43.9829
128.0000 43.9785
129.0000 43.8588
130.0000 43.7479
131.0000 43.5353
132.0000 43.2347
133.0000 42.9689
134.0000 42.7367
135.0000 42.5371
136.0000 42.3687
137.0000 42.2302
138.0000 42.1200
139.0000 42.0377
140.0000 41.9805
141.0000 41.9458
142.0000 41.9313
143.0000 41.9339
144.0000 41.9509
145.0000 41.9792
146.0000 42.0158
147.0000 42.1676
148.0000 42.3073
149.0000 42.4336
150.0000 42.6562
151.0000 42.8497
152.0000 43.0158
153.0000 43.2658
154.0000 43.4779
155.0000 43.6541
156.0000 43.9264
157.0000 44.1528
158.0000 44.3373
159.0000 44.4840
160.0000 44.5959
161.0000 44.7877
162.0000 44.9397
163.0000 45.0570
164.0000 45.1441
165.0000 45.2053
166.0000 45.3558
167.0000 45.4753
168.0000 45.5689
169.0000 45.6410
170.0000 45.6945
171.0000 45.7337
172.0000 45.8722
173.0000 45.9895
174.0000 46.0880
175.0000 46.1701
176.0000 46.2383
177.0000 46.4246
178.0000 46.4570
179.0000 46.4831
180.0000 46.5041
181.0000 46.4104
182.0000 46.3278
183.0000 46.2559
184.0000 46.0843
185.0000 45.9362
186.0000 45.8103
187.0000 45.7056
188.0000 45.5109
189.0000 45.3488
190.0000 45.2178
191.0000 44.9865
192.0000 44.7992
193.0000 44.6524
194.0000 44.5418
195.0000 44.4645
196.0000 44.4157
197.0000 44.5214
198.0000 44.6327
199.0000 44.7463
200.0000 44.8599
201.0000 44.9713
202.0000 45.1901
203.0000 45.3898
204.0000 45.5702
205.0000 45.7311
206.0000 45.8722
207.0000 45.9936
208.0000 46.0949
209.0000 46.0667
210.0000 46.1444
211.0000 46.2049
212.0000 46.1396
213.0000 46.0756
214.0000 45.8847
215.0000 45.7124
216.0000 45.4483
217.0000 45.2170
218.0000 45.0177
219.0000 44.8499
220.0000 44.7122
221.0000 44.6035
222.0000 44.4114
223.0000 44.1476
224.0000 43.9319
225.0000 43.6317
226.0000 43.3886
227.0000 43.0857
228.0000 42.7319
229.0000 42.4438
230.0000 42.3256
231.0000 42.2452
232.0000 42.1963
233.0000 42.2854
234.0000 42.3834
235.0000 42.4870
236.0000 42.7233
237.0000 42.9443
238.0000 43.1480
239.0000 43.3333
240.0000 43.4986
241.0000 43.6430
242.0000 43.7658
243.0000 43.8659
244.0000 43.9425
245.0000 43.9968
246.0000 44.0312
247.0000 44.0470
248.0000 44.1585
249.0000 44.2443
250.0000 44.3073
251.0000 44.3525
252.0000 44.3831
253.0000 44.4030
254.0000 44.4145
255.0000 44.4191
256.0000 44.4188
257.0000 44.3051
258.0000 44.2037
259.0000 44.1143
260.0000 44.0364
261.0000 44.0802
262.0000 44.1206
263.0000 44.1597
264.0000 44.1984
265.0000 44.2368
266.0000 44.2738
267.0000 44.3097
268.0000 44.3450
269.0000 44.3797
270.0000 44.4141
271.0000 44.4479
272.0000 44.4798
273.0000 44.3980
274.0000 44.3269
275.0000 44.2652
276.0000 44.2122
277.0000 44.1677
278.0000 44.1309
279.0000 44.1023
280.0000 44.0806
281.0000 44.1770
282.0000 44.2665
283.0000 44.2396
284.0000 44.2203
285.0000 44.0794
286.0000 43.9609
287.0000 43.7523
288.0000 43.4656
289.0000 43.1107
290.0000 42.6786
291.0000 42.3099
292.0000 41.8885
293.0000 41.5346
294.0000 41.2424
295.0000 41.1170
296.0000 41.0300
297.0000 41.1072
298.0000 41.1995
299.0000 41.4147
300.0000 41.6255
301.0000 41.9406
302.0000 42.2331
303.0000 42.5018
304.0000 42.8562
305.0000 43.1703
306.0000 43.4441
307.0000 43.8066
308.0000 44.1127
309.0000 44.3649
310.0000 44.5671
311.0000 44.7216
312.0000 44.8320
313.0000 44.9023
314.0000 44.9374
315.0000 45.0528
316.0000 45.1297
317.0000 45.1738
318.0000 45.1902
319.0000 45.1847
320.0000 45.1621
321.0000 45.1264
322.0000 45.0824
323.0000 44.9228
324.0000 44.8856
325.0000 44.8479
326.0000 44.7006
327.0000 44.5690
328.0000 44.4527
329.0000 44.2220
330.0000 44.0217
331.0000 43.7398
332.0000 43.3877
333.0000 43.0867
334.0000 42.7222
335.0000 42.2851
336.0000 41.9156
337.0000 41.4971
338.0000 41.1475
339.0000 40.7500
340.0000 40.4232
341.0000 40.1595
342.0000 39.8418
343.0000 39.5878
344.0000 39.2607
345.0000 38.9985
346.0000 38.6822
347.0000 38.3173
348.0000 37.9092
349.0000 37.5732
350.0000 37.2998
351.0000 36.9514
352.0000 36.6646
353.0000 36.3207
354.0000 36.0360
355.0000 35.6923
356.0000 35.4071
357.0000 35.1731
358.0000 34.8730
359.0000 34.6245
360.0000 34.4214
361.0000 34.1277
362.0000 33.8821
363.0000 33.6774
364.0000 33.5074
365.0000 33.3672
366.0000 33.2515
367.0000 33.0450
368.0000 32.8675
369.0000 32.7147
370.0000 32.5821
371.0000 32.4660
372.0000 32.2526
373.0000 32.0629
374.0000 31.8937
375.0000 31.7420
376.0000 31.4939
377.0000 31.2710
378.0000 31.0703
379.0000 30.8894
380.0000 30.7262
381.0000 30.6898
382.0000 30.6534
383.0000 30.6161
384.0000 30.6878
385.0000 30.7439
386.0000 30.7850
387.0000 30.9216
388.0000 31.0299
389.0000 31.2402
390.0000 31.4093
391.0000 31.6495
392.0000 31.9494
393.0000 32.1881
394.0000 32.3696
395.0000 32.4983
396.0000 32.4683
397.0000 32.5198
398.0000 32.5323
399.0000 32.4002
400.0000 32.2528
401.0000 32.0933
402.0000 31.9257
403.0000 31.7532
404.0000 31.5795
405.0000 31.2970
406.0000 31.0330
407.0000 30.9005
408.0000 30.7767
409.0000 30.7739
410.0000 30.7685
411.0000 30.8714
412.0000 31.0886
413.0000 31.2765
414.0000 31.4361
415.0000 31.6792
416.0000 31.8829
417.0000 32.0488
418.0000 32.2898
419.0000 32.4835
420.0000 32.5213
421.0000 32.5296
422.0000 32.5109
423.0000 32.3569
424.0000 32.1950
425.0000 32.0276
426.0000 31.8576
427.0000 31.6885
428.0000 31.5230
429.0000 31.3635
430.0000 31.3233
431.0000 31.2801
432.0000 31.2361
433.0000 31.3046
434.0000 31.3632
435.0000 31.4131
436.0000 31.4551
437.0000 31.4897
438.0000 31.6271
439.0000 31.7426
440.0000 31.9659
441.0000 32.2635
442.0000 32.5127
443.0000 32.7164
444.0000 32.9879
445.0000 33.2067
446.0000 33.4881
447.0000 33.7122
448.0000 33.8846
449.0000 34.0109
450.0000 34.2255
451.0000 34.3880
452.0000 34.3746
453.0000 34.3361
454.0000 34.2768
455.0000 34.0905
456.0000 33.9066
457.0000 33.7282
458.0000 33.5575
459.0000 33.2864
460.0000 32.9300
461.0000 32.6135
462.0000 32.2072
463.0000 31.9838
464.0000 31.7957
465.0000 31.7525
466.0000 31.7282
467.0000 31.8313
468.0000 31.9353
469.0000 32.0386
470.0000 32.2497
471.0000 32.4425
472.0000 32.7455
473.0000 33.0134
474.0000 33.2460
475.0000 33.4429
476.0000 33.7150
477.0000 33.9381
478.0000 34.1144
479.0000 34.2469
480.0000 34.3395
481.0000 34.3963
482.0000 34.4219
483.0000 34.4211
484.0000 34.3979
485.0000 34.3571
486.0000 34.1919
487.0000 34.0312
488.0000 33.8778
489.0000 33.7342
490.0000 33.6018
491.0000 33.3535
492.0000 33.1351
493.0000 32.9463
494.0000 32.7862
495.0000 32.6531
496.0000 32.5452
497.0000 32.3499
498.0000 32.2996
499.0000 32.2671
500.0000 32.2500
501.0000 32.2452
502.0000 32.1391
503.0000 32.0532
504.0000 32.0954
505.0000 32.0279
506.0000 31.9722
507.0000 31.9255
508.0000 31.8856
509.0000 31.8506
510.0000 31.8190
511.0000 31.7899
512.0000 31.7615
513.0000 31.7336
514.0000 31.7061
515.0000 31.6792
516.0000 31.6530
517.0000 31.6268
518.0000 31.7109
519.0000 31.7820
520.0000 31.8404
521.0000 31.8871
522.0000 31.9225
523.0000 31.9478
524.0000 32.0928
525.0000 32.2135
526.0000 32.3118
527.0000 32.3895
528.0000 32.4485
529.0000 32.3612
530.0000 32.2741
531.0000 32.1876
532.0000 32.1021
533.0000 32.1483
534.0000 32.1822
535.0000 32.2053
536.0000 32.2191
537.0000 32.2250
538.0000 32.3347
539.0000 32.4260
540.0000 32.5014
541.0000 32.5629
542.0000 32.6123
543.0000 32.6510
544.0000 32.6794
545.0000 32.6976
546.0000 32.8169
547.0000 32.9134
548.0000 32.9896
549.0000 33.1583
550.0000 33.2972
551.0000 33.5383
552.0000 33.7390
553.0000 33.9036
554.0000 34.1468
555.0000 34.3478
556.0000 34.5108
557.0000 34.5287
558.0000 34.5293
559.0000 34.3856
560.0000 34.2448
561.0000 33.9978
562.0000 33.7699
563.0000 33.4505
564.0000 33.1644
565.0000 32.8001
566.0000 32.4817
567.0000 32.0785
568.0000 31.7332
569.0000 31.4435
570.0000 31.2065
571.0000 31.0187
572.0000 30.8757
573.0000 30.7731
574.0000 30.7054
575.0000 30.5570
576.0000 30.5575
577.0000 30.5770
578.0000 30.6102
579.0000 30.6530
580.0000 30.8299
581.0000 30.9926
582.0000 31.1381
583.0000 31.2646
584.0000 31.4817
585.0000 31.6649
586.0000 31.8155
587.0000 31.9350
588.0000 32.1365
589.0000 32.2979
590.0000 32.4220
591.0000 32.5123
592.0000 32.5725
593.0000 32.6063
594.0000 32.6171
595.0000 32.6092
596.0000 32.6969
597.0000 32.7594
598.0000 32.8001
599.0000 32.8231
600.0000 32.9609
601.0000 33.0715
602.0000 33.1581
603.0000 33.2246
604.0000 33.2740
605.0000 33.4196
606.0000 33.5392
607.0000 33.6355
608.0000 33.7106
609.0000 33.7664
610.0000 33.8049
611.0000 33.8282
612.0000 33.8385
613.0000 33.7269
614.0000 33.6188
615.0000 33.3866
616.0000 33.1762
617.0000 32.9871
618.0000 32.8187
619.0000 32.7993
620.0000 32.7838
621.0000 32.7730
622.0000 32.8778
623.0000 32.9739
624.0000 33.0622
625.0000 33.1432
626.0000 33.2172
627.0000 33.2848
628.0000 33.3452
629.0000 33.3979
630.0000 33.5524
631.0000 33.6834
632.0000 33.7915
633.0000 33.8772
634.0000 33.9427
635.0000 33.9899
636.0000 34.0205
637.0000 34.1481
638.0000 34.2511
639.0000 34.3323
640.0000 34.3946
641.0000 34.4406
642.0000 34.4726
643.0000 34.6217
644.0000 34.7450
645.0000 34.8460
646.0000 34.9279
647.0000 35.1040
648.0000 35.2524
649.0000 35.3760
650.0000 35.4774
651.0000 35.5588
652.0000 35.6233
653.0000 35.6733
654.0000 35.7110
655.0000 35.7382
656.0000 35.7564
657.0000 35.6563
658.0000 35.5641
659.0000 35.4807
660.0000 35.4065
661.0000 35.3418
662.0000 35.3984
663.0000 35.4523
664.0000 35.3939
665.0000 35.3479
666.0000 35.3138
667.0000 35.2912
668.0000 35.2791
669.0000 35.2767
670.0000 35.1540
671.0000 35.0547
672.0000 34.9761
673.0000 34.9155
674.0000 34.8705
675.0000 34.8390
676.0000 34.9484
677.0000 35.0531
678.0000 35.1533
679.0000 35.2482
680.0000 35.3376
681.0000 35.4211
682.0000 35.4987
683.0000 35.5704
684.0000 35.6362
685.0000 35.6954
686.0000 35.6183
687.0000 35.5495
688.0000 35.4880
689.0000 35.4331
690.0000 35.3840
691.0000 35.2305
692.0000 35.0971
693.0000 34.9831
694.0000 34.8878
695.0000 34.8103
696.0000 34.7496
697.0000 34.7048
698.0000 34.6748
699.0000 34.5477
700.0000 34.4468
701.0000 34.2583
702.0000 34.1036
703.0000 33.9794
704.0000 33.8823
705.0000 33.8098
706.0000 33.7580
707.0000 33.7238
708.0000 33.7045
709.0000 33.8085
710.0000 33.9093
711.0000 34.1169
712.0000 34.3063
713.0000 34.5889
714.0000 34.9692
715.0000 35.3034
716.0000 35.7037
717.0000 36.0477
718.0000 36.3386
719.0000 36.6907
720.0000 36.9831
721.0000 37.3314
722.0000 37.6158
723.0000 37.8419
724.0000 38.0160
725.0000 38.1439
726.0000 38.2322
727.0000 38.4158
728.0000 38.4267
729.0000 38.5464
730.0000 38.5062
731.0000 38.4574
732.0000 38.4042
733.0000 38.3499
734.0000 38.2980
735.0000 38.1400
736.0000 38.0029
737.0000 37.8876
738.0000 37.7939
739.0000 37.7213
740.0000 37.6687
741.0000 37.5240
742.0000 37.5214
743.0000 37.5339
744.0000 37.5601
745.0000 37.5980
746.0000 37.7559
747.0000 37.7969
748.0000 37.8442
749.0000 37.7854
750.0000 37.6316
751.0000 37.5042
752.0000 37.2707
753.0000 37.0733
754.0000 36.7977
755.0000 36.5651
756.0000 36.3707
757.0000 36.2116
758.0000 36.0847
759.0000 35.8767
760.0000 35.7090
761.0000 35.5796
762.0000 35.4851
763.0000 35.4225
764.0000 35.3878
765.0000 35.2660
766.0000 35.1773
767.0000 35.1165
768.0000 35.0790
769.0000 35.0598
770.0000 34.9257
771.0000 34.8182
772.0000 34.7334
773.0000 34.6682
774.0000 34.7481
775.0000 34.8251
776.0000 34.8977
777.0000 35.0761
778.0000 35.3461
779.0000 35.5845
780.0000 35.7919
781.0000 35.9700
782.0000 36.1203
783.0000 36.2449
784.0000 36.2348
785.0000 36.1048
786.0000 35.9793
787.0000 35.9691
788.0000 35.9497
789.0000 36.0341
790.0000 36.0997
791.0000 36.1490
792.0000 36.2961
793.0000 36.4202
794.0000 36.5252
795.0000 36.6143
796.0000 36.6902
797.0000 36.7553
798.0000 36.8115
799.0000 36.8593
800.0000 36.7877
801.0000 36.7205
802.0000 36.6576
803.0000 36.5991
804.0000 36.5456
805.0000 36.3865
806.0000 36.2462
807.0000 36.0141
808.0000 35.8139
809.0000 35.6442
810.0000 35.5032
811.0000 35.3893
812.0000 35.3004
813.0000 35.2348
814.0000 35.3012
815.0000 35.3726
816.0000 35.4472
817.0000 35.5236
818.0000 35.6005
819.0000 35.6767
820.0000 35.7504
821.0000 35.8202
822.0000 35.9948
823.0000 36.1487
824.0000 36.2818
825.0000 36.3944
826.0000 36.4871
827.0000 36.5610
828.0000 36.6172
829.0000 36.7688
830.0000 36.8937
831.0000 36.9948
832.0000 37.0750
833.0000 37.1369
834.0000 37.3122
835.0000 37.4580
836.0000 37.5774
837.0000 37.7849
838.0000 37.9596
839.0000 38.1052
840.0000 38.2249
841.0000 38.3218
842.0000 38.3983
843.0000 38.3461
844.0000 38.2924
845.0000 38.2387
846.0000 38.1864
847.0000 38.1362
848.0000 38.0889
849.0000 38.0458
850.0000 38.0080
851.0000 37.9760
852.0000 37.8217
853.0000 37.6907
854.0000 37.3608
855.0000 36.9685
856.0000 36.6350
857.0000 36.2271
858.0000 35.7741
859.0000 35.5051
860.0000 35.2895
861.0000 35.2513
862.0000 35.2406
863.0000 35.2541
864.0000 35.2881
865.0000 35.3399
866.0000 35.4065
867.0000 35.5953
868.0000 35.7791
869.0000 35.9544
870.0000 36.2286
871.0000 36.4750
872.0000 36.8028
873.0000 37.0858
874.0000 37.4545
875.0000 37.7658
876.0000 38.0239
877.0000 38.3442
878.0000 38.6068
879.0000 38.8170
880.0000 38.9802
881.0000 39.1012
882.0000 39.1859
883.0000 39.2396
884.0000 39.2670
885.0000 39.2734
886.0000 39.1525
887.0000 39.0332
888.0000 38.7892
889.0000 38.4580
890.0000 38.0543
891.0000 37.5913
892.0000 37.0631
893.0000 36.6118
894.0000 36.2334
895.0000 35.9232
896.0000 35.6762
897.0000 35.4874
898.0000 35.3513
899.0000 35.2629
900.0000 35.2169
901.0000 35.2076
902.0000 35.1185
903.0000 35.0679
904.0000 34.9379
905.0000 34.8457
906.0000 34.6729
907.0000 34.5360
908.0000 34.2990
909.0000 34.1007
910.0000 33.9355
