1.0000 0.0000
2.0000 0.0000
3.0000 0.0000
4.0000 0.0000
5.0000 0.0000
6.0000 0.0600
7.0000 0.0600
8.0000 0.0600
9.0000 0.0600
10.0000 0.0600
11.0000 0.0600
12.0000 0.0600
13.0000 0.0600
14.0000 0.0600
15.0000 0.0600
16.0000 0.1300
17.0000 0.0600
18.0000 0.0600
19.0000 0.0600
20.0000 0.0600
21.0000 0.0600
22.0000 0.0600
23.0000 0.0600
24.0000 0.0600
25.0000 0.0600
26.0000 0.0600
27.0000 0.1300
28.0000 0.0600
29.0000 0.0600
30.0000 0.0600
31.0000 0.0600
32.0000 0.1300
33.0000 0.1300
34.0000 0.1900
35.0000 0.1900
36.0000 0.1900
37.0000 0.2500
38.0000 0.2500
39.0000 0.3100
40.0000 0.3800
41.0000 0.3800
42.0000 0.3800
43.0000 0.4400
44.0000 0.4400
45.0000 0.5000
46.0000 0.5000
47.0000 0.5000
48.0000 0.5600
49.0000 0.5600
50.0000 0.5600
51.0000 0.6300
52.0000 0.6300
53.0000 0.6300
54.0000 0.6900
55.0000 0.6900
56.0000 0.6900
57.0000 0.6900
58.0000 0.7500
59.0000 0.7500
60.0000 0.7500
61.0000 0.8100
62.0000 0.8100
63.0000 0.8800
64.0000 0.8800
65.0000 0.9400
66.0000 0.9400
67.0000 0.9400
68.0000 0.9400
69.0000 0.9400
70.0000 0.9400
71.0000 0.9400
72.0000 0.9400
73.0000 0.8800
74.0000 0.8800
75.0000 0.8800
76.0000 0.8800
77.0000 0.9400
78.0000 0.9400
79.0000 1.0000
80.0000 1.0000
81.0000 0.9400
82.0000 0.9400
83.0000 0.9400
84.0000 0.9400
85.0000 0.9400
86.0000 0.9400
87.0000 0.9400
88.0000 0.9400
89.0000 0.9400
90.0000 0.9400
91.0000 0.9400
92.0000 0.9400
93.0000 0.9400
94.0000 0.9400
95.0000 0.9400
96.0000 0.9400
97.0000 0.9400
98.0000 0.9400
99.0000 0.9400
100.0000 0.9400
101.0000 0.9400
102.0000 1.0000
103.0000 1.0000
104.0000 1.0000
105.0000 1.0000
106.0000 1.0600
107.0000 1.0000
108.0000 1.0000
109.0000 1.0000
110.0000 1.0000
111.0000 1.0000
112.0000 1.0000
113.0000 0.9400
114.0000 0.9400
115.0000 0.9400
116.0000 0.9400
117.0000 0.9400
118.0000 0.9400
119.0000 0.9400
120.0000 0.9400
121.0000 0.9400
122.0000 0.9400
123.0000 0.9400
124.0000 0.9400
125.0000 0.9400
126.0000 0.9400
127.0000 0.9400
128.0000 0.9400
129.0000 0.9400
130.0000 0.9400
131.0000 1.0000
132.0000 1.0000
133.0000 1.0000
134.0000 1.0000
135.0000 1.0000
136.0000 1.0000
137.0000 1.0000
138.0000 1.0000
139.0000 1.0000
140.0000 1.0600
141.0000 1.0600
142.0000 1.0600
143.0000 1.0600
144.0000 1.1300
145.0000 1.1300
146.0000 1.1300
147.0000 1.1300
148.0000 1.1300
149.0000 1.0600
150.0000 1.0600
151.0000 1.0600
152.0000 1.0000
153.0000 1.0000
154.0000 1.0000
155.0000 1.0000
156.0000 1.0000
157.0000 1.0000
158.0000 1.0600
159.0000 1.0600
160.0000 1.0600
161.0000 1.1300
162.0000 1.1300
163.0000 1.1300
164.0000 1.1900
165.0000 1.1900
166.0000 1.1900
167.0000 1.1900
168.0000 1.1300
169.0000 1.1300
170.0000 1.1300
171.0000 1.1300
172.0000 1.1300
173.0000 1.1300
174.0000 1.1300
175.0000 1.1300
176.0000 1.1300
177.0000 1.1300
178.0000 1.1300
179.0000 1.0600
180.0000 1.0600
181.0000 1.0600
182.0000 1.0600
183.0000 1.0600
184.0000 1.0600
185.0000 1.1300
186.0000 1.0600
187.0000 1.0600
188.0000 1.0600
189.0000 1.0600
190.0000 1.0600
191.0000 1.0600
192.0000 1.0000
193.0000 1.0000
194.0000 1.0000
195.0000 1.0000
196.0000 0.9400
197.0000 0.9400
198.0000 0.9400
199.0000 0.9400
200.0000 0.8800
201.0000 0.8800
202.0000 0.8800
203.0000 0.9400
204.0000 0.9400
205.0000 0.9400
206.0000 0.9400
207.0000 0.9400
208.0000 1.0000
209.0000 1.0000
210.0000 1.0000
211.0000 1.0000
212.0000 0.9400
213.0000 0.9400
214.0000 0.9400
215.0000 0.9400
216.0000 0.9400
217.0000 0.9400
218.0000 1.0000
219.0000 1.0000
220.0000 1.0000
221.0000 1.0000
222.0000 1.0600
223.0000 1.0600
224.0000 1.0600
225.0000 1.0600
226.0000 1.0600
227.0000 1.0600
228.0000 1.0000
229.0000 1.0000
230.0000 1.0000
231.0000 1.0000
232.0000 1.0000
233.0000 0.9400
234.0000 0.9400
235.0000 0.9400
236.0000 0.9400
237.0000 0.9400
238.0000 0.9400
239.0000 0.9400
240.0000 0.9400
241.0000 0.9400
242.0000 0.9400
243.0000 0.8800
244.0000 0.8800
245.0000 0.8800
246.0000 0.8800
247.0000 0.8800
248.0000 0.8800
249.0000 0.8800
250.0000 0.8800
251.0000 0.9400
252.0000 0.9400
253.0000 1.0000
254.0000 1.0000
255.0000 1.0000
256.0000 1.0000
257.0000 1.0600
258.0000 1.0600
259.0000 1.0000
260.0000 1.0000
261.0000 1.0600
262.0000 1.0600
263.0000 1.0600
264.0000 1.1300
265.0000 1.1300
266.0000 1.1300
267.0000 1.1300
268.0000 1.1300
269.0000 1.1300
270.0000 1.0600
271.0000 1.0600
272.0000 1.1300
273.0000 1.1300
274.0000 1.1900
275.0000 1.1900
276.0000 1.2500
277.0000 1.1900
278.0000 1.1900
279.0000 1.1900
280.0000 1.1900
281.0000 1.1900
282.0000 1.1900
283.0000 1.1900
284.0000 1.1900
285.0000 1.1900
286.0000 1.1900
287.0000 1.1900
288.0000 1.1300
289.0000 1.1900
290.0000 1.1300
291.0000 1.1900
292.0000 1.1300
293.0000 1.1300
294.0000 1.1300
295.0000 1.1300
296.0000 1.1300
297.0000 1.1300
298.0000 1.1300
299.0000 1.0600
300.0000 1.0600
301.0000 1.0600
302.0000 1.0600
303.0000 1.0600
304.0000 1.0600
305.0000 1.0600
306.0000 1.0000
307.0000 1.0000
308.0000 1.0000
309.0000 1.0000
310.0000 1.0000
