1.0000 37.6800
2.0000 37.6800
3.0000 37.6800
4.0000 37.6800
5.0000 37.6800
6.0000 37.6800
7.0000 37.6800
8.0000 37.6800
9.0000 37.6800
10.0000 37.6800
11.0000 37.6800
12.0000 37.7500
13.0000 37.7500
14.0000 37.7500
15.0000 37.7500
16.0000 37.8100
17.0000 37.8100
18.0000 37.8100
19.0000 37.8100
20.0000 37.8100
21.0000 37.8100
22.0000 37.8100
23.0000 37.8100
24.0000 37.8100
25.0000 37.8100
26.0000 37.8100
27.0000 37.8100
28.0000 37.8100
29.0000 37.8700
30.0000 37.8700
31.0000 37.9300
32.0000 37.9300
33.0000 38.0000
34.0000 38.0600
35.0000 38.1200
36.0000 38.1800
37.0000 38.2500
38.0000 38.3100
39.0000 38.3100
40.0000 38.3700
41.0000 38.3700
42.0000 38.3700
43.0000 38.4300
44.0000 38.4300
45.0000 38.4300
46.0000 38.5000
47.0000 38.5600
48.0000 38.5600
49.0000 38.6200
50.0000 38.6800
51.0000 38.6800
52.0000 38.7500
53.0000 38.7500
54.0000 38.8100
55.0000 38.8700
56.0000 38.8700
57.0000 38.9300
58.0000 39.0000
59.0000 39.0000
60.0000 39.0600
61.0000 39.1200
62.0000 39.1200
63.0000 39.1200
64.0000 39.1200
65.0000 39.1800
66.0000 39.1800
67.0000 39.1800
68.0000 39.2500
69.0000 39.2500
70.0000 39.2500
71.0000 39.2500
72.0000 39.3100
73.0000 39.3100
74.0000 39.3700
75.0000 39.4300
76.0000 39.4300
77.0000 39.5000
78.0000 39.5000
79.0000 39.5600
80.0000 39.6200
81.0000 39.6800
82.0000 39.6800
83.0000 39.7500
84.0000 39.7500
85.0000 39.7500
86.0000 39.8100
87.0000 39.8100
88.0000 39.8100
89.0000 39.8100
90.0000 39.8100
91.0000 39.8100
92.0000 39.8700
93.0000 39.8700
94.0000 39.8700
95.0000 39.9300
96.0000 39.9300
97.0000 39.9300
98.0000 39.9300
99.0000 39.9300
100.0000 40.0000
101.0000 40.0000
102.0000 40.0600
103.0000 40.0600
104.0000 40.0600
105.0000 40.0600
106.0000 40.0600
107.0000 40.0600
108.0000 40.1200
109.0000 40.1200
110.0000 40.1200
111.0000 40.1800
112.0000 40.1800
113.0000 40.1800
114.0000 40.1800
115.0000 40.1800
116.0000 40.1800
117.0000 40.2500
118.0000 40.2500
119.0000 40.3100
120.0000 40.3100
121.0000 40.3100
122.0000 40.3100
123.0000 40.3700
124.0000 40.3700
125.0000 40.3700
126.0000 40.3700
127.0000 40.3700
128.0000 40.3700
129.0000 40.4300
130.0000 40.4300
131.0000 40.4300
132.0000 40.4300
133.0000 40.4300
134.0000 40.4300
135.0000 40.4300
136.0000 40.4300
137.0000 40.4300
138.0000 40.4300
139.0000 40.4300
140.0000 40.5000
141.0000 40.5000
142.0000 40.5000
143.0000 40.5000
144.0000 40.5000
145.0000 40.5600
146.0000 40.6200
147.0000 40.6200
148.0000 40.6200
149.0000 40.6800
150.0000 40.6800
151.0000 40.6800
152.0000 40.6800
153.0000 40.6800
154.0000 40.6800
155.0000 40.6800
156.0000 40.7500
157.0000 40.8100
158.0000 40.8700
159.0000 40.9300
160.0000 40.9300
161.0000 41.0000
162.0000 41.0000
163.0000 41.0600
164.0000 41.0600
165.0000 41.1200
166.0000 41.1200
167.0000 41.1200
168.0000 41.1800
169.0000 41.1800
170.0000 41.1800
171.0000 41.1800
172.0000 41.1800
173.0000 41.2500
174.0000 41.2500
175.0000 41.3100
176.0000 41.3100
177.0000 41.3100
178.0000 41.3100
179.0000 41.3700
180.0000 41.3700
181.0000 41.3700
182.0000 41.3700
183.0000 41.3100
184.0000 41.3100
185.0000 41.3100
186.0000 41.3100
187.0000 41.3100
188.0000 41.2500
189.0000 41.3100
190.0000 41.3100
191.0000 41.3100
192.0000 41.3100
193.0000 41.3100
194.0000 41.3100
195.0000 41.3100
196.0000 41.3100
197.0000 41.2500
198.0000 41.2500
199.0000 41.2500
200.0000 41.2500
201.0000 41.2500
202.0000 41.2500
203.0000 41.2500
204.0000 41.2500
205.0000 41.2500
206.0000 41.3100
207.0000 41.3100
208.0000 41.3100
209.0000 41.3100
210.0000 41.3700
211.0000 41.3700
212.0000 41.4300
213.0000 41.4300
214.0000 41.4300
215.0000 41.4300
216.0000 41.4300
217.0000 41.4300
218.0000 41.4300
219.0000 41.4300
220.0000 41.4300
221.0000 41.4300
222.0000 41.5000
223.0000 41.5600
224.0000 41.5600
225.0000 41.5600
226.0000 41.5600
227.0000 41.5600
228.0000 41.5600
229.0000 41.5600
230.0000 41.5600
231.0000 41.5600
232.0000 41.5600
233.0000 41.6200
234.0000 41.5600
235.0000 41.5000
236.0000 41.5000
237.0000 41.4300
238.0000 41.4300
239.0000 41.3700
240.0000 41.3700
241.0000 41.3700
242.0000 41.3700
243.0000 41.3700
244.0000 41.4300
245.0000 41.4300
246.0000 41.5000
247.0000 41.4300
248.0000 41.4300
249.0000 41.4300
250.0000 41.4300
251.0000 41.4300
252.0000 41.4300
253.0000 41.4300
254.0000 41.4300
255.0000 41.5000
256.0000 41.5000
257.0000 41.5000
258.0000 41.5000
259.0000 41.5600
260.0000 41.5600
261.0000 41.5600
262.0000 41.5600
263.0000 41.5600
264.0000 41.5600
265.0000 41.5600
266.0000 41.5600
267.0000 41.5600
268.0000 41.5600
269.0000 41.6200
270.0000 41.6200
271.0000 41.6200
272.0000 41.6200
273.0000 41.6800
274.0000 41.6800
275.0000 41.6800
276.0000 41.6800
277.0000 41.7500
278.0000 41.7500
279.0000 41.7500
280.0000 41.7500
281.0000 41.6800
282.0000 41.6800
283.0000 41.6200
284.0000 41.6200
285.0000 41.6200
286.0000 41.5600
287.0000 41.5600
288.0000 41.5000
289.0000 41.5600
290.0000 41.5600
291.0000 41.5000
292.0000 41.5000
293.0000 41.5000
294.0000 41.5000
295.0000 41.5000
296.0000 41.5600
297.0000 41.5600
298.0000 41.5600
299.0000 41.5600
300.0000 41.5600
301.0000 41.6200
302.0000 41.5600
303.0000 41.5600
304.0000 41.5600
305.0000 41.5000
306.0000 41.5000
307.0000 41.5000
308.0000 41.4300
309.0000 41.4300
310.0000 41.5000
