1.0000 36.7500
2.0000 36.7500
3.0000 36.7500
4.0000 36.7500
5.0000 36.7500
6.0000 36.7500
7.0000 36.7500
8.0000 36.8100
9.0000 36.8100
10.0000 36.8100
11.0000 36.8100
12.0000 36.8700
13.0000 36.8700
14.0000 36.8700
15.0000 36.8700
16.0000 36.8700
17.0000 36.8700
18.0000 36.8700
19.0000 36.8100
20.0000 36.8100
21.0000 36.8100
22.0000 36.8100
23.0000 36.8100
24.0000 36.8100
25.0000 36.8100
26.0000 36.8100
27.0000 36.8700
28.0000 36.9300
29.0000 36.9300
30.0000 37.0000
31.0000 37.0000
32.0000 37.0000
33.0000 37.0600
34.0000 37.0600
35.0000 37.0600
36.0000 37.1200
37.0000 37.1200
38.0000 37.1800
39.0000 37.1800
40.0000 37.2500
41.0000 37.3100
42.0000 37.3700
43.0000 37.3700
44.0000 37.4300
45.0000 37.4300
46.0000 37.4300
47.0000 37.5000
48.0000 37.5000
49.0000 37.5000
50.0000 37.5000
51.0000 37.5600
52.0000 37.5600
53.0000 37.5600
54.0000 37.6200
55.0000 37.6800
56.0000 37.6800
57.0000 37.6800
58.0000 37.7500
59.0000 37.7500
60.0000 37.8100
61.0000 37.8100
62.0000 37.8100
63.0000 37.8700
64.0000 37.8700
65.0000 37.8700
66.0000 37.9300
67.0000 37.9300
68.0000 38.0000
69.0000 38.0000
70.0000 38.0600
71.0000 38.1200
72.0000 38.1200
73.0000 38.1800
74.0000 38.2500
75.0000 38.2500
76.0000 38.3100
77.0000 38.3100
78.0000 38.3100
79.0000 38.3700
80.0000 38.3700
81.0000 38.4300
82.0000 38.4300
83.0000 38.5000
84.0000 38.5000
85.0000 38.5000
86.0000 38.5600
87.0000 38.5600
88.0000 38.6200
89.0000 38.6200
90.0000 38.6200
91.0000 38.5600
92.0000 38.6200
93.0000 38.6200
94.0000 38.6200
95.0000 38.6800
96.0000 38.6800
97.0000 38.6800
98.0000 38.7500
99.0000 38.7500
100.0000 38.8100
101.0000 38.8100
102.0000 38.8100
103.0000 38.8100
104.0000 38.8100
105.0000 38.8700
106.0000 38.8700
107.0000 38.8700
108.0000 38.8700
109.0000 38.8700
110.0000 38.8700
111.0000 38.8700
112.0000 38.8700
113.0000 38.8700
114.0000 38.8700
115.0000 38.8700
116.0000 38.9300
117.0000 38.9300
118.0000 39.0000
119.0000 39.0000
120.0000 39.0600
121.0000 39.0600
122.0000 39.1200
123.0000 39.1200
124.0000 39.1800
125.0000 39.2500
126.0000 39.2500
127.0000 39.2500
128.0000 39.3100
129.0000 39.3100
130.0000 39.3100
131.0000 39.3100
132.0000 39.3100
133.0000 39.3100
134.0000 39.3100
135.0000 39.3100
136.0000 39.3100
137.0000 39.3100
138.0000 39.2500
139.0000 39.2500
140.0000 39.2500
141.0000 39.2500
142.0000 39.2500
143.0000 39.2500
144.0000 39.3100
145.0000 39.3100
146.0000 39.3100
147.0000 39.3700
148.0000 39.3700
149.0000 39.4300
150.0000 39.4300
151.0000 39.4300
152.0000 39.4300
153.0000 39.3700
154.0000 39.3700
155.0000 39.3700
156.0000 39.3100
157.0000 39.3100
158.0000 39.3100
159.0000 39.2500
160.0000 39.2500
161.0000 39.1800
162.0000 39.1800
163.0000 39.1800
164.0000 39.1800
165.0000 39.1200
166.0000 39.1200
167.0000 39.1200
168.0000 39.1200
169.0000 39.1200
170.0000 39.1200
171.0000 39.1200
172.0000 39.1200
173.0000 39.1200
174.0000 39.1800
175.0000 39.1800
176.0000 39.1800
177.0000 39.2500
178.0000 39.2500
179.0000 39.2500
180.0000 39.1800
181.0000 39.1800
182.0000 39.1800
183.0000 39.1800
184.0000 39.1800
185.0000 39.1800
186.0000 39.1800
187.0000 39.1800
188.0000 39.1800
189.0000 39.1800
190.0000 39.1800
191.0000 39.1800
192.0000 39.1800
193.0000 39.1800
194.0000 39.1800
195.0000 39.1800
196.0000 39.1800
197.0000 39.1200
198.0000 39.1800
199.0000 39.1800
200.0000 39.1800
201.0000 39.1800
202.0000 39.1800
203.0000 39.1200
204.0000 39.1200
205.0000 39.1200
206.0000 39.1800
207.0000 39.1200
208.0000 39.1200
209.0000 39.1200
210.0000 39.1800
211.0000 39.1200
212.0000 39.1800
213.0000 39.1200
214.0000 39.1200
215.0000 39.1800
216.0000 39.1200
217.0000 39.1800
218.0000 39.1800
219.0000 39.1800
220.0000 39.1800
221.0000 39.1800
222.0000 39.2500
223.0000 39.2500
224.0000 39.2500
225.0000 39.2500
226.0000 39.2500
227.0000 39.3100
228.0000 39.3100
229.0000 39.3100
230.0000 39.3700
231.0000 39.4300
232.0000 39.5000
233.0000 39.5000
234.0000 39.5600
235.0000 39.5600
236.0000 39.5600
237.0000 39.5600
238.0000 39.5600
239.0000 39.5600
240.0000 39.5000
241.0000 39.5000
242.0000 39.5000
243.0000 39.4300
244.0000 39.4300
245.0000 39.4300
246.0000 39.4300
247.0000 39.4300
248.0000 39.4300
249.0000 39.4300
250.0000 39.4300
251.0000 39.4300
252.0000 39.4300
253.0000 39.4300
254.0000 39.4300
255.0000 39.5000
256.0000 39.5000
257.0000 39.4300
258.0000 39.4300
259.0000 39.4300
260.0000 39.5000
261.0000 39.5000
262.0000 39.5000
263.0000 39.4300
264.0000 39.4300
265.0000 39.4300
266.0000 39.4300
267.0000 39.4300
268.0000 39.4300
269.0000 39.4300
270.0000 39.4300
271.0000 39.4300
272.0000 39.5000
273.0000 39.5600
274.0000 39.5600
275.0000 39.5600
276.0000 39.6200
277.0000 39.6800
278.0000 39.6800
279.0000 39.7500
280.0000 39.8100
281.0000 39.8100
282.0000 39.8700
283.0000 39.8700
284.0000 39.9300
285.0000 39.9300
286.0000 39.9300
287.0000 39.9300
288.0000 39.9300
289.0000 40.0000
290.0000 39.9300
291.0000 40.0000
292.0000 39.9300
293.0000 39.9300
294.0000 39.8700
295.0000 39.8700
296.0000 39.8700
297.0000 39.8700
298.0000 39.8700
299.0000 39.8700
300.0000 39.8100
301.0000 39.8100
302.0000 39.8100
303.0000 39.7500
304.0000 39.7500
305.0000 39.7500
306.0000 39.7500
307.0000 39.7500
308.0000 39.7500
309.0000 39.7500
310.0000 39.7500
