1.0000 0.0000
2.0000 0.0000
3.0000 0.0000
4.0000 0.0000
5.0000 0.0000
6.0000 0.0000
7.0000 0.0000
8.0000 0.0000
9.0000 0.0000
10.0000 0.0000
11.0000 -0.3371
12.0000 0.1446
13.0000 -0.1675
14.0000 0.0083
15.0000 -0.1558
16.0000 -0.0632
17.0000 -0.1406
18.0000 -0.0954
19.0000 -0.1367
20.0000 -0.1179
21.0000 -0.1416
22.0000 -0.1354
23.0000 -0.1500
24.0000 -0.1498
25.0000 -0.1600
26.0000 -0.1627
27.0000 -0.1705
28.0000 -0.1746
29.0000 -0.1812
30.0000 -0.1859
31.0000 -0.1918
32.0000 -0.1967
33.0000 -0.2022
34.0000 -0.2071
35.0000 -0.2123
36.0000 -0.2172
37.0000 -0.2221
38.0000 -0.2268
39.0000 -0.2316
40.0000 -0.2362
41.0000 -0.2408
42.0000 -0.2452
43.0000 -0.2496
44.0000 -0.2539
45.0000 -0.2582
46.0000 -0.2623
47.0000 -0.2664
48.0000 -0.2704
49.0000 -0.2743
50.0000 -0.2782
51.0000 -0.2820
52.0000 -0.2857
53.0000 -0.2893
54.0000 -0.2929
55.0000 -0.2964
56.0000 -0.2998
57.0000 -0.3032
58.0000 -0.3065
59.0000 -0.3097
60.0000 -0.3129
61.0000 -0.3160
62.0000 -0.3191
63.0000 -0.3220
64.0000 -0.3250
65.0000 -0.3278
66.0000 -0.3306
67.0000 -0.3334
68.0000 -0.3360
69.0000 -0.3387
70.0000 -0.3412
71.0000 -0.3438
72.0000 -0.3462
73.0000 -0.3486
74.0000 -0.3510
75.0000 -0.3533
76.0000 -0.3556
77.0000 -0.3578
78.0000 -0.3599
79.0000 -0.3621
80.0000 -0.3641
81.0000 -0.3661
82.0000 -0.3681
83.0000 -0.3700
84.0000 -0.3719
85.0000 -0.3738
86.0000 -0.3756
87.0000 -0.3773
88.0000 -0.3791
89.0000 -0.3807
90.0000 -0.3824
91.0000 -0.3840
92.0000 -0.3856
93.0000 -0.3871
94.0000 -0.3886
95.0000 -0.3901
96.0000 -0.3915
97.0000 -0.3929
98.0000 -0.3942
99.0000 -0.3956
100.0000 -0.3969
101.0000 -0.3981
102.0000 -0.3994
103.0000 -0.4006
104.0000 -0.4017
105.0000 -0.4029
106.0000 -0.4040
107.0000 -0.4051
108.0000 -0.4062
109.0000 -0.4072
110.0000 -0.4082
111.0000 -5.1980
112.0000 -0.3127
113.0000 -1.8565
114.0000 0.1226
115.0000 -1.0999
116.0000 -0.3190
117.0000 -0.9525
118.0000 -0.5434
119.0000 -0.8374
120.0000 -0.6282
121.0000 -0.7736
122.0000 -0.6713
123.0000 -0.7435
124.0000 -0.6922
125.0000 -0.7266
126.0000 -0.6996
127.0000 -0.7150
128.0000 -0.7000
129.0000 -0.7058
130.0000 -0.6965
131.0000 -0.6975
132.0000 -0.6910
133.0000 -0.6896
134.0000 -0.6844
135.0000 -0.6817
136.0000 -0.6771
137.0000 -0.6738
138.0000 -0.6696
139.0000 -0.6660
140.0000 -0.6620
141.0000 -0.6582
142.0000 -0.6543
143.0000 -0.6505
144.0000 -0.6466
145.0000 -0.6428
146.0000 -0.6390
147.0000 -0.6353
148.0000 -0.6315
149.0000 -0.6278
150.0000 -0.6242
151.0000 -0.6205
152.0000 -0.6169
153.0000 -0.6133
154.0000 -0.6098
155.0000 -0.6063
156.0000 -0.6028
157.0000 -0.5994
158.0000 -0.5960
159.0000 -0.5927
160.0000 -0.5894
161.0000 -0.5861
162.0000 -0.5829
163.0000 -0.5797
164.0000 -0.5766
165.0000 -0.5735
166.0000 -0.5704
167.0000 -0.5674
168.0000 -0.5645
169.0000 -0.5616
170.0000 -0.5587
171.0000 -0.5558
172.0000 -0.5531
173.0000 -0.5503
174.0000 -0.5476
175.0000 -0.5449
176.0000 -0.5423
177.0000 -0.5397
178.0000 -0.5372
179.0000 -0.5347
180.0000 -0.5323
181.0000 -0.5299
182.0000 -0.5275
183.0000 -0.5252
184.0000 -0.5229
185.0000 -0.5206
186.0000 -0.5184
187.0000 -0.5162
188.0000 -0.5141
189.0000 -0.5120
190.0000 -0.5100
191.0000 -0.5080
192.0000 -0.5060
193.0000 -0.5040
194.0000 -0.5021
195.0000 -0.5003
196.0000 -0.4984
197.0000 -0.4966
198.0000 -0.4949
199.0000 -0.4932
200.0000 -0.4915
201.0000 -0.4898
202.0000 -0.4882
203.0000 -0.4866
204.0000 -0.4850
205.0000 -0.4835
206.0000 -0.4820
207.0000 -0.4805
208.0000 -0.4791
209.0000 -0.4777
210.0000 5.1890
211.0000 0.3956
212.0000 1.7958
213.0000 -0.1598
214.0000 1.0111
215.0000 0.2586
216.0000 0.8736
217.0000 0.4808
218.0000 0.7674
219.0000 0.5691
220.0000 0.7149
221.0000 0.6226
222.0000 0.6998
223.0000 0.6584
224.0000 0.7003
225.0000 0.6834
226.0000 0.7075
227.0000 0.7025
228.0000 0.7177
229.0000 0.7184
230.0000 0.7289
231.0000 0.7322
232.0000 0.7403
233.0000 0.7447
234.0000 0.7514
235.0000 0.7562
236.0000 0.7620
237.0000 0.7669
238.0000 0.7721
239.0000 0.7768
240.0000 0.7816
241.0000 0.7861
242.0000 0.7906
243.0000 0.7949
244.0000 0.7991
245.0000 0.8031
246.0000 0.8070
247.0000 0.8107
248.0000 0.8144
249.0000 0.8179
250.0000 0.8214
251.0000 0.8247
252.0000 0.8279
253.0000 0.8310
254.0000 0.8340
255.0000 0.8369
256.0000 0.8397
257.0000 0.8424
258.0000 0.8450
259.0000 0.8476
260.0000 0.8500
261.0000 0.8524
262.0000 0.8547
263.0000 0.8569
264.0000 0.8590
265.0000 0.8611
266.0000 0.8630
267.0000 0.8650
268.0000 0.8668
269.0000 0.8686
270.0000 0.8703
271.0000 0.8720
272.0000 0.8735
273.0000 0.8751
274.0000 0.8766
275.0000 0.8780
276.0000 0.8794
277.0000 0.8807
278.0000 0.8820
279.0000 0.8832
280.0000 0.8843
281.0000 0.8855
282.0000 0.8866
283.0000 0.8876
284.0000 0.8886
285.0000 0.8896
286.0000 0.8905
287.0000 0.8914
288.0000 0.8922
289.0000 0.8930
290.0000 0.8938
291.0000 0.8946
292.0000 0.8953
293.0000 0.8960
294.0000 0.8966
295.0000 0.8973
296.0000 0.8979
297.0000 0.8984
298.0000 0.8990
299.0000 0.8995
300.0000 0.9000
301.0000 0.9005
302.0000 0.9010
303.0000 0.9014
304.0000 0.9018
305.0000 0.9022
306.0000 0.9026
307.0000 0.9029
308.0000 0.9033
309.0000 0.9036
310.0000 0.9039
311.0000 1.5783
312.0000 0.6152
313.0000 1.2397
314.0000 0.8883
315.0000 1.2168
316.0000 1.0319
317.0000 1.1869
318.0000 1.0967
319.0000 1.1794
320.0000 1.1419
321.0000 1.1895
322.0000 1.1772
323.0000 1.2067
324.0000 1.2064
325.0000 1.2268
326.0000 1.2323
327.0000 1.2481
328.0000 1.2564
329.0000 1.2696
330.0000 1.2791
331.0000 1.2910
332.0000 1.3009
333.0000 1.3119
334.0000 1.3218
335.0000 1.3322
336.0000 1.3419
337.0000 1.3518
338.0000 1.3614
339.0000 1.3709
340.0000 1.3801
341.0000 1.3893
342.0000 1.3982
343.0000 1.4070
344.0000 1.4156
345.0000 1.4241
346.0000 1.4324
347.0000 1.4405
348.0000 1.4485
349.0000 1.4564
350.0000 1.4641
351.0000 1.4716
352.0000 1.4790
353.0000 1.4863
354.0000 1.4934
355.0000 1.5004
356.0000 1.5072
357.0000 1.5139
358.0000 1.5205
359.0000 1.5269
360.0000 1.5332
361.0000 1.5394
362.0000 1.5454
363.0000 1.5513
364.0000 1.5571
365.0000 1.5628
366.0000 1.5684
367.0000 1.5738
368.0000 1.5791
369.0000 1.5843
370.0000 1.5894
371.0000 1.5944
372.0000 1.5993
373.0000 1.6041
374.0000 1.6087
375.0000 1.6133
376.0000 1.6178
377.0000 1.6221
378.0000 1.6264
379.0000 1.6306
380.0000 1.6347
381.0000 1.6387
382.0000 1.6426
383.0000 1.6464
384.0000 1.6501
385.0000 1.6537
386.0000 1.6573
387.0000 1.6608
388.0000 1.6642
389.0000 1.6675
390.0000 1.6707
391.0000 1.6739
392.0000 1.6770
393.0000 1.6800
394.0000 1.6829
395.0000 1.6858
396.0000 1.6886
397.0000 1.6913
398.0000 1.6940
399.0000 1.6966
400.0000 1.6992
401.0000 1.7016
402.0000 1.7041
403.0000 1.7064
404.0000 1.7087
405.0000 1.7110
406.0000 1.7132
407.0000 1.7153
408.0000 1.7174
409.0000 1.7194
410.0000 1.7214
411.0000 11.3009
412.0000 1.5303
413.0000 4.6178
414.0000 0.6597
415.0000 3.1046
416.0000 1.5428
417.0000 2.8098
418.0000 1.9915
419.0000 2.5794
420.0000 2.1609
421.0000 2.4517
422.0000 2.2471
423.0000 2.3915
424.0000 2.2888
425.0000 2.3576
426.0000 2.3037
427.0000 2.3344
428.0000 2.3043
429.0000 2.3159
430.0000 2.2973
431.0000 2.2993
432.0000 2.2862
433.0000 2.2833
434.0000 2.2729
435.0000 2.2675
436.0000 2.2584
437.0000 2.2518
438.0000 2.2433
439.0000 2.2361
440.0000 2.2279
441.0000 2.2204
442.0000 2.2125
443.0000 2.2049
444.0000 2.1971
445.0000 2.1896
446.0000 2.1819
447.0000 2.1744
448.0000 2.1669
449.0000 2.1595
450.0000 2.1521
451.0000 2.1448
452.0000 2.1375
453.0000 2.1304
454.0000 2.1233
455.0000 2.1162
456.0000 2.1093
457.0000 2.1024
458.0000 2.0956
459.0000 2.0889
460.0000 2.0823
461.0000 2.0758
462.0000 2.0693
463.0000 2.0630
464.0000 2.0567
465.0000 2.0505
466.0000 2.0444
467.0000 2.0383
468.0000 2.0324
469.0000 2.0265
470.0000 2.0208
471.0000 2.0151
472.0000 2.0095
473.0000 2.0040
474.0000 1.9985
475.0000 1.9932
476.0000 1.9880
477.0000 1.9828
478.0000 1.9777
479.0000 1.9727
480.0000 1.9678
481.0000 1.9630
482.0000 1.9582
483.0000 1.9535
484.0000 1.9490
485.0000 1.9445
486.0000 1.9400
487.0000 1.9357
488.0000 1.9314
489.0000 1.9272
490.0000 1.9231
491.0000 1.9191
492.0000 1.9151
493.0000 1.9112
494.0000 1.9074
495.0000 1.9037
496.0000 1.9000
497.0000 1.8964
498.0000 1.8929
499.0000 1.8894
500.0000 1.8860
501.0000 1.8827
502.0000 1.8794
503.0000 1.8762
504.0000 1.8731
505.0000 1.8700
506.0000 1.8670
507.0000 1.8641
508.0000 1.8612
509.0000 1.8584
510.0000 -9.4749
511.0000 0.1119
512.0000 -2.6885
513.0000 1.2225
514.0000 -1.1192
515.0000 0.3858
516.0000 -0.8442
517.0000 -0.0585
518.0000 -0.6318
519.0000 -0.2353
520.0000 -0.5268
521.0000 -0.3422
522.0000 -0.4967
523.0000 -0.4138
524.0000 -0.4977
525.0000 -0.4638
526.0000 -0.5121
527.0000 -0.5020
528.0000 -0.5325
529.0000 -0.5338
530.0000 -0.5549
531.0000 -0.5615
532.0000 -0.5777
533.0000 -0.5865
534.0000 -0.5999
535.0000 -0.6095
536.0000 -0.6211
537.0000 -0.6308
538.0000 -0.6413
539.0000 -0.6507
540.0000 -0.6604
541.0000 -0.6694
542.0000 -0.6783
543.0000 -0.6868
544.0000 -0.6952
545.0000 -0.7032
546.0000 -0.7111
547.0000 -0.7186
548.0000 -0.7259
549.0000 -0.7330
550.0000 -0.7399
551.0000 -0.7465
552.0000 -0.7529
553.0000 -0.7591
554.0000 -0.7651
555.0000 -0.7709
556.0000 -0.7765
557.0000 -0.7820
558.0000 -0.7872
559.0000 -0.7923
560.0000 -0.7972
561.0000 -0.8019
562.0000 -0.8065
563.0000 -0.8109
564.0000 -0.8152
565.0000 -0.8193
566.0000 -0.8232
567.0000 -0.8271
568.0000 -0.8308
569.0000 -0.8343
570.0000 -0.8377
571.0000 -0.8411
572.0000 -0.8442
573.0000 -0.8473
574.0000 -0.8503
575.0000 -0.8531
576.0000 -0.8559
577.0000 -0.8585
578.0000 -0.8610
579.0000 -0.8635
580.0000 -0.8658
581.0000 -0.8681
582.0000 -0.8703
583.0000 -0.8724
584.0000 -0.8744
585.0000 -0.8763
586.0000 -0.8781
587.0000 -0.8799
588.0000 -0.8816
589.0000 -0.8833
590.0000 -0.8848
591.0000 -0.8863
592.0000 -0.8878
593.0000 -0.8891
594.0000 -0.8904
595.0000 -0.8917
596.0000 -0.8929
597.0000 -0.8941
598.0000 -0.8952
599.0000 -0.8962
600.0000 -0.8972
601.0000 -0.8982
602.0000 -0.8991
603.0000 -0.8999
604.0000 -0.9008
605.0000 -0.9016
606.0000 -0.9023
607.0000 -0.9030
608.0000 -0.9037
609.0000 -0.9043
610.0000 -0.9049
611.0000 -1.9167
612.0000 -0.4722
613.0000 -1.4091
614.0000 -0.8821
615.0000 -1.3749
616.0000 -1.0977
617.0000 -1.3303
618.0000 -1.1951
619.0000 -1.3192
620.0000 -1.2630
621.0000 -1.3346
622.0000 -1.3161
623.0000 -1.3604
624.0000 -1.3601
625.0000 -1.3907
626.0000 -1.3991
627.0000 -1.4228
628.0000 -1.4353
629.0000 -1.4552
630.0000 -1.4695
631.0000 -1.4873
632.0000 -1.5022
633.0000 -1.5187
634.0000 -1.5336
635.0000 -1.5492
636.0000 -1.5639
637.0000 -1.5788
638.0000 -1.5931
639.0000 -1.6073
640.0000 -1.6212
641.0000 -1.6349
642.0000 -1.6483
643.0000 -1.6615
644.0000 -1.6744
645.0000 -1.6871
646.0000 -1.6996
647.0000 -1.7118
648.0000 -1.7238
649.0000 -1.7356
650.0000 -1.7471
651.0000 -1.7584
652.0000 -1.7695
653.0000 -1.7804
654.0000 -1.7911
655.0000 -1.8015
656.0000 -1.8117
657.0000 -1.8218
658.0000 -1.8316
659.0000 -1.8412
660.0000 -1.8507
661.0000 -1.8599
662.0000 -1.8689
663.0000 -1.8778
664.0000 -1.8865
665.0000 -1.8950
666.0000 -1.9033
667.0000 -1.9114
668.0000 -1.9194
669.0000 -1.9272
670.0000 -1.9348
671.0000 -1.9422
672.0000 -1.9495
673.0000 -1.9567
674.0000 -1.9636
675.0000 -1.9705
676.0000 -1.9771
677.0000 -1.9837
678.0000 -1.9900
679.0000 -1.9963
680.0000 -2.0024
681.0000 -2.0083
682.0000 -2.0142
683.0000 -2.0199
684.0000 -2.0254
685.0000 -2.0308
686.0000 -2.0362
687.0000 -2.0413
688.0000 -2.0464
689.0000 -2.0514
690.0000 -2.0562
691.0000 -2.0609
692.0000 -2.0655
693.0000 -2.0700
694.0000 -2.0744
695.0000 -2.0787
696.0000 -2.0829
697.0000 -2.0870
698.0000 -2.0909
699.0000 -2.0948
700.0000 -2.0986
701.0000 -2.1023
702.0000 -2.1059
703.0000 -2.1095
704.0000 -2.1129
705.0000 -2.1163
706.0000 -2.1195
707.0000 -2.1227
708.0000 -2.1258
709.0000 -2.1289
710.0000 -2.1318
711.0000 -16.5010
712.0000 -1.8451
713.0000 -6.4763
714.0000 -0.5391
715.0000 -4.2064
716.0000 -1.8638
717.0000 -3.7642
718.0000 -2.5368
719.0000 -3.4186
720.0000 -2.7909
721.0000 -3.2270
722.0000 -2.9201
723.0000 -3.1367
724.0000 -2.9826
725.0000 -3.0858
726.0000 -3.0049
727.0000 -3.0510
728.0000 -3.0058
729.0000 -3.0232
730.0000 -2.9953
731.0000 -2.9982
732.0000 -2.9786
733.0000 -2.9742
734.0000 -2.9586
735.0000 -2.9505
736.0000 -2.9368
737.0000 -2.9268
738.0000 -2.9141
739.0000 -2.9033
740.0000 -2.8911
741.0000 -2.8798
742.0000 -2.8679
743.0000 -2.8565
744.0000 -2.8448
745.0000 -2.8334
746.0000 -2.8220
747.0000 -2.8107
748.0000 -2.7994
749.0000 -2.7882
750.0000 -2.7771
751.0000 -2.7662
752.0000 -2.7553
753.0000 -2.7446
754.0000 -2.7339
755.0000 -2.7234
756.0000 -2.7129
757.0000 -2.7026
758.0000 -2.6924
759.0000 -2.6824
760.0000 -2.6724
761.0000 -2.6626
762.0000 -2.6529
763.0000 -2.6434
764.0000 -2.6339
765.0000 -2.6246
766.0000 -2.6154
767.0000 -2.6064
768.0000 -2.5975
769.0000 -2.5887
770.0000 -2.5800
771.0000 -2.5715
772.0000 -2.5631
773.0000 -2.5548
774.0000 -2.5467
775.0000 -2.5386
776.0000 -2.5308
777.0000 -2.5230
778.0000 -2.5154
779.0000 -2.5079
780.0000 -2.5005
781.0000 -2.4932
782.0000 -2.4861
783.0000 -2.4791
784.0000 -2.4722
785.0000 -2.4655
786.0000 -2.4588
787.0000 -2.4523
788.0000 -2.4459
789.0000 -2.4396
790.0000 -2.4334
791.0000 -2.4274
792.0000 -2.4214
793.0000 -2.4156
794.0000 -2.4099
795.0000 -2.4042
796.0000 -2.3987
797.0000 -2.3933
798.0000 -2.3880
799.0000 -2.3828
800.0000 -2.3777
801.0000 -2.3728
802.0000 -2.3679
803.0000 -2.3631
804.0000 -2.3584
805.0000 -2.3538
806.0000 -2.3493
807.0000 -2.3448
808.0000 -2.3405
809.0000 -2.3363
810.0000 14.6637
811.0000 0.2835
812.0000 4.4841
813.0000 -1.3825
814.0000 2.1302
815.0000 -0.1273
816.0000 1.7177
817.0000 0.5391
818.0000 1.3990
819.0000 0.8043
820.0000 1.2415
821.0000 0.9646
822.0000 1.1963
823.0000 1.0721
824.0000 1.1979
825.0000 1.1470
826.0000 1.2195
827.0000 1.2044
828.0000 1.2500
829.0000 1.2520
830.0000 1.2837
831.0000 1.2936
832.0000 1.3179
833.0000 1.3311
834.0000 1.3512
835.0000 1.3655
836.0000 1.3831
837.0000 1.3975
838.0000 1.4134
839.0000 1.4274
840.0000 1.4420
841.0000 1.4554
842.0000 1.4689
843.0000 1.4816
844.0000 1.4942
845.0000 1.5062
846.0000 1.5180
847.0000 1.5293
848.0000 1.5403
849.0000 1.5509
850.0000 1.5612
851.0000 1.5711
852.0000 1.5807
853.0000 1.5901
854.0000 1.5991
855.0000 1.6078
856.0000 1.6162
857.0000 1.6243
858.0000 1.6322
859.0000 1.6398
860.0000 1.6472
861.0000 1.6543
862.0000 1.6611
863.0000 1.6677
864.0000 1.6741
865.0000 1.6803
866.0000 1.6862
867.0000 1.6920
868.0000 1.6975
869.0000 1.7029
870.0000 1.7080
871.0000 1.7130
872.0000 1.7178
873.0000 1.7224
874.0000 1.7268
875.0000 1.7311
876.0000 1.7352
877.0000 1.7392
878.0000 1.7430
879.0000 1.7466
880.0000 1.7502
881.0000 1.7536
882.0000 1.7568
883.0000 1.7600
884.0000 1.7630
885.0000 1.7658
886.0000 1.7686
887.0000 1.7713
888.0000 1.7738
889.0000 1.7763
890.0000 1.7786
891.0000 1.7809
892.0000 1.7830
893.0000 1.7851
894.0000 1.7871
895.0000 1.7890
896.0000 1.7908
897.0000 1.7925
898.0000 1.7941
899.0000 1.7957
900.0000 1.7972
901.0000 1.7987
902.0000 1.8000
903.0000 1.8013
904.0000 1.8026
905.0000 1.8038
906.0000 1.8049
907.0000 1.8059
908.0000 1.8070
909.0000 1.8079
910.0000 1.8088
