1.0000 0.0000
2.0000 0.0000
3.0000 0.0000
4.0000 0.0000
5.0000 0.0000
6.0000 0.0000
7.0000 0.0000
8.0000 0.0000
9.0000 0.0000
10.0000 0.0000
11.0000 0.0000
12.0000 0.0000
13.0000 0.0000
14.0000 0.0000
15.0000 0.0844
16.0000 0.1651
17.0000 0.2422
18.0000 0.3158
19.0000 0.3862
20.0000 0.4534
21.0000 0.5176
22.0000 0.5790
23.0000 0.6376
24.0000 0.6936
25.0000 0.7471
26.0000 0.7982
27.0000 0.8470
28.0000 0.8936
29.0000 0.9381
30.0000 0.9807
31.0000 1.0213
32.0000 1.0601
33.0000 1.0972
34.0000 1.1326
35.0000 1.1664
36.0000 1.1987
37.0000 1.2295
38.0000 1.2590
39.0000 1.2871
40.0000 1.3140
41.0000 1.3397
42.0000 1.3642
43.0000 1.3876
44.0000 1.4100
45.0000 1.4314
46.0000 1.4518
47.0000 1.4713
48.0000 1.4899
49.0000 1.5077
50.0000 1.5246
51.0000 1.5409
52.0000 1.5564
53.0000 1.5712
54.0000 1.5853
55.0000 1.5988
56.0000 1.6117
57.0000 1.6240
58.0000 1.6357
59.0000 1.6470
60.0000 1.6577
61.0000 1.6679
62.0000 1.6777
63.0000 1.6871
64.0000 1.6960
65.0000 1.7045
66.0000 1.7126
67.0000 1.7204
68.0000 1.7279
69.0000 1.7349
70.0000 1.7417
71.0000 1.7482
72.0000 1.7544
73.0000 1.7603
74.0000 1.7659
75.0000 1.7713
76.0000 1.7764
77.0000 1.7813
78.0000 1.7860
79.0000 1.7905
80.0000 1.7948
81.0000 1.7989
82.0000 1.8028
83.0000 1.8065
84.0000 1.8101
85.0000 1.8135
86.0000 1.8167
87.0000 1.8198
88.0000 1.8228
89.0000 1.8256
90.0000 1.8283
91.0000 1.8309
92.0000 1.8333
93.0000 1.8357
94.0000 1.8379
95.0000 1.8401
96.0000 1.8421
97.0000 1.8441
98.0000 1.8460
99.0000 1.8478
100.0000 1.8495
101.0000 1.8511
102.0000 1.8526
103.0000 1.8541
104.0000 1.8556
105.0000 1.8569
106.0000 1.8582
107.0000 1.8594
108.0000 1.8606
109.0000 1.8618
110.0000 1.8628
111.0000 1.8639
112.0000 1.8648
113.0000 1.8658
114.0000 1.8667
115.0000 1.8675
116.0000 1.8683
117.0000 1.8691
118.0000 1.8699
119.0000 1.8706
120.0000 1.8713
121.0000 1.8719
122.0000 1.8725
123.0000 1.8731
124.0000 1.8737
125.0000 1.8742
126.0000 1.8748
127.0000 1.8753
128.0000 1.8757
129.0000 1.8762
130.0000 1.8766
131.0000 1.8770
132.0000 1.8774
133.0000 1.8778
134.0000 1.8781
135.0000 1.8785
136.0000 1.8788
137.0000 1.8791
138.0000 1.8794
139.0000 1.8797
140.0000 1.8800
141.0000 1.8802
142.0000 1.8805
143.0000 1.8807
144.0000 1.8809
145.0000 1.8812
146.0000 1.8814
147.0000 1.8816
148.0000 1.8817
149.0000 1.8819
150.0000 1.8821
151.0000 1.8823
152.0000 1.8824
153.0000 1.8826
154.0000 1.8827
155.0000 1.8828
156.0000 1.8830
157.0000 1.8831
158.0000 1.8832
159.0000 1.8833
160.0000 1.8834
161.0000 1.8835
162.0000 1.8836
163.0000 1.8837
164.0000 1.8838
165.0000 1.8839
166.0000 1.8840
167.0000 1.8841
168.0000 1.8841
169.0000 1.8842
170.0000 1.8843
171.0000 1.8844
172.0000 1.8844
173.0000 1.8845
174.0000 1.8845
175.0000 1.8846
176.0000 1.8846
177.0000 1.8847
178.0000 1.8847
179.0000 1.8848
180.0000 1.8848
181.0000 1.8849
182.0000 1.8849
183.0000 1.8849
184.0000 1.8850
185.0000 1.8850
186.0000 1.8850
187.0000 1.8851
188.0000 1.8851
189.0000 1.8851
190.0000 1.8852
191.0000 1.8852
192.0000 1.8852
193.0000 1.8852
194.0000 1.8853
195.0000 1.8853
196.0000 1.8853
197.0000 1.8853
198.0000 1.8853
199.0000 1.8854
200.0000 1.8854
201.0000 1.8854
202.0000 1.8854
203.0000 1.8854
204.0000 1.8854
205.0000 1.8854
206.0000 1.8855
207.0000 1.8855
208.0000 1.8855
209.0000 1.8855
210.0000 1.8855
211.0000 1.8855
212.0000 1.8855
213.0000 1.8855
214.0000 1.8855
215.0000 1.8856
216.0000 1.8856
217.0000 1.8856
218.0000 1.8856
219.0000 1.8856
220.0000 1.8856
221.0000 1.8856
222.0000 1.8856
223.0000 1.8856
224.0000 1.8856
225.0000 1.8856
226.0000 1.8856
227.0000 1.8856
228.0000 1.8856
229.0000 1.8856
230.0000 1.8856
231.0000 1.8857
232.0000 1.8857
233.0000 1.8857
234.0000 1.8857
235.0000 1.8857
236.0000 1.8857
237.0000 1.8857
238.0000 1.8857
239.0000 1.8857
240.0000 1.8857
241.0000 1.8857
242.0000 1.8857
243.0000 1.8857
244.0000 1.8857
245.0000 1.8857
246.0000 1.8857
247.0000 1.8857
248.0000 1.8857
249.0000 1.8857
250.0000 1.8857
251.0000 1.8857
252.0000 1.8857
253.0000 1.8857
254.0000 1.8857
255.0000 1.8857
256.0000 1.8857
257.0000 1.8857
258.0000 1.8857
259.0000 1.8857
260.0000 1.8857
261.0000 1.8857
262.0000 1.8857
263.0000 1.8857
264.0000 1.8857
265.0000 1.8857
266.0000 1.8857
267.0000 1.8857
268.0000 1.8857
269.0000 1.8857
270.0000 1.8857
271.0000 1.8857
272.0000 1.8857
273.0000 1.8857
274.0000 1.8857
275.0000 1.8857
276.0000 1.8857
277.0000 1.8857
278.0000 1.8857
279.0000 1.8857
280.0000 1.8857
281.0000 1.8857
282.0000 1.8857
283.0000 1.8857
284.0000 1.8857
285.0000 1.8857
286.0000 1.8857
287.0000 1.8857
288.0000 1.8857
289.0000 1.8857
290.0000 1.8857
291.0000 1.8857
292.0000 1.8857
293.0000 1.8857
294.0000 1.8857
295.0000 1.8857
296.0000 1.8857
297.0000 1.8857
298.0000 1.8857
299.0000 1.8857
300.0000 1.8857
301.0000 1.8857
302.0000 1.8857
303.0000 1.8857
304.0000 1.8857
305.0000 1.8857
306.0000 1.8857
307.0000 1.8857
308.0000 1.8857
309.0000 1.8857
310.0000 1.8857
311.0000 1.8857
312.0000 1.8857
313.0000 1.8857
314.0000 1.8857
315.0000 1.8857
316.0000 1.8857
317.0000 1.8857
318.0000 1.8857
319.0000 1.8857
320.0000 1.8857
321.0000 1.8857
322.0000 1.8857
323.0000 1.8857
324.0000 1.8857
325.0000 1.8857
326.0000 1.8857
327.0000 1.8857
328.0000 1.8857
329.0000 1.8857
330.0000 1.8857
331.0000 1.8857
332.0000 1.8857
333.0000 1.8857
334.0000 1.8857
335.0000 1.8857
336.0000 1.8857
337.0000 1.8857
338.0000 1.8857
339.0000 1.8857
340.0000 1.8857
341.0000 1.8857
342.0000 1.8857
343.0000 1.8857
344.0000 1.8857
345.0000 1.8857
346.0000 1.8857
347.0000 1.8857
348.0000 1.8857
349.0000 1.8857
350.0000 1.8857
351.0000 1.8857
352.0000 1.8857
353.0000 1.8857
354.0000 1.8857
355.0000 1.8857
356.0000 1.8857
357.0000 1.8857
358.0000 1.8857
359.0000 1.8857
360.0000 1.8857
361.0000 1.8857
362.0000 1.8857
363.0000 1.8857
364.0000 1.8857
365.0000 1.8857
366.0000 1.8857
367.0000 1.8857
368.0000 1.8857
369.0000 1.8857
370.0000 1.8857
371.0000 1.8857
372.0000 1.8857
373.0000 1.8857
374.0000 1.8857
375.0000 1.8857
376.0000 1.8857
377.0000 1.8857
378.0000 1.8857
379.0000 1.8857
380.0000 1.8857
381.0000 1.8857
382.0000 1.8857
383.0000 1.8857
384.0000 1.8857
385.0000 1.8857
386.0000 1.8857
387.0000 1.8857
388.0000 1.8857
389.0000 1.8857
390.0000 1.8857
391.0000 1.8857
392.0000 1.8857
393.0000 1.8857
394.0000 1.8857
395.0000 1.8857
396.0000 1.8857
397.0000 1.8857
398.0000 1.8857
399.0000 1.8857
400.0000 1.8857
401.0000 1.8857
402.0000 1.8857
403.0000 1.8857
404.0000 1.8857
405.0000 1.8857
406.0000 1.8857
407.0000 1.8857
408.0000 1.8857
409.0000 1.8857
410.0000 1.8857
411.0000 1.8857
412.0000 1.8857
413.0000 1.8857
414.0000 1.8857
415.0000 1.8857
416.0000 1.8857
417.0000 1.8857
418.0000 1.8857
419.0000 1.8857
420.0000 1.8857
421.0000 1.8857
422.0000 1.8857
423.0000 1.8857
424.0000 1.8857
425.0000 1.8857
426.0000 1.8857
427.0000 1.8857
428.0000 1.8857
429.0000 1.8857
430.0000 1.8857
431.0000 1.8857
432.0000 1.8857
433.0000 1.8857
434.0000 1.8857
435.0000 1.8857
436.0000 1.8857
437.0000 1.8857
438.0000 1.8857
439.0000 1.8857
440.0000 1.8857
441.0000 1.8857
442.0000 1.8857
443.0000 1.8857
444.0000 1.8857
445.0000 1.8857
446.0000 1.8857
447.0000 1.8857
448.0000 1.8857
449.0000 1.8857
450.0000 1.8857
451.0000 1.8857
452.0000 1.8857
453.0000 1.8857
454.0000 1.8857
455.0000 1.8857
456.0000 1.8857
457.0000 1.8857
458.0000 1.8857
459.0000 1.8857
460.0000 1.8857
461.0000 1.8857
462.0000 1.8857
463.0000 1.8857
464.0000 1.8857
465.0000 1.8857
466.0000 1.8857
467.0000 1.8857
468.0000 1.8857
469.0000 1.8857
470.0000 1.8857
471.0000 1.8857
472.0000 1.8857
473.0000 1.8857
474.0000 1.8857
475.0000 1.8857
476.0000 1.8857
477.0000 1.8857
478.0000 1.8857
479.0000 1.8857
480.0000 1.8857
481.0000 1.8857
482.0000 1.8857
483.0000 1.8857
484.0000 1.8857
485.0000 1.8857
486.0000 1.8857
487.0000 1.8857
488.0000 1.8857
489.0000 1.8857
490.0000 1.8857
491.0000 1.8857
492.0000 1.8857
493.0000 1.8857
494.0000 1.8857
495.0000 1.8857
496.0000 1.8857
497.0000 1.8857
498.0000 1.8857
499.0000 1.8857
500.0000 1.8857
501.0000 1.8857
502.0000 1.8857
503.0000 1.8857
504.0000 1.8857
505.0000 1.8857
506.0000 1.8857
507.0000 1.8857
508.0000 1.8857
509.0000 1.8857
510.0000 1.8857
511.0000 1.8857
512.0000 1.8857
513.0000 1.8857
514.0000 1.8857
515.0000 1.8857
516.0000 1.8857
517.0000 1.8857
518.0000 1.8857
519.0000 1.8857
520.0000 1.8857
521.0000 1.8857
522.0000 1.8857
523.0000 1.8857
524.0000 1.8857
525.0000 1.8857
526.0000 1.8857
527.0000 1.8857
528.0000 1.8857
529.0000 1.8857
530.0000 1.8857
531.0000 1.8857
532.0000 1.8857
533.0000 1.8857
534.0000 1.8857
535.0000 1.8857
536.0000 1.8857
537.0000 1.8857
538.0000 1.8857
539.0000 1.8857
540.0000 1.8857
541.0000 1.8857
542.0000 1.8857
543.0000 1.8857
544.0000 1.8857
545.0000 1.8857
546.0000 1.8857
547.0000 1.8857
548.0000 1.8857
549.0000 1.8857
550.0000 1.8857
551.0000 1.8857
552.0000 1.8857
553.0000 1.8857
554.0000 1.8857
555.0000 1.8857
556.0000 1.8857
557.0000 1.8857
558.0000 1.8857
559.0000 1.8857
560.0000 1.8857
561.0000 1.8857
562.0000 1.8857
563.0000 1.8857
564.0000 1.8857
565.0000 1.8857
566.0000 1.8857
567.0000 1.8857
568.0000 1.8857
569.0000 1.8857
570.0000 1.8857
571.0000 1.8857
572.0000 1.8857
573.0000 1.8857
574.0000 1.8857
575.0000 1.8857
576.0000 1.8857
577.0000 1.8857
578.0000 1.8857
579.0000 1.8857
580.0000 1.8857
581.0000 1.8857
582.0000 1.8857
583.0000 1.8857
584.0000 1.8857
585.0000 1.8857
586.0000 1.8857
587.0000 1.8857
588.0000 1.8857
589.0000 1.8857
590.0000 1.8857
591.0000 1.8857
592.0000 1.8857
593.0000 1.8857
594.0000 1.8857
595.0000 1.8857
596.0000 1.8857
597.0000 1.8857
598.0000 1.8857
599.0000 1.8857
600.0000 1.8857
601.0000 1.8857
602.0000 1.8857
603.0000 1.8857
604.0000 1.8857
605.0000 1.8857
606.0000 1.8857
607.0000 1.8857
608.0000 1.8857
609.0000 1.8857
610.0000 1.8857
611.0000 1.8857
612.0000 1.8857
613.0000 1.8857
614.0000 1.8857
615.0000 1.8857
616.0000 1.8857
617.0000 1.8857
618.0000 1.8857
619.0000 1.8857
620.0000 1.8857
621.0000 1.8857
622.0000 1.8857
623.0000 1.8857
624.0000 1.8857
625.0000 1.8857
626.0000 1.8857
627.0000 1.8857
628.0000 1.8857
629.0000 1.8857
630.0000 1.8857
631.0000 1.8857
632.0000 1.8857
633.0000 1.8857
634.0000 1.8857
635.0000 1.8857
636.0000 1.8857
637.0000 1.8857
638.0000 1.8857
639.0000 1.8857
640.0000 1.8857
641.0000 1.8857
642.0000 1.8857
643.0000 1.8857
644.0000 1.8857
645.0000 1.8857
646.0000 1.8857
647.0000 1.8857
648.0000 1.8857
649.0000 1.8857
650.0000 1.8857
651.0000 1.8857
652.0000 1.8857
653.0000 1.8857
654.0000 1.8857
655.0000 1.8857
656.0000 1.8857
657.0000 1.8857
658.0000 1.8857
659.0000 1.8857
660.0000 1.8857
661.0000 1.8857
662.0000 1.8857
663.0000 1.8857
664.0000 1.8857
665.0000 1.8857
666.0000 1.8857
667.0000 1.8857
668.0000 1.8857
669.0000 1.8857
670.0000 1.8857
671.0000 1.8857
672.0000 1.8857
673.0000 1.8857
674.0000 1.8857
675.0000 1.8857
676.0000 1.8857
677.0000 1.8857
678.0000 1.8857
679.0000 1.8857
680.0000 1.8857
681.0000 1.8857
682.0000 1.8857
683.0000 1.8857
684.0000 1.8857
685.0000 1.8857
686.0000 1.8857
687.0000 1.8857
688.0000 1.8857
689.0000 1.8857
690.0000 1.8857
691.0000 1.8857
692.0000 1.8857
693.0000 1.8857
694.0000 1.8857
695.0000 1.8857
696.0000 1.8857
697.0000 1.8857
698.0000 1.8857
699.0000 1.8857
700.0000 1.8857
701.0000 1.8857
702.0000 1.8857
703.0000 1.8857
704.0000 1.8857
705.0000 1.8857
706.0000 1.8857
707.0000 1.8857
708.0000 1.8857
709.0000 1.8857
710.0000 1.8857
711.0000 1.8857
712.0000 1.8857
713.0000 1.8857
714.0000 1.8857
715.0000 1.8857
716.0000 1.8857
717.0000 1.8857
718.0000 1.8857
719.0000 1.8857
720.0000 1.8857
721.0000 1.8857
722.0000 1.8857
723.0000 1.8857
724.0000 1.8857
725.0000 1.8857
726.0000 1.8857
727.0000 1.8857
728.0000 1.8857
729.0000 1.8857
730.0000 1.8857
731.0000 1.8857
732.0000 1.8857
733.0000 1.8857
734.0000 1.8857
735.0000 1.8857
736.0000 1.8857
737.0000 1.8857
738.0000 1.8857
739.0000 1.8857
740.0000 1.8857
741.0000 1.8857
742.0000 1.8857
743.0000 1.8857
744.0000 1.8857
745.0000 1.8857
746.0000 1.8857
747.0000 1.8857
748.0000 1.8857
749.0000 1.8857
750.0000 1.8857
751.0000 1.8857
752.0000 1.8857
753.0000 1.8857
754.0000 1.8857
755.0000 1.8857
756.0000 1.8857
757.0000 1.8857
758.0000 1.8857
759.0000 1.8857
760.0000 1.8857
761.0000 1.8857
762.0000 1.8857
763.0000 1.8857
764.0000 1.8857
765.0000 1.8857
766.0000 1.8857
767.0000 1.8857
768.0000 1.8857
769.0000 1.8857
770.0000 1.8857
771.0000 1.8857
772.0000 1.8857
773.0000 1.8857
774.0000 1.8857
775.0000 1.8857
776.0000 1.8857
777.0000 1.8857
778.0000 1.8857
779.0000 1.8857
780.0000 1.8857
781.0000 1.8857
782.0000 1.8857
783.0000 1.8857
784.0000 1.8857
785.0000 1.8857
786.0000 1.8857
787.0000 1.8857
788.0000 1.8857
789.0000 1.8857
790.0000 1.8857
791.0000 1.8857
792.0000 1.8857
793.0000 1.8857
794.0000 1.8857
795.0000 1.8857
796.0000 1.8857
797.0000 1.8857
798.0000 1.8857
799.0000 1.8857
800.0000 1.8857
801.0000 1.8857
802.0000 1.8857
803.0000 1.8857
804.0000 1.8857
805.0000 1.8857
806.0000 1.8857
807.0000 1.8857
808.0000 1.8857
809.0000 1.8857
810.0000 1.8857
811.0000 1.8857
812.0000 1.8857
813.0000 1.8857
814.0000 1.8857
815.0000 1.8857
816.0000 1.8857
817.0000 1.8857
818.0000 1.8857
819.0000 1.8857
820.0000 1.8857
821.0000 1.8857
822.0000 1.8857
823.0000 1.8857
824.0000 1.8857
825.0000 1.8857
826.0000 1.8857
827.0000 1.8857
828.0000 1.8857
829.0000 1.8857
830.0000 1.8857
831.0000 1.8857
832.0000 1.8857
833.0000 1.8857
834.0000 1.8857
835.0000 1.8857
836.0000 1.8857
837.0000 1.8857
838.0000 1.8857
839.0000 1.8857
840.0000 1.8857
841.0000 1.8857
842.0000 1.8857
843.0000 1.8857
844.0000 1.8857
845.0000 1.8857
846.0000 1.8857
847.0000 1.8857
848.0000 1.8857
849.0000 1.8857
850.0000 1.8857
851.0000 1.8857
852.0000 1.8857
853.0000 1.8857
854.0000 1.8857
855.0000 1.8857
856.0000 1.8857
857.0000 1.8857
858.0000 1.8857
859.0000 1.8857
860.0000 1.8857
861.0000 1.8857
862.0000 1.8857
863.0000 1.8857
864.0000 1.8857
865.0000 1.8857
866.0000 1.8857
867.0000 1.8857
868.0000 1.8857
869.0000 1.8857
870.0000 1.8857
871.0000 1.8857
872.0000 1.8857
873.0000 1.8857
874.0000 1.8857
875.0000 1.8857
876.0000 1.8857
877.0000 1.8857
878.0000 1.8857
879.0000 1.8857
880.0000 1.8857
881.0000 1.8857
882.0000 1.8857
883.0000 1.8857
884.0000 1.8857
885.0000 1.8857
886.0000 1.8857
887.0000 1.8857
888.0000 1.8857
889.0000 1.8857
890.0000 1.8857
891.0000 1.8857
892.0000 1.8857
893.0000 1.8857
894.0000 1.8857
895.0000 1.8857
896.0000 1.8857
897.0000 1.8857
898.0000 1.8857
899.0000 1.8857
900.0000 1.8857
901.0000 1.8857
902.0000 1.8857
903.0000 1.8857
904.0000 1.8857
905.0000 1.8857
906.0000 1.8857
907.0000 1.8857
908.0000 1.8857
909.0000 1.8857
910.0000 1.8857
911.0000 1.8857
912.0000 1.8857
913.0000 1.8857
914.0000 1.8857
915.0000 1.8857
916.0000 1.8857
917.0000 1.8857
918.0000 1.8857
919.0000 1.8857
920.0000 1.8857
921.0000 1.8857
922.0000 1.8857
923.0000 1.8857
924.0000 1.8857
925.0000 1.8857
926.0000 1.8857
927.0000 1.8857
928.0000 1.8857
929.0000 1.8857
930.0000 1.8857
931.0000 1.8857
932.0000 1.8857
933.0000 1.8857
934.0000 1.8857
935.0000 1.8857
936.0000 1.8857
937.0000 1.8857
938.0000 1.8857
939.0000 1.8857
940.0000 1.8857
941.0000 1.8857
942.0000 1.8857
943.0000 1.8857
944.0000 1.8857
945.0000 1.8857
946.0000 1.8857
947.0000 1.8857
948.0000 1.8857
949.0000 1.8857
950.0000 1.8857
951.0000 1.8857
952.0000 1.8857
953.0000 1.8857
954.0000 1.8857
955.0000 1.8857
956.0000 1.8857
957.0000 1.8857
958.0000 1.8857
959.0000 1.8857
960.0000 1.8857
961.0000 1.8857
962.0000 1.8857
963.0000 1.8857
964.0000 1.8857
965.0000 1.8857
966.0000 1.8857
967.0000 1.8857
968.0000 1.8857
969.0000 1.8857
970.0000 1.8857
971.0000 1.8857
972.0000 1.8857
973.0000 1.8857
974.0000 1.8857
975.0000 1.8857
976.0000 1.8857
977.0000 1.8857
978.0000 1.8857
979.0000 1.8857
980.0000 1.8857
981.0000 1.8857
982.0000 1.8857
983.0000 1.8857
984.0000 1.8857
985.0000 1.8857
986.0000 1.8857
987.0000 1.8857
988.0000 1.8857
989.0000 1.8857
990.0000 1.8857
991.0000 1.8857
992.0000 1.8857
993.0000 1.8857
994.0000 1.8857
995.0000 1.8857
996.0000 1.8857
997.0000 1.8857
998.0000 1.8857
999.0000 1.8857
1000.0000 1.8857
