1.0000 0.0000
2.0000 0.0000
3.0000 0.0000
4.0000 0.0000
5.0000 0.0000
6.0000 0.0000
7.0000 0.0000
8.0000 0.0000
9.0000 0.0000
10.0000 0.0000
11.0000 0.0000
12.0000 0.0000
13.0000 0.0000
14.0000 0.0000
15.0000 0.0000
16.0000 0.2324
17.0000 0.3273
18.0000 0.4158
19.0000 0.4988
20.0000 0.4668
21.0000 0.3564
22.0000 0.2330
23.0000 0.0740
24.0000 -0.0086
25.0000 -0.0501
26.0000 -0.0193
27.0000 0.0791
28.0000 0.1811
29.0000 0.2549
30.0000 0.2838
31.0000 0.2257
32.0000 0.1120
33.0000 -0.0376
34.0000 -0.1831
35.0000 -0.2792
36.0000 -0.3074
37.0000 -0.2656
38.0000 -0.1676
39.0000 -0.0584
40.0000 0.0274
41.0000 0.0571
42.0000 0.0164
43.0000 -0.0819
44.0000 -0.2084
45.0000 -0.3244
46.0000 -0.3909
47.0000 -0.3883
48.0000 -0.3157
49.0000 -0.1947
50.0000 -0.0629
51.0000 0.0409
52.0000 0.0868
53.0000 0.0638
54.0000 -0.0155
55.0000 -0.1211
56.0000 -0.2139
57.0000 -0.2590
58.0000 -0.2369
59.0000 -0.1499
60.0000 -0.0207
61.0000 0.1136
62.0000 0.2151
63.0000 0.2559
64.0000 0.2276
65.0000 0.1438
66.0000 0.0354
67.0000 -0.0591
68.0000 -0.1065
69.0000 -0.0892
70.0000 -0.0111
71.0000 0.1042
72.0000 0.2202
73.0000 0.3005
74.0000 0.3193
75.0000 0.2705
76.0000 0.1693
77.0000 0.0473
78.0000 -0.0579
79.0000 -0.1143
80.0000 -0.1065
81.0000 -0.0397
82.0000 0.0615
83.0000 0.1614
84.0000 0.2247
85.0000 0.2280
86.0000 0.1672
87.0000 0.0586
88.0000 -0.0657
89.0000 -0.1690
90.0000 -0.2213
91.0000 -0.2089
92.0000 -0.1389
93.0000 -0.0366
94.0000 0.0626
95.0000 0.1248
96.0000 0.1282
97.0000 0.0706
98.0000 -0.0305
99.0000 -0.1432
100.0000 -0.2318
101.0000 -0.2683
102.0000 -0.2409
103.0000 -0.1586
104.0000 -0.0474
105.0000 0.0577
106.0000 0.1240
107.0000 0.1316
108.0000 0.0799
109.0000 -0.0125
110.0000 -0.1139
111.0000 -0.1897
112.0000 -0.2136
113.0000 -0.1760
114.0000 -0.0872
115.0000 0.0262
116.0000 0.1297
117.0000 0.1921
118.0000 0.1954
119.0000 0.1407
120.0000 0.0476
121.0000 -0.0522
122.0000 -0.1252
123.0000 -0.1467
124.0000 -0.1089
125.0000 -0.0233
126.0000 0.0830
127.0000 0.1762
128.0000 0.2268
129.0000 0.2188
130.0000 0.1548
131.0000 0.0555
132.0000 -0.0475
133.0000 -0.1216
134.0000 -0.1439
135.0000 -0.1083
136.0000 -0.0276
137.0000 0.0711
138.0000 0.1546
139.0000 0.1950
140.0000 0.1781
141.0000 0.1082
142.0000 0.0067
143.0000 -0.0950
144.0000 -0.1654
145.0000 -0.1835
146.0000 -0.1447
147.0000 -0.0630
148.0000 0.0340
149.0000 0.1142
150.0000 0.1508
151.0000 0.1316
152.0000 0.0623
153.0000 -0.0352
154.0000 -0.1297
155.0000 -0.1912
156.0000 -0.2001
157.0000 -0.1540
158.0000 -0.0676
159.0000 0.0311
160.0000 0.1108
161.0000 0.1462
162.0000 0.1267
163.0000 0.0594
164.0000 -0.0332
165.0000 -0.1205
166.0000 -0.1736
167.0000 -0.1748
168.0000 -0.1231
169.0000 -0.0344
170.0000 0.0633
171.0000 0.1396
172.0000 0.1708
173.0000 0.1478
174.0000 0.0791
175.0000 -0.0123
176.0000 -0.0963
177.0000 -0.1452
178.0000 -0.1429
179.0000 -0.0899
180.0000 -0.0031
181.0000 0.0897
182.0000 0.1590
183.0000 0.1827
184.0000 0.1534
185.0000 0.0808
186.0000 -0.0116
187.0000 -0.0943
188.0000 -0.1408
189.0000 -0.1367
190.0000 -0.0838
191.0000 0.0003
192.0000 0.0879
193.0000 0.1504
194.0000 0.1672
195.0000 0.1327
196.0000 0.0576
197.0000 -0.0344
198.0000 -0.1140
199.0000 -0.1564
200.0000 -0.1485
201.0000 -0.0936
202.0000 -0.0101
203.0000 0.0746
204.0000 0.1328
205.0000 0.1456
206.0000 0.1087
207.0000 0.0338
208.0000 -0.0549
209.0000 -0.1291
210.0000 -0.1652
211.0000 -0.1517
212.0000 -0.0932
213.0000 -0.0088
214.0000 0.0744
215.0000 0.1297
216.0000 0.1397
217.0000 0.1014
218.0000 0.0277
219.0000 -0.0574
220.0000 -0.1261
221.0000 -0.1561
222.0000 -0.1375
223.0000 -0.0763
224.0000 0.0081
225.0000 0.0887
226.0000 0.1401
227.0000 0.1461
228.0000 0.1053
229.0000 0.0314
230.0000 -0.0513
231.0000 -0.1161
232.0000 -0.1418
233.0000 -0.1201
234.0000 -0.0580
235.0000 0.0245
236.0000 0.1009
237.0000 0.1469
238.0000 0.1478
239.0000 0.1035
240.0000 0.0285
241.0000 -0.0529
242.0000 -0.1146
243.0000 -0.1369
244.0000 -0.1130
245.0000 -0.0508
246.0000 0.0294
247.0000 0.1014
248.0000 0.1421
249.0000 0.1381
250.0000 0.0908
251.0000 0.0154
252.0000 -0.0640
253.0000 -0.1221
254.0000 -0.1404
255.0000 -0.1135
256.0000 -0.0505
257.0000 0.0281
258.0000 0.0967
259.0000 0.1331
260.0000 0.1256
261.0000 0.0766
262.0000 0.0020
263.0000 -0.0743
264.0000 0.3456
265.0000 0.5594
266.0000 0.8179
267.0000 1.1110
268.0000 0.9455
269.0000 0.8249
270.0000 0.5922
271.0000 0.2405
272.0000 0.1174
273.0000 0.1072
274.0000 0.2469
275.0000 0.6022
276.0000 0.9348
277.0000 1.2499
278.0000 1.4465
279.0000 1.4237
280.0000 1.2744
281.0000 1.0275
282.0000 0.7629
283.0000 0.6233
284.0000 0.6263
285.0000 0.7987
286.0000 1.1051
287.0000 1.4348
288.0000 1.7081
289.0000 1.8419
290.0000 1.7898
291.0000 1.5887
292.0000 1.2980
293.0000 1.0141
294.0000 0.8348
295.0000 0.8097
296.0000 0.9475
297.0000 1.2013
298.0000 1.4802
299.0000 1.6928
300.0000 1.7631
301.0000 1.6605
302.0000 1.4130
303.0000 1.0905
304.0000 0.7882
305.0000 0.5947
306.0000 0.5609
307.0000 0.6880
308.0000 0.9248
309.0000 1.1847
310.0000 1.3753
311.0000 1.4267
312.0000 1.3144
313.0000 1.0681
314.0000 0.7602
315.0000 0.4839
316.0000 0.3226
317.0000 0.3230
318.0000 0.4807
319.0000 0.7414
320.0000 1.0190
321.0000 1.2231
322.0000 1.2883
323.0000 1.1949
324.0000 0.9754
325.0000 0.7031
326.0000 0.4690
327.0000 0.3520
328.0000 0.3936
329.0000 0.5844
330.0000 0.8679
331.0000 1.1580
332.0000 1.3673
333.0000 1.4349
334.0000 1.3459
335.0000 1.1357
336.0000 0.8787
337.0000 0.6636
338.0000 0.5653
339.0000 0.6204
340.0000 0.8157
341.0000 1.0924
342.0000 1.3656
343.0000 1.5512
344.0000 1.5932
345.0000 1.4813
346.0000 1.2545
347.0000 0.9877
348.0000 0.7681
349.0000 0.6663
350.0000 0.7147
351.0000 0.8962
352.0000 1.1509
353.0000 1.3947
354.0000 1.5472
355.0000 1.5572
356.0000 1.4192
357.0000 1.1751
358.0000 0.9004
359.0000 0.6798
360.0000 0.5804
361.0000 0.6297
362.0000 0.8071
363.0000 1.0512
364.0000 1.2793
365.0000 1.4142
366.0000 1.4093
367.0000 1.2634
368.0000 1.0207
369.0000 0.7569
370.0000 0.5541
371.0000 0.4751
372.0000 0.5427
373.0000 0.7329
374.0000 0.9828
375.0000 1.2107
376.0000 1.3430
377.0000 1.3374
378.0000 1.1963
379.0000 0.9664
380.0000 0.7227
381.0000 0.5449
382.0000 0.4914
383.0000 0.5804
384.0000 0.7847
385.0000 1.0401
386.0000 1.2666
387.0000 1.3936
388.0000 1.3834
389.0000 1.2422
390.0000 1.0186
391.0000 0.7873
392.0000 0.6253
393.0000 0.5868
394.0000 0.6858
395.0000 0.8922
396.0000 1.1411
397.0000 1.3540
398.0000 1.4643
399.0000 1.4383
400.0000 1.2862
401.0000 1.0584
402.0000 0.8293
403.0000 0.6730
404.0000 0.6398
405.0000 0.7399
406.0000 0.9403
407.0000 1.1757
408.0000 1.3697
409.0000 1.4592
410.0000 1.4149
411.0000 1.2506
412.0000 1.0182
413.0000 0.7916
414.0000 0.6421
415.0000 0.6159
416.0000 0.7194
417.0000 0.9171
418.0000 1.1433
419.0000 1.3237
420.0000 1.3988
421.0000 1.3434
422.0000 1.1744
423.0000 0.9454
424.0000 0.7290
425.0000 0.5936
426.0000 0.5815
427.0000 0.6952
428.0000 0.8967
429.0000 1.1205
430.0000 1.2938
431.0000 1.3611
432.0000 1.3008
433.0000 1.1331
434.0000 0.9124
435.0000 0.7103
436.0000 0.5922
437.0000 0.5961
438.0000 0.7211
439.0000 0.9270
440.0000 1.1482
441.0000 1.3143
442.0000 1.3731
443.0000 1.3071
444.0000 1.1391
445.0000 0.9246
446.0000 0.7338
447.0000 0.6290
448.0000 0.6446
449.0000 0.7759
450.0000 0.9812
451.0000 1.1948
452.0000 1.3490
453.0000 1.3949
454.0000 1.3189
455.0000 1.1465
456.0000 0.9340
457.0000 0.7503
458.0000 0.6545
459.0000 0.6772
460.0000 0.8108
461.0000 1.0116
462.0000 1.2147
463.0000 1.3545
464.0000 1.3861
465.0000 1.2993
466.0000 1.1221
467.0000 0.9115
468.0000 0.7348
469.0000 0.6480
470.0000 0.6782
471.0000 0.8144
472.0000 1.0118
473.0000 1.2059
474.0000 1.3336
475.0000 1.3536
476.0000 1.2592
477.0000 1.0806
478.0000 0.8752
479.0000 0.7086
480.0000 0.6337
481.0000 0.6738
482.0000 0.8152
483.0000 1.0115
484.0000 1.1993
485.0000 1.3179
486.0000 1.3293
487.0000 1.2302
488.0000 1.0531
489.0000 0.8551
490.0000 0.7003
491.0000 0.6384
492.0000 0.6890
493.0000 0.8357
494.0000 1.0312
495.0000 1.2127
496.0000 1.3222
497.0000 1.3253
498.0000 1.2216
499.0000 1.0456
500.0000 0.8545
501.0000 0.7102
502.0000 0.6595
503.0000 0.7186
504.0000 0.8684
505.0000 1.0608
506.0000 1.2340
507.0000 1.3327
508.0000 1.3258
509.0000 1.2162
510.0000 1.0398
