1.0000 0.0000
2.0000 0.0000
3.0000 0.0000
4.0000 0.0000
5.0000 0.0000
6.0000 0.0000
7.0000 0.0000
8.0000 0.0000
9.0000 0.0000
10.0000 0.0000
11.0000 0.0000
12.0000 0.0000
13.0000 0.0000
14.0000 0.0000
15.0000 0.1859
16.0000 0.3682
17.0000 0.5469
18.0000 0.7223
19.0000 0.8944
20.0000 1.0289
21.0000 1.1272
22.0000 1.1907
23.0000 1.2209
24.0000 1.2190
25.0000 1.1927
26.0000 1.1491
27.0000 1.0950
28.0000 1.0368
29.0000 0.9805
30.0000 0.9306
31.0000 0.8902
32.0000 0.8609
33.0000 0.8433
34.0000 0.8368
35.0000 0.8400
36.0000 0.8508
37.0000 0.8671
38.0000 0.8866
39.0000 0.9072
40.0000 0.9270
41.0000 0.9447
42.0000 0.9592
43.0000 0.9700
44.0000 0.9771
45.0000 0.9806
46.0000 0.9809
47.0000 0.9789
48.0000 0.9750
49.0000 0.9702
50.0000 0.9651
51.0000 0.9601
52.0000 0.9559
53.0000 0.9527
54.0000 0.9506
55.0000 0.9498
56.0000 0.9500
57.0000 0.9512
58.0000 0.9531
59.0000 0.9556
60.0000 0.9583
61.0000 0.9611
62.0000 0.9638
63.0000 0.9662
64.0000 0.9683
65.0000 0.9700
66.0000 0.9713
67.0000 0.9722
68.0000 0.9727
69.0000 0.9730
70.0000 0.9732
71.0000 0.9732
72.0000 0.9732
73.0000 0.9732
74.0000 0.9733
75.0000 0.9735
76.0000 0.9737
77.0000 0.9741
78.0000 0.9746
79.0000 0.9752
80.0000 0.9759
81.0000 0.9766
82.0000 0.9773
83.0000 0.9780
84.0000 0.9786
85.0000 0.9793
86.0000 0.9799
87.0000 0.9804
88.0000 0.9809
89.0000 0.9814
90.0000 0.9818
91.0000 0.9821
92.0000 0.9825
93.0000 0.9828
94.0000 0.9831
95.0000 0.9834
96.0000 0.9838
97.0000 0.9841
98.0000 0.9844
99.0000 0.9847
100.0000 0.9851
101.0000 0.9854
102.0000 0.9857
103.0000 0.9861
104.0000 0.9864
105.0000 0.9867
106.0000 0.9870
107.0000 0.9873
108.0000 0.9876
109.0000 0.9879
110.0000 0.9882
111.0000 0.9885
112.0000 0.9887
113.0000 0.9890
114.0000 0.9892
115.0000 0.9894
116.0000 0.9897
117.0000 0.9899
118.0000 0.9901
119.0000 0.9903
120.0000 0.9905
121.0000 0.9907
122.0000 0.9909
123.0000 0.9911
124.0000 0.9913
125.0000 0.9915
126.0000 0.9917
127.0000 0.9919
128.0000 0.9921
129.0000 0.9923
130.0000 0.9924
131.0000 0.9926
132.0000 0.9928
133.0000 0.9929
134.0000 0.9931
135.0000 0.9933
136.0000 0.9934
137.0000 0.9935
138.0000 0.9937
139.0000 0.9938
140.0000 0.9940
141.0000 0.9941
142.0000 0.9942
143.0000 0.9944
144.0000 0.9945
145.0000 0.9946
146.0000 0.9947
147.0000 0.9948
148.0000 0.9950
149.0000 0.9951
150.0000 0.9952
151.0000 0.9953
152.0000 0.9954
153.0000 0.9955
154.0000 0.9956
155.0000 0.9957
156.0000 0.9958
157.0000 0.9959
158.0000 0.9960
159.0000 0.9961
160.0000 0.9962
161.0000 0.9962
162.0000 0.9963
163.0000 0.9964
164.0000 0.9965
165.0000 0.9966
166.0000 0.9966
167.0000 0.9967
168.0000 0.9968
169.0000 0.9969
170.0000 0.9969
171.0000 0.9970
172.0000 0.9971
173.0000 0.9971
174.0000 0.9972
175.0000 0.9973
176.0000 0.9973
177.0000 0.9974
178.0000 0.9974
179.0000 0.9975
180.0000 0.9975
181.0000 0.9976
182.0000 0.9977
183.0000 0.9977
184.0000 0.9978
185.0000 0.9978
186.0000 0.9979
187.0000 0.9979
188.0000 0.9979
189.0000 0.9980
190.0000 0.9980
191.0000 0.9981
192.0000 0.9981
193.0000 0.9982
194.0000 0.9982
195.0000 0.9982
196.0000 0.9983
197.0000 0.9983
198.0000 0.9984
199.0000 0.9984
200.0000 0.9984
201.0000 0.9985
202.0000 0.9985
203.0000 0.9985
204.0000 0.9986
205.0000 0.9986
206.0000 0.9986
207.0000 0.9987
208.0000 0.9987
209.0000 0.9987
210.0000 0.9987
211.0000 0.9988
212.0000 0.9988
213.0000 0.9988
214.0000 0.9989
215.0000 0.9989
216.0000 0.9989
217.0000 0.9989
218.0000 0.9990
219.0000 0.9990
220.0000 0.9990
221.0000 0.9990
222.0000 0.9990
223.0000 0.9991
224.0000 0.9991
225.0000 0.9991
226.0000 0.9991
227.0000 0.9991
228.0000 0.9992
229.0000 0.9992
230.0000 0.9992
231.0000 0.9992
232.0000 0.9992
233.0000 0.9993
234.0000 0.9993
235.0000 0.9993
236.0000 0.9993
237.0000 0.9993
238.0000 0.9993
239.0000 0.9993
240.0000 0.9994
241.0000 0.9994
242.0000 0.9994
243.0000 0.9994
244.0000 0.9994
245.0000 0.9994
246.0000 0.9994
247.0000 0.9995
248.0000 0.9995
249.0000 0.9995
250.0000 0.9995
251.0000 0.9995
252.0000 0.9995
253.0000 0.9995
254.0000 0.9995
255.0000 0.9995
256.0000 0.9996
257.0000 0.9996
258.0000 0.9996
259.0000 0.9996
260.0000 0.9996
261.0000 0.9996
262.0000 0.9996
263.0000 0.9996
264.0000 0.9996
265.0000 0.9996
266.0000 0.9996
267.0000 0.9997
268.0000 0.9997
269.0000 0.9997
270.0000 0.9997
271.0000 0.9997
272.0000 0.9997
273.0000 0.9997
274.0000 0.9997
275.0000 0.9997
276.0000 0.9997
277.0000 0.9997
278.0000 0.9997
279.0000 0.9997
280.0000 0.9997
281.0000 0.9997
282.0000 0.9998
283.0000 0.9998
284.0000 0.9998
285.0000 0.9998
286.0000 0.9998
287.0000 0.9998
288.0000 0.9998
289.0000 0.9998
290.0000 0.9998
291.0000 0.9998
292.0000 0.9998
293.0000 0.9998
294.0000 0.9998
295.0000 0.9998
296.0000 0.9998
297.0000 0.9998
298.0000 0.9998
299.0000 0.9998
300.0000 0.9998
301.0000 0.9998
302.0000 0.9998
303.0000 0.9998
304.0000 0.9998
305.0000 0.9999
306.0000 0.9999
307.0000 0.9999
308.0000 0.9999
309.0000 0.9999
310.0000 0.9999
311.0000 0.9999
312.0000 0.9999
313.0000 0.9999
314.0000 0.9999
315.0000 0.9999
316.0000 0.9999
317.0000 0.9999
318.0000 0.9999
319.0000 0.9999
320.0000 0.9999
321.0000 0.9999
322.0000 0.9999
323.0000 0.9999
324.0000 0.9999
325.0000 0.9999
326.0000 0.9999
327.0000 0.9999
328.0000 0.9999
329.0000 0.9999
330.0000 0.9999
331.0000 0.9999
332.0000 0.9999
333.0000 0.9999
334.0000 0.9999
335.0000 0.9999
336.0000 0.9999
337.0000 0.9999
338.0000 0.9999
339.0000 0.9999
340.0000 0.9999
341.0000 0.9999
342.0000 0.9999
343.0000 0.9999
344.0000 0.9999
345.0000 0.9999
346.0000 0.9999
347.0000 0.9999
348.0000 0.9999
349.0000 0.9999
350.0000 0.9999
351.0000 0.9999
352.0000 0.9999
353.0000 0.9999
354.0000 1.0000
355.0000 1.0000
356.0000 1.0000
357.0000 1.0000
358.0000 1.0000
359.0000 1.0000
360.0000 1.0000
361.0000 1.0000
362.0000 1.0000
363.0000 1.0000
364.0000 1.0000
365.0000 1.0000
366.0000 1.0000
367.0000 1.0000
368.0000 1.0000
369.0000 1.0000
370.0000 1.0000
371.0000 1.0000
372.0000 1.0000
373.0000 1.0000
374.0000 1.0000
375.0000 1.0000
376.0000 1.0000
377.0000 1.0000
378.0000 1.0000
379.0000 1.0000
380.0000 1.0000
381.0000 1.0000
382.0000 1.0000
383.0000 1.0000
384.0000 1.0000
385.0000 1.0000
386.0000 1.0000
387.0000 1.0000
388.0000 1.0000
389.0000 1.0000
390.0000 1.0000
391.0000 1.0000
392.0000 1.0000
393.0000 1.0000
394.0000 1.0000
395.0000 1.0000
396.0000 1.0000
397.0000 1.0000
398.0000 1.0000
399.0000 1.0000
400.0000 1.0000
401.0000 1.0000
402.0000 1.0000
403.0000 1.0000
404.0000 1.0000
405.0000 1.0000
406.0000 1.0000
407.0000 1.0000
408.0000 1.0000
409.0000 1.0000
410.0000 1.0000
411.0000 1.0000
412.0000 1.0000
413.0000 1.0000
414.0000 1.0000
415.0000 1.0000
416.0000 1.0000
417.0000 1.0000
418.0000 1.0000
419.0000 1.0000
420.0000 1.0000
421.0000 1.0000
422.0000 1.0000
423.0000 1.0000
424.0000 1.0000
425.0000 1.0000
426.0000 1.0000
427.0000 1.0000
428.0000 1.0000
429.0000 1.0000
430.0000 1.0000
431.0000 1.0000
432.0000 1.0000
433.0000 1.0000
434.0000 1.0000
435.0000 1.0000
436.0000 1.0000
437.0000 1.0000
438.0000 1.0000
439.0000 1.0000
440.0000 1.0000
441.0000 1.0000
442.0000 1.0000
443.0000 1.0000
444.0000 1.0000
445.0000 1.0000
446.0000 1.0000
447.0000 1.0000
448.0000 1.0000
449.0000 1.0000
450.0000 1.0000
451.0000 1.0000
452.0000 1.0000
453.0000 1.0000
454.0000 1.0000
455.0000 1.0000
456.0000 1.0000
457.0000 1.0000
458.0000 1.0000
459.0000 1.0000
460.0000 1.0000
461.0000 1.0000
462.0000 1.0000
463.0000 1.0000
464.0000 1.0000
465.0000 1.0000
466.0000 1.0000
467.0000 1.0000
468.0000 1.0000
469.0000 1.0000
470.0000 1.0000
471.0000 1.0000
472.0000 1.0000
473.0000 1.0000
474.0000 1.0000
475.0000 1.0000
476.0000 1.0000
477.0000 1.0000
478.0000 1.0000
479.0000 1.0000
480.0000 1.0000
481.0000 1.0000
482.0000 1.0000
483.0000 1.0000
484.0000 1.0000
485.0000 1.0000
486.0000 1.0000
487.0000 1.0000
488.0000 1.0000
489.0000 1.0000
490.0000 1.0000
491.0000 1.0000
492.0000 1.0000
493.0000 1.0000
494.0000 1.0000
495.0000 1.0000
496.0000 1.0000
497.0000 1.0000
498.0000 1.0000
499.0000 1.0000
500.0000 1.0000
501.0000 1.0000
502.0000 1.0000
503.0000 1.0000
504.0000 1.0000
505.0000 1.0000
506.0000 1.0000
507.0000 1.0000
508.0000 1.0000
509.0000 1.0000
510.0000 1.0000
