1.0000 0.0000
2.0000 0.0000
3.0000 0.0000
4.0000 0.0000
5.0000 0.0000
6.0000 0.0000
7.0000 0.0000
8.0000 0.0000
9.0000 0.0000
10.0000 0.0000
11.0000 0.0000
12.0000 0.0000
13.0000 0.0000
14.0000 0.0000
15.0000 0.0000
16.0000 -0.4241
17.0000 -0.3998
18.0000 -0.4923
19.0000 -0.5848
20.0000 -0.5771
21.0000 -0.5490
22.0000 -0.5418
23.0000 -0.5052
24.0000 -0.5008
25.0000 -0.4882
26.0000 -0.4901
27.0000 -0.4981
28.0000 -0.5033
29.0000 -0.5063
30.0000 -0.5084
31.0000 -0.5031
32.0000 -0.4958
33.0000 -0.4851
34.0000 -0.4728
35.0000 -0.4600
36.0000 -0.4472
37.0000 -0.4346
38.0000 -0.4227
39.0000 -0.4108
40.0000 -0.3992
41.0000 -0.3876
42.0000 -0.3759
43.0000 -0.3641
44.0000 -0.3523
45.0000 -0.3406
46.0000 -0.3291
47.0000 -0.3180
48.0000 -0.3074
49.0000 -0.2973
50.0000 -0.2877
51.0000 -0.2786
52.0000 -0.2701
53.0000 -0.2622
54.0000 -0.2548
55.0000 -0.2480
56.0000 -0.2417
57.0000 -0.2360
58.0000 -0.2308
59.0000 -0.2262
60.0000 -0.2221
61.0000 -0.2185
62.0000 -0.2155
63.0000 -0.2129
64.0000 -0.2108
65.0000 -0.2092
66.0000 -0.2079
67.0000 -0.2071
68.0000 -0.2066
69.0000 -0.2065
70.0000 -0.2067
71.0000 -0.2072
72.0000 -0.2079
73.0000 -0.2089
74.0000 -0.2101
75.0000 -0.2115
76.0000 -0.2131
77.0000 -0.2148
78.0000 -0.2166
79.0000 -0.2186
80.0000 -0.2206
81.0000 -0.2227
82.0000 -0.2248
83.0000 -0.2269
84.0000 -0.2291
85.0000 -0.2312
86.0000 -0.2333
87.0000 -0.2354
88.0000 -0.2375
89.0000 -0.2395
90.0000 -0.2414
91.0000 -0.2433
92.0000 -0.2451
93.0000 -0.2468
94.0000 -0.2484
95.0000 -0.2499
96.0000 -0.2514
97.0000 -0.2527
98.0000 -0.2539
99.0000 -0.2551
100.0000 -0.2561
101.0000 -0.2571
102.0000 -0.2579
103.0000 -0.2587
104.0000 -0.2594
105.0000 -0.2599
106.0000 -0.2604
107.0000 -0.2608
108.0000 -0.2612
109.0000 -0.2614
110.0000 -0.2616
111.0000 -0.2617
112.0000 -0.2618
113.0000 -0.2618
114.0000 -0.2618
115.0000 -0.2617
116.0000 -0.2615
117.0000 -0.2613
118.0000 -0.2611
119.0000 -0.2609
120.0000 -0.2606
121.0000 -0.2603
122.0000 -0.2600
123.0000 -0.2597
124.0000 -0.2593
125.0000 -0.2590
126.0000 -0.2586
127.0000 -0.2582
128.0000 -0.2579
129.0000 -0.2575
130.0000 -0.2572
131.0000 -0.2568
132.0000 -0.2565
133.0000 -0.2561
134.0000 -0.2558
135.0000 -0.2555
136.0000 -0.2552
137.0000 -0.2549
138.0000 -0.2547
139.0000 -0.2544
140.0000 -0.2542
141.0000 -0.2540
142.0000 -0.2538
143.0000 -0.2536
144.0000 -0.2534
145.0000 -0.2532
146.0000 -0.2531
147.0000 -0.2530
148.0000 -0.2529
149.0000 -0.2528
150.0000 -0.2527
151.0000 -0.2527
152.0000 -0.2526
153.0000 -0.2526
154.0000 -0.2525
155.0000 -0.2525
156.0000 -0.2525
157.0000 -0.2525
158.0000 -0.2525
159.0000 -0.2526
160.0000 -0.2526
161.0000 -0.2526
162.0000 -0.2527
163.0000 -0.2527
164.0000 -0.2528
165.0000 -0.2528
166.0000 -0.2529
167.0000 -0.2529
168.0000 -0.2530
169.0000 -0.2530
170.0000 -0.2531
171.0000 -0.2532
172.0000 -0.2532
173.0000 -0.2533
174.0000 -0.2533
175.0000 -0.2534
176.0000 -0.2535
177.0000 -0.2535
178.0000 -0.2536
179.0000 -0.2536
180.0000 -0.2537
181.0000 -0.2537
182.0000 -0.2538
183.0000 -0.2538
184.0000 -0.2538
185.0000 -0.2539
186.0000 -0.2539
187.0000 -0.2539
188.0000 -0.2540
189.0000 -0.2540
190.0000 -0.2540
191.0000 -0.2540
192.0000 -0.2541
193.0000 -0.2541
194.0000 -0.2541
195.0000 -0.2541
196.0000 -0.2541
197.0000 -0.2541
198.0000 -0.2541
199.0000 -0.2541
200.0000 -0.2541
201.0000 -0.2541
202.0000 -0.2541
203.0000 -0.2541
204.0000 -0.2541
205.0000 -0.2541
206.0000 -0.2541
207.0000 -0.2541
208.0000 -0.2541
209.0000 -0.2541
210.0000 -0.2540
211.0000 -0.2540
212.0000 -0.2540
213.0000 -0.2540
214.0000 -0.2540
215.0000 -0.2540
216.0000 -0.2540
217.0000 -0.2540
218.0000 -0.2540
219.0000 -0.2540
220.0000 -0.2539
221.0000 -0.2539
222.0000 -0.2539
223.0000 -0.2539
224.0000 -0.2539
225.0000 -0.2539
226.0000 -0.2539
227.0000 -0.2539
228.0000 -0.2539
229.0000 -0.2539
230.0000 -0.2539
231.0000 -0.2539
232.0000 -0.2539
233.0000 -0.2539
234.0000 -0.2539
235.0000 -0.2538
236.0000 -0.2538
237.0000 -0.2538
238.0000 -0.2538
239.0000 -0.2538
240.0000 -0.2538
241.0000 -0.2538
242.0000 -0.2538
243.0000 -0.2538
244.0000 -0.2538
245.0000 -0.2538
246.0000 -0.2538
247.0000 -0.2538
248.0000 -0.2538
249.0000 -0.2538
250.0000 -0.2538
251.0000 -0.2538
252.0000 -0.2538
253.0000 -0.2538
254.0000 -0.2538
255.0000 -0.2539
256.0000 -0.2539
257.0000 -0.2539
258.0000 -0.2539
259.0000 -0.2539
260.0000 3.3961
261.0000 1.6961
262.0000 1.7961
263.0000 1.8961
264.0000 1.1322
265.0000 1.2197
266.0000 1.0730
267.0000 0.9144
268.0000 1.1749
269.0000 1.1713
270.0000 1.2642
271.0000 1.3913
272.0000 1.3977
273.0000 1.4182
274.0000 1.4161
275.0000 1.3737
276.0000 1.3512
277.0000 1.3164
278.0000 1.2873
279.0000 1.2698
280.0000 1.2509
281.0000 1.2358
282.0000 1.2220
283.0000 1.2039
284.0000 1.1847
285.0000 1.1625
286.0000 1.1377
287.0000 1.1121
288.0000 1.0858
289.0000 1.0597
290.0000 1.0346
291.0000 1.0101
292.0000 0.9868
293.0000 0.9644
294.0000 0.9429
295.0000 0.9222
296.0000 0.9022
297.0000 0.8831
298.0000 0.8648
299.0000 0.8475
300.0000 0.8312
301.0000 0.8160
302.0000 0.8019
303.0000 0.7890
304.0000 0.7773
305.0000 0.7666
306.0000 0.7571
307.0000 0.7486
308.0000 0.7412
309.0000 0.7347
310.0000 0.7292
311.0000 0.7246
312.0000 0.7209
313.0000 0.7181
314.0000 0.7160
315.0000 0.7147
316.0000 0.7140
317.0000 0.7141
318.0000 0.7147
319.0000 0.7158
320.0000 0.7175
321.0000 0.7195
322.0000 0.7220
323.0000 0.7248
324.0000 0.7279
325.0000 0.7313
326.0000 0.7349
327.0000 0.7387
328.0000 0.7426
329.0000 0.7466
330.0000 0.7506
331.0000 0.7547
332.0000 0.7588
333.0000 0.7629
334.0000 0.7669
335.0000 0.7708
336.0000 0.7747
337.0000 0.7784
338.0000 0.7821
339.0000 0.7855
340.0000 0.7889
341.0000 0.7920
342.0000 0.7950
343.0000 0.7978
344.0000 0.8005
345.0000 0.8029
346.0000 0.8052
347.0000 0.8072
348.0000 0.8091
349.0000 0.8108
350.0000 0.8123
351.0000 0.8137
352.0000 0.8149
353.0000 0.8159
354.0000 0.8167
355.0000 0.8174
356.0000 0.8179
357.0000 0.8184
358.0000 0.8186
359.0000 0.8188
360.0000 0.8188
361.0000 0.8188
362.0000 0.8186
363.0000 0.8184
364.0000 0.8181
365.0000 0.8177
366.0000 0.8172
367.0000 0.8167
368.0000 0.8161
369.0000 0.8155
370.0000 0.8149
371.0000 0.8143
372.0000 0.8136
373.0000 0.8129
374.0000 0.8122
375.0000 0.8115
376.0000 0.8108
377.0000 0.8101
378.0000 0.8094
379.0000 0.8088
380.0000 0.8081
381.0000 0.8075
382.0000 0.8069
383.0000 0.8063
384.0000 0.8057
385.0000 0.8052
386.0000 0.8047
387.0000 0.8042
388.0000 0.8038
389.0000 0.8034
390.0000 0.8030
391.0000 0.8027
392.0000 0.8024
393.0000 0.8021
394.0000 0.8019
395.0000 0.8017
396.0000 0.8015
397.0000 0.8013
398.0000 0.8012
399.0000 0.8011
400.0000 0.8010
401.0000 0.8009
402.0000 0.8009
403.0000 0.8009
404.0000 0.8009
405.0000 0.8009
406.0000 0.8009
407.0000 0.8010
408.0000 0.8010
409.0000 0.8011
410.0000 0.8012
411.0000 0.8013
412.0000 0.8014
413.0000 0.8015
414.0000 0.8016
415.0000 0.8017
416.0000 0.8018
417.0000 0.8019
418.0000 0.8021
419.0000 0.8022
420.0000 0.8023
421.0000 0.8024
422.0000 0.8025
423.0000 0.8026
424.0000 0.8028
425.0000 0.8029
426.0000 0.8030
427.0000 0.8031
428.0000 0.8031
429.0000 0.8032
430.0000 0.8033
431.0000 0.8034
432.0000 0.8035
433.0000 0.8035
434.0000 0.8036
435.0000 0.8036
436.0000 0.8037
437.0000 0.8037
438.0000 0.8038
439.0000 0.8038
440.0000 0.8038
441.0000 0.8039
442.0000 0.8039
443.0000 0.8039
444.0000 0.8039
445.0000 0.8039
446.0000 0.8039
447.0000 0.8039
448.0000 0.8039
449.0000 0.8039
450.0000 0.8039
451.0000 0.8039
452.0000 0.8039
453.0000 0.8039
454.0000 0.8039
455.0000 0.8039
456.0000 0.8038
457.0000 0.8038
458.0000 0.8038
459.0000 0.8038
460.0000 0.8038
461.0000 0.8037
462.0000 0.8037
463.0000 0.8037
464.0000 0.8037
465.0000 0.8037
466.0000 0.8036
467.0000 0.8036
468.0000 0.8036
469.0000 0.8036
470.0000 0.8036
471.0000 0.8036
472.0000 0.8035
473.0000 0.8035
474.0000 0.8035
475.0000 0.8035
476.0000 0.8035
477.0000 0.8035
478.0000 0.8035
479.0000 0.8035
480.0000 0.8034
481.0000 0.8034
482.0000 0.8034
483.0000 0.8034
484.0000 0.8034
485.0000 0.8034
486.0000 0.8034
487.0000 0.8034
488.0000 0.8034
489.0000 0.8034
490.0000 0.8034
491.0000 0.8034
492.0000 0.8034
493.0000 0.8034
494.0000 0.8034
495.0000 0.8034
496.0000 0.8034
497.0000 0.8034
498.0000 0.8034
499.0000 0.8034
500.0000 0.8034
501.0000 0.8034
502.0000 0.8034
503.0000 0.8034
504.0000 0.8034
505.0000 0.8034
506.0000 0.8034
507.0000 0.8035
508.0000 0.8035
509.0000 0.8035
510.0000 0.8035
