1.0000 0.0000
2.0000 0.0000
3.0000 0.0000
4.0000 0.0000
5.0000 0.0000
6.0000 0.0000
7.0000 0.0000
8.0000 0.0000
9.0000 0.0000
10.0000 2.2112
11.0000 2.2837
12.0000 2.3562
13.0000 2.4287
14.0000 2.5012
15.0000 2.1609
16.0000 1.8119
17.0000 1.4541
18.0000 1.0875
19.0000 0.7121
20.0000 0.4049
21.0000 0.1666
22.0000 -0.0021
23.0000 -0.1004
24.0000 -0.1277
25.0000 -0.0975
26.0000 -0.0233
27.0000 0.0814
28.0000 0.2030
29.0000 0.3282
30.0000 0.4463
31.0000 0.5490
32.0000 0.6311
33.0000 0.6896
34.0000 0.7240
35.0000 0.7361
36.0000 0.7290
37.0000 0.7068
38.0000 0.6741
39.0000 0.6353
40.0000 0.5949
41.0000 0.5563
42.0000 0.5224
43.0000 0.4950
44.0000 0.4751
45.0000 0.4631
46.0000 0.4584
47.0000 0.4602
48.0000 0.4670
49.0000 0.4774
50.0000 0.4899
51.0000 0.5032
52.0000 0.5160
53.0000 0.5274
54.0000 0.5367
55.0000 0.5436
56.0000 0.5480
57.0000 0.5499
58.0000 0.5497
59.0000 0.5478
60.0000 0.5447
61.0000 0.5407
62.0000 0.5365
63.0000 0.5325
64.0000 0.5288
65.0000 0.5257
66.0000 0.5235
67.0000 0.5220
68.0000 0.5214
69.0000 0.5215
70.0000 0.5221
71.0000 0.5231
72.0000 0.5245
73.0000 0.5259
74.0000 0.5273
75.0000 0.5286
76.0000 0.5297
77.0000 0.5305
78.0000 0.5310
79.0000 0.5313
80.0000 0.5314
81.0000 0.5313
82.0000 0.5310
83.0000 0.5306
84.0000 0.5302
85.0000 0.5298
86.0000 0.5294
87.0000 0.5291
88.0000 0.5289
89.0000 0.5287
90.0000 0.5287
91.0000 0.5287
92.0000 0.5288
93.0000 0.5289
94.0000 0.5290
95.0000 0.5292
96.0000 0.5294
97.0000 0.5295
98.0000 0.5297
99.0000 0.5298
100.0000 0.5298
101.0000 0.5299
102.0000 0.5299
103.0000 0.5299
104.0000 0.5299
105.0000 0.5299
106.0000 0.5299
107.0000 0.5298
108.0000 0.5298
109.0000 0.5298
110.0000 0.5298
111.0000 0.5298
112.0000 0.5298
113.0000 0.5298
114.0000 0.5298
115.0000 0.5298
116.0000 0.5298
117.0000 0.5299
118.0000 0.5299
119.0000 0.5299
120.0000 0.5300
121.0000 0.5300
122.0000 0.5300
123.0000 0.5300
124.0000 0.5300
125.0000 0.5300
126.0000 0.5300
127.0000 0.5300
128.0000 0.5300
129.0000 0.5300
130.0000 0.5300
131.0000 0.5300
132.0000 0.5301
133.0000 0.5301
134.0000 0.5301
135.0000 0.5301
136.0000 0.5301
137.0000 0.5301
138.0000 0.5301
139.0000 0.5301
140.0000 0.5301
141.0000 0.5301
142.0000 0.5301
143.0000 0.5301
144.0000 0.5301
145.0000 0.5301
146.0000 0.5301
147.0000 0.5301
148.0000 0.5302
149.0000 0.5302
150.0000 0.5302
151.0000 0.5302
152.0000 0.5302
153.0000 0.5302
154.0000 0.5302
155.0000 0.5302
156.0000 0.5302
157.0000 0.5302
158.0000 0.5302
159.0000 0.5302
160.0000 0.5302
161.0000 0.5302
162.0000 0.5302
163.0000 0.5302
164.0000 0.5302
165.0000 0.5302
166.0000 0.5302
167.0000 0.5302
168.0000 0.5302
169.0000 0.5302
170.0000 0.5302
171.0000 0.5302
172.0000 0.5302
173.0000 0.5302
174.0000 0.5302
175.0000 0.5302
176.0000 0.5302
177.0000 0.5302
178.0000 0.5302
179.0000 0.5302
180.0000 0.5302
181.0000 0.5302
182.0000 0.5302
183.0000 0.5302
184.0000 0.5302
185.0000 0.5303
186.0000 0.5303
187.0000 0.5303
188.0000 0.5303
189.0000 0.5303
190.0000 0.5303
191.0000 0.5303
192.0000 0.5303
193.0000 0.5303
194.0000 0.5303
195.0000 0.5303
196.0000 0.5303
197.0000 0.5303
198.0000 0.5303
199.0000 0.5303
200.0000 0.5303
201.0000 0.5303
202.0000 0.5303
203.0000 0.5303
204.0000 0.5303
205.0000 0.5303
206.0000 0.5303
207.0000 0.5303
208.0000 0.5303
209.0000 0.5303
210.0000 0.5303
211.0000 0.5303
212.0000 0.5303
213.0000 0.5303
214.0000 0.5303
215.0000 0.5303
216.0000 0.5303
217.0000 0.5303
218.0000 0.5303
219.0000 0.5303
220.0000 0.5303
221.0000 0.5303
222.0000 0.5303
223.0000 0.5303
224.0000 0.5303
225.0000 0.5303
226.0000 0.5303
227.0000 0.5303
228.0000 0.5303
229.0000 0.5303
230.0000 0.5303
231.0000 0.5303
232.0000 0.5303
233.0000 0.5303
234.0000 0.5303
235.0000 0.5303
236.0000 0.5303
237.0000 0.5303
238.0000 0.5303
239.0000 0.5303
240.0000 0.5303
241.0000 0.5303
242.0000 0.5303
243.0000 0.5303
244.0000 0.5303
245.0000 0.5303
246.0000 0.5303
247.0000 0.5303
248.0000 0.5303
249.0000 0.5303
250.0000 0.5303
251.0000 0.5303
252.0000 0.5303
253.0000 0.5303
254.0000 0.5303
255.0000 0.5303
256.0000 0.5303
257.0000 0.5303
258.0000 0.5303
259.0000 0.5303
260.0000 0.5303
261.0000 0.5303
262.0000 0.5303
263.0000 0.5303
264.0000 0.5303
265.0000 0.5303
266.0000 0.5303
267.0000 0.5303
268.0000 0.5303
269.0000 0.5303
270.0000 0.5303
271.0000 0.5303
272.0000 0.5303
273.0000 0.5303
274.0000 0.5303
275.0000 0.5303
276.0000 0.5303
277.0000 0.5303
278.0000 0.5303
279.0000 0.5303
280.0000 0.5303
281.0000 0.5303
282.0000 0.5303
283.0000 0.5303
284.0000 0.5303
285.0000 0.5303
286.0000 0.5303
287.0000 0.5303
288.0000 0.5303
289.0000 0.5303
290.0000 0.5303
291.0000 0.5303
292.0000 0.5303
293.0000 0.5303
294.0000 0.5303
295.0000 0.5303
296.0000 0.5303
297.0000 0.5303
298.0000 0.5303
299.0000 0.5303
300.0000 0.5303
301.0000 0.5303
302.0000 0.5303
303.0000 0.5303
304.0000 0.5303
305.0000 0.5303
306.0000 0.5303
307.0000 0.5303
308.0000 0.5303
309.0000 0.5303
310.0000 0.5303
311.0000 0.5303
312.0000 0.5303
313.0000 0.5303
314.0000 0.5303
315.0000 0.5303
316.0000 0.5303
317.0000 0.5303
318.0000 0.5303
319.0000 0.5303
320.0000 0.5303
321.0000 0.5303
322.0000 0.5303
323.0000 0.5303
324.0000 0.5303
325.0000 0.5303
326.0000 0.5303
327.0000 0.5303
328.0000 0.5303
329.0000 0.5303
330.0000 0.5303
331.0000 0.5303
332.0000 0.5303
333.0000 0.5303
334.0000 0.5303
335.0000 0.5303
336.0000 0.5303
337.0000 0.5303
338.0000 0.5303
339.0000 0.5303
340.0000 0.5303
341.0000 0.5303
342.0000 0.5303
343.0000 0.5303
344.0000 0.5303
345.0000 0.5303
346.0000 0.5303
347.0000 0.5303
348.0000 0.5303
349.0000 0.5303
350.0000 0.5303
351.0000 0.5303
352.0000 0.5303
353.0000 0.5303
354.0000 0.5303
355.0000 0.5303
356.0000 0.5303
357.0000 0.5303
358.0000 0.5303
359.0000 0.5303
360.0000 0.5303
361.0000 0.5303
362.0000 0.5303
363.0000 0.5303
364.0000 0.5303
365.0000 0.5303
366.0000 0.5303
367.0000 0.5303
368.0000 0.5303
369.0000 0.5303
370.0000 0.5303
371.0000 0.5303
372.0000 0.5303
373.0000 0.5303
374.0000 0.5303
375.0000 0.5303
376.0000 0.5303
377.0000 0.5303
378.0000 0.5303
379.0000 0.5303
380.0000 0.5303
381.0000 0.5303
382.0000 0.5303
383.0000 0.5303
384.0000 0.5303
385.0000 0.5303
386.0000 0.5303
387.0000 0.5303
388.0000 0.5303
389.0000 0.5303
390.0000 0.5303
391.0000 0.5303
392.0000 0.5303
393.0000 0.5303
394.0000 0.5303
395.0000 0.5303
396.0000 0.5303
397.0000 0.5303
398.0000 0.5303
399.0000 0.5303
400.0000 0.5303
401.0000 0.5303
402.0000 0.5303
403.0000 0.5303
404.0000 0.5303
405.0000 0.5303
406.0000 0.5303
407.0000 0.5303
408.0000 0.5303
409.0000 0.5303
410.0000 0.5303
411.0000 0.5303
412.0000 0.5303
413.0000 0.5303
414.0000 0.5303
415.0000 0.5303
416.0000 0.5303
417.0000 0.5303
418.0000 0.5303
419.0000 0.5303
420.0000 0.5303
421.0000 0.5303
422.0000 0.5303
423.0000 0.5303
424.0000 0.5303
425.0000 0.5303
426.0000 0.5303
427.0000 0.5303
428.0000 0.5303
429.0000 0.5303
430.0000 0.5303
431.0000 0.5303
432.0000 0.5303
433.0000 0.5303
434.0000 0.5303
435.0000 0.5303
436.0000 0.5303
437.0000 0.5303
438.0000 0.5303
439.0000 0.5303
440.0000 0.5303
441.0000 0.5303
442.0000 0.5303
443.0000 0.5303
444.0000 0.5303
445.0000 0.5303
446.0000 0.5303
447.0000 0.5303
448.0000 0.5303
449.0000 0.5303
450.0000 0.5303
451.0000 0.5303
452.0000 0.5303
453.0000 0.5303
454.0000 0.5303
455.0000 0.5303
456.0000 0.5303
457.0000 0.5303
458.0000 0.5303
459.0000 0.5303
460.0000 0.5303
461.0000 0.5303
462.0000 0.5303
463.0000 0.5303
464.0000 0.5303
465.0000 0.5303
466.0000 0.5303
467.0000 0.5303
468.0000 0.5303
469.0000 0.5303
470.0000 0.5303
471.0000 0.5303
472.0000 0.5303
473.0000 0.5303
474.0000 0.5303
475.0000 0.5303
476.0000 0.5303
477.0000 0.5303
478.0000 0.5303
479.0000 0.5303
480.0000 0.5303
481.0000 0.5303
482.0000 0.5303
483.0000 0.5303
484.0000 0.5303
485.0000 0.5303
486.0000 0.5303
487.0000 0.5303
488.0000 0.5303
489.0000 0.5303
490.0000 0.5303
491.0000 0.5303
492.0000 0.5303
493.0000 0.5303
494.0000 0.5303
495.0000 0.5303
496.0000 0.5303
497.0000 0.5303
498.0000 0.5303
499.0000 0.5303
500.0000 0.5303
501.0000 0.5303
502.0000 0.5303
503.0000 0.5303
504.0000 0.5303
505.0000 0.5303
506.0000 0.5303
507.0000 0.5303
508.0000 0.5303
509.0000 0.5303
510.0000 0.5303
