1.0000 0.0000
2.0000 0.0000
3.0000 0.0000
4.0000 0.0000
5.0000 0.0000
6.0000 0.0000
7.0000 0.0000
8.0000 0.0000
9.0000 0.0000
10.0000 0.0000
11.0000 0.0000
12.0000 0.0000
13.0000 0.0000
14.0000 0.0000
15.0000 0.0000
16.0000 0.0000
17.0000 0.0000
18.0000 0.0000
19.0000 0.0000
20.0000 0.0000
21.0000 0.0000
22.0000 0.0000
23.0000 0.0000
24.0000 0.0000
25.0000 0.0000
26.0000 0.0000
27.0000 0.0000
28.0000 0.0000
29.0000 0.0000
30.0000 0.0000
31.0000 0.0000
32.0000 0.0000
33.0000 0.0000
34.0000 0.0000
35.0000 0.0000
36.0000 0.0000
37.0000 0.0000
38.0000 0.0000
39.0000 0.0000
40.0000 0.0000
41.0000 0.0000
42.0000 0.0000
43.0000 0.0000
44.0000 0.0000
45.0000 0.0000
46.0000 0.0000
47.0000 0.0000
48.0000 0.0000
49.0000 0.0000
50.0000 0.0000
51.0000 0.0000
52.0000 0.0000
53.0000 0.0000
54.0000 0.0000
55.0000 0.0000
56.0000 0.0000
57.0000 0.0000
58.0000 0.0000
59.0000 0.0000
60.0000 0.0000
61.0000 0.0000
62.0000 0.0000
63.0000 0.0000
64.0000 0.0000
65.0000 0.0000
66.0000 0.0000
67.0000 0.0000
68.0000 0.0000
69.0000 0.0000
70.0000 0.0000
71.0000 0.0000
72.0000 0.0000
73.0000 0.0000
74.0000 0.0000
75.0000 0.0000
76.0000 0.0000
77.0000 0.0000
78.0000 0.0000
79.0000 0.0000
80.0000 0.0000
81.0000 0.0000
82.0000 0.0000
83.0000 0.0000
84.0000 0.0000
85.0000 0.0000
86.0000 0.0000
87.0000 0.0000
88.0000 0.0000
89.0000 0.0000
90.0000 0.0000
91.0000 0.0000
92.0000 0.0000
93.0000 0.0000
94.0000 0.0000
95.0000 0.0000
96.0000 0.0000
97.0000 0.0000
98.0000 0.0000
99.0000 0.0000
100.0000 0.0000
101.0000 0.0000
102.0000 0.0000
103.0000 0.0000
104.0000 0.0000
105.0000 0.0000
106.0000 0.0000
107.0000 0.0000
108.0000 0.0000
109.0000 0.0000
110.0000 0.0000
111.0000 0.0000
112.0000 0.0000
113.0000 0.0000
114.0000 0.0000
115.0000 0.0000
116.0000 0.0000
117.0000 0.0000
118.0000 0.0000
119.0000 0.0000
120.0000 0.0000
121.0000 0.0000
122.0000 0.0000
123.0000 0.0000
124.0000 0.0000
125.0000 0.0000
126.0000 0.0000
127.0000 0.0000
128.0000 0.0000
129.0000 0.0000
130.0000 0.0000
131.0000 0.0000
132.0000 0.0000
133.0000 0.0000
134.0000 0.0000
135.0000 0.0000
136.0000 0.0000
137.0000 0.0000
138.0000 0.0000
139.0000 0.0000
140.0000 0.0000
141.0000 0.0000
142.0000 0.0000
143.0000 0.0000
144.0000 0.0000
145.0000 0.0000
146.0000 0.0000
147.0000 0.0000
148.0000 0.0000
149.0000 0.0000
150.0000 0.0000
151.0000 0.0000
152.0000 0.0000
153.0000 0.0000
154.0000 0.0000
155.0000 0.0000
156.0000 0.0000
157.0000 0.0000
158.0000 0.0000
159.0000 0.0000
160.0000 0.0000
161.0000 0.0000
162.0000 0.0000
163.0000 0.0000
164.0000 0.0000
165.0000 0.0000
166.0000 0.0000
167.0000 0.0000
168.0000 0.0000
169.0000 0.0000
170.0000 0.0000
171.0000 0.0000
172.0000 0.0000
173.0000 0.0000
174.0000 0.0000
175.0000 0.0000
176.0000 0.0000
177.0000 0.0000
178.0000 0.0000
179.0000 0.0000
180.0000 0.0000
181.0000 0.0000
182.0000 0.0000
183.0000 0.0000
184.0000 0.0000
185.0000 0.0000
186.0000 0.0000
187.0000 0.0000
188.0000 0.0000
189.0000 0.0000
190.0000 0.0000
191.0000 0.0000
192.0000 0.0000
193.0000 0.0000
194.0000 0.0000
195.0000 0.0000
196.0000 0.0000
197.0000 0.0000
198.0000 0.0000
199.0000 0.0000
200.0000 0.0000
201.0000 0.0000
202.0000 0.0000
203.0000 0.0000
204.0000 0.0000
205.0000 0.0000
206.0000 0.0000
207.0000 0.0000
208.0000 0.0000
209.0000 0.0000
210.0000 0.0000
211.0000 0.0000
212.0000 0.0000
213.0000 0.0000
214.0000 0.0000
215.0000 0.0000
216.0000 0.0000
217.0000 0.0000
218.0000 0.0000
219.0000 0.0000
220.0000 0.0000
221.0000 0.0000
222.0000 0.0000
223.0000 0.0000
224.0000 0.0000
225.0000 0.0000
226.0000 0.0000
227.0000 0.0000
228.0000 0.0000
229.0000 0.0000
230.0000 0.0000
231.0000 0.0000
232.0000 0.0000
233.0000 0.0000
234.0000 0.0000
235.0000 0.0000
236.0000 0.0000
237.0000 0.0000
238.0000 0.0000
239.0000 0.0000
240.0000 0.0000
241.0000 0.0000
242.0000 0.0000
243.0000 0.0000
244.0000 0.0000
245.0000 0.0000
246.0000 0.0000
247.0000 0.0000
248.0000 0.0000
249.0000 0.0000
250.0000 0.0000
251.0000 0.0000
252.0000 0.0000
253.0000 0.0000
254.0000 0.0000
255.0000 0.0000
256.0000 0.0000
257.0000 0.0000
258.0000 0.0000
259.0000 0.0000
260.0000 0.0000
261.0000 0.0000
262.0000 0.0000
263.0000 0.0000
264.0000 0.2379
265.0000 0.4720
266.0000 0.7024
267.0000 0.9294
268.0000 1.0965
269.0000 1.2058
270.0000 1.2591
271.0000 1.2582
272.0000 1.2182
273.0000 1.1536
274.0000 1.0780
275.0000 1.0043
276.0000 0.9418
277.0000 0.8962
278.0000 0.8696
279.0000 0.8612
280.0000 0.8682
281.0000 0.8862
282.0000 0.9104
283.0000 0.9365
284.0000 0.9608
285.0000 0.9807
286.0000 0.9948
287.0000 1.0027
288.0000 1.0049
289.0000 1.0027
290.0000 0.9974
291.0000 0.9906
292.0000 0.9836
293.0000 0.9774
294.0000 0.9729
295.0000 0.9702
296.0000 0.9694
297.0000 0.9702
298.0000 0.9723
299.0000 0.9752
300.0000 0.9784
301.0000 0.9815
302.0000 0.9842
303.0000 0.9863
304.0000 0.9877
305.0000 0.9886
306.0000 0.9889
307.0000 0.9888
308.0000 0.9885
309.0000 0.9882
310.0000 0.9879
311.0000 0.9877
312.0000 0.9877
313.0000 0.9879
314.0000 0.9883
315.0000 0.9888
316.0000 0.9893
317.0000 0.9899
318.0000 0.9905
319.0000 0.9911
320.0000 0.9916
321.0000 0.9920
322.0000 0.9923
323.0000 0.9926
324.0000 0.9928
325.0000 0.9930
326.0000 0.9932
327.0000 0.9934
328.0000 0.9935
329.0000 0.9937
330.0000 0.9939
331.0000 0.9941
332.0000 0.9943
333.0000 0.9945
334.0000 0.9947
335.0000 0.9950
336.0000 0.9952
337.0000 0.9953
338.0000 0.9955
339.0000 0.9957
340.0000 0.9958
341.0000 0.9960
342.0000 0.9961
343.0000 0.9963
344.0000 0.9964
345.0000 0.9965
346.0000 0.9966
347.0000 0.9967
348.0000 0.9968
349.0000 0.9970
350.0000 0.9971
351.0000 0.9972
352.0000 0.9973
353.0000 0.9974
354.0000 0.9975
355.0000 0.9976
356.0000 0.9976
357.0000 0.9977
358.0000 0.9978
359.0000 0.9979
360.0000 0.9980
361.0000 0.9980
362.0000 0.9981
363.0000 0.9982
364.0000 0.9982
365.0000 0.9983
366.0000 0.9984
367.0000 0.9984
368.0000 0.9985
369.0000 0.9985
370.0000 0.9986
371.0000 0.9986
372.0000 0.9987
373.0000 0.9987
374.0000 0.9988
375.0000 0.9988
376.0000 0.9989
377.0000 0.9989
378.0000 0.9989
379.0000 0.9990
380.0000 0.9990
381.0000 0.9990
382.0000 0.9991
383.0000 0.9991
384.0000 0.9991
385.0000 0.9992
386.0000 0.9992
387.0000 0.9992
388.0000 0.9993
389.0000 0.9993
390.0000 0.9993
391.0000 0.9993
392.0000 0.9994
393.0000 0.9994
394.0000 0.9994
395.0000 0.9994
396.0000 0.9994
397.0000 0.9995
398.0000 0.9995
399.0000 0.9995
400.0000 0.9995
401.0000 0.9995
402.0000 0.9995
403.0000 0.9996
404.0000 0.9996
405.0000 0.9996
406.0000 0.9996
407.0000 0.9996
408.0000 0.9996
409.0000 0.9996
410.0000 0.9997
411.0000 0.9997
412.0000 0.9997
413.0000 0.9997
414.0000 0.9997
415.0000 0.9997
416.0000 0.9997
417.0000 0.9997
418.0000 0.9997
419.0000 0.9998
420.0000 0.9998
421.0000 0.9998
422.0000 0.9998
423.0000 0.9998
424.0000 0.9998
425.0000 0.9998
426.0000 0.9998
427.0000 0.9998
428.0000 0.9998
429.0000 0.9998
430.0000 0.9998
431.0000 0.9998
432.0000 0.9998
433.0000 0.9999
434.0000 0.9999
435.0000 0.9999
436.0000 0.9999
437.0000 0.9999
438.0000 0.9999
439.0000 0.9999
440.0000 0.9999
441.0000 0.9999
442.0000 0.9999
443.0000 0.9999
444.0000 0.9999
445.0000 0.9999
446.0000 0.9999
447.0000 0.9999
448.0000 0.9999
449.0000 0.9999
450.0000 0.9999
451.0000 0.9999
452.0000 0.9999
453.0000 0.9999
454.0000 0.9999
455.0000 0.9999
456.0000 0.9999
457.0000 0.9999
458.0000 0.9999
459.0000 0.9999
460.0000 0.9999
461.0000 0.9999
462.0000 0.9999
463.0000 0.9999
464.0000 1.0000
465.0000 1.0000
466.0000 1.0000
467.0000 1.0000
468.0000 1.0000
469.0000 1.0000
470.0000 1.0000
471.0000 1.0000
472.0000 1.0000
473.0000 1.0000
474.0000 1.0000
475.0000 1.0000
476.0000 1.0000
477.0000 1.0000
478.0000 1.0000
479.0000 1.0000
480.0000 1.0000
481.0000 1.0000
482.0000 1.0000
483.0000 1.0000
484.0000 1.0000
485.0000 1.0000
486.0000 1.0000
487.0000 1.0000
488.0000 1.0000
489.0000 1.0000
490.0000 1.0000
491.0000 1.0000
492.0000 1.0000
493.0000 1.0000
494.0000 1.0000
495.0000 1.0000
496.0000 1.0000
497.0000 1.0000
498.0000 1.0000
499.0000 1.0000
500.0000 1.0000
501.0000 1.0000
502.0000 1.0000
503.0000 1.0000
504.0000 1.0000
505.0000 1.0000
506.0000 1.0000
507.0000 1.0000
508.0000 1.0000
509.0000 1.0000
510.0000 1.0000
