1.0000 0.0000
2.0000 0.0000
3.0000 0.0000
4.0000 0.0000
5.0000 0.0000
6.0000 0.0000
7.0000 0.0000
8.0000 0.0000
9.0000 0.0000
10.0000 0.0000
11.0000 0.0000
12.0000 0.0000
13.0000 0.0000
14.0000 0.0000
15.0000 0.0000
16.0000 0.1162
17.0000 0.1636
18.0000 0.2079
19.0000 0.2494
20.0000 0.2609
21.0000 0.2517
22.0000 0.2383
23.0000 0.2152
24.0000 0.1967
25.0000 0.1787
26.0000 0.1654
27.0000 0.1566
28.0000 0.1493
29.0000 0.1425
30.0000 0.1358
31.0000 0.1273
32.0000 0.1177
33.0000 0.1067
34.0000 0.0951
35.0000 0.0832
36.0000 0.0715
37.0000 0.0604
38.0000 0.0500
39.0000 0.0402
40.0000 0.0311
41.0000 0.0226
42.0000 0.0146
43.0000 0.0070
44.0000 -0.0002
45.0000 -0.0069
46.0000 -0.0132
47.0000 -0.0190
48.0000 -0.0242
49.0000 -0.0289
50.0000 -0.0331
51.0000 -0.0367
52.0000 -0.0398
53.0000 -0.0424
54.0000 -0.0446
55.0000 -0.0463
56.0000 -0.0476
57.0000 -0.0485
58.0000 -0.0490
59.0000 -0.0492
60.0000 -0.0491
61.0000 -0.0486
62.0000 -0.0479
63.0000 -0.0470
64.0000 -0.0458
65.0000 -0.0444
66.0000 -0.0428
67.0000 -0.0411
68.0000 -0.0393
69.0000 -0.0373
70.0000 -0.0353
71.0000 -0.0332
72.0000 -0.0310
73.0000 -0.0288
74.0000 -0.0266
75.0000 -0.0244
76.0000 -0.0223
77.0000 -0.0201
78.0000 -0.0180
79.0000 -0.0159
80.0000 -0.0139
81.0000 -0.0120
82.0000 -0.0101
83.0000 -0.0083
84.0000 -0.0066
85.0000 -0.0050
86.0000 -0.0035
87.0000 -0.0021
88.0000 -0.0008
89.0000 0.0004
90.0000 0.0016
91.0000 0.0026
92.0000 0.0035
93.0000 0.0043
94.0000 0.0051
95.0000 0.0057
96.0000 0.0063
97.0000 0.0067
98.0000 0.0071
99.0000 0.0074
100.0000 0.0077
101.0000 0.0078
102.0000 0.0079
103.0000 0.0080
104.0000 0.0079
105.0000 0.0079
106.0000 0.0078
107.0000 0.0076
108.0000 0.0074
109.0000 0.0072
110.0000 0.0069
111.0000 0.0066
112.0000 0.0063
113.0000 0.0060
114.0000 0.0057
115.0000 0.0053
116.0000 0.0050
117.0000 0.0046
118.0000 0.0043
119.0000 0.0039
120.0000 0.0035
121.0000 0.0032
122.0000 0.0028
123.0000 0.0025
124.0000 0.0022
125.0000 0.0018
126.0000 0.0015
127.0000 0.0012
128.0000 0.0010
129.0000 0.0007
130.0000 0.0005
131.0000 0.0002
132.0000 0.0000
133.0000 -0.0002
134.0000 -0.0004
135.0000 -0.0005
136.0000 -0.0007
137.0000 -0.0008
138.0000 -0.0009
139.0000 -0.0010
140.0000 -0.0011
141.0000 -0.0012
142.0000 -0.0012
143.0000 -0.0013
144.0000 -0.0013
145.0000 -0.0013
146.0000 -0.0014
147.0000 -0.0014
148.0000 -0.0013
149.0000 -0.0013
150.0000 -0.0013
151.0000 -0.0013
152.0000 -0.0012
153.0000 -0.0012
154.0000 -0.0012
155.0000 -0.0011
156.0000 -0.0011
157.0000 -0.0010
158.0000 -0.0009
159.0000 -0.0009
160.0000 -0.0008
161.0000 -0.0008
162.0000 -0.0007
163.0000 -0.0006
164.0000 -0.0006
165.0000 -0.0005
166.0000 -0.0005
167.0000 -0.0004
168.0000 -0.0003
169.0000 -0.0003
170.0000 -0.0002
171.0000 -0.0002
172.0000 -0.0001
173.0000 -0.0001
174.0000 -0.0001
175.0000 -0.0000
176.0000 0.0000
177.0000 0.0000
178.0000 0.0001
179.0000 0.0001
180.0000 0.0001
181.0000 0.0001
182.0000 0.0002
183.0000 0.0002
184.0000 0.0002
185.0000 0.0002
186.0000 0.0002
187.0000 0.0002
188.0000 0.0002
189.0000 0.0002
190.0000 0.0002
191.0000 0.0002
192.0000 0.0002
193.0000 0.0002
194.0000 0.0002
195.0000 0.0002
196.0000 0.0002
197.0000 0.0002
198.0000 0.0002
199.0000 0.0002
200.0000 0.0002
201.0000 0.0002
202.0000 0.0002
203.0000 0.0001
204.0000 0.0001
205.0000 0.0001
206.0000 0.0001
207.0000 0.0001
208.0000 0.0001
209.0000 0.0001
210.0000 0.0001
211.0000 0.0001
212.0000 0.0001
213.0000 0.0000
214.0000 0.0000
215.0000 0.0000
216.0000 0.0000
217.0000 0.0000
218.0000 0.0000
219.0000 0.0000
220.0000 -0.0000
221.0000 -0.0000
222.0000 -0.0000
223.0000 -0.0000
224.0000 -0.0000
225.0000 -0.0000
226.0000 -0.0000
227.0000 -0.0000
228.0000 -0.0000
229.0000 -0.0000
230.0000 -0.0000
231.0000 -0.0000
232.0000 -0.0000
233.0000 -0.0000
234.0000 -0.0000
235.0000 -0.0000
236.0000 -0.0000
237.0000 -0.0000
238.0000 -0.0000
239.0000 -0.0000
240.0000 -0.0000
241.0000 -0.0000
242.0000 -0.0000
243.0000 -0.0000
244.0000 -0.0000
245.0000 -0.0000
246.0000 -0.0000
247.0000 -0.0000
248.0000 -0.0000
249.0000 -0.0000
250.0000 -0.0000
251.0000 -0.0000
252.0000 -0.0000
253.0000 -0.0000
254.0000 -0.0000
255.0000 -0.0000
256.0000 -0.0000
257.0000 -0.0000
258.0000 -0.0000
259.0000 -0.0000
260.0000 -0.0000
261.0000 -0.0000
262.0000 -0.0000
263.0000 0.0000
264.0000 0.2367
265.0000 0.3504
266.0000 0.4644
267.0000 0.5788
268.0000 0.5753
269.0000 0.5863
270.0000 0.5775
271.0000 0.5500
272.0000 0.5470
273.0000 0.5523
274.0000 0.5678
275.0000 0.5988
276.0000 0.6313
277.0000 0.6670
278.0000 0.7017
279.0000 0.7317
280.0000 0.7591
281.0000 0.7833
282.0000 0.8050
283.0000 0.8260
284.0000 0.8463
285.0000 0.8667
286.0000 0.8872
287.0000 0.9074
288.0000 0.9271
289.0000 0.9459
290.0000 0.9636
291.0000 0.9800
292.0000 0.9950
293.0000 1.0087
294.0000 1.0211
295.0000 1.0324
296.0000 1.0425
297.0000 1.0515
298.0000 1.0596
299.0000 1.0667
300.0000 1.0728
301.0000 1.0780
302.0000 1.0823
303.0000 1.0857
304.0000 1.0882
305.0000 1.0900
306.0000 1.0910
307.0000 1.0913
308.0000 1.0910
309.0000 1.0901
310.0000 1.0888
311.0000 1.0869
312.0000 1.0846
313.0000 1.0819
314.0000 1.0790
315.0000 1.0757
316.0000 1.0722
317.0000 1.0684
318.0000 1.0646
319.0000 1.0606
320.0000 1.0565
321.0000 1.0524
322.0000 1.0482
323.0000 1.0441
324.0000 1.0400
325.0000 1.0359
326.0000 1.0320
327.0000 1.0281
328.0000 1.0244
329.0000 1.0208
330.0000 1.0173
331.0000 1.0140
332.0000 1.0109
333.0000 1.0079
334.0000 1.0051
335.0000 1.0025
336.0000 1.0001
337.0000 0.9979
338.0000 0.9959
339.0000 0.9941
340.0000 0.9924
341.0000 0.9909
342.0000 0.9896
343.0000 0.9885
344.0000 0.9875
345.0000 0.9867
346.0000 0.9861
347.0000 0.9856
348.0000 0.9852
349.0000 0.9850
350.0000 0.9848
351.0000 0.9848
352.0000 0.9849
353.0000 0.9851
354.0000 0.9854
355.0000 0.9857
356.0000 0.9861
357.0000 0.9866
358.0000 0.9871
359.0000 0.9877
360.0000 0.9883
361.0000 0.9889
362.0000 0.9896
363.0000 0.9903
364.0000 0.9909
365.0000 0.9916
366.0000 0.9923
367.0000 0.9930
368.0000 0.9937
369.0000 0.9944
370.0000 0.9950
371.0000 0.9957
372.0000 0.9963
373.0000 0.9969
374.0000 0.9975
375.0000 0.9980
376.0000 0.9985
377.0000 0.9990
378.0000 0.9995
379.0000 0.9999
380.0000 1.0003
381.0000 1.0006
382.0000 1.0010
383.0000 1.0012
384.0000 1.0015
385.0000 1.0017
386.0000 1.0019
387.0000 1.0021
388.0000 1.0023
389.0000 1.0024
390.0000 1.0025
391.0000 1.0026
392.0000 1.0026
393.0000 1.0026
394.0000 1.0026
395.0000 1.0026
396.0000 1.0026
397.0000 1.0026
398.0000 1.0025
399.0000 1.0024
400.0000 1.0024
401.0000 1.0023
402.0000 1.0022
403.0000 1.0021
404.0000 1.0020
405.0000 1.0019
406.0000 1.0017
407.0000 1.0016
408.0000 1.0015
409.0000 1.0014
410.0000 1.0013
411.0000 1.0012
412.0000 1.0010
413.0000 1.0009
414.0000 1.0008
415.0000 1.0007
416.0000 1.0006
417.0000 1.0005
418.0000 1.0004
419.0000 1.0003
420.0000 1.0002
421.0000 1.0001
422.0000 1.0001
423.0000 1.0000
424.0000 0.9999
425.0000 0.9999
426.0000 0.9998
427.0000 0.9998
428.0000 0.9997
429.0000 0.9997
430.0000 0.9997
431.0000 0.9996
432.0000 0.9996
433.0000 0.9996
434.0000 0.9996
435.0000 0.9996
436.0000 0.9996
437.0000 0.9996
438.0000 0.9996
439.0000 0.9996
440.0000 0.9996
441.0000 0.9996
442.0000 0.9996
443.0000 0.9996
444.0000 0.9996
445.0000 0.9996
446.0000 0.9996
447.0000 0.9997
448.0000 0.9997
449.0000 0.9997
450.0000 0.9997
451.0000 0.9997
452.0000 0.9998
453.0000 0.9998
454.0000 0.9998
455.0000 0.9998
456.0000 0.9998
457.0000 0.9999
458.0000 0.9999
459.0000 0.9999
460.0000 0.9999
461.0000 0.9999
462.0000 0.9999
463.0000 1.0000
464.0000 1.0000
465.0000 1.0000
466.0000 1.0000
467.0000 1.0000
468.0000 1.0000
469.0000 1.0000
470.0000 1.0000
471.0000 1.0000
472.0000 1.0000
473.0000 1.0001
474.0000 1.0001
475.0000 1.0001
476.0000 1.0001
477.0000 1.0001
478.0000 1.0001
479.0000 1.0001
480.0000 1.0001
481.0000 1.0001
482.0000 1.0001
483.0000 1.0001
484.0000 1.0001
485.0000 1.0001
486.0000 1.0001
487.0000 1.0001
488.0000 1.0001
489.0000 1.0001
490.0000 1.0001
491.0000 1.0001
492.0000 1.0001
493.0000 1.0001
494.0000 1.0000
495.0000 1.0000
496.0000 1.0000
497.0000 1.0000
498.0000 1.0000
499.0000 1.0000
500.0000 1.0000
501.0000 1.0000
502.0000 1.0000
503.0000 1.0000
504.0000 1.0000
505.0000 1.0000
506.0000 1.0000
507.0000 1.0000
508.0000 1.0000
509.0000 1.0000
510.0000 1.0000
