1.0000 0.0000
2.0000 0.0000
3.0000 0.0000
4.0000 0.0000
5.0000 0.0000
6.0000 0.0000
7.0000 0.0000
8.0000 0.0000
9.0000 0.0000
10.0000 0.0000
11.0000 0.0000
12.0000 0.0000
13.0000 0.0000
14.0000 0.0000
15.0000 0.3711
16.0000 0.5497
17.0000 0.7280
18.0000 0.6576
19.0000 0.6342
20.0000 0.4454
21.0000 0.2378
22.0000 0.0953
23.0000 0.1212
24.0000 0.2118
25.0000 0.4631
26.0000 0.7418
27.0000 1.0205
28.0000 1.1964
29.0000 1.2517
30.0000 1.1802
31.0000 1.0387
32.0000 0.8654
33.0000 0.7647
34.0000 0.7656
35.0000 0.8927
36.0000 1.1169
37.0000 1.3822
38.0000 1.6112
39.0000 1.7475
40.0000 1.7490
41.0000 1.6304
42.0000 1.4312
43.0000 1.2212
44.0000 1.0697
45.0000 1.0259
46.0000 1.1004
47.0000 1.2676
48.0000 1.4666
49.0000 1.6286
50.0000 1.6935
51.0000 1.6324
52.0000 1.4559
53.0000 1.2110
54.0000 0.9652
55.0000 0.7865
56.0000 0.7196
57.0000 0.7736
58.0000 0.9184
59.0000 1.0948
60.0000 1.2343
61.0000 1.2809
62.0000 1.2090
63.0000 1.0324
64.0000 0.7989
65.0000 0.5755
66.0000 0.4266
67.0000 0.3935
68.0000 0.4809
69.0000 0.6561
70.0000 0.8594
71.0000 1.0233
72.0000 1.0945
73.0000 1.0510
74.0000 0.9086
75.0000 0.7160
76.0000 0.5387
77.0000 0.4381
78.0000 0.4511
79.0000 0.5790
80.0000 0.7865
81.0000 1.0133
82.0000 1.1937
83.0000 1.2775
84.0000 1.2459
85.0000 1.1174
86.0000 0.9416
87.0000 0.7829
88.0000 0.6999
89.0000 0.7259
90.0000 0.8591
91.0000 1.0625
92.0000 1.2760
93.0000 1.4362
94.0000 1.4964
95.0000 1.4414
96.0000 1.2927
97.0000 1.1010
98.0000 0.9297
99.0000 0.8350
100.0000 0.8472
101.0000 0.9615
102.0000 1.1397
103.0000 1.3223
104.0000 1.4483
105.0000 1.4746
106.0000 1.3897
107.0000 1.2176
108.0000 1.0099
109.0000 0.8291
110.0000 0.7284
111.0000 0.7352
112.0000 0.8417
113.0000 1.0083
114.0000 1.1762
115.0000 1.2864
116.0000 1.2991
117.0000 1.2061
118.0000 1.0335
119.0000 0.8333
120.0000 0.6664
121.0000 0.5831
122.0000 0.6072
123.0000 0.7281
124.0000 0.9045
125.0000 1.0782
126.0000 1.1923
127.0000 1.2098
128.0000 1.1256
129.0000 0.9676
130.0000 0.7877
131.0000 0.6451
132.0000 0.5873
133.0000 0.6342
134.0000 0.7727
135.0000 0.9604
136.0000 1.1393
137.0000 1.2548
138.0000 1.2732
139.0000 1.1921
140.0000 1.0411
141.0000 0.8723
142.0000 0.7433
143.0000 0.6985
144.0000 0.7548
145.0000 0.8967
146.0000 1.0806
147.0000 1.2498
148.0000 1.3520
149.0000 1.3567
150.0000 1.2644
151.0000 1.1066
152.0000 0.9355
153.0000 0.8070
154.0000 0.7627
155.0000 0.8168
156.0000 0.9513
157.0000 1.1223
158.0000 1.2740
159.0000 1.3569
160.0000 1.3434
161.0000 1.2370
162.0000 1.0709
163.0000 0.8970
164.0000 0.7697
165.0000 0.7276
166.0000 0.7821
167.0000 0.9132
168.0000 1.0763
169.0000 1.2169
170.0000 1.2877
171.0000 1.2644
172.0000 1.1530
173.0000 0.9879
174.0000 0.8208
175.0000 0.7040
176.0000 0.6735
177.0000 0.7374
178.0000 0.8739
179.0000 1.0379
180.0000 1.1758
181.0000 1.2430
182.0000 1.2179
183.0000 1.1088
184.0000 0.9514
185.0000 0.7967
186.0000 0.6950
187.0000 0.6793
188.0000 0.7550
189.0000 0.8984
190.0000 1.0639
191.0000 1.1993
192.0000 1.2624
193.0000 1.2343
194.0000 1.1258
195.0000 0.9734
196.0000 0.8277
197.0000 0.7367
198.0000 0.7307
199.0000 0.8126
200.0000 0.9568
201.0000 1.1178
202.0000 1.2447
203.0000 1.2978
204.0000 1.2611
205.0000 1.1477
206.0000 0.9948
207.0000 0.8524
208.0000 0.7665
209.0000 0.7649
210.0000 0.8478
211.0000 0.9882
212.0000 1.1405
213.0000 1.2556
214.0000 1.2963
215.0000 1.2493
216.0000 1.1296
217.0000 0.9756
218.0000 0.8362
219.0000 0.7554
220.0000 0.7584
221.0000 0.8429
222.0000 0.9806
223.0000 1.1262
224.0000 1.2320
225.0000 1.2632
226.0000 1.2094
227.0000 1.0875
228.0000 0.9362
229.0000 0.8036
230.0000 0.7317
231.0000 0.7427
232.0000 0.8323
233.0000 0.9709
234.0000 1.1132
235.0000 1.2133
236.0000 1.2388
237.0000 1.1818
238.0000 1.0609
239.0000 0.9152
240.0000 0.7919
241.0000 0.7306
242.0000 0.7510
243.0000 0.8465
244.0000 0.9864
245.0000 1.1259
246.0000 1.2205
247.0000 1.2405
248.0000 1.1802
249.0000 1.0599
250.0000 0.9191
251.0000 0.8037
252.0000 0.7511
253.0000 0.7787
254.0000 0.8776
255.0000 1.0163
256.0000 1.1504
257.0000 1.2372
258.0000 1.2495
259.0000 1.1838
260.0000 1.0621
261.0000 0.9239
262.0000 1.8830
263.0000 2.2655
264.0000 2.6985
265.0000 3.1752
266.0000 3.1601
267.0000 2.7819
268.0000 2.3003
269.0000 1.5843
270.0000 1.1473
271.0000 0.8456
272.0000 0.8616
273.0000 1.2147
274.0000 1.6444
275.0000 2.0181
276.0000 2.2493
277.0000 2.1134
278.0000 1.7140
279.0000 1.1029
280.0000 0.4396
281.0000 -0.0675
282.0000 -0.3121
283.0000 -0.2472
284.0000 0.1047
285.0000 0.5687
286.0000 0.9964
287.0000 1.2270
288.0000 1.1624
289.0000 0.8221
290.0000 0.3037
291.0000 -0.2364
292.0000 -0.6171
293.0000 -0.7256
294.0000 -0.5203
295.0000 -0.0607
296.0000 0.5097
297.0000 1.0218
298.0000 1.3257
299.0000 1.3383
300.0000 1.0783
301.0000 0.6483
302.0000 0.2087
303.0000 -0.0761
304.0000 -0.0936
305.0000 0.1839
306.0000 0.6893
307.0000 1.2807
308.0000 1.7904
309.0000 2.0756
310.0000 2.0654
311.0000 1.7835
312.0000 1.3388
313.0000 0.8905
314.0000 0.5968
315.0000 0.5629
316.0000 0.8087
317.0000 1.2613
318.0000 1.7798
319.0000 2.2004
320.0000 2.3896
321.0000 2.2865
322.0000 1.9229
323.0000 1.4120
324.0000 0.9123
325.0000 0.5766
326.0000 0.5024
327.0000 0.7017
328.0000 1.0972
329.0000 1.5480
330.0000 1.8953
331.0000 2.0135
332.0000 1.8512
333.0000 1.4471
334.0000 0.9178
335.0000 0.4197
336.0000 0.0990
337.0000 0.0448
338.0000 0.2609
339.0000 0.6649
340.0000 1.1154
341.0000 1.4578
342.0000 1.5740
343.0000 1.4205
344.0000 1.0420
345.0000 0.5569
346.0000 0.1186
347.0000 -0.1338
348.0000 -0.1203
349.0000 0.1546
350.0000 0.6035
351.0000 1.0847
352.0000 1.4477
353.0000 1.5818
354.0000 1.4511
355.0000 1.1060
356.0000 0.6663
357.0000 0.2822
358.0000 0.0858
359.0000 0.1487
360.0000 0.4587
361.0000 0.9245
362.0000 1.4048
363.0000 1.7540
364.0000 1.8693
365.0000 1.7228
366.0000 1.3706
367.0000 0.9342
368.0000 0.5608
369.0000 0.3763
370.0000 0.4441
371.0000 0.7457
372.0000 1.1865
373.0000 1.6266
374.0000 1.9262
375.0000 1.9903
376.0000 1.7992
377.0000 1.4146
378.0000 0.9595
379.0000 0.5782
380.0000 0.3898
381.0000 0.4506
382.0000 0.7356
383.0000 1.1475
384.0000 1.5482
385.0000 1.8032
386.0000 1.8256
387.0000 1.6033
388.0000 1.2028
389.0000 0.7478
390.0000 0.3790
391.0000 0.2090
392.0000 0.2860
393.0000 0.5791
394.0000 0.9880
395.0000 1.3764
396.0000 1.6152
397.0000 1.6247
398.0000 1.3998
399.0000 1.0112
400.0000 0.5827
401.0000 0.2507
402.0000 0.1209
403.0000 0.2336
404.0000 0.5519
405.0000 0.9732
406.0000 1.3626
407.0000 1.5969
408.0000 1.6032
409.0000 1.3832
410.0000 1.0112
411.0000 0.6107
412.0000 0.3141
413.0000 0.2197
414.0000 0.3608
415.0000 0.6948
416.0000 1.1171
417.0000 1.4955
418.0000 1.7119
419.0000 1.7013
420.0000 1.4713
421.0000 1.1003
422.0000 0.7111
423.0000 0.4319
424.0000 0.3545
425.0000 0.5051
426.0000 0.8362
427.0000 1.2420
428.0000 1.5928
429.0000 1.7768
430.0000 1.7361
431.0000 1.4848
432.0000 1.1043
433.0000 0.7171
434.0000 0.4470
435.0000 0.3790
436.0000 0.5329
437.0000 0.8565
438.0000 1.2432
439.0000 1.5662
440.0000 1.7198
441.0000 1.6530
442.0000 1.3858
443.0000 1.0027
444.0000 0.6249
445.0000 0.3715
446.0000 0.3212
447.0000 0.4870
448.0000 0.8124
449.0000 1.1900
450.0000 1.4963
451.0000 1.6314
452.0000 1.5508
453.0000 1.2803
454.0000 0.9064
455.0000 0.5490
456.0000 0.3223
457.0000 0.2982
458.0000 0.4834
459.0000 0.8174
460.0000 1.1924
461.0000 1.4879
462.0000 1.6099
463.0000 1.5207
464.0000 1.2507
465.0000 0.8888
466.0000 0.5530
467.0000 0.3524
468.0000 0.3525
469.0000 0.5538
470.0000 0.8923
471.0000 1.2600
472.0000 1.5401
473.0000 1.6444
474.0000 1.5415
475.0000 1.2670
476.0000 0.9111
477.0000 0.5901
478.0000 0.4081
479.0000 0.4242
480.0000 0.6333
481.0000 0.9682
482.0000 1.3212
483.0000 1.5792
484.0000 1.6601
485.0000 1.5388
486.0000 1.2553
487.0000 0.9014
488.0000 0.5912
489.0000 0.4238
490.0000 0.4521
491.0000 0.6657
492.0000 0.9943
493.0000 1.3311
494.0000 1.5669
495.0000 1.6254
496.0000 1.4876
497.0000 1.1978
498.0000 0.8488
499.0000 0.5521
500.0000 0.4021
501.0000 0.4452
502.0000 0.6660
503.0000 0.9917
504.0000 1.3162
505.0000 1.5344
506.0000 1.5758
507.0000 1.4272
508.0000 1.1366
509.0000 0.7977
510.0000 0.5192
