1.0000 0.0000
2.0000 0.0000
3.0000 0.0000
4.0000 0.0000
5.0000 0.0000
6.0000 0.0000
7.0000 0.0000
8.0000 0.0000
9.0000 0.0000
10.0000 4.3953
11.0000 2.3109
12.0000 2.4016
13.0000 2.4922
14.0000 2.5828
15.0000 1.0424
16.0000 1.1215
17.0000 0.7671
18.0000 1.4891
19.0000 1.4696
20.0000 2.2816
21.0000 2.8338
22.0000 3.0779
23.0000 2.7359
24.0000 2.4735
25.0000 1.6376
26.0000 1.0081
27.0000 0.4126
28.0000 0.2438
29.0000 0.3655
30.0000 0.7771
31.0000 1.2273
32.0000 1.6776
33.0000 1.7557
34.0000 1.5539
35.0000 1.0186
36.0000 0.3193
37.0000 -0.3698
38.0000 -0.8342
39.0000 -0.9903
40.0000 -0.7684
41.0000 -0.3116
42.0000 0.2488
43.0000 0.6998
44.0000 0.8885
45.0000 0.7452
46.0000 0.3206
47.0000 -0.2618
48.0000 -0.7969
49.0000 -1.1185
50.0000 -1.1084
51.0000 -0.7614
52.0000 -0.1759
53.0000 0.4752
54.0000 1.0040
55.0000 1.2578
56.0000 1.1827
57.0000 0.8252
58.0000 0.3269
59.0000 -0.1265
60.0000 -0.3644
61.0000 -0.2870
62.0000 0.1049
63.0000 0.7059
64.0000 1.3452
65.0000 1.8374
66.0000 2.0442
67.0000 1.9181
68.0000 1.5168
69.0000 0.9837
70.0000 0.5027
71.0000 0.2371
72.0000 0.2783
73.0000 0.6161
74.0000 1.1428
75.0000 1.6879
76.0000 2.0737
77.0000 2.1723
78.0000 1.9469
79.0000 1.4630
80.0000 0.8676
81.0000 0.3412
82.0000 0.0402
83.0000 0.0467
84.0000 0.3428
85.0000 0.8165
86.0000 1.2992
87.0000 1.6195
88.0000 1.6592
89.0000 1.3910
90.0000 0.8872
91.0000 0.2960
92.0000 -0.2060
93.0000 -0.4708
94.0000 -0.4263
95.0000 -0.0989
96.0000 0.3952
97.0000 0.8881
98.0000 1.2145
99.0000 1.2648
100.0000 1.0201
101.0000 0.5580
102.0000 0.0272
103.0000 -0.4008
104.0000 -0.5867
105.0000 -0.4686
106.0000 -0.0813
107.0000 0.4551
108.0000 0.9740
109.0000 1.3161
110.0000 1.3805
111.0000 1.1566
112.0000 0.7271
113.0000 0.2409
114.0000 -0.1352
115.0000 -0.2707
116.0000 -0.1127
117.0000 0.2966
118.0000 0.8342
119.0000 1.3358
120.0000 1.6491
121.0000 1.6822
122.0000 1.4331
123.0000 0.9899
124.0000 0.5017
125.0000 0.1308
126.0000 0.0001
127.0000 0.1536
128.0000 0.5430
129.0000 1.0431
130.0000 1.4930
131.0000 1.7474
132.0000 1.7240
133.0000 1.4290
134.0000 0.9555
135.0000 0.4527
136.0000 0.0781
137.0000 -0.0534
138.0000 0.0940
139.0000 0.4660
140.0000 0.9357
141.0000 1.3453
142.0000 1.5568
143.0000 1.4966
144.0000 1.1787
145.0000 0.7002
146.0000 0.2095
147.0000 -0.1412
148.0000 -0.2453
149.0000 -0.0754
150.0000 0.3082
151.0000 0.7769
152.0000 1.1761
153.0000 1.3747
154.0000 1.3073
155.0000 0.9949
156.0000 0.5378
157.0000 0.0831
158.0000 -0.2229
159.0000 -0.2819
160.0000 -0.0747
161.0000 0.3323
162.0000 0.8097
163.0000 1.2060
164.0000 1.3972
165.0000 1.3257
166.0000 1.0195
167.0000 0.5816
168.0000 0.1575
169.0000 -0.1123
170.0000 -0.1376
171.0000 0.0929
172.0000 0.5079
173.0000 0.9773
174.0000 1.3537
175.0000 1.5199
176.0000 1.4270
177.0000 1.1090
178.0000 0.6720
179.0000 0.2596
180.0000 0.0065
181.0000 -0.0047
182.0000 0.2299
183.0000 0.6348
184.0000 1.0797
185.0000 1.4216
186.0000 1.5508
187.0000 1.4261
188.0000 1.0880
189.0000 0.6450
190.0000 0.2385
191.0000 -0.0025
192.0000 -0.0032
193.0000 0.2334
194.0000 0.6280
195.0000 1.0504
196.0000 1.3621
197.0000 1.4607
198.0000 1.3127
199.0000 0.9642
200.0000 0.5255
201.0000 0.1356
202.0000 -0.0828
203.0000 -0.0623
204.0000 0.1872
205.0000 0.5827
206.0000 0.9944
207.0000 1.2884
208.0000 1.3693
209.0000 1.2109
210.0000 0.8644
211.0000 0.4414
212.0000 0.0781
213.0000 -0.1091
214.0000 -0.0606
215.0000 0.2075
216.0000 0.6085
217.0000 1.0137
218.0000 1.2937
219.0000 1.3601
220.0000 1.1937
221.0000 0.8505
222.0000 0.4432
223.0000 0.1046
224.0000 -0.0550
225.0000 0.0166
226.0000 0.2972
227.0000 0.6972
228.0000 1.0891
229.0000 1.3486
230.0000 1.3941
231.0000 1.2134
232.0000 0.8670
233.0000 0.4681
234.0000 0.1464
235.0000 0.0060
236.0000 0.0920
237.0000 0.3764
238.0000 0.7674
239.0000 1.1391
240.0000 1.3721
241.0000 1.3921
242.0000 1.1935
243.0000 0.8407
244.0000 0.4475
245.0000 0.1400
246.0000 0.0161
247.0000 0.1140
248.0000 0.4006
249.0000 0.7819
250.0000 1.1338
251.0000 1.3422
252.0000 1.3397
253.0000 1.1269
254.0000 0.7720
255.0000 0.3888
256.0000 0.0996
257.0000 -0.0040
258.0000 0.1096
259.0000 0.4020
260.0000 0.7776
261.0000 1.1145
262.0000 -3.3945
263.0000 -3.0697
264.0000 -4.2558
265.0000 -5.5627
266.0000 -4.6571
267.0000 -3.2232
268.0000 -2.0907
269.0000 -0.1089
270.0000 0.2017
271.0000 0.5638
272.0000 -0.1485
273.0000 -1.6533
274.0000 -2.7933
275.0000 -3.5596
276.0000 -3.8555
277.0000 -2.8683
278.0000 -1.5096
279.0000 0.2433
280.0000 1.8199
281.0000 2.6572
282.0000 2.7258
283.0000 2.0276
284.0000 0.7350
285.0000 -0.4578
286.0000 -1.2892
287.0000 -1.3724
288.0000 -0.6076
289.0000 0.7330
290.0000 2.2874
291.0000 3.5969
292.0000 4.2078
293.0000 4.0030
294.0000 3.0210
295.0000 1.5855
296.0000 0.1737
297.0000 -0.7919
298.0000 -1.0157
299.0000 -0.4396
300.0000 0.6998
301.0000 2.0172
302.0000 3.0460
303.0000 3.4133
304.0000 2.9687
305.0000 1.8099
306.0000 0.2659
307.0000 -1.2061
308.0000 -2.1854
309.0000 -2.4020
310.0000 -1.8344
311.0000 -0.7143
312.0000 0.5564
313.0000 1.5289
314.0000 1.8547
315.0000 1.4011
316.0000 0.2871
317.0000 -1.1507
318.0000 -2.4686
319.0000 -3.2606
320.0000 -3.2858
321.0000 -2.5473
322.0000 -1.2897
323.0000 0.0813
324.0000 1.1288
325.0000 1.5259
326.0000 1.1600
327.0000 0.1678
328.0000 -1.1103
329.0000 -2.2402
330.0000 -2.8355
331.0000 -2.6811
332.0000 -1.8024
333.0000 -0.4567
334.0000 0.9506
335.0000 1.9962
336.0000 2.3749
337.0000 1.9972
338.0000 1.0161
339.0000 -0.2227
340.0000 -1.2938
341.0000 -1.8291
342.0000 -1.6366
343.0000 -0.7612
344.0000 0.5301
345.0000 1.8353
346.0000 2.7469
347.0000 2.9830
348.0000 2.4774
349.0000 1.4000
350.0000 0.1013
351.0000 -1.0013
352.0000 -1.5580
353.0000 -1.3981
354.0000 -0.5849
355.0000 0.6067
356.0000 1.7792
357.0000 2.5414
358.0000 2.6341
359.0000 2.0135
360.0000 0.8647
361.0000 -0.4591
362.0000 -1.5501
363.0000 -2.0774
364.0000 -1.8926
365.0000 -1.0768
366.0000 0.0869
367.0000 1.2056
368.0000 1.9032
369.0000 1.9423
370.0000 1.2992
371.0000 0.1714
372.0000 -1.0869
373.0000 -2.0796
374.0000 -2.4958
375.0000 -2.2097
376.0000 -1.3202
377.0000 -0.1181
378.0000 1.0083
379.0000 1.6983
380.0000 1.7348
381.0000 1.1134
382.0000 0.0426
383.0000 -1.1240
384.0000 -2.0023
385.0000 -2.3018
386.0000 -1.9182
387.0000 -0.9670
388.0000 0.2550
389.0000 1.3653
390.0000 2.0194
391.0000 2.0210
392.0000 1.3842
393.0000 0.3285
394.0000 -0.7935
395.0000 -1.6097
396.0000 -1.8489
397.0000 -1.4271
398.0000 -0.4744
399.0000 0.7080
400.0000 1.7455
401.0000 2.3102
402.0000 2.2270
403.0000 1.5285
404.0000 0.4443
405.0000 -0.6744
406.0000 -1.4676
407.0000 -1.6828
408.0000 -1.2555
409.0000 -0.3290
410.0000 0.7925
411.0000 1.7426
412.0000 2.2108
413.0000 2.0425
414.0000 1.2877
415.0000 0.1847
416.0000 -0.9177
417.0000 -1.6724
418.0000 -1.8460
419.0000 -1.3928
420.0000 -0.4689
421.0000 0.6191
422.0000 1.5134
423.0000 1.9204
424.0000 1.7049
425.0000 0.9331
426.0000 -0.1496
427.0000 -1.1982
428.0000 -1.8795
429.0000 -1.9792
430.0000 -1.4703
431.0000 -0.5208
432.0000 0.5607
433.0000 1.4255
434.0000 1.7966
435.0000 1.5577
436.0000 0.7899
437.0000 -0.2555
438.0000 -1.2381
439.0000 -1.8390
440.0000 -1.8628
441.0000 -1.3003
442.0000 -0.3306
443.0000 0.7374
444.0000 1.5643
445.0000 1.8902
446.0000 1.6173
447.0000 0.8409
448.0000 -0.1824
449.0000 -1.1175
450.0000 -1.6597
451.0000 -1.6319
452.0000 -1.0416
453.0000 -0.0775
454.0000 0.9520
455.0000 1.7182
456.0000 1.9781
457.0000 1.6523
458.0000 0.8496
459.0000 -0.1688
460.0000 -1.0739
461.0000 -1.5748
462.0000 -1.5124
463.0000 -0.9101
464.0000 0.0350
465.0000 1.0159
466.0000 1.7151
467.0000 1.9067
468.0000 1.5288
469.0000 0.7028
470.0000 -0.3066
471.0000 -1.1769
472.0000 -1.6318
473.0000 -1.5299
474.0000 -0.9095
475.0000 0.0245
476.0000 0.9672
477.0000 1.6125
478.0000 1.7511
479.0000 1.3381
480.0000 0.5062
481.0000 -0.4774
482.0000 -1.2978
483.0000 -1.6933
484.0000 -1.5400
485.0000 -0.8908
486.0000 0.0426
487.0000 0.9582
488.0000 1.5612
489.0000 1.6591
490.0000 1.2227
491.0000 0.3954
492.0000 -0.5543
493.0000 -1.3193
494.0000 -1.6532
495.0000 -1.4488
496.0000 -0.7727
497.0000 0.1574
498.0000 1.0430
499.0000 1.6015
500.0000 1.6565
501.0000 1.1945
502.0000 0.3684
503.0000 -0.5526
504.0000 -1.2700
505.0000 -1.5518
506.0000 -1.3077
507.0000 -0.6166
508.0000 0.2986
509.0000 1.1441
510.0000 1.6493
