1.0000 0.0000
2.0000 0.0000
3.0000 0.0000
4.0000 0.0000
5.0000 0.0000
6.0000 0.0000
7.0000 0.0000
8.0000 0.0000
9.0000 0.0000
10.0000 0.0000
11.0000 0.0000
12.0000 0.0000
13.0000 0.0000
14.0000 0.0000
15.0000 0.0000
16.0000 0.0000
17.0000 0.0000
18.0000 0.0000
19.0000 0.0000
20.0000 0.0000
21.0000 0.0000
22.0000 0.0000
23.0000 0.0000
24.0000 0.0000
25.0000 0.0000
26.0000 0.0000
27.0000 0.0000
28.0000 0.0000
29.0000 0.0000
30.0000 0.0000
31.0000 0.0000
32.0000 0.0000
33.0000 0.0000
34.0000 0.0000
35.0000 0.0000
36.0000 0.0000
37.0000 0.0000
38.0000 0.0000
39.0000 0.0000
40.0000 0.0000
41.0000 0.0000
42.0000 0.0000
43.0000 0.0000
44.0000 0.0000
45.0000 0.0000
46.0000 0.0000
47.0000 0.0000
48.0000 0.0000
49.0000 0.0000
50.0000 0.0000
51.0000 0.0000
52.0000 0.0000
53.0000 0.0000
54.0000 0.0000
55.0000 0.0000
56.0000 0.0000
57.0000 0.0000
58.0000 0.0000
59.0000 0.0000
60.0000 0.0000
61.0000 0.0000
62.0000 0.0000
63.0000 0.0000
64.0000 0.0000
65.0000 0.0000
66.0000 0.0000
67.0000 0.0000
68.0000 0.0000
69.0000 0.0000
70.0000 0.0000
71.0000 0.0000
72.0000 0.0000
73.0000 0.0000
74.0000 0.0000
75.0000 0.0000
76.0000 0.0000
77.0000 0.0000
78.0000 0.0000
79.0000 0.0000
80.0000 0.0000
81.0000 0.0000
82.0000 0.0000
83.0000 0.0000
84.0000 0.0000
85.0000 0.0000
86.0000 0.0000
87.0000 0.0000
88.0000 0.0000
89.0000 0.0000
90.0000 0.0000
91.0000 0.0000
92.0000 0.0000
93.0000 0.0000
94.0000 0.0000
95.0000 0.0000
96.0000 0.0000
97.0000 0.0000
98.0000 0.0000
99.0000 0.0000
100.0000 0.0000
101.0000 0.0000
102.0000 0.0000
103.0000 0.0000
104.0000 0.0000
105.0000 0.0000
106.0000 0.0000
107.0000 0.0000
108.0000 0.0000
109.0000 0.0000
110.0000 0.0000
111.0000 0.0000
112.0000 0.0000
113.0000 0.0000
114.0000 0.0000
115.0000 0.0000
116.0000 0.0000
117.0000 0.0000
118.0000 0.0000
119.0000 0.0000
120.0000 0.0000
121.0000 0.0000
122.0000 0.0000
123.0000 0.0000
124.0000 0.0000
125.0000 0.0000
126.0000 0.0000
127.0000 0.0000
128.0000 0.0000
129.0000 0.0000
130.0000 0.0000
131.0000 0.0000
132.0000 0.0000
133.0000 0.0000
134.0000 0.0000
135.0000 0.0000
136.0000 0.0000
137.0000 0.0000
138.0000 0.0000
139.0000 0.0000
140.0000 0.0000
141.0000 0.0000
142.0000 0.0000
143.0000 0.0000
144.0000 0.0000
145.0000 0.0000
146.0000 0.0000
147.0000 0.0000
148.0000 0.0000
149.0000 0.0000
150.0000 0.0000
151.0000 0.0000
152.0000 0.0000
153.0000 0.0000
154.0000 0.0000
155.0000 0.0000
156.0000 0.0000
157.0000 0.0000
158.0000 0.0000
159.0000 0.0000
160.0000 0.0000
161.0000 0.0000
162.0000 0.0000
163.0000 0.0000
164.0000 0.0000
165.0000 0.0000
166.0000 0.0000
167.0000 0.0000
168.0000 0.0000
169.0000 0.0000
170.0000 0.0000
171.0000 0.0000
172.0000 0.0000
173.0000 0.0000
174.0000 0.0000
175.0000 0.0000
176.0000 0.0000
177.0000 0.0000
178.0000 0.0000
179.0000 0.0000
180.0000 0.0000
181.0000 0.0000
182.0000 0.0000
183.0000 0.0000
184.0000 0.0000
185.0000 0.0000
186.0000 0.0000
187.0000 0.0000
188.0000 0.0000
189.0000 0.0000
190.0000 0.0000
191.0000 0.0000
192.0000 0.0000
193.0000 0.0000
194.0000 0.0000
195.0000 0.0000
196.0000 0.0000
197.0000 0.0000
198.0000 0.0000
199.0000 0.0000
200.0000 0.0000
201.0000 0.0000
202.0000 0.0000
203.0000 0.0000
204.0000 0.0000
205.0000 0.0000
206.0000 0.0000
207.0000 0.0000
208.0000 0.0000
209.0000 0.0000
210.0000 0.0000
211.0000 0.0000
212.0000 0.0000
213.0000 0.0000
214.0000 0.0000
215.0000 0.0000
216.0000 0.0000
217.0000 0.0000
218.0000 0.0000
219.0000 0.0000
220.0000 0.0000
221.0000 0.0000
222.0000 0.0000
223.0000 0.0000
224.0000 0.0000
225.0000 0.0000
226.0000 0.0000
227.0000 0.0000
228.0000 0.0000
229.0000 0.0000
230.0000 0.0000
231.0000 0.0000
232.0000 0.0000
233.0000 0.0000
234.0000 0.0000
235.0000 0.0000
236.0000 0.0000
237.0000 0.0000
238.0000 0.0000
239.0000 0.0000
240.0000 0.0000
241.0000 0.0000
242.0000 0.0000
243.0000 0.0000
244.0000 0.0000
245.0000 0.0000
246.0000 0.0000
247.0000 0.0000
248.0000 0.0000
249.0000 0.0000
250.0000 0.0000
251.0000 0.0000
252.0000 0.0000
253.0000 0.0000
254.0000 0.0000
255.0000 0.0000
256.0000 0.0000
257.0000 0.0000
258.0000 0.0000
259.0000 0.0000
260.0000 0.0000
261.0000 0.0000
262.0000 0.5373
263.0000 1.0233
264.0000 1.4648
265.0000 1.8677
266.0000 2.1093
267.0000 2.2083
268.0000 2.1810
269.0000 2.0413
270.0000 1.8317
271.0000 1.5893
272.0000 1.3464
273.0000 1.1310
274.0000 0.9605
275.0000 0.8430
276.0000 0.7786
277.0000 0.7608
278.0000 0.7788
279.0000 0.8202
280.0000 0.8725
281.0000 0.9249
282.0000 0.9694
283.0000 1.0009
284.0000 1.0176
285.0000 1.0198
286.0000 1.0099
287.0000 0.9914
288.0000 0.9682
289.0000 0.9440
290.0000 0.9217
291.0000 0.9035
292.0000 0.8904
293.0000 0.8829
294.0000 0.8803
295.0000 0.8816
296.0000 0.8857
297.0000 0.8913
298.0000 0.8971
299.0000 0.9023
300.0000 0.9063
301.0000 0.9088
302.0000 0.9097
303.0000 0.9093
304.0000 0.9079
305.0000 0.9058
306.0000 0.9036
307.0000 0.9014
308.0000 0.8996
309.0000 0.8982
310.0000 0.8974
311.0000 0.8972
312.0000 0.8974
313.0000 0.8978
314.0000 0.8985
315.0000 0.8992
316.0000 0.8999
317.0000 0.9005
318.0000 0.9009
319.0000 0.9011
320.0000 0.9012
321.0000 0.9012
322.0000 0.9011
323.0000 0.9010
324.0000 0.9008
325.0000 0.9007
326.0000 0.9006
327.0000 0.9006
328.0000 0.9006
329.0000 0.9007
330.0000 0.9008
331.0000 0.9009
332.0000 0.9011
333.0000 0.9012
334.0000 0.9013
335.0000 0.9014
336.0000 0.9015
337.0000 0.9015
338.0000 0.9016
339.0000 0.9016
340.0000 0.9017
341.0000 0.9017
342.0000 0.9017
343.0000 0.9018
344.0000 0.9018
345.0000 0.9018
346.0000 0.9019
347.0000 0.9019
348.0000 0.9020
349.0000 0.9020
350.0000 0.9021
351.0000 0.9021
352.0000 0.9021
353.0000 0.9022
354.0000 0.9022
355.0000 0.9022
356.0000 0.9023
357.0000 0.9023
358.0000 0.9023
359.0000 0.9023
360.0000 0.9024
361.0000 0.9024
362.0000 0.9024
363.0000 0.9024
364.0000 0.9025
365.0000 0.9025
366.0000 0.9025
367.0000 0.9025
368.0000 0.9026
369.0000 0.9026
370.0000 0.9026
371.0000 0.9026
372.0000 0.9026
373.0000 0.9026
374.0000 0.9027
375.0000 0.9027
376.0000 0.9027
377.0000 0.9027
378.0000 0.9027
379.0000 0.9027
380.0000 0.9027
381.0000 0.9028
382.0000 0.9028
383.0000 0.9028
384.0000 0.9028
385.0000 0.9028
386.0000 0.9028
387.0000 0.9028
388.0000 0.9028
389.0000 0.9028
390.0000 0.9029
391.0000 0.9029
392.0000 0.9029
393.0000 0.9029
394.0000 0.9029
395.0000 0.9029
396.0000 0.9029
397.0000 0.9029
398.0000 0.9029
399.0000 0.9029
400.0000 0.9029
401.0000 0.9029
402.0000 0.9029
403.0000 0.9030
404.0000 0.9030
405.0000 0.9030
406.0000 0.9030
407.0000 0.9030
408.0000 0.9030
409.0000 0.9030
410.0000 0.9030
411.0000 0.9030
412.0000 0.9030
413.0000 0.9030
414.0000 0.9030
415.0000 0.9030
416.0000 0.9030
417.0000 0.9030
418.0000 0.9030
419.0000 0.9030
420.0000 0.9030
421.0000 0.9030
422.0000 0.9030
423.0000 0.9030
424.0000 0.9030
425.0000 0.9030
426.0000 0.9030
427.0000 0.9030
428.0000 0.9030
429.0000 0.9030
430.0000 0.9031
431.0000 0.9031
432.0000 0.9031
433.0000 0.9031
434.0000 0.9031
435.0000 0.9031
436.0000 0.9031
437.0000 0.9031
438.0000 0.9031
439.0000 0.9031
440.0000 0.9031
441.0000 0.9031
442.0000 0.9031
443.0000 0.9031
444.0000 0.9031
445.0000 0.9031
446.0000 0.9031
447.0000 0.9031
448.0000 0.9031
449.0000 0.9031
450.0000 0.9031
451.0000 0.9031
452.0000 0.9031
453.0000 0.9031
454.0000 0.9031
455.0000 0.9031
456.0000 0.9031
457.0000 0.9031
458.0000 0.9031
459.0000 0.9031
460.0000 0.9031
461.0000 0.9031
462.0000 0.9031
463.0000 0.9031
464.0000 0.9031
465.0000 0.9031
466.0000 0.9031
467.0000 0.9031
468.0000 0.9031
469.0000 0.9031
470.0000 0.9031
471.0000 0.9031
472.0000 0.9031
473.0000 0.9031
474.0000 0.9031
475.0000 0.9031
476.0000 0.9031
477.0000 0.9031
478.0000 0.9031
479.0000 0.9031
480.0000 0.9031
481.0000 0.9031
482.0000 0.9031
483.0000 0.9031
484.0000 0.9031
485.0000 0.9031
486.0000 0.9031
487.0000 0.9031
488.0000 0.9031
489.0000 0.9031
490.0000 0.9031
491.0000 0.9031
492.0000 0.9031
493.0000 0.9031
494.0000 0.9031
495.0000 0.9031
496.0000 0.9031
497.0000 0.9031
498.0000 0.9031
499.0000 0.9031
500.0000 0.9031
501.0000 0.9031
502.0000 0.9031
503.0000 0.9031
504.0000 0.9031
505.0000 0.9031
506.0000 0.9031
507.0000 0.9031
508.0000 0.9031
509.0000 0.9031
510.0000 0.9031
