1.0000 0.0000
2.0000 0.0000
3.0000 0.0000
4.0000 0.0000
5.0000 0.0000
6.0000 0.0000
7.0000 0.0000
8.0000 0.0000
9.0000 0.0000
10.0000 0.0000
11.0000 0.0000
12.0000 0.0000
13.0000 0.0000
14.0000 0.0000
15.0000 0.3673
16.0000 0.7182
17.0000 1.0535
18.0000 1.3739
19.0000 1.6800
20.0000 1.8375
21.0000 1.8591
22.0000 1.7565
23.0000 1.5408
24.0000 1.2222
25.0000 0.8600
26.0000 0.5059
27.0000 0.2052
28.0000 -0.0028
29.0000 -0.0846
30.0000 -0.0296
31.0000 0.1530
32.0000 0.4379
33.0000 0.7866
34.0000 1.1498
35.0000 1.4766
36.0000 1.7218
37.0000 1.8515
38.0000 1.8472
39.0000 1.7098
40.0000 1.4583
41.0000 1.1280
42.0000 0.7647
43.0000 0.4192
44.0000 0.1396
45.0000 -0.0353
46.0000 -0.0810
47.0000 0.0088
48.0000 0.2215
49.0000 0.5275
50.0000 0.8841
51.0000 1.2416
52.0000 1.5503
53.0000 1.7670
54.0000 1.8617
55.0000 1.8212
56.0000 1.6512
57.0000 1.3753
58.0000 1.0321
59.0000 0.6693
60.0000 0.3376
61.0000 0.0831
62.0000 -0.0588
63.0000 -0.0682
64.0000 0.0561
65.0000 0.2967
66.0000 0.6201
67.0000 0.9812
68.0000 1.3297
69.0000 1.6171
70.0000 1.8032
71.0000 1.8623
72.0000 1.7861
73.0000 1.5852
74.0000 1.2877
75.0000 0.9351
76.0000 0.5765
77.0000 0.2618
78.0000 0.0349
79.0000 -0.0727
80.0000 -0.0458
81.0000 0.1115
82.0000 0.3775
83.0000 0.7150
84.0000 1.0770
85.0000 1.4131
86.0000 1.6763
87.0000 1.8302
88.0000 1.8532
89.0000 1.7421
90.0000 1.5126
91.0000 1.1966
92.0000 0.8381
93.0000 0.4871
94.0000 0.1926
95.0000 -0.0046
96.0000 -0.0769
97.0000 -0.0142
98.0000 0.1745
99.0000 0.4631
100.0000 0.8113
101.0000 1.1706
102.0000 1.4908
103.0000 1.7275
104.0000 1.8476
105.0000 1.8344
106.0000 1.6899
107.0000 1.4341
108.0000 1.1028
109.0000 0.7421
110.0000 0.4022
111.0000 0.1306
112.0000 -0.0349
113.0000 -0.0714
114.0000 0.0263
115.0000 0.2445
116.0000 0.5527
117.0000 0.9081
118.0000 1.2610
119.0000 1.5623
120.0000 1.7701
121.0000 1.8554
122.0000 1.8064
123.0000 1.6299
124.0000 1.3505
125.0000 1.0072
126.0000 0.6479
127.0000 0.3226
128.0000 0.0766
129.0000 -0.0559
130.0000 -0.0563
131.0000 0.0753
132.0000 0.3205
133.0000 0.6453
134.0000 1.0042
135.0000 1.3473
136.0000 1.6268
137.0000 1.8038
138.0000 1.8536
139.0000 1.7693
140.0000 1.5627
141.0000 1.2627
142.0000 0.9109
143.0000 0.5566
144.0000 0.2489
145.0000 0.0308
146.0000 -0.0673
147.0000 -0.0318
148.0000 0.1322
149.0000 0.4020
150.0000 0.7399
151.0000 1.0988
152.0000 1.4287
153.0000 1.6837
154.0000 1.8282
155.0000 1.8422
156.0000 1.7236
157.0000 1.4892
158.0000 1.1715
159.0000 0.8148
160.0000 0.4689
161.0000 0.1820
162.0000 -0.0061
163.0000 -0.0691
164.0000 0.0018
165.0000 0.1965
166.0000 0.4880
167.0000 0.8357
168.0000 1.1910
169.0000 1.5045
170.0000 1.7325
171.0000 1.8432
172.0000 1.8213
173.0000 1.6698
174.0000 1.4099
175.0000 1.0779
176.0000 0.7199
177.0000 0.3859
178.0000 0.1224
179.0000 -0.0339
180.0000 -0.0613
181.0000 0.0441
182.0000 0.2675
183.0000 0.5777
184.0000 0.9316
185.0000 1.2798
186.0000 1.5738
187.0000 1.7726
188.0000 1.8486
189.0000 1.7912
190.0000 1.6084
191.0000 1.3258
192.0000 0.9828
193.0000 0.6270
194.0000 0.3082
195.0000 0.0707
196.0000 -0.0524
197.0000 -0.0440
198.0000 0.0947
199.0000 0.3444
200.0000 0.6702
201.0000 1.0268
202.0000 1.3643
203.0000 1.6360
204.0000 1.8038
205.0000 1.8444
206.0000 1.7522
207.0000 1.5402
208.0000 1.2377
209.0000 0.8871
210.0000 0.5372
211.0000 0.2367
212.0000 0.0274
213.0000 -0.0614
214.0000 -0.0174
215.0000 0.1531
216.0000 0.4264
217.0000 0.7645
218.0000 1.1201
219.0000 1.4438
220.0000 1.6905
221.0000 1.8257
222.0000 1.8307
223.0000 1.7049
224.0000 1.4657
225.0000 1.1466
226.0000 0.7920
227.0000 0.4513
228.0000 0.1720
229.0000 -0.0070
230.0000 -0.0608
231.0000 0.0181
232.0000 0.2186
233.0000 0.5128
234.0000 0.8597
235.0000 1.2109
236.0000 1.5175
237.0000 1.7368
238.0000 1.8382
239.0000 1.8077
240.0000 1.6495
241.0000 1.3858
242.0000 1.0532
243.0000 0.6981
244.0000 0.3701
245.0000 0.1148
246.0000 -0.0323
247.0000 -0.0507
248.0000 0.0622
249.0000 0.2906
250.0000 0.6026
251.0000 0.9548
252.0000 1.2980
253.0000 1.5845
254.0000 1.7744
255.0000 1.8412
256.0000 1.7756
257.0000 1.5869
258.0000 1.3013
259.0000 0.9586
260.0000 0.6067
261.0000 0.2945
262.0000 0.0655
263.0000 -0.0483
264.0000 -0.0312
265.0000 0.1144
266.0000 0.3682
267.0000 0.6949
268.0000 1.0489
269.0000 1.3808
270.0000 1.6444
271.0000 1.8031
272.0000 1.8347
273.0000 1.7349
274.0000 1.5175
275.0000 1.2130
276.0000 0.8637
277.0000 0.5184
278.0000 0.2251
279.0000 0.0247
280.0000 -0.0549
281.0000 -0.0027
282.0000 0.1741
283.0000 0.4508
284.0000 0.7888
285.0000 1.1410
286.0000 1.4583
287.0000 1.6966
288.0000 1.8226
289.0000 1.8188
290.0000 1.6858
291.0000 1.4422
292.0000 1.1219
293.0000 0.7695
294.0000 0.4342
295.0000 0.1627
296.0000 -0.0073
297.0000 -0.0520
298.0000 0.0347
299.0000 0.2408
300.0000 0.5374
301.0000 0.8833
302.0000 1.2302
303.0000 1.5298
304.0000 1.7404
305.0000 1.8326
306.0000 1.7937
307.0000 1.6291
308.0000 1.3617
309.0000 1.0288
310.0000 0.6769
311.0000 0.3549
312.0000 0.1078
313.0000 -0.0301
314.0000 -0.0397
315.0000 0.0805
316.0000 0.3137
317.0000 0.6272
318.0000 0.9775
319.0000 1.3157
320.0000 1.5947
321.0000 1.7756
322.0000 1.8333
323.0000 1.7597
324.0000 1.5652
325.0000 1.2768
326.0000 0.9348
327.0000 0.5868
328.0000 0.2813
329.0000 0.0609
330.0000 -0.0437
331.0000 -0.0181
332.0000 0.1343
333.0000 0.3920
334.0000 0.7193
335.0000 1.0705
336.0000 1.3966
337.0000 1.6523
338.0000 1.8018
339.0000 1.8245
340.0000 1.7172
341.0000 1.4948
342.0000 1.1884
343.0000 0.8407
344.0000 0.5001
345.0000 0.2141
346.0000 0.0226
347.0000 -0.0479
348.0000 0.0125
349.0000 0.1953
350.0000 0.4751
351.0000 0.8127
352.0000 1.1613
353.0000 1.4721
354.0000 1.7020
355.0000 1.8189
356.0000 1.8065
357.0000 1.6666
358.0000 1.4187
359.0000 1.0974
360.0000 0.7475
361.0000 0.4177
362.0000 0.1540
363.0000 -0.0069
364.0000 -0.0427
365.0000 0.0517
366.0000 0.2631
367.0000 0.5619
368.0000 0.9066
369.0000 1.2490
370.0000 1.5416
371.0000 1.7434
372.0000 1.8266
373.0000 1.7794
374.0000 1.6084
375.0000 1.3377
376.0000 1.0048
377.0000 0.6561
378.0000 0.3404
379.0000 0.1014
380.0000 -0.0274
381.0000 -0.0282
382.0000 0.0992
383.0000 0.3368
384.0000 0.6517
385.0000 0.9998
386.0000 1.3328
387.0000 1.6042
388.0000 1.7762
389.0000 1.8249
390.0000 1.7435
391.0000 1.5434
392.0000 1.2525
393.0000 0.9113
394.0000 0.5675
395.0000 0.2688
396.0000 0.0570
397.0000 -0.0385
398.0000 -0.0045
399.0000 0.1543
400.0000 0.4158
401.0000 0.7435
402.0000 1.0917
403.0000 1.4119
404.0000 1.6595
405.0000 1.8000
406.0000 1.8139
407.0000 1.6992
408.0000 1.4721
409.0000 1.1640
410.0000 0.8181
411.0000 0.4824
412.0000 0.2038
413.0000 0.0211
414.0000 -0.0404
415.0000 0.0280
416.0000 0.2166
417.0000 0.4992
418.0000 0.8364
419.0000 1.1811
420.0000 1.4854
421.0000 1.7068
422.0000 1.8146
423.0000 1.7937
424.0000 1.6471
425.0000 1.3953
426.0000 1.0732
427.0000 0.7260
428.0000 0.4018
429.0000 0.1459
430.0000 -0.0060
431.0000 -0.0329
432.0000 0.0690
433.0000 0.2854
434.0000 0.5862
435.0000 0.9294
436.0000 1.2673
437.0000 1.5527
438.0000 1.7459
439.0000 1.8199
440.0000 1.7646
441.0000 1.5877
442.0000 1.3137
443.0000 0.9810
444.0000 0.6359
445.0000 0.3264
446.0000 0.0957
447.0000 -0.0240
448.0000 -0.0162
449.0000 0.1180
450.0000 0.3599
451.0000 0.6759
452.0000 1.0217
453.0000 1.3494
454.0000 1.6131
455.0000 1.7762
456.0000 1.8160
457.0000 1.7269
458.0000 1.5215
459.0000 1.2283
460.0000 0.8882
461.0000 0.5487
462.0000 0.2570
463.0000 0.0537
464.0000 -0.0328
465.0000 0.0094
466.0000 0.1746
467.0000 0.4395
468.0000 0.7673
469.0000 1.1124
470.0000 1.4265
471.0000 1.6660
472.0000 1.7976
473.0000 1.8028
474.0000 1.6810
475.0000 1.4493
476.0000 1.1399
477.0000 0.7959
478.0000 0.4653
479.0000 0.1941
480.0000 0.0202
481.0000 -0.0324
482.0000 0.0438
483.0000 0.2380
484.0000 0.5232
485.0000 0.8597
486.0000 1.2004
487.0000 1.4980
488.0000 1.7110
489.0000 1.8098
490.0000 1.7806
491.0000 1.6275
492.0000 1.3718
493.0000 1.0493
494.0000 0.7049
495.0000 0.3865
496.0000 0.1385
497.0000 -0.0045
498.0000 -0.0227
499.0000 0.0865
500.0000 0.3078
501.0000 0.6103
502.0000 0.9519
503.0000 1.2850
504.0000 1.5632
505.0000 1.7476
506.0000 1.8128
507.0000 1.7495
508.0000 1.5667
509.0000 1.2899
510.0000 0.9576
