1.0000 0.0000
2.0000 0.0000
3.0000 0.0000
4.0000 0.0000
5.0000 0.0000
6.0000 0.0000
7.0000 0.0000
8.0000 0.0000
9.0000 0.0000
10.0000 4.3500
11.0000 4.3500
12.0000 4.3500
13.0000 4.3500
14.0000 4.3500
15.0000 2.7524
16.0000 1.2258
17.0000 -0.2328
18.0000 -1.6264
19.0000 -2.9578
20.0000 -3.6431
21.0000 -3.7370
22.0000 -3.2908
23.0000 -2.3525
24.0000 -0.9668
25.0000 0.6091
26.0000 2.1494
27.0000 3.4572
28.0000 4.3622
29.0000 4.7178
30.0000 4.4787
31.0000 3.6844
32.0000 2.4450
33.0000 0.9283
34.0000 -0.6516
35.0000 -2.0734
36.0000 -3.1400
37.0000 -3.7039
38.0000 -3.6855
39.0000 -3.0875
40.0000 -1.9937
41.0000 -0.5568
42.0000 1.0233
43.0000 2.5264
44.0000 3.7429
45.0000 4.5035
46.0000 4.7023
47.0000 4.3118
48.0000 3.3865
49.0000 2.0555
50.0000 0.5042
51.0000 -1.0511
52.0000 -2.3937
53.0000 -3.3366
54.0000 -3.7486
55.0000 -3.5723
56.0000 -2.8326
57.0000 -1.6325
58.0000 -0.1394
59.0000 1.4386
60.0000 2.8816
61.0000 3.9887
62.0000 4.6056
63.0000 4.6466
64.0000 4.1061
65.0000 3.0594
66.0000 1.6526
67.0000 0.0818
68.0000 -1.4342
69.0000 -2.6842
70.0000 -3.4940
71.0000 -3.7510
72.0000 -3.4195
73.0000 -2.5457
74.0000 -1.2517
75.0000 0.2823
76.0000 1.8424
77.0000 3.2113
78.0000 4.1984
79.0000 4.6661
80.0000 4.5494
81.0000 3.8648
82.0000 2.7078
83.0000 1.2396
84.0000 -0.3350
85.0000 -1.7968
86.0000 -2.9420
87.0000 -3.6112
88.0000 -3.7112
89.0000 -3.2283
90.0000 -2.2299
91.0000 -0.8552
92.0000 0.7042
93.0000 2.2309
94.0000 3.5123
95.0000 4.3699
96.0000 4.6844
97.0000 4.4119
98.0000 3.5907
99.0000 2.3353
100.0000 0.8207
101.0000 -0.7421
102.0000 -2.1352
103.0000 -3.1646
104.0000 -3.6871
105.0000 -3.6299
106.0000 -3.0011
107.0000 -1.8884
108.0000 -0.4471
109.0000 1.1220
110.0000 2.6003
111.0000 3.7817
112.0000 4.5019
113.0000 4.6605
114.0000 4.2357
115.0000 3.2866
116.0000 1.9458
117.0000 0.4000
118.0000 -1.1353
119.0000 -2.4462
120.0000 -3.3501
121.0000 -3.7211
122.0000 -3.5078
123.0000 -2.7400
124.0000 -1.5248
125.0000 -0.0315
126.0000 1.5316
127.0000 2.9468
128.0000 4.0170
129.0000 4.5931
130.0000 4.5950
131.0000 4.0225
132.0000 2.9556
133.0000 1.5431
134.0000 -0.0183
135.0000 -1.5108
136.0000 -2.7267
137.0000 -3.4965
138.0000 -3.7132
139.0000 -3.3466
140.0000 -2.4479
141.0000 -1.1426
142.0000 0.3874
143.0000 1.9290
144.0000 3.2673
145.0000 4.2159
146.0000 4.6427
147.0000 4.4885
148.0000 3.7748
149.0000 2.6012
150.0000 1.1314
151.0000 -0.4299
152.0000 -1.8651
153.0000 -2.9742
154.0000 -3.6028
155.0000 -3.6634
156.0000 -3.1478
157.0000 -2.1279
158.0000 -0.7459
159.0000 0.8055
160.0000 2.3102
161.0000 3.5585
162.0000 4.3766
163.0000 4.6505
164.0000 4.3424
165.0000 3.4951
166.0000 2.2270
167.0000 0.7148
168.0000 -0.8308
169.0000 -2.1945
170.0000 -3.1862
171.0000 -3.6679
172.0000 -3.5726
173.0000 -2.9137
174.0000 -1.7832
175.0000 -0.3387
176.0000 1.2185
177.0000 2.6715
178.0000 3.8177
179.0000 4.4976
180.0000 4.6166
181.0000 4.1582
182.0000 3.1864
183.0000 1.8368
184.0000 0.2975
185.0000 -1.2171
186.0000 -2.4959
187.0000 -3.3608
188.0000 -3.6913
189.0000 -3.4417
190.0000 -2.6467
191.0000 -1.4174
192.0000 0.0750
193.0000 1.6224
194.0000 3.0093
195.0000 4.0424
196.0000 4.5780
197.0000 4.5414
198.0000 3.9380
199.0000 2.8519
200.0000 1.4346
201.0000 -0.1164
202.0000 -1.5849
203.0000 -2.7664
204.0000 -3.4963
205.0000 -3.6731
206.0000 -3.2723
207.0000 -2.3497
208.0000 -1.0342
209.0000 0.4910
210.0000 2.0132
211.0000 3.3204
212.0000 4.2306
213.0000 4.6170
214.0000 4.4259
215.0000 3.6840
216.0000 2.4949
217.0000 1.0244
218.0000 -0.5226
219.0000 -1.9307
220.0000 -3.0035
221.0000 -3.5917
222.0000 -3.6136
223.0000 -3.0661
224.0000 -2.0257
225.0000 -0.6375
226.0000 0.9050
227.0000 2.3870
228.0000 3.6018
229.0000 4.3805
230.0000 4.6144
231.0000 4.2713
232.0000 3.3991
233.0000 2.1193
234.0000 0.6104
235.0000 -0.9173
236.0000 -2.2510
237.0000 -3.2049
238.0000 -3.6462
239.0000 -3.5135
240.0000 -2.8255
241.0000 -1.6781
242.0000 -0.2314
243.0000 1.3131
244.0000 2.7401
245.0000 3.8508
246.0000 4.4907
247.0000 4.5706
248.0000 4.0795
249.0000 3.0860
250.0000 1.7287
251.0000 0.1967
252.0000 -1.2965
253.0000 -2.5428
254.0000 -3.3687
255.0000 -3.6592
256.0000 -3.3740
257.0000 -2.5529
258.0000 -1.3105
259.0000 0.1801
260.0000 1.7110
261.0000 3.0691
262.0000 4.0651
263.0000 4.5603
264.0000 4.4859
265.0000 3.8524
266.0000 2.7482
267.0000 1.3272
268.0000 -0.2125
269.0000 -1.6564
270.0000 -2.8033
271.0000 -3.4935
272.0000 -3.6309
273.0000 -3.1966
274.0000 -2.2512
275.0000 -0.9265
276.0000 0.5928
277.0000 2.0950
278.0000 3.3708
279.0000 4.2426
280.0000 4.5888
281.0000 4.3616
282.0000 3.5925
283.0000 2.3890
284.0000 0.9188
285.0000 -0.6132
286.0000 -1.9936
287.0000 -3.0300
288.0000 -3.5782
289.0000 -3.5618
290.0000 -2.9834
291.0000 -1.9236
292.0000 -0.5302
293.0000 1.0026
294.0000 2.4612
295.0000 3.6424
296.0000 4.3817
297.0000 4.5761
298.0000 4.1989
299.0000 3.3025
300.0000 2.0122
301.0000 0.5076
302.0000 -1.0014
303.0000 -2.3048
304.0000 -3.2208
305.0000 -3.6220
306.0000 -3.4527
307.0000 -2.7365
308.0000 -1.5733
309.0000 -0.1254
310.0000 1.4055
311.0000 2.8060
312.0000 3.8812
313.0000 4.4812
314.0000 4.5225
315.0000 3.9996
316.0000 2.9855
317.0000 1.6215
318.0000 0.0978
319.0000 -1.3733
320.0000 -2.5869
321.0000 -3.3739
322.0000 -3.6248
323.0000 -3.3048
324.0000 -2.4585
325.0000 -1.2041
326.0000 0.2837
327.0000 1.7974
328.0000 3.1262
329.0000 4.0849
330.0000 4.5402
331.0000 4.4287
332.0000 3.7660
333.0000 2.6446
334.0000 1.2209
335.0000 -0.3066
336.0000 -1.7253
337.0000 -2.8374
338.0000 -3.4880
339.0000 -3.5867
340.0000 -3.1198
341.0000 -2.1524
342.0000 -0.8196
343.0000 0.6929
344.0000 2.1744
345.0000 3.4185
346.0000 4.2518
347.0000 4.5584
348.0000 4.2957
349.0000 3.5004
350.0000 2.2835
351.0000 0.8146
352.0000 -0.7016
353.0000 -2.0538
354.0000 -3.0537
355.0000 -3.5621
356.0000 -3.5081
357.0000 -2.8996
358.0000 -1.8214
359.0000 -0.4238
360.0000 1.0983
361.0000 2.5329
362.0000 3.6801
363.0000 4.3802
364.0000 4.5357
365.0000 4.1251
366.0000 3.2057
367.0000 1.9057
368.0000 0.4065
369.0000 -1.0832
370.0000 -2.3558
371.0000 -3.2340
372.0000 -3.5955
373.0000 -3.3902
374.0000 -2.6467
375.0000 -1.4688
376.0000 -0.0207
377.0000 1.4958
378.0000 2.8694
379.0000 3.9087
380.0000 4.4691
381.0000 4.4725
382.0000 3.9187
383.0000 2.8849
384.0000 1.5152
385.0000 0.0007
386.0000 -1.4478
387.0000 -2.6283
388.0000 -3.3765
389.0000 -3.5882
390.0000 -3.2341
391.0000 -2.3637
392.0000 -1.0983
393.0000 0.3857
394.0000 1.8814
395.0000 3.1805
396.0000 4.1020
397.0000 4.5177
398.0000 4.3696
399.0000 3.6787
400.0000 2.5413
401.0000 1.1159
402.0000 -0.3987
403.0000 -1.7916
404.0000 -2.8687
405.0000 -3.4799
406.0000 -3.5404
407.0000 -3.0417
408.0000 -2.0535
409.0000 -0.7136
410.0000 0.7913
411.0000 2.2514
412.0000 3.4633
413.0000 4.2583
414.0000 4.5257
415.0000 4.2283
416.0000 3.4077
417.0000 2.1784
418.0000 0.7118
419.0000 -0.7878
420.0000 -2.1114
421.0000 -3.0747
422.0000 -3.5435
423.0000 -3.4527
424.0000 -2.8149
425.0000 -1.7193
426.0000 -0.3186
427.0000 1.1920
428.0000 2.6021
429.0000 3.7151
430.0000 4.3762
431.0000 4.4932
432.0000 4.0500
433.0000 3.1085
434.0000 1.8001
435.0000 0.3070
436.0000 -1.1627
437.0000 -2.4041
438.0000 -3.2445
439.0000 -3.5667
440.0000 -3.3261
441.0000 -2.5563
442.0000 -1.3647
443.0000 0.0827
444.0000 1.5840
445.0000 2.9301
446.0000 3.9335
447.0000 4.4545
448.0000 4.4206
449.0000 3.8367
450.0000 2.7842
451.0000 1.4100
452.0000 -0.0946
453.0000 -1.5197
454.0000 -2.6669
455.0000 -3.3764
456.0000 -3.5495
457.0000 -3.1621
458.0000 -2.2685
459.0000 -0.9931
460.0000 0.4862
461.0000 1.9632
462.0000 3.2322
463.0000 4.1164
464.0000 4.4928
465.0000 4.3090
466.0000 3.5907
467.0000 2.4382
468.0000 1.0121
469.0000 -0.4888
470.0000 -1.8553
471.0000 -2.8972
472.0000 -3.4694
473.0000 -3.4921
474.0000 -2.9625
475.0000 -1.9544
476.0000 -0.6084
477.0000 0.8879
478.0000 2.3260
479.0000 3.5055
480.0000 4.2622
481.0000 4.4908
482.0000 4.1594
483.0000 3.3146
484.0000 2.0739
485.0000 0.6105
486.0000 -0.8717
487.0000 -2.1663
488.0000 -3.0930
489.0000 -3.5226
490.0000 -3.3954
491.0000 -2.7294
492.0000 -1.6174
493.0000 -0.2145
494.0000 1.2838
495.0000 2.6687
496.0000 3.7474
497.0000 4.3695
498.0000 4.4486
499.0000 3.9737
500.0000 3.0112
501.0000 1.6952
502.0000 0.2092
503.0000 -1.2397
504.0000 -2.4497
505.0000 -3.2523
506.0000 -3.5357
507.0000 -3.2605
508.0000 -2.4653
509.0000 -1.2610
510.0000 0.1846
