1.0000 0.0000
2.0000 0.0000
3.0000 0.0000
4.0000 0.0000
5.0000 0.0000
6.0000 0.0000
7.0000 0.0000
8.0000 0.0000
9.0000 0.0000
10.0000 0.0000
11.0000 0.0000
12.0000 0.0000
13.0000 0.0000
14.0000 0.0000
15.0000 0.0000
16.0000 0.1164
17.0000 0.2221
18.0000 0.3182
19.0000 0.4059
20.0000 0.4862
21.0000 0.5383
22.0000 0.5654
23.0000 0.5703
24.0000 0.5556
25.0000 0.5234
26.0000 0.4796
27.0000 0.4294
28.0000 0.3774
29.0000 0.3274
30.0000 0.2829
31.0000 0.2461
32.0000 0.2181
33.0000 0.1993
34.0000 0.1892
35.0000 0.1867
36.0000 0.1904
37.0000 0.1985
38.0000 0.2094
39.0000 0.2215
40.0000 0.2334
41.0000 0.2440
42.0000 0.2525
43.0000 0.2586
44.0000 0.2620
45.0000 0.2630
46.0000 0.2618
47.0000 0.2590
48.0000 0.2549
49.0000 0.2502
50.0000 0.2452
51.0000 0.2406
52.0000 0.2365
53.0000 0.2331
54.0000 0.2307
55.0000 0.2292
56.0000 0.2285
57.0000 0.2286
58.0000 0.2293
59.0000 0.2304
60.0000 0.2318
61.0000 0.2332
62.0000 0.2346
63.0000 0.2358
64.0000 0.2368
65.0000 0.2376
66.0000 0.2380
67.0000 0.2382
68.0000 0.2382
69.0000 0.2380
70.0000 0.2377
71.0000 0.2373
72.0000 0.2369
73.0000 0.2365
74.0000 0.2362
75.0000 0.2359
76.0000 0.2358
77.0000 0.2357
78.0000 0.2357
79.0000 0.2358
80.0000 0.2360
81.0000 0.2362
82.0000 0.2364
83.0000 0.2366
84.0000 0.2368
85.0000 0.2370
86.0000 0.2372
87.0000 0.2373
88.0000 0.2374
89.0000 0.2375
90.0000 0.2375
91.0000 0.2376
92.0000 0.2376
93.0000 0.2376
94.0000 0.2376
95.0000 0.2376
96.0000 0.2376
97.0000 0.2376
98.0000 0.2377
99.0000 0.2377
100.0000 0.2378
101.0000 0.2378
102.0000 0.2379
103.0000 0.2379
104.0000 0.2380
105.0000 0.2381
106.0000 0.2381
107.0000 0.2382
108.0000 0.2382
109.0000 0.2383
110.0000 0.2383
111.0000 0.2384
112.0000 0.2384
113.0000 0.2384
114.0000 0.2385
115.0000 0.2385
116.0000 0.2385
117.0000 0.2386
118.0000 0.2386
119.0000 0.2386
120.0000 0.2386
121.0000 0.2387
122.0000 0.2387
123.0000 0.2387
124.0000 0.2388
125.0000 0.2388
126.0000 0.2388
127.0000 0.2389
128.0000 0.2389
129.0000 0.2389
130.0000 0.2389
131.0000 0.2390
132.0000 0.2390
133.0000 0.2390
134.0000 0.2390
135.0000 0.2391
136.0000 0.2391
137.0000 0.2391
138.0000 0.2391
139.0000 0.2392
140.0000 0.2392
141.0000 0.2392
142.0000 0.2392
143.0000 0.2392
144.0000 0.2393
145.0000 0.2393
146.0000 0.2393
147.0000 0.2393
148.0000 0.2393
149.0000 0.2393
150.0000 0.2394
151.0000 0.2394
152.0000 0.2394
153.0000 0.2394
154.0000 0.2394
155.0000 0.2394
156.0000 0.2395
157.0000 0.2395
158.0000 0.2395
159.0000 0.2395
160.0000 0.2395
161.0000 0.2395
162.0000 0.2395
163.0000 0.2396
164.0000 0.2396
165.0000 0.2396
166.0000 0.2396
167.0000 0.2396
168.0000 0.2396
169.0000 0.2396
170.0000 0.2396
171.0000 0.2396
172.0000 0.2397
173.0000 0.2397
174.0000 0.2397
175.0000 0.2397
176.0000 0.2397
177.0000 0.2397
178.0000 0.2397
179.0000 0.2397
180.0000 0.2397
181.0000 0.2397
182.0000 0.2397
183.0000 0.2398
184.0000 0.2398
185.0000 0.2398
186.0000 0.2398
187.0000 0.2398
188.0000 0.2398
189.0000 0.2398
190.0000 0.2398
191.0000 0.2398
192.0000 0.2398
193.0000 0.2398
194.0000 0.2398
195.0000 0.2398
196.0000 0.2398
197.0000 0.2398
198.0000 0.2399
199.0000 0.2399
200.0000 0.2399
201.0000 0.2399
202.0000 0.2399
203.0000 0.2399
204.0000 0.2399
205.0000 0.2399
206.0000 0.2399
207.0000 0.2399
208.0000 0.2399
209.0000 0.2399
210.0000 0.2399
211.0000 0.2399
212.0000 0.2399
213.0000 0.2399
214.0000 0.2399
215.0000 0.2399
216.0000 0.2399
217.0000 0.2399
218.0000 0.2399
219.0000 0.2399
220.0000 0.2400
221.0000 0.2400
222.0000 0.2400
223.0000 0.2400
224.0000 0.2400
225.0000 0.2400
226.0000 0.2400
227.0000 0.2400
228.0000 0.2400
229.0000 0.2400
230.0000 0.2400
231.0000 0.2400
232.0000 0.2400
233.0000 0.2400
234.0000 0.2400
235.0000 0.2400
236.0000 0.2400
237.0000 0.2400
238.0000 0.2400
239.0000 0.2400
240.0000 0.2400
241.0000 0.2400
242.0000 0.2400
243.0000 0.2400
244.0000 0.2400
245.0000 0.2400
246.0000 0.2400
247.0000 0.2400
248.0000 0.2400
249.0000 0.2400
250.0000 0.2400
251.0000 0.2400
252.0000 0.2400
253.0000 0.2400
254.0000 0.2400
255.0000 0.2400
256.0000 0.2400
257.0000 0.2400
258.0000 0.2400
259.0000 0.2400
260.0000 0.2400
261.0000 0.2400
262.0000 0.2400
263.0000 0.2400
264.0000 0.2400
265.0000 0.2400
266.0000 0.2400
267.0000 0.2401
268.0000 0.2401
269.0000 0.2401
270.0000 0.2401
271.0000 0.2401
272.0000 0.2401
273.0000 0.2401
274.0000 0.2401
275.0000 0.2401
276.0000 0.2401
277.0000 0.2401
278.0000 0.2401
279.0000 0.2401
280.0000 0.2401
281.0000 0.2401
282.0000 0.2401
283.0000 0.2401
284.0000 0.2401
285.0000 0.2401
286.0000 0.2401
287.0000 0.2401
288.0000 0.2401
289.0000 0.2401
290.0000 0.2401
291.0000 0.2401
292.0000 0.2401
293.0000 0.2401
294.0000 0.2401
295.0000 0.2401
296.0000 0.2401
297.0000 0.2401
298.0000 0.2401
299.0000 0.2401
300.0000 0.2401
301.0000 0.2401
302.0000 0.2401
303.0000 0.2401
304.0000 0.2401
305.0000 0.2401
306.0000 0.2401
307.0000 0.2401
308.0000 0.2401
309.0000 0.2401
310.0000 0.2401
311.0000 0.2401
312.0000 0.2401
313.0000 0.2401
314.0000 0.2401
315.0000 0.2401
316.0000 0.2401
317.0000 0.2401
318.0000 0.2401
319.0000 0.2401
320.0000 0.2401
321.0000 0.2401
322.0000 0.2401
323.0000 0.2401
324.0000 0.2401
325.0000 0.2401
326.0000 0.2401
327.0000 0.2401
328.0000 0.2401
329.0000 0.2401
330.0000 0.2401
331.0000 0.2401
332.0000 0.2401
333.0000 0.2401
334.0000 0.2401
335.0000 0.2401
336.0000 0.2401
337.0000 0.2401
338.0000 0.2401
339.0000 0.2401
340.0000 0.2401
341.0000 0.2401
342.0000 0.2401
343.0000 0.2401
344.0000 0.2401
345.0000 0.2401
346.0000 0.2401
347.0000 0.2401
348.0000 0.2401
349.0000 0.2401
350.0000 0.2401
351.0000 0.2401
352.0000 0.2401
353.0000 0.2401
354.0000 0.2401
355.0000 0.2401
356.0000 0.2401
357.0000 0.2401
358.0000 0.2401
359.0000 0.2401
360.0000 0.2401
361.0000 0.2401
362.0000 0.2401
363.0000 0.2401
364.0000 0.2401
365.0000 0.2401
366.0000 0.2401
367.0000 0.2401
368.0000 0.2401
369.0000 0.2401
370.0000 0.2401
371.0000 0.2401
372.0000 0.2401
373.0000 0.2401
374.0000 0.2401
375.0000 0.2401
376.0000 0.2401
377.0000 0.2401
378.0000 0.2401
379.0000 0.2401
380.0000 0.2401
381.0000 0.2401
382.0000 0.2401
383.0000 0.2401
384.0000 0.2401
385.0000 0.2401
386.0000 0.2401
387.0000 0.2401
388.0000 0.2401
389.0000 0.2401
390.0000 0.2401
391.0000 0.2401
392.0000 0.2401
393.0000 0.2401
394.0000 0.2401
395.0000 0.2401
396.0000 0.2401
397.0000 0.2401
398.0000 0.2401
399.0000 0.2401
400.0000 0.2401
401.0000 0.2401
402.0000 0.2401
403.0000 0.2401
404.0000 0.2401
405.0000 0.2401
406.0000 0.2401
407.0000 0.2401
408.0000 0.2401
409.0000 0.2401
410.0000 0.2401
411.0000 0.2401
412.0000 0.2401
413.0000 0.2401
414.0000 0.2401
415.0000 0.2401
416.0000 0.2401
417.0000 0.2401
418.0000 0.2401
419.0000 0.2401
420.0000 0.2401
421.0000 0.2401
422.0000 0.2401
423.0000 0.2401
424.0000 0.2401
425.0000 0.2401
426.0000 0.2401
427.0000 0.2401
428.0000 0.2401
429.0000 0.2401
430.0000 0.2401
431.0000 0.2401
432.0000 0.2401
433.0000 0.2401
434.0000 0.2401
435.0000 0.2401
436.0000 0.2401
437.0000 0.2401
438.0000 0.2401
439.0000 0.2401
440.0000 0.2401
441.0000 0.2401
442.0000 0.2401
443.0000 0.2401
444.0000 0.2401
445.0000 0.2401
446.0000 0.2401
447.0000 0.2401
448.0000 0.2401
449.0000 0.2401
450.0000 0.2401
451.0000 0.2401
452.0000 0.2401
453.0000 0.2401
454.0000 0.2401
455.0000 0.2401
456.0000 0.2401
457.0000 0.2401
458.0000 0.2401
459.0000 0.2401
460.0000 0.2401
461.0000 0.2401
462.0000 0.2401
463.0000 0.2401
464.0000 0.2401
465.0000 0.2401
466.0000 0.2401
467.0000 0.2401
468.0000 0.2401
469.0000 0.2401
470.0000 0.2401
471.0000 0.2401
472.0000 0.2401
473.0000 0.2401
474.0000 0.2401
475.0000 0.2401
476.0000 0.2401
477.0000 0.2401
478.0000 0.2401
479.0000 0.2401
480.0000 0.2401
481.0000 0.2401
482.0000 0.2401
483.0000 0.2401
484.0000 0.2401
485.0000 0.2401
486.0000 0.2401
487.0000 0.2401
488.0000 0.2401
489.0000 0.2401
490.0000 0.2401
491.0000 0.2401
492.0000 0.2401
493.0000 0.2401
494.0000 0.2401
495.0000 0.2401
496.0000 0.2401
497.0000 0.2401
498.0000 0.2401
499.0000 0.2401
500.0000 0.2401
501.0000 0.2401
502.0000 0.2401
503.0000 0.2401
504.0000 0.2401
505.0000 0.2401
506.0000 0.2401
507.0000 0.2401
508.0000 0.2401
509.0000 0.2401
510.0000 0.2401
