1.0000 0.0000
2.0000 0.0000
3.0000 0.0000
4.0000 0.0000
5.0000 0.0000
6.0000 0.0000
7.0000 0.0000
8.0000 0.0000
9.0000 0.0000
10.0000 0.0000
11.0000 0.0000
12.0000 0.0000
13.0000 0.0000
14.0000 0.0000
15.0000 0.1855
16.0000 0.2749
17.0000 0.3640
18.0000 0.3909
19.0000 0.4295
20.0000 0.4266
21.0000 0.4190
22.0000 0.4129
23.0000 0.4215
24.0000 0.4322
25.0000 0.4572
26.0000 0.4873
27.0000 0.5225
28.0000 0.5574
29.0000 0.5919
30.0000 0.6239
31.0000 0.6539
32.0000 0.6815
33.0000 0.7082
34.0000 0.7339
35.0000 0.7594
36.0000 0.7847
37.0000 0.8098
38.0000 0.8344
39.0000 0.8583
40.0000 0.8812
41.0000 0.9030
42.0000 0.9233
43.0000 0.9423
44.0000 0.9600
45.0000 0.9763
46.0000 0.9913
47.0000 1.0050
48.0000 1.0176
49.0000 1.0290
50.0000 1.0393
51.0000 1.0484
52.0000 1.0564
53.0000 1.0634
54.0000 1.0693
55.0000 1.0741
56.0000 1.0781
57.0000 1.0811
58.0000 1.0833
59.0000 1.0847
60.0000 1.0854
61.0000 1.0854
62.0000 1.0848
63.0000 1.0836
64.0000 1.0819
65.0000 1.0798
66.0000 1.0773
67.0000 1.0744
68.0000 1.0712
69.0000 1.0677
70.0000 1.0641
71.0000 1.0603
72.0000 1.0563
73.0000 1.0522
74.0000 1.0481
75.0000 1.0440
76.0000 1.0399
77.0000 1.0358
78.0000 1.0317
79.0000 1.0278
80.0000 1.0239
81.0000 1.0202
82.0000 1.0166
83.0000 1.0132
84.0000 1.0099
85.0000 1.0068
86.0000 1.0039
87.0000 1.0012
88.0000 0.9987
89.0000 0.9963
90.0000 0.9942
91.0000 0.9922
92.0000 0.9904
93.0000 0.9889
94.0000 0.9875
95.0000 0.9862
96.0000 0.9852
97.0000 0.9843
98.0000 0.9836
99.0000 0.9831
100.0000 0.9827
101.0000 0.9824
102.0000 0.9823
103.0000 0.9823
104.0000 0.9824
105.0000 0.9825
106.0000 0.9828
107.0000 0.9832
108.0000 0.9837
109.0000 0.9842
110.0000 0.9847
111.0000 0.9854
112.0000 0.9860
113.0000 0.9867
114.0000 0.9875
115.0000 0.9882
116.0000 0.9890
117.0000 0.9898
118.0000 0.9905
119.0000 0.9913
120.0000 0.9921
121.0000 0.9928
122.0000 0.9936
123.0000 0.9943
124.0000 0.9950
125.0000 0.9957
126.0000 0.9963
127.0000 0.9970
128.0000 0.9976
129.0000 0.9981
130.0000 0.9986
131.0000 0.9991
132.0000 0.9996
133.0000 1.0000
134.0000 1.0004
135.0000 1.0007
136.0000 1.0011
137.0000 1.0013
138.0000 1.0016
139.0000 1.0018
140.0000 1.0020
141.0000 1.0022
142.0000 1.0023
143.0000 1.0024
144.0000 1.0025
145.0000 1.0025
146.0000 1.0026
147.0000 1.0026
148.0000 1.0026
149.0000 1.0026
150.0000 1.0025
151.0000 1.0025
152.0000 1.0024
153.0000 1.0023
154.0000 1.0022
155.0000 1.0021
156.0000 1.0020
157.0000 1.0019
158.0000 1.0018
159.0000 1.0017
160.0000 1.0016
161.0000 1.0014
162.0000 1.0013
163.0000 1.0012
164.0000 1.0011
165.0000 1.0010
166.0000 1.0008
167.0000 1.0007
168.0000 1.0006
169.0000 1.0005
170.0000 1.0004
171.0000 1.0003
172.0000 1.0002
173.0000 1.0001
174.0000 1.0001
175.0000 1.0000
176.0000 0.9999
177.0000 0.9999
178.0000 0.9998
179.0000 0.9997
180.0000 0.9997
181.0000 0.9997
182.0000 0.9996
183.0000 0.9996
184.0000 0.9996
185.0000 0.9995
186.0000 0.9995
187.0000 0.9995
188.0000 0.9995
189.0000 0.9995
190.0000 0.9995
191.0000 0.9995
192.0000 0.9995
193.0000 0.9995
194.0000 0.9995
195.0000 0.9995
196.0000 0.9995
197.0000 0.9996
198.0000 0.9996
199.0000 0.9996
200.0000 0.9996
201.0000 0.9996
202.0000 0.9997
203.0000 0.9997
204.0000 0.9997
205.0000 0.9997
206.0000 0.9998
207.0000 0.9998
208.0000 0.9998
209.0000 0.9998
210.0000 0.9998
211.0000 0.9999
212.0000 0.9999
213.0000 0.9999
214.0000 0.9999
215.0000 0.9999
216.0000 0.9999
217.0000 1.0000
218.0000 1.0000
219.0000 1.0000
220.0000 1.0000
221.0000 1.0000
222.0000 1.0000
223.0000 1.0000
224.0000 1.0000
225.0000 1.0000
226.0000 1.0001
227.0000 1.0001
228.0000 1.0001
229.0000 1.0001
230.0000 1.0001
231.0000 1.0001
232.0000 1.0001
233.0000 1.0001
234.0000 1.0001
235.0000 1.0001
236.0000 1.0001
237.0000 1.0001
238.0000 1.0001
239.0000 1.0001
240.0000 1.0001
241.0000 1.0001
242.0000 1.0001
243.0000 1.0001
244.0000 1.0001
245.0000 1.0001
246.0000 1.0000
247.0000 1.0000
248.0000 1.0000
249.0000 1.0000
250.0000 1.0000
251.0000 1.0000
252.0000 1.0000
253.0000 1.0000
254.0000 1.0000
255.0000 1.0000
256.0000 1.0000
257.0000 1.0000
258.0000 1.0000
259.0000 1.0000
260.0000 1.0000
261.0000 1.0000
262.0000 1.5345
263.0000 1.7488
264.0000 1.9492
265.0000 2.1375
266.0000 2.1889
267.0000 2.1469
268.0000 2.0875
269.0000 1.9846
270.0000 1.9042
271.0000 1.8267
272.0000 1.7712
273.0000 1.7357
274.0000 1.7074
275.0000 1.6806
276.0000 1.6542
277.0000 1.6194
278.0000 1.5788
279.0000 1.5323
280.0000 1.4821
281.0000 1.4308
282.0000 1.3803
283.0000 1.3318
284.0000 1.2862
285.0000 1.2434
286.0000 1.2033
287.0000 1.1655
288.0000 1.1295
289.0000 1.0952
290.0000 1.0626
291.0000 1.0316
292.0000 1.0025
293.0000 0.9754
294.0000 0.9505
295.0000 0.9278
296.0000 0.9074
297.0000 0.8893
298.0000 0.8733
299.0000 0.8595
300.0000 0.8476
301.0000 0.8376
302.0000 0.8295
303.0000 0.8230
304.0000 0.8182
305.0000 0.8149
306.0000 0.8130
307.0000 0.8125
308.0000 0.8133
309.0000 0.8152
310.0000 0.8182
311.0000 0.8222
312.0000 0.8270
313.0000 0.8325
314.0000 0.8387
315.0000 0.8455
316.0000 0.8528
317.0000 0.8604
318.0000 0.8684
319.0000 0.8766
320.0000 0.8850
321.0000 0.8934
322.0000 0.9020
323.0000 0.9104
324.0000 0.9189
325.0000 0.9271
326.0000 0.9353
327.0000 0.9432
328.0000 0.9508
329.0000 0.9582
330.0000 0.9653
331.0000 0.9721
332.0000 0.9785
333.0000 0.9845
334.0000 0.9902
335.0000 0.9955
336.0000 1.0005
337.0000 1.0050
338.0000 1.0091
339.0000 1.0129
340.0000 1.0163
341.0000 1.0193
342.0000 1.0219
343.0000 1.0242
344.0000 1.0262
345.0000 1.0278
346.0000 1.0292
347.0000 1.0302
348.0000 1.0310
349.0000 1.0314
350.0000 1.0317
351.0000 1.0317
352.0000 1.0315
353.0000 1.0311
354.0000 1.0306
355.0000 1.0299
356.0000 1.0290
357.0000 1.0280
358.0000 1.0270
359.0000 1.0258
360.0000 1.0245
361.0000 1.0232
362.0000 1.0218
363.0000 1.0204
364.0000 1.0190
365.0000 1.0176
366.0000 1.0161
367.0000 1.0147
368.0000 1.0133
369.0000 1.0119
370.0000 1.0105
371.0000 1.0092
372.0000 1.0079
373.0000 1.0067
374.0000 1.0055
375.0000 1.0044
376.0000 1.0033
377.0000 1.0023
378.0000 1.0014
379.0000 1.0005
380.0000 0.9997
381.0000 0.9990
382.0000 0.9983
383.0000 0.9977
384.0000 0.9971
385.0000 0.9966
386.0000 0.9962
387.0000 0.9958
388.0000 0.9955
389.0000 0.9953
390.0000 0.9951
391.0000 0.9949
392.0000 0.9948
393.0000 0.9947
394.0000 0.9947
395.0000 0.9947
396.0000 0.9948
397.0000 0.9948
398.0000 0.9949
399.0000 0.9951
400.0000 0.9952
401.0000 0.9954
402.0000 0.9956
403.0000 0.9958
404.0000 0.9960
405.0000 0.9962
406.0000 0.9965
407.0000 0.9967
408.0000 0.9969
409.0000 0.9972
410.0000 0.9974
411.0000 0.9977
412.0000 0.9979
413.0000 0.9981
414.0000 0.9984
415.0000 0.9986
416.0000 0.9988
417.0000 0.9990
418.0000 0.9992
419.0000 0.9994
420.0000 0.9996
421.0000 0.9997
422.0000 0.9999
423.0000 1.0000
424.0000 1.0001
425.0000 1.0003
426.0000 1.0004
427.0000 1.0005
428.0000 1.0006
429.0000 1.0006
430.0000 1.0007
431.0000 1.0008
432.0000 1.0008
433.0000 1.0008
434.0000 1.0009
435.0000 1.0009
436.0000 1.0009
437.0000 1.0009
438.0000 1.0009
439.0000 1.0009
440.0000 1.0009
441.0000 1.0009
442.0000 1.0009
443.0000 1.0008
444.0000 1.0008
445.0000 1.0008
446.0000 1.0008
447.0000 1.0007
448.0000 1.0007
449.0000 1.0006
450.0000 1.0006
451.0000 1.0006
452.0000 1.0005
453.0000 1.0005
454.0000 1.0004
455.0000 1.0004
456.0000 1.0003
457.0000 1.0003
458.0000 1.0003
459.0000 1.0002
460.0000 1.0002
461.0000 1.0002
462.0000 1.0001
463.0000 1.0001
464.0000 1.0001
465.0000 1.0000
466.0000 1.0000
467.0000 1.0000
468.0000 1.0000
469.0000 1.0000
470.0000 0.9999
471.0000 0.9999
472.0000 0.9999
473.0000 0.9999
474.0000 0.9999
475.0000 0.9999
476.0000 0.9999
477.0000 0.9999
478.0000 0.9999
479.0000 0.9998
480.0000 0.9998
481.0000 0.9998
482.0000 0.9998
483.0000 0.9998
484.0000 0.9999
485.0000 0.9999
486.0000 0.9999
487.0000 0.9999
488.0000 0.9999
489.0000 0.9999
490.0000 0.9999
491.0000 0.9999
492.0000 0.9999
493.0000 0.9999
494.0000 0.9999
495.0000 0.9999
496.0000 0.9999
497.0000 0.9999
498.0000 0.9999
499.0000 0.9999
500.0000 0.9999
501.0000 1.0000
502.0000 1.0000
503.0000 1.0000
504.0000 1.0000
505.0000 1.0000
506.0000 1.0000
507.0000 1.0000
508.0000 1.0000
509.0000 1.0000
510.0000 1.0000
