1.0000 0.0000
2.0000 0.0000
3.0000 0.0000
4.0000 0.0000
5.0000 0.0000
6.0000 0.0000
7.0000 0.0000
8.0000 0.0000
9.0000 0.0000
10.0000 0.0000
11.0000 0.0000
12.0000 0.0000
13.0000 0.0000
14.0000 0.0000
15.0000 0.0000
16.0000 0.0000
17.0000 0.0000
18.0000 0.0000
19.0000 0.0000
20.0000 0.0000
21.0000 0.0000
22.0000 0.0000
23.0000 0.0000
24.0000 0.0000
25.0000 0.0000
26.0000 0.0000
27.0000 0.0000
28.0000 0.0000
29.0000 0.0000
30.0000 0.0000
31.0000 0.0000
32.0000 0.0000
33.0000 0.0000
34.0000 0.0000
35.0000 0.0000
36.0000 0.0000
37.0000 0.0000
38.0000 0.0000
39.0000 0.0000
40.0000 0.0000
41.0000 0.0000
42.0000 0.0000
43.0000 0.0000
44.0000 0.0000
45.0000 0.0000
46.0000 0.0000
47.0000 0.0000
48.0000 0.0000
49.0000 0.0000
50.0000 0.0000
51.0000 0.0000
52.0000 0.0000
53.0000 0.0000
54.0000 0.0000
55.0000 0.0000
56.0000 0.0000
57.0000 0.0000
58.0000 0.0000
59.0000 0.0000
60.0000 0.0000
61.0000 0.0000
62.0000 0.0000
63.0000 0.0000
64.0000 0.0000
65.0000 0.0000
66.0000 0.0000
67.0000 0.0000
68.0000 0.0000
69.0000 0.0000
70.0000 0.0000
71.0000 0.0000
72.0000 0.0000
73.0000 0.0000
74.0000 0.0000
75.0000 0.0000
76.0000 0.0000
77.0000 0.0000
78.0000 0.0000
79.0000 0.0000
80.0000 0.0000
81.0000 0.0000
82.0000 0.0000
83.0000 0.0000
84.0000 0.0000
85.0000 0.0000
86.0000 0.0000
87.0000 0.0000
88.0000 0.0000
89.0000 0.0000
90.0000 0.0000
91.0000 0.0000
92.0000 0.0000
93.0000 0.0000
94.0000 0.0000
95.0000 0.0000
96.0000 0.0000
97.0000 0.0000
98.0000 0.0000
99.0000 0.0000
100.0000 0.0000
101.0000 0.0000
102.0000 0.0000
103.0000 0.0000
104.0000 0.0000
105.0000 0.0000
106.0000 0.0000
107.0000 0.0000
108.0000 0.0000
109.0000 0.0000
110.0000 0.0000
111.0000 0.0000
112.0000 0.0000
113.0000 0.0000
114.0000 0.0000
115.0000 0.0000
116.0000 0.0000
117.0000 0.0000
118.0000 0.0000
119.0000 0.0000
120.0000 0.0000
121.0000 0.0000
122.0000 0.0000
123.0000 0.0000
124.0000 0.0000
125.0000 0.0000
126.0000 0.0000
127.0000 0.0000
128.0000 0.0000
129.0000 0.0000
130.0000 0.0000
131.0000 0.0000
132.0000 0.0000
133.0000 0.0000
134.0000 0.0000
135.0000 0.0000
136.0000 0.0000
137.0000 0.0000
138.0000 0.0000
139.0000 0.0000
140.0000 0.0000
141.0000 0.0000
142.0000 0.0000
143.0000 0.0000
144.0000 0.0000
145.0000 0.0000
146.0000 0.0000
147.0000 0.0000
148.0000 0.0000
149.0000 0.0000
150.0000 0.0000
151.0000 0.0000
152.0000 0.0000
153.0000 0.0000
154.0000 0.0000
155.0000 0.0000
156.0000 0.0000
157.0000 0.0000
158.0000 0.0000
159.0000 0.0000
160.0000 0.0000
161.0000 0.0000
162.0000 0.0000
163.0000 0.0000
164.0000 0.0000
165.0000 0.0000
166.0000 0.0000
167.0000 0.0000
168.0000 0.0000
169.0000 0.0000
170.0000 0.0000
171.0000 0.0000
172.0000 0.0000
173.0000 0.0000
174.0000 0.0000
175.0000 0.0000
176.0000 0.0000
177.0000 0.0000
178.0000 0.0000
179.0000 0.0000
180.0000 0.0000
181.0000 0.0000
182.0000 0.0000
183.0000 0.0000
184.0000 0.0000
185.0000 0.0000
186.0000 0.0000
187.0000 0.0000
188.0000 0.0000
189.0000 0.0000
190.0000 0.0000
191.0000 0.0000
192.0000 0.0000
193.0000 0.0000
194.0000 0.0000
195.0000 0.0000
196.0000 0.0000
197.0000 0.0000
198.0000 0.0000
199.0000 0.0000
200.0000 0.0000
201.0000 0.0000
202.0000 0.0000
203.0000 0.0000
204.0000 0.0000
205.0000 0.0000
206.0000 0.0000
207.0000 0.0000
208.0000 0.0000
209.0000 0.0000
210.0000 0.0000
211.0000 0.0000
212.0000 0.0000
213.0000 0.0000
214.0000 0.0000
215.0000 0.0000
216.0000 0.0000
217.0000 0.0000
218.0000 0.0000
219.0000 0.0000
220.0000 0.0000
221.0000 0.0000
222.0000 0.0000
223.0000 0.0000
224.0000 0.0000
225.0000 0.0000
226.0000 0.0000
227.0000 0.0000
228.0000 0.0000
229.0000 0.0000
230.0000 0.0000
231.0000 0.0000
232.0000 0.0000
233.0000 0.0000
234.0000 0.0000
235.0000 0.0000
236.0000 0.0000
237.0000 0.0000
238.0000 0.0000
239.0000 0.0000
240.0000 0.0000
241.0000 0.0000
242.0000 0.0000
243.0000 0.0000
244.0000 0.0000
245.0000 0.0000
246.0000 0.0000
247.0000 0.0000
248.0000 0.0000
249.0000 0.0000
250.0000 0.0000
251.0000 0.0000
252.0000 0.0000
253.0000 0.0000
254.0000 0.0000
255.0000 0.0000
256.0000 0.0000
257.0000 0.0000
258.0000 0.0000
259.0000 0.0000
260.0000 7.2000
261.0000 7.2000
262.0000 7.2000
263.0000 7.2000
264.0000 3.8382
265.0000 0.6580
266.0000 -2.3507
267.0000 -5.1971
268.0000 -6.3204
269.0000 -5.8986
270.0000 -4.0951
271.0000 -1.0602
272.0000 2.3350
273.0000 5.3499
274.0000 7.3600
275.0000 7.8447
276.0000 6.7182
277.0000 4.2449
278.0000 0.9668
279.0000 -2.3605
280.0000 -4.9823
281.0000 -6.3079
282.0000 -6.0316
283.0000 -4.2169
284.0000 -1.2763
285.0000 2.1243
286.0000 5.2123
287.0000 7.2863
288.0000 7.8755
289.0000 6.8454
290.0000 4.4293
291.0000 1.1755
292.0000 -2.1777
293.0000 -4.8690
294.0000 -6.2869
295.0000 -6.1093
296.0000 -4.3759
297.0000 -1.4797
298.0000 1.9220
299.0000 5.0571
300.0000 7.2136
301.0000 7.9017
302.0000 6.9645
303.0000 4.6144
304.0000 1.3844
305.0000 -1.9923
306.0000 -4.7492
307.0000 -6.2601
308.0000 -6.1815
309.0000 -4.5307
310.0000 -1.6821
311.0000 1.7180
312.0000 4.8978
313.0000 7.1352
314.0000 7.9219
315.0000 7.0789
316.0000 4.7970
317.0000 1.5937
318.0000 -1.8038
319.0000 -4.6242
320.0000 -6.2271
321.0000 -6.2480
322.0000 -4.6817
323.0000 -1.8833
324.0000 1.5123
325.0000 4.7342
326.0000 7.0509
327.0000 7.9361
328.0000 7.1884
329.0000 4.9769
330.0000 1.8033
331.0000 -1.6122
332.0000 -4.4941
333.0000 -6.1880
334.0000 -6.3088
335.0000 -4.8287
336.0000 -2.0831
337.0000 1.3050
338.0000 4.5665
339.0000 6.9609
340.0000 7.9443
341.0000 7.2928
342.0000 5.1540
343.0000 2.0128
344.0000 -1.4178
345.0000 -4.3589
346.0000 -6.1428
347.0000 -6.3639
348.0000 -4.9715
349.0000 -2.2813
350.0000 1.0964
351.0000 4.3949
352.0000 6.8652
353.0000 7.9463
354.0000 7.3921
355.0000 5.3280
356.0000 2.2222
357.0000 -1.2207
358.0000 -4.2188
359.0000 -6.0915
360.0000 -6.4131
361.0000 -5.1101
362.0000 -2.4778
363.0000 0.8866
364.0000 4.2194
365.0000 6.7639
366.0000 7.9422
367.0000 7.4862
368.0000 5.4989
369.0000 2.4311
370.0000 -1.0210
371.0000 -4.0739
372.0000 -6.0342
373.0000 -6.4565
374.0000 -5.2443
375.0000 -2.6724
376.0000 0.6757
377.0000 4.0401
378.0000 6.6570
379.0000 7.9319
380.0000 7.5749
381.0000 5.6665
382.0000 2.6396
383.0000 -0.8191
384.0000 -3.9242
385.0000 -5.9709
386.0000 -6.4938
387.0000 -5.3740
388.0000 -2.8649
389.0000 0.4640
390.0000 3.8573
391.0000 6.5446
392.0000 7.9154
393.0000 7.6581
394.0000 5.8306
395.0000 2.8473
396.0000 -0.6149
397.0000 -3.7699
398.0000 -5.9015
399.0000 -6.5252
400.0000 -5.4989
401.0000 -3.0552
402.0000 0.2516
403.0000 3.6711
404.0000 6.4267
405.0000 7.8928
406.0000 7.7358
407.0000 5.9911
408.0000 3.0541
409.0000 -0.4086
410.0000 -3.6111
411.0000 -5.8262
412.0000 -6.5505
413.0000 -5.6191
414.0000 -3.2431
415.0000 0.0388
416.0000 3.4815
417.0000 6.3035
418.0000 7.8639
419.0000 7.8079
420.0000 6.1478
421.0000 3.2598
422.0000 -0.2005
423.0000 -3.4479
424.0000 -5.7449
425.0000 -6.5696
426.0000 -5.7344
427.0000 -3.4283
428.0000 -0.1744
429.0000 3.2888
430.0000 6.1750
431.0000 7.8288
432.0000 7.8742
433.0000 6.3005
434.0000 3.4643
435.0000 0.0093
436.0000 -3.2804
437.0000 -5.6577
438.0000 -6.5827
439.0000 -5.8447
440.0000 -3.6108
441.0000 -0.3877
442.0000 3.0930
443.0000 6.0413
444.0000 7.7875
445.0000 7.9348
446.0000 6.4491
447.0000 3.6673
448.0000 0.2206
449.0000 -3.1088
450.0000 -5.5647
451.0000 -6.5895
452.0000 -5.9498
453.0000 -3.7903
454.0000 -0.6010
455.0000 2.8945
456.0000 5.9025
457.0000 7.7401
458.0000 7.9894
459.0000 6.5935
460.0000 3.8687
461.0000 0.4333
462.0000 -2.9331
463.0000 -5.4660
464.0000 -6.5900
465.0000 -6.0496
466.0000 -3.9668
467.0000 -0.8140
468.0000 2.6932
469.0000 5.7587
470.0000 7.6864
471.0000 8.0381
472.0000 6.7336
473.0000 4.0683
474.0000 0.6471
475.0000 -2.7535
476.0000 -5.3615
477.0000 -6.5843
478.0000 -6.1441
479.0000 -4.1400
480.0000 -1.0267
481.0000 2.4894
482.0000 5.6100
483.0000 7.6266
484.0000 8.0808
485.0000 6.8691
486.0000 4.2659
487.0000 0.8620
488.0000 -2.5702
489.0000 -5.2513
490.0000 -6.5724
491.0000 -6.2330
492.0000 -4.3098
493.0000 -1.2387
494.0000 2.2832
495.0000 5.4566
496.0000 7.5606
497.0000 8.1174
498.0000 6.9999
499.0000 4.4614
500.0000 1.0777
501.0000 -2.3832
502.0000 -5.1355
503.0000 -6.5541
504.0000 -6.3164
505.0000 -4.4759
506.0000 -1.4500
507.0000 2.0749
508.0000 5.2984
509.0000 7.4886
510.0000 8.1479
