1.0000 0.0000
2.0000 0.0000
3.0000 0.0000
4.0000 0.0000
5.0000 0.0000
6.0000 0.0000
7.0000 0.0000
8.0000 0.0000
9.0000 0.0000
10.0000 0.0000
11.0000 0.0000
12.0000 0.0000
13.0000 0.0000
14.0000 0.0000
15.0000 0.0000
16.0000 0.2300
17.0000 0.4330
18.0000 0.6122
19.0000 0.7703
20.0000 0.9099
21.0000 0.9486
22.0000 0.9021
23.0000 0.7839
24.0000 0.6060
25.0000 0.3786
26.0000 0.1417
27.0000 -0.0724
28.0000 -0.2377
29.0000 -0.3340
30.0000 -0.3457
31.0000 -0.2728
32.0000 -0.1269
33.0000 0.0709
34.0000 0.2933
35.0000 0.5084
36.0000 0.6856
37.0000 0.8000
38.0000 0.8354
39.0000 0.7865
40.0000 0.6598
41.0000 0.4729
42.0000 0.2515
43.0000 0.0263
44.0000 -0.1714
45.0000 -0.3143
46.0000 -0.3826
47.0000 -0.3670
48.0000 -0.2696
49.0000 -0.1042
50.0000 0.1060
51.0000 0.3318
52.0000 0.5415
53.0000 0.7060
54.0000 0.8023
55.0000 0.8168
56.0000 0.7477
57.0000 0.6045
58.0000 0.4071
59.0000 0.1831
60.0000 -0.0364
61.0000 -0.2208
62.0000 -0.3445
63.0000 -0.3902
64.0000 -0.3516
65.0000 -0.2341
66.0000 -0.0541
67.0000 0.1633
68.0000 0.3877
69.0000 0.5879
70.0000 0.7361
71.0000 0.8115
72.0000 0.8037
73.0000 0.7138
74.0000 0.5543
75.0000 0.3474
76.0000 0.1221
77.0000 -0.0904
78.0000 -0.2604
79.0000 -0.3642
80.0000 -0.3874
81.0000 -0.3269
82.0000 -0.1909
83.0000 0.0014
84.0000 0.2233
85.0000 0.4439
86.0000 0.6324
87.0000 0.7626
88.0000 0.8163
89.0000 0.7861
90.0000 0.6762
91.0000 0.5020
92.0000 0.2876
93.0000 0.0631
94.0000 -0.1403
95.0000 -0.2944
96.0000 -0.3775
97.0000 -0.3782
98.0000 -0.2964
99.0000 -0.1435
100.0000 0.0592
101.0000 0.2834
102.0000 0.4979
103.0000 0.6727
104.0000 0.7837
105.0000 0.8152
106.0000 0.7630
107.0000 0.6343
108.0000 0.4471
109.0000 0.2274
110.0000 0.0060
111.0000 -0.1865
112.0000 -0.3230
113.0000 -0.3848
114.0000 -0.3631
115.0000 -0.2610
116.0000 -0.0927
117.0000 0.1183
118.0000 0.3425
119.0000 0.5488
120.0000 0.7084
121.0000 0.7991
122.0000 0.8082
123.0000 0.7346
124.0000 0.5884
125.0000 0.3902
126.0000 0.1674
127.0000 -0.0488
128.0000 -0.2284
129.0000 -0.3462
130.0000 -0.3860
131.0000 -0.3422
132.0000 -0.2209
133.0000 -0.0390
134.0000 0.1781
135.0000 0.4001
136.0000 0.5962
137.0000 0.7389
138.0000 0.8085
139.0000 0.7953
140.0000 0.7010
141.0000 0.5390
142.0000 0.3317
143.0000 0.1081
144.0000 -0.1008
145.0000 -0.2657
146.0000 -0.3637
147.0000 -0.3813
148.0000 -0.3158
149.0000 -0.1766
150.0000 0.0170
151.0000 0.2380
152.0000 0.4556
153.0000 0.6395
154.0000 0.7641
155.0000 0.8120
156.0000 0.7766
157.0000 0.6628
158.0000 0.4865
159.0000 0.2723
160.0000 0.0500
161.0000 -0.1494
162.0000 -0.2981
163.0000 -0.3754
164.0000 -0.3706
165.0000 -0.2843
166.0000 -0.1286
167.0000 0.0747
168.0000 0.2975
169.0000 0.5085
170.0000 0.6785
171.0000 0.7837
172.0000 0.8095
173.0000 0.7524
174.0000 0.6202
175.0000 0.4315
176.0000 0.2126
177.0000 -0.0061
178.0000 -0.1941
179.0000 -0.3252
180.0000 -0.3811
181.0000 -0.3541
182.0000 -0.2479
183.0000 -0.0774
184.0000 0.1336
185.0000 0.3558
186.0000 0.5582
187.0000 0.7126
188.0000 0.7975
189.0000 0.8011
190.0000 0.7229
191.0000 0.5738
192.0000 0.3746
193.0000 0.1531
194.0000 -0.0599
195.0000 -0.2346
196.0000 -0.3468
197.0000 -0.3809
198.0000 -0.3320
199.0000 -0.2071
200.0000 -0.0235
201.0000 0.1931
202.0000 0.4125
203.0000 0.6043
204.0000 0.7416
205.0000 0.8054
206.0000 0.7868
207.0000 0.6884
208.0000 0.5239
209.0000 0.3163
210.0000 0.0945
211.0000 -0.1106
212.0000 -0.2705
213.0000 -0.3628
214.0000 -0.3747
215.0000 -0.3046
216.0000 -0.1622
217.0000 0.0325
218.0000 0.2525
219.0000 0.4670
220.0000 0.6463
221.0000 0.7653
222.0000 0.8074
223.0000 0.7669
224.0000 0.6493
225.0000 0.4712
226.0000 0.2572
227.0000 0.0373
228.0000 -0.1580
229.0000 -0.3013
230.0000 -0.3729
231.0000 -0.3626
232.0000 -0.2720
233.0000 -0.1138
234.0000 0.0902
235.0000 0.3113
236.0000 0.5188
237.0000 0.6838
238.0000 0.7833
239.0000 0.8035
240.0000 0.7415
241.0000 0.6061
242.0000 0.4161
243.0000 0.1979
244.0000 -0.0179
245.0000 -0.2014
246.0000 -0.3269
247.0000 -0.3771
248.0000 -0.3449
249.0000 -0.2348
250.0000 -0.0622
251.0000 0.1488
252.0000 0.3688
253.0000 0.5673
254.0000 0.7164
255.0000 0.7956
256.0000 0.7937
257.0000 0.7110
258.0000 0.5591
259.0000 0.3592
260.0000 0.1391
261.0000 -0.0706
262.0000 -0.2405
263.0000 -0.3470
264.0000 -0.3754
265.0000 -0.3216
266.0000 -0.1932
267.0000 -0.0082
268.0000 0.2078
269.0000 0.4246
270.0000 0.6120
271.0000 0.7440
272.0000 0.8020
273.0000 0.7781
274.0000 0.6756
275.0000 0.5089
276.0000 0.3011
277.0000 0.0812
278.0000 -0.1201
279.0000 -0.2749
280.0000 -0.3614
281.0000 -0.3678
282.0000 -0.2931
283.0000 -0.1478
284.0000 0.0479
285.0000 0.2667
286.0000 0.4781
287.0000 0.6527
288.0000 0.7661
289.0000 0.8025
290.0000 0.7570
291.0000 0.6358
292.0000 0.4559
293.0000 0.2423
294.0000 0.0249
295.0000 -0.1662
296.0000 -0.3042
297.0000 -0.3700
298.0000 -0.3544
299.0000 -0.2596
300.0000 -0.0989
301.0000 0.1054
302.0000 0.3248
303.0000 0.5287
304.0000 0.6887
305.0000 0.7825
306.0000 0.7971
307.0000 0.7305
308.0000 0.5919
309.0000 0.4007
310.0000 0.1835
311.0000 -0.0293
312.0000 -0.2083
313.0000 -0.3283
314.0000 -0.3727
315.0000 -0.3354
316.0000 -0.2216
317.0000 -0.0471
318.0000 0.1638
319.0000 0.3816
320.0000 0.5760
321.0000 0.7199
322.0000 0.7933
323.0000 0.7860
324.0000 0.6990
325.0000 0.5444
326.0000 0.3439
327.0000 0.1253
328.0000 -0.0809
329.0000 -0.2459
330.0000 -0.3468
331.0000 -0.3696
332.0000 -0.3110
333.0000 -0.1793
334.0000 0.0071
335.0000 0.2224
336.0000 0.4364
337.0000 0.6194
338.0000 0.7459
339.0000 0.7982
340.0000 0.7692
341.0000 0.6628
342.0000 0.4939
343.0000 0.2860
344.0000 0.0682
345.0000 -0.1293
346.0000 -0.2788
347.0000 -0.3597
348.0000 -0.3606
349.0000 -0.2815
350.0000 -0.1333
351.0000 0.0632
352.0000 0.2807
353.0000 0.4888
354.0000 0.6586
355.0000 0.7664
356.0000 0.7973
357.0000 0.7468
358.0000 0.6222
359.0000 0.4407
360.0000 0.2277
361.0000 0.0128
362.0000 -0.1740
363.0000 -0.3067
364.0000 -0.3668
365.0000 -0.3460
366.0000 -0.2471
367.0000 -0.0841
368.0000 0.1205
369.0000 0.3380
370.0000 0.5383
371.0000 0.6932
372.0000 0.7814
373.0000 0.7905
374.0000 0.7193
375.0000 0.5777
376.0000 0.3855
377.0000 0.1694
378.0000 -0.0404
379.0000 -0.2147
380.0000 -0.3293
381.0000 -0.3681
382.0000 -0.3258
383.0000 -0.2083
384.0000 -0.0320
385.0000 0.1785
386.0000 0.3940
387.0000 0.5843
388.0000 0.7229
389.0000 0.7907
390.0000 0.7780
391.0000 0.6868
392.0000 0.5298
393.0000 0.3288
394.0000 0.1118
395.0000 -0.0908
396.0000 -0.2510
397.0000 -0.3463
398.0000 -0.3635
399.0000 -0.3003
400.0000 -0.1654
401.0000 0.0223
402.0000 0.2367
403.0000 0.4478
404.0000 0.6264
405.0000 0.7474
406.0000 0.7941
407.0000 0.7600
408.0000 0.6498
409.0000 0.4789
410.0000 0.2712
411.0000 0.0555
412.0000 -0.1380
413.0000 -0.2824
414.0000 -0.3577
415.0000 -0.3532
416.0000 -0.2697
417.0000 -0.1189
418.0000 0.0783
419.0000 0.2944
420.0000 0.4992
421.0000 0.6642
422.0000 0.7665
423.0000 0.7917
424.0000 0.7365
425.0000 0.6085
426.0000 0.4256
427.0000 0.2132
428.0000 0.0010
429.0000 -0.1815
430.0000 -0.3088
431.0000 -0.3633
432.0000 -0.3373
433.0000 -0.2345
434.0000 -0.0693
435.0000 0.1354
436.0000 0.3510
437.0000 0.5474
438.0000 0.6974
439.0000 0.7799
440.0000 0.7836
441.0000 0.7080
442.0000 0.5635
443.0000 0.3704
444.0000 0.1555
445.0000 -0.0511
446.0000 -0.2208
447.0000 -0.3298
448.0000 -0.3631
449.0000 -0.3159
450.0000 -0.1949
451.0000 -0.0170
452.0000 0.1931
453.0000 0.4060
454.0000 0.5922
455.0000 0.7256
456.0000 0.7877
457.0000 0.7698
458.0000 0.6746
459.0000 0.5152
460.0000 0.3138
461.0000 0.0986
462.0000 -0.1004
463.0000 -0.2556
464.0000 -0.3454
465.0000 -0.3572
466.0000 -0.2893
467.0000 -0.1514
468.0000 0.0374
469.0000 0.2507
470.0000 0.4589
471.0000 0.6329
472.0000 0.7486
473.0000 0.7897
474.0000 0.7506
475.0000 0.6367
476.0000 0.4640
477.0000 0.2565
478.0000 0.0431
479.0000 -0.1464
480.0000 -0.2856
481.0000 -0.3552
482.0000 -0.3455
483.0000 -0.2579
484.0000 -0.1045
485.0000 0.0933
486.0000 0.3078
487.0000 0.5092
488.0000 0.6694
489.0000 0.7661
490.0000 0.7859
491.0000 0.7260
492.0000 0.5948
493.0000 0.4106
494.0000 0.1990
495.0000 -0.0104
496.0000 -0.1885
497.0000 -0.3105
498.0000 -0.3594
499.0000 -0.3284
500.0000 -0.2218
501.0000 -0.0545
502.0000 0.1501
503.0000 0.3636
504.0000 0.5562
505.0000 0.7011
506.0000 0.7781
507.0000 0.7765
508.0000 0.6965
509.0000 0.5493
510.0000 0.3554
