1.0000 0.0000
2.0000 0.0000
3.0000 0.0000
4.0000 0.0000
5.0000 0.0000
6.0000 0.0000
7.0000 0.0000
8.0000 0.0000
9.0000 0.0000
10.0000 2.2022
11.0000 2.2566
12.0000 2.3109
13.0000 2.3653
14.0000 2.4197
15.0000 2.0646
16.0000 1.7075
17.0000 1.3483
18.0000 0.9868
19.0000 0.6228
20.0000 0.3324
21.0000 0.1144
22.0000 -0.0326
23.0000 -0.1094
24.0000 -0.1173
25.0000 -0.0712
26.0000 0.0144
27.0000 0.1255
28.0000 0.2484
29.0000 0.3704
30.0000 0.4813
31.0000 0.5741
32.0000 0.6446
33.0000 0.6909
34.0000 0.7137
35.0000 0.7156
36.0000 0.7004
37.0000 0.6726
38.0000 0.6369
39.0000 0.5978
40.0000 0.5592
41.0000 0.5243
42.0000 0.4954
43.0000 0.4737
44.0000 0.4598
45.0000 0.4533
46.0000 0.4536
47.0000 0.4592
48.0000 0.4688
49.0000 0.4807
50.0000 0.4937
51.0000 0.5064
52.0000 0.5179
53.0000 0.5274
54.0000 0.5345
55.0000 0.5391
56.0000 0.5413
57.0000 0.5414
58.0000 0.5398
59.0000 0.5370
60.0000 0.5334
61.0000 0.5295
62.0000 0.5257
63.0000 0.5223
64.0000 0.5195
65.0000 0.5176
66.0000 0.5164
67.0000 0.5160
68.0000 0.5162
69.0000 0.5170
70.0000 0.5182
71.0000 0.5196
72.0000 0.5210
73.0000 0.5225
74.0000 0.5238
75.0000 0.5248
76.0000 0.5256
77.0000 0.5262
78.0000 0.5265
79.0000 0.5266
80.0000 0.5265
81.0000 0.5263
82.0000 0.5260
83.0000 0.5257
84.0000 0.5254
85.0000 0.5252
86.0000 0.5250
87.0000 0.5249
88.0000 0.5249
89.0000 0.5250
90.0000 0.5251
91.0000 0.5252
92.0000 0.5255
93.0000 0.5257
94.0000 0.5259
95.0000 0.5261
96.0000 0.5263
97.0000 0.5265
98.0000 0.5267
99.0000 0.5268
100.0000 0.5269
101.0000 0.5270
102.0000 0.5270
103.0000 0.5271
104.0000 0.5271
105.0000 0.5271
106.0000 0.5272
107.0000 0.5272
108.0000 0.5272
109.0000 0.5273
110.0000 0.5273
111.0000 0.5274
112.0000 0.5275
113.0000 0.5275
114.0000 0.5276
115.0000 0.5277
116.0000 0.5277
117.0000 0.5278
118.0000 0.5279
119.0000 0.5279
120.0000 0.5280
121.0000 0.5281
122.0000 0.5281
123.0000 0.5282
124.0000 0.5282
125.0000 0.5282
126.0000 0.5283
127.0000 0.5283
128.0000 0.5284
129.0000 0.5284
130.0000 0.5284
131.0000 0.5285
132.0000 0.5285
133.0000 0.5286
134.0000 0.5286
135.0000 0.5286
136.0000 0.5287
137.0000 0.5287
138.0000 0.5287
139.0000 0.5288
140.0000 0.5288
141.0000 0.5289
142.0000 0.5289
143.0000 0.5289
144.0000 0.5289
145.0000 0.5290
146.0000 0.5290
147.0000 0.5290
148.0000 0.5291
149.0000 0.5291
150.0000 0.5291
151.0000 0.5291
152.0000 0.5292
153.0000 0.5292
154.0000 0.5292
155.0000 0.5292
156.0000 0.5293
157.0000 0.5293
158.0000 0.5293
159.0000 0.5293
160.0000 0.5294
161.0000 0.5294
162.0000 0.5294
163.0000 0.5294
164.0000 0.5294
165.0000 0.5295
166.0000 0.5295
167.0000 0.5295
168.0000 0.5295
169.0000 0.5295
170.0000 0.5295
171.0000 0.5296
172.0000 0.5296
173.0000 0.5296
174.0000 0.5296
175.0000 0.5296
176.0000 0.5296
177.0000 0.5297
178.0000 0.5297
179.0000 0.5297
180.0000 0.5297
181.0000 0.5297
182.0000 0.5297
183.0000 0.5297
184.0000 0.5297
185.0000 0.5298
186.0000 0.5298
187.0000 0.5298
188.0000 0.5298
189.0000 0.5298
190.0000 0.5298
191.0000 0.5298
192.0000 0.5298
193.0000 0.5298
194.0000 0.5299
195.0000 0.5299
196.0000 0.5299
197.0000 0.5299
198.0000 0.5299
199.0000 0.5299
200.0000 0.5299
201.0000 0.5299
202.0000 0.5299
203.0000 0.5299
204.0000 0.5299
205.0000 0.5300
206.0000 0.5300
207.0000 0.5300
208.0000 0.5300
209.0000 0.5300
210.0000 0.5300
211.0000 0.5300
212.0000 0.5300
213.0000 0.5300
214.0000 0.5300
215.0000 0.5300
216.0000 0.5300
217.0000 0.5300
218.0000 0.5300
219.0000 0.5300
220.0000 0.5301
221.0000 0.5301
222.0000 0.5301
223.0000 0.5301
224.0000 0.5301
225.0000 0.5301
226.0000 0.5301
227.0000 0.5301
228.0000 0.5301
229.0000 0.5301
230.0000 0.5301
231.0000 0.5301
232.0000 0.5301
233.0000 0.5301
234.0000 0.5301
235.0000 0.5301
236.0000 0.5301
237.0000 0.5301
238.0000 0.5301
239.0000 0.5301
240.0000 0.5301
241.0000 0.5301
242.0000 0.5301
243.0000 0.5302
244.0000 0.5302
245.0000 0.5302
246.0000 0.5302
247.0000 0.5302
248.0000 0.5302
249.0000 0.5302
250.0000 0.5302
251.0000 0.5302
252.0000 0.5302
253.0000 0.5302
254.0000 0.5302
255.0000 0.5302
256.0000 0.5302
257.0000 0.5302
258.0000 0.5302
259.0000 0.5302
260.0000 0.5302
261.0000 0.5302
262.0000 0.5302
263.0000 0.5302
264.0000 0.5302
265.0000 0.5302
266.0000 0.5302
267.0000 0.5302
268.0000 0.5302
269.0000 0.5302
270.0000 0.5302
271.0000 0.5302
272.0000 0.5302
273.0000 0.5302
274.0000 0.5302
275.0000 0.5302
276.0000 0.5302
277.0000 0.5302
278.0000 0.5302
279.0000 0.5302
280.0000 0.5302
281.0000 0.5302
282.0000 0.5302
283.0000 0.5302
284.0000 0.5302
285.0000 0.5302
286.0000 0.5302
287.0000 0.5302
288.0000 0.5302
289.0000 0.5302
290.0000 0.5302
291.0000 0.5302
292.0000 0.5302
293.0000 0.5302
294.0000 0.5302
295.0000 0.5303
296.0000 0.5303
297.0000 0.5303
298.0000 0.5303
299.0000 0.5303
300.0000 0.5303
301.0000 0.5303
302.0000 0.5303
303.0000 0.5303
304.0000 0.5303
305.0000 0.5303
306.0000 0.5303
307.0000 0.5303
308.0000 0.5303
309.0000 0.5303
310.0000 0.5303
311.0000 0.5303
312.0000 0.5303
313.0000 0.5303
314.0000 0.5303
315.0000 0.5303
316.0000 0.5303
317.0000 0.5303
318.0000 0.5303
319.0000 0.5303
320.0000 0.5303
321.0000 0.5303
322.0000 0.5303
323.0000 0.5303
324.0000 0.5303
325.0000 0.5303
326.0000 0.5303
327.0000 0.5303
328.0000 0.5303
329.0000 0.5303
330.0000 0.5303
331.0000 0.5303
332.0000 0.5303
333.0000 0.5303
334.0000 0.5303
335.0000 0.5303
336.0000 0.5303
337.0000 0.5303
338.0000 0.5303
339.0000 0.5303
340.0000 0.5303
341.0000 0.5303
342.0000 0.5303
343.0000 0.5303
344.0000 0.5303
345.0000 0.5303
346.0000 0.5303
347.0000 0.5303
348.0000 0.5303
349.0000 0.5303
350.0000 0.5303
351.0000 0.5303
352.0000 0.5303
353.0000 0.5303
354.0000 0.5303
355.0000 0.5303
356.0000 0.5303
357.0000 0.5303
358.0000 0.5303
359.0000 0.5303
360.0000 0.5303
361.0000 0.5303
362.0000 0.5303
363.0000 0.5303
364.0000 0.5303
365.0000 0.5303
366.0000 0.5303
367.0000 0.5303
368.0000 0.5303
369.0000 0.5303
370.0000 0.5303
371.0000 0.5303
372.0000 0.5303
373.0000 0.5303
374.0000 0.5303
375.0000 0.5303
376.0000 0.5303
377.0000 0.5303
378.0000 0.5303
379.0000 0.5303
380.0000 0.5303
381.0000 0.5303
382.0000 0.5303
383.0000 0.5303
384.0000 0.5303
385.0000 0.5303
386.0000 0.5303
387.0000 0.5303
388.0000 0.5303
389.0000 0.5303
390.0000 0.5303
391.0000 0.5303
392.0000 0.5303
393.0000 0.5303
394.0000 0.5303
395.0000 0.5303
396.0000 0.5303
397.0000 0.5303
398.0000 0.5303
399.0000 0.5303
400.0000 0.5303
401.0000 0.5303
402.0000 0.5303
403.0000 0.5303
404.0000 0.5303
405.0000 0.5303
406.0000 0.5303
407.0000 0.5303
408.0000 0.5303
409.0000 0.5303
410.0000 0.5303
411.0000 0.5303
412.0000 0.5303
413.0000 0.5303
414.0000 0.5303
415.0000 0.5303
416.0000 0.5303
417.0000 0.5303
418.0000 0.5303
419.0000 0.5303
420.0000 0.5303
421.0000 0.5303
422.0000 0.5303
423.0000 0.5303
424.0000 0.5303
425.0000 0.5303
426.0000 0.5303
427.0000 0.5303
428.0000 0.5303
429.0000 0.5303
430.0000 0.5303
431.0000 0.5303
432.0000 0.5303
433.0000 0.5303
434.0000 0.5303
435.0000 0.5303
436.0000 0.5303
437.0000 0.5303
438.0000 0.5303
439.0000 0.5303
440.0000 0.5303
441.0000 0.5303
442.0000 0.5303
443.0000 0.5303
444.0000 0.5303
445.0000 0.5303
446.0000 0.5303
447.0000 0.5303
448.0000 0.5303
449.0000 0.5303
450.0000 0.5303
451.0000 0.5303
452.0000 0.5303
453.0000 0.5303
454.0000 0.5303
455.0000 0.5303
456.0000 0.5303
457.0000 0.5303
458.0000 0.5303
459.0000 0.5303
460.0000 0.5303
461.0000 0.5303
462.0000 0.5303
463.0000 0.5303
464.0000 0.5303
465.0000 0.5303
466.0000 0.5303
467.0000 0.5303
468.0000 0.5303
469.0000 0.5303
470.0000 0.5303
471.0000 0.5303
472.0000 0.5303
473.0000 0.5303
474.0000 0.5303
475.0000 0.5303
476.0000 0.5303
477.0000 0.5303
478.0000 0.5303
479.0000 0.5303
480.0000 0.5303
481.0000 0.5303
482.0000 0.5303
483.0000 0.5303
484.0000 0.5303
485.0000 0.5303
486.0000 0.5303
487.0000 0.5303
488.0000 0.5303
489.0000 0.5303
490.0000 0.5303
491.0000 0.5303
492.0000 0.5303
493.0000 0.5303
494.0000 0.5303
495.0000 0.5303
496.0000 0.5303
497.0000 0.5303
498.0000 0.5303
499.0000 0.5303
500.0000 0.5303
501.0000 0.5303
502.0000 0.5303
503.0000 0.5303
504.0000 0.5303
505.0000 0.5303
506.0000 0.5303
507.0000 0.5303
508.0000 0.5303
509.0000 0.5303
510.0000 0.5303
